Experiment Name: Custom-SimpleTwoPaths5
Method Used: PathFollowingLowerNumberOfPaths
Run Number: 1
Preparation Time: 0.0002ms
Pathfinding Time: 5.1983ms
Finish Time: 105.602ms
Finish Time 90%: 100.3219ms
Repaths: 0
Soft Repaths: 0

Gates Data:
2:[20,[9.53326,19.06333,0,[87.99929,88.61942]]],[6,[9.719156,19.40955,0,[88.99929,87.13152]]],[21,[9.944841,19.83076,0,[88.63364,87.99929]]],[38,[9.521264,18.9493,0,[87.99929,89.86676]]],[39,[10.29277,20.51296,0,[87.99928,88.69891]]],[7,[10.61192,21.00623,0,[88.99931,85.94859]]],[22,[10.4972,20.78675,0,[88.99928,87.31225]]],[40,[10.81676,21.50578,0,[88.36717,87.9993]]],[57,[10.07348,19.43818,0,[87.99931,90.42252]]],[58,[10.90255,21.00301,0,[87.9993,89.16987]]],[23,[11.25261,22.0853,0,[88.99929,87.06866]]],[56,[9.18224,17.94671,0,[87.9993,91.33352]]],[0,[11.36451,22.01219,0,[88.99929,85.7974]]],[59,[11.40824,22.31995,0,[88.36451,87.99928]]],[41,[11.85793,22.64838,0,[88.9993,87.27033]]],[8,[12.18981,22.84131,0,[88.99929,85.79074]]],[60,[12.07766,23.52617,0,[88.15955,87.99928]]],[81,[11.44552,22.40022,0,[87.99929,89.35749]]],[79,[10.54299,19.90718,0,[87.99931,90.90524]]],[103,[12.02596,23.23897,0,[87.99928,89.53236]]],[82,[12.67726,24.40289,0,[88.05013,87.99928]]],[61,[12.55587,24.06079,0,[88.99931,87.36706]]],[80,[11.13842,20.51224,0,[87.9993,91.01336]]],[42,[12.86872,24.32809,0,[88.9993,85.88463]]],[83,[12.80016,24.31141,0,[87.99929,89.04561]]],[62,[12.94686,24.54969,0,[88.92857,87.99929]]],[105,[13.5072,25.41667,0,[87.9993,88.70316]]],[78,[11.90869,19.70682,0,[87.9993,90.89957]]],[84,[13.5544,25.30748,0,[88.94328,87.9993]]],[9,[13.47788,23.10939,0,[88.99928,86.19217]]],[104,[12.69141,23.47567,0,[87.99931,90.51308]]],[43,[14.00094,24.86019,0,[88.99931,86.41737]]],[106,[14.44098,26.81104,0,[88.01239,87.99928]]],[125,[13.78734,24.96757,0,[87.99931,89.54958]]],[107,[14.35347,27.25646,0,[88.9993,87.42712]]],[128,[14.74822,27.7744,0,[87.9993,88.61386]]],[108,[14.84326,27.78865,0,[88.98758,87.9993]]],[85,[14.76587,27.56561,0,[88.9993,85.85093]]],[102,[13.05537,21.41055,0,[87.99929,91.12034]]],[126,[13.94242,24.78199,0,[87.99931,90.60843]]],[25,[15.23223,24.90085,0,[88.99928,86.34598]]],[144,[14.79553,26.57666,0,[87.99931,89.66565]]],[127,[15.53846,27.50349,0,[87.9993,88.201]]],[63,[15.64917,25.94003,0,[88.9993,87.14469]]],[129,[15.8285,28.73346,0,[88.70399,87.99929]]],[145,[15.17628,27.04284,0,[87.99929,90.12778]]],[146,[15.93894,28.49553,0,[87.99929,88.87362]]],[124,[14.32703,22.87057,0,[87.9993,91.29277]]],[24,[15.99775,24.1614,0,[88.99931,85.64646]]],[147,[16.63227,30.00569,0,[88.1291,87.99929]]],[86,[16.42263,27.71913,0,[88.99929,87.11308]]],[10,[16.59786,24.93112,0,[88.9993,85.78886]]],[161,[15.87986,27.3213,0,[87.99928,90.3146]]],[162,[16.66829,28.68969,0,[87.99929,89.10923]]],[109,[16.85366,29.42838,0,[88.9993,87.44701]]],[143,[15.09932,24.88642,0,[87.99929,91.33763]]],[163,[17.25189,30.25093,0,[88.28068,87.99929]]],[64,[17.4666,27.96001,0,[88.99931,85.84364]]],[88,[17.58824,30.46694,0,[88.99931,87.04379]]],[130,[17.8344,30.48796,0,[88.24444,87.99931]]],[179,[17.17441,30.00561,0,[87.99927,89.3521]]],[89,[18.14296,31.28356,0,[88.99929,87.19704]]],[173,[16.34324,27.56197,0,[87.99927,90.87868]]],[186,[17.64705,30.04101,0,[87.9993,89.66715]]],[164,[18.4106,31.29429,0,[87.99929,88.27714]]],[110,[18.42187,30.58607,0,[88.99929,87.83694]]],[172,[16.88729,26.97364,0,[87.99929,91.16877]]],[174,[18.41541,29.76962,0,[87.99929,89.41732]]],[87,[18.42711,29.85634,0,[88.9993,85.7434]]],[178,[17.65378,27.93406,0,[87.99928,90.99136]]],[180,[19.20854,32.37875,0,[88.15408,87.99929]]],[65,[19.18916,29.46268,0,[88.9993,85.87817]]],[148,[19.20543,31.82158,0,[88.99929,86.96713]]],[187,[19.10503,31.15018,0,[87.99928,89.36915]]],[90,[19.61084,32.47728,0,[88.99929,87.3603]]],[112,[19.8627,33.4033,0,[88.15372,87.9993]]],[201,[18.38058,29.76337,0,[87.99929,90.94161]]],[111,[19.71426,32.41652,0,[87.99929,89.26427]]],[1,[20.11795,24.22214,0,[88.9993,85.77657]]],[132,[20.15881,33.91161,0,[88.9375,87.9993]]],[68,[20.55238,32.62035,0,[88.99931,86.42244]]],[189,[20.57081,33.63283,0,[87.9993,88.51904]]],[47,[20.91155,31.33038,0,[88.99929,87.39375]]],[113,[21.21534,34.02402,0,[88.13629,87.99931]]],[188,[19.8744,31.22814,0,[87.99928,90.26917]]],[202,[19.05423,30.56783,0,[87.99929,91.02372]]],[204,[20.69166,33.25002,0,[87.99928,89.5821]]],[67,[21.29202,31.76204,0,[88.9993,85.881]]],[91,[21.54964,33.06174,0,[88.99929,87.35507]]],[66,[21.92078,30.42236,0,[88.99929,85.85297]]],[131,[21.7979,34.12926,0,[88.06033,87.99929]]],[221,[21.27726,33.66661,0,[87.99929,89.52558]]],[123,[19.95535,22.64445,0,[87.99929,91.26746]]],[190,[22.33186,34.86826,0,[87.99929,88.12739]]],[185,[21.77378,30.12987,0,[87.99928,89.69004]]],[150,[22.10254,35.01848,0,[88.99929,87.44446]]],[149,[22.46179,34.48684,0,[88.92728,87.99931]]],[203,[20.69823,31.24861,0,[87.99928,91.1236]]],[205,[22.52057,34.40962,0,[87.99928,89.13371]]],[142,[21.36301,25.71307,0,[87.99929,91.19802]]],[29,[22.61441,31.97119,0,[88.99929,85.86077]]],[206,[23.34645,36.27115,0,[88.02657,87.9993]]],[114,[23.07655,35.4792,0,[88.99931,86.31163]]],[133,[23.21259,35.60631,0,[88.99929,87.38096]]],[223,[22.95055,35.03497,0,[87.99929,89.57424]]],[165,[23.89747,36.69086,0,[87.99929,88.10159]]],[166,[23.71661,37.31966,0,[88.99929,87.5184]]],[222,[23.56173,34.30038,0,[87.99929,89.62466]]],[219,[22.12127,31.38112,0,[87.99927,90.881]]],[224,[24.50299,37.65167,0,[87.9993,88.02481]]],[69,[23.82297,33.7405,0,[88.99929,85.80694]]],[151,[24.29411,36.47864,0,[88.9993,87.44592]]],[184,[22.71911,28.80613,0,[87.9993,91.10773]]],[92,[24.41045,35.28548,0,[88.99928,85.90247]]],[242,[24.25425,35.64273,0,[87.9993,89.50832]]],[152,[24.84926,36.93772,0,[88.99929,87.44012]]],[191,[25.1539,38.5771,0,[87.99931,88.02211]]],[243,[24.91991,36.391,0,[87.99929,89.43683]]],[134,[25.08033,37.51281,0,[88.99929,85.85384]]],[220,[23.42418,32.13411,0,[87.9993,91.08894]]],[153,[25.35464,37.80402,0,[88.99931,87.61886]]],[200,[24.10669,30.09775,0,[87.99931,91.00044]]],[115,[25.70866,36.89999,0,[88.99928,85.9598]]],[207,[25.89503,38.65448,0,[87.99931,88.02531]]],[264,[25.46721,36.63387,0,[87.99931,89.61715]]],[70,[26.04647,34.32945,0,[88.99928,87.4267]]],[167,[26.50702,38.04142,0,[88.10159,87.9993]]],[241,[24.71553,33.5583,0,[87.99931,91.10333]]],[48,[26.32934,33.39413,0,[88.99928,85.95887]]],[244,[26.05456,37.45188,0,[87.99929,89.56458]]],[93,[26.73363,35.52398,0,[88.9993,87.3358]]],[265,[26.78258,38.00721,0,[87.99929,88.98231]]],[44,[27.04526,26.94594,0,[88.99928,85.86499]]],[208,[27.0487,38.87196,0,[88.58556,87.9993]]],[238,[25.5266,32.74027,0,[87.99928,91.119]]],[199,[26.28478,30.31207,0,[87.99928,90.88464]]],[225,[27.0933,38.09516,0,[87.99929,89.59769]]],[175,[27.65655,38.92617,0,[88.99928,86.21178]]],[192,[27.80959,39.10316,0,[87.99929,88.11856]]],[135,[27.61079,37.42362,0,[88.99928,87.50452]]],[168,[28.2362,38.80222,0,[88.99929,87.55843]]],[226,[28.36483,39.54633,0,[87.9993,88.19257]]],[45,[28.40714,29.20511,0,[88.99931,85.97526]]],[245,[27.71548,38.04716,0,[87.9993,89.78485]]],[239,[26.89837,33.30138,0,[87.99931,91.12193]]],[210,[28.96923,40.95668,0,[88.07034,87.9993]]],[246,[28.47807,38.95342,0,[87.99929,89.51104]]],[116,[28.88079,37.48356,0,[88.99928,87.35111]]],[198,[27.76418,29.98401,0,[87.9993,91.04286]]],[49,[29.06921,34.74384,0,[88.9993,85.9118]]],[181,[29.55278,39.81201,0,[87.99929,88.01469]]],[94,[29.4141,36.73199,0,[88.99929,87.42297]]],[71,[29.77594,36.58593,0,[88.99928,85.83501]]],[209,[29.02507,39.09407,0,[87.99929,89.62641]]],[154,[29.803,38.64851,0,[88.91512,87.99931]]],[228,[29.81878,41.09155,0,[87.99928,88.88206]]],[27,[30.27996,29.66234,0,[88.99931,86.29839]]],[240,[28.39673,33.80707,0,[87.99929,91.17188]]],[269,[30.71472,41.91237,0,[88.00448,87.99929]]],[176,[30.57798,39.73241,0,[88.99929,87.40599]]],[261,[30.10827,36.38372,0,[87.99928,89.605]]],[286,[29.23964,37.01567,0,[87.99931,90.85076]]],[50,[30.98773,36.00613,0,[88.9993,85.84641]]],[268,[31.22149,41.83975,0,[87.99929,88.13515]]],[262,[30.73457,36.70893,0,[87.9993,89.7298]]],[270,[31.11446,42.31437,0,[88.99929,87.5571]]],[218,[29.90131,32.48065,0,[87.99928,91.11757]]],[292,[31.69362,43.40761,0,[87.99928,88.37609]]],[193,[31.63662,39.87652,0,[88.99929,87.75708]]],[117,[31.58206,39.17499,0,[88.99931,85.92883]]],[217,[30.65024,31.81114,0,[87.99931,91.12875]]],[263,[31.43667,37.33194,0,[87.99928,89.84345]]],[72,[32.14088,37.186,0,[88.99929,86.0506]]],[247,[32.33333,40.82195,0,[87.99931,88.28226]]],[169,[32.29631,39.87344,0,[88.99931,87.7422]]],[291,[32.20951,42.15466,0,[87.9993,89.62514]]],[271,[33.06195,43.44978,0,[87.99929,88.17548]]],[248,[32.92942,41.29382,0,[88.9993,87.6007]]],[136,[32.70403,39.76258,0,[88.9993,86.11343]]],[237,[31.49772,34.18993,0,[87.99929,91.159]]],[95,[33.30783,38.79472,0,[88.9993,86.05597]]],[249,[33.70868,42.6073,0,[88.08211,87.99929]]],[285,[32.90974,38.69832,0,[87.99929,89.5834]]],[155,[33.58974,40.28394,0,[88.99929,87.35387]]],[293,[33.54319,43.66467,0,[87.99928,89.33313]]],[236,[32.22266,33.54998,0,[87.99929,91.09373]]],[194,[34.17591,41.41101,0,[88.99928,87.39526]]],[294,[34.38671,45.30869,0,[88.05019,87.9993]]],[137,[33.9491,40.66147,0,[88.99928,85.86441]]],[283,[32.97855,36.69725,0,[87.99929,90.97752]]],[30,[34.56898,33.43285,0,[88.99929,85.88412]]],[312,[34.04084,44.91108,0,[87.99929,89.49915]]],[250,[34.93314,43.55111,0,[88.08971,87.99929]]],[118,[34.82881,39.59663,0,[88.9993,87.3399]]],[314,[34.59267,46.28807,0,[87.99928,89.51945]]],[260,[33.56638,35.46972,0,[87.9993,91.07464]]],[227,[35.53098,41.19724,0,[87.99928,88.04148]]],[182,[35.38347,41.20968,0,[88.99929,87.46674]]],[51,[35.21274,37.88675,0,[88.99929,85.83463]]],[266,[35.15078,40.41082,0,[87.99928,89.60448]]],[31,[35.88673,34.88538,0,[88.99929,85.90063]]],[272,[36.10181,44.4823,0,[87.99929,88.06651]]],[284,[34.20071,37.04478,0,[87.99931,91.10819]]],[211,[35.93819,42.30284,0,[88.9993,87.45421]]],[287,[35.73808,40.6705,0,[87.9993,89.5966]]],[229,[36.53857,43.08546,0,[88.35243,87.9993]]],[138,[36.64649,41.39354,0,[88.99929,87.08475]]],[73,[36.59573,38.95467,0,[88.99928,85.86756]]],[295,[36.47273,45.74342,0,[87.99929,89.0972]]],[282,[35.48267,36.37597,0,[87.9993,91.12045]]],[305,[34.85635,37.979,0,[87.99929,91.15504]]],[195,[36.96658,42.57922,0,[88.9993,87.75677]]],[26,[37.38851,28.85153,0,[88.99928,85.69037]]],[273,[37.27832,45.71143,0,[87.9993,88.27914]]],[306,[37.08192,40.18918,0,[87.9993,89.63992]]],[251,[37.90923,45.45232,0,[88.0102,87.99929]]],[119,[37.71373,41.33974,0,[88.9993,87.43365]]],[258,[36.22346,35.90611,0,[87.99928,90.48937]]],[96,[37.81172,40.40606,0,[88.99932,86.10286]]],[212,[38.28882,43.55341,0,[88.9993,87.41807]]],[259,[36.45239,34.73405,0,[87.99931,91.25779]]],[267,[37.71483,42.17924,0,[87.99931,89.50574]]],[274,[38.4617,46.69809,0,[88.00714,87.99929]]],[32,[38.4884,36.63993,0,[88.99928,85.8738]]],[307,[38.31442,41.68502,0,[87.99929,89.54325]]],[313,[39.00497,47.18839,0,[88.04594,87.99929]]],[230,[38.87453,44.98244,0,[88.99929,87.3727]]],[160,[37.74607,29.80139,0,[87.99928,91.10443]]],[303,[37.11328,38.07701,0,[87.99931,91.10942]]],[290,[39.17698,44.73792,0,[87.9993,88.86445]]],[296,[39.20143,47.3926,0,[88.99929,87.94156]]],[52,[39.10691,39.7392,0,[88.99929,85.8446]]],[177,[39.64368,42.88174,0,[88.99927,86.01492]]],[331,[40.06356,48.99009,0,[87.99929,88.07742]]],[310,[39.44535,46.00284,0,[87.99928,89.68517]]],[213,[39.95852,45.87303,0,[88.99928,87.50815]]],[304,[38.53142,39.15506,0,[87.99931,90.63321]]],[311,[40.15676,46.55573,0,[87.99929,89.11779]]],[315,[40.58105,49.41655,0,[88.38145,87.99929]]],[74,[40.66355,40.3975,0,[88.99929,87.04955]]],[231,[40.17326,46.61266,0,[88.9993,86.12524]]],[33,[40.92051,38.15544,0,[88.99929,85.64629]]],[308,[40.59695,43.50023,0,[87.99929,89.40625]]],[324,[39.67867,41.12572,0,[87.99931,90.8457]]],[235,[38.87796,35.37712,0,[87.9993,91.24141]]],[333,[41.31316,50.55732,0,[88.03379,87.9993]]],[170,[41.11258,42.75489,0,[88.99929,87.39678]]],[281,[41.0055,39.34715,0,[87.99931,89.76566]]],[328,[41.85296,48.7859,0,[87.9993,88.09212]]],[183,[41.70018,44.80034,0,[88.99929,87.44958]]],[280,[40.18464,37.54899,0,[87.99929,91.14935]]],[53,[41.62359,40.62349,0,[88.9993,85.8239]]],[297,[42.08466,47.60543,0,[88.99929,87.93065]]],[97,[42.3058,42.49215,0,[88.99929,85.86855]]],[349,[42.40042,53.1489,0,[87.99931,88.47505]]],[323,[41.6086,43.68903,0,[87.99928,89.6488]]],[156,[42.77242,44.86171,0,[88.99929,86.30464]]],[214,[42.82402,48.41648,0,[88.99928,87.51424]]],[232,[43.08179,49.40882,0,[87.9993,88.0603]]],[332,[42.51775,49.1867,0,[87.9993,89.62836]]],[322,[41.70209,41.94788,0,[87.99926,90.72392]]],[255,[43.34394,52.29255,0,[88.68659,87.99929]]],[321,[40.9226,39.32303,0,[87.99931,91.25397]]],[348,[43.26178,53.9397,0,[87.99928,89.10548]]],[54,[43.59804,41.94294,0,[88.99929,86.68874]]],[301,[42.06246,39.71334,0,[87.9993,91.23822]]],[13,[43.55522,35.49938,0,[88.99931,85.65388]]],[317,[44.10438,51.69001,0,[87.99928,88.01907]]],[75,[43.94962,42.05486,0,[88.99929,87.20471]]],[120,[44.21904,44.29544,0,[88.99929,87.85774]]],[34,[44.4381,39.39613,0,[88.9993,85.63728]]],[346,[43.61953,50.90082,0,[87.99928,89.67849]]],[347,[44.38227,52.19476,0,[87.99928,88.84232]]],[252,[44.87744,47.40288,0,[88.39176,87.99931]]],[35,[45.02397,41.64431,0,[88.99928,85.93601]]],[121,[45.06746,46.08432,0,[88.99928,87.0144]]],[325,[42.79124,44.21424,0,[87.99929,90.74026]]],[354,[44.85502,54.59227,0,[87.99928,89.19357]]],[330,[44.05305,51.80021,0,[87.99929,90.49191]]],[316,[45.47951,51.36408,0,[88.26472,87.99929]]],[326,[43.25874,45.63525,0,[87.9993,91.18528]]],[171,[45.57104,47.11184,0,[88.9993,87.16559]]],[334,[45.87114,52.41093,0,[87.99931,88.52769]]],[15,[45.90887,37.33705,0,[88.9993,85.67045]]],[139,[45.94307,45.88677,0,[88.9993,87.63311]]],[344,[45.07364,50.52965,0,[87.9993,89.96074]]],[275,[46.49434,48.61563,0,[88.19196,87.99928]]],[329,[45.80146,51.46872,0,[87.9993,89.79871]]],[16,[46.50311,39.90929,0,[88.9993,85.95011]]],[288,[44.25632,44.41093,0,[87.99931,91.36391]]],[98,[46.67756,44.53382,0,[88.99931,87.25295]]],[353,[46.56433,56.4599,0,[87.99929,89.03641]]],[253,[46.93226,49.44667,0,[88.55943,87.99928]]],[340,[45.7997,45.31568,0,[87.99931,91.13652]]],[309,[47.35883,52.08606,0,[87.9993,88.58886]]],[351,[46.59495,47.6824,0,[87.99928,90.11167]]],[298,[47.33807,51.60065,0,[88.99931,87.87215]]],[14,[47.23877,38.38981,0,[88.99929,85.67885]]],[196,[47.5584,50.87271,0,[88.9993,86.46616]]],[342,[45.05466,46.77797,0,[87.9993,91.24666]]],[337,[47.33707,50.01809,0,[87.99931,89.79807]]],[335,[48.0776,54.09201,0,[88.14501,87.9993]]],[76,[48.08823,46.49747,0,[88.99928,87.13938]]],[355,[48.05831,55.49436,0,[87.9993,89.2186]]],[276,[48.77361,51.9367,0,[88.09811,87.99929]]],[254,[48.55725,50.69345,0,[88.99931,87.37505]]],[55,[48.33698,45.93907,0,[88.99928,85.73722]]],[302,[46.6158,41.35929,0,[87.99929,91.28519]]],[341,[47.49223,45.26277,0,[87.99928,90.929]]],[257,[48.54273,39.81896,0,[87.99929,89.49384]]],[18,[48.97426,43.54924,0,[88.99929,85.78999]]],[215,[49.13383,53.42009,0,[88.9993,87.44539]]],[345,[49.41245,57.42962,0,[87.9993,88.0102]]],[77,[49.58625,48.8998,0,[88.9993,85.84612]]],[233,[49.97045,54.02951,0,[87.99929,88.01831]]],[339,[49.06576,47.6834,0,[87.9993,89.60454]]],[197,[49.70869,52.0864,0,[88.9993,87.43144]]],[216,[48.0607,34.73305,0,[87.9993,91.08484]]],[289,[49.67685,54.32631,0,[87.99929,89.54379]]],[157,[50.23248,53.43586,0,[88.99929,87.52808]]],[299,[50.57722,54.44761,0,[87.99929,88.03926]]],[17,[50.19397,42.09158,0,[88.9993,85.87907]]],[46,[50.86981,35.77136,0,[88.99929,85.90764]]],[336,[50.3452,53.76973,0,[87.99929,89.43516]]],[338,[48.72837,46.37082,0,[87.99929,91.10044]]],[352,[49.45356,51.1932,0,[87.9993,90.98497]]],[5,[50.87918,46.01069,0,[88.99929,87.26918]]],[277,[51.09817,54.2757,0,[88.27196,87.9993]]],[320,[50.82561,51.16646,0,[87.99929,89.74165]]],[300,[51.58558,49.17925,0,[87.9993,88.38132]]],[37,[51.70075,51.23594,0,[88.99931,86.72396]]],[2,[51.64473,28.89267,0,[88.99929,85.69242]]],[343,[51.61008,58.25171,0,[88.9993,87.93448]]],[279,[50.05103,40.81846,0,[87.99929,91.12328]]],[318,[52.27857,56.21432,0,[87.99929,88.10306]]],[158,[51.57614,41.48655,0,[87.99931,89.76582]]],[100,[50.77915,30.24452,0,[87.99929,91.1084]]],[99,[52.434,53.81701,0,[88.99929,87.05956]]],[3,[52.57355,41.63365,0,[88.99928,85.77031]]],[278,[52.38315,47.86216,0,[87.99931,89.14898]]],[327,[52.55613,60.48089,0,[88.77739,87.99929]]],[101,[51.73138,29.02728,0,[87.9993,90.97012]]],[350,[53.2824,52.14154,0,[87.99929,88.13215]]],[11,[53.34455,32.43306,0,[88.99929,85.98886]]],[234,[52.61516,41.16835,0,[87.99926,90.05086]]],[19,[53.34111,48.90657,0,[88.99927,87.14349]]],[36,[53.61005,48.8579,0,[88.92101,87.99928]]],[140,[53.56629,40.71293,0,[87.99931,88.98076]]],[159,[52.84442,33.39188,0,[87.99932,90.89075]]],[319,[54.47794,55.16966,0,[87.99931,88.14191]]],[28,[54.35641,38.27727,0,[88.99926,86.24446]]],[122,[53.75762,33.75245,0,[87.9993,90.20437]]],[4,[54.63605,45.42723,0,[88.99929,87.18555]]],[256,[55.19978,48.8269,0,[88.23947,87.9993]]],[141,[54.60378,36.08431,0,[87.99931,89.72685]]],[12,[55.57803,34.48167,0,[88.9993,86.8463]]]
0:[20,[44.84031,89.67561,0,[38.80304,37.99926]]],[6,[46.2935,92.50857,0,[38.99932,33.83712]]],[21,[45.9141,91.75397,0,[38.99932,35.96157]]],[38,[45.19009,90.21594,0,[37.99932,39.21936]]],[39,[45.60706,91.09792,0,[38.93512,37.99927]]],[7,[47.69255,94.87543,0,[38.99931,31.73197]]],[22,[47.19792,93.9883,0,[38.99931,33.90785]]],[40,[46.70368,93.227,0,[38.99932,36.00198]]],[57,[46.35052,91.549,0,[37.99932,38.58976]]],[58,[46.62374,92.17981,0,[38.99932,37.58716]]],[23,[48.30917,95.99913,0,[38.99931,32.77416]]],[56,[45.33819,89.39242,0,[37.99932,40.69469]]],[0,[48.90434,96.76077,0,[38.99931,30.48205]]],[59,[47.70157,94.6961,0,[38.99931,35.12487]]],[41,[48.86188,96.39238,0,[38.99931,33.16858]]],[8,[49.50222,97.30103,0,[38.99931,30.86459]]],[60,[47.59333,94.3593,0,[38.99932,37.09049]]],[81,[47.23694,93.7859,0,[37.99931,38.63007]]],[79,[46.39281,90.92933,0,[37.9993,40.91034]]],[103,[47.9594,94.93769,0,[38.26322,37.99927]]],[82,[48.61651,96.05681,0,[38.99932,35.80445]]],[61,[49.31848,97.46957,0,[38.99932,33.68954]]],[80,[47.37638,92.17679,0,[37.99932,39.95814]]],[42,[50.0811,98.44872,0,[38.99931,31.35687]]],[83,[48.38707,95.33344,0,[38.99932,37.70591]]],[62,[50.47654,99.36272,0,[38.99932,32.43332]]],[105,[49.47116,97.25027,0,[38.99932,36.20565]]],[78,[47.90928,90.88699,0,[37.99932,40.54313]]],[84,[50.50712,98.99789,0,[38.99932,33.85122]]],[9,[51.58055,98.94509,0,[38.99931,29.44887]]],[104,[49.0643,95.56216,0,[37.99932,38.7303]]],[43,[51.56939,99.57381,0,[38.99931,30.99767]]],[106,[50.49807,98.85326,0,[38.99932,35.2303]]],[125,[49.46708,96.16328,0,[38.97499,37.99926]]],[107,[51.56329,101.5215,0,[38.99932,32.6002]]],[128,[50.54285,99.29241,0,[38.99932,36.56324]]],[108,[51.67322,101.3715,0,[38.99932,34.04297]]],[85,[52.87117,103.2039,0,[38.99931,29.40572]]],[102,[49.13726,92.66067,0,[37.99932,40.8429]]],[126,[50.1815,96.85089,0,[37.99932,38.92954]]],[25,[52.70639,99.46169,0,[38.99931,31.17905]]],[144,[50.55569,97.93409,0,[38.8808,37.99926]]],[127,[51.4576,99.19216,0,[38.99932,35.90813]]],[63,[52.90194,100.2063,0,[38.99931,32.34932]]],[129,[52.56673,101.9827,0,[38.99932,34.26471]]],[145,[51.23334,99.01149,0,[37.99931,38.60813]]],[146,[51.54111,99.44066,0,[38.99932,37.66402]]],[124,[50.29338,94.32248,0,[37.99931,40.73802]]],[24,[54.10423,99.86166,0,[39.25272,28.99928]]],[147,[52.59854,101.7688,0,[38.99932,35.73301]]],[86,[53.73952,102.1055,0,[38.99931,32.2126]]],[10,[54.38631,100.0028,0,[38.99931,30.08421]]],[161,[52.14955,99.32119,0,[37.99932,38.68242]]],[162,[52.36657,99.79107,0,[38.99932,37.66178]]],[109,[53.73007,102.9137,0,[38.99931,33.64216]]],[143,[51.11598,96.395,0,[37.99931,40.69162]]],[163,[53.36363,102.2684,0,[38.99932,35.52317]]],[64,[55.04544,102.6884,0,[38.99931,30.50473]]],[88,[54.85428,104.66,0,[38.99932,32.32257]]],[130,[53.31729,101.3355,0,[38.99932,37.17707]]],[179,[53.00266,101.3792,0,[37.99931,38.71685]]],[89,[54.64779,104.1993,0,[38.99932,34.16539]]],[173,[52.14036,98.5765,0,[37.99932,40.97356]]],[186,[53.72401,101.8112,0,[38.33362,37.99927]]],[164,[54.34618,103.0111,0,[38.99932,35.93499]]],[110,[55.64204,104.7996,0,[38.99932,33.05628]]],[172,[53.07647,98.64893,0,[37.99931,40.21407]]],[174,[54.29564,101.2548,0,[38.99932,37.43578]]],[87,[56.57941,105.5079,0,[39.45988,28.99928]]],[178,[54.13483,100.3304,0,[37.99932,38.87148]]],[180,[55.35491,104.6155,0,[38.99932,35.08804]]],[65,[56.79683,104.4345,0,[38.99931,30.21078]]],[148,[56.66537,106.328,0,[38.99931,31.83804]]],[187,[54.91885,102.5956,0,[38.43885,37.99926]]],[90,[56.47987,105.8921,0,[38.99931,33.64193]]],[112,[55.54061,104.6552,0,[38.99932,36.45684]]],[201,[54.36758,101.2287,0,[37.99932,40.14241]]],[111,[55.55885,103.8847,0,[37.99932,38.42542]]],[1,[57.93116,99.1981,0,[38.99931,30.15803]]],[132,[56.65517,106.7872,0,[38.99932,34.95435]]],[68,[57.78286,106.6732,0,[38.99931,31.91698]]],[189,[56.05049,104.5561,0,[38.99932,37.3042]]],[47,[57.79552,105.0082,0,[38.99932,33.36018]]],[113,[57.12984,105.7707,0,[38.99932,35.75658]]],[188,[55.9631,102.8733,0,[37.99932,39.27189]]],[202,[54.96142,101.7566,0,[37.99932,41.0276]]],[204,[56.52213,104.8086,0,[38.58016,37.99926]]],[67,[59.19152,107.0675,0,[38.99931,29.97959]]],[91,[58.15747,106.1178,0,[38.99931,34.11977]]],[66,[58.9622,104.0754,0,[38.99931,31.84679]]],[131,[57.31556,105.0578,0,[38.99932,36.91484]]],[221,[57.12667,105.2513,0,[37.99931,38.75827]]],[123,[56.18973,94.09573,0,[37.99929,40.84279]]],[190,[58.4073,106.913,0,[38.99932,35.34918]]],[185,[57.55509,101.5809,0,[38.81956,37.99927]]],[150,[59.74693,109.9845,0,[38.99932,31.72193]]],[149,[59.51691,108.3752,0,[38.99932,33.60578]]],[203,[57.07852,102.9108,0,[37.99932,40.51029]]],[205,[58.38795,106.0033,0,[38.99932,37.01144]]],[142,[58.18114,98.57645,0,[37.99932,38.53569]]],[29,[60.66659,107.7186,0,[39.39469,28.99928]]],[206,[59.42882,108.3274,0,[38.99932,35.2373]]],[114,[60.95636,110.8626,0,[38.99931,30.09223]]],[133,[60.61584,110.3361,0,[38.99931,31.99808]]],[223,[58.87835,106.5373,0,[37.99931,38.66179]]],[165,[59.47438,107.7722,0,[38.99932,36.72261]]],[166,[60.50983,110.8227,0,[38.99932,33.68361]]],[222,[59.56532,106.0149,0,[38.40711,37.99927]]],[219,[58.10609,102.4995,0,[37.99931,41.01847]]],[224,[60.61095,109.7802,0,[38.99932,35.13181]]],[69,[61.93059,109.4093,0,[39.5472,28.99928]]],[151,[61.66544,111.1257,0,[38.99931,32.13667]]],[184,[59.13569,100.7245,0,[37.99932,39.74356]]],[92,[62.21,110.327,0,[38.99931,30.10715]]],[242,[60.133,107.2332,0,[38.99932,37.38116]]],[152,[61.73993,110.6055,0,[38.99932,33.39076]]],[191,[61.1568,110.3891,0,[38.99932,35.5611]]],[243,[60.68869,107.6489,0,[38.99932,37.79155]]],[134,[63.15064,113.1029,0,[38.99931,29.57612]]],[220,[59.47254,103.4533,0,[37.99931,40.78265]]],[153,[62.26409,111.3334,0,[38.99932,33.75034]]],[200,[60.56165,102.4367,0,[37.99932,38.91323]]],[115,[62.93156,110.9277,0,[38.99931,31.46685]]],[207,[61.71488,110.1715,0,[38.99932,35.97859]]],[264,[61.36649,108.1178,0,[38.66622,37.99926]]],[70,[63.55796,109.1217,0,[38.99931,31.9434]]],[167,[62.67973,110.2567,0,[38.99932,35.0887]]],[241,[60.87606,105.1993,0,[37.99932,40.12045]]],[48,[64.55106,109.4392,0,[39.0196,28.99928]]],[244,[62.05125,109.1931,0,[37.99932,38.44025]]],[93,[63.78599,109.4306,0,[38.99932,32.97005]]],[265,[62.5438,109.357,0,[38.99932,37.16623]]],[44,[64.67619,101.8155,0,[38.99931,30.31444]]],[208,[63.50332,111.5833,0,[38.99932,34.84863]]],[238,[61.48607,104.0369,0,[37.99929,40.93198]]],[199,[62.50489,102.3748,0,[37.99931,39.2537]]],[225,[62.94833,109.5551,0,[38.70855,37.99927]]],[175,[65.04338,113.4052,0,[38.99931,31.15225]]],[192,[63.67107,110.7093,0,[38.99932,35.95535]]],[135,[64.58813,111.2791,0,[38.99932,33.20845]]],[168,[64.8587,111.9348,0,[38.99932,34.22276]]],[226,[63.80967,110.3499,0,[38.99932,37.19231]]],[45,[65.71682,103.4442,0,[38.99931,31.29768]]],[245,[63.64884,109.8004,0,[37.99931,38.5763]]],[239,[62.79037,104.5297,0,[37.99931,40.85596]]],[210,[64.95511,112.7796,0,[38.99932,35.5885]]],[246,[64.26955,110.4442,0,[38.52914,37.99927]]],[116,[66.12301,111.8385,0,[38.99932,32.46958]]],[198,[63.78348,101.7195,0,[37.99931,39.90552]]],[49,[67.09879,110.3078,0,[38.99931,29.60068]]],[181,[65.04922,110.6761,0,[38.99932,36.90012]]],[94,[66.0721,109.904,0,[38.99932,34.02764]]],[71,[67.25471,111.0133,0,[38.99931,30.86761]]],[209,[64.83121,110.5781,0,[37.99932,38.89086]]],[154,[66.16297,111.2066,0,[38.99932,35.38176]]],[228,[65.269,111.9051,0,[38.88416,37.99926]]],[27,[67.24837,103.2229,0,[38.99931,32.41595]]],[240,[64.34167,105.1678,0,[37.99934,41.10607]]],[269,[66.28147,112.9382,0,[38.99932,36.68128]]],[176,[67.29076,113.0644,0,[38.99932,33.80152]]],[261,[66.21239,108.4324,0,[38.00029,37.99926]]],[286,[65.30041,108.7003,0,[37.99931,39.93328]]],[50,[68.39555,110.4671,0,[38.99931,30.92644]]],[268,[67.41145,114.1116,0,[38.99932,35.0528]]],[262,[66.45837,108.0503,0,[38.98502,37.99926]]],[270,[68.42277,116.7951,0,[38.99932,32.48756]]],[218,[65.8979,103.993,0,[37.99932,40.387]]],[292,[67.53547,114.985,0,[38.99932,36.25987]]],[193,[68.46545,113.4113,0,[38.99932,33.88418]]],[117,[69.55336,114.7605,0,[38.99931,29.63902]]],[217,[67.02734,104.2751,0,[37.96251,38.99926]]],[263,[67.31219,108.7767,0,[38.99932,37.97963]]],[72,[69.47678,111.4076,0,[38.99931,31.33314]]],[247,[68.47028,112.927,0,[38.99932,35.43634]]],[169,[69.50963,114.1408,0,[38.99931,32.92852]]],[291,[68.27268,114.0831,0,[37.99932,38.03607]]],[271,[68.61433,114.4145,0,[38.99932,36.9171]]],[248,[69.5598,114.3597,0,[38.99932,34.36094]]],[136,[70.8742,115.6233,0,[38.99931,29.51464]]],[237,[67.46102,105.6779,0,[37.99931,40.3575]]],[95,[70.62005,112.9419,0,[38.99931,31.39034]]],[249,[69.73029,114.4166,0,[38.99932,35.61616]]],[285,[68.69253,110.1573,0,[37.99931,38.82489]]],[155,[70.87924,114.6126,0,[38.99932,32.5093]]],[293,[69.27427,114.9028,0,[38.73026,37.99926]]],[236,[68.0321,104.7335,0,[37.99929,41.02861]]],[194,[70.87856,114.6112,0,[38.99932,33.96266]]],[294,[70.09306,116.5427,0,[38.99932,36.41299]]],[137,[72.22538,116.636,0,[38.99931,29.09821]]],[283,[69.01923,108.4544,0,[37.99933,39.89417]]],[30,[72.05791,107.8597,0,[38.99931,30.8689]]],[312,[70.07166,116.7318,0,[37.99931,38.24792]]],[250,[71.21288,115.9285,0,[38.99932,34.87301]]],[118,[72.33075,114.4279,0,[38.99931,31.84872]]],[314,[70.33641,117.5329,0,[38.99932,37.89828]]],[260,[69.62172,107.1782,0,[37.99933,40.33972]]],[227,[71.32542,112.6678,0,[38.99932,36.09514]]],[182,[72.26888,114.9215,0,[38.99932,33.36074]]],[51,[73.38808,113.696,0,[39.3729,28.99928]]],[266,[71.20275,112.2503,0,[37.99931,38.30864]]],[31,[73.56335,109.8046,0,[38.99931,30.26926]]],[272,[72.44943,117.1061,0,[38.99932,34.54105]]],[284,[70.2436,108.3725,0,[37.99931,40.55803]]],[211,[73.41057,117.1665,0,[38.99931,31.91628]]],[287,[71.57237,112.1503,0,[38.99932,37.60786]]],[229,[72.56204,115.0076,0,[38.99932,35.7266]]],[138,[73.49059,114.9702,0,[38.99931,33.16606]]],[73,[74.55449,114.4264,0,[38.99931,29.6794]]],[295,[72.17719,116.9192,0,[38.67325,37.99927]]],[282,[71.8362,108.6305,0,[37.99932,39.27791]]],[305,[70.83083,109.2807,0,[37.99928,41.13171]]],[195,[73.68002,115.8601,0,[38.99932,34.22995]]],[26,[74.58135,102.8762,0,[38.99931,31.24998]]],[273,[72.94805,117.0201,0,[38.99932,36.5654]]],[306,[73.0293,111.9926,0,[38.251,37.99926]]],[251,[74.01225,117.5696,0,[38.99932,35.17053]]],[119,[74.92312,115.7051,0,[38.99932,32.50739]]],[258,[72.02009,106.8379,0,[37.99928,41.01661]]],[96,[76.02882,116.3792,0,[38.99931,29.24212]]],[212,[75.06407,116.994,0,[38.99931,33.66796]]],[259,[72.9967,106.9328,0,[37.99931,39.6282]]],[267,[73.69296,113.9177,0,[38.39405,37.99926]]],[274,[74.16074,117.9593,0,[38.99932,36.38111]]],[32,[75.99413,111.104,0,[38.99931,30.82681]]],[307,[74.16653,113.0331,0,[38.99932,37.82269]]],[313,[75.24959,119.5223,0,[38.99932,34.87975]]],[230,[76.23728,119.6011,0,[38.99931,32.10114]]],[160,[74.39018,102.3757,0,[37.99932,38.78352]]],[303,[73.35355,109.6371,0,[37.9993,40.75624]]],[290,[75.17784,116.5,0,[38.99932,36.50761]]],[296,[76.34782,121.4693,0,[38.99932,33.35906]]],[52,[77.40577,115.7063,0,[39.01361,28.99928]]],[177,[77.31391,117.6124,0,[38.99931,30.66249]]],[331,[76.29752,121.3339,0,[38.99932,34.90261]]],[310,[75.33566,117.6311,0,[37.99933,38.6922]]],[213,[77.47562,120.7032,0,[38.99932,31.99289]]],[304,[74.45418,110.2009,0,[37.9993,40.8584]]],[311,[75.79097,117.6031,0,[38.79683,37.99926]]],[315,[76.54329,121.2407,0,[38.99932,35.92252]]],[74,[77.42419,113.6834,0,[38.99932,33.52405]]],[231,[78.52582,122.6531,0,[39.45514,28.99928]]],[33,[78.57915,112.7691,0,[38.99931,30.41749]]],[308,[76.55149,115.1086,0,[38.99933,37.29914]]],[324,[76.28235,113.479,0,[37.99933,38.77995]]],[235,[75.24382,106.8179,0,[37.99932,40.75677]]],[333,[77.55001,122.911,0,[38.99932,34.86858]]],[170,[78.74009,117.7885,0,[38.99932,31.70339]]],[281,[77.12254,111.2158,0,[38.29031,37.99926]]],[328,[77.55873,119.9989,0,[38.99932,36.472]]],[183,[78.66595,118.5672,0,[38.99932,33.26378]]],[280,[76.41015,109.1235,0,[37.99934,40.30656]]],[53,[79.8074,116.5436,0,[39.2396,28.99927]]],[297,[78.62092,120.5513,0,[38.99932,34.85478]]],[97,[79.90968,117.3239,0,[38.99931,30.37238]]],[349,[77.80401,123.9157,0,[38.99933,37.57105]]],[323,[77.54127,115.1819,0,[37.99932,38.89145]]],[156,[79.99202,118.9492,0,[38.99932,31.68001]]],[214,[79.6943,122.0586,0,[38.99932,33.488]]],[232,[78.92128,121.0254,0,[38.99933,35.88983]]],[332,[78.39425,120.8197,0,[38.61612,37.99926]]],[322,[78.18616,114.3126,0,[37.99931,39.4019]]],[255,[80.02848,125.455,0,[38.99932,34.38872]]],[321,[77.2038,111.1487,0,[37.99936,41.21125]]],[348,[79.12909,125.5335,0,[38.99932,37.05679]]],[54,[81.18254,116.8646,0,[38.99931,31.13671]]],[301,[79.24434,113.1642,0,[37.99932,38.02297]]],[13,[81.70608,111.2475,0,[39.11216,28.99927]]],[317,[80.01218,123.2569,0,[38.99932,35.93082]]],[75,[81.16676,116.1951,0,[38.99931,32.5529]]],[120,[81.00455,117.6578,0,[38.99932,34.22235]]],[34,[82.32007,114.8829,0,[38.99931,29.41248]]],[346,[79.36552,122.1865,0,[37.99934,39.18688]]],[347,[79.9239,123.0343,0,[38.80899,37.99926]]],[252,[80.81731,119.164,0,[38.99932,36.00999]]],[35,[82.44317,116.1947,0,[38.99931,30.80009]]],[121,[82.03912,119.8797,0,[38.99931,32.80851]]],[325,[78.76375,115.2218,0,[37.99929,41.21461]]],[354,[80.6787,125.7832,0,[38.99931,37.65567]]],[330,[80.51156,123.9156,0,[37.99932,38.71623]]],[316,[81.88521,124.0417,0,[38.99932,34.62136]]],[326,[79.67652,116.8639,0,[37.99929,40.85083]]],[171,[83.15597,122.1041,0,[38.99931,31.4389]]],[334,[81.74068,123.9481,0,[38.99932,36.48241]]],[15,[83.89441,113.1134,0,[38.99931,29.05798]]],[139,[82.99874,119.8501,0,[38.99932,33.17643]]],[344,[81.35654,122.5194,0,[37.99931,38.61315]]],[275,[82.81454,120.9562,0,[38.99932,35.00306]]],[329,[81.76888,123.0385,0,[38.80735,37.99927]]],[16,[84.28017,115.1699,0,[38.99931,29.91615]]],[288,[80.85509,116.4427,0,[37.99932,40.6161]]],[98,[84.24718,119.5069,0,[38.99931,31.53616]]],[353,[82.64881,128.1603,0,[38.99931,36.77079]]],[253,[83.88992,123.1751,0,[38.99932,33.47157]]],[340,[82.24538,117.7532,0,[37.99932,38.95348]]],[309,[83.69997,124.6585,0,[38.99932,35.09703]]],[351,[82.87402,119.6512,0,[38.51071,37.99927]]],[298,[84.87647,126.5136,0,[38.99932,32.19225]]],[14,[85.15498,113.8807,0,[39.69646,28.99928]]],[196,[85.43304,126.3557,0,[38.99931,30.10103]]],[342,[81.56049,118.051,0,[37.99929,41.02108]]],[337,[83.55573,122.3455,0,[38.99932,36.67504]]],[335,[84.6774,127.1215,0,[38.99932,34.07424]]],[76,[85.98503,121.9921,0,[38.99931,30.89976]]],[355,[83.70675,126.5974,0,[38.79618,37.99926]]],[276,[84.6295,123.5888,0,[38.99932,35.84856]]],[254,[85.78724,124.8529,0,[38.99931,32.67971]]],[55,[86.2811,121.3345,0,[39.97883,28.99928]]],[302,[82.82027,112.7103,0,[37.9993,41.01384]]],[341,[83.83401,117.2765,0,[37.99932,39.40377]]],[257,[84.45795,111.4352,0,[38.46202,37.99927]]],[18,[87.07896,119.2384,0,[38.9993,29.3372]]],[215,[85.76861,126.4822,0,[38.99932,34.21622]]],[345,[85.0345,128.4909,0,[38.99932,36.67508]]],[77,[87.00163,123.2065,0,[38.99931,30.98621]]],[233,[86.05553,126.0229,0,[38.99931,35.33292]]],[339,[85.00159,119.3132,0,[37.99931,38.74149]]],[197,[87.08503,126.6388,0,[38.99931,32.31895]]],[216,[84.14089,106.1443,0,[37.99929,40.82756]]],[289,[85.4203,125.6189,0,[38.90454,37.99927]]],[157,[87.02328,126.8356,0,[38.99931,33.82736]]],[299,[86.38268,125.9266,0,[38.99931,36.0829]]],[17,[88.40022,117.9522,0,[38.9993,29.24431]]],[46,[88.28893,110.1559,0,[38.99931,30.94408]]],[336,[86.1706,125.0895,0,[38.99931,37.75875]]],[338,[84.93736,117.842,0,[37.99934,40.64819]]],[352,[85.9696,123.6231,0,[37.99932,38.83624]]],[5,[87.98549,120.0085,0,[38.99931,32.81364]]],[277,[87.39066,126.6901,0,[38.99931,34.99133]]],[320,[86.92783,123.0427,0,[37.99931,38.31101]]],[300,[87.21558,120.1958,0,[38.99931,37.05093]]],[37,[88.9999,125.6032,0,[38.99931,31.83047]]],[2,[89.51112,104.2028,0,[38.99931,29.68042]]],[343,[88.57914,131.8681,0,[38.99931,33.946]]],[279,[86.08406,112.2449,0,[37.99929,40.71981]]],[318,[88.28236,127.8818,0,[38.99932,35.83292]]],[158,[87.72435,113.3482,0,[38.293,37.99927]]],[100,[87.02219,102.0941,0,[37.99932,39.81192]]],[99,[89.75048,128.0901,0,[38.99931,32.26314]]],[3,[90.25412,116.6666,0,[38.99931,30.1161]]],[278,[88.19552,119.0709,0,[38.99932,37.54026]]],[327,[89.51367,133.8618,0,[38.99931,34.11808]]],[101,[87.7402,100.5464,0,[37.99932,40.02802]]],[350,[89.26186,123.7189,0,[38.99931,35.97986]]],[11,[90.96948,107.2366,0,[38.99931,30.62175]]],[234,[88.92278,113.1817,0,[37.99932,38.29623]]],[19,[90.81487,123.0916,0,[38.99931,32.42036]]],[36,[90.38308,122.0835,0,[38.99931,34.47299]]],[140,[89.32201,111.8001,0,[38.99932,37.51602]]],[159,[89.24328,105.2099,0,[37.99932,39.47993]]],[319,[90.47726,126.8173,0,[38.99932,35.87865]]],[28,[91.57657,111.8362,0,[38.99931,32.41084]]],[122,[90.13953,105.7697,0,[38.41799,37.99926]]],[4,[91.69052,118.5171,0,[38.99931,33.89608]]],[256,[90.87493,119.8971,0,[38.99932,36.77654]]],[12,[92.05605,106.6304,0,[38.99932,34.88392]]]

Travel Distances:
[20,115.995],[6,115.9215],[21,115.9258],[38,117.8356],[39,117.8828],[7,117.4903],[22,117.5922],[40,117.8196],[57,118.8454],[58,118.9221],[23,119.3803],[56,118.6819],[0,118.9518],[59,119.2924],[41,118.6681],[8,118.2961],[60,119.1727],[81,119.3117],[79,120.0944],[103,121.017],[82,120.8211],[61,120.8311],[80,119.4219],[42,120.2856],[83,122.4876],[62,122.4089],[105,122.3074],[78,119.0535],[84,121.9834],[9,119.7838],[104,121.433],[43,122.4253],[106,123.846],[125,123.2188],[107,124.3908],[128,124.2067],[108,124.025],[85,125.4613],[102,122.3342],[126,124.4848],[25,122.0475],[144,124.8096],[127,124.2751],[63,122.4023],[129,124.8492],[145,124.5419],[146,126.3577],[124,123.6909],[24,121.6529],[147,126.5706],[86,124.626],[10,121.2298],[161,125.02],[162,125.0576],[109,125.4535],[143,124.1217],[163,127.4952],[64,124.5971],[88,126.9506],[130,126.7009],[179,127.3731],[89,126.9037],[173,128.2433],[186,128.3561],[164,128.3133],[110,127.5154],[172,126.4869],[174,126.6634],[87,126.349],[178,128.0457],[180,129.8835],[65,126.8366],[148,128.9886],[187,128.7566],[90,128.9316],[112,129.5739],[201,128.4913],[111,130.7618],[1,121.3356],[132,131.4768],[68,129.1073],[189,130.4549],[47,127.4171],[113,129.511],[188,130.9352],[202,131.7254],[204,131.7522],[67,128.6843],[91,129.7604],[66,126.1505],[131,130.4263],[221,130.9956],[123,123.659],[190,132.095],[185,128.4652],[150,132.4905],[149,131.3413],[203,130.7358],[205,131.2274],[142,124.2135],[29,128.3852],[206,133.4522],[114,132.9459],[133,133.0941],[223,132.7791],[165,132.8232],[166,133.8011],[222,132.878],[219,132.2163],[224,134.558],[69,131.5478],[151,133.7938],[184,128.4455],[92,131.9066],[242,132.967],[152,133.1257],[191,134.0754],[243,134.2704],[134,134.8014],[220,132.4725],[153,134.799],[200,129.3123],[115,133.0629],[207,134.7415],[264,133.3847],[70,132.0055],[167,134.8958],[241,133.4456],[48,130.3368],[244,135.0904],[93,131.8584],[265,134.2693],[44,122.4629],[208,136.5681],[238,133.0168],[199,129.3622],[225,135.6571],[175,135.318],[192,135.3669],[135,134.1025],[168,136.2119],[226,136.7289],[45,126.0016],[245,136.5013],[239,132.9174],[210,136.8693],[246,135.9046],[116,133.5925],[198,130.1411],[49,132.1099],[181,136.5748],[94,133.7539],[71,132.5036],[209,136.9147],[154,134.8806],[228,137.3668],[27,126.7135],[240,134.4055],[269,138.3741],[176,136.4808],[261,134.0064],[286,136.0961],[50,131.6759],[268,139.2864],[262,135.1216],[270,139.9473],[218,132.1911],[292,139.9139],[193,136.4803],[117,135.6536],[217,130.2203],[263,136.1281],[72,134.4393],[247,137.9752],[169,137.121],[291,139.5377],[271,139.1859],[248,137.2401],[136,137.8737],[237,134.7395],[95,135.694],[249,138.9557],[285,136.7678],[155,136.854],[293,140.3537],[236,134.6036],[194,138.8399],[294,142.3343],[137,138.185],[283,136.4125],[30,129.7418],[312,142.5874],[250,139.5026],[118,137.7579],[314,144.8292],[260,135.9143],[227,137.9879],[182,138.3748],[51,134.9196],[266,137.8434],[31,130.6778],[272,140.2072],[284,137.8391],[211,140.3384],[287,139.0016],[229,139.8423],[138,137.9874],[73,135.3167],[295,142.5606],[282,134.9492],[305,139.5002],[195,140.4238],[26,125.657],[273,143.1082],[306,137.9329],[251,141.5448],[119,137.8587],[258,136.7325],[96,138.3208],[212,140.8508],[259,134.933],[267,140.5294],[274,143.6348],[32,133.0947],[307,138.6991],[313,143.0231],[230,141.1265],[160,129.5659],[303,138.8992],[290,142.0091],[296,144.7699],[52,136.8945],[177,138.984],[331,144.7382],[310,144.958],[213,143.7488],[304,139.2717],[311,144.021],[315,146.1534],[74,136.8344],[231,143.6012],[33,133.6107],[308,141.9878],[324,140.9021],[235,136.2748],[333,147.8069],[170,140.3063],[281,136.9706],[328,144.8815],[183,141.2352],[280,136.3007],[53,138.9274],[297,145.3014],[97,139.503],[349,150.3067],[323,142.095],[156,140.9651],[214,144.67],[232,145.1827],[332,148.0228],[322,141.9263],[255,149.3971],[321,140.631],[348,151.2737],[54,138.4994],[301,138.6743],[13,131.8351],[317,149.0397],[75,139.7176],[120,141.648],[34,136.2386],[346,149.4227],[347,149.1845],[252,143.5287],[35,137.308],[121,141.8013],[325,143.5587],[354,152.4142],[330,150.882],[316,148.2218],[326,145.4412],[171,143.7921],[334,148.4664],[15,133.3244],[139,143.8255],[344,149.805],[275,145.325],[329,149.4968],[16,136.6075],[288,144.6937],[98,141.0123],[353,152.8625],[253,145.3951],[340,145.2503],[309,149.2543],[351,145.8941],[298,148.7603],[14,135.5705],[196,147.4891],[342,146.8186],[337,147.2297],[335,149.7666],[76,144.0217],[355,153.1824],[276,148.3294],[254,147.2781],[55,142.772],[302,142.9732],[341,145.6007],[257,138.5159],[18,141.0687],[215,150.8883],[345,154.4195],[77,145.2012],[233,149.9118],[339,145.3067],[197,148.4685],[216,135.8224],[289,152.7737],[157,150.7811],[299,151.1604],[17,139.1517],[46,131.5777],[336,150.7475],[338,145.9177],[352,149.6819],[5,142.0374],[277,151.8624],[320,149.1868],[300,145.7645],[37,147.6028],[2,125.1804],[343,154.7098],[279,140.0589],[318,153.2977],[158,139.8992],[100,130.0466],[99,150.5886],[3,138.1582],[278,144.6785],[327,156.8344],[101,129.0648],[350,149.1913],[11,129.2975],[234,139.3353],[19,145.4618],[36,145.3173],[140,137.1561],[159,132.7231],[319,151.8608],[28,134.6827],[122,131.4905],[4,141.1361],[256,146.1432],[141,133.8707],[12,130.5181]

Finish Times:
[20,59.44098],[6,59.48098],[21,59.80099],[38,60.161],[39,60.241],[7,60.361],[22,60.401],[40,60.60101],[57,61.04102],[58,61.12102],[23,61.16102],[56,61.16102],[0,61.20102],[59,61.28102],[41,61.80103],[8,61.84103],[60,61.88103],[81,61.92104],[79,62.28104],[103,62.40105],[82,62.44105],[61,62.52105],[80,62.68105],[42,62.72105],[83,63.00106],[62,63.28107],[105,63.44107],[78,63.52107],[84,63.68108],[9,63.72108],[104,63.76108],[43,64.00108],[106,64.12109],[125,64.16109],[107,64.40109],[128,64.6411],[108,64.9211],[85,65.00111],[102,65.04111],[126,65.04111],[25,65.16111],[144,65.20111],[127,65.32111],[63,65.68112],[129,65.88113],[145,65.92113],[146,66.08113],[124,66.12113],[24,66.28114],[147,66.40114],[86,66.44114],[10,66.64114],[161,66.88115],[162,66.88115],[109,66.92115],[143,66.92115],[163,67.12115],[64,67.40116],[88,67.60117],[130,67.64117],[179,67.72117],[89,67.92117],[173,68.12118],[186,68.20118],[164,68.24118],[110,68.56119],[172,68.56119],[174,68.72119],[87,68.8812],[178,68.9612],[180,68.9612],[65,69.0012],[148,69.2412],[187,69.44121],[90,69.60121],[112,69.60121],[201,69.80122],[111,70.16122],[1,70.20123],[132,70.20123],[68,70.40123],[189,70.44123],[47,70.84124],[113,70.92124],[188,70.96124],[202,71.04124],[204,71.08125],[67,71.44125],[91,71.44125],[66,71.56126],[131,71.56126],[221,71.88126],[123,72.08127],[190,72.08127],[185,72.16127],[150,72.36127],[149,72.60128],[203,72.68128],[205,72.68128],[142,72.80128],[29,72.92129],[206,73.08129],[114,73.16129],[133,73.24129],[223,73.6013],[165,73.6413],[166,73.6413],[222,74.08131],[219,74.12132],[224,74.20132],[69,74.28132],[151,74.32132],[184,74.36132],[92,74.40132],[242,74.60133],[152,74.80133],[191,74.88133],[243,75.28134],[134,75.32134],[220,75.32134],[153,75.40134],[200,75.40134],[115,75.48135],[207,75.60135],[264,75.92136],[70,76.20136],[167,76.24136],[241,76.28136],[48,76.56137],[244,76.64137],[93,76.72137],[265,76.88138],[44,76.92138],[208,77.00138],[238,77.44139],[199,77.48139],[225,77.52139],[175,77.56139],[192,77.56139],[135,77.60139],[168,78.16141],[226,78.16141],[45,78.20141],[245,78.28141],[239,78.64142],[210,78.72142],[246,78.80142],[116,78.92142],[198,79.04143],[49,79.28143],[181,79.28143],[94,79.32143],[71,79.64144],[209,79.64144],[154,79.84145],[228,79.88145],[27,80.04145],[240,80.44146],[269,80.44146],[176,80.48146],[261,80.60146],[286,80.64146],[50,80.80147],[268,80.96147],[262,81.16148],[270,81.24148],[218,81.44148],[292,81.52148],[193,81.68149],[117,81.72149],[217,81.92149],[263,81.96149],[72,82.0015],[247,82.1615],[169,82.44151],[291,82.68151],[271,82.84151],[248,82.92152],[136,83.00152],[237,83.00152],[95,83.08152],[249,83.48153],[285,83.48153],[155,83.68153],[293,83.88154],[236,84.04154],[194,84.12154],[294,84.16154],[137,84.24155],[283,84.32155],[30,84.36155],[312,84.56155],[250,84.72156],[118,85.00156],[314,85.00156],[260,85.08157],[227,85.28157],[182,85.32157],[51,85.64158],[266,85.76158],[31,85.80158],[272,85.84158],[284,85.96159],[211,86.04159],[287,86.08159],[229,86.4016],[138,86.4816],[73,86.6816],[295,86.7616],[282,86.88161],[305,87.00161],[195,87.04161],[26,87.08161],[273,87.08161],[306,87.48162],[251,87.60162],[119,87.72163],[258,88.08163],[96,88.12164],[212,88.20164],[259,88.20164],[267,88.20164],[274,88.20164],[32,88.36164],[307,88.76165],[313,88.76165],[230,88.92165],[160,89.16166],[303,89.16166],[290,89.36166],[296,89.36166],[52,89.44167],[177,89.60167],[331,89.80167],[310,90.04168],[213,90.12168],[304,90.28168],[311,90.40169],[315,90.40169],[74,90.52169],[231,90.8017],[33,90.8417],[308,90.9617],[324,91.0417],[235,91.0817],[333,91.0817],[170,91.36171],[281,91.60172],[328,91.64172],[183,91.68172],[280,91.92172],[53,91.96172],[297,92.12173],[97,92.16173],[349,92.28173],[323,92.36173],[156,92.60174],[214,92.76174],[232,92.80174],[332,92.96175],[322,93.28175],[255,93.40176],[321,93.40176],[348,93.40176],[54,93.60176],[301,93.64176],[13,93.84177],[317,94.00177],[75,94.04177],[120,94.28178],[34,94.36178],[346,94.36178],[347,94.56178],[252,94.72179],[35,94.80179],[121,94.88179],[325,94.88179],[354,95.2018],[330,95.2818],[316,95.3218],[326,95.60181],[171,95.64181],[334,95.84181],[15,95.92181],[139,95.96181],[344,96.04182],[275,96.36182],[329,96.40182],[16,96.44183],[288,96.56183],[98,96.76183],[353,96.84184],[253,96.92184],[340,97.16184],[309,97.28185],[351,97.44185],[298,97.52185],[14,97.56185],[196,97.60185],[342,97.60185],[337,97.80186],[335,97.92186],[76,98.32187],[355,98.36187],[276,98.48187],[254,98.60188],[55,98.80188],[302,98.96188],[341,98.96188],[257,99.00188],[18,99.08189],[215,99.08189],[345,99.20189],[77,99.36189],[233,99.7219],[339,99.7619],[197,99.8419],[216,100.0019],[289,100.0819],[157,100.2019],[299,100.3219],[17,100.4819],[46,100.6819],[336,100.7619],[338,100.7619],[352,100.7619],[5,100.8419],[277,100.9619],[320,101.4819],[300,101.5219],[37,101.6019],[2,101.6819],[343,101.7619],[279,101.922],[318,102.122],[158,102.202],[100,102.322],[99,102.442],[3,102.522],[278,102.722],[327,102.762],[101,103.082],[350,103.162],[11,103.322],[234,103.442],[19,103.602],[36,103.762],[140,103.802],[159,104.282],[319,104.322],[28,104.362],[122,104.642],[4,104.922],[256,105.042],[141,105.482],[12,105.602]

Stuck Times:
[20,0],[6,0],[21,0],[38,0],[39,0],[7,0],[22,0],[40,0],[57,0],[58,0],[23,0],[56,0],[0,0],[59,0],[41,0],[8,0],[60,0],[81,0],[79,0],[103,0],[82,0],[61,0],[80,0],[42,0],[83,0],[62,0],[105,0],[78,2],[84,0],[9,0],[104,0],[43,0],[106,0],[125,0],[107,0],[128,0],[108,0],[85,0],[102,2],[126,0],[25,2],[144,0],[127,0],[63,2],[129,0],[145,0],[146,0],[124,2],[24,5],[147,0],[86,2],[10,5],[161,2],[162,1],[109,1],[143,3],[163,1],[64,3],[88,2],[130,1],[179,1],[89,2],[173,1],[186,1],[164,2],[110,3],[172,2],[174,2],[87,3],[178,3],[180,2],[65,5],[148,2],[187,2],[90,3],[112,2],[201,3],[111,3],[1,9],[132,2],[68,4],[189,3],[47,5],[113,5],[188,3],[202,3],[204,4],[67,5],[91,6],[66,8],[131,5],[221,4],[123,9],[190,6],[185,6],[150,3],[149,5],[203,4],[205,7],[142,10],[29,9],[206,6],[114,6],[133,6],[223,7],[165,7],[166,6],[222,8],[219,6],[224,7],[69,8],[151,7],[184,11],[92,8],[242,9],[152,7],[191,8],[243,9],[134,6],[220,9],[153,7],[200,11],[115,7],[207,8],[264,8],[70,11],[167,8],[241,9],[48,11],[244,9],[93,12],[265,9],[44,15],[208,11],[238,12],[199,14],[225,10],[175,9],[192,11],[135,10],[168,12],[226,13],[45,15],[245,10],[239,13],[210,11],[246,12],[116,12],[198,15],[49,13],[181,10],[94,13],[71,13],[209,13],[154,11],[228,11],[27,19],[240,14],[269,12],[176,12],[261,15],[286,12],[50,16],[268,12],[262,15],[270,13],[218,17],[292,13],[193,16],[117,14],[217,18],[263,14],[72,17],[247,16],[169,14],[291,13],[271,13],[248,15],[136,14],[237,16],[95,16],[249,16],[285,14],[155,17],[293,14],[236,18],[194,17],[294,14],[137,16],[283,16],[30,20],[312,12],[250,14],[118,18],[314,15],[260,18],[227,18],[182,19],[51,19],[266,17],[31,23],[272,18],[284,16],[211,19],[287,17],[229,18],[138,20],[73,21],[295,17],[282,21],[305,19],[195,18],[26,25],[273,18],[306,20],[251,18],[119,21],[258,21],[96,22],[212,20],[259,23],[267,21],[274,19],[32,25],[307,20],[313,17],[230,20],[160,25],[303,22],[290,21],[296,21],[52,24],[177,23],[331,18],[310,19],[213,21],[304,23],[311,20],[315,20],[74,25],[231,22],[33,26],[308,21],[324,22],[235,23],[333,19],[170,24],[281,23],[328,21],[183,25],[280,24],[53,27],[297,23],[97,26],[349,18],[323,23],[156,26],[214,25],[232,25],[332,22],[322,22],[255,24],[321,24],[348,20],[54,28],[301,26],[13,29],[317,22],[75,26],[120,28],[34,29],[346,23],[347,20],[252,25],[35,29],[121,28],[325,25],[354,20],[330,22],[316,25],[326,24],[171,28],[334,21],[15,30],[139,29],[344,24],[275,26],[329,22],[16,29],[288,26],[98,29],[353,22],[253,27],[340,27],[309,25],[351,27],[298,25],[14,32],[196,28],[342,26],[337,26],[335,26],[76,32],[355,25],[276,27],[254,27],[55,30],[302,30],[341,29],[257,32],[18,32],[215,25],[345,24],[77,31],[233,29],[339,29],[197,28],[216,34],[289,26],[157,27],[299,28],[17,33],[46,37],[336,27],[338,29],[352,28],[5,35],[277,31],[320,30],[300,34],[37,34],[2,40],[343,26],[279,33],[318,26],[158,34],[100,38],[99,31],[3,36],[278,31],[327,26],[101,39],[350,31],[11,41],[234,37],[19,35],[36,35],[140,35],[159,38],[319,31],[28,38],[122,38],[4,38],[256,33],[141,37],[12,40]

