Experiment Name: Custom-DecreasingGateSize5
Method Used: PathFollowingLowerNumberOfPaths
Run Number: 0
Preparation Time: 0.0002ms
Pathfinding Time: 10.6621ms
Finish Time: 95.96181ms
Finish Time 90%: 90.72169ms
Repaths: 0
Soft Repaths: 0

Gates Data:
2:[355,[6.232579,12.44002,0,[157.999,129.6852]]],[385,[5.734862,11.44967,0,[158.999,130.9112]]],[325,[6.241164,12.45809,0,[157.999,128.4893]]],[415,[5.750749,11.47254,0,[158.999,132.1701]]],[356,[6.298707,12.52862,0,[158.999,130.1597]]],[295,[6.259073,12.49893,0,[157.999,127.3211]]],[326,[6.792393,13.54713,0,[157.999,129.057]]],[386,[6.447062,12.59546,0,[158.999,131.215]]],[445,[5.865505,11.53972,0,[158.999,133.5941]]],[416,[6.351247,12.59281,0,[158.999,132.3143]]],[296,[6.806845,13.5802,0,[157.999,127.9557]]],[265,[6.288718,12.57017,0,[157.999,126.1739]]],[357,[7.3776,14.70334,0,[157.999,129.882]]],[446,[6.523045,12.6942,0,[158.999,133.3698]]],[417,[6.919573,13.76925,0,[158.999,131.9123]]],[327,[7.377181,14.70936,0,[157.999,128.8032]]],[387,[7.087545,13.78583,0,[158.999,130.8588]]],[266,[6.841779,13.6253,0,[157.999,126.8568]]],[447,[7.14465,13.89974,0,[158.999,132.9143]]],[297,[7.394678,14.73471,0,[157.999,127.7249]]],[475,[6.41467,12.62395,0,[158.999,134.713]]],[418,[7.504469,14.88732,0,[158.999,131.5793]]],[358,[7.97401,15.83318,0,[157.999,129.4082]]],[388,[7.635117,14.90984,0,[158.999,130.4447]]],[476,[7.001713,13.796,0,[158.999,134.0626]]],[448,[7.693958,15.03475,0,[158.999,132.6076]]],[328,[7.953278,15.80755,0,[157.999,128.3061]]],[477,[7.558767,14.92067,0,[158.999,133.7233]]],[239,[6.805701,13.59278,0,[157.999,125.7514]]],[267,[7.394609,14.7141,0,[157.999,126.6508]]],[419,[8.053015,16.01026,0,[158.999,131.2736]]],[359,[8.543648,17.01057,0,[157.999,129.162]]],[389,[8.211564,16.0567,0,[158.999,130.2108]]],[449,[8.254716,16.15873,0,[158.999,132.3145]]],[478,[8.090689,16.03983,0,[158.999,133.4138]]],[298,[8.134388,15.87141,0,[157.999,127.2716]]],[329,[8.529867,16.98008,0,[157.999,128.0586]]],[420,[8.615596,17.0422,0,[158.999,131.2896]]],[502,[7.850206,14.89932,0,[158.999,134.6876]]],[360,[9.114365,18.04497,0,[157.999,129.3563]]],[390,[8.853889,17.07696,0,[158.999,130.3187]]],[450,[8.88623,17.19072,0,[158.999,132.2582]]],[479,[8.66359,17.11712,0,[158.999,133.2647]]],[268,[7.976941,15.77687,0,[157.999,126.225]]],[330,[9.184949,17.98766,0,[157.999,128.2869]]],[421,[9.186836,18.08448,0,[158.999,131.2732]]],[501,[7.289672,13.81737,0,[158.999,135.0264]]],[299,[8.95266,17.16417,0,[157.999,127.3082]]],[361,[9.676926,19.14419,0,[157.999,129.0909]]],[503,[8.456002,16.01956,0,[158.999,134.2933]]],[391,[9.397425,18.15464,0,[158.999,130.1013]]],[480,[9.315575,18.19737,0,[158.999,132.9733]]],[451,[9.612172,18.19532,0,[158.999,132.0406]]],[269,[8.585213,16.95097,0,[157.999,126.5221]]],[331,[9.760038,19.05703,0,[157.999,127.9774]]],[422,[9.794431,19.20344,0,[158.999,130.9588]]],[504,[9.148006,17.27064,0,[158.999,134.0337]]],[240,[7.460325,14.70862,0,[157.999,125.5758]]],[362,[10.22088,20.25694,0,[157.999,128.9104]]],[392,[10.46669,20.25154,0,[157.999,129.8966]]],[523,[8.34438,15.02679,0,[158.999,135.3806]]],[452,[10.2228,19.3922,0,[158.999,131.7074]]],[481,[10.04399,19.40005,0,[158.999,132.8233]]],[393,[10.39295,20.21627,0,[158.999,130.6133]]],[505,[9.743139,18.289,0,[158.999,133.8138]]],[241,[8.385864,15.78424,0,[157.999,125.5014]]],[332,[10.32807,20.14668,0,[157.999,127.8278]]],[300,[9.48256,18.20391,0,[157.999,126.9975]]],[333,[10.76314,21.11664,0,[157.999,128.6765]]],[524,[9.016756,16.04993,0,[158.999,135.1138]]],[363,[11.08952,21.25799,0,[157.999,129.5816]]],[453,[10.62944,20.30001,0,[158.999,132.5033]]],[423,[10.78316,20.21572,0,[158.999,131.4141]]],[506,[10.42667,19.39241,0,[158.999,133.6666]]],[394,[11.01825,21.22043,0,[158.999,130.4062]]],[302,[10.97362,20.42794,0,[157.999,127.6362]]],[303,[11.32014,21.46135,0,[157.999,128.508]]],[527,[10.2954,19.40081,0,[158.999,134.828]]],[271,[10.60374,19.14039,0,[157.999,126.8133]]],[454,[11.19581,21.30868,0,[158.999,132.186]]],[334,[11.68585,22.2481,0,[157.999,129.341]]],[482,[11.03985,20.34389,0,[158.999,133.2523]]],[424,[11.43797,21.27855,0,[158.999,131.2053]]],[270,[9.641916,17.99639,0,[157.999,125.8852]]],[364,[11.57205,21.37501,0,[158.999,130.136]]],[507,[10.88946,20.34237,0,[158.999,134.3114]]],[301,[10.04831,19.25809,0,[157.999,126.8692]]],[483,[11.6769,21.4726,0,[158.999,132.7279]]],[273,[11.62163,21.34151,0,[157.999,127.5738]]],[304,[11.98322,22.46152,0,[157.999,128.4095]]],[455,[11.93448,22.52546,0,[158.999,131.752]]],[395,[12.04585,22.35702,0,[158.999,130.673]]],[335,[12.36612,23.22627,0,[157.999,129.2272]]],[242,[9.087307,17.04315,0,[157.999,125.9851]]],[508,[11.53751,21.46095,0,[158.999,133.7977]]],[526,[9.683754,18.30652,0,[158.999,134.9563]]],[365,[12.85492,23.49466,0,[157.999,129.752]]],[272,[11.2873,20.40792,0,[157.999,126.7084]]],[274,[12.54306,22.37288,0,[157.999,128.1961]]],[425,[12.58208,22.4664,0,[158.999,130.9296]]],[484,[12.47977,22.74155,0,[158.999,132.0379]]],[509,[12.21366,22.74825,0,[158.999,133.0168]]],[305,[13.03351,23.53078,0,[157.999,128.7035]]],[246,[12.21203,21.58802,0,[157.999,127.3182]]],[396,[13.39934,24.492,0,[157.999,129.9483]]],[529,[12.06471,21.69929,0,[158.999,134.0872]]],[244,[10.82704,19.21227,0,[157.999,125.8054]]],[456,[13.07272,23.68769,0,[158.999,131.469]]],[510,[13.01778,24.22753,0,[158.999,132.578]]],[528,[11.43404,20.8742,0,[158.999,134.8964]]],[275,[13.33736,23.28331,0,[157.999,127.667]]],[336,[13.58869,24.472,0,[157.999,128.6702]]],[426,[13.42014,23.66111,0,[158.999,130.6165]]],[247,[12.83346,22.66849,0,[157.999,127.2648]]],[530,[12.75007,23.27978,0,[158.999,133.5446]]],[366,[13.93235,24.71922,0,[157.999,129.532]]],[220,[11.89142,19.32434,0,[157.999,126.4387]]],[485,[13.57544,23.80713,0,[158.999,132.2735]]],[243,[10.19926,18.08759,0,[157.999,125.801]]],[457,[13.83271,24.84333,0,[158.999,131.325]]],[546,[12.56401,22.44156,0,[158.999,134.5957]]],[306,[14.14963,24.60452,0,[157.999,128.515]]],[397,[14.00844,24.62788,0,[158.999,130.2842]]],[562,[13.50555,24.55269,0,[158.999,133.363]]],[248,[13.88363,23.7131,0,[157.999,127.5862]]],[337,[14.56147,25.46605,0,[157.999,129.2028]]],[555,[14.09221,25.32375,0,[158.999,132.6837]]],[571,[13.24761,23.61747,0,[158.999,134.3197]]],[486,[14.35839,25.25088,0,[158.999,131.6248]]],[223,[13.6595,21.94263,0,[157.999,126.6091]]],[427,[14.55175,24.79173,0,[158.999,130.5822]]],[276,[14.55138,24.3895,0,[157.999,127.7323]]],[367,[15.09518,25.83547,0,[157.999,129.4138]]],[307,[15.01889,25.84086,0,[157.999,128.3232]]],[572,[14.15342,24.89272,0,[158.999,133.7876]]],[224,[14.2683,22.77052,0,[157.999,126.7877]]],[245,[12.56347,20.8731,0,[157.999,126.3178]]],[547,[14.64739,25.25364,0,[158.999,132.5829]]],[458,[14.95557,26.01926,0,[158.999,131.6211]]],[398,[15.04589,25.78397,0,[158.999,130.0302]]],[249,[15.11166,24.74335,0,[157.999,127.185]]],[217,[11.46239,15.47698,0,[157.999,125.6652]]],[338,[15.71429,26.77774,0,[157.999,128.9536]]],[428,[15.37424,25.93818,0,[158.999,130.903]]],[582,[13.78631,23.11959,0,[158.999,134.7415]]],[563,[14.94185,25.53914,0,[158.999,133.5065]]],[277,[15.55547,25.59492,0,[157.999,127.9001]]],[564,[15.34235,26.9008,0,[158.999,132.6982]]],[222,[13.12935,21.18645,0,[157.999,126.1932]]],[368,[16.13644,27.10711,0,[157.999,129.7313]]],[583,[14.6235,24.38638,0,[158.999,134.4083]]],[531,[15.67506,25.87872,0,[158.999,131.8318]]],[205,[14.85426,23.14315,0,[157.999,126.2073]]],[399,[15.93907,27.08458,0,[158.999,130.7966]]],[278,[16.29094,26.92572,0,[157.999,128.5842]]],[573,[15.74954,26.12657,0,[158.999,133.4592]]],[250,[16.12158,26.00537,0,[157.999,127.4513]]],[556,[16.11504,26.804,0,[158.999,132.5642]]],[308,[16.7084,27.31025,0,[157.999,129.8221]]],[487,[16.36363,26.78869,0,[158.999,131.5809]]],[584,[15.36196,25.33936,0,[158.999,134.2312]]],[199,[13.6163,17.46409,0,[157.999,125.5332]]],[204,[14.3177,22.11737,0,[157.999,125.6987]]],[225,[15.65081,23.71343,0,[157.999,126.7773]]],[339,[16.63612,27.22805,0,[158.999,130.6224]]],[543,[12.0407,18.84939,0,[158.999,135.227]]],[279,[16.9913,28.37101,0,[157.999,128.8784]]],[585,[16.31124,26.56589,0,[158.999,133.6155]]],[574,[16.77812,27.39788,0,[158.999,132.7717]]],[511,[16.90367,26.29457,0,[158.999,131.6921]]],[227,[16.7806,27.07419,0,[157.999,127.8643]]],[309,[17.39498,28.64739,0,[157.999,129.6636]]],[597,[16.35833,25.02686,0,[158.999,134.7284]]],[429,[17.26709,27.3402,0,[158.999,130.7601]]],[218,[12.19667,17.1174,0,[157.999,125.5213]]],[226,[16.64221,24.96942,0,[157.999,126.8013]]],[251,[17.54534,27.72407,0,[157.999,128.5992]]],[596,[15.07471,23.97697,0,[158.999,135.1682]]],[557,[17.45054,28.11753,0,[158.999,131.819]]],[565,[17.33598,27.815,0,[158.999,132.9202]]],[369,[17.97716,28.41205,0,[157.999,129.7472]]],[599,[16.85356,26.82572,0,[158.999,133.9342]]],[280,[18.11045,29.82433,0,[157.999,128.6748]]],[459,[17.90755,27.60593,0,[158.999,131.0882]]],[400,[18.0216,28.67024,0,[158.999,130.0054]]],[460,[17.93699,28.88397,0,[158.999,132.3558]]],[598,[15.82027,25.90161,0,[158.999,134.9399]]],[206,[17.92372,24.49209,0,[157.999,127.6065]]],[207,[17.34892,25.91031,0,[157.999,127.5658]]],[340,[18.64131,29.50361,0,[157.999,128.9306]]],[575,[17.89747,28.21332,0,[158.999,133.4714]]],[189,[16.06129,23.55432,0,[157.999,126.0199]]],[430,[18.44103,28.64066,0,[158.999,131.2034]]],[612,[17.43053,26.21102,0,[158.999,134.0695]]],[180,[18.48806,28.34947,0,[157.999,127.858]]],[370,[18.57093,28.3984,0,[158.999,130.1436]]],[566,[18.49271,29.2261,0,[158.999,132.2813]]],[310,[19.17887,29.58535,0,[157.999,129.0708]]],[190,[17.91592,23.80625,0,[157.999,126.5071]]],[281,[19.11947,30.89253,0,[157.999,127.9731]]],[488,[18.98715,30.31094,0,[158.999,131.2061]]],[576,[18.48952,29.16951,0,[158.999,133.371]]],[371,[19.61469,30.57364,0,[157.999,129.9466]]],[544,[16.88962,21.0275,0,[158.999,135.1529]]],[586,[18.01691,27.52965,0,[158.999,134.6773]]],[145,[17.19532,24.52691,0,[157.999,126.5144]]],[558,[19.03396,29.22589,0,[158.999,132.4662]]],[191,[19.08073,25.5009,0,[157.999,126.8804]]],[311,[19.70376,30.78641,0,[157.999,128.8112]]],[431,[19.51642,29.67216,0,[158.999,130.7004]]],[461,[19.49878,29.84196,0,[158.999,131.8331]]],[613,[18.60527,26.56105,0,[158.999,134.4359]]],[181,[19.71128,29.64783,0,[157.999,127.7241]]],[341,[20.13021,30.62007,0,[157.999,129.5059]]],[169,[18.53616,25.21178,0,[157.999,126.7695]]],[577,[19.56115,30.39426,0,[158.999,132.9951]]],[432,[20.00251,30.83031,0,[158.999,131.2396]]],[158,[19.15565,24.93308,0,[157.999,125.7873]]],[401,[20.08072,29.72379,0,[158.999,130.1195]]],[282,[20.23285,31.97104,0,[157.999,128.4051]]],[559,[20.04442,30.48735,0,[158.999,132.3528]]],[312,[20.7328,31.82364,0,[157.999,128.8445]]],[587,[19.07146,28.67383,0,[158.999,133.6514]]],[178,[19.67387,26.22147,0,[157.999,126.65]]],[188,[17.5529,23.0807,0,[157.999,125.6738]]],[402,[20.53471,30.80306,0,[158.999,130.7744]]],[541,[14.27655,17.13367,0,[158.999,135.3305]]],[372,[21.0966,31.7488,0,[157.999,129.6801]]],[489,[20.53967,31.15561,0,[158.999,131.8768]]],[567,[20.16188,30.14051,0,[158.999,133.4322]]],[171,[20.97111,27.36424,0,[157.999,127.7513]]],[203,[15.372,22.35659,0,[157.999,125.8023]]],[131,[18.43034,25.18938,0,[157.999,125.6955]]],[252,[21.29214,30.94577,0,[157.999,128.6433]]],[462,[21.03242,31.2401,0,[158.999,131.3016]]],[568,[20.67458,31.21762,0,[158.999,132.9435]]],[179,[20.41941,27.42319,0,[157.999,127.3809]]],[373,[21.10385,31.78081,0,[158.999,130.1913]]],[588,[19.68804,29.58874,0,[158.999,134.0873]]],[512,[21.22441,31.37178,0,[158.999,132.3497]]],[525,[10.89224,17.10856,0,[158.999,135.4246]]],[342,[21.79211,31.73816,0,[157.999,129.1414]]],[433,[21.58713,32.14172,0,[158.999,131.2239]]],[578,[21.20269,31.4818,0,[158.999,133.5845]]],[600,[19.18837,27.65166,0,[158.999,134.8432]]],[182,[21.72871,30.65399,0,[157.999,127.9139]]],[170,[20.26663,26.22428,0,[157.999,126.3302]]],[403,[21.65806,32.17211,0,[158.999,130.1232]]],[160,[21.43659,26.65927,0,[157.999,126.9725]]],[560,[21.73546,31.29744,0,[158.999,132.8015]]],[490,[22.03488,32.23092,0,[158.999,131.8577]]],[283,[22.28218,32.87315,0,[157.999,128.5984]]],[545,[13.00277,21.34247,0,[158.999,135.3052]]],[313,[22.61848,32.83184,0,[157.999,129.5197]]],[146,[19.83565,25.59721,0,[157.999,125.6093]]],[463,[22.27227,32.18008,0,[158.999,130.7968]]],[589,[20.69879,30.61268,0,[158.999,134.0595]]],[159,[20.90525,25.39897,0,[157.999,126.6511]]],[173,[22.39048,29.418,0,[157.999,127.504]]],[601,[20.19813,28.39492,0,[158.999,134.5504]]],[513,[22.58599,32.40579,0,[158.999,131.7742]]],[343,[23.12694,32.86048,0,[157.999,129.9541]]],[569,[22.28676,32.04779,0,[158.999,132.8578]]],[253,[22.87514,31.93714,0,[157.999,128.5343]]],[147,[22.02127,26.58165,0,[157.999,126.6838]]],[491,[23.03243,33.3635,0,[158.999,131.0748]]],[603,[22.35995,30.70213,0,[158.999,134.1212]]],[314,[23.46773,33.92634,0,[157.999,129.0153]]],[532,[23.10644,32.75727,0,[158.999,132.1772]]],[219,[20.70129,19.74283,0,[157.999,125.6357]]],[404,[23.18622,33.10488,0,[158.999,130.0261]]],[202,[21.52688,22.38186,0,[157.999,125.8539]]],[579,[22.79716,32.36288,0,[158.999,133.2081]]],[602,[21.25549,29.62041,0,[158.999,134.8373]]],[228,[23.41965,32.02277,0,[157.999,127.9259]]],[514,[23.60675,33.60439,0,[158.999,131.3232]]],[344,[24.08719,33.93319,0,[157.999,129.1557]]],[374,[23.73127,32.84291,0,[158.999,130.2338]]],[221,[16.72914,20.64001,0,[157.999,125.7097]]],[254,[23.97937,33.02836,0,[157.999,128.0711]]],[533,[23.79213,33.87135,0,[158.999,132.3721]]],[561,[23.39086,32.02837,0,[158.999,133.1287]]],[610,[22.35918,23.93572,0,[158.999,135.3388]]],[174,[22.93409,30.78913,0,[157.999,127.3981]]],[464,[24.1892,33.20028,0,[158.999,130.9149]]],[345,[24.76164,35.01943,0,[157.999,129.8222]]],[172,[24.00145,28.86135,0,[157.999,126.9618]]],[315,[24.61751,35.02654,0,[157.999,128.7761]]],[590,[21.81028,31.8496,0,[158.999,133.9278]]],[465,[24.29713,34.08756,0,[158.999,131.9889]]],[175,[24.52444,31.78951,0,[157.999,127.7049]]],[580,[24.14852,33.81352,0,[158.999,133.2281]]],[604,[23.12567,31.60658,0,[158.999,134.098]]],[434,[24.77184,33.14196,0,[158.999,130.2682]]],[435,[24.77857,34.06131,0,[158.999,131.3806]]],[130,[22.81869,25.38279,0,[157.999,126.3185]]],[200,[22.34121,20.06786,0,[157.999,125.7764]]],[346,[25.36936,36.27811,0,[157.999,129.1548]]],[548,[24.75625,34.55421,0,[158.999,132.5996]]],[148,[23.45652,27.7373,0,[157.999,126.8239]]],[628,[20.71364,27.12709,0,[158.999,135.1889]]],[183,[25.15469,32.18877,0,[157.999,128.1233]]],[405,[25.35532,34.10517,0,[158.999,130.8095]]],[616,[23.73367,29.70443,0,[158.999,134.0321]]],[375,[25.85574,35.02966,0,[157.999,129.6983]]],[492,[25.30744,34.64921,0,[158.999,131.9313]]],[605,[24.73857,33.06929,0,[158.999,133.7087]]],[515,[25.28699,34.7141,0,[158.999,133.1088]]],[162,[25.06944,29.14324,0,[157.999,127.0184]]],[163,[25.71316,30.56338,0,[157.999,128.1956]]],[284,[26.18312,34.13154,0,[157.999,128.8061]]],[406,[25.88643,35.16536,0,[158.999,130.1892]]],[135,[23.98117,28.49288,0,[157.999,125.8474]]],[466,[25.85857,35.4095,0,[158.999,131.332]]],[626,[23.4973,25.37591,0,[158.999,135.0488]]],[493,[25.80266,35.53607,0,[158.999,132.4592]]],[618,[25.27208,31.7808,0,[158.999,134.2527]]],[617,[24.30914,30.66019,0,[158.999,134.383]]],[376,[26.70255,36.27306,0,[157.999,129.2812]]],[151,[26.20084,30.85181,0,[157.999,127.5681]]],[436,[26.42947,35.43349,0,[158.999,130.4086]]],[161,[24.55226,27.88645,0,[157.999,126.6137]]],[467,[26.4115,36.68367,0,[158.999,131.5716]]],[229,[26.67272,33.50849,0,[157.999,128.1395]]],[570,[25.84879,33.63992,0,[158.999,133.6116]]],[150,[25.62814,29.48697,0,[157.999,127.0357]]],[534,[26.35373,35.2735,0,[158.999,132.7087]]],[347,[27.3646,37.53272,0,[157.999,129.5947]]],[615,[22.89193,28.50003,0,[158.999,135.0802]]],[437,[26.95164,36.49287,0,[158.999,130.7876]]],[535,[26.9528,36.11748,0,[158.999,131.9028]]],[285,[27.19447,35.29574,0,[157.999,128.5362]]],[629,[24.80974,28.46423,0,[158.999,135.1198]]],[137,[27.04928,31.11887,0,[157.999,127.2903]]],[614,[21.82572,27.80887,0,[158.999,135.1144]]],[134,[26.04603,27.95288,0,[157.999,126.1726]]],[187,[23.35837,23.35968,0,[157.999,125.742]]],[549,[27.02112,35.97355,0,[158.999,133.0069]]],[316,[27.90965,36.66811,0,[157.999,129.8073]]],[438,[27.54621,37.72643,0,[158.999,130.8698]]],[516,[27.50206,35.6852,0,[158.999,131.9763]]],[591,[26.56882,33.10965,0,[158.999,133.7598]]],[255,[27.85583,34.44339,0,[157.999,128.7037]]],[642,[24.14639,27.40138,0,[158.999,135.4403]]],[164,[27.60251,31.5516,0,[157.999,127.7307]]],[592,[27.58016,34.27092,0,[158.999,133.0835]]],[407,[28.06373,36.6276,0,[158.999,131.2]]],[627,[19.80614,26.02454,0,[158.999,135.3174]]],[377,[28.05209,36.66261,0,[158.999,130.0883]]],[256,[28.37938,35.74525,0,[157.999,129.0411]]],[550,[28.04662,36.6093,0,[158.999,132.2969]]],[149,[25.35425,28.42546,0,[157.999,125.9525]]],[136,[26.56421,29.75264,0,[157.999,126.7588]]],[644,[27.66338,29.65404,0,[158.999,134.1841]]],[619,[28.15521,33.20646,0,[158.999,133.3791]]],[152,[28.16942,31.87151,0,[157.999,127.6407]]],[348,[28.60089,37.78127,0,[158.999,130.0991]]],[494,[28.61144,36.95469,0,[158.999,131.2043]]],[230,[28.98925,34.92556,0,[157.999,129.0111]]],[611,[17.50947,24.55791,0,[158.999,135.1934]]],[551,[28.64752,38.19159,0,[158.999,132.2995]]],[121,[27.60433,30.76513,0,[157.999,126.6369]]],[208,[28.67074,33.62251,0,[157.999,128.0978]]],[286,[29.59576,36.91314,0,[157.999,129.6516]]],[408,[29.11346,38.06985,0,[158.999,130.7375]]],[645,[28.2391,29.8122,0,[158.999,134.4728]]],[119,[27.11572,28.81449,0,[157.999,126.0363]]],[517,[29.17386,37.40575,0,[158.999,131.8205]]],[632,[28.70997,31.59187,0,[158.999,133.3927]]],[176,[29.57809,33.63598,0,[157.999,128.5759]]],[620,[29.21059,34.56942,0,[158.999,132.9077]]],[133,[24.76722,26.79149,0,[157.999,125.623]]],[631,[27.08539,30.76739,0,[158.999,134.1754]]],[378,[29.66198,37.78024,0,[158.999,130.6105]]],[201,[26.57058,22.59222,0,[157.999,125.6591]]],[581,[29.71761,36.2405,0,[158.999,131.8002]]],[138,[28.69129,31.9359,0,[157.999,126.9821]]],[231,[30.13597,35.95198,0,[157.999,129.4358]]],[633,[29.3937,32.4274,0,[158.999,133.939]]],[153,[29.77122,32.74527,0,[157.999,127.5636]]],[658,[27.78015,29.18462,0,[158.999,135.2811]]],[606,[29.84134,34.59109,0,[158.999,132.9462]]],[469,[30.18315,39.08414,0,[158.999,131.1026]]],[166,[30.20634,33.62439,0,[157.999,128.3281]]],[317,[30.64697,37.88694,0,[157.999,129.9865]]],[646,[28.89416,30.41361,0,[158.999,134.4238]]],[495,[30.25971,38.60361,0,[158.999,132.2139]]],[120,[28.18573,30.0544,0,[157.999,126.5226]]],[165,[29.20686,32.42375,0,[157.999,127.7272]]],[643,[26.49207,28.7307,0,[158.999,134.9126]]],[379,[30.66857,39.03347,0,[158.999,130.3584]]],[409,[30.72816,38.97892,0,[158.999,131.4542]]],[184,[30.6846,34.09362,0,[157.999,128.8814]]],[536,[30.52271,37.68594,0,[158.999,133.1991]]],[257,[31.20823,37.19948,0,[157.999,129.259]]],[657,[28.55005,28.32168,0,[158.999,135.4113]]],[140,[30.75414,33.7857,0,[157.999,127.7755]]],[634,[30.08699,33.37945,0,[158.999,133.9415]]],[468,[30.99102,37.98429,0,[158.999,132.4212]]],[287,[31.2186,37.27982,0,[158.999,130.2889]]],[167,[31.27249,34.77274,0,[157.999,128.1569]]],[209,[31.75574,35.40275,0,[157.999,129.0956]]],[380,[31.30822,40.11899,0,[158.999,131.4491]]],[118,[29.87751,28.56077,0,[157.999,126.4981]]],[132,[27.84627,26.34514,0,[157.999,125.6436]]],[154,[31.81129,33.80291,0,[157.999,127.9551]]],[537,[31.12425,39.07521,0,[158.999,133.4936]]],[139,[30.2899,32.61308,0,[157.999,127.2072]]],[210,[32.2236,36.70779,0,[157.999,129.6974]]],[648,[30.67249,32.47559,0,[158.999,134.3863]]],[318,[31.76345,38.31465,0,[158.999,130.8099]]],[496,[31.53533,39.56818,0,[158.999,132.6209]]],[125,[31.72835,34.36143,0,[157.999,126.863]]],[177,[32.27417,35.00007,0,[157.999,128.5589]]],[647,[29.7403,31.35857,0,[158.999,134.8034]]],[470,[31.94257,40.43477,0,[158.999,131.8638]]],[122,[29.2515,31.63503,0,[157.999,126.601]]],[192,[32.76894,36.06881,0,[157.999,129.1112]]],[259,[32.26215,38.57349,0,[158.999,130.2473]]],[519,[31.67644,39.33877,0,[158.999,133.8109]]],[659,[30.23558,29.51067,0,[158.999,135.3164]]],[107,[30.65149,31.70255,0,[157.999,126.3738]]],[155,[32.27137,34.78165,0,[157.999,127.251]]],[156,[32.75346,36.31262,0,[157.999,127.9879]]],[498,[32.08278,42.26955,0,[158.999,133.0491]]],[124,[31.17717,33.36885,0,[157.999,127.0165]]],[439,[32.44569,39.21629,0,[158.999,131.2977]]],[595,[18.67566,23.1185,0,[158.999,135.5258]]],[211,[33.28439,38.28045,0,[157.999,129.5286]]],[288,[32.96716,38.52143,0,[158.999,130.5776]]],[109,[32.80005,33.67161,0,[157.999,126.8813]]],[594,[31.26251,37.76777,0,[158.999,134.5636]]],[168,[33.3057,36.87574,0,[157.999,128.3089]]],[440,[32.57582,40.19147,0,[158.999,132.3867]]],[552,[32.61173,39.81916,0,[158.999,133.6862]]],[116,[30.22758,26.49797,0,[157.999,125.6548]]],[349,[33.1324,39.2905,0,[158.999,131.6387]]],[232,[33.52278,37.09784,0,[158.999,130.2238]]],[141,[33.33905,35.19947,0,[157.999,127.1451]]],[673,[29.2432,30.4555,0,[158.999,135.2795]]],[117,[28.73843,27.40936,0,[157.999,125.8391]]],[193,[33.81676,37.80074,0,[157.999,129.1828]]],[471,[33.10897,42.18694,0,[158.999,132.8928]]],[186,[29.55912,23.86017,0,[157.999,125.6157]]],[411,[33.63931,41.26062,0,[158.999,132.2087]]],[289,[33.83654,40.09211,0,[158.999,131.1434]]],[518,[32.13182,38.29695,0,[158.999,134.4587]]],[104,[32.27364,29.92614,0,[157.999,126.0763]]],[142,[33.88662,36.5192,0,[157.999,128.0603]]],[261,[34.14106,42.95973,0,[158.999,130.0297]]],[143,[34.40151,38.12998,0,[157.999,129.0292]]],[110,[33.98685,34.82407,0,[157.999,126.9627]]],[660,[30.99199,30.58494,0,[158.999,135.526]]],[410,[34.21967,40.35859,0,[158.999,132.0466]]],[441,[33.68195,41.79139,0,[158.999,133.3442]]],[319,[34.3927,40.02369,0,[158.999,131.0196]]],[102,[31.74018,28.28169,0,[157.999,125.7589]]],[650,[34.23103,34.94595,0,[158.999,133.1293]]],[636,[33.15176,36.01167,0,[158.999,134.1368]]],[157,[35.15022,39.05149,0,[157.999,129.6161]]],[126,[34.97647,36.73832,0,[157.999,128.584]]],[111,[34.47686,36.31707,0,[157.999,127.9231]]],[290,[34.88987,41.19757,0,[158.999,130.6064]]],[105,[33.555,30.74502,0,[157.999,126.03]]],[350,[35.06419,40.65444,0,[158.999,131.6552]]],[607,[34.7655,36.40495,0,[158.999,132.5646]]],[674,[34.24541,31.20556,0,[158.999,134.2152]]],[635,[31.71642,34.11774,0,[158.999,135.2049]]],[663,[34.77386,33.90302,0,[158.999,133.6792]]],[233,[35.35395,39.84231,0,[158.999,130.0316]]],[127,[35.65511,38.24028,0,[157.999,129.003]]],[94,[35.20026,34.93622,0,[157.999,127.5932]]],[320,[35.5359,41.0795,0,[158.999,131.0862]]],[108,[34.67965,32.89817,0,[157.999,126.8964]]],[649,[32.67883,33.57602,0,[158.999,135.0358]]],[520,[35.71299,41.75347,0,[158.999,132.1856]]],[621,[35.29302,36.36064,0,[158.999,132.9189]]],[89,[34.26284,30.14172,0,[157.999,125.9767]]],[234,[36.20937,42.53611,0,[157.999,129.0586]]],[258,[35.92225,39.70117,0,[158.999,130.0793]]],[662,[33.69233,32.92638,0,[158.999,134.501]]],[413,[36.11614,44.51752,0,[158.999,131.1144]]],[95,[35.73881,36.29836,0,[157.999,127.924]]],[123,[31.15607,31.98346,0,[157.999,125.8817]]],[96,[36.30222,37.8567,0,[157.999,127.9821]]],[593,[35.8329,36.52444,0,[158.999,133.4443]]],[103,[32.9036,28.79695,0,[157.999,125.7989]]],[442,[36.27277,43.68269,0,[158.999,132.1809]]],[630,[25.9311,30.04161,0,[158.999,134.7139]]],[128,[36.86153,40.02985,0,[157.999,129.3041]]],[262,[36.58218,46.54479,0,[158.999,130.3179]]],[93,[35.72924,33.72724,0,[157.999,126.8259]]],[351,[36.69522,43.65649,0,[158.999,131.4114]]],[81,[36.90443,37.82672,0,[157.999,128.2077]]],[622,[36.37691,37.92974,0,[158.999,133.272]]],[542,[27.10979,20.71974,0,[158.999,135.2877]]],[79,[36.83529,35.30162,0,[157.999,127.1026]]],[497,[36.79606,41.53236,0,[158.999,132.5402]]],[651,[35.38484,36.16806,0,[158.999,134.0928]]],[213,[37.59209,43.19149,0,[157.999,129.7913]]],[412,[37.17753,43.02696,0,[158.999,130.8631]]],[112,[37.42915,38.12302,0,[157.999,128.7715]]],[383,[37.26143,45.93118,0,[158.999,131.9432]]],[80,[36.2797,36.3269,0,[157.999,126.8843]]],[664,[36.90025,35.02238,0,[158.999,133.6527]]],[292,[37.65764,46.6943,0,[158.999,130.1051]]],[65,[37.3908,37.3374,0,[157.999,127.6862]]],[499,[37.34984,44.43297,0,[158.999,133.0312]]],[641,[25.47529,26.97223,0,[158.999,135.3908]]],[291,[37.73978,44.19063,0,[158.999,131.1895]]],[97,[37.91538,38.81985,0,[157.999,128.1425]]],[106,[35.20331,31.18725,0,[157.999,126.4901]]],[113,[38.22867,39.94525,0,[157.999,129.0247]]],[472,[37.82079,43.69218,0,[158.999,132.2749]]],[322,[38.23836,46.70933,0,[158.999,130.6254]]],[212,[38.72488,42.9073,0,[157.999,129.522]]],[64,[37.89814,36.46585,0,[157.999,127.0315]]],[652,[37.87629,38.42568,0,[158.999,133.3711]]],[381,[38.32498,44.11813,0,[158.999,131.7152]]],[677,[37.36265,33.79909,0,[158.999,134.2231]]],[82,[38.43329,39.23759,0,[157.999,127.8434]]],[78,[37.35315,34.11488,0,[157.999,126.6097]]],[92,[36.22473,32.61724,0,[157.999,125.7873]]],[538,[38.38706,41.58058,0,[158.999,132.8172]]],[689,[36.48403,32.20827,0,[158.999,134.3582]]],[194,[38.87987,41.61973,0,[157.999,128.4634]]],[235,[39.26161,47.20465,0,[157.999,129.9212]]],[352,[38.8776,44.85423,0,[158.999,130.9841]]],[90,[37.91961,31.22132,0,[157.999,125.923]]],[88,[36.82212,29.63871,0,[157.999,125.9828]]],[473,[38.94035,46.17143,0,[158.999,132.0639]]],[609,[38.38811,40.52818,0,[158.999,133.9356]]],[214,[39.3926,45.35879,0,[157.999,128.8685]]],[66,[39.01581,39.01523,0,[157.999,127.3626]]],[260,[39.38304,43.67091,0,[158.999,130.3675]]],[521,[38.93134,44.93305,0,[158.999,133.1546]]],[655,[37.1034,29.08464,0,[158.999,135.1814]]],[443,[39.47694,46.81681,0,[158.999,131.5421]]],[676,[35.90775,32.83856,0,[158.999,134.8246]]],[185,[34.82741,23.25501,0,[157.999,125.6929]]],[215,[39.92758,51.91785,0,[157.999,129.229]]],[539,[39.47541,45.27236,0,[158.999,132.7411]]],[63,[38.44495,35.00467,0,[157.999,126.7538]]],[115,[37.38725,26.31076,0,[157.999,125.5279]]],[144,[39.61337,42.13483,0,[157.999,127.8766]]],[665,[37.89658,35.80786,0,[158.999,134.4712]]],[353,[40.00875,47.1273,0,[158.999,130.9567]]],[666,[39.55724,38.28207,0,[158.999,133.8443]]],[294,[40.43227,52.05603,0,[157.999,129.857]]],[637,[40.01102,40.6744,0,[158.999,132.5038]]],[675,[34.85667,32.06401,0,[158.999,134.7812]]],[83,[40.13045,40.7044,0,[157.999,127.0648]]],[197,[40.65783,51.86293,0,[157.999,128.8387]]],[444,[40.39875,47.70226,0,[158.999,131.7423]]],[196,[40.17115,45.09373,0,[157.999,128.2234]]],[50,[39.5864,37.93465,0,[157.999,126.7857]]],[321,[40.56581,44.89548,0,[158.999,130.6941]]],[679,[40.27349,36.53558,0,[158.999,133.4848]]],[678,[38.96257,35.0779,0,[158.999,134.2395]]],[101,[35.64087,27.82967,0,[157.999,125.729]]],[667,[40.66984,41.71229,0,[158.999,132.7102]]],[237,[41.0762,50.48546,0,[157.999,129.6081]]],[195,[40.72475,44.93744,0,[157.999,127.7314]]],[382,[40.98137,45.47072,0,[158.999,131.6164]]],[293,[41.10635,48.98431,0,[158.999,130.3772]]],[98,[41.25997,44.67899,0,[157.999,128.5775]]],[686,[37.7863,30.3974,0,[158.999,135.5449]]],[704,[40.2275,34.07212,0,[158.999,134.5833]]],[91,[39.02218,32.2134,0,[157.999,126.1972]]],[692,[40.81454,34.99572,0,[158.999,134.0256]]],[680,[41.20096,37.75258,0,[158.999,132.9261]]],[51,[40.71942,40.3326,0,[157.999,126.6239]]],[114,[41.82811,48.08243,0,[157.999,128.7342]]],[84,[42.03733,51.24411,0,[157.999,129.7333]]],[324,[41.59229,50.00955,0,[158.999,130.8905]]],[608,[41.5546,41.45333,0,[158.999,131.9857]]],[67,[41.31543,41.11774,0,[157.999,127.483]]],[49,[41.88825,37.13781,0,[157.999,127.6496]]],[693,[41.36998,35.97567,0,[158.999,134.0255]]],[236,[42.57537,52.24817,0,[157.999,129.9983]]],[624,[41.75565,46.36893,0,[158.999,133.0213]]],[640,[36.50984,26.81156,0,[158.999,135.4496]]],[53,[42.4497,46.73502,0,[157.999,128.9298]]],[414,[42.13774,49.79572,0,[158.999,131.09]]],[691,[39.67326,33.91042,0,[158.999,134.9514]]],[87,[38.52108,29.08515,0,[157.999,125.6672]]],[77,[40.24648,33.83004,0,[157.999,125.9191]]],[500,[42.24958,47.20473,0,[158.999,132.15]]],[52,[42.42612,41.88987,0,[157.999,127.8462]]],[99,[43.07332,55.18261,0,[157.999,129.2601]]],[264,[42.59293,52.9811,0,[158.999,130.4107]]],[76,[42.07002,33.25078,0,[157.999,126.6226]]],[705,[41.11897,34.76611,0,[158.999,135.1503]]],[68,[43.00702,44.1158,0,[157.999,128.1587]]],[638,[42.33656,43.91977,0,[158.999,133.2287]]],[354,[42.8032,49.85221,0,[158.999,131.4359]]],[198,[43.11041,53.68837,0,[158.999,130.0307]]],[688,[40.58027,31.11441,0,[158.999,135.4254]]],[62,[42.61268,35.05991,0,[157.999,126.8235]]],[74,[39.63017,30.98058,0,[157.999,125.6972]]],[37,[43.64388,45.49255,0,[157.999,128.928]]],[540,[42.83113,47.17786,0,[158.999,132.5733]]],[263,[43.43717,51.6901,0,[158.999,130.9073]]],[23,[43.53547,42.88756,0,[157.999,127.8502]]],[522,[43.34453,47.73518,0,[158.999,131.9967]]],[706,[41.92163,36.10151,0,[158.999,134.1251]]],[75,[41.5072,32.2754,0,[157.999,126.4633]]],[129,[44.1337,53.22899,0,[157.999,129.4716]]],[216,[43.94562,54.41845,0,[158.999,130.3832]]],[694,[42.947,37.33885,0,[158.999,133.6827]]],[474,[43.92408,49.39568,0,[158.999,131.5529]]],[681,[43.46053,39.28782,0,[158.999,133.0777]]],[36,[43.1531,39.79532,0,[157.999,127.0397]]],[703,[39.12427,33.01381,0,[158.999,135.2789]]],[14,[44.10171,46.13187,0,[157.999,128.1052]]],[100,[41.07787,27.50363,0,[157.999,125.7724]]],[48,[43.14198,36.43953,0,[157.999,125.9315]]],[654,[43.973,47.47184,0,[158.999,132.6621]]],[702,[42.48217,34.30155,0,[158.999,134.2877]]],[38,[44.58887,48.67086,0,[157.999,128.8562]]],[69,[44.92054,52.61749,0,[157.999,129.7357]]],[323,[44.44707,48.82144,0,[158.999,130.8882]]],[682,[44.04967,41.88603,0,[158.999,133.7947]]],[695,[43.52906,38.17402,0,[158.999,134.1773]]],[553,[44.48186,46.19976,0,[158.999,132.0025]]],[34,[44.63451,38.56285,0,[157.999,127.7534]]],[47,[44.38599,35.66378,0,[157.999,126.7885]]],[238,[44.96177,55.28016,0,[158.999,130.2558]]],[653,[44.56504,45.29305,0,[158.999,133.1003]]],[24,[45.10361,42.45827,0,[157.999,128.3471]]],[12,[45.45863,44.49424,0,[157.999,129.16]]],[61,[42.59206,33.77441,0,[157.999,125.723]]],[554,[45.00746,49.80979,0,[158.999,131.3444]]],[690,[38.43725,33.13061,0,[158.999,135.0841]]],[707,[42.98994,36.89388,0,[158.999,134.9788]]],[683,[45.17438,48.66528,0,[158.999,132.3711]]],[687,[41.68883,31.56356,0,[158.999,135.1663]]],[59,[45.13321,34.06824,0,[157.999,127.2476]]],[384,[45.50963,50.27039,0,[158.999,130.7601]]],[25,[45.95346,49.77309,0,[157.999,129.6544]]],[708,[44.57431,38.83,0,[158.999,134.2361]]],[46,[45.65821,36.85656,0,[157.999,128.0931]]],[35,[43.83956,39.51361,0,[157.999,126.9368]]],[709,[45.15681,41.00076,0,[158.999,133.4633]]],[639,[45.83357,51.32556,0,[158.999,131.6494]]],[661,[33.37298,31.37797,0,[158.999,135.4139]]],[697,[45.71023,45.80029,0,[158.999,132.7173]]],[22,[46.15139,41.11914,0,[157.999,128.6111]]],[13,[46.51551,46.80662,0,[157.999,129.5423]]],[39,[46.12191,53.74818,0,[158.999,130.6197]]],[73,[44.86311,31.51223,0,[157.999,126.2174]]],[717,[44.12133,36.24692,0,[158.999,135.0555]]],[86,[41.87395,28.38593,0,[157.999,125.5995]]],[60,[45.99084,34.91537,0,[157.999,127.2198]]],[669,[46.40223,52.59191,0,[158.999,131.6897]]],[719,[45.71324,39.41204,0,[158.999,133.8171]]],[33,[46.81229,40.65335,0,[157.999,128.6009]]],[721,[46.28936,42.65821,0,[158.999,132.7651]]],[21,[47.11394,45.0601,0,[157.999,129.5733]]],[32,[46.48305,38.01107,0,[157.999,127.7208]]],[623,[46.68601,49.45984,0,[158.999,130.6833]]],[672,[42.30156,30.29435,0,[158.999,135.3226]]],[58,[45.55606,32.96405,0,[157.999,126.5752]]],[684,[46.97931,50.55457,0,[158.999,131.6394]]],[54,[47.62539,55.12865,0,[157.999,129.9982]]],[718,[45.13443,37.38214,0,[158.999,134.5582]]],[20,[47.37379,40.19704,0,[157.999,128.5718]]],[44,[46.47603,34.88997,0,[157.999,126.6112]]],[729,[46.98945,41.93002,0,[158.999,132.7468]]],[31,[47.01022,37.26243,0,[157.999,127.3285]]],[727,[46.54172,38.56848,0,[158.999,133.7388]]],[656,[35.36898,28.43247,0,[158.999,135.2239]]],[696,[47.44009,47.71667,0,[158.999,130.9053]]],[26,[47.88282,52.88795,0,[157.999,129.019]]],[85,[44.28817,28.08818,0,[157.999,125.7042]]],[15,[48.27637,53.03893,0,[157.999,129.938]]],[720,[47.65609,44.72275,0,[158.999,131.9232]]],[10,[48.14028,41.21194,0,[157.999,128.0342]]],[45,[47.62978,36.29347,0,[157.999,127.5977]]],[57,[46.0074,31.38695,0,[157.999,125.8638]]],[725,[47.61511,39.09615,0,[158.999,133.02]]],[716,[46.10884,36.53526,0,[158.999,134.5761]]],[29,[47.2735,35.55623,0,[157.999,126.2923]]],[668,[48.07502,53.52042,0,[158.999,130.8859]]],[6,[48.54444,50.70308,0,[157.999,128.9599]]],[701,[47.20462,36.93514,0,[158.999,133.83]]],[671,[43.55083,31.32155,0,[158.999,135.2789]]],[11,[48.99334,45.77422,0,[157.999,129.7574]]],[728,[48.38635,43.5675,0,[158.999,131.8187]]],[18,[48.37933,36.98108,0,[157.999,127.0226]]],[735,[48.23793,41.84518,0,[158.999,132.897]]],[30,[48.77728,37.34014,0,[157.999,127.9459]]],[710,[48.74214,48.56668,0,[158.999,130.7504]]],[43,[47.86176,33.948,0,[157.999,126.6107]]],[19,[49.25217,40.10948,0,[157.999,128.771]]],[72,[43.70102,30.73766,0,[157.999,125.8712]]],[733,[47.79588,38.74414,0,[158.999,134.1104]]],[685,[46.44371,31.84778,0,[158.999,135.4791]]],[730,[49.04481,45.28149,0,[158.999,132.1664]]],[722,[48.82025,47.01326,0,[158.999,133.2477]]],[1,[49.08146,40.25208,0,[157.999,127.0124]]],[726,[49.27425,41.34954,0,[158.999,131.059]]],[4,[49.77507,48.38325,0,[157.999,129.3979]]],[738,[48.4202,44.80981,0,[158.999,134.1927]]],[9,[49.61359,39.92842,0,[157.999,127.9325]]],[737,[49.43644,43.77827,0,[158.999,133.4771]]],[28,[48.68188,34.67827,0,[157.999,126.0562]]],[42,[46.79406,32.43293,0,[157.999,125.7187]]],[723,[49.69686,52.10955,0,[158.999,132.2009]]],[700,[46.8303,35.42803,0,[158.999,134.686]]],[699,[49.69489,56.03781,0,[158.999,130.0992]]],[713,[49.06808,36.00412,0,[158.999,134.6698]]],[3,[50.26956,45.18475,0,[157.999,128.6806]]],[698,[50.01912,51.00137,0,[158.999,131.1052]]],[40,[49.73222,33.9747,0,[157.999,126.7753]]],[5,[50.2402,46.16814,0,[157.999,127.4982]]],[670,[47.37852,31.91926,0,[158.999,135.1725]]],[734,[50.11502,41.02885,0,[158.999,133.2564]]],[2,[50.91642,46.06535,0,[157.999,128.6145]]],[711,[50.84172,53.53925,0,[157.999,129.8462]]],[732,[50.45924,52.83154,0,[158.999,132.034]]],[71,[45.32876,29.73777,0,[157.999,125.5879]]],[724,[48.0752,37.08091,0,[158.999,135.2557]]],[8,[50.82659,39.38176,0,[157.999,127.2928]]],[27,[50.28944,35.02142,0,[157.999,126.1578]]],[55,[49.3815,31.5354,0,[157.999,125.9063]]],[712,[50.80552,52.37588,0,[158.999,130.8687]]],[736,[49.87087,42.40451,0,[158.999,134.5726]]],[0,[51.62025,43.66032,0,[157.999,129.4807]]],[17,[51.43927,37.84943,0,[157.999,127.7394]]],[739,[50.66542,47.71903,0,[158.999,134.1721]]],[625,[34.33842,25.41001,0,[158.999,135.2881]]],[56,[51.11111,31.93994,0,[157.999,126.2239]]],[731,[50.97273,48.86755,0,[158.999,132.7902]]],[7,[52.08649,42.45847,0,[157.999,128.3317]]],[70,[48.12384,29.86734,0,[157.999,125.6572]]],[16,[51.95699,37.38575,0,[157.999,126.6998]]],[715,[44.79611,33.7538,0,[158.999,135.4358]]],[714,[45.58869,34.35213,0,[158.999,135.2516]]],[41,[52.78687,34.71528,0,[157.999,127.401]]]
1:[355,[35.25967,70.49269,0,[99.999,128.8542]]],[385,[35.25109,70.47955,0,[99.999,130.6353]]],[325,[35.28532,70.54314,0,[99.999,127.3062]]],[415,[35.7896,71.54372,0,[98.999,132.5643]]],[356,[35.8094,71.54694,0,[99.999,129.4097]]],[295,[34.83577,69.64175,0,[100.999,125.8115]]],[326,[35.82048,71.59734,0,[99.999,128.0298]]],[386,[35.95548,71.60811,0,[99.999,130.5493]]],[445,[35.93794,71.64967,0,[98.999,134.0571]]],[416,[35.86713,71.6189,0,[99.999,131.9354]]],[296,[35.87295,71.69329,0,[99.999,126.6378]]],[265,[34.95412,69.82462,0,[100.999,124.427]]],[357,[36.40851,72.75233,0,[99.999,128.6443]]],[446,[36.56484,72.75735,0,[98.999,133.2736]]],[417,[36.43038,72.78761,0,[99.999,131.2829]]],[327,[36.43922,72.81487,0,[99.999,127.3103]]],[387,[36.60506,72.81085,0,[99.999,129.8154]]],[266,[35.50117,70.86436,0,[100.999,125.3137]]],[447,[37.16914,73.94205,0,[98.999,132.4651]]],[297,[36.034,71.9548,0,[100.999,125.9543]]],[475,[36.64967,72.87174,0,[98.999,134.7645]]],[418,[37.01797,73.90742,0,[99.999,130.6001]]],[358,[37.01997,73.91796,0,[99.999,127.9421]]],[388,[37.16541,73.96367,0,[99.999,129.1105]]],[476,[37.21381,73.96511,0,[98.999,134.1274]]],[448,[37.21445,74.06699,0,[99.999,131.7013]]],[328,[37.03791,73.96473,0,[99.999,126.6391]]],[477,[37.64283,75.03659,0,[98.999,133.136]]],[239,[35.72021,71.14758,0,[100.999,124.1176]]],[267,[36.25761,72.12909,0,[100.999,124.7196]]],[419,[37.58449,75.06657,0,[99.999,130.0247]]],[359,[37.64866,75.20311,0,[99.999,127.5766]]],[389,[37.76595,75.156,0,[99.999,128.7721]]],[449,[37.77381,75.18761,0,[99.999,131.2333]]],[478,[38.15421,76.12605,0,[98.999,132.4662]]],[298,[36.86298,73.27784,0,[100.999,125.3999]]],[329,[37.69102,75.26671,0,[99.999,126.3926]]],[420,[38.13223,76.06378,0,[99.999,130.1426]]],[502,[38.09676,75.24013,0,[98.999,133.7697]]],[360,[38.2776,76.13026,0,[99.999,127.8235]]],[390,[38.37189,76.10911,0,[99.999,129.0152]]],[450,[38.40598,76.21855,0,[99.999,131.4043]]],[479,[38.72008,77.17142,0,[98.999,132.5968]]],[268,[36.92768,73.47921,0,[100.999,124.1802]]],[330,[38.30822,76.18182,0,[99.999,126.617]]],[421,[38.70238,77.10948,0,[99.999,130.2414]]],[501,[38.1174,74.39804,0,[98.999,134.9029]]],[299,[37.62837,74.47895,0,[100.999,125.3656]]],[361,[38.83436,77.40392,0,[99.999,127.705]]],[503,[38.70318,76.15089,0,[98.999,133.8482]]],[391,[38.948,77.24606,0,[99.999,128.9556]]],[480,[39.36645,78.2578,0,[98.999,132.4258]]],[451,[39.12876,77.21891,0,[99.999,131.2914]]],[269,[38.21859,74.91386,0,[100.999,125.4456]]],[331,[39.02416,77.53661,0,[99.999,126.5294]]],[422,[39.31481,78.23827,0,[99.999,130.0188]]],[504,[39.28393,77.40241,0,[98.999,133.6453]]],[240,[37.59006,73.04067,0,[100.999,124.194]]],[362,[39.37615,78.3876,0,[99.999,127.6547]]],[392,[39.52117,78.32784,0,[99.999,128.7284]]],[523,[38.97072,75.40244,0,[98.999,134.9531]]],[452,[39.73774,78.41528,0,[99.999,130.9272]]],[481,[40.07567,79.44759,0,[98.999,132.269]]],[393,[39.91872,79.26026,0,[99.999,129.5833]]],[505,[39.96294,78.53081,0,[98.999,133.5831]]],[241,[38.35529,74.23743,0,[100.999,124.2011]]],[332,[39.58395,78.35287,0,[99.999,126.2561]]],[300,[38.83001,75.87229,0,[100.999,125.1782]]],[333,[39.89172,79.26703,0,[99.999,127.26]]],[524,[39.68478,76.32951,0,[98.999,134.7992]]],[363,[40.14168,79.35079,0,[99.999,128.3404]]],[453,[40.14962,79.33115,0,[99.999,131.8306]]],[423,[40.30185,79.24672,0,[99.999,130.489]]],[506,[40.52735,79.48208,0,[98.999,133.2237]]],[394,[40.55232,80.28139,0,[99.999,129.2927]]],[302,[40.19414,78.71902,0,[99.999,126.1217]]],[303,[40.48651,79.69196,0,[99.999,127.1116]]],[527,[40.47948,79.66098,0,[98.999,134.606]]],[271,[39.42203,76.48148,0,[100.999,125.0526]]],[454,[40.71701,80.33887,0,[99.999,131.3832]]],[334,[40.79133,80.41031,0,[99.999,128.0894]]],[482,[41.09481,80.4067,0,[98.999,132.6335]]],[424,[40.96341,80.32273,0,[99.999,130.2505]]],[270,[39.07116,75.93003,0,[100.999,124.0068]]],[364,[41.17425,80.48438,0,[99.999,128.9947]]],[507,[41.13305,80.55261,0,[98.999,133.8159]]],[301,[40.01435,77.35593,0,[100.999,125.0996]]],[483,[41.70583,81.51237,0,[98.999,132.2691]]],[273,[40.93002,79.75211,0,[99.999,126.1113]]],[304,[41.19135,80.77879,0,[99.999,127.0845]]],[455,[41.45531,81.5583,0,[99.999,131.0867]]],[395,[41.59169,81.4216,0,[99.999,129.7917]]],[335,[41.52278,81.44923,0,[99.999,127.9785]]],[242,[39.79807,76.20731,0,[100.999,124.0027]]],[508,[41.70797,81.54589,0,[98.999,133.6232]]],[526,[41.25063,79.35129,0,[98.999,134.9253]]],[365,[41.94689,81.62383,0,[99.999,128.7262]]],[272,[40.65277,78.00472,0,[100.999,125.0949]]],[274,[41.80177,80.78966,0,[99.999,126.6546]]],[425,[42.09985,81.49118,0,[99.999,130.2814]]],[484,[42.01593,81.78901,0,[99.999,131.536]]],[509,[42.29815,82.86233,0,[98.999,132.5867]]],[305,[42.20237,81.81001,0,[99.999,127.6345]]],[246,[41.25718,79.18153,0,[100.999,125.4948]]],[396,[42.42582,82.52499,0,[99.999,129.2657]]],[529,[42.34733,81.99236,0,[98.999,133.7368]]],[244,[40.54193,76.93775,0,[100.999,124.0005]]],[456,[42.58866,82.71119,0,[99.999,131.0313]]],[510,[43.06249,84.30009,0,[98.999,132.3775]]],[528,[42.11386,81.17612,0,[98.999,134.8405]]],[275,[42.57964,81.70814,0,[99.999,126.632]]],[336,[42.76367,82.55165,0,[99.999,127.8654]]],[426,[42.93563,82.68304,0,[99.999,130.0273]]],[247,[41.92453,80.24052,0,[100.999,125.5345]]],[530,[42.96506,83.43589,0,[98.999,133.5697]]],[366,[43.0257,82.77763,0,[99.999,128.8466]]],[220,[41.26054,77.21072,0,[100.999,124.2133]]],[485,[43.09633,82.83266,0,[99.999,131.8486]]],[243,[41.83542,77.13275,0,[100.999,124.3629]]],[457,[43.35461,83.85837,0,[99.999,130.781]]],[546,[42.85574,82.82079,0,[98.999,134.8193]]],[306,[43.29743,82.77314,0,[99.999,127.4373]]],[397,[43.56328,83.67142,0,[99.999,129.5425]]],[562,[43.65926,84.63815,0,[98.999,133.2329]]],[248,[43.18247,81.98142,0,[99.999,126.3152]]],[337,[43.64042,83.57837,0,[99.999,128.3595]]],[555,[44.14248,85.40663,0,[98.999,132.3512]]],[571,[43.57843,83.7866,0,[98.999,134.5451]]],[486,[43.89074,84.29552,0,[99.999,131.2369]]],[223,[42.68135,79.41613,0,[100.999,125.1985]]],[427,[44.06525,83.80919,0,[99.999,130.0416]]],[276,[43.81062,82.60199,0,[99.999,126.545]]],[367,[44.2172,83.88537,0,[99.999,128.5728]]],[307,[44.11146,83.96187,0,[99.999,127.4754]]],[572,[44.2858,85.0694,0,[98.999,133.6257]]],[224,[43.29318,80.14393,0,[100.999,125.4008]]],[245,[42.42228,79.40411,0,[100.999,124.14]]],[547,[44.71907,85.33361,0,[98.999,132.4466]]],[458,[44.4762,85.04693,0,[99.999,131.1823]]],[398,[44.58722,84.82355,0,[99.999,129.3763]]],[249,[44.38036,83.12418,0,[99.999,126.2241]]],[217,[43.11475,74.49956,0,[100.999,124.16]]],[338,[44.79055,84.91058,0,[99.999,128.0525]]],[428,[44.89036,84.96099,0,[99.999,130.2846]]],[582,[44.26338,83.42609,0,[98.999,134.8534]]],[563,[45.06826,85.6965,0,[98.999,133.4613]]],[277,[44.80751,83.83688,0,[99.999,126.9361]]],[564,[45.38304,86.95533,0,[98.999,132.2707]]],[222,[43.80697,79.09587,0,[100.999,124.9754]]],[368,[45.19042,85.20138,0,[99.999,128.8983]]],[583,[44.91767,84.69794,0,[98.999,134.6045]]],[531,[45.19446,84.89716,0,[99.999,131.2004]]],[205,[44.36034,80.97125,0,[100.999,125.5101]]],[399,[45.4992,86.16586,0,[99.999,129.879]]],[278,[45.45562,85.21821,0,[99.999,127.6324]]],[573,[45.91328,86.37421,0,[98.999,132.7853]]],[250,[45.3946,84.46638,0,[99.999,126.4999]]],[556,[45.67207,85.85256,0,[99.999,131.7372]]],[308,[45.81627,85.50571,0,[99.999,128.5801]]],[487,[45.92505,85.88631,0,[99.999,130.6221]]],[584,[45.83736,85.75552,0,[98.999,133.8889]]],[199,[44.00589,75.66988,0,[100.999,123.9409]]],[204,[44.62733,80.03845,0,[100.999,124.324]]],[225,[45.02784,81.41617,0,[100.999,125.4064]]],[339,[46.20451,86.34814,0,[99.999,129.4089]]],[543,[45.54393,80.7302,0,[98.999,134.9712]]],[279,[46.14709,86.63898,0,[99.999,127.3874]]],[585,[46.54163,86.68349,0,[98.999,132.684]]],[574,[46.33547,86.46053,0,[99.999,131.6586]]],[511,[46.5402,85.34605,0,[99.999,130.4585]]],[227,[46.14542,85.48428,0,[99.999,126.2705]]],[309,[46.52261,86.87074,0,[99.999,128.2067]]],[597,[46.66212,85.40833,0,[98.999,133.77]]],[429,[46.85093,86.38851,0,[99.999,129.4361]]],[218,[45.23062,77.11401,0,[100.999,124.2207]]],[226,[45.75088,82.64956,0,[100.999,125.1826]]],[251,[46.70549,86.01295,0,[99.999,126.438]]],[596,[46.30428,84.65014,0,[98.999,134.7945]]],[557,[47.03141,87.17043,0,[99.999,130.9757]]],[565,[47.43137,87.97275,0,[98.999,132.1708]]],[369,[47.0718,86.48281,0,[99.999,128.2729]]],[599,[47.26162,87.03639,0,[98.999,133.2392]]],[280,[47.1774,87.95036,0,[99.999,127.1251]]],[459,[47.4199,86.62508,0,[99.999,130.095]]],[400,[47.54227,87.70467,0,[99.999,128.9616]]],[460,[47.53534,88.05444,0,[99.999,131.5686]]],[598,[47.05143,87.16669,0,[98.999,134.6869]]],[206,[46.72359,81.90936,0,[100.999,125.7134]]],[207,[46.36462,83.33773,0,[100.999,124.7366]]],[340,[47.68939,87.58842,0,[99.999,127.7802]]],[575,[48.10079,88.52832,0,[98.999,132.8118]]],[189,[45.84272,81.31612,0,[100.999,123.9829]]],[430,[47.95694,87.65986,0,[99.999,130.6284]]],[612,[47.74302,86.58855,0,[98.999,133.7913]]],[180,[47.68526,86.59161,0,[99.999,126.4596]]],[370,[48.08098,87.41223,0,[99.999,129.5306]]],[566,[48.08094,88.24696,0,[99.999,131.7958]]],[310,[48.21385,87.63853,0,[99.999,128.3799]]],[190,[47.20343,81.77802,0,[100.999,125.1187]]],[281,[48.22569,89.06217,0,[99.999,127.2459]]],[488,[48.51314,89.32162,0,[99.999,130.6257]]],[576,[48.63681,89.22575,0,[98.999,133.092]]],[371,[48.6697,88.60387,0,[99.999,129.0505]]],[544,[47.77343,81.52287,0,[98.999,134.9431]]],[586,[48.42775,88.0995,0,[98.999,134.5522]]],[145,[46.97932,82.39787,0,[100.999,124.0729]]],[558,[49.07926,89.27408,0,[98.999,132.2629]]],[191,[48.28595,83.82601,0,[99.999,126.1397]]],[311,[48.81494,88.91579,0,[99.999,127.5181]]],[431,[49.02679,88.68595,0,[99.999,129.9051]]],[461,[49.01575,88.86813,0,[99.999,131.3085]]],[613,[48.95082,86.83831,0,[98.999,133.9678]]],[181,[48.87997,87.91958,0,[99.999,126.3439]]],[341,[49.17325,88.692,0,[99.999,128.3694]]],[169,[47.77414,82.68516,0,[100.999,125.0326]]],[577,[49.67423,90.53196,0,[98.999,132.6125]]],[432,[49.51295,89.84344,0,[99.999,130.5895]]],[158,[48.3972,82.68996,0,[100.999,125.0757]]],[401,[49.5965,88.75021,0,[99.999,129.2332]]],[282,[49.50116,90.23927,0,[99.999,126.9559]]],[559,[49.62213,89.55686,0,[99.999,131.856]]],[312,[49.81484,89.95856,0,[99.999,127.9589]]],[587,[49.50371,88.81104,0,[98.999,133.6755]]],[178,[48.94193,83.9012,0,[100.999,125.7368]]],[188,[47.85551,81.4726,0,[100.999,123.9351]]],[402,[50.04671,89.81744,0,[99.999,130.0414]]],[541,[49.23562,79.67764,0,[98.999,134.9764]]],[372,[50.15936,89.83244,0,[99.999,128.9112]]],[489,[50.095,90.18473,0,[99.999,131.2754]]],[567,[50.327,90.35345,0,[98.999,133.0094]]],[171,[50.21091,85.74796,0,[99.999,127.0431]]],[203,[48.6766,82.17558,0,[100.999,124.0219]]],[131,[49.19442,83.74921,0,[100.999,124.636]]],[252,[50.48193,89.22259,0,[99.999,128.0062]]],[462,[50.54905,90.25785,0,[99.999,130.5327]]],[568,[50.82209,91.30847,0,[98.999,132.3737]]],[179,[49.65503,84.92596,0,[100.999,125.9572]]],[373,[50.66853,90.80825,0,[99.999,129.3455]]],[588,[50.348,89.88439,0,[98.999,134.1233]]],[512,[50.83237,90.42021,0,[99.999,131.5631]]],[525,[49.89286,86.1179,0,[98.999,134.7799]]],[342,[51.03743,89.84128,0,[99.999,128.2021]]],[433,[51.11164,91.17944,0,[99.999,130.3522]]],[578,[51.34477,91.671,0,[98.999,132.8618]]],[600,[51.04038,88.95587,0,[98.999,133.8041]]],[182,[50.94807,88.98756,0,[99.999,127.0094]]],[170,[49.88046,84.07461,0,[100.999,124.9622]]],[403,[51.29473,91.25404,0,[99.999,129.209]]],[160,[50.44002,84.11217,0,[100.999,125.9008]]],[560,[51.87313,91.43919,0,[98.999,132.3162]]],[490,[51.55779,91.26551,0,[99.999,131.1087]]],[283,[51.4957,91.07877,0,[99.999,127.1737]]],[545,[50.87759,86.72475,0,[98.999,134.97]]],[313,[51.71905,90.9892,0,[99.999,128.2314]]],[146,[49.84024,83.70691,0,[100.999,123.8643]]],[463,[51.79875,91.22209,0,[99.999,129.8128]]],[589,[51.86792,90.98242,0,[98.999,133.6174]]],[159,[50.53982,83.07706,0,[100.999,124.8043]]],[173,[51.64769,87.84855,0,[99.999,126.0546]]],[601,[51.59342,89.01345,0,[98.999,134.7643]]],[513,[52.14703,91.44478,0,[99.999,130.7818]]],[343,[52.17526,90.94009,0,[99.999,128.9054]]],[569,[52.5142,92.13302,0,[98.999,132.0954]]],[253,[52.12347,90.18563,0,[99.999,127.0187]]],[147,[51.15936,84.29039,0,[100.999,124.9001]]],[491,[52.60387,92.3938,0,[99.999,129.9789]]],[603,[52.55076,90.9473,0,[98.999,133.4144]]],[314,[52.54831,92.06955,0,[99.999,127.7465]]],[532,[52.64846,91.80199,0,[99.999,131.3933]]],[219,[50.82676,77.85842,0,[100.999,123.851]]],[404,[52.73722,92.16531,0,[99.999,128.8145]]],[202,[51.75451,80.92011,0,[100.999,125.5619]]],[579,[53.10432,92.44058,0,[98.999,132.5999]]],[602,[52.29655,90.03452,0,[98.999,134.7153]]],[228,[52.64605,90.4181,0,[99.999,126.4856]]],[514,[53.14196,92.62982,0,[99.999,130.4932]]],[344,[53.1796,92.01959,0,[99.999,127.9091]]],[374,[53.24901,91.86882,0,[99.999,129.2294]]],[221,[51.70336,81.14937,0,[100.999,124.2374]]],[254,[53.19716,91.20257,0,[99.999,126.7129]]],[533,[53.3525,92.97002,0,[99.999,131.57]]],[561,[53.6645,92.21821,0,[98.999,132.6376]]],[610,[53.31947,84.60189,0,[98.999,133.7817]]],[174,[52.30725,88.33829,0,[100.999,125.2395]]],[464,[53.70424,92.21868,0,[99.999,129.9517]]],[345,[53.81556,93.10596,0,[99.999,128.6398]]],[172,[52.89031,86.32147,0,[100.999,125.5049]]],[315,[53.78666,93.24879,0,[99.999,127.5257]]],[590,[52.92292,92.21903,0,[98.999,134.7061]]],[465,[53.866,93.13931,0,[99.999,131.1228]]],[175,[53.827,90.24774,0,[99.999,126.4125]]],[580,[54.30695,94.00493,0,[98.999,132.5486]]],[604,[53.95245,91.95094,0,[98.999,133.7753]]],[434,[54.30225,92.16969,0,[99.999,129.175]]],[435,[54.34274,93.09149,0,[99.999,130.4397]]],[130,[52.37381,83.17208,0,[100.999,124.0808]]],[200,[52.99612,79.07926,0,[100.999,124.2461]]],[346,[54.43844,94.38226,0,[99.999,127.7449]]],[548,[54.32203,93.66187,0,[99.999,131.9315]]],[148,[53.45189,85.82865,0,[100.999,125.2691]]],[628,[53.70738,88.45845,0,[98.999,134.9078]]],[183,[54.43022,90.54341,0,[99.999,126.5653]]],[405,[54.8743,93.13703,0,[99.999,129.7883]]],[616,[54.57603,90.05056,0,[98.999,133.6973]]],[375,[54.87785,93.06591,0,[99.999,128.4933]]],[492,[54.86143,93.74271,0,[99.999,131.1176]]],[605,[55.09495,93.4078,0,[98.999,133.1617]]],[515,[55.51333,95.02698,0,[98.999,132.2964]]],[162,[54.10381,86.73842,0,[100.999,125.2958]]],[163,[54.98374,88.67571,0,[99.999,126.2904]]],[284,[55.2277,92.20938,0,[99.999,127.4769]]],[406,[55.4087,94.19727,0,[99.999,129.1573]]],[135,[53.65863,86.66492,0,[100.999,124.1288]]],[466,[55.42279,94.51836,0,[99.999,130.3866]]],[626,[54.48653,85.86124,0,[98.999,134.9403]]],[493,[55.54303,94.83855,0,[99.999,131.5942]]],[618,[55.72763,92.39435,0,[98.999,133.5773]]],[617,[55.19115,91.16948,0,[98.999,134.5863]]],[376,[55.73863,94.3313,0,[99.999,128.2647]]],[151,[55.57733,89.19452,0,[99.999,126.2395]]],[436,[55.96928,94.47781,0,[99.999,129.4655]]],[161,[54.3802,85.68275,0,[100.999,124.2388]]],[467,[55.98694,95.70741,0,[99.999,130.6767]]],[229,[55.86927,91.75935,0,[99.999,127.1864]]],[570,[56.22889,94.13444,0,[98.999,132.7403]]],[150,[54.94297,86.79604,0,[100.999,125.1542]]],[534,[56.16193,94.31699,0,[99.999,131.8777]]],[347,[56.40829,95.58932,0,[99.999,128.4097]]],[615,[56.29817,90.80479,0,[98.999,134.0232]]],[437,[56.52404,95.51991,0,[99.999,129.5433]]],[535,[56.56525,95.19826,0,[99.999,130.663]]],[285,[56.44257,93.40546,0,[99.999,127.2401]]],[629,[56.76807,90.20615,0,[98.999,133.1714]]],[137,[56.26558,89.46129,0,[99.999,126.1137]]],[614,[55.92558,89.21755,0,[98.999,134.9946]]],[134,[55.53119,85.92268,0,[100.999,125.1016]]],[187,[54.97748,82.46052,0,[100.999,124.0191]]],[549,[56.80525,95.17484,0,[99.999,131.6652]]],[316,[56.96989,94.77405,0,[99.999,127.9172]]],[438,[57.08032,96.78588,0,[99.999,129.1219]]],[516,[57.11118,94.71985,0,[99.999,130.4612]]],[591,[57.39875,93.30379,0,[98.999,132.7572]]],[255,[56.97713,92.62814,0,[99.999,126.5747]]],[642,[57.29906,89.76488,0,[98.999,133.8956]]],[164,[56.31765,88.80098,0,[100.999,125.4484]]],[592,[57.36538,93.31922,0,[99.999,131.915]]],[407,[57.59834,95.67144,0,[99.999,129.7341]]],[627,[56.84736,90.98969,0,[98.999,134.7849]]],[377,[57.60362,95.74376,0,[99.999,128.5062]]],[256,[57.51017,93.90752,0,[99.999,127.4059]]],[550,[57.68948,95.66573,0,[99.999,130.9785]]],[149,[55.68324,86.74396,0,[100.999,124.0223]]],[136,[56.28081,87.1426,0,[100.999,124.2972]]],[644,[57.9377,89.73685,0,[98.999,133.5312]]],[619,[58.32018,93.28712,0,[98.999,132.5415]]],[152,[57.64003,90.50008,0,[99.999,126.326]]],[348,[58.12618,96.81246,0,[99.999,128.9072]]],[494,[58.15018,95.99624,0,[99.999,130.1675]]],[230,[58.10698,93.03306,0,[99.999,127.5767]]],[611,[57.65214,91.90147,0,[98.999,134.8563]]],[551,[58.20518,97.27074,0,[99.999,131.4812]]],[121,[56.94223,88.36632,0,[100.999,125.2897]]],[208,[58.25725,91.97873,0,[99.999,126.3506]]],[286,[58.6343,94.97667,0,[99.999,128.3012]]],[408,[58.66768,97.09951,0,[99.999,129.4919]]],[645,[58.58829,90.0065,0,[98.999,133.7405]]],[119,[57.48455,86.91806,0,[100.999,125.1437]]],[517,[58.70624,96.46094,0,[99.999,130.6076]]],[632,[58.92639,91.80484,0,[98.999,132.627]]],[176,[58.6795,91.79335,0,[99.999,127.1103]]],[620,[58.84375,93.67383,0,[99.999,131.7126]]],[133,[56.8514,85.92648,0,[100.999,124.1214]]],[631,[58.32794,91.00826,0,[98.999,134.8213]]],[378,[59.20065,96.84972,0,[99.999,129.1509]]],[201,[57.57312,81.19965,0,[100.999,124.0359]]],[581,[59.26121,95.29084,0,[99.999,130.6104]]],[138,[58.04105,89.72015,0,[100.999,125.2982]]],[231,[59.20654,94.08222,0,[99.999,127.789]]],[633,[59.55705,92.64959,0,[98.999,132.8922]]],[153,[59.00366,91.02498,0,[99.999,126.1464]]],[658,[59.19297,89.92967,0,[98.999,133.8282]]],[606,[59.94669,94.69298,0,[98.999,132.078]]],[469,[59.71059,98.13119,0,[99.999,129.7752]]],[166,[59.47552,91.86491,0,[99.999,126.7565]]],[317,[59.69713,95.97781,0,[99.999,128.3255]]],[646,[59.95041,90.91508,0,[98.999,133.6706]]],[495,[59.80542,97.64944,0,[99.999,131.2086]]],[120,[58.22461,88.16819,0,[100.999,124.1857]]],[165,[58.79486,89.94014,0,[100.999,125.1914]]],[643,[59.05564,89.45888,0,[98.999,134.9825]]],[379,[60.20786,98.09679,0,[99.999,129.1293]]],[409,[60.24252,97.99945,0,[99.999,130.463]]],[184,[60.03331,92.25883,0,[99.999,127.0925]]],[536,[60.60448,97.79751,0,[98.999,132.4189]]],[257,[60.34577,95.3512,0,[99.999,127.9728]]],[657,[59.77512,89.04818,0,[98.999,134.848]]],[140,[59.42173,91.0877,0,[100.999,125.9132]]],[634,[60.52641,93.52995,0,[98.999,133.5287]]],[468,[60.53222,97.04694,0,[99.999,131.7039]]],[287,[60.73766,96.30315,0,[99.999,129.6645]]],[167,[60.47018,93.00163,0,[99.999,126.4131]]],[209,[60.81599,93.44922,0,[99.999,128.4983]]],[380,[60.8476,99.16988,0,[99.999,130.7836]]],[118,[59.38967,86.35648,0,[100.999,124.7947]]],[132,[58.96683,85.63466,0,[100.999,123.9912]]],[154,[60.90464,91.92488,0,[99.999,127.1203]]],[537,[61.34518,99.35809,0,[98.999,132.7703]]],[139,[59.96225,90.12788,0,[100.999,125.2814]]],[210,[61.27925,94.73093,0,[99.999,129.0923]]],[648,[61.0895,92.87115,0,[98.999,133.8623]]],[318,[61.33826,97.3384,0,[99.999,130.2009]]],[496,[61.20992,98.75843,0,[99.999,131.8601]]],[125,[60.53181,91.76143,0,[100.999,125.9978]]],[177,[61.33133,93.08082,0,[99.999,127.8032]]],[647,[60.52962,91.6897,0,[98.999,134.8109]]],[470,[61.63177,99.54865,0,[99.999,131.1336]]],[122,[59.79835,89.73415,0,[100.999,123.9908]]],[192,[61.80509,94.12379,0,[99.999,128.5589]]],[259,[61.86566,97.58666,0,[99.999,129.7524]]],[519,[62.06343,99.87899,0,[98.999,132.847]]],[659,[61.69291,90.86242,0,[98.999,133.8365]]],[107,[60.43052,89.67671,0,[100.999,124.6922]]],[155,[61.64459,93.02591,0,[99.999,126.4144]]],[156,[61.89849,94.52929,0,[99.999,127.4041]]],[498,[62.46027,102.618,0,[98.999,132.0565]]],[124,[60.96045,91.06095,0,[100.999,125.1761]]],[439,[62.1904,98.24632,0,[99.999,130.7822]]],[595,[61.34206,89.2356,0,[98.999,134.9815]]],[211,[62.3677,96.31191,0,[99.999,128.8643]]],[288,[62.5637,97.54822,0,[99.999,129.8948]]],[109,[62.1772,92.15327,0,[99.999,126.0801]]],[594,[62.3858,98.67535,0,[98.999,133.8707]]],[168,[62.48825,94.98626,0,[99.999,127.7886]]],[440,[62.53788,99.29579,0,[99.999,131.7965]]],[552,[62.82097,100.1562,0,[98.999,133.0148]]],[116,[61.51332,85.65585,0,[100.999,125.0259]]],[349,[62.8745,98.35764,0,[99.999,130.8098]]],[232,[63.04765,96.12628,0,[99.999,129.1305]]],[141,[62.61641,93.4852,0,[99.999,126.7179]]],[673,[62.09945,92.59383,0,[98.999,134.9061]]],[117,[60.79633,86.63705,0,[100.999,123.8708]]],[193,[63.04207,95.85239,0,[99.999,127.9939]]],[471,[63.42188,102.3213,0,[98.999,132.7709]]],[186,[61.48057,83.78048,0,[100.999,123.9214]]],[411,[63.23151,100.3712,0,[99.999,131.6696]]],[289,[63.36511,99.13438,0,[99.999,130.0987]]],[518,[63.17026,99.04974,0,[98.999,133.9849]]],[104,[62.15118,87.62515,0,[100.999,125.3344]]],[142,[63.16879,94.72764,0,[99.999,126.6648]]],[261,[63.66739,101.9999,0,[99.999,128.7958]]],[143,[63.56833,96.21916,0,[99.999,127.5429]]],[110,[62.73573,92.20007,0,[100.999,125.5621]]],[660,[62.85417,91.84805,0,[98.999,134.993]]],[410,[63.76842,99.41547,0,[99.999,130.9944]]],[441,[64.02248,102.117,0,[98.999,132.8168]]],[319,[63.95694,99.05267,0,[99.999,129.8982]]],[102,[62.16452,86.24502,0,[100.999,124.1593]]],[650,[64.43031,95.13269,0,[98.999,132.0581]]],[636,[63.83838,96.40579,0,[98.999,133.8969]]],[157,[64.21378,97.15701,0,[99.999,128.1746]]],[126,[64.11233,94.95091,0,[99.999,127.0633]]],[111,[63.82851,94.59751,0,[99.999,126.1055]]],[290,[64.41633,100.2376,0,[99.999,129.2523]]],[105,[62.98594,88.3245,0,[100.999,124.5424]]],[350,[64.5947,99.69992,0,[99.999,130.4487]]],[607,[64.51105,95.48897,0,[99.999,131.5459]]],[674,[64.54446,91.57225,0,[98.999,133.6191]]],[635,[63.68005,95.50935,0,[98.999,135.0573]]],[663,[64.96456,94.1748,0,[98.999,132.7462]]],[233,[64.89764,98.91367,0,[99.999,128.5365]]],[127,[64.79955,96.46732,0,[99.999,127.3101]]],[94,[64.61217,93.51482,0,[99.999,126.2583]]],[320,[65.05666,100.1091,0,[99.999,129.8142]]],[108,[63.60224,90.4751,0,[100.999,125.1353]]],[649,[64.41435,94.34386,0,[98.999,134.8722]]],[520,[65.2802,100.8703,0,[99.999,131.0783]]],[621,[65.58744,96.52792,0,[98.999,132.1826]]],[89,[64.1587,88.48192,0,[100.999,125.1184]]],[234,[65.35589,100.6379,0,[99.999,127.7535]]],[258,[65.45103,98.73189,0,[99.999,128.9839]]],[662,[65.39231,94.32635,0,[98.999,133.5615]]],[413,[65.63186,103.5374,0,[99.999,130.1906]]],[95,[64.6931,93.60033,0,[100.999,125.766]]],[123,[63.46003,91.25699,0,[100.999,123.9384]]],[96,[65.50787,96.04562,0,[99.999,126.6813]]],[593,[65.9945,96.75659,0,[98.999,133.0413]]],[103,[64.14703,87.51998,0,[100.999,123.9973]]],[442,[65.81062,102.7176,0,[99.999,131.6073]]],[630,[65.07716,94.59238,0,[98.999,134.6767]]],[128,[65.93519,98.0959,0,[99.999,128.2498]]],[262,[66.10218,105.573,0,[99.999,129.3566]]],[93,[64.78102,91.22455,0,[100.999,124.6053]]],[351,[66.21239,102.6755,0,[99.999,130.6095]]],[81,[66.11111,95.99396,0,[99.999,127.1976]]],[622,[66.55315,97.99825,0,[98.999,132.7543]]],[542,[65.81396,86.77754,0,[98.999,134.6034]]],[79,[66.04501,93.62332,0,[99.999,126.0903]]],[497,[66.41831,100.5762,0,[99.999,131.8766]]],[651,[66.40222,96.51971,0,[98.999,133.9513]]],[213,[66.6272,101.2466,0,[99.999,128.4741]]],[412,[66.69217,102.0478,0,[99.999,129.7364]]],[112,[66.66471,96.20424,0,[99.999,127.3568]]],[383,[66.79569,104.9549,0,[99.999,131.0204]]],[80,[65.50212,93.70287,0,[100.999,124.9755]]],[664,[67.0729,95.16515,0,[98.999,133.3684]]],[292,[67.17778,105.7274,0,[99.999,128.9384]]],[65,[66.10152,94.50812,0,[100.999,125.5466]]],[499,[67.47289,104.511,0,[98.999,132.4188]]],[641,[66.56984,93.58835,0,[98.999,135.0727]]],[291,[67.25349,103.2078,0,[99.999,130.2451]]],[97,[67.02021,96.9515,0,[99.999,126.5075]]],[106,[65.22769,89.00431,0,[100.999,123.9162]]],[113,[67.28037,98.03981,0,[99.999,127.6827]]],[472,[67.37299,102.7448,0,[99.999,131.5524]]],[322,[67.75262,105.7324,0,[99.999,129.6204]]],[212,[67.76403,100.978,0,[99.999,128.4176]]],[64,[66.78255,93.76057,0,[100.999,125.5284]]],[652,[68.0315,98.60532,0,[98.999,132.924]]],[381,[67.8483,103.1495,0,[99.999,130.8221]]],[677,[67.67335,94.07813,0,[98.999,133.8115]]],[82,[67.66676,97.56677,0,[99.999,126.6273]]],[78,[66.54847,91.5117,0,[100.999,124.3596]]],[92,[65.97995,90.53873,0,[100.999,124.1542]]],[538,[68.45445,101.684,0,[98.999,132.0777]]],[689,[67.13394,92.41604,0,[98.999,134.6236]]],[194,[68.03864,99.83708,0,[99.999,127.4405]]],[235,[68.29586,105.2547,0,[99.999,129.0562]]],[352,[68.39677,103.88,0,[99.999,130.211]]],[90,[67.58966,89.5657,0,[100.999,125.9221]]],[88,[67.26317,87.83706,0,[100.9993,125]]],[473,[68.48368,105.2409,0,[99.999,131.4045]]],[609,[68.61737,100.8386,0,[98.999,133.3895]]],[214,[68.53404,103.5268,0,[99.999,128.0435]]],[66,[68.62455,97.63693,0,[99.999,126.805]]],[260,[68.90911,102.7023,0,[99.999,129.4339]]],[521,[69.09912,105.1676,0,[98.999,132.6387]]],[655,[68.33923,89.77444,0,[98.999,134.3828]]],[443,[69.00149,105.8526,0,[99.999,130.6686]]],[676,[67.82911,93.19189,0,[98.999,135.021]]],[185,[67.2486,82.04945,0,[100.999,123.8936]]],[215,[69.14799,110.0207,0,[99.999,128.4153]]],[539,[69.0683,104.4185,0,[99.999,131.8497]]],[63,[68.18793,92.82308,0,[100.999,125.6972]]],[115,[67.9052,85.28302,0,[100.999,124.678]]],[144,[69.13479,100.6366,0,[99.999,127.2541]]],[665,[69.25949,96.5334,0,[98.999,133.8532]]],[353,[69.52177,106.1454,0,[99.999,130.1488]]],[666,[69.80093,98.57565,0,[98.999,132.9556]]],[294,[69.71197,110.1065,0,[99.999,129.0997]]],[637,[69.61978,99.70671,0,[99.999,131.6797]]],[675,[69.00954,93.6142,0,[98.999,134.9392]]],[83,[69.38549,99.06374,0,[99.999,126.0752]]],[197,[69.82185,110.0082,0,[99.999,128.0269]]],[444,[69.96434,106.7221,0,[99.999,130.8136]]],[196,[69.77754,103.321,0,[99.999,126.9404]]],[50,[68.69888,95.46016,0,[100.999,125.0284]]],[321,[70.15814,103.9262,0,[99.999,129.7434]]],[679,[70.41325,96.62352,0,[98.999,132.7456]]],[678,[70.02416,95.57305,0,[98.999,133.989]]],[101,[68.32883,86.87435,0,[100.999,123.9578]]],[667,[70.26427,100.751,0,[99.999,131.8102]]],[237,[70.39076,108.5527,0,[99.999,128.109]]],[195,[69.49802,102.1959,0,[100.999,125.9273]]],[382,[70.55891,104.4926,0,[99.999,130.6428]]],[293,[70.63257,108.0103,0,[99.999,129.1884]]],[98,[70.43266,102.8734,0,[99.999,126.7536]]],[686,[69.78088,91.5985,0,[98.999,135.0307]]],[704,[70.59589,94.33147,0,[98.999,133.9106]]],[91,[69.04723,90.03201,0,[100.999,124.1467]]],[692,[71.0396,95.1495,0,[98.999,133.1823]]],[680,[71.29593,97.8505,0,[98.999,132.1248]]],[51,[69.64754,97.7531,0,[100.999,124.8752]]],[114,[70.90603,106.2003,0,[99.999,127.3964]]],[84,[71.07068,109.2928,0,[99.999,128.5033]]],[324,[71.10848,109.0271,0,[99.999,129.8896]]],[608,[71.10434,100.5031,0,[99.999,131.1353]]],[67,[70.21465,98.64093,0,[100.999,125.4677]]],[49,[71.08086,95.45485,0,[99.999,126.3009]]],[693,[71.59705,96.19505,0,[98.999,133.5539]]],[236,[71.59437,110.2669,0,[99.999,129.0746]]],[624,[71.87595,106.5305,0,[98.999,132.3898]]],[640,[70.66329,89.16006,0,[98.999,135.0192]]],[53,[71.50121,104.8019,0,[99.999,127.7214]]],[414,[71.67403,108.8373,0,[99.999,130.433]]],[691,[71.28237,94.57353,0,[98.999,134.667]]],[87,[69.7827,87.81012,0,[100.999,123.8092]]],[77,[70.38312,91.8363,0,[100.999,124.3538]]],[500,[71.81742,106.3045,0,[99.999,131.5206]]],[52,[71.63408,100.034,0,[99.999,126.5443]]],[99,[72.09556,113.2173,0,[99.999,128.4737]]],[264,[72.10735,111.9957,0,[99.999,129.72]]],[76,[71.00117,90.85658,0,[100.999,125.3056]]],[705,[72.18748,95.47289,0,[98.999,133.5798]]],[68,[72.1066,102.2217,0,[99.999,127.3583]]],[638,[72.57756,104.2579,0,[98.999,132.558]]],[354,[72.34319,108.8965,0,[99.999,130.8074]]],[198,[72.62859,112.7061,0,[99.999,129.0943]]],[688,[71.978,91.94232,0,[98.999,134.8007]]],[62,[72.16347,93.56735,0,[99.999,126.1836]]],[74,[70.98204,90.19282,0,[100.999,124.1289]]],[37,[72.69386,103.5717,0,[99.999,127.9846]]],[540,[73.08891,107.3438,0,[98.999,132.0166]]],[263,[72.96094,110.7176,0,[99.999,129.9697]]],[23,[72.69621,101.108,0,[99.999,126.8761]]],[522,[72.98082,106.8465,0,[99.999,131.098]]],[706,[72.88115,96.66318,0,[98.999,133.5659]]],[75,[71.66576,90.68118,0,[100.999,125.0805]]],[129,[73.23579,111.2656,0,[99.999,128.1766]]],[216,[73.46053,113.439,0,[99.999,129.202]]],[694,[73.50787,97.75278,0,[98.999,132.9246]]],[474,[73.4849,108.444,0,[99.999,130.4813]]],[681,[73.30421,98.60782,0,[99.999,131.9975]]],[36,[72.44968,97.188,0,[100.999,125.8952]]],[703,[72.66832,96.16566,0,[98.999,134.6991]]],[14,[73.29487,104.2514,0,[99.999,126.8865]]],[100,[71.69537,86.37817,0,[100.999,123.9719]]],[48,[72.35552,93.9791,0,[100.999,124.8188]]],[654,[73.80817,106.6083,0,[99.999,131.5354]]],[702,[73.48712,94.92281,0,[98.999,134.0458]]],[38,[73.79744,106.736,0,[99.999,127.3559]]],[69,[73.94936,110.6503,0,[99.999,128.4169]]],[323,[74.00183,107.8588,0,[99.999,129.6169]]],[682,[74.32608,102.1794,0,[98.999,132.7193]]],[695,[74.02083,98.6697,0,[98.999,133.6533]]],[553,[74.15697,105.3229,0,[99.999,130.6826]]],[34,[73.76672,96.76199,0,[99.999,126.0808]]],[47,[73.0683,92.94004,0,[100.999,125.0502]]],[238,[74.48737,114.3084,0,[99.999,128.8942]]],[653,[74.83942,105.4576,0,[98.999,132.1122]]],[24,[74.27526,100.5708,0,[99.999,126.5635]]],[12,[74.50736,102.5656,0,[99.999,127.5862]]],[61,[72.59129,91.59989,0,[100.999,123.8296]]],[554,[74.64851,108.8612,0,[99.999,130.14]]],[690,[73.36793,95.84446,0,[98.999,135.1421]]],[707,[74.64809,98.14406,0,[98.999,133.8605]]],[683,[74.7551,107.7491,0,[99.999,131.2822]]],[687,[74.11549,92.58496,0,[98.999,134.8386]]],[59,[73.827,91.39127,0,[100.999,125.3304]]],[384,[75.06264,109.3098,0,[99.999,129.3835]]],[25,[75.00375,107.8084,0,[99.999,128.2397]]],[708,[75.10001,99.25258,0,[98.999,133.2096]]],[46,[74.84988,95.09653,0,[99.999,126.2692]]],[35,[73.34535,97.11658,0,[100.999,124.0834]]],[709,[75.57198,101.1843,0,[98.999,132.4636]]],[639,[75.41739,110.3805,0,[99.999,130.4369]]],[661,[74.83442,99.43013,0,[98.999,134.9635]]],[697,[75.38997,104.9374,0,[99.999,131.5526]]],[22,[75.23711,99.26505,0,[99.999,127.2147]]],[13,[75.60035,104.9497,0,[99.999,128.2734]]],[39,[75.67696,112.8,0,[99.999,129.4065]]],[73,[74.33543,89.18759,0,[100.999,124.8875]]],[717,[75.74437,97.1338,0,[98.999,133.6093]]],[86,[73.96615,87.37018,0,[100.999,124.0049]]],[60,[75.3867,93.52952,0,[99.999,126.0767]]],[669,[76.0434,111.7193,0,[99.999,130.78]]],[719,[76.27983,99.68115,0,[98.999,132.8746]]],[33,[76.00124,98.96944,0,[99.999,127.4675]]],[721,[76.02399,101.9077,0,[99.999,131.887]]],[21,[76.1999,103.1266,0,[99.999,128.5006]]],[32,[75.90912,96.36744,0,[99.999,126.3875]]],[623,[76.2299,108.4963,0,[99.999,129.7335]]],[672,[75.38935,92.59815,0,[98.999,134.5301]]],[58,[74.89417,90.75571,0,[100.999,124.9786]]],[684,[76.62656,109.6046,0,[99.999,130.7921]]],[54,[76.68023,113.1476,0,[99.999,129.0634]]],[718,[76.49455,97.92526,0,[98.999,133.9149]]],[20,[76.56147,98.32445,0,[99.999,127.1256]]],[44,[75.49591,92.63696,0,[100.999,125.0862]]],[729,[76.69234,101.023,0,[99.999,131.8942]]],[31,[75.9007,94.78463,0,[100.999,125.8964]]],[727,[77.06203,98.74153,0,[98.999,132.9721]]],[656,[76.10798,94.92245,0,[98.999,134.8466]]],[696,[77.00357,106.7427,0,[99.999,129.9738]]],[26,[76.91733,110.9312,0,[99.999,128.0311]]],[85,[74.88311,86.12447,0,[100.999,123.8727]]],[15,[77.33746,111.0642,0,[99.999,128.9583]]],[720,[77.2923,103.7894,0,[99.999,131.1656]]],[10,[77.23256,99.34859,0,[99.999,127.0249]]],[45,[76.97215,94.63332,0,[99.999,126.0339]]],[57,[75.67175,89.42763,0,[100.999,124.0273]]],[725,[77.77036,99.25742,0,[98.999,132.3472]]],[716,[77.2336,96.89513,0,[98.999,134.0705]]],[29,[76.2613,93.33668,0,[100.999,124.9558]]],[668,[77.60888,112.5471,0,[99.999,130.0249]]],[6,[77.59626,108.7765,0,[99.999,127.9474]]],[701,[77.76286,97.24918,0,[98.999,133.485]]],[671,[76.94601,92.74504,0,[98.999,135.0693]]],[11,[78.02047,103.8166,0,[99.999,128.836]]],[728,[77.96184,102.6181,0,[99.999,131.0872]]],[18,[77.10168,94.20467,0,[100.999,125.9416]]],[735,[78.36108,101.9655,0,[98.999,132.3312]]],[30,[77.92999,95.50571,0,[99.999,126.9709]]],[710,[78.26123,107.5957,0,[99.999,129.8733]]],[43,[76.91924,91.33501,0,[100.999,124.8901]]],[19,[78.32869,98.22636,0,[99.999,127.7917]]],[72,[76.42131,90.05176,0,[100.999,123.8938]]],[733,[78.34553,99.00471,0,[98.999,133.6063]]],[685,[77.83296,92.24581,0,[98.999,134.8403]]],[730,[78.61691,104.3337,0,[99.999,130.8413]]],[722,[78.98514,107.1048,0,[98.999,132.1239]]],[1,[78.28352,98.57372,0,[99.999,126.071]]],[726,[78.83817,100.4091,0,[99.999,129.494]]],[4,[78.84634,106.4546,0,[99.999,128.2118]]],[738,[78.96638,104.9632,0,[98.999,133.4069]]],[9,[78.74075,98.12611,0,[99.999,126.7324]]],[737,[79.0826,102.847,0,[99.999,131.7789]]],[28,[77.86754,92.15228,0,[100.999,124.9719]]],[42,[77.2953,90.75688,0,[100.999,124.0738]]],[723,[79.25151,111.156,0,[99.999,130.7148]]],[700,[78.59586,95.94714,0,[98.999,134.8306]]],[699,[79.39792,115.1079,0,[99.999,128.5991]]],[713,[79.58133,96.12885,0,[98.999,132.9231]]],[3,[79.3404,103.3127,0,[99.999,127.2804]]],[698,[79.57303,110.0437,0,[99.999,129.8089]]],[40,[78.48064,91.39041,0,[100.999,125.2438]]],[5,[78.92009,103.4712,0,[100.999,125.9892]]],[670,[79.34761,92.25201,0,[98.999,134.5695]]],[734,[80.22295,101.0702,0,[98.999,132.2636]]],[2,[79.96724,104.1505,0,[99.999,127.8234]]],[711,[80.01714,111.5975,0,[99.999,129.0772]]],[732,[79.98902,111.8588,0,[99.999,130.9501]]],[71,[78.10982,89.18795,0,[100.999,123.9694]]],[724,[79.94144,97.45036,0,[98.999,133.7801]]],[8,[79.92643,97.53715,0,[99.999,126.52]]],[27,[79.35328,92.65062,0,[100.999,125.0299]]],[55,[78.91445,89.25839,0,[100.999,124.1946]]],[712,[80.50352,111.4128,0,[99.999,129.8946]]],[736,[80.64965,102.5568,0,[98.999,133.4115]]],[0,[80.65051,101.7109,0,[99.999,128.5797]]],[17,[80.54699,95.97835,0,[99.999,127.1413]]],[739,[80.94958,107.8813,0,[98.999,132.0542]]],[625,[80.31637,95.39513,0,[98.999,134.7497]]],[56,[79.98415,89.25936,0,[100.999,125.7185]]],[731,[80.85056,107.9642,0,[99.999,130.8582]]],[7,[81.18659,100.539,0,[99.999,127.7498]]],[70,[80.01963,88.87191,0,[100.999,124.3921]]],[16,[81.1065,95.57692,0,[99.999,126.1193]]],[715,[81.70399,99.75307,0,[98.999,133.3068]]],[714,[81.27106,98.25674,0,[99.999,131.8662]]],[41,[81.81755,92.77118,0,[99.999,126.8499]]]

Travel Distances:
[355,95.97303],[385,95.97767],[325,95.97215],[415,95.9641],[356,95.92816],[295,95.96951],[326,95.95639],[386,97.68755],[445,97.76221],[416,97.87818],[296,97.93887],[265,97.90698],[357,97.93326],[446,97.62502],[417,97.92653],[327,97.93539],[387,97.60056],[266,97.85536],[447,97.6034],[297,99.866],[475,99.54888],[418,99.85229],[358,99.87126],[388,99.62762],[476,99.53097],[448,99.63671],[328,99.85329],[477,99.74764],[239,99.66839],[267,99.59982],[419,99.89735],[359,99.90434],[389,99.62372],[449,99.63886],[478,101.6033],[298,101.5378],[329,101.8672],[420,101.7776],[502,101.0287],[360,101.5739],[390,101.3647],[450,101.4033],[479,101.7179],[268,101.5872],[330,101.563],[421,101.7038],[501,100.1117],[299,101.2064],[361,101.735],[503,100.7257],[391,103.3401],[480,103.5138],[451,102.9568],[269,102.4459],[331,103.4858],[422,103.607],[504,102.8034],[240,101.7813],[362,103.6336],[392,103.2848],[523,101.3989],[452,102.9398],[481,103.2959],[393,103.4227],[505,102.6018],[241,103.492],[332,105.1697],[300,104.1973],[333,105.4585],[524,102.8664],[363,105.0584],[453,105.0308],[423,104.6317],[506,104.4142],[394,105.1752],[302,104.3232],[303,104.7163],[527,104.6732],[271,103.6277],[454,104.8945],[334,104.8265],[482,104.2116],[424,106.3763],[270,105.7264],[364,106.1299],[507,106.2638],[301,105.2932],[483,106.045],[273,105.8811],[304,106.3905],[455,106.6474],[395,106.2383],[335,106.4017],[242,104.52],[508,106.1261],[526,104.7298],[365,107.6202],[272,106.6628],[274,107.1796],[425,107.28],[484,107.7528],[509,108.246],[305,107.4031],[246,106.6573],[396,107.6236],[529,107.2875],[244,105.7805],[456,107.533],[510,108.1729],[528,106.9281],[275,106.5456],[336,107.0234],[426,106.8105],[247,108.3702],[530,109.4833],[366,108.6878],[220,106.6484],[485,108.6239],[243,105.2324],[457,109.1328],[546,109.0534],[306,108.1733],[397,108.5432],[562,109.3149],[248,107.6099],[337,108.297],[555,109.1171],[571,108.6081],[486,110.5022],[223,108.0283],[427,109.6569],[276,108.9756],[367,109.4488],[307,109.7081],[572,110.4678],[224,107.5447],[245,108.4711],[547,109.8881],[458,110.0918],[398,109.6387],[249,108.3599],[217,102.0848],[338,109.3286],[428,109.1788],[582,108.7731],[563,111.5204],[277,110.1969],[564,112.1733],[222,107.427],[368,110.7975],[583,110.7598],[531,110.4547],[205,108.2293],[399,111.1599],[278,110.3034],[573,110.5178],[250,109.6685],[556,110.4704],[308,109.8724],[487,112.0052],[584,111.9762],[199,105.5869],[204,108.7609],[225,109.3182],[339,111.9235],[543,107.3405],[279,112.342],[585,111.5307],[574,111.7776],[511,110.2626],[227,111.187],[309,111.8248],[597,110.0398],[429,110.6857],[218,106.5895],[226,111.0743],[251,112.586],[596,111.6933],[557,113.0971],[565,113.1002],[369,112.2792],[599,112.4914],[280,113.5835],[459,111.7834],[400,112.6138],[460,112.9826],[598,112.6669],[206,108.4583],[207,110.5437],[340,112.2085],[575,112.319],[189,109.4213],[430,113.7371],[612,112.8931],[180,113.1711],[370,113.2065],[566,114.072],[310,113.1945],[190,109.35],[281,114.598],[488,114.29],[576,113.9281],[371,113.2629],[544,107.5028],[586,113.0934],[145,110.3828],[558,113.1076],[191,109.2433],[311,113.2841],[431,114.6099],[461,114.7949],[613,112.6252],[181,114.1497],[341,114.3115],[169,111.1078],[577,115.1597],[432,114.8127],[158,109.8806],[401,113.5568],[282,115.2339],[559,114.3065],[312,114.3279],[587,113.3413],[178,110.0077],[188,111.6617],[402,115.7195],[541,106.7588],[372,115.4968],[489,115.9595],[567,115.6199],[171,111.3187],[203,110.7835],[131,111.3336],[252,114.256],[462,115.1535],[568,115.6571],[179,111.6066],[373,115.4002],[588,114.7904],[512,114.7407],[525,113.6267],[342,115.722],[433,116.9418],[578,116.9035],[600,114.7108],[182,115.0875],[170,112.2872],[403,116.6506],[160,111.2241],[560,115.646],[490,116.138],[283,116.0849],[545,112.3936],[313,115.5492],[146,111.9554],[463,115.6214],[589,115.1339],[159,111.9718],[173,114.5329],[601,115.4263],[513,117.1446],[343,116.4807],[569,117.0896],[253,115.9346],[147,111.9164],[491,117.1854],[603,115.7819],[314,116.9708],[532,116.5017],[219,106.1386],[404,116.6087],[202,107.406],[579,116.2257],[602,117.0277],[228,117.1009],[514,118.3301],[344,117.6245],[374,117.3398],[221,109.6822],[254,116.7853],[533,118.2525],[561,116.859],[610,109.8979],[174,115.6909],[464,116.7628],[345,117.4726],[172,112.5336],[315,117.6702],[590,117.7712],[465,119.3615],[175,116.5759],[580,119.3398],[604,117.9379],[434,117.5545],[435,118.4035],[130,112.3409],[200,107.0498],[346,119.5047],[548,119.0042],[148,112.8871],[628,114.4355],[183,115.6818],[405,117.3882],[616,114.7807],[375,117.3097],[492,118.0167],[605,119.1893],[515,119.9888],[162,114.4654],[163,114.6963],[284,117.7519],[406,119.3787],[135,115.2406],[466,119.6718],[626,112.295],[493,119.7507],[618,116.9146],[617,116.3419],[376,118.8528],[151,116.0254],[436,120.5327],[161,114.7957],[467,121.725],[229,117.989],[570,119.6535],[150,114.8923],[534,119.9812],[347,120.7725],[615,116.0452],[437,120.4697],[535,120.0661],[285,118.5187],[629,114.6127],[137,114.9216],[614,114.7664],[134,112.8299],[187,110.3845],[549,119.5623],[316,120.8208],[438,122.6206],[516,120.4708],[591,118.4848],[255,118.6631],[642,115.1263],[164,116.1466],[592,118.578],[407,120.4736],[627,116.9312],[377,120.5351],[256,118.8822],[550,120.2846],[149,115.3194],[136,114.5575],[644,113.7969],[619,118.6231],[152,117.2017],[348,122.5538],[494,121.687],[230,118.8116],[611,118.1225],[551,122.8423],[121,116.4698],[208,117.4566],[286,119.7067],[408,121.7628],[645,114.7408],[119,113.8881],[517,121.0466],[632,115.9154],[176,116.4185],[620,119.9747],[133,116.0474],[631,117.69],[378,122.4271],[201,109.9995],[581,120.7412],[138,117.5258],[231,119.6624],[633,117.5119],[153,117.0091],[658,115.3492],[606,118.778],[469,122.7074],[166,116.9115],[317,120.5441],[646,114.9687],[495,123.8834],[120,117.6148],[165,118.3279],[643,116.5246],[379,123.6698],[409,123.4804],[184,118.139],[536,122.5727],[257,120.6537],[657,114.7972],[140,118.2402],[634,118.3734],[468,121.9782],[287,120.8265],[167,118.0573],[209,117.8145],[380,123.4703],[118,113.546],[132,115.634],[154,118.1049],[537,124.6301],[139,118.161],[210,120.1013],[648,118.5924],[318,122.6387],[496,124.3346],[125,118.6865],[177,118.3273],[647,117.909],[470,124.2811],[122,117.9803],[192,118.5028],[259,121.824],[519,123.7318],[659,117.2865],[107,118.7823],[155,119.7294],[156,120.6237],[498,127.6706],[124,119.1153],[439,123.7883],[595,115.9036],[211,121.5497],[288,122.4159],[109,117.7781],[594,123.6948],[168,119.9923],[440,124.2014],[552,124.4925],[116,112.5846],[349,122.6016],[232,122.0172],[141,120.0054],[673,119.7412],[117,116.8037],[193,121.7263],[471,127.4325],[186,112.644],[411,125.884],[289,124.3029],[518,124.4306],[104,115.2677],[142,120.0784],[261,126.6603],[143,120.9947],[110,118.7206],[660,117.4902],[410,123.8396],[441,128.0148],[319,125.0328],[102,115.7413],[650,120.2271],[636,122.5611],[157,122.7193],[126,120.7171],[111,120.8705],[290,125.3648],[105,116.3339],[350,124.5092],[607,120.4648],[674,116.3294],[635,121.5874],[663,118.2177],[233,123.1179],[127,122.8612],[94,120.2806],[320,125.9759],[108,119.2508],[649,120.9886],[520,126.3096],[621,121.3417],[89,116.1417],[234,125.9233],[258,123.7799],[662,119.4619],[413,128.2727],[95,120.1733],[123,120.1674],[96,121.0269],[593,120.7532],[103,115.0915],[442,127.0935],[630,121.937],[128,124.1877],[262,131.3603],[93,119.5579],[351,128.2454],[81,121.767],[622,122.8295],[542,112.7794],[79,119.529],[497,125.721],[651,121.6181],[213,125.992],[412,126.663],[112,120.8744],[383,129.3597],[80,120.6891],[664,120.9591],[292,131.3679],[65,122.2774],[499,129.5546],[641,119.9779],[291,128.6839],[97,122.9017],[106,118.437],[113,123.4753],[472,127.9946],[322,130.2264],[212,125.4493],[64,120.1882],[652,122.523],[381,127.4502],[677,118.6136],[82,124.2224],[78,120.3396],[92,120.5372],[538,126.7533],[689,119.4955],[194,125.6544],[235,130.6595],[352,129.085],[90,116.3635],[88,115.257],[473,130.2696],[609,125.5269],[214,128.3949],[66,122.3832],[260,126.8836],[521,128.9368],[655,114.6389],[443,131.8315],[676,120.7851],[185,111.4614],[215,135.668],[539,130.2762],[63,120.4269],[115,113.4247],[144,126.2466],[665,121.8588],[353,131.1006],[666,122.9604],[294,134.6799],[637,124.4494],[675,119.0229],[83,124.2884],[197,134.3607],[444,132.7622],[196,129.7364],[50,124.0135],[321,129.5979],[679,121.7496],[678,121.3165],[101,116.1084],[667,126.2056],[237,133.7491],[195,129.1832],[382,129.3614],[293,132.7383],[98,128.0057],[686,117.3502],[704,118.8346],[91,119.8266],[692,120.9571],[680,123.1945],[51,126.4069],[114,132.3569],[84,135.1138],[324,134.7706],[608,126.1966],[67,126.1929],[49,121.2762],[693,120.9508],[236,135.0769],[624,130.7683],[640,115.3457],[53,129.7652],[414,133.4878],[691,119.6221],[87,116.1328],[77,119.0386],[500,132.598],[52,126.6638],[99,139.0204],[264,137.6436],[76,118.816],[705,120.9865],[68,127.9945],[638,129.0957],[354,134.1686],[198,137.4012],[688,117.5603],[62,119.1582],[74,118.087],[37,128.1784],[540,131.1609],[263,136.7765],[23,127.6889],[522,132.8653],[706,122.7571],[75,119.2768],[129,136.7576],[216,138.5173],[694,122.7092],[474,133.4724],[681,123.9871],[36,124.2708],[703,122.2992],[14,129.657],[100,114.8409],[48,121.2373],[654,132.8923],[702,121.741],[38,133.0768],[69,136.7385],[323,133.8475],[682,127.4991],[695,124.5403],[553,130.9769],[34,123.2219],[47,120.7894],[238,139.3318],[653,129.6799],[24,126.0161],[12,127.5491],[61,120.3181],[554,133.5387],[690,122.2177],[707,122.816],[683,132.2329],[687,119.6542],[59,119.7243],[384,135.1541],[25,133.7632],[708,124.7929],[46,121.3846],[35,126.3778],[709,125.997],[639,135.541],[661,125.1074],[697,130.0919],[22,124.7758],[13,129.7478],[39,137.4441],[73,116.4116],[717,121.4681],[86,117.0491],[60,120.7056],[669,137.6281],[719,125.1118],[33,124.9522],[721,127.8487],[21,128.7159],[32,122.5385],[623,133.948],[672,119.0479],[58,118.9242],[684,134.3455],[54,137.741],[718,122.6322],[20,123.1988],[44,119.6234],[729,125.6326],[31,120.9706],[727,122.6108],[656,121.8646],[696,132.6943],[26,137.0456],[85,116.2827],[15,136.3814],[720,129.1712],[10,124.8789],[45,120.6801],[57,118.0179],[725,123.6859],[716,122.0527],[29,120.7854],[668,137.2651],[6,133.5808],[701,121.5115],[671,118.251],[11,129.7534],[728,128.6817],[18,121.9391],[735,127.1899],[30,121.6304],[710,133.0707],[43,119.467],[19,123.5651],[72,119.0962],[733,124.2439],[685,118.1213],[730,129.097],[722,131.1251],[1,123.9981],[726,124.7318],[4,130.7617],[738,130.9389],[9,124.6246],[737,128.6684],[28,120.3955],[42,119.9318],[723,136.6458],[700,122.1396],[699,140.2963],[713,120.9395],[3,128.6292],[698,134.891],[40,118.416],[5,129.6286],[670,117.1144],[734,124.6123],[2,130.2067],[711,137.4711],[732,137.8566],[71,118.7357],[724,123.1809],[8,123.6113],[27,119.9254],[55,117.3787],[712,136.373],[736,127.0135],[0,126.4031],[17,120.881],[739,131.8513],[625,119.9018],[56,115.2801],[731,133.6897],[7,126.1295],[70,116.7765],[16,121.2634],[715,124.2778],[714,123.3057],[41,119.12]

Finish Times:
[355,49.28075],[385,49.28075],[325,49.44075],[415,49.52075],[356,49.80076],[295,49.84076],[326,49.92076],[386,49.96076],[445,49.96076],[416,50.00076],[296,50.16077],[265,50.44077],[357,50.44077],[446,50.44077],[417,50.48077],[327,50.60078],[387,50.60078],[266,50.68078],[447,50.88078],[297,50.96078],[475,51.00079],[418,51.04079],[358,51.12079],[388,51.16079],[476,51.28079],[448,51.32079],[328,51.36079],[477,51.4408],[239,51.4808],[267,51.5208],[419,51.5608],[359,51.8008],[389,51.8008],[449,51.84081],[478,51.96081],[298,52.04081],[329,52.08081],[420,52.12081],[502,52.12081],[360,52.40082],[390,52.40082],[450,52.52082],[479,52.56082],[268,52.60082],[330,52.64082],[421,52.72083],[501,52.72083],[299,52.92083],[361,52.92083],[503,52.92083],[391,52.96083],[480,53.12083],[451,53.20084],[269,53.32084],[331,53.32084],[422,53.32084],[504,53.32084],[240,53.48084],[362,53.52084],[392,53.52084],[523,53.60085],[452,53.76085],[481,53.76085],[393,53.92085],[505,53.92085],[241,53.96085],[332,53.96085],[300,54.04086],[333,54.08086],[524,54.12086],[363,54.20086],[453,54.28086],[423,54.32086],[506,54.40086],[394,54.56087],[302,54.68087],[303,54.72087],[527,54.76087],[271,54.80087],[454,54.80087],[334,54.88087],[482,54.88087],[424,54.96088],[270,55.00088],[364,55.20088],[507,55.28088],[301,55.32088],[483,55.40089],[273,55.44089],[304,55.44089],[455,55.48089],[395,55.60089],[335,55.64089],[242,55.68089],[508,55.68089],[526,55.8409],[365,56.0009],[272,56.0809],[274,56.1209],[425,56.1209],[484,56.1209],[509,56.1209],[305,56.32091],[246,56.40091],[396,56.48091],[529,56.52091],[244,56.60091],[456,56.64091],[510,56.80092],[528,56.80092],[275,56.84092],[336,56.88092],[426,56.92092],[247,56.96092],[530,57.00092],[366,57.04092],[220,57.12093],[485,57.24093],[243,57.40093],[457,57.40093],[546,57.40093],[306,57.48093],[397,57.56094],[562,57.56094],[248,57.64094],[337,57.72094],[555,57.88094],[571,57.88094],[486,57.96095],[223,58.04095],[427,58.08095],[276,58.12095],[367,58.24095],[307,58.28095],[572,58.36095],[224,58.44096],[245,58.44096],[547,58.44096],[458,58.52096],[398,58.64096],[249,58.80096],[217,58.88097],[338,58.88097],[428,58.92097],[582,58.92097],[563,59.00097],[277,59.08097],[564,59.08097],[222,59.24097],[368,59.24097],[583,59.24097],[531,59.28098],[205,59.44098],[399,59.52098],[278,59.60098],[573,59.72099],[250,59.80099],[556,59.80099],[308,59.88099],[487,59.96099],[584,59.96099],[199,60.08099],[204,60.12099],[225,60.201],[339,60.201],[543,60.201],[279,60.321],[585,60.361],[574,60.441],[511,60.561],[227,60.60101],[309,60.60101],[597,60.80101],[429,60.84101],[218,61.00101],[226,61.04102],[251,61.04102],[596,61.04102],[557,61.08102],[565,61.12102],[369,61.16102],[599,61.20102],[280,61.40102],[459,61.40102],[400,61.60103],[460,61.64103],[598,61.68103],[206,61.76103],[207,61.80103],[340,61.80103],[575,61.88103],[189,61.92104],[430,61.96104],[612,61.96104],[180,62.04104],[370,62.08104],[566,62.20104],[310,62.28104],[190,62.44105],[281,62.48105],[488,62.52105],[576,62.52105],[371,62.68105],[544,62.72105],[586,62.76105],[145,62.80106],[558,62.80106],[191,62.84106],[311,62.92106],[431,63.04106],[461,63.12106],[613,63.16106],[181,63.20107],[341,63.24107],[169,63.32107],[577,63.52107],[432,63.56107],[158,63.60107],[401,63.60107],[282,63.68108],[559,63.80108],[312,63.88108],[587,63.88108],[178,63.92108],[188,63.96108],[402,64.04108],[541,64.04108],[372,64.20109],[489,64.20109],[567,64.28109],[171,64.44109],[203,64.44109],[131,64.48109],[252,64.5611],[462,64.5611],[568,64.5611],[179,64.6811],[373,64.7211],[588,64.8011],[512,64.9211],[525,64.96111],[342,65.12111],[433,65.12111],[578,65.16111],[600,65.20111],[182,65.24111],[170,65.28111],[403,65.32111],[160,65.52112],[560,65.56112],[490,65.60112],[283,65.68112],[545,65.72112],[313,65.80112],[146,65.84113],[463,65.84113],[589,65.84113],[159,66.08113],[173,66.08113],[601,66.08113],[513,66.20113],[343,66.24113],[569,66.24113],[253,66.36114],[147,66.48114],[491,66.60114],[603,66.60114],[314,66.68114],[532,66.76115],[219,66.80115],[404,66.80115],[202,66.88115],[579,66.92115],[602,66.96115],[228,67.00115],[514,67.16116],[344,67.24116],[374,67.24116],[221,67.36116],[254,67.44116],[533,67.52116],[561,67.56116],[610,67.56116],[174,67.64117],[464,67.72117],[345,67.84117],[172,67.92117],[315,67.92117],[590,67.92117],[465,67.96117],[175,68.16118],[580,68.16118],[604,68.16118],[434,68.32118],[435,68.36118],[130,68.44118],[200,68.48119],[346,68.52119],[548,68.52119],[148,68.64119],[628,68.64119],[183,68.68119],[405,68.8812],[616,68.8812],[375,68.9212],[492,68.9212],[605,69.0412],[515,69.2412],[162,69.2812],[163,69.32121],[284,69.36121],[406,69.40121],[135,69.44121],[466,69.44121],[626,69.52121],[493,69.64121],[618,69.72121],[617,69.76122],[376,69.80122],[151,69.96122],[436,69.96122],[161,70.00122],[467,70.00122],[229,70.04122],[570,70.04122],[150,70.16122],[534,70.28123],[347,70.44123],[615,70.48123],[437,70.52123],[535,70.60123],[285,70.64124],[629,70.64124],[137,70.72124],[614,70.84124],[134,70.92124],[187,70.92124],[549,70.92124],[316,71.08125],[438,71.08125],[516,71.12125],[591,71.20125],[255,71.32125],[642,71.40125],[164,71.44125],[592,71.52126],[407,71.60126],[627,71.60126],[377,71.64126],[256,71.72126],[550,71.72126],[149,71.80126],[136,71.84126],[644,71.92126],[619,72.04127],[152,72.08127],[348,72.16127],[494,72.16127],[230,72.24127],[611,72.24127],[551,72.32127],[121,72.44128],[208,72.64128],[286,72.68128],[408,72.68128],[645,72.68128],[119,72.72128],[517,72.72128],[632,72.72128],[176,72.92129],[620,72.96129],[133,73.04129],[631,73.16129],[378,73.20129],[201,73.2813],[581,73.2813],[138,73.3213],[231,73.3213],[633,73.4013],[153,73.4413],[658,73.4413],[606,73.6413],[469,73.72131],[166,73.76131],[317,73.80131],[646,73.92131],[495,73.96131],[120,74.00131],[165,74.04131],[643,74.12132],[379,74.20132],[409,74.28132],[184,74.32132],[536,74.36132],[257,74.44132],[657,74.44132],[140,74.48132],[634,74.60133],[468,74.68133],[287,74.72133],[167,74.88133],[209,74.88133],[380,74.88133],[118,74.92133],[132,75.08134],[154,75.12134],[537,75.20134],[139,75.24134],[210,75.32134],[648,75.32134],[318,75.36134],[496,75.36134],[125,75.52135],[177,75.52135],[647,75.56135],[470,75.72135],[122,75.88136],[192,75.88136],[259,75.88136],[519,75.92136],[659,75.96136],[107,76.00136],[155,76.00136],[156,76.12136],[498,76.12136],[124,76.16136],[439,76.24136],[595,76.32137],[211,76.40137],[288,76.56137],[109,76.64137],[594,76.64137],[168,76.68137],[440,76.68137],[552,76.68137],[116,76.84138],[349,76.92138],[232,77.04138],[141,77.08138],[673,77.08138],[117,77.16138],[193,77.16138],[471,77.24139],[186,77.28139],[411,77.36139],[289,77.44139],[518,77.44139],[104,77.48139],[142,77.60139],[261,77.6814],[143,77.7214],[110,77.8014],[660,77.8014],[410,77.9214],[441,77.9614],[319,78.0014],[102,78.08141],[650,78.16141],[636,78.20141],[157,78.28141],[126,78.36141],[111,78.40141],[290,78.44141],[105,78.48141],[350,78.60142],[607,78.64142],[674,78.68142],[635,78.72142],[663,78.80142],[233,78.92142],[127,78.96143],[94,79.00143],[320,79.04143],[108,79.08143],[649,79.12143],[520,79.32143],[621,79.32143],[89,79.36143],[234,79.44144],[258,79.48144],[662,79.52144],[413,79.64144],[95,79.72144],[123,79.72144],[96,79.76144],[593,79.88145],[103,79.92145],[442,79.92145],[630,79.96145],[128,80.04145],[262,80.08145],[93,80.16145],[351,80.24146],[81,80.36146],[622,80.40146],[542,80.48146],[79,80.52146],[497,80.56146],[651,80.56146],[213,80.64146],[412,80.68147],[112,80.84147],[383,80.88147],[80,80.92147],[664,81.12148],[292,81.16148],[65,81.20148],[499,81.24148],[641,81.24148],[291,81.28148],[97,81.32148],[106,81.32148],[113,81.40148],[472,81.48148],[322,81.76149],[212,81.80149],[64,81.84149],[652,81.88149],[381,81.92149],[677,81.92149],[82,81.96149],[78,82.0015],[92,82.0015],[538,82.1615],[689,82.1615],[194,82.2415],[235,82.2815],[352,82.4015],[90,82.56151],[88,82.60151],[473,82.60151],[609,82.64151],[214,82.68151],[66,82.88152],[260,82.88152],[521,82.92152],[655,82.92152],[443,83.04152],[676,83.12152],[185,83.20152],[215,83.20152],[539,83.20152],[63,83.24152],[115,83.40153],[144,83.40153],[665,83.40153],[353,83.52153],[666,83.64153],[294,83.72153],[637,83.76154],[675,83.80154],[83,83.84154],[197,83.92154],[444,84.00154],[196,84.04154],[50,84.08154],[321,84.16154],[679,84.24155],[678,84.28155],[101,84.36155],[667,84.40155],[237,84.52155],[195,84.56155],[382,84.60155],[293,84.64156],[98,84.72156],[686,84.76156],[704,84.92156],[91,84.96156],[692,84.96156],[680,85.00156],[51,85.08157],[114,85.08157],[84,85.12157],[324,85.12157],[608,85.20157],[67,85.32157],[49,85.44157],[693,85.56158],[236,85.60158],[624,85.60158],[640,85.60158],[53,85.64158],[414,85.68158],[691,85.80158],[87,85.84158],[77,85.88158],[500,85.96159],[52,86.00159],[99,86.16159],[264,86.16159],[76,86.20159],[705,86.28159],[68,86.32159],[638,86.3616],[354,86.4016],[198,86.6816],[688,86.6816],[62,86.7216],[74,86.80161],[37,86.84161],[540,86.84161],[263,86.96161],[23,87.04161],[522,87.04161],[706,87.04161],[75,87.08161],[129,87.32162],[216,87.44162],[694,87.44162],[474,87.48162],[681,87.48162],[36,87.52162],[703,87.52162],[14,87.56162],[100,87.76163],[48,87.84163],[654,87.96163],[702,87.96163],[38,88.00163],[69,88.00163],[323,88.00163],[682,88.12164],[695,88.12164],[553,88.20164],[34,88.24164],[47,88.48164],[238,88.52164],[653,88.60165],[24,88.64165],[12,88.68165],[61,88.68165],[554,88.68165],[690,88.72165],[707,88.72165],[683,88.84165],[687,88.96165],[59,89.04166],[384,89.08166],[25,89.12166],[708,89.16166],[46,89.28166],[35,89.32166],[709,89.32166],[639,89.44167],[661,89.48167],[697,89.52167],[22,89.56167],[13,89.68167],[39,89.68167],[73,89.68167],[717,89.92168],[86,89.96168],[60,90.00168],[669,90.08168],[719,90.12168],[33,90.16168],[721,90.16168],[21,90.24168],[32,90.28168],[623,90.28168],[672,90.36169],[58,90.56169],[684,90.64169],[54,90.72169],[718,90.72169],[20,90.8017],[44,90.8017],[729,90.8417],[31,90.8817],[727,90.9217],[656,91.0017],[696,91.0017],[26,91.0417],[85,91.16171],[15,91.36171],[720,91.36171],[10,91.48171],[45,91.48171],[57,91.48171],[725,91.48171],[716,91.56171],[29,91.64172],[668,91.64172],[6,91.68172],[701,91.76172],[671,91.88172],[11,92.04173],[728,92.04173],[18,92.12173],[735,92.12173],[30,92.20173],[710,92.24173],[43,92.36173],[19,92.44173],[72,92.48174],[733,92.48174],[685,92.60174],[730,92.64174],[722,92.68174],[1,92.80174],[726,92.84174],[4,92.92175],[738,92.96175],[9,93.00175],[737,93.20175],[28,93.28175],[42,93.28175],[723,93.28175],[700,93.36176],[699,93.44176],[713,93.44176],[3,93.52176],[698,93.56176],[40,93.64176],[5,93.80177],[670,93.80177],[734,93.88177],[2,94.04177],[711,94.04177],[732,94.04177],[71,94.08177],[724,94.08177],[8,94.24178],[27,94.44178],[55,94.48178],[712,94.52178],[736,94.56178],[0,94.68179],[17,94.68179],[739,94.68179],[625,94.84179],[56,94.92179],[731,95.2018],[7,95.2418],[70,95.3218],[16,95.4018],[715,95.4418],[714,95.80181],[41,95.96181]

Stuck Times:
[355,0],[385,0],[325,0],[415,0],[356,0],[295,0],[326,0],[386,0],[445,0],[416,0],[296,0],[265,0],[357,0],[446,0],[417,0],[327,0],[387,0],[266,0],[447,0],[297,0],[475,0],[418,0],[358,0],[388,0],[476,0],[448,0],[328,0],[477,0],[239,0],[267,0],[419,0],[359,0],[389,0],[449,0],[478,0],[298,0],[329,0],[420,0],[502,0],[360,0],[390,0],[450,0],[479,0],[268,0],[330,0],[421,0],[501,0],[299,0],[361,0],[503,0],[391,0],[480,0],[451,0],[269,0],[331,0],[422,0],[504,0],[240,1],[362,0],[392,0],[523,1],[452,0],[481,0],[393,0],[505,0],[241,0],[332,0],[300,0],[333,0],[524,0],[363,0],[453,0],[423,0],[506,0],[394,0],[302,0],[303,0],[527,0],[271,0],[454,0],[334,0],[482,0],[424,0],[270,0],[364,0],[507,0],[301,0],[483,0],[273,0],[304,0],[455,0],[395,0],[335,0],[242,0],[508,0],[526,1],[365,0],[272,1],[274,0],[425,0],[484,0],[509,0],[305,0],[246,1],[396,0],[529,0],[244,0],[456,0],[510,0],[528,0],[275,0],[336,0],[426,0],[247,0],[530,0],[366,0],[220,3],[485,0],[243,2],[457,0],[546,1],[306,0],[397,0],[562,0],[248,0],[337,0],[555,0],[571,1],[486,0],[223,2],[427,0],[276,1],[367,0],[307,0],[572,1],[224,2],[245,1],[547,0],[458,0],[398,0],[249,2],[217,5],[338,1],[428,0],[582,2],[563,0],[277,1],[564,0],[222,4],[368,0],[583,1],[531,0],[205,3],[399,1],[278,1],[573,3],[250,1],[556,1],[308,1],[487,1],[584,2],[199,5],[204,4],[225,3],[339,2],[543,5],[279,1],[585,2],[574,3],[511,1],[227,1],[309,1],[597,5],[429,2],[218,7],[226,3],[251,3],[596,3],[557,2],[565,2],[369,3],[599,3],[280,1],[459,3],[400,3],[460,2],[598,2],[206,7],[207,3],[340,3],[575,2],[189,6],[430,4],[612,5],[180,4],[370,3],[566,3],[310,3],[190,8],[281,2],[488,4],[576,2],[371,5],[544,7],[586,3],[145,6],[558,4],[191,7],[311,3],[431,5],[461,5],[613,6],[181,5],[341,5],[169,7],[577,2],[432,5],[158,8],[401,6],[282,3],[559,4],[312,5],[587,3],[178,8],[188,7],[402,6],[541,10],[372,6],[489,6],[567,5],[171,9],[203,6],[131,8],[252,7],[462,6],[568,4],[179,7],[373,6],[588,3],[512,6],[525,5],[342,7],[433,6],[578,5],[600,6],[182,7],[170,9],[403,7],[160,10],[560,5],[490,7],[283,6],[545,8],[313,7],[146,8],[463,7],[589,5],[159,10],[173,10],[601,7],[513,7],[343,9],[569,6],[253,7],[147,11],[491,5],[603,7],[314,7],[532,7],[219,12],[404,7],[202,12],[579,6],[602,7],[228,10],[514,8],[344,8],[374,9],[221,12],[254,8],[533,6],[561,8],[610,12],[174,9],[464,7],[345,8],[172,11],[315,9],[590,5],[465,6],[175,11],[580,6],[604,7],[434,11],[435,10],[130,12],[200,13],[346,8],[548,7],[148,12],[628,10],[183,10],[405,11],[616,9],[375,12],[492,8],[605,9],[515,7],[162,12],[163,13],[284,12],[406,10],[135,13],[466,7],[626,14],[493,9],[618,9],[617,9],[376,10],[151,13],[436,13],[161,14],[467,8],[229,12],[570,9],[150,14],[534,9],[347,10],[615,11],[437,12],[535,9],[285,14],[629,12],[137,14],[614,12],[134,13],[187,14],[549,10],[316,12],[438,7],[516,11],[591,10],[255,13],[642,14],[164,13],[592,9],[407,11],[627,14],[377,10],[256,14],[550,9],[149,15],[136,14],[644,15],[619,12],[152,15],[348,11],[494,12],[230,13],[611,12],[551,9],[121,14],[208,15],[286,13],[408,13],[645,15],[119,16],[517,9],[632,14],[176,15],[620,13],[133,14],[631,12],[378,12],[201,18],[581,12],[138,15],[231,15],[633,15],[153,16],[658,15],[606,13],[469,11],[166,16],[317,13],[646,16],[495,11],[120,16],[165,16],[643,14],[379,13],[409,13],[184,16],[536,9],[257,16],[657,19],[140,16],[634,16],[468,14],[287,17],[167,17],[209,17],[380,12],[118,17],[132,17],[154,17],[537,9],[139,16],[210,17],[648,16],[318,16],[496,14],[125,16],[177,19],[647,16],[470,12],[122,16],[192,17],[259,17],[519,13],[659,18],[107,16],[155,19],[156,19],[498,12],[124,17],[439,16],[595,20],[211,17],[288,15],[109,19],[594,12],[168,17],[440,14],[552,12],[116,21],[349,15],[232,19],[141,18],[673,18],[117,19],[193,18],[471,11],[186,21],[411,16],[289,16],[518,13],[104,21],[142,19],[261,13],[143,19],[110,20],[660,18],[410,16],[441,12],[319,18],[102,22],[650,18],[636,18],[157,18],[126,21],[111,20],[290,17],[105,20],[350,18],[607,19],[674,22],[635,17],[663,19],[233,19],[127,21],[94,20],[320,17],[108,20],[649,18],[520,17],[621,19],[89,21],[234,20],[258,19],[662,19],[413,16],[95,21],[123,18],[96,23],[593,19],[103,22],[442,16],[630,19],[128,23],[262,13],[93,20],[351,18],[81,24],[622,19],[542,24],[79,21],[497,18],[651,19],[213,20],[412,18],[112,25],[383,16],[80,20],[664,22],[292,14],[65,22],[499,17],[641,24],[291,20],[97,25],[106,21],[113,24],[472,18],[322,17],[212,22],[64,22],[652,23],[381,21],[677,23],[82,24],[78,24],[92,22],[538,23],[689,25],[194,23],[235,17],[352,20],[90,26],[88,27],[473,21],[609,21],[214,21],[66,25],[260,20],[521,19],[655,26],[443,20],[676,22],[185,31],[215,16],[539,20],[63,23],[115,28],[144,25],[665,23],[353,21],[666,23],[294,15],[637,24],[675,25],[83,25],[197,18],[444,20],[196,25],[50,24],[321,24],[679,24],[678,24],[101,27],[667,25],[237,18],[195,24],[382,22],[293,19],[98,25],[686,28],[704,26],[91,25],[692,28],[680,25],[51,28],[114,22],[84,17],[324,19],[608,23],[67,27],[49,29],[693,28],[236,17],[624,23],[640,30],[53,21],[414,19],[691,28],[87,28],[77,26],[500,23],[52,28],[99,12],[264,17],[76,29],[705,27],[68,27],[638,24],[354,22],[198,18],[688,30],[62,29],[74,29],[37,25],[540,23],[263,17],[23,28],[522,22],[706,27],[75,31],[129,17],[216,18],[694,28],[474,22],[681,28],[36,31],[703,28],[14,24],[100,32],[48,29],[654,22],[702,30],[38,22],[69,19],[323,25],[682,25],[695,28],[553,25],[34,28],[47,30],[238,17],[653,26],[24,28],[12,27],[61,31],[554,26],[690,29],[707,28],[683,25],[687,31],[59,31],[384,23],[25,25],[708,26],[46,30],[35,28],[709,26],[639,21],[661,28],[697,26],[22,30],[13,26],[39,20],[73,33],[717,29],[86,34],[60,31],[669,21],[719,28],[33,30],[721,27],[21,26],[32,29],[623,25],[672,31],[58,32],[684,24],[54,21],[718,29],[20,28],[44,32],[729,28],[31,30],[727,30],[656,31],[696,26],[26,22],[85,35],[15,23],[720,28],[10,29],[45,32],[57,34],[725,31],[716,31],[29,33],[668,21],[6,27],[701,33],[671,34],[11,28],[728,28],[18,33],[735,31],[30,33],[710,26],[43,36],[19,32],[72,35],[733,32],[685,36],[730,31],[722,28],[1,33],[726,31],[4,29],[738,31],[9,34],[737,33],[28,36],[42,36],[723,26],[700,34],[699,25],[713,38],[3,31],[698,25],[40,37],[5,33],[670,36],[734,37],[2,32],[711,25],[732,26],[71,37],[724,37],[8,35],[27,38],[55,38],[712,28],[736,35],[0,34],[17,38],[739,32],[625,37],[56,41],[731,31],[7,35],[70,40],[16,37],[715,35],[714,34],[41,41]

