Experiment Name: Custom-DecreasingGateSize5
Method Used: RegionalFlowGraph
Run Number: 8
Preparation Time: 149.2021ms
Pathfinding Time: 1.9807ms
Finish Time: 96.80183ms
Finish Time 90%: 90.48169ms
Repaths: 0
Soft Repaths: 0

Gates Data:
2:[355,[5.643324,11.27202,0,[158.999,131.0109]]],[325,[6.14572,12.28718,0,[157.999,129.8924]]],[385,[5.643821,11.28094,0,[158.999,132.1975]]],[295,[6.1619,12.31697,0,[157.999,128.6692]]],[415,[5.656324,11.30488,0,[158.999,133.4912]]],[265,[6.195688,12.38507,0,[157.999,127.2604]]],[326,[6.192771,12.34211,0,[158.999,130.068]]],[356,[6.237869,12.44224,0,[158.999,131.1848]]],[445,[5.686836,11.36656,0,[158.999,134.8985]]],[296,[6.762557,13.47187,0,[157.999,129.0506]]],[386,[6.208232,12.39738,0,[158.999,132.3021]]],[266,[6.740189,13.44251,0,[157.999,127.8163]]],[416,[6.246221,12.462,0,[158.999,133.4304]]],[327,[6.728878,13.40441,0,[158.999,130.3951]]],[387,[6.762624,13.47184,0,[158.999,131.9544]]],[297,[7.372096,14.63226,0,[157.999,129.3745]]],[267,[7.277166,14.49462,0,[157.999,128.3002]]],[239,[6.723654,13.42956,0,[157.999,126.4231]]],[417,[6.846117,13.55995,0,[158.999,133.0342]]],[357,[7.126899,13.59426,0,[158.999,131.1617]]],[446,[6.246266,12.43295,0,[158.999,134.6252]]],[240,[7.30876,14.53542,0,[157.999,127.1732]]],[328,[7.28069,14.44655,0,[158.999,130.1256]]],[388,[7.322123,14.53475,0,[158.999,132.212]]],[447,[6.842617,13.50812,0,[158.999,134.1225]]],[268,[7.822072,15.5649,0,[157.999,128.2123]]],[298,[8.053561,15.76089,0,[157.999,129.2054]]],[358,[7.661427,14.711,0,[158.999,131.0393]]],[418,[7.502699,14.6574,0,[158.999,133.2787]]],[329,[7.899666,15.477,0,[158.999,130.061]]],[217,[7.327143,14.49314,0,[157.999,126.0482]]],[241,[7.873377,15.62599,0,[157.999,127.1146]]],[389,[7.875174,15.58357,0,[158.999,132.0634]]],[448,[7.400272,14.56781,0,[158.999,134.3461]]],[269,[8.377204,16.62804,0,[157.999,128.138]]],[299,[8.671118,16.86698,0,[157.999,129.0727]]],[359,[8.206017,15.82864,0,[158.999,130.983]]],[475,[6.95763,12.50071,0,[158.999,135.1944]]],[330,[8.480578,16.53723,0,[158.999,130.0231]]],[419,[8.100439,15.75792,0,[158.999,133.0614]]],[390,[8.430529,16.65717,0,[158.999,131.984]]],[242,[8.459518,16.70524,0,[157.999,127.0313]]],[218,[7.992799,15.56905,0,[157.999,126.0399]]],[477,[7.952427,14.73996,0,[158.999,134.1386]]],[270,[8.940363,17.68922,0,[157.999,128.086]]],[360,[8.769323,16.92784,0,[158.999,130.9907]]],[300,[9.239414,17.94451,0,[157.999,129.0058]]],[420,[8.736958,16.86601,0,[158.999,132.9059]]],[331,[9.540908,18.59604,0,[157.999,129.9701]]],[391,[9.042002,17.71778,0,[158.999,131.9608]]],[476,[7.801677,13.56365,0,[158.999,135.2439]]],[449,[8.514577,15.6714,0,[158.999,133.9467]]],[361,[9.331104,18.0816,0,[158.999,130.9132]]],[243,[9.096752,17.81771,0,[157.999,127.0028]]],[271,[9.513282,18.74137,0,[157.999,127.9555]]],[301,[9.816208,19.03958,0,[157.999,128.9841]]],[219,[8.702618,16.63976,0,[157.999,125.9706]]],[421,[9.420511,17.96918,0,[158.999,132.8383]]],[503,[8.480454,15.81353,0,[158.999,135.1179]]],[392,[9.63619,18.80641,0,[158.999,131.8154]]],[332,[10.10273,19.69451,0,[157.999,129.9648]]],[450,[9.113554,16.81163,0,[158.999,133.7142]]],[272,[10.10935,19.81338,0,[157.999,128.0098]]],[362,[9.913762,19.19176,0,[158.999,130.8633]]],[244,[9.796706,18.92309,0,[157.999,126.9283]]],[302,[10.39256,20.1521,0,[157.999,128.991]]],[422,[9.974974,19.10212,0,[158.999,132.6791]]],[220,[9.431328,17.83155,0,[157.999,126.0033]]],[393,[10.24062,19.89608,0,[158.999,131.716]]],[480,[9.541739,17.95187,0,[158.999,134.4244]]],[333,[10.71498,20.77595,0,[157.999,129.8808]]],[451,[9.972231,17.72654,0,[158.999,133.7445]]],[273,[10.72784,20.86791,0,[157.999,128.0509]]],[363,[10.54904,20.30876,0,[158.999,130.7699]]],[478,[9.005231,15.86143,0,[158.999,134.8132]]],[245,[10.49661,20.07964,0,[157.999,127.0662]]],[303,[11.11525,21.26439,0,[157.999,129.0931]]],[453,[10.51664,20.02261,0,[158.999,132.952]]],[423,[10.7911,20.3197,0,[158.999,131.9107]]],[505,[10.07742,18.29215,0,[158.999,134.8038]]],[221,[10.19704,18.9066,0,[157.999,126.0661]]],[334,[11.46508,21.86251,0,[157.999,129.8973]]],[246,[11.29075,21.19456,0,[157.999,128.029]]],[394,[11.11655,21.10303,0,[158.999,131.0067]]],[452,[10.61535,18.94877,0,[158.999,134.0571]]],[479,[9.62824,16.86117,0,[158.999,135.5505]]],[222,[11.10997,20.55782,0,[157.999,127.001]]],[454,[11.07014,21.16352,0,[158.999,132.897]]],[304,[11.88074,22.40632,0,[157.999,129.1055]]],[424,[11.39644,21.43795,0,[158.999,131.9555]]],[364,[11.50306,21.48779,0,[158.999,130.2186]]],[504,[10.57473,17.20762,0,[158.999,135.2888]]],[199,[10.84104,16.44104,0,[157.999,125.9734]]],[274,[11.84737,22.04816,0,[157.999,128.013]]],[395,[11.78054,22.15643,0,[158.999,131.1648]]],[455,[11.6523,22.24667,0,[158.999,132.943]]],[275,[12.4369,23.19859,0,[157.999,129.4918]]],[223,[11.70859,21.3182,0,[157.999,126.9415]]],[482,[11.28165,20.33339,0,[158.999,133.9939]]],[425,[12.11489,22.49181,0,[158.999,132.0148]]],[247,[12.36698,22.36117,0,[157.999,128.4091]]],[335,[12.20376,21.96577,0,[158.999,130.4726]]],[507,[11.85727,20.72128,0,[158.999,134.0121]]],[205,[12.32235,22.82163,0,[157.999,127.2889]]],[483,[12.19566,21.55474,0,[158.999,133.1228]]],[248,[12.97052,23.54439,0,[157.999,129.1855]]],[365,[12.57188,22.52327,0,[158.999,131.2773]]],[481,[11.12488,19.16636,0,[158.999,135.0344]]],[305,[12.72451,22.48802,0,[158.999,130.1252]]],[200,[11.55131,17.56759,0,[157.999,125.8885]]],[484,[12.64131,22.80334,0,[158.999,132.4294]]],[224,[12.91564,22.50926,0,[157.999,128.0892]]],[204,[12.27724,21.54014,0,[157.999,126.1756]]],[528,[12.33918,20.9283,0,[158.999,134.713]]],[506,[11.73669,19.41841,0,[158.999,135.1293]]],[225,[13.47427,23.83492,0,[157.999,128.5746]]],[336,[13.18163,23.08654,0,[158.999,130.697]]],[396,[13.08052,23.23435,0,[158.999,131.7696]]],[529,[12.7151,22.46401,0,[158.999,133.5496]]],[190,[12.89935,23.53819,0,[157.999,126.9908]]],[276,[13.749,24.34131,0,[157.999,129.5054]]],[508,[13.16615,22.16183,0,[158.999,132.8912]]],[206,[13.47221,24.0015,0,[157.999,127.4482]]],[366,[13.67971,23.66843,0,[158.999,131.1995]]],[306,[13.71644,23.68155,0,[158.999,130.1294]]],[456,[13.60478,23.51945,0,[158.999,132.2486]]],[191,[14.05203,25.11683,0,[157.999,128.3877]]],[202,[12.84008,19.20191,0,[157.999,125.8906]]],[571,[12.94016,23.21412,0,[158.999,134.5386]]],[546,[13.39736,23.01749,0,[158.999,133.9839]]],[249,[14.44161,24.80014,0,[157.999,129.1042]]],[189,[13.45891,22.83782,0,[157.999,126.2412]]],[509,[13.8002,22.99405,0,[158.999,133.275]]],[169,[14.03773,25.00484,0,[157.999,127.2688]]],[426,[14.22405,23.74812,0,[158.999,131.1862]]],[337,[14.27736,24.38902,0,[158.999,130.0795]]],[485,[14.25591,23.76918,0,[158.999,132.3812]]],[250,[14.93743,25.96478,0,[157.999,128.5947]]],[226,[14.58747,24.91167,0,[157.999,127.7031]]],[501,[12.93319,14.53886,0,[158.999,135.5994]]],[562,[13.96678,23.67758,0,[158.999,134.3524]]],[457,[14.70507,24.68775,0,[158.999,131.8246]]],[397,[14.75716,24.49492,0,[158.999,130.7434]]],[530,[14.35713,23.27859,0,[158.999,133.4816]]],[277,[15.26297,25.58807,0,[157.999,129.5661]]],[158,[14.65272,24.48832,0,[157.999,126.3889]]],[203,[14.08093,21.39574,0,[157.999,126.1012]]],[207,[15.49865,25.95563,0,[157.999,128.5462]]],[510,[14.95371,24.34986,0,[158.999,132.8483]]],[486,[15.25299,25.40363,0,[158.999,131.87]]],[307,[15.22215,24.86576,0,[158.999,130.1825]]],[278,[15.95731,26.75797,0,[157.999,129.1975]]],[572,[14.44668,24.34517,0,[158.999,134.9624]]],[563,[14.8967,25.20545,0,[158.999,133.9437]]],[159,[15.67192,25.71396,0,[157.999,127.4915]]],[160,[15.11838,26.74845,0,[157.999,127.3318]]],[427,[15.58937,25.17822,0,[158.999,131.0127]]],[526,[13.65704,19.00021,0,[158.999,135.3213]]],[555,[15.5251,25.07737,0,[158.999,132.9488]]],[338,[15.81817,25.53796,0,[158.999,130.0257]]],[170,[16.15584,26.59651,0,[157.999,128.132]]],[547,[15.84759,25.15092,0,[158.999,132.0127]]],[227,[16.54912,26.98121,0,[157.999,128.9441]]],[574,[15.45382,26.45046,0,[158.999,134.0537]]],[458,[16.15754,26.23556,0,[158.999,131.0799]]],[146,[15.97182,24.96811,0,[157.999,126.5576]]],[145,[15.31241,24.37726,0,[157.999,126.1549]]],[556,[16.20532,26.28119,0,[158.999,132.8905]]],[367,[16.36977,25.03986,0,[158.999,130.0632]]],[178,[16.84474,26.42696,0,[157.999,127.9664]]],[502,[15.61837,16.51461,0,[158.999,135.1215]]],[171,[16.47138,27.19748,0,[157.999,127.1516]]],[531,[16.54325,25.82794,0,[158.999,131.9982]]],[527,[15.05479,21.08361,0,[158.999,135.0839]]],[308,[17.11112,27.12251,0,[157.999,129.092]]],[564,[16.02687,26.16114,0,[158.999,133.9985]]],[398,[16.71571,25.73299,0,[158.999,130.9842]]],[368,[16.95167,26.29939,0,[158.9848,130]]],[565,[16.86373,27.35378,0,[158.999,132.9357]]],[557,[17.13512,27.57678,0,[158.999,131.9525]]],[179,[17.44195,27.90669,0,[157.999,128.1317]]],[162,[17.22177,28.74681,0,[157.999,127.1073]]],[185,[16.34867,18.68566,0,[157.999,125.7357]]],[148,[16.85852,26.83216,0,[157.999,126.2307]]],[428,[17.27893,26.37282,0,[158.999,130.9135]]],[585,[16.5661,26.19774,0,[158.999,133.8381]]],[339,[17.76223,28.02804,0,[157.999,129.0645]]],[399,[17.57425,27.18987,0,[158.999,130.004]]],[566,[17.41731,28.45732,0,[158.999,132.9127]]],[573,[16.18581,25.15778,0,[158.999,135.2621]]],[172,[18.04408,28.709,0,[157.999,128.0939]]],[487,[17.70554,26.85128,0,[158.999,131.9896]]],[575,[17.1265,27.49005,0,[158.999,133.9572]]],[369,[18.35633,28.71691,0,[157.999,129.028]]],[161,[17.79264,27.50651,0,[157.999,127.0274]]],[429,[17.87861,27.57727,0,[158.999,130.9742]]],[400,[18.15308,28.62237,0,[158.999,130.0071]]],[583,[16.71388,23.99646,0,[158.999,134.9449]]],[201,[17.49784,19.89961,0,[157.999,125.982]]],[576,[17.79712,28.63695,0,[158.999,133.6895]]],[511,[18.10752,25.86414,0,[158.999,132.7403]]],[279,[18.67755,28.0313,0,[157.999,128.09]]],[150,[18.39558,29.31036,0,[157.999,127.1022]]],[430,[18.43153,28.82334,0,[158.999,130.9665]]],[309,[18.96918,28.46518,0,[157.999,129.1185]]],[459,[18.55136,27.17429,0,[158.999,132.0173]]],[525,[17.59413,19.27128,0,[158.999,134.6959]]],[340,[18.74742,28.36247,0,[158.999,130.0743]]],[131,[18.18784,25.11562,0,[157.999,126.0455]]],[587,[18.37334,28.08307,0,[158.999,133.9056]]],[577,[18.75793,29.69447,0,[158.999,133.0973]]],[163,[19.24443,30.15507,0,[157.999,128.1147]]],[460,[18.98761,29.24259,0,[158.999,131.0934]]],[147,[18.96132,26.60582,0,[157.999,127.0986]]],[251,[19.53229,27.55084,0,[157.999,129.0869]]],[558,[19.14842,28.70377,0,[158.999,132.1896]]],[545,[17.2599,21.58867,0,[158.999,135.5874]]],[280,[19.29839,28.92425,0,[158.999,130.0834]]],[586,[18.1512,26.93339,0,[158.999,135.1883]]],[370,[19.54185,28.54403,0,[158.999,131.1158]]],[134,[19.54449,27.82263,0,[157.999,127.1023]]],[151,[19.83259,30.33755,0,[157.999,128.1313]]],[186,[18.85755,20.76987,0,[157.999,126.0047]]],[567,[19.49212,29.68242,0,[158.999,133.1922]]],[588,[19.09467,29.21784,0,[158.999,134.0317]]],[180,[20.10665,28.89299,0,[157.999,129.1607]]],[559,[19.70871,30.10121,0,[158.999,132.1922]]],[310,[19.84317,28.8667,0,[158.999,130.1636]]],[188,[19.43834,22.83359,0,[157.999,126.0212]]],[461,[20.08935,30.04155,0,[158.999,131.1743]]],[582,[18.69727,23.36741,0,[158.999,134.9846]]],[173,[20.46077,29.78884,0,[157.999,128.195]]],[589,[20.051,30.49986,0,[158.999,133.2339]]],[149,[20.1568,28.24884,0,[157.999,127.1929]]],[181,[20.67506,30.28084,0,[157.999,129.2822]]],[599,[19.74444,27.19883,0,[158.999,134.2349]]],[341,[20.39067,29.82754,0,[158.999,130.291]]],[560,[20.2687,30.92035,0,[158.999,132.2287]]],[488,[20.6382,30.26714,0,[158.999,131.4523]]],[182,[21.03048,30.96825,0,[157.999,128.436]]],[281,[21.26486,30.96209,0,[157.999,129.4696]]],[568,[20.63933,30.77949,0,[158.999,133.1069]]],[135,[20.03181,28.00253,0,[157.999,126.1148]]],[174,[20.75655,30.61386,0,[157.999,127.1827]]],[584,[19.27243,25.41094,0,[158.999,135.2539]]],[401,[20.92271,29.76317,0,[158.999,130.5567]]],[512,[21.07789,31.39914,0,[158.999,132.1124]]],[601,[20.46286,28.8962,0,[158.999,134.1665]]],[431,[21.36665,29.92707,0,[158.999,131.1852]]],[252,[21.64738,31.12538,0,[157.999,128.6057]]],[175,[21.33097,31.81213,0,[157.999,127.4094]]],[311,[21.83902,31.00862,0,[157.999,129.8493]]],[602,[21.17871,30.04618,0,[158.999,133.192]]],[371,[21.78838,29.90929,0,[158.999,130.4948]]],[561,[21.60768,31.87784,0,[158.999,132.5449]]],[597,[19.96681,24.90749,0,[158.999,135.2831]]],[132,[20.68274,25.4278,0,[157.999,126.0578]]],[164,[21.90368,30.8958,0,[157.999,127.5729]]],[462,[21.87301,31.25298,0,[158.999,131.6027]]],[600,[21.02563,27.9845,0,[158.999,134.2307]]],[282,[22.17579,32.00768,0,[157.999,128.968]]],[616,[21.64288,29.83019,0,[158.999,133.8161]]],[342,[22.62415,31.82257,0,[157.999,129.5314]]],[119,[21.85062,27.88703,0,[157.999,126.4014]]],[569,[22.16635,31.69108,0,[158.999,132.6499]]],[402,[22.35313,31.02393,0,[158.999,130.5909]]],[489,[22.41326,31.408,0,[158.999,131.6712]]],[228,[22.45359,31.93131,0,[157.999,127.9799]]],[253,[22.90322,31.9278,0,[157.999,128.5413]]],[598,[20.62599,26.12617,0,[158.999,135.3309]]],[372,[23.17858,32.08206,0,[157.999,129.6592]]],[136,[21.28641,29.50497,0,[157.999,126.1944]]],[612,[21.89867,26.17089,0,[158.999,134.8186]]],[614,[22.18934,28.08045,0,[158.999,133.7483]]],[432,[22.87608,31.19956,0,[158.999,131.051]]],[570,[22.89762,33.32201,0,[158.999,132.1634]]],[578,[22.68228,30.91486,0,[158.999,133.1662]]],[152,[22.43661,31.01777,0,[157.999,126.8877]]],[165,[23.02653,32.0136,0,[157.999,127.4011]]],[183,[23.44296,32.04143,0,[157.999,128.6412]]],[403,[23.17212,32.02781,0,[158.999,130.1425]]],[463,[23.39334,32.20388,0,[158.999,131.6958]]],[524,[21.32215,17.80388,0,[158.999,135.1906]]],[579,[23.32252,32.1201,0,[158.999,132.8535]]],[312,[23.9175,31.83244,0,[157.999,129.1698]]],[613,[22.66481,27.01986,0,[158.999,134.3639]]],[433,[23.6295,32.33276,0,[158.999,130.7305]]],[615,[23.15096,29.18386,0,[158.999,133.8797]]],[153,[23.60414,32.15962,0,[157.999,127.572]]],[166,[24.11197,33.08248,0,[157.999,128.144]]],[130,[22.40164,24.44798,0,[157.999,125.7963]]],[343,[24.37839,32.74718,0,[157.999,129.7329]]],[513,[23.83584,32.3753,0,[158.999,132.4809]]],[490,[24.04055,32.44648,0,[158.999,131.4714]]],[617,[23.72419,30.75593,0,[158.999,133.6885]]],[544,[22.40405,22.40719,0,[158.999,135.3178]]],[283,[24.59193,32.93835,0,[157.999,128.7094]]],[373,[24.26987,32.01038,0,[158.999,130.4843]]],[120,[23.73527,29.19976,0,[157.999,126.4855]]],[629,[23.53774,28.46616,0,[158.999,134.7428]]],[121,[24.29606,30.23396,0,[157.999,127.0871]]],[464,[24.43477,33.17878,0,[158.999,132.2477]]],[313,[25.00668,32.97367,0,[157.999,129.5061]]],[404,[24.65826,32.93809,0,[158.999,131.2496]]],[532,[24.24629,32.33987,0,[158.999,133.2789]]],[176,[25.26354,33.08396,0,[157.999,128.4894]]],[344,[24.90578,32.79993,0,[158.999,130.2825]]],[631,[24.16631,30.42278,0,[158.999,134.4299]]],[137,[23.084,30.13319,0,[157.999,126.2166]]],[596,[23.05004,23.95667,0,[158.999,135.2536]]],[154,[24.83327,33.65335,0,[157.999,127.7018]]],[434,[25.09075,33.22889,0,[158.999,131.9176]]],[514,[24.87482,33.29925,0,[158.999,132.942]]],[133,[24.70411,27.19033,0,[157.999,126.2585]]],[229,[25.66879,33.34015,0,[157.999,129.2803]]],[374,[25.35085,33.153,0,[158.999,130.9454]]],[603,[24.70961,30.95073,0,[158.999,133.9985]]],[167,[25.6447,34.31595,0,[157.999,127.6136]]],[254,[26.12505,33.30008,0,[157.999,129.9733]]],[491,[25.49704,33.16341,0,[158.999,132.685]]],[628,[23.9582,27.69501,0,[158.999,135.5297]]],[590,[25.28827,31.86656,0,[158.999,133.7289]]],[122,[25.22058,31.54009,0,[157.999,126.8818]]],[208,[26.02581,33.48367,0,[157.999,128.4327]]],[405,[25.76938,34.06954,0,[158.999,131.6814]]],[284,[26.04181,33.13423,0,[158.999,130.7276]]],[117,[24.18087,26.26372,0,[157.999,125.8071]]],[230,[26.47896,34.22964,0,[157.999,129.0677]]],[139,[26.19735,32.59609,0,[157.999,127.1865]]],[533,[26.04842,33.49397,0,[158.999,132.6528]]],[604,[25.12501,31.50893,0,[158.999,134.8478]]],[465,[26.34804,34.35339,0,[158.999,131.7655]]],[591,[25.84198,32.19617,0,[158.999,133.6606]]],[184,[26.59081,33.14931,0,[157.999,127.9456]]],[632,[24.62704,30.3331,0,[158.999,135.2769]]],[138,[25.76781,31.56192,0,[157.999,126.2729]]],[255,[26.89938,34.24466,0,[157.999,129.8974]]],[314,[26.63622,33.43607,0,[158.999,130.8734]]],[209,[27.06374,34.49818,0,[157.999,128.8638]]],[515,[26.74806,34.4877,0,[158.999,132.5522]]],[123,[26.8136,32.4423,0,[157.999,126.7651]]],[580,[26.45291,32.94039,0,[158.999,133.4326]]],[435,[27.0292,34.48066,0,[158.999,131.6528]]],[285,[27.00578,34.28316,0,[158.999,130.0998]]],[155,[27.18088,34.51406,0,[157.999,127.7758]]],[605,[26.26285,31.91558,0,[158.999,134.43]]],[231,[27.61428,35.41952,0,[157.999,129.0031]]],[611,[25.68072,25.81872,0,[158.999,134.7117]]],[102,[25.22837,27.61528,0,[157.999,125.7663]]],[548,[27.27397,33.92982,0,[158.999,132.8954]]],[192,[27.78963,34.79051,0,[157.999,127.9572]]],[345,[27.41726,34.31417,0,[158.999,130.8895]]],[492,[27.5613,34.56467,0,[158.999,131.9764]]],[256,[28.12223,35.43281,0,[157.999,129.8722]]],[606,[26.97704,33.30977,0,[158.999,133.8293]]],[104,[26.38109,28.80936,0,[157.999,125.9884]]],[210,[28.16551,35.69683,0,[157.999,128.8]]],[107,[27.5371,31.45413,0,[157.999,126.8566]]],[523,[26.09914,18.37433,0,[158.999,135.4621]]],[466,[27.96508,35.3972,0,[158.999,131.2128]]],[177,[28.50539,34.42405,0,[157.999,127.9059]]],[592,[27.79699,33.29397,0,[158.999,133.2839]]],[549,[28.08084,35.56934,0,[158.999,132.3382]]],[315,[28.14656,34.62805,0,[158.999,130.1817]]],[646,[27.51593,31.07472,0,[158.999,134.2266]]],[140,[28.14225,33.60809,0,[157.999,127.0933]]],[232,[28.70977,36.80677,0,[157.999,129.082]]],[630,[26.79147,29.27542,0,[158.999,134.9214]]],[534,[28.49585,35.219,0,[158.999,131.6627]]],[375,[28.65512,34.89994,0,[158.999,130.6656]]],[116,[27.26731,25.82839,0,[157.999,125.9042]]],[168,[29.07902,35.90485,0,[157.999,128.2395]]],[607,[28.364,34.49552,0,[158.999,133.3152]]],[108,[27.93371,32.39766,0,[157.999,125.9257]]],[286,[29.2059,36.57534,0,[157.999,129.6008]]],[642,[28.09578,28.52805,0,[158.999,134.2688]]],[124,[28.88609,33.5606,0,[157.999,127.0611]]],[581,[28.77956,34.81061,0,[158.999,132.6214]]],[516,[29.07024,36.0148,0,[158.999,131.4515]]],[193,[29.59557,36.34862,0,[157.999,128.8142]]],[346,[29.18466,35.6003,0,[158.999,130.3832]]],[595,[27.38164,23.99152,0,[158.999,135.279]]],[142,[29.61467,35.66592,0,[157.999,127.7187]]],[618,[28.81665,31.60153,0,[158.999,134.0478]]],[535,[29.46231,36.24923,0,[158.999,132.252]]],[593,[29.23674,34.64066,0,[158.999,133.2586]]],[211,[30.01962,37.26279,0,[157.999,129.5564]]],[105,[29.42154,30.065,0,[157.999,126.7051]]],[106,[28.526,30.95584,0,[157.999,126.2204]]],[493,[29.64107,35.95881,0,[158.999,131.1856]]],[644,[28.09255,28.12202,0,[158.999,135.3772]]],[157,[30.13045,37.34712,0,[157.999,128.386]]],[257,[29.93289,36.1455,0,[158.999,130.2935]]],[594,[29.80154,36.39309,0,[158.999,133.2008]]],[517,[30.02701,37.23815,0,[158.999,132.0047]]],[109,[30.13479,33.59425,0,[157.999,127.1717]]],[194,[30.56972,37.63684,0,[157.999,129.179]]],[619,[29.47161,32.68013,0,[158.999,134.2765]]],[118,[29.06877,27.75888,0,[157.999,125.8288]]],[406,[30.34567,35.61578,0,[158.999,131.0299]]],[633,[28.68327,31.41568,0,[158.999,135.1186]]],[141,[30.69255,34.99081,0,[157.999,128.0764]]],[212,[31.06962,38.35498,0,[157.999,129.9798]]],[550,[30.3617,36.9577,0,[158.999,132.9857]]],[494,[30.62001,37.2524,0,[158.999,131.9955]]],[156,[31.11369,36.15175,0,[157.999,128.8012]]],[609,[30.17681,37.03442,0,[158.999,134.0807]]],[125,[30.71356,34.79829,0,[157.999,126.9519]]],[436,[30.95772,36.09707,0,[158.999,131.1313]]],[101,[29.83635,27.22868,0,[157.999,125.9353]]],[316,[31.12855,35.93659,0,[158.999,130.0933]]],[195,[31.65283,39.24761,0,[157.999,128.9664]]],[536,[30.95472,38.39371,0,[158.999,132.8859]]],[634,[29.30779,32.451,0,[158.999,135.3282]]],[126,[31.21147,35.76445,0,[157.999,127.5046]]],[621,[30.77192,34.71968,0,[158.999,133.9237]]],[537,[31.298,38.84021,0,[158.999,132.0674]]],[143,[31.73704,37.50708,0,[157.999,127.8468]]],[620,[29.94603,33.23827,0,[158.999,135.0791]]],[376,[31.53582,35.88935,0,[158.999,131.1391]]],[91,[30.43414,31.58274,0,[157.999,125.997]]],[213,[31.72157,38.97097,0,[158.999,130.1678]]],[92,[31.71398,33.00705,0,[157.999,126.5683]]],[197,[32.20193,41.81527,0,[157.999,129.1137]]],[608,[31.48147,36.44822,0,[158.999,133.309]]],[519,[31.83076,40.43277,0,[158.999,132.4329]]],[635,[31.28641,33.55106,0,[158.999,134.3439]]],[110,[32.28732,35.48234,0,[157.999,128.0307]]],[518,[32.0731,38.69126,0,[158.999,131.4457]]],[287,[32.30132,36.97697,0,[158.999,130.463]]],[233,[32.73017,38.31545,0,[157.999,129.3955]]],[645,[30.66283,29.9315,0,[158.999,135.1481]]],[127,[32.8266,37.17841,0,[157.999,128.3058]]],[538,[32.22731,40.68012,0,[158.999,133.2123]]],[89,[31.17885,29.90809,0,[157.999,126.1249]]],[520,[32.47994,41.23882,0,[158.999,132.2445]]],[90,[32.29375,31.16443,0,[157.999,126.9323]]],[636,[31.87559,34.96255,0,[158.999,134.1616]]],[467,[32.7025,37.07802,0,[158.999,131.2522]]],[94,[32.84105,34.6876,0,[157.999,127.1944]]],[317,[32.93521,36.99429,0,[158.999,130.27]]],[128,[33.275,38.82183,0,[157.999,129.2103]]],[541,[31.44405,19.08234,0,[158.999,135.3947]]],[111,[33.39182,37.12461,0,[157.999,128.1159]]],[539,[33.04613,41.90802,0,[158.999,132.1629]]],[637,[32.8203,36.65931,0,[158.999,133.1761]]],[495,[33.27236,38.43623,0,[158.999,131.153]]],[661,[32.48282,31.86235,0,[158.999,134.2196]]],[187,[32.26765,23.72836,0,[157.999,125.8317]]],[347,[33.50861,36.90187,0,[158.999,130.1557]]],[76,[32.92184,32.42433,0,[157.999,126.089]]],[95,[33.41698,35.8172,0,[157.999,127.0073]]],[113,[33.83542,38.79714,0,[157.999,129.1219]]],[496,[33.60554,39.68065,0,[158.999,132.0856]]],[623,[33.41967,37.12104,0,[158.999,133.1064]]],[407,[33.82494,36.93853,0,[158.999,131.1]]],[626,[32.1087,27.3063,0,[158.999,135.242]]],[234,[34.39283,39.65737,0,[157.999,129.2425]]],[648,[33.14478,33.18213,0,[158.999,134.1008]]],[377,[34.14474,36.99124,0,[158.999,130.2307]]],[112,[33.96452,38.15994,0,[157.999,128.0451]]],[437,[34.26875,37.28602,0,[158.999,131.7478]]],[551,[34.05338,39.66407,0,[158.999,132.7691]]],[144,[34.51931,39.87571,0,[157.999,128.1488]]],[643,[32.82053,28.85437,0,[158.999,135.1714]]],[93,[34.06948,34.07652,0,[157.999,126.9224]]],[103,[33.64796,28.75795,0,[157.999,125.9435]]],[649,[33.86521,34.45123,0,[158.999,133.8144]]],[408,[34.59879,37.69078,0,[158.999,130.9153]]],[114,[34.99426,40.42896,0,[157.999,128.8673]]],[214,[35.17505,40.79908,0,[157.999,129.8615]]],[622,[34.67743,36.60861,0,[158.999,132.5014]]],[81,[34.69097,37.7509,0,[157.999,127.0642]]],[650,[34.4799,35.0454,0,[158.999,133.5193]]],[78,[35.14893,34.9406,0,[157.999,127.822]]],[498,[35.01912,42.69133,0,[158.999,131.6323]]],[660,[33.45564,31.00179,0,[158.999,135.0933]]],[258,[35.14693,37.24265,0,[158.999,130.3874]]],[259,[35.64697,39.2257,0,[157.999,129.2291]]],[88,[34.55679,30.05945,0,[157.999,126.0009]]],[674,[34.58467,31.15702,0,[158.999,134.5695]]],[639,[35.15543,38.68181,0,[158.999,133.0851]]],[74,[35.38443,31.26281,0,[157.999,126.8207]]],[79,[35.68922,36.21056,0,[157.999,128.1361]]],[438,[35.5206,38.19759,0,[158.999,131.194]]],[522,[35.5081,45.00489,0,[158.999,132.2876]]],[288,[36.12406,38.78482,0,[157.999,129.8527]]],[664,[35.11143,34.59314,0,[158.999,134.1592]]],[235,[36.2009,40.30191,0,[157.999,128.7587]]],[348,[35.98387,37.81042,0,[158.999,130.6603]]],[647,[33.99804,32.80455,0,[158.999,134.8882]]],[115,[35.11855,26.18952,0,[157.999,125.8687]]],[468,[36.01068,38.48856,0,[158.999,131.7653]]],[624,[35.64558,38.92686,0,[158.999,133.7129]]],[64,[35.93433,36.65497,0,[157.999,127.1288]]],[521,[36.0109,43.20318,0,[158.999,132.876]]],[236,[36.4118,41.82756,0,[157.999,127.6938]]],[260,[36.81694,40.01685,0,[157.999,129.6839]]],[318,[36.50907,37.93383,0,[158.999,131.0487]]],[261,[36.77697,41.05798,0,[157.999,128.587]]],[659,[35.23618,29.51877,0,[158.999,135.2288]]],[378,[36.54756,38.11601,0,[158.999,132.1498]]],[77,[36.42707,33.51211,0,[157.999,126.3808]]],[651,[36.21479,36.2701,0,[158.999,134.0179]]],[289,[36.90746,38.65833,0,[158.999,130.315]]],[552,[36.59094,40.72464,0,[158.999,133.2519]]],[86,[35.82412,28.28596,0,[157.999,125.9289]]],[627,[34.57442,26.44313,0,[158.999,135.6]]],[290,[37.35196,40.7745,0,[157.999,129.204]]],[409,[37.06891,38.83504,0,[158.999,131.3726]]],[97,[37.39647,39.91281,0,[157.999,128.101]]],[469,[37.09564,39.13737,0,[158.999,132.4739]]],[96,[36.95505,37.539,0,[157.999,127.3905]]],[319,[37.92705,39.95301,0,[157.999,129.8261]]],[638,[37.14727,37.86034,0,[158.999,133.593]]],[662,[35.80905,33.05852,0,[158.999,134.824]]],[262,[37.89833,42.90609,0,[157.999,128.7018]]],[349,[37.56289,38.68666,0,[158.999,130.8529]]],[665,[36.7979,35.43871,0,[158.999,134.4633]]],[439,[37.63944,39.42424,0,[158.999,131.9512]]],[87,[36.99449,28.96574,0,[157.999,126.1646]]],[82,[38.02388,40.09417,0,[157.999,127.5947]]],[653,[37.64276,39.02485,0,[158.999,133.1071]]],[320,[38.43834,41.10409,0,[157.999,129.2699]]],[350,[38.08587,39.70435,0,[158.999,130.3387]]],[379,[38.13017,39.1094,0,[158.999,131.4209]]],[198,[38.52966,44.15049,0,[157.999,128.1668]]],[666,[37.5605,36.98188,0,[158.999,134.5169]]],[80,[37.51334,36.995,0,[157.999,126.9901]]],[667,[38.11647,38.97247,0,[158.999,132.5395]]],[658,[36.38808,29.68858,0,[158.999,135.2395]]],[73,[38.27283,30.95819,0,[157.999,126.3956]]],[351,[38.91373,41.40873,0,[158.4359,130]]],[291,[39.00476,43.0254,0,[157.999,128.9486]]],[440,[38.74402,41.72822,0,[158.999,131.0392]]],[678,[38.10037,34.97198,0,[158.999,133.8204]]],[497,[38.62079,41.25599,0,[158.999,132.0904]]],[65,[38.75038,38.25543,0,[157.999,127.1119]]],[673,[37.16655,31.04949,0,[158.999,135.3571]]],[679,[38.5791,36.68222,0,[158.999,133.201]]],[66,[39.20296,39.93582,0,[157.999,127.8989]]],[470,[39.21367,41.89045,0,[158.999,131.6181]]],[100,[37.72145,26.97186,0,[157.999,125.925]]],[321,[39.64019,43.24113,0,[157.999,129.4641]]],[380,[39.30526,40.26134,0,[158.999,130.5168]]],[540,[39.10775,44.72769,0,[158.999,132.708]]],[663,[38.61749,34.39226,0,[158.999,134.3136]]],[75,[39.35173,32.66641,0,[157.999,126.8019]]],[37,[39.70887,42.62207,0,[157.999,128.3665]]],[554,[39.10665,44.07035,0,[158.999,133.8332]]],[410,[39.75003,40.00084,0,[158.999,131.282]]],[472,[39.65879,44.04707,0,[158.999,132.3499]]],[542,[38.11396,22.64316,0,[158.999,134.9889]]],[381,[39.90339,41.41,0,[158.999,130.2524]]],[129,[40.20044,43.0843,0,[157.999,129.2415]]],[61,[39.87905,34.90704,0,[157.999,127.2849]]],[680,[39.60441,38.28729,0,[158.999,133.4312]]],[71,[38.95395,28.96742,0,[157.999,125.9753]]],[49,[40.37659,39.23318,0,[157.999,128.1766]]],[413,[40.3024,43.39773,0,[158.999,131.0912]]],[473,[40.20888,44.71271,0,[158.999,132.1477]]],[656,[39.26726,29.71359,0,[158.999,134.9362]]],[322,[40.44836,42.9216,0,[158.999,130.0572]]],[553,[40.14267,45.85433,0,[158.999,133.2236]]],[72,[39.80336,29.91323,0,[157.999,126.0317]]],[694,[39.85665,37.07922,0,[158.999,134.4411]]],[51,[40.81147,41.5672,0,[157.999,129.0443]]],[641,[38.75882,27.93389,0,[158.999,135.3946]]],[46,[40.43644,34.92467,0,[157.999,127.0707]]],[62,[41.01517,36.13709,0,[157.999,128.0396]]],[441,[40.77023,42.23142,0,[158.999,131.9155]]],[383,[40.87125,43.8848,0,[158.999,130.8421]]],[215,[41.50005,44.5267,0,[157.999,129.7424]]],[500,[40.69118,46.59568,0,[158.999,133.0171]]],[695,[40.42149,38.43315,0,[158.999,134.2475]]],[657,[39.84586,29.11011,0,[158.999,135.5464]]],[50,[41.50548,40.34743,0,[157.999,128.6343]]],[85,[40.47383,27.79408,0,[157.999,125.9529]]],[384,[41.41092,45.66768,0,[158.999,131.1611]]],[411,[41.31464,42.00356,0,[158.999,132.2186]]],[352,[41.52312,42.38773,0,[158.999,130.1117]]],[59,[40.99974,32.29893,0,[157.999,126.9337]]],[47,[41.57417,36.18694,0,[157.999,127.4207]]],[83,[42.05532,42.71705,0,[157.999,129.0791]]],[652,[41.26075,39.04142,0,[158.999,133.2959]]],[693,[40.98454,36.348,0,[158.999,134.2065]]],[684,[41.87819,44.46799,0,[158.999,132.1483]]],[63,[42.10836,37.57633,0,[157.999,127.9391]]],[412,[41.96435,42.7001,0,[158.999,131.0784]]],[382,[42.08276,43.16849,0,[158.999,130.0295]]],[696,[41.83829,39.72974,0,[158.999,133.228]]],[676,[40.55917,33.60622,0,[158.999,135.3697]]],[60,[41.93594,33.50502,0,[157.999,126.4972]]],[263,[42.62426,45.53342,0,[157.999,128.9805]]],[56,[41.35435,29.98606,0,[157.999,126.003]]],[499,[42.43817,47.76448,0,[158.999,131.9242]]],[677,[41.66585,34.59421,0,[158.999,134.2626]]],[67,[42.68412,42.10747,0,[157.999,127.9061]]],[353,[42.51326,44.26349,0,[158.999,130.8693]]],[654,[42.40837,40.70838,0,[158.999,133.0009]]],[292,[43.19387,45.40287,0,[157.999,129.8678]]],[707,[42.27422,37.68477,0,[158.999,134.0253]]],[675,[41.23232,32.92258,0,[158.999,135.2451]]],[68,[43.20354,44.04493,0,[157.999,128.7594]]],[48,[42.50707,37.38416,0,[157.999,126.8733]]],[443,[42.99726,45.43179,0,[158.999,131.8878]]],[293,[43.06373,44.49329,0,[158.999,130.8191]]],[196,[43.82077,44.30069,0,[157.999,129.9679]]],[70,[42.51636,28.75731,0,[157.999,125.77]]],[69,[43.77291,45.14778,0,[157.999,128.8596]]],[543,[41.83891,23.21151,0,[158.999,135.3148]]],[668,[42.97042,42.83501,0,[158.999,132.9841]]],[35,[43.22951,40.43843,0,[157.999,127.534]]],[32,[43.79002,36.35609,0,[157.999,127.7319]]],[708,[42.87135,39.36216,0,[158.999,134.0812]]],[669,[43.56327,43.73069,0,[158.999,132.1655]]],[414,[43.623,45.40693,0,[158.999,131.0862]]],[57,[43.07657,31.4502,0,[157.999,126.4486]]],[237,[43.87432,44.648,0,[158.999,130.1193]]],[98,[44.38011,43.59995,0,[157.999,129.0002]]],[681,[43.54303,40.2598,0,[158.999,133.2592]]],[34,[44.35648,40.12722,0,[157.999,127.9044]]],[706,[43.48971,38.03592,0,[158.999,134.3455]]],[44,[44.21214,33.56787,0,[157.999,126.821]]],[682,[44.12917,43.11555,0,[158.999,132.1382]]],[471,[44.19212,44.85561,0,[158.999,131.0784]]],[610,[42.40319,27.30732,0,[158.999,135.1231]]],[324,[44.42698,47.67463,0,[158.999,130.1426]]],[99,[44.97196,45.43256,0,[157.999,129.1458]]],[709,[44.12559,40.58012,0,[158.999,133.2188]]],[55,[43.67987,30.45528,0,[157.999,126.2331]]],[698,[44.68397,45.99679,0,[158.999,131.8391]]],[354,[44.89865,46.01402,0,[158.999,130.833]]],[52,[44.93869,43.65072,0,[157.999,128.0433]]],[697,[44.72257,42.45914,0,[158.999,132.9631]]],[705,[44.05607,36.14803,0,[158.999,134.2873]]],[33,[44.81084,38.10965,0,[157.999,126.9463]]],[216,[45.45944,48.54535,0,[157.999,129.6613]]],[692,[43.01572,36.16668,0,[158.999,135.2103]]],[36,[45.50849,42.34328,0,[157.999,128.3756]]],[683,[45.42766,47.01374,0,[158.999,131.2055]]],[717,[44.66756,38.16925,0,[158.999,134.0814]]],[711,[45.2756,44.84377,0,[158.999,132.2229]]],[40,[44.52237,30.92353,0,[157.999,125.8199]]],[238,[45.47083,46.83541,0,[158.999,130.1256]]],[45,[45.47442,35.23196,0,[157.999,127.2276]]],[39,[45.96577,46.7174,0,[157.999,129.0696]]],[719,[45.28146,39.62939,0,[158.999,133.3069]]],[24,[46.03653,43.26944,0,[157.999,127.7341]]],[625,[44.40967,27.36938,0,[158.999,135.219]]],[691,[43.70488,34.38847,0,[158.999,135.4267]]],[720,[45.89379,41.81244,0,[158.999,131.903]]],[442,[45.93474,44.36926,0,[158.999,130.7975]]],[41,[45.16795,32.05817,0,[157.999,126.0742]]],[716,[45.86053,38.01027,0,[158.999,132.9936]]],[26,[46.53422,47.87916,0,[157.999,129.6174]]],[38,[46.47315,45.24679,0,[157.999,128.5072]]],[704,[45.30974,35.74772,0,[158.999,134.3905]]],[58,[46.29746,33.12642,0,[157.999,126.5369]]],[712,[46.43646,47.7062,0,[158.999,131.6295]]],[323,[46.46105,44.70769,0,[158.999,130.4581]]],[690,[46.01087,34.20265,0,[158.999,134.0434]]],[718,[46.43904,40.98067,0,[158.999,132.758]]],[31,[46.71675,36.56073,0,[157.999,127.336]]],[6,[47.1456,48.25608,0,[157.999,129.4213]]],[23,[47.02998,43.34032,0,[157.999,128.369]]],[42,[45.76831,32.13072,0,[157.999,126.159]]],[294,[46.92673,47.72579,0,[158.999,131.0989]]],[672,[45.02544,30.68278,0,[158.999,135.3209]]],[53,[47.09945,45.24944,0,[158.999,130.0707]]],[710,[47.0148,43.96461,0,[158.999,132.1736]]],[671,[45.74619,29.30655,0,[158.999,135.1721]]],[689,[46.5675,35.19106,0,[158.999,133.9046]]],[21,[47.86198,42.13941,0,[157.999,129.0921]]],[29,[46.87236,34.516,0,[157.999,126.1365]]],[726,[47.03408,40.44355,0,[158.999,133.266]]],[28,[47.33629,34.90072,0,[157.999,127.1259]]],[20,[47.59561,39.42386,0,[157.999,128.1341]]],[474,[47.50391,49.26345,0,[158.999,131.0142]]],[730,[47.61496,44.24414,0,[158.999,132.0945]]],[84,[47.73354,47.1924,0,[158.999,130.0155]]],[703,[47.61954,36.7237,0,[158.999,133.1941]]],[30,[48.17478,36.54942,0,[157.999,127.9839]]],[688,[46.33526,32.03682,0,[158.999,135.0143]]],[702,[47.37632,35.33793,0,[158.999,134.2002]]],[8,[47.92625,37.10242,0,[157.999,126.8984]]],[22,[48.48332,43.59565,0,[157.999,128.9821]]],[723,[48.18507,48.30857,0,[158.999,131.7721]]],[27,[47.54232,32.2823,0,[157.999,125.9809]]],[444,[48.19252,49.20681,0,[158.999,130.6993]]],[729,[48.14788,41.88025,0,[158.999,132.8508]]],[727,[48.02354,39.59173,0,[158.999,134.0201]]],[43,[48.75058,35.0746,0,[157.999,127.9762]]],[13,[48.94872,46.79047,0,[157.999,129.797]]],[699,[48.7759,48.00813,0,[158.999,131.1538]]],[10,[49.19706,41.39174,0,[157.999,128.7425]]],[739,[48.72724,47.18444,0,[158.999,132.2907]]],[17,[48.50991,36.50385,0,[157.999,126.7275]]],[701,[46.93009,34.28359,0,[158.999,135.0377]]],[25,[48.98211,47.50826,0,[158.999,130.1282]]],[640,[47.69727,28.24263,0,[158.999,135.1611]]],[731,[48.63844,42.72442,0,[158.999,133.5091]]],[9,[49.20496,40.32557,0,[157.999,127.2687]]],[14,[49.76247,46.78337,0,[157.999,129.1095]]],[738,[49.29538,44.64995,0,[158.999,132.0979]]],[721,[49.4104,44.20411,0,[158.999,131.0414]]],[18,[49.72216,38.28549,0,[157.999,127.8426]]],[735,[49.17928,41.43257,0,[158.999,133.1699]]],[15,[49.64861,48.1399,0,[158.999,130.0588]]],[16,[49.01152,35.04818,0,[157.999,126.0974]]],[670,[48.4373,30.78292,0,[158.999,135.0836]]],[686,[48.92797,33.71005,0,[158.999,134.5082]]],[728,[49.9845,43.92259,0,[158.999,131.5885]]],[733,[49.83013,40.79451,0,[158.999,132.7038]]],[19,[50.50831,40.57858,0,[157.999,129.0656]]],[4,[50.30698,45.70681,0,[157.999,127.9928]]],[7,[50.28259,37.23711,0,[157.999,126.6132]]],[732,[50.18332,49.18579,0,[158.999,130.5563]]],[0,[49.67022,39.51786,0,[157.999,126.4085]]],[655,[49.68617,31.58219,0,[158.999,133.9136]]],[715,[50.40203,37.44252,0,[158.999,133.5256]]],[734,[50.52683,44.01455,0,[158.999,132.3451]]],[11,[51.12316,45.37061,0,[157.999,129.8208]]],[737,[50.68882,49.21629,0,[158.999,131.2346]]],[3,[50.87457,45.07177,0,[157.999,127.242]]],[687,[49.59351,31.08593,0,[158.999,135.1334]]],[2,[51.1189,42.0038,0,[157.999,128.4841]]],[685,[50.37513,31.93931,0,[158.999,134.7798]]],[725,[51.10165,40.14428,0,[158.999,133.1075]]],[724,[51.25726,42.75219,0,[158.999,131.9222]]],[12,[51.72196,45.62683,0,[157.999,129.4228]]],[264,[51.21538,48.12286,0,[158.999,130.6513]]],[1,[51.55098,42.91248,0,[157.999,126.7833]]],[5,[51.96981,45.40599,0,[157.999,128.2588]]],[700,[51.88008,35.44596,0,[158.999,132.9917]]],[714,[51.21249,35.61447,0,[158.999,134.4224]]],[722,[51.78009,48.10005,0,[158.999,130.0446]]],[736,[51.93338,48.53474,0,[158.999,131.4381]]],[54,[52.78564,50.88018,0,[157.999,129.0163]]],[713,[52.51216,40.50175,0,[158.999,130.6458]]]
1:[355,[35.17694,70.3274,0,[99.999,129.1519]]],[325,[35.18406,70.35278,0,[99.99901,127.8409]]],[385,[35.17888,70.33575,0,[99.999,130.4053]]],[295,[35.21841,70.40756,0,[99.999,126.4501]]],[415,[35.19165,70.35744,0,[99.999,131.7619]]],[265,[34.77007,69.50589,0,[100.999,124.9755]]],[326,[35.76527,71.40363,0,[99.999,128.4809]]],[356,[35.79403,71.48595,0,[99.999,129.823]]],[445,[35.72412,71.41764,0,[98.999,133.1644]]],[296,[35.82532,71.55414,0,[99.999,127.1936]]],[386,[35.75346,71.4454,0,[99.999,131.0973]]],[266,[35.32232,70.57732,0,[100.999,125.772]]],[416,[36.30458,72.52713,0,[98.99901,132.382]]],[327,[36.27234,72.4393,0,[99.999,129.0816]]],[387,[36.29927,72.50121,0,[99.999,130.5558]]],[297,[36.4204,72.68639,0,[99.99901,127.7845]]],[267,[36.35787,72.62382,0,[99.999,126.3857]]],[239,[35.41779,70.65781,0,[100.999,124.3571]]],[417,[36.38079,72.59455,0,[99.999,131.782]]],[357,[36.73599,72.62515,0,[99.999,129.8344]]],[446,[36.35722,72.52541,0,[98.99902,133.9441]]],[240,[35.97328,71.80229,0,[100.999,125.2025]]],[328,[36.86388,73.4831,0,[99.999,128.7258]]],[388,[36.85916,73.57416,0,[99.999,130.9642]]],[447,[36.90295,73.57307,0,[98.999,133.0139]]],[268,[36.87964,73.61708,0,[99.999,126.6927]]],[298,[37.11808,73.80623,0,[99.99901,127.6954]]],[358,[37.28832,73.74166,0,[99.999,129.8419]]],[418,[37.57037,74.73711,0,[98.999,132.0875]]],[329,[37.46628,74.51983,0,[99.99901,128.6566]]],[217,[36.22412,72.05139,0,[100.999,124.1463]]],[241,[36.50682,72.70565,0,[100.999,125.4756]]],[389,[37.42913,74.61575,0,[99.999,130.8935]]],[448,[37.53788,74.75781,0,[98.99901,133.33]]],[269,[37.50151,74.72794,0,[99.99901,126.3711]]],[299,[37.73618,74.94218,0,[99.99901,127.424]]],[359,[37.81915,74.86494,0,[99.999,129.5726]]],[475,[37.17935,72.7262,0,[98.99901,134.394]]],[330,[38.02979,75.59029,0,[99.99901,128.5164]]],[419,[37.68387,74.80109,0,[99.999,131.8571]]],[390,[37.98534,75.68947,0,[99.999,130.6293]]],[242,[37.15748,73.86804,0,[100.999,125.253]]],[218,[36.86787,72.72358,0,[100.999,124.2044]]],[477,[38.1214,74.85306,0,[98.99902,132.9721]]],[270,[38.15121,75.84279,0,[99.99901,126.3366]]],[360,[38.36908,75.97545,0,[99.999,129.5883]]],[300,[38.32504,76.05037,0,[99.99902,127.3914]]],[420,[38.27474,75.89753,0,[99.999,131.6702]]],[331,[38.61005,76.67458,0,[99.99901,128.3663]]],[391,[38.58909,76.7564,0,[99.999,130.5947]]],[476,[38.05597,73.86291,0,[98.99902,134.3044]]],[449,[38.70993,75.72666,0,[98.999,133.092]]],[361,[38.91782,77.14303,0,[99.999,129.3032]]],[243,[37.86824,75.10145,0,[100.999,125.1353]]],[271,[38.76093,76.95496,0,[99.999,126.1744]]],[301,[38.93201,77.19096,0,[99.999,127.3358]]],[219,[37.62418,74.01667,0,[100.999,124.0757]]],[421,[38.9655,77.01568,0,[99.999,131.4057]]],[503,[38.70018,75.94794,0,[98.999,134.4644]]],[392,[39.18402,77.85738,0,[99.999,130.2627]]],[332,[39.23368,77.79511,0,[99.99901,128.3171]]],[450,[39.20992,76.86345,0,[98.99901,132.4072]]],[272,[39.35063,78.03736,0,[99.999,126.2304]]],[362,[39.53231,78.25924,0,[99.999,129.2496]]],[244,[38.58292,76.24287,0,[100.999,125.0926]]],[302,[39.6123,78.31782,0,[99.99901,127.2997]]],[422,[39.51736,78.14183,0,[99.999,131.1827]]],[220,[38.37539,75.35255,0,[100.999,124.0604]]],[393,[39.80652,78.94661,0,[99.999,130.2268]]],[480,[39.6329,78.02299,0,[98.99901,133.2787]]],[333,[39.88211,78.87429,0,[99.999,128.3153]]],[451,[40.01654,77.76154,0,[98.99901,132.2816]]],[273,[39.96109,79.1135,0,[99.99901,126.2812]]],[363,[40.14612,79.37135,0,[99.999,129.3371]]],[478,[39.28011,75.93584,0,[98.99902,134.145]]],[245,[39.29338,77.40899,0,[100.999,125.2296]]],[303,[40.30944,79.43916,0,[99.99901,127.4705]]],[453,[40.0623,79.06665,0,[99.99901,131.5906]]],[423,[40.34881,79.35741,0,[99.999,130.6581]]],[505,[40.22197,78.36015,0,[98.99901,133.5103]]],[221,[39.14904,76.44038,0,[100.999,124.1363]]],[334,[40.54992,79.94217,0,[99.999,128.458]]],[246,[40.53517,79.54763,0,[99.99901,126.3841]]],[394,[40.68263,80.14426,0,[99.999,129.6769]]],[452,[40.73038,79.02055,0,[98.99901,132.9463]]],[479,[39.97289,76.98072,0,[98.999,134.7364]]],[222,[39.90872,78.03353,0,[100.999,125.3378]]],[454,[40.64573,80.21352,0,[99.999,131.9801]]],[304,[40.96279,80.47852,0,[99.999,127.5906]]],[424,[40.93677,80.47321,0,[99.999,130.6445]]],[364,[41.08293,80.53163,0,[99.999,128.8563]]],[504,[40.79149,77.35337,0,[98.99901,134.3333]]],[199,[39.95651,74.13756,0,[100.999,124.1605]]],[274,[41.0953,80.15131,0,[99.99901,126.4776]]],[395,[41.36503,81.19308,0,[99.999,129.7851]]],[455,[41.19695,81.2822,0,[99.999,131.6419]]],[275,[41.54618,81.26173,0,[99.99901,128.0956]]],[223,[40.53733,78.53643,0,[100.999,125.0873]]],[482,[41.39095,80.46896,0,[98.99902,133.3793]]],[425,[41.65056,81.52419,0,[99.999,130.7086]]],[247,[41.5882,80.46184,0,[99.99901,126.9647]]],[335,[41.82006,81.01514,0,[99.999,129.0785]]],[507,[41.91462,80.75887,0,[98.999,132.8463]]],[205,[41.04081,79.98157,0,[100.999,125.7847]]],[483,[41.7923,80.58241,0,[99.999,131.9523]]],[248,[42.11492,81.63972,0,[99.999,127.654]]],[365,[42.18211,81.56586,0,[99.999,129.9069]]],[481,[41.43822,79.48165,0,[98.99902,134.8165]]],[305,[42.34367,81.55483,0,[99.999,128.6288]]],[200,[40.74971,75.0302,0,[100.999,123.9555]]],[484,[42.1896,81.83939,0,[99.999,131.0832]]],[224,[42.14077,80.69429,0,[99.999,126.3497]]],[204,[41.26483,78.91476,0,[100.999,124.6149]]],[528,[42.45983,80.99123,0,[98.999,133.4801]]],[506,[42.0127,79.53387,0,[98.99901,134.3092]]],[225,[42.63946,81.97319,0,[99.999,126.9533]]],[336,[42.7696,82.13992,0,[99.999,129.2775]]],[396,[42.67405,82.27467,0,[99.999,130.418]]],[529,[42.87414,82.5069,0,[98.999,132.4869]]],[190,[41.81746,80.89053,0,[100.999,125.2403]]],[276,[42.87402,82.43027,0,[99.999,127.9653]]],[508,[42.73352,81.19633,0,[99.999,131.6506]]],[206,[42.33247,81.24554,0,[100.999,125.8653]]],[366,[43.25726,82.71823,0,[99.999,129.8359]]],[306,[43.32114,82.75307,0,[99.999,128.7378]]],[456,[43.23064,82.5527,0,[99.999,130.9398]]],[191,[43.27524,83.30284,0,[99.999,126.812]]],[202,[41.86985,76.84415,0,[100.999,124.039]]],[571,[43.05481,83.36646,0,[98.99902,133.7311]]],[546,[43.4976,83.07068,0,[98.99902,133.0334]]],[249,[43.60102,82.89884,0,[99.999,127.7344]]],[189,[42.48063,80.21096,0,[100.999,124.4821]]],[509,[43.87418,83.02111,0,[98.999,132.1061]]],[169,[42.89023,82.37397,0,[100.999,125.4615]]],[426,[43.80409,82.78024,0,[99.999,130.0189]]],[337,[43.90597,83.43647,0,[99.999,128.8575]]],[485,[43.81967,82.8018,0,[99.999,131.3018]]],[250,[44.13037,84.21336,0,[99.999,127.3113]]],[226,[43.90664,83.1997,0,[99.999,126.2855]]],[501,[43.46959,74.93163,0,[98.99902,134.7175]]],[562,[44.08075,83.7292,0,[98.99902,133.4107]]],[457,[44.28291,83.72724,0,[99.999,130.6874]]],[397,[44.38443,83.54284,0,[99.999,129.5835]]],[530,[44.49454,83.33155,0,[98.99901,132.5543]]],[277,[44.42494,83.67822,0,[99.999,128.2351]]],[158,[43.52917,81.97003,0,[100.999,125.188]]],[203,[43.1314,79.07233,0,[100.999,124.2079]]],[207,[44.63004,84.04218,0,[99.999,126.6741]]],[510,[44.49384,83.39439,0,[99.999,131.8568]]],[486,[44.83321,84.44746,0,[99.999,130.5722]]],[307,[44.84966,83.91643,0,[99.999,128.9739]]],[278,[45.02559,84.82311,0,[99.999,127.7458]]],[572,[44.66568,84.4958,0,[98.99901,134.2389]]],[563,[45.00546,85.31028,0,[98.99901,133.3099]]],[159,[44.41927,82.86204,0,[100.999,125.7169]]],[160,[44.07021,84.00518,0,[100.999,124.8812]]],[427,[45.24795,84.21825,0,[99.999,129.7967]]],[526,[44.11295,79.09101,0,[98.99902,134.7911]]],[555,[45.08153,84.11261,0,[99.999,131.6208]]],[338,[45.44506,84.59039,0,[99.999,128.6837]]],[170,[45.30177,84.70249,0,[99.99901,126.593]]],[547,[45.46627,84.18352,0,[99.999,130.8433]]],[227,[45.6285,85.05653,0,[99.999,127.6005]]],[574,[45.52644,86.4848,0,[98.999,132.7632]]],[458,[45.81561,85.27824,0,[99.999,129.9547]]],[146,[44.83216,82.25591,0,[100.999,124.6815]]],[145,[44.34923,81.78432,0,[100.999,123.8832]]],[556,[45.75004,85.31993,0,[99.999,131.9267]]],[367,[46.02139,84.1011,0,[99.999,128.9271]]],[178,[45.97548,84.54595,0,[99.999,126.6509]]],[502,[45.7288,76.59116,0,[98.99901,134.0952]]],[171,[45.20474,84.36642,0,[100.999,125.5647]]],[531,[46.07899,84.86343,0,[99.999,130.9742]]],[527,[45.29566,81.30775,0,[98.99901,134.9042]]],[308,[46.22061,85.21857,0,[99.999,127.8465]]],[564,[46.11541,86.23804,0,[98.99902,133.0586]]],[398,[46.39762,84.77903,0,[99.999,129.9667]]],[368,[46.64373,85.35561,0,[99.999,128.931]]],[565,[46.92274,87.39873,0,[98.999,132.03]]],[557,[46.6903,86.62036,0,[99.999,130.9232]]],[179,[46.64904,86.09126,0,[99.99901,126.9499]]],[162,[45.98181,85.99692,0,[100.999,125.9351]]],[185,[45.3571,76.3306,0,[100.999,124.0869]]],[148,[45.81255,84.15366,0,[100.999,124.8017]]],[428,[47.00908,85.42931,0,[99.999,129.9946]]],[585,[46.73935,86.28828,0,[98.99901,133.3015]]],[339,[46.90294,86.15562,0,[99.999,127.9071]]],[399,[47.22536,86.27056,0,[99.999,128.9405]]],[566,[47.00495,87.49725,0,[99.999,131.8414]]],[573,[46.40124,85.40976,0,[98.99902,134.5965]]],[172,[47.18372,86.88715,0,[99.999,126.4086]]],[487,[47.35194,85.90248,0,[99.999,130.959]]],[575,[47.33122,87.54668,0,[98.99901,133.0539]]],[369,[47.48644,86.8259,0,[99.999,127.5875]]],[161,[46.51888,84.76129,0,[100.999,125.1884]]],[429,[47.57104,86.64095,0,[99.999,129.94]]],[400,[47.78705,87.68905,0,[99.999,128.6822]]],[583,[47.10344,84.07758,0,[98.99901,134.4671]]],[201,[46.36602,77.31413,0,[100.999,124.0658]]],[576,[48.00536,88.69383,0,[98.999,132.5108]]],[511,[47.8033,84.90192,0,[99.999,131.5945]]],[279,[47.8159,86.20224,0,[99.99901,126.4167]]],[150,[47.14939,86.55637,0,[100.999,125.4664]]],[430,[48.11819,87.86283,0,[99.999,129.6246]]],[309,[48.09767,86.55224,0,[99.999,127.5985]]],[459,[48.18198,86.21053,0,[99.999,130.7392]]],[525,[47.87482,79.38738,0,[98.999,133.7476]]],[340,[48.37372,87.4143,0,[99.99901,128.5647]]],[131,[47.07502,82.49097,0,[100.999,124.2692]]],[587,[48.54976,88.16818,0,[98.99901,133.1434]]],[577,[48.36361,88.73972,0,[99.999,131.9896]]],[163,[48.40633,88.30042,0,[99.99901,126.4347]]],[460,[48.66033,88.28403,0,[99.999,129.9249]]],[147,[47.75427,83.90661,0,[100.999,125.2153]]],[251,[48.69502,85.62959,0,[99.99901,127.5182]]],[558,[48.75092,87.75166,0,[99.999,131.0205]]],[545,[47.80087,81.78535,0,[98.999,135.0146]]],[280,[48.89816,87.98384,0,[99.999,128.8946]]],[586,[48.51924,87.34407,0,[98.99901,134.535]]],[370,[49.2191,87.61068,0,[99.999,129.9679]]],[134,[48.35296,85.00787,0,[100.999,125.4239]]],[151,[49.03223,88.45344,0,[99.999,126.534]]],[186,[47.76402,78.33492,0,[100.999,124.0561]]],[567,[49.05427,88.74935,0,[99.999,131.9934]]],[588,[49.23676,89.30441,0,[98.99902,132.9964]]],[180,[49.25776,86.98212,0,[99.999,127.8391]]],[559,[49.37365,89.16203,0,[99.999,131.0212]]],[310,[49.4984,87.93785,0,[99.999,128.9144]]],[188,[48.40162,80.16257,0,[100.999,124.2235]]],[461,[49.77743,89.09547,0,[99.999,129.9391]]],[582,[49.11284,83.47427,0,[98.99901,134.159]]],[173,[49.67119,88.06137,0,[99.999,126.7225]]],[589,[50.15003,90.5741,0,[98.99901,132.0467]]],[149,[48.94686,85.56176,0,[100.999,125.5193]]],[181,[49.85874,88.42772,0,[99.999,127.8253]]],[599,[49.89913,87.29834,0,[98.999,133.2494]]],[341,[50.10571,88.90508,0,[99.999,128.8441]]],[560,[50.00087,89.96666,0,[99.999,130.9467]]],[488,[50.33894,89.31904,0,[99.999,129.8439]]],[182,[50.22681,89.12386,0,[99.999,126.2846]]],[281,[50.45679,89.05199,0,[99.999,127.736]]],[568,[50.7301,90.83846,0,[98.999,132.07]]],[135,[49.05178,85.47811,0,[100.999,124.2966]]],[174,[49.58859,88.03953,0,[100.999,124.9761]]],[584,[49.76114,85.55782,0,[98.99901,134.591]]],[401,[50.67249,88.825,0,[99.999,128.8284]]],[512,[50.62753,90.43909,0,[99.999,130.7747]]],[601,[50.59932,89.02019,0,[98.99901,133.2924]]],[431,[50.93406,88.97785,0,[99.999,129.7959]]],[252,[50.76864,89.26445,0,[99.999,126.8194]]],[175,[50.15816,89.04929,0,[100.999,125.4453]]],[311,[51.06704,89.10389,0,[99.999,127.999]]],[602,[50.7624,89.08252,0,[99.999,131.8428]]],[371,[51.38559,88.97896,0,[99.999,128.9386]]],[561,[51.18933,90.92059,0,[99.999,131.0037]]],[597,[50.43301,85.12002,0,[98.99902,134.4971]]],[132,[50.02957,83.41969,0,[100.999,124.1534]]],[164,[51.20402,89.12695,0,[99.999,126.0799]]],[462,[51.47459,90.30102,0,[99.999,130.0249]]],[600,[51.28137,88.04723,0,[98.99901,133.1591]]],[282,[51.46439,90.15562,0,[99.999,127.0434]]],[616,[51.83211,89.8726,0,[98.999,132.1895]]],[342,[51.73277,89.92753,0,[99.999,127.9883]]],[119,[50.74156,85.18983,0,[100.999,124.9291]]],[569,[51.78443,90.72412,0,[99.999,131.181]]],[402,[52.02454,90.06371,0,[99.999,128.919]]],[489,[52.01988,90.44187,0,[99.999,130.032]]],[228,[51.22748,89.12633,0,[100.999,125.6514]]],[253,[52.0452,90.0844,0,[99.999,126.5913]]],[598,[51.18122,86.50801,0,[98.99901,134.4225]]],[372,[52.30986,90.14327,0,[99.999,127.7215]]],[136,[50.83433,87.00308,0,[100.999,123.8228]]],[612,[52.05507,86.23758,0,[98.99902,133.4087]]],[614,[52.40771,88.14183,0,[98.99901,132.5044]]],[432,[52.52876,90.23434,0,[99.999,129.5012]]],[570,[52.47735,92.35635,0,[99.999,130.6964]]],[578,[52.32041,89.96473,0,[99.999,131.7613]]],[152,[51.40468,88.31882,0,[100.999,124.3292]]],[165,[51.83406,89.33852,0,[100.999,125.2843]]],[183,[52.62773,90.11887,0,[99.999,126.533]]],[403,[52.73801,91.0697,0,[99.999,128.4836]]],[463,[52.99248,91.23237,0,[99.999,130.1697]]],[524,[51.94401,77.99438,0,[98.999,134.6107]]],[579,[52.91274,91.15399,0,[99.999,131.435]]],[312,[52.99844,89.89245,0,[99.999,127.5162]]],[613,[52.84895,87.16862,0,[98.99901,133.4964]]],[433,[53.21114,91.36812,0,[99.999,129.112]]],[615,[53.25759,89.24258,0,[98.999,132.6611]]],[153,[52.4087,89.30573,0,[100.999,125.5195]]],[166,[53.24981,91.20987,0,[99.999,126.5172]]],[130,[52.17988,82.4273,0,[100.999,124.2144]]],[343,[53.50385,90.79053,0,[99.999,128.1106]]],[513,[53.42384,91.40993,0,[99.999,131.0023]]],[490,[53.61128,91.47781,0,[99.999,129.9192]]],[617,[53.84366,90.81771,0,[98.999,132.3047]]],[544,[52.7228,82.62977,0,[98.99901,134.6353]]],[283,[53.75871,91.01651,0,[99.999,127.0318]]],[373,[53.89499,91.04616,0,[99.999,128.9471]]],[120,[52.90831,86.5191,0,[100.999,124.9534]]],[629,[53.70817,88.57998,0,[98.99901,133.57]]],[121,[53.21585,87.53671,0,[100.999,125.9055]]],[464,[53.98735,92.20924,0,[99.999,130.7615]]],[313,[54.13689,91.0349,0,[99.999,127.9077]]],[404,[54.25173,91.97157,0,[99.999,129.7707]]],[532,[53.86512,91.3871,0,[99.999,131.9018]]],[176,[54.36071,91.17633,0,[99.999,126.7214]]],[344,[54.5102,91.84715,0,[99.999,128.7544]]],[631,[54.35302,90.59968,0,[98.99904,133.2529]]],[137,[52.95849,87.65505,0,[100.999,123.8582]]],[596,[53.50812,84.26569,0,[98.99901,134.6217]]],[154,[53.76625,90.77589,0,[100.999,125.4608]]],[434,[54.64452,92.25791,0,[99.999,130.5235]]],[514,[54.43747,92.33463,0,[99.999,131.604]]],[133,[53.51545,84.53474,0,[100.999,124.4362]]],[229,[54.7518,91.41247,0,[99.999,127.6533]]],[374,[54.90561,92.19566,0,[99.999,129.5015]]],[603,[54.90251,91.01292,0,[98.999,132.9388]]],[167,[54.86921,92.50072,0,[99.999,126.1986]]],[254,[55.19362,91.36359,0,[99.999,128.5037]]],[491,[55.11232,92.21001,0,[99.999,131.097]]],[628,[54.30893,87.93623,0,[98.99903,134.5491]]],[590,[55.46487,91.94416,0,[98.999,132.2073]]],[122,[54.32455,88.78759,0,[100.999,125.0022]]],[208,[55.25983,91.62457,0,[99.999,127.0448]]],[405,[55.37154,93.11934,0,[99.999,130.126]]],[284,[55.64833,92.19563,0,[99.999,129.1301]]],[117,[54.10608,84.02783,0,[100.999,123.9591]]],[230,[55.67468,92.32935,0,[99.999,127.8045]]],[139,[54.9262,89.87797,0,[100.999,125.7204]]],[533,[55.64476,92.53385,0,[99.999,131.501]]],[604,[55.47404,91.68704,0,[98.99901,133.5081]]],[465,[55.90984,93.4058,0,[99.999,130.458]]],[591,[55.99899,92.23733,0,[98.999,132.7257]]],[184,[55.83067,91.34939,0,[99.999,126.5203]]],[632,[55.0363,90.65228,0,[98.99901,134.4239]]],[138,[54.8858,88.93486,0,[100.999,124.6067]]],[255,[56.1589,92.32385,0,[99.999,128.4043]]],[314,[56.21339,92.49957,0,[99.999,129.5023]]],[209,[56.3037,92.6379,0,[99.999,127.1611]]],[515,[56.31476,93.53271,0,[99.999,131.2819]]],[123,[55.52969,89.7398,0,[100.999,125.0818]]],[580,[56.58435,92.98032,0,[98.999,132.3368]]],[435,[56.59966,93.53539,0,[99.999,130.333]]],[285,[56.71549,93.34311,0,[99.999,128.9634]]],[155,[55.8589,91.75623,0,[100.999,125.9507]]],[605,[56.4727,91.97105,0,[98.99901,133.6224]]],[231,[56.73169,93.50064,0,[99.999,127.8539]]],[611,[55.92207,85.89337,0,[98.99901,134.4624]]],[102,[55.35567,85.34142,0,[100.999,123.8757]]],[548,[56.80517,92.96358,0,[99.999,131.9105]]],[192,[56.92258,92.90887,0,[99.999,126.5928]]],[345,[57.08826,93.36333,0,[99.999,129.8001]]],[492,[57.08958,93.59885,0,[99.999,130.9211]]],[256,[57.2801,93.49811,0,[99.999,128.7246]]],[606,[57.07262,93.35957,0,[98.99901,132.994]]],[104,[55.98884,86.44504,0,[100.999,124.3185]]],[210,[57.29762,93.7894,0,[99.999,127.6116]]],[107,[56.39031,88.87613,0,[100.999,125.2364]]],[523,[56.63389,78.53742,0,[98.99901,134.8927]]],[466,[57.63255,94.42857,0,[99.999,129.9283]]],[177,[57.64945,92.57104,0,[99.999,126.6468]]],[592,[57.89115,93.35953,0,[98.999,132.0723]]],[549,[57.64841,94.60397,0,[99.999,131.0608]]],[315,[57.82414,93.66517,0,[99.999,128.8714]]],[646,[57.66114,91.21471,0,[98.999,133.2371]]],[140,[56.95229,90.80604,0,[100.999,125.662]]],[232,[57.88479,94.87251,0,[99.999,127.7533]]],[630,[57.21168,89.37926,0,[98.99902,134.2934]]],[534,[58.12634,94.25013,0,[99.999,130.4235]]],[375,[58.31282,93.93559,0,[99.999,129.3579]]],[116,[56.65414,83.64085,0,[100.999,123.9975]]],[168,[58.21853,93.98959,0,[99.99901,126.7286]]],[607,[58.51141,94.5545,0,[98.999,132.058]]],[108,[57.14826,90.27322,0,[100.999,124.5885]]],[286,[58.4202,94.62267,0,[99.999,128.2294]]],[642,[58.28169,88.65173,0,[98.99902,133.2431]]],[124,[57.59792,90.70229,0,[100.999,125.5402]]],[581,[58.43384,93.84201,0,[99.999,131.3495]]],[516,[58.69278,95.05041,0,[99.999,130.1431]]],[193,[58.71686,94.42113,0,[99.99901,127.2252]]],[346,[58.8772,94.65045,0,[99.999,128.9672]]],[595,[57.91261,84.23399,0,[98.999,134.466]]],[142,[58.75716,93.81149,0,[99.999,126.0623]]],[618,[58.90963,91.6666,0,[98.999,133.0188]]],[535,[59.02548,95.28201,0,[99.999,131.0072]]],[593,[59.32171,94.68253,0,[98.999,132.2435]]],[211,[59.15871,95.3218,0,[99.99901,127.9673]]],[105,[58.17307,87.31836,0,[100.999,125.0348]]],[106,[57.74936,88.17464,0,[100.999,124.0561]]],[493,[59.2518,94.99858,0,[99.999,129.813]]],[644,[58.59392,88.515,0,[98.99902,134.5696]]],[157,[59.3013,95.45353,0,[99.999,126.7068]]],[257,[59.5512,95.19804,0,[99.999,128.8166]]],[594,[59.36721,95.45308,0,[99.999,131.9311]]],[517,[59.58979,96.27887,0,[99.999,130.7117]]],[109,[58.83113,90.81859,0,[100.999,125.3937]]],[194,[59.77113,95.72533,0,[99.999,127.6612]]],[619,[59.6838,92.77734,0,[98.99901,133.3307]]],[118,[58.47919,85.28722,0,[100.999,124.0061]]],[406,[59.91996,94.66325,0,[99.999,129.6953]]],[633,[59.2016,91.55537,0,[98.99901,134.1886]]],[141,[59.89927,93.18464,0,[99.999,126.3397]]],[212,[60.19096,96.44231,0,[99.99902,128.6057]]],[550,[59.91836,95.99798,0,[99.999,131.7212]]],[494,[60.19307,96.29502,0,[99.999,130.7554]]],[156,[60.33816,94.33885,0,[99.99901,127.1868]]],[609,[60.29035,97.13305,0,[98.99901,132.88]]],[125,[59.61745,92.14522,0,[100.999,125.1]]],[436,[60.55288,95.17341,0,[99.999,129.9343]]],[101,[59.1725,84.67847,0,[100.999,124.2797]]],[316,[60.76394,95.02821,0,[99.999,128.918]]],[195,[60.80416,97.3954,0,[99.999,127.813]]],[536,[60.52062,97.44674,0,[99.999,131.8919]]],[634,[59.84929,92.68811,0,[98.999,134.7251]]],[126,[60.00256,93.18163,0,[100.8691,125.9999]]],[621,[60.88932,94.77353,0,[98.999,133.0386]]],[537,[60.84723,97.89578,0,[99.999,130.9041]]],[143,[60.95634,95.73713,0,[99.999,126.6557]]],[620,[60.39461,93.42381,0,[98.99901,134.1123]]],[376,[61.14847,94.94335,0,[99.999,129.8345]]],[91,[59.98813,89.32828,0,[100.999,124.249]]],[213,[61.34391,98.02631,0,[99.99901,128.7285]]],[92,[60.49256,90.40276,0,[100.999,125.1714]]],[197,[61.36195,99.89283,0,[99.999,127.4612]]],[608,[61.70545,96.50912,0,[98.999,132.0737]]],[519,[61.41347,99.47629,0,[99.999,130.9835]]],[635,[61.45997,93.69762,0,[98.999,133.2936]]],[110,[61.49348,93.61741,0,[99.999,126.0558]]],[518,[61.75931,97.73129,0,[99.999,130.043]]],[287,[61.95522,96.02474,0,[99.999,128.9875]]],[233,[61.8841,96.36627,0,[99.999,127.9033]]],[645,[61.06097,90.01019,0,[98.99901,134.4332]]],[127,[61.92685,95.24974,0,[99.999,126.7766]]],[538,[61.79204,99.7308,0,[99.999,131.9601]]],[89,[60.71535,87.47658,0,[100.999,123.9504]]],[520,[62.07978,100.2766,0,[99.999,130.9844]]],[90,[61.14112,88.39418,0,[100.999,124.9125]]],[636,[62.063,95.03917,0,[98.99902,133.1527]]],[467,[62.36406,96.11546,0,[99.999,129.9702]]],[94,[61.59507,91.79827,0,[100.999,125.6215]]],[317,[62.5431,96.04913,0,[99.999,128.8788]]],[128,[62.54494,96.89117,0,[99.999,127.7745]]],[541,[61.82411,79.34712,0,[98.999,134.4997]]],[111,[62.56225,95.28291,0,[99.999,126.571]]],[539,[62.65516,100.9515,0,[99.999,130.9451]]],[637,[62.9363,96.71487,0,[98.999,132.0175]]],[495,[62.92177,97.49045,0,[99.999,129.7791]]],[661,[62.6997,91.97054,0,[98.99902,133.2691]]],[187,[61.57663,81.39417,0,[100.999,124]]],[347,[63.1046,95.97623,0,[99.999,128.6461]]],[76,[62.04767,89.74393,0,[100.999,124.7366]]],[95,[62.35766,93.1697,0,[100.999,125.674]]],[113,[63.09594,96.93628,0,[99.99902,127.0584]]],[496,[63.23026,98.72224,0,[99.999,130.7794]]],[623,[63.0074,96.16846,0,[99.99901,131.9267]]],[407,[63.48289,95.9928,0,[99.999,129.6798]]],[626,[62.54347,87.45846,0,[98.99902,134.5119]]],[234,[63.50064,97.74736,0,[99.99901,127.748]]],[648,[63.34151,93.27273,0,[98.99902,133.1664]]],[377,[63.75137,96.05862,0,[99.99901,128.6704]]],[112,[62.95098,95.40394,0,[100.999,125.8745]]],[437,[63.82954,96.31916,0,[99.999,130.4969]]],[551,[63.60841,98.69315,0,[99.999,131.6532]]],[144,[63.76078,98.02954,0,[99.99901,126.6825]]],[643,[63.22424,89.14885,0,[98.99902,134.4395]]],[93,[62.88963,91.43938,0,[100.999,124.6995]]],[103,[62.52979,86.24175,0,[100.999,123.8933]]],[649,[64.04675,94.5086,0,[98.99901,132.9601]]],[408,[64.15618,96.73177,0,[99.999,129.5522]]],[114,[64.16991,98.52542,0,[99.999,127.4112]]],[214,[64.30826,98.86604,0,[99.999,128.4507]]],[622,[64.24526,95.63701,0,[99.999,131.2072]]],[81,[63.5014,95.04234,0,[100.999,125.2567]]],[650,[64.61095,95.09202,0,[98.999,132.3763]]],[78,[64.33194,93.13236,0,[99.999,126.2524]]],[498,[64.57367,101.7246,0,[99.999,130.2989]]],[660,[63.90682,91.12987,0,[98.999,134.2188]]],[258,[64.76428,96.28466,0,[99.999,129.0057]]],[259,[64.77089,97.29132,0,[99.999,127.5029]]],[88,[63.52433,87.78262,0,[100.999,124.0534]]],[674,[64.7179,91.26521,0,[98.999,133.6406]]],[639,[64.70872,97.71901,0,[99.999,131.8529]]],[74,[64.07246,88.46958,0,[100.999,125.1724]]],[79,[64.93663,94.30169,0,[99.999,126.3026]]],[438,[65.12679,97.23916,0,[99.999,129.8194]]],[522,[65.05862,104.0396,0,[99.999,130.9522]]],[288,[65.23409,96.8353,0,[99.99901,128.3246]]],[664,[65.21323,94.67474,0,[98.99901,133.0405]]],[235,[65.40876,98.3758,0,[99.99901,127.2145]]],[348,[65.59678,96.85625,0,[99.999,129.1206]]],[647,[64.58994,93.02205,0,[98.999,134.8059]]],[115,[64.25945,83.46983,0,[100.999,124.053]]],[468,[65.63939,97.5213,0,[99.999,130.3335]]],[624,[65.79329,98.96389,0,[98.999,132.358]]],[64,[64.72531,93.81086,0,[100.999,124.9112]]],[521,[65.61704,102.2356,0,[99.999,131.4566]]],[236,[65.59466,99.96324,0,[99.99901,126.0101]]],[260,[65.88812,98.07479,0,[99.999,128.1253]]],[318,[66.10164,96.97878,0,[99.999,129.5793]]],[261,[65.99465,99.15206,0,[99.999,126.8531]]],[659,[65.80264,89.84821,0,[98.999,133.6564]]],[378,[66.18337,97.15359,0,[99.999,130.7289]]],[77,[65.33964,90.86979,0,[100.999,125.0829]]],[651,[66.35899,96.31855,0,[98.99901,132.9661]]],[289,[66.48966,97.7118,0,[99.999,128.7544]]],[552,[66.16685,99.76099,0,[99.999,131.9371]]],[86,[65.21787,85.76573,0,[100.999,124.0028]]],[627,[65.34663,86.90973,0,[98.99901,134.5501]]],[290,[66.46387,98.85948,0,[99.999,127.641]]],[409,[66.67484,97.87433,0,[99.999,129.946]]],[97,[66.5776,98.08953,0,[99.99901,126.3604]]],[469,[66.72042,98.16904,0,[99.999,131.1726]]],[96,[65.89066,94.7403,0,[100.999,125.4149]]],[319,[67.02137,98.01984,0,[99.999,128.2456]]],[638,[67.25076,97.90709,0,[98.999,132.4338]]],[662,[66.32206,93.11649,0,[98.99902,134.4632]]],[262,[67.03426,101.0213,0,[99.999,127.049]]],[349,[67.16615,97.74084,0,[99.999,129.3092]]],[665,[66.93723,95.53334,0,[98.999,133.4232]]],[439,[67.21,98.46526,0,[99.999,130.4474]]],[87,[65.93967,86.35281,0,[100.999,124.133]]],[82,[66.68783,97.3014,0,[100.999,125.7702]]],[653,[67.22282,98.05698,0,[99.999,131.8236]]],[320,[67.58455,99.18838,0,[99.99901,127.8006]]],[350,[67.72897,98.76437,0,[99.999,128.8596]]],[379,[67.77473,98.15237,0,[99.999,129.9816]]],[198,[67.65657,102.3121,0,[99.99902,126.5335]]],[666,[67.67412,97.063,0,[98.999,133.437]]],[80,[66.52735,94.31553,0,[100.999,124.4779]]],[667,[67.68813,98.0046,0,[99.999,131.2047]]],[658,[67.0637,89.90533,0,[98.99901,134.6613]]],[73,[67.15778,88.33636,0,[100.999,124.9776]]],[351,[68.2554,99.91955,0,[99.999,128.3798]]],[291,[68.13324,101.1427,0,[99.999,127.3057]]],[440,[68.30747,100.7874,0,[99.999,129.4707]]],[678,[68.19409,95.01823,0,[98.99901,132.7278]]],[497,[68.22302,100.2948,0,[99.999,130.6608]]],[65,[67.52301,95.56007,0,[100.999,125.7473]]],[673,[67.76479,91.1779,0,[98.999,134.7055]]],[679,[68.13884,95.72659,0,[99.999,131.9606]]],[66,[68.49727,98.16757,0,[99.999,126.3717]]],[470,[68.76758,100.938,0,[99.999,130.0714]]],[100,[67.31353,84.60004,0,[100.999,123.9099]]],[321,[68.75504,101.3146,0,[99.999,127.7183]]],[380,[68.91386,99.32003,0,[99.999,128.8595]]],[540,[68.67282,103.7626,0,[99.999,131.3396]]],[663,[68.78517,94.5432,0,[98.99901,133.4528]]],[75,[68.08401,90.00861,0,[100.999,125.2638]]],[37,[69.053,100.7189,0,[99.99901,126.6818]]],[554,[69.24353,104.125,0,[98.99901,132.6269]]],[410,[69.33028,99.05971,0,[99.999,129.7373]]],[472,[69.22565,103.0875,0,[99.999,130.8671]]],[542,[68.37196,82.78696,0,[98.99901,134.2743]]],[381,[69.49192,100.4999,0,[99.99901,128.6142]]],[129,[69.38358,101.1924,0,[99.99901,127.5621]]],[61,[68.65247,92.07546,0,[100.999,125.4466]]],[680,[69.73082,98.32511,0,[98.999,132.0134]]],[71,[68.09529,86.45447,0,[100.999,124.1615]]],[49,[69.67101,97.3952,0,[99.999,126.2999]]],[413,[69.90959,102.4892,0,[99.999,129.476]]],[473,[69.81123,103.7898,0,[99.999,130.5836]]],[656,[69.53646,89.81524,0,[98.99901,133.8175]]],[322,[70.06711,102.0417,0,[99.99901,128.379]]],[553,[69.76887,104.9251,0,[99.999,131.7105]]],[72,[68.77396,87.31882,0,[100.999,124.1788]]],[694,[70.01978,97.14609,0,[98.99901,133.0312]]],[51,[70.02795,99.71785,0,[99.99901,127.2699]]],[641,[69.16416,88.30657,0,[98.99901,134.7467]]],[46,[69.27219,92.17096,0,[100.999,125.0867]]],[62,[69.70902,93.37096,0,[100.999,125.9317]]],[441,[70.42902,101.3197,0,[99.999,130.2198]]],[383,[70.52724,102.9907,0,[99.999,129.067]]],[215,[70.64948,102.6726,0,[99.99901,127.9294]]],[500,[70.34091,105.6714,0,[99.999,131.4373]]],[695,[70.62572,98.50866,0,[98.999,132.7198]]],[657,[70.22385,89.28445,0,[98.99903,134.4019]]],[50,[70.68106,98.54368,0,[99.999,126.7829]]],[85,[69.54514,85.28593,0,[100.999,123.9596]]],[384,[71.01395,104.7847,0,[99.999,129.7656]]],[411,[70.90553,101.1038,0,[99.999,130.8636]]],[352,[71.14837,101.5258,0,[99.999,128.6725]]],[59,[69.98691,89.71179,0,[100.999,124.7025]]],[47,[70.34346,93.48672,0,[100.999,125.7085]]],[83,[71.2318,100.934,0,[99.99901,127.5418]]],[652,[70.874,98.16255,0,[99.96747,132]]],[693,[71.18289,96.43521,0,[98.99902,133.1282]]],[684,[71.46407,103.5051,0,[99.999,130.9214]]],[63,[71.36088,95.85006,0,[99.999,126.3901]]],[412,[71.60813,101.7395,0,[99.99901,129.7855]]],[382,[71.71238,102.2228,0,[99.99901,128.6427]]],[696,[72.0069,99.78714,0,[98.999,132.0062]]],[676,[70.83384,93.69617,0,[98.999,134.1482]]],[60,[70.86806,91.06429,0,[100.999,125.0612]]],[263,[71.81297,103.6087,0,[99.99901,127.5041]]],[56,[70.63367,87.78453,0,[100.999,124.0348]]],[499,[72.04577,106.8617,0,[99.999,130.4647]]],[677,[71.80522,94.70004,0,[98.999,133.3123]]],[67,[71.93958,100.2436,0,[99.999,126.2311]]],[353,[72.16636,103.3628,0,[99.99901,129.3355]]],[654,[72.02798,99.81047,0,[99.999,131.6052]]],[292,[72.33049,103.5003,0,[99.99901,128.2337]]],[707,[72.43688,97.80859,0,[98.99902,133.0406]]],[675,[71.54563,93.05994,0,[98.99901,134.625]]],[68,[72.3743,102.1935,0,[99.99901,126.9496]]],[48,[71.49966,94.62226,0,[100.999,125.1308]]],[443,[72.58618,104.5012,0,[99.999,130.8273]]],[293,[72.69462,103.5721,0,[99.999,129.7542]]],[196,[72.90953,102.3732,0,[99.999,128.7399]]],[70,[71.43984,86.30272,0,[100.999,124.0274]]],[69,[72.87411,103.2338,0,[99.999,127.5858]]],[543,[72.29545,83.53714,0,[98.99902,134.3979]]],[668,[72.5899,101.8957,0,[99.999,131.9396]]],[35,[72.07537,97.68149,0,[100.999,125.575]]],[32,[72.94362,94.49323,0,[99.999,126.4096]]],[708,[73.02517,99.43095,0,[98.99903,133.0978]]],[669,[73.15641,102.7717,0,[99.999,130.969]]],[414,[73.28701,104.4398,0,[99.99901,129.8621]]],[57,[72.14434,88.8028,0,[100.999,124.3254]]],[237,[73.49174,103.691,0,[99.99901,128.7735]]],[98,[73.48396,101.6569,0,[99.99901,127.6674]]],[681,[73.72247,100.3367,0,[98.999,132.0292]]],[34,[73.57426,98.21565,0,[99.99901,126.5126]]],[706,[73.64194,98.18829,0,[98.999,133.2054]]],[44,[72.88354,90.72937,0,[100.999,125.4253]]],[682,[73.7232,102.1647,0,[99.999,130.865]]],[471,[73.892,103.9165,0,[99.999,129.7554]]],[610,[72.99202,87.42439,0,[98.999,134.3507]]],[324,[74.05063,106.7591,0,[99.99901,128.6582]]],[99,[74.07484,103.5594,0,[99.99901,127.4549]]],[709,[73.85575,99.7621,0,[99.86285,132]]],[55,[72.82597,87.70204,0,[100.999,124.2466]]],[698,[74.37254,105.0429,0,[99.999,130.3243]]],[354,[74.51795,105.0732,0,[99.99901,129.1965]]],[52,[74.21039,101.8609,0,[99.999,126.174]]],[697,[74.31702,101.5034,0,[99.999,131.4745]]],[705,[74.27383,96.22382,0,[98.99901,133.2824]]],[33,[73.54037,95.39243,0,[100.999,125.1099]]],[216,[74.57383,106.628,0,[99.99901,127.9893]]],[692,[73.74472,96.42456,0,[98.999,134.482]]],[36,[74.73886,100.4709,0,[99.999,126.7751]]],[683,[75.0116,106.0654,0,[99.999,129.7915]]],[717,[74.88268,98.21799,0,[98.999,132.701]]],[711,[74.8509,103.8901,0,[99.999,130.8822]]],[40,[73.56879,88.4153,0,[100.999,123.9912]]],[238,[75.08486,105.9007,0,[99.999,128.69]]],[45,[74.19603,92.48733,0,[100.999,125.3608]]],[39,[75.15457,104.8067,0,[99.999,127.5902]]],[719,[74.91051,98.7175,0,[99.973,131.9999]]],[24,[75.2234,101.4248,0,[99.999,126.0143]]],[625,[74.99323,87.45258,0,[98.999,133.9794]]],[691,[74.43526,94.57523,0,[98.99902,134.6766]]],[720,[75.4892,100.8797,0,[99.999,130.3859]]],[442,[75.59221,103.4326,0,[99.999,129.2418]]],[41,[74.32522,89.45483,0,[100.999,124.2208]]],[716,[75.41774,97.07214,0,[99.999,131.493]]],[26,[75.73123,105.9468,0,[99.999,128.0561]]],[38,[75.64164,103.3531,0,[99.999,126.8465]]],[704,[75.57607,95.85973,0,[98.99902,133.2942]]],[58,[74.99408,90.41084,0,[100.999,125.0763]]],[712,[76.06127,106.7684,0,[99.999,130.2036]]],[323,[76.19411,103.7588,0,[99.999,129.041]]],[690,[76.12683,94.27108,0,[98.99902,132.5965]]],[718,[76.00875,100.0482,0,[99.999,131.4479]]],[31,[75.45365,93.72848,0,[100.999,125.6727]]],[6,[76.32804,106.329,0,[99.999,127.8398]]],[23,[76.26276,101.4521,0,[99.99901,126.7349]]],[42,[75.04886,89.73182,0,[100.999,123.9744]]],[294,[76.66628,106.7635,0,[99.999,129.843]]],[672,[75.70433,90.90169,0,[98.99902,134.6832]]],[53,[76.76563,104.3029,0,[99.999,128.6562]]],[710,[76.59757,103.0042,0,[99.999,130.9808]]],[671,[76.31101,89.40856,0,[98.99902,134.0061]]],[689,[76.75506,95.31552,0,[98.999,132.8904]]],[21,[76.9483,100.236,0,[99.999,127.4678]]],[29,[75.73313,91.84593,0,[100.999,124.2514]]],[726,[77.18419,100.5041,0,[98.99901,132.1473]]],[28,[76.06935,92.11856,0,[100.999,125.2199]]],[20,[76.85571,97.58073,0,[99.999,126.1971]]],[474,[77.23666,108.3186,0,[99.999,129.512]]],[730,[77.20171,103.2909,0,[99.999,130.6449]]],[84,[77.35667,106.2726,0,[99.99901,128.3554]]],[703,[77.23028,95.78242,0,[99.999,131.8033]]],[30,[77.44167,94.75951,0,[99.99901,126.4172]]],[688,[77.04662,92.32369,0,[98.99902,133.957]]],[702,[77.69765,95.41995,0,[98.99901,133.1917]]],[8,[76.82864,94.41633,0,[100.999,125.1952]]],[22,[77.71409,101.746,0,[99.99901,127.3476]]],[723,[77.80359,107.3875,0,[99.999,130.1254]]],[27,[76.51367,89.79491,0,[100.999,124.1357]]],[444,[77.86095,108.2958,0,[99.999,128.955]]],[729,[77.76261,100.9482,0,[99.999,131.3962]]],[727,[78.29446,99.67863,0,[98.99901,132.7927]]],[43,[77.45248,92.31743,0,[100.999,125.7669]]],[13,[78.20732,104.9123,0,[99.99902,127.9486]]],[699,[78.39014,107.0913,0,[99.999,129.6833]]],[10,[78.3465,99.55518,0,[99.99901,126.6814]]],[739,[78.30717,106.2515,0,[99.999,130.8843]]],[17,[77.3335,93.80681,0,[100.999,124.3931]]],[701,[77.71751,94.37861,0,[98.99901,134.5867]]],[25,[78.64341,106.6098,0,[99.999,128.6264]]],[640,[78.34896,88.35754,0,[98.99902,134.1741]]],[731,[78.83162,102.7837,0,[98.999,132.2663]]],[9,[77.99671,97.7011,0,[100.999,125.2976]]],[14,[78.92811,104.9208,0,[99.999,127.4685]]],[738,[78.88412,103.7402,0,[99.999,130.5295]]],[721,[79.05904,103.3037,0,[99.999,129.4645]]],[18,[78.93413,96.50739,0,[99.999,126.2595]]],[735,[78.85529,100.5028,0,[99.999,131.7094]]],[15,[79.28575,107.2557,0,[99.999,128.3981]]],[16,[78.03319,92.69672,0,[100.999,124.1763]]],[670,[78.92856,90.89519,0,[98.999,133.7206]]],[686,[79.4588,93.77634,0,[98.99901,133.1366]]],[728,[79.64138,103.0235,0,[99.999,130.0507]]],[733,[79.47252,99.88459,0,[99.999,131.1205]]],[19,[79.78482,98.68218,0,[99.999,127.5897]]],[4,[79.61571,103.8605,0,[99.999,126.5318]]],[7,[78.99248,94.50754,0,[100.999,125.3972]]],[732,[79.84872,108.2977,0,[99.999,128.9651]]],[0,[78.81466,96.91185,0,[100.999,124.2701]]],[655,[80.09368,91.66267,0,[98.99902,132.4549]]],[715,[80.09901,96.60555,0,[99.999,131.5217]]],[734,[80.25065,103.1725,0,[99.999,130.2369]]],[11,[80.40318,103.5354,0,[99.99906,127.6594]]],[737,[80.50456,108.3996,0,[99.99902,128.9082]]],[3,[79.73331,102.2187,0,[100.999,124.8917]]],[687,[80.20097,91.16678,0,[98.99902,133.8678]]],[2,[80.40957,100.1619,0,[99.99903,126.2573]]],[685,[80.92732,92.07374,0,[98.999,132.8719]]],[725,[80.76183,99.29321,0,[99.999,131.3272]]],[724,[80.96013,101.8829,0,[99.999,130.0426]]],[12,[81.10421,103.7392,0,[99.99901,127.7426]]],[264,[81.21223,107.2449,0,[99.999,128.9832]]],[1,[80.51744,100.0713,0,[100.999,124.8954]]],[5,[81.27731,103.5547,0,[99.99901,126.3265]]],[700,[81.57384,94.62006,0,[99.999,131.0224]]],[714,[81.87993,95.78895,0,[98.999,132.377]]],[722,[81.87343,107.2429,0,[99.999,128.7589]]],[736,[82.08125,107.7414,0,[99.999,130.0476]]],[54,[81.94055,109.0469,0,[99.999,127.3624]]],[713,[82.70538,99.73642,0,[99.999,128.9687]]]

Travel Distances:
[355,95.97215],[325,95.96989],[385,95.97628],[295,95.9481],[415,95.96909],[265,95.94447],[326,95.83868],[356,95.89046],[445,95.94981],[296,95.8483],[386,95.92104],[266,97.90183],[416,97.88847],[327,97.80561],[387,97.89617],[297,97.79173],[267,97.88027],[239,97.72484],[417,97.8093],[357,97.14088],[446,97.70873],[240,97.8369],[328,97.65588],[388,99.82685],[447,99.68056],[268,99.65059],[298,99.51142],[358,99.15617],[418,99.56149],[329,99.56918],[217,99.5429],[241,99.50646],[389,99.73914],[448,99.59896],[269,99.60352],[299,99.43147],[359,99.20783],[475,98.24003],[330,101.4612],[419,101.3253],[390,101.6664],[242,101.2446],[218,100.7577],[477,100.4907],[270,101.4809],[360,101.153],[300,101.352],[420,101.272],[331,101.3396],[391,101.491],[476,99.70555],[449,100.0955],[361,103.1931],[243,103.0573],[271,103.343],[301,103.2278],[219,102.5874],[421,103.002],[503,102.3456],[392,103.4064],[332,103.1962],[450,102.1126],[272,103.222],[362,103.1163],[244,102.7366],[302,102.9487],[422,102.9627],[220,102.3934],[393,103.2185],[480,102.6941],[333,104.9052],[451,103.646],[273,105.1399],[363,104.9709],[478,103.1499],[245,104.5966],[303,104.7214],[453,104.8549],[423,104.5707],[505,103.762],[221,103.8915],[334,104.7594],[246,104.3993],[394,104.6518],[452,103.3531],[479,104.5975],[222,105.8987],[454,106.7138],[304,106.4215],[424,106.4583],[364,106.208],[504,103.5845],[199,102.0529],[274,105.8337],[395,106.3897],[455,106.6675],[275,106.0287],[223,105.2647],[482,105.5535],[425,106.1849],[247,105.1271],[335,105.3581],[507,104.9044],[205,107.5426],[483,106.85],[248,107.3357],[365,107.121],[481,106.4558],[305,106.8352],[200,103.4483],[484,107.339],[224,106.2397],[204,106.1994],[528,105.9526],[506,105.2323],[225,106.5787],[336,106.5827],[396,106.792],[529,106.6586],[190,107.0445],[276,108.5187],[508,107.541],[206,108.4043],[366,108.1271],[306,107.9538],[456,107.8521],[191,108.5656],[202,104.7518],[571,109.1942],[546,108.0132],[249,107.6616],[189,107.0042],[509,107.2156],[169,108.346],[426,107.0662],[337,109.4407],[485,109.0393],[250,109.9186],[226,109.1068],[501,101.5649],[562,109.44],[457,109.0978],[397,108.6315],[530,108.2626],[277,108.5868],[158,108.6631],[203,106.3787],[207,108.7437],[510,108.3326],[486,108.7259],[307,109.9715],[278,110.7],[572,110.9494],[563,110.9978],[159,109.84],[160,111.6364],[427,109.593],[526,106.3057],[555,109.8347],[338,109.5636],[170,109.8752],[547,109.1101],[227,109.717],[574,111.06],[458,109.5338],[146,110.4997],[145,110.8373],[556,111.7227],[367,109.8485],[178,110.4116],[502,102.8136],[171,111.6593],[531,110.6122],[527,108.3937],[308,110.6018],[564,111.6115],[398,109.8511],[368,109.9698],[565,111.5122],[557,111.2151],[179,110.7128],[162,111.8504],[185,103.4908],[148,112.3201],[428,111.3702],[585,112.5852],[339,112.0822],[399,111.7227],[566,113.4226],[573,112.2039],[172,112.3368],[487,111.1763],[575,112.6579],[369,111.7347],[161,111.5161],[429,111.3637],[400,112.0678],[583,109.2926],[201,106.2984],[576,114.5694],[511,111.1794],[279,112.4258],[150,114.0429],[430,113.4368],[309,112.2303],[459,111.8167],[525,105.2822],[340,112.4973],[131,110.0759],[587,112.8715],[577,113.9284],[163,113.2733],[460,112.8717],[147,110.2124],[251,110.0304],[558,112.2068],[545,109.3934],[280,113.8953],[586,113.8734],[370,113.0721],[134,112.0819],[151,114.1001],[186,106.6106],[567,114.5414],[588,114.6621],[180,112.2021],[559,114.3711],[310,112.739],[188,107.1367],[461,113.4486],[582,108.5943],[173,114.5618],[589,116.1861],[149,113.3275],[181,114.482],[599,113.2943],[341,114.5634],[560,115.9065],[488,114.5498],[182,114.4297],[281,113.983],[568,115.2957],[135,112.9977],[174,114.6765],[584,111.2518],[401,113.3052],[512,115.1617],[601,113.6046],[431,115.0865],[252,115.506],[175,116.5356],[311,114.7781],[602,115.4128],[371,114.1532],[561,116.401],[597,111.3428],[132,111.0929],[164,114.5851],[462,115.3089],[600,113.1859],[282,115.0509],[616,114.0956],[342,114.3229],[119,111.5843],[569,117.0078],[402,115.823],[489,116.2878],[228,116.4647],[253,115.9008],[598,113.2312],[372,115.3841],[136,115.2062],[612,111.8821],[614,113.1419],[432,115.0014],[570,117.299],[578,115.2364],[152,115.2262],[165,115.494],[183,114.8126],[403,115.5275],[463,117.0651],[524,105.1163],[579,117.2663],[312,115.6402],[613,113.2037],[433,116.7595],[615,114.5976],[153,116.317],[166,116.6311],[130,109.781],[343,115.6459],[513,116.4649],[490,116.1509],[617,114.9404],[544,108.1176],[283,117.3276],[373,117.1176],[120,114.5322],[629,114.9454],[121,114.8869],[464,118.1134],[313,116.5701],[404,117.3732],[532,117.4218],[176,116.4372],[344,116.6575],[631,115.736],[137,115.5843],[596,110.288],[154,117.0272],[434,116.8877],[514,117.2709],[133,111.2694],[229,115.7861],[374,118.2418],[603,116.9162],[167,118.6757],[254,116.9316],[491,117.91],[628,114.462],[590,116.8924],[122,115.9202],[208,116.9533],[405,118.3038],[284,116.8755],[117,111.4079],[230,116.8191],[139,115.8317],[533,117.1511],[604,116.4432],[465,119.4316],[591,118.0622],[184,117.5523],[632,117.8931],[138,116.9886],[255,117.833],[314,118.0248],[209,117.8483],[515,118.8415],[123,116.6051],[580,117.6709],[435,118.3101],[285,117.8528],[155,117.8108],[605,116.8772],[231,117.8989],[611,111.6371],[102,114.1728],[548,119.297],[192,118.8143],[345,119.0322],[492,119.3793],[256,118.8913],[606,119.095],[104,114.1941],[210,119.0496],[107,115.865],[523,104.6633],[466,118.9863],[177,117.2234],[592,117.4319],[549,119.1989],[315,117.9009],[646,115.7094],[140,118.4963],[232,120.8835],[630,116.1635],[534,119.8882],[375,119.2142],[116,112.0664],[168,119.4824],[607,119.4043],[108,117.6292],[286,119.5793],[642,113.8835],[124,117.2065],[581,118.898],[516,119.5839],[193,118.884],[346,120.7027],[595,111.7613],[142,120.0704],[618,117.5966],[535,121.122],[593,119.9638],[211,120.8115],[105,114.6741],[106,116.2839],[493,120.3491],[644,114.7398],[157,120.6509],[257,119.8862],[594,120.6191],[517,120.9576],[109,116.8532],[194,120.0627],[619,117.1881],[118,113.8759],[406,120.527],[633,118.5018],[141,119.2458],[212,121.9213],[550,122.0191],[494,121.7568],[156,119.5632],[609,122.4256],[125,118.8268],[436,119.8769],[101,111.9226],[316,119.4263],[195,121.73],[536,122.2183],[634,118.3648],[126,118.8195],[621,120.8263],[537,123.9859],[143,121.652],[620,119.7073],[376,120.3654],[91,117.1269],[213,123.2005],[92,117.2232],[197,124.9753],[608,120.9916],[519,124.4893],[635,118.5847],[110,118.5228],[518,122.0372],[287,122.0246],[233,122.2588],[645,117.1262],[127,121.1485],[538,125.9777],[89,115.8235],[520,126.0601],[90,115.91],[636,120.6468],[467,121.2813],[94,118.3544],[317,120.9268],[128,121.4862],[541,105.1259],[111,120.0557],[539,125.5323],[637,120.746],[495,123.5601],[661,118.2958],[187,110.0849],[347,121.69],[76,117.4361],[95,120.2594],[113,122.5471],[496,124.1581],[623,121.9234],[407,120.9731],[626,113.8316],[234,122.6672],[648,118.2988],[377,120.4905],[112,121.3669],[437,120.619],[551,125.3011],[144,124.3492],[643,116.1068],[93,119.3769],[103,115.0392],[649,120.2358],[408,122.2567],[114,124.0317],[214,124.1207],[622,121.072],[81,121.8737],[650,119.7296],[78,118.3113],[498,126.421],[660,116.7183],[258,120.5264],[259,121.6217],[88,116.4038],[674,117.7064],[639,124.2187],[74,116.0137],[79,120.2423],[438,122.7877],[522,129.7621],[288,122.208],[664,119.9791],[235,123.4497],[348,121.5454],[647,118.9324],[115,110.6395],[468,122.1647],[624,123.3032],[64,120.1887],[521,126.8824],[236,124.5931],[260,124.0989],[318,122.5861],[261,124.8961],[659,115.945],[378,122.7095],[77,117.9089],[651,121.4417],[289,122.6531],[552,125.3223],[86,113.241],[627,113.3894],[290,123.6125],[409,122.4079],[97,122.8602],[469,122.6677],[96,122.5251],[319,123.8115],[638,123.3454],[662,119.9827],[262,126.7495],[349,123.2572],[665,121.4303],[439,123.9041],[87,114.3424],[82,123.8596],[653,123.4858],[320,123.9516],[350,123.2819],[379,122.5577],[198,126.8735],[666,121.5069],[80,122.9266],[667,124.3462],[658,117.1057],[73,115.9526],[351,125.3351],[291,126.717],[440,126.1107],[678,120.3262],[497,125.7206],[65,122.3174],[673,116.9453],[679,121.1296],[66,123.0043],[470,125.3285],[100,111.4675],[321,125.6452],[380,123.4717],[540,130.2096],[663,120.6871],[75,117.7008],[37,126.3639],[554,129.4282],[410,124.3013],[472,128.4407],[542,109.3221],[381,125.4534],[129,126.1931],[61,118.5932],[680,122.7877],[71,113.9399],[49,121.919],[413,128.4763],[473,129.9381],[656,116.3132],[322,127.8562],[553,131.2199],[72,115.4631],[694,122.7763],[51,125.4413],[641,115.2936],[46,119.406],[62,119.7314],[441,126.3516],[383,127.7908],[215,127.3123],[500,130.853],[695,122.9842],[657,114.5875],[50,123.0277],[85,113.9772],[384,130.6279],[411,127.2358],[352,127.1874],[59,117.4125],[47,120.552],[83,126.3803],[652,124.2336],[693,121.8835],[684,128.5326],[63,121.0138],[412,126.4581],[382,126.7379],[696,123.7065],[676,119.5551],[60,119.0343],[263,129.7854],[56,116.2551],[499,132.7252],[677,120.8056],[67,126.1922],[353,128.8347],[654,125.649],[292,128.7584],[707,122.7706],[675,119.3035],[68,127.2541],[48,121.2909],[443,129.2951],[293,128.0191],[196,126.5038],[70,115.2656],[69,129.3065],[543,110.4323],[668,128.5784],[35,125.1132],[32,120.3236],[708,125.229],[669,128.4171],[414,129.7231],[57,116.3219],[237,128.6779],[98,126.598],[681,124.806],[34,122.8601],[706,122.6631],[44,116.7472],[682,126.554],[471,130.038],[610,114.7802],[324,132.629],[99,129.3195],[709,125.9055],[55,115.7687],[698,130.2142],[354,130.0067],[52,127.1683],[697,126.79],[705,121.4013],[33,122.0918],[216,131.3575],[692,122.3467],[36,126.676],[683,132.0162],[717,124.2187],[711,129.9887],[40,117.0008],[238,131.5796],[45,119.8806],[39,130.2761],[719,124.7317],[24,126.7281],[625,112.9937],[691,121.0988],[720,125.7627],[442,128.0689],[41,116.5637],[716,122.0821],[26,130.3879],[38,127.8053],[704,120.4163],[58,118.3403],[712,132.5058],[323,129.2898],[690,119.6565],[718,125.8602],[31,120.6079],[6,131.5945],[23,126.7323],[42,117.331],[294,131.369],[672,116.9616],[53,128.6979],[710,127.6463],[671,114.3687],[689,119.5894],[21,126.2259],[29,120.1695],[726,126.0265],[28,119.7379],[20,123.7288],[474,133.7046],[730,128.737],[84,131.3966],[703,121.1732],[30,119.6858],[688,117.8694],[702,119.9658],[8,120.5679],[22,126.215],[723,131.7095],[27,116.512],[444,134.2983],[729,127.2646],[727,124.947],[43,119.2087],[13,130.1696],[699,132.1826],[10,124.807],[739,131.4751],[17,120.8957],[701,120.3606],[25,131.183],[640,113.3695],[731,126.9259],[9,125.2514],[14,130.8542],[738,129.7733],[721,128.9486],[18,122.3547],[735,126.5669],[15,132.4812],[16,120.2889],[670,116.5772],[686,118.5409],[728,127.5888],[733,124.7757],[19,122.9912],[4,130.2498],[7,122.2907],[732,134.2937],[0,125.0471],[655,117.2213],[715,122.2036],[734,128.4046],[11,128.5126],[737,133.2058],[3,128.544],[687,116.4304],[2,125.0203],[685,117.9379],[725,125.5807],[724,127.7041],[12,129.1642],[264,132.6272],[1,126.7432],[5,128.7735],[700,119.3208],[714,119.8158],[722,133.2205],[736,133.5098],[54,134.7975],[713,124.1429]

Finish Times:
[355,49.16074],[325,49.20074],[385,49.24075],[295,49.40075],[415,49.48075],[265,49.72076],[326,49.76076],[356,49.80076],[445,49.88076],[296,49.92076],[386,49.92076],[266,50.12077],[416,50.24077],[327,50.32077],[387,50.36077],[297,50.48077],[267,50.52077],[239,50.56078],[417,50.68078],[357,50.76078],[446,50.80078],[240,50.84078],[328,50.92078],[388,51.00079],[447,51.00079],[268,51.16079],[298,51.20079],[358,51.32079],[418,51.40079],[329,51.4808],[217,51.5208],[241,51.5208],[389,51.5608],[448,51.7208],[269,51.7608],[299,51.8008],[359,51.84081],[475,51.84081],[330,52.08081],[419,52.08081],[390,52.12081],[242,52.24081],[218,52.32082],[477,52.36082],[270,52.40082],[360,52.40082],[300,52.44082],[420,52.56082],[331,52.68082],[391,52.72083],[476,52.80083],[449,52.84083],[361,52.96083],[243,53.00083],[271,53.04083],[301,53.04083],[219,53.08083],[421,53.20084],[503,53.24084],[392,53.28084],[332,53.32084],[450,53.32084],[272,53.60085],[362,53.60085],[244,53.72085],[302,53.76085],[422,53.76085],[220,53.84085],[393,53.92085],[480,53.92085],[333,53.96085],[451,53.96085],[273,54.16086],[363,54.20086],[478,54.20086],[245,54.36086],[303,54.40086],[453,54.40086],[423,54.52087],[505,54.56087],[221,54.60087],[334,54.60087],[246,54.76087],[394,54.76087],[452,54.88087],[479,54.96088],[222,55.00088],[454,55.04088],[304,55.08088],[424,55.08088],[364,55.16088],[504,55.36089],[199,55.40089],[274,55.40089],[395,55.40089],[455,55.52089],[275,55.64089],[223,55.72089],[482,55.72089],[425,55.76089],[247,55.8009],[335,55.8409],[507,55.9209],[205,56.0809],[483,56.1609],[248,56.2009],[365,56.24091],[481,56.32091],[305,56.36091],[200,56.40091],[484,56.40091],[224,56.44091],[204,56.56091],[528,56.64091],[506,56.72092],[225,56.80092],[336,56.80092],[396,56.84092],[529,56.84092],[190,56.92092],[276,56.96092],[508,57.04092],[206,57.20093],[366,57.32093],[306,57.40093],[456,57.48093],[191,57.52094],[202,57.52094],[571,57.52094],[546,57.60094],[249,57.64094],[189,57.72094],[509,57.76094],[169,57.88094],[426,57.88094],[337,58.00095],[485,58.08095],[250,58.20095],[226,58.28095],[501,58.32095],[562,58.36095],[457,58.40096],[397,58.44096],[530,58.48096],[277,58.56096],[158,58.64096],[203,58.68096],[207,58.80096],[510,58.80096],[486,58.92097],[307,58.96097],[278,59.12097],[572,59.16097],[563,59.20097],[159,59.32098],[160,59.32098],[427,59.32098],[526,59.36098],[555,59.36098],[338,59.52098],[170,59.60098],[547,59.64098],[227,59.72099],[574,59.72099],[458,59.88099],[146,59.96099],[145,60.00099],[556,60.04099],[367,60.12099],[178,60.201],[502,60.201],[171,60.241],[531,60.241],[527,60.321],[308,60.361],[564,60.361],[398,60.481],[368,60.68101],[565,60.76101],[557,60.80101],[179,60.84101],[162,60.88101],[185,60.92101],[148,61.04102],[428,61.04102],[585,61.04102],[339,61.08102],[399,61.28102],[566,61.28102],[573,61.28102],[172,61.48103],[487,61.48103],[575,61.52103],[369,61.60103],[161,61.64103],[429,61.68103],[400,61.80103],[583,61.92104],[201,61.96104],[576,61.96104],[511,62.04104],[279,62.08104],[150,62.20104],[430,62.20104],[309,62.24104],[459,62.28104],[525,62.32104],[340,62.48105],[131,62.52105],[587,62.64105],[577,62.68105],[163,62.72105],[460,62.72105],[147,62.88106],[251,62.88106],[558,62.88106],[545,63.00106],[280,63.04106],[586,63.08106],[370,63.28107],[134,63.36107],[151,63.36107],[186,63.36107],[567,63.40107],[588,63.40107],[180,63.44107],[559,63.52107],[310,63.60107],[188,63.72108],[461,63.84108],[582,63.92108],[173,63.96108],[589,64.00108],[149,64.04108],[181,64.04108],[599,64.12109],[341,64.16109],[560,64.16109],[488,64.40109],[182,64.5611],[281,64.5611],[568,64.6011],[135,64.6411],[174,64.7211],[584,64.7211],[401,64.7611],[512,64.7611],[601,64.8011],[431,64.96111],[252,65.00111],[175,65.16111],[311,65.16111],[602,65.16111],[371,65.40112],[561,65.44112],[597,65.44112],[132,65.48112],[164,65.56112],[462,65.56112],[600,65.60112],[282,65.64112],[616,65.76112],[342,65.84113],[119,65.88113],[569,66.04113],[402,66.12113],[489,66.12113],[228,66.20113],[253,66.24113],[598,66.28114],[372,66.40114],[136,66.44114],[612,66.44114],[614,66.44114],[432,66.64114],[570,66.64114],[578,66.64114],[152,66.76115],[165,66.80115],[183,66.80115],[403,66.84115],[463,67.12115],[524,67.16116],[579,67.16116],[312,67.20116],[613,67.24116],[433,67.28116],[615,67.28116],[153,67.40116],[166,67.48116],[130,67.64117],[343,67.64117],[513,67.64117],[490,67.68117],[617,67.84117],[544,67.92117],[283,67.96117],[373,67.96117],[120,68.08118],[629,68.08118],[121,68.12118],[464,68.16118],[313,68.24118],[404,68.32118],[532,68.32118],[176,68.52119],[344,68.60119],[631,68.60119],[137,68.64119],[596,68.72119],[154,68.76119],[434,68.76119],[514,68.80119],[133,68.84119],[229,68.8812],[374,68.9612],[603,69.1212],[167,69.1612],[254,69.2012],[491,69.2812],[628,69.2812],[590,69.40121],[122,69.44121],[208,69.44121],[405,69.44121],[284,69.68121],[117,69.80122],[230,69.80122],[139,69.88122],[533,69.88122],[604,69.88122],[465,70.04122],[591,70.04122],[184,70.08122],[632,70.16122],[138,70.20123],[255,70.24123],[314,70.24123],[209,70.52123],[515,70.52123],[123,70.56123],[580,70.56123],[435,70.68124],[285,70.72124],[155,70.76124],[605,70.80124],[231,70.84124],[611,70.88124],[102,71.16125],[548,71.16125],[192,71.20125],[345,71.20125],[492,71.24125],[256,71.28125],[606,71.28125],[104,71.36125],[210,71.40125],[107,71.44125],[523,71.64126],[466,71.72126],[177,71.80126],[592,71.80126],[549,71.84126],[315,71.88126],[646,71.88126],[140,72.00127],[232,72.04127],[630,72.16127],[534,72.24127],[375,72.36127],[116,72.40128],[168,72.40128],[607,72.44128],[108,72.48128],[286,72.56128],[642,72.60128],[124,72.64128],[581,72.64128],[516,72.80128],[193,72.88129],[346,72.96129],[595,73.04129],[142,73.12129],[618,73.16129],[535,73.20129],[593,73.20129],[211,73.2813],[105,73.3613],[106,73.3613],[493,73.3613],[644,73.4813],[157,73.5613],[257,73.6813],[594,73.72131],[517,73.76131],[109,73.88131],[194,73.88131],[619,73.92131],[118,74.04131],[406,74.08131],[633,74.08131],[141,74.16132],[212,74.28132],[550,74.28132],[494,74.36132],[156,74.48132],[609,74.48132],[125,74.64133],[436,74.68133],[101,74.76133],[316,74.80133],[195,74.88133],[536,74.88133],[634,74.88133],[126,74.92133],[621,75.00134],[537,75.08134],[143,75.20134],[620,75.28134],[376,75.32134],[91,75.36134],[213,75.40134],[92,75.52135],[197,75.52135],[608,75.60135],[519,75.64135],[635,75.76135],[110,75.80135],[518,75.88136],[287,76.00136],[233,76.08136],[645,76.16136],[127,76.20136],[538,76.20136],[89,76.24136],[520,76.24136],[90,76.28136],[636,76.32137],[467,76.44137],[94,76.56137],[317,76.56137],[128,76.72137],[541,76.72137],[111,76.76138],[539,76.84138],[637,76.88138],[495,76.96138],[661,77.08138],[187,77.12138],[347,77.12138],[76,77.28139],[95,77.28139],[113,77.32139],[496,77.40139],[623,77.44139],[407,77.52139],[626,77.56139],[234,77.60139],[648,77.60139],[377,77.8014],[112,77.8414],[437,77.9214],[551,77.9614],[144,78.0014],[643,78.0414],[93,78.16141],[103,78.20141],[649,78.24141],[408,78.28141],[114,78.32141],[214,78.40141],[622,78.44141],[81,78.52142],[650,78.60142],[78,78.64142],[498,78.76142],[660,78.80142],[258,78.88142],[259,78.88142],[88,79.00143],[674,79.00143],[639,79.04143],[74,79.16143],[79,79.24143],[438,79.24143],[522,79.28143],[288,79.32143],[664,79.52144],[235,79.56144],[348,79.68144],[647,79.68144],[115,79.76144],[468,79.76144],[624,79.76144],[64,79.80145],[521,79.88145],[236,79.92145],[260,80.00145],[318,80.20145],[261,80.24146],[659,80.24146],[378,80.32146],[77,80.40146],[651,80.48146],[289,80.52146],[552,80.52146],[86,80.56146],[627,80.60146],[290,80.68147],[409,80.76147],[97,80.84147],[469,80.92147],[96,81.12148],[319,81.12148],[638,81.16148],[662,81.16148],[262,81.24148],[349,81.24148],[665,81.28148],[439,81.36148],[87,81.48148],[82,81.56149],[653,81.60149],[320,81.68149],[350,81.72149],[379,81.84149],[198,81.92149],[666,81.92149],[80,82.0015],[667,82.0015],[658,82.0415],[73,82.2015],[351,82.2815],[291,82.3215],[440,82.3215],[678,82.3615],[497,82.4015],[65,82.48151],[673,82.56151],[679,82.64151],[66,82.84151],[470,82.84151],[100,82.88152],[321,82.88152],[380,82.92152],[540,82.96152],[663,83.16152],[75,83.20152],[37,83.32153],[554,83.32153],[410,83.40153],[472,83.44153],[542,83.48153],[381,83.52153],[129,83.56153],[61,83.60153],[680,83.60153],[71,83.80154],[49,83.92154],[413,84.00154],[473,84.00154],[656,84.00154],[322,84.08154],[553,84.08154],[72,84.12154],[694,84.20155],[51,84.24155],[641,84.28155],[46,84.32155],[62,84.56155],[441,84.56155],[383,84.60155],[215,84.68156],[500,84.68156],[695,84.80156],[657,84.84156],[50,84.88156],[85,85.08157],[384,85.12157],[411,85.12157],[352,85.16157],[59,85.20157],[47,85.24157],[83,85.32157],[652,85.36157],[693,85.56158],[684,85.60158],[63,85.64158],[412,85.64158],[382,85.76158],[696,85.84158],[676,85.88158],[60,85.96159],[263,86.00159],[56,86.08159],[499,86.12159],[677,86.12159],[67,86.28159],[353,86.28159],[654,86.28159],[292,86.4016],[707,86.5216],[675,86.5616],[68,86.6016],[48,86.6816],[443,86.7216],[293,86.80161],[196,86.92161],[70,86.96161],[69,87.00161],[543,87.00161],[668,87.00161],[35,87.16161],[32,87.24162],[708,87.24162],[669,87.32162],[414,87.40162],[57,87.48162],[237,87.52162],[98,87.60162],[681,87.60162],[34,87.88163],[706,87.88163],[44,87.92163],[682,87.92163],[471,87.96163],[610,87.96163],[324,88.08163],[99,88.20164],[709,88.24164],[55,88.32164],[698,88.48164],[354,88.52164],[52,88.56165],[697,88.60165],[705,88.64165],[33,88.68165],[216,88.68165],[692,88.72165],[36,89.04166],[683,89.04166],[717,89.04166],[711,89.08166],[40,89.16166],[238,89.16166],[45,89.20166],[39,89.32166],[719,89.32166],[24,89.60167],[625,89.64167],[691,89.64167],[720,89.64167],[442,89.68167],[41,89.72167],[716,89.72167],[26,89.80167],[38,89.88168],[704,89.88168],[58,90.04168],[712,90.20168],[323,90.24168],[690,90.28168],[718,90.32169],[31,90.36169],[6,90.40169],[23,90.48169],[42,90.68169],[294,90.72169],[672,90.7617],[53,90.8017],[710,90.8017],[671,90.9217],[689,90.9217],[21,91.0417],[29,91.0417],[726,91.0417],[28,91.0817],[20,91.1217],[474,91.32171],[730,91.36171],[84,91.44171],[703,91.64172],[30,91.72172],[688,91.72172],[702,91.80172],[8,91.84172],[22,91.84172],[723,91.88172],[27,91.92172],[444,92.00172],[729,92.00172],[727,92.24173],[43,92.36173],[13,92.44173],[699,92.48174],[10,92.52174],[739,92.60174],[17,92.64174],[701,92.68174],[25,92.72174],[640,92.72174],[731,92.92175],[9,93.08175],[14,93.08175],[738,93.08175],[721,93.20175],[18,93.24175],[735,93.28175],[15,93.44176],[16,93.44176],[670,93.72176],[686,93.72176],[728,93.76176],[733,93.76176],[19,93.88177],[4,93.96177],[7,93.96177],[732,94.00177],[0,94.16177],[655,94.16177],[715,94.44178],[734,94.44178],[11,94.56178],[737,94.60178],[3,94.68179],[687,94.68179],[2,94.72179],[685,95.08179],[725,95.08179],[724,95.1618],[12,95.3218],[264,95.3218],[1,95.56181],[5,95.56181],[700,95.80181],[714,95.92181],[722,96.04182],[736,96.16182],[54,96.28182],[713,96.80183]

Stuck Times:
[355,0],[325,0],[385,0],[295,0],[415,0],[265,0],[326,0],[356,0],[445,0],[296,0],[386,0],[266,0],[416,0],[327,0],[387,0],[297,0],[267,0],[239,0],[417,0],[357,0],[446,0],[240,0],[328,0],[388,0],[447,0],[268,0],[298,0],[358,0],[418,0],[329,0],[217,0],[241,0],[389,0],[448,0],[269,0],[299,0],[359,0],[475,0],[330,0],[419,0],[390,0],[242,0],[218,0],[477,0],[270,0],[360,0],[300,0],[420,0],[331,0],[391,0],[476,0],[449,0],[361,0],[243,0],[271,0],[301,0],[219,0],[421,0],[503,0],[392,0],[332,0],[450,0],[272,0],[362,0],[244,0],[302,0],[422,0],[220,0],[393,0],[480,0],[333,0],[451,0],[273,0],[363,0],[478,0],[245,0],[303,0],[453,0],[423,0],[505,0],[221,0],[334,0],[246,0],[394,0],[452,0],[479,0],[222,0],[454,0],[304,0],[424,0],[364,0],[504,1],[199,3],[274,0],[395,0],[455,0],[275,0],[223,0],[482,0],[425,0],[247,0],[335,0],[507,0],[205,0],[483,0],[248,0],[365,0],[481,1],[305,0],[200,3],[484,0],[224,1],[204,1],[528,1],[506,1],[225,0],[336,0],[396,1],[529,0],[190,0],[276,1],[508,1],[206,0],[366,1],[306,0],[456,0],[191,0],[202,4],[571,0],[546,1],[249,1],[189,0],[509,1],[169,1],[426,1],[337,1],[485,1],[250,1],[226,3],[501,6],[562,1],[457,1],[397,2],[530,1],[277,0],[158,1],[203,3],[207,2],[510,3],[486,2],[307,1],[278,0],[572,1],[563,1],[159,2],[160,0],[427,2],[526,4],[555,2],[338,2],[170,1],[547,3],[227,1],[574,0],[458,2],[146,3],[145,3],[556,2],[367,4],[178,1],[502,8],[171,1],[531,2],[527,5],[308,2],[564,3],[398,3],[368,4],[565,2],[557,2],[179,2],[162,1],[185,8],[148,3],[428,4],[585,2],[339,1],[399,3],[566,2],[573,2],[172,1],[487,4],[575,3],[369,2],[161,3],[429,4],[400,3],[583,5],[201,9],[576,3],[511,4],[279,6],[150,3],[430,4],[309,4],[459,5],[525,9],[340,5],[131,7],[587,3],[577,3],[163,3],[460,4],[147,7],[251,7],[558,4],[545,5],[280,6],[586,3],[370,5],[134,7],[151,5],[186,10],[567,5],[588,3],[180,7],[559,4],[310,6],[188,9],[461,5],[582,8],[173,7],[589,5],[149,7],[181,6],[599,6],[341,6],[560,5],[488,5],[182,6],[281,6],[568,6],[135,8],[174,6],[584,7],[401,7],[512,4],[601,6],[431,8],[252,7],[175,6],[311,6],[602,6],[371,8],[561,6],[597,9],[132,9],[164,8],[462,7],[600,7],[282,6],[616,7],[342,7],[119,9],[569,6],[402,8],[489,8],[228,7],[253,8],[598,8],[372,8],[136,8],[612,11],[614,10],[432,8],[570,6],[578,10],[152,6],[165,8],[183,8],[403,8],[463,8],[524,14],[579,10],[312,9],[613,11],[433,8],[615,11],[153,11],[166,9],[130,12],[343,10],[513,8],[490,9],[617,10],[544,14],[283,11],[373,10],[120,12],[629,12],[121,11],[464,10],[313,11],[404,11],[532,9],[176,11],[344,11],[631,11],[137,10],[596,14],[154,9],[434,10],[514,10],[133,13],[229,12],[374,11],[603,12],[167,10],[254,13],[491,10],[628,13],[590,13],[122,11],[208,12],[405,10],[284,13],[117,13],[230,13],[139,13],[533,10],[604,13],[465,10],[591,13],[184,13],[632,13],[138,11],[255,13],[314,13],[209,13],[515,11],[123,13],[580,14],[435,11],[285,13],[155,12],[605,13],[231,13],[611,16],[102,14],[548,13],[192,14],[345,13],[492,12],[256,13],[606,13],[104,14],[210,13],[107,15],[523,19],[466,12],[177,15],[592,14],[549,13],[315,14],[646,16],[140,13],[232,13],[630,16],[534,14],[375,14],[116,17],[168,13],[607,15],[108,15],[286,13],[642,16],[124,13],[581,13],[516,15],[193,15],[346,14],[595,17],[142,13],[618,17],[535,13],[593,14],[211,13],[105,17],[106,16],[493,15],[644,17],[157,13],[257,14],[594,15],[517,15],[109,15],[194,14],[619,17],[118,19],[406,16],[633,17],[141,15],[212,13],[550,15],[494,15],[156,16],[609,16],[125,16],[436,17],[101,18],[316,16],[195,14],[536,14],[634,17],[126,16],[621,17],[537,15],[143,16],[620,17],[376,16],[91,17],[213,14],[92,17],[197,15],[608,17],[519,14],[635,19],[110,16],[518,15],[287,19],[233,19],[645,19],[127,17],[538,14],[89,19],[520,14],[90,19],[636,20],[467,17],[94,17],[317,19],[128,17],[541,24],[111,17],[539,14],[637,19],[495,16],[661,21],[187,22],[347,19],[76,18],[95,17],[113,18],[496,16],[623,17],[407,19],[626,22],[234,18],[648,22],[377,19],[112,16],[437,19],[551,16],[144,19],[643,23],[93,18],[103,22],[649,22],[408,19],[114,17],[214,18],[622,21],[81,17],[650,22],[78,19],[498,16],[660,22],[258,22],[259,22],[88,22],[674,24],[639,22],[74,23],[79,19],[438,19],[522,14],[288,22],[664,23],[235,23],[348,22],[647,22],[115,25],[468,20],[624,20],[64,19],[521,16],[236,20],[260,24],[318,22],[261,22],[659,25],[378,22],[77,22],[651,24],[289,23],[552,20],[86,25],[627,24],[290,23],[409,22],[97,20],[469,20],[96,22],[319,24],[638,24],[662,24],[262,21],[349,23],[665,23],[439,22],[87,25],[82,21],[653,21],[320,23],[350,23],[379,23],[198,21],[666,25],[80,22],[667,24],[658,25],[73,25],[351,23],[291,22],[440,21],[678,25],[497,23],[65,23],[673,25],[679,24],[66,24],[470,23],[100,27],[321,22],[380,23],[540,18],[663,26],[75,25],[37,23],[554,20],[410,24],[472,21],[542,29],[381,23],[129,25],[61,26],[680,26],[71,28],[49,25],[413,23],[473,23],[656,28],[322,24],[553,19],[72,28],[694,28],[51,24],[641,28],[46,24],[62,26],[441,26],[383,24],[215,26],[500,21],[695,26],[657,28],[50,25],[85,30],[384,23],[411,26],[352,25],[59,29],[47,24],[83,28],[652,25],[693,29],[684,24],[63,26],[412,26],[382,26],[696,26],[676,28],[60,28],[263,26],[56,29],[499,21],[677,29],[67,27],[353,24],[654,27],[292,26],[707,30],[675,29],[68,28],[48,25],[443,25],[293,26],[196,30],[70,32],[69,28],[543,33],[668,28],[35,27],[32,30],[708,28],[669,30],[414,27],[57,31],[237,28],[98,30],[681,29],[34,30],[706,31],[44,32],[682,29],[471,26],[610,33],[324,25],[99,29],[709,30],[55,31],[698,28],[354,26],[52,30],[697,31],[705,32],[33,30],[216,27],[692,31],[36,31],[683,28],[717,30],[711,30],[40,33],[238,27],[45,32],[39,28],[719,30],[24,31],[625,34],[691,32],[720,31],[442,29],[41,32],[716,32],[26,29],[38,32],[704,34],[58,33],[712,30],[323,29],[690,35],[718,32],[31,33],[6,26],[23,31],[42,32],[294,28],[672,34],[53,33],[710,32],[671,36],[689,34],[21,30],[29,34],[726,33],[28,34],[20,33],[474,27],[730,31],[84,32],[703,33],[30,35],[688,35],[702,33],[8,34],[22,28],[723,29],[27,36],[444,25],[729,32],[727,34],[43,35],[13,28],[699,31],[10,34],[739,30],[17,34],[701,35],[25,30],[640,38],[731,33],[9,35],[14,31],[738,32],[721,33],[18,35],[735,35],[15,30],[16,37],[670,39],[686,37],[728,33],[733,34],[19,34],[4,32],[7,36],[732,32],[0,35],[655,39],[715,36],[734,33],[11,32],[737,31],[3,34],[687,37],[2,34],[685,37],[725,36],[724,35],[12,33],[264,32],[1,33],[5,34],[700,40],[714,38],[722,34],[736,31],[54,35],[713,36]

