Experiment Name: Custom-LimitedOverflow2
Method Used: FlowField
Run Number: 6
Preparation Time: 0.0002ms
Pathfinding Time: 30.1786ms
Finish Time: 123.2424ms
Finish Time 90%: 115.0423ms
Repaths: 0
Soft Repaths: 0

Gates Data:
0:[299,[6.65205,13.28261,0,[33.001,60.10606]]],[314,[6.667392,13.30685,0,[33.001,61.1944]]],[284,[6.148009,12.2742,0,[32.001,59.01973]]],[298,[7.276998,14.42318,0,[33.001,61.11386]]],[283,[7.261348,14.42319,0,[33.001,60.01468]]],[329,[6.772714,13.37421,0,[33.001,62.27457]]],[269,[6.16998,12.28509,0,[32.001,57.92695]]],[268,[6.811483,13.47006,0,[32.001,58.92606]]],[297,[7.585117,15.00014,0,[32.52203,59.99997]]],[313,[7.519343,14.48502,0,[33.001,62.11197]]],[282,[7.565938,14.49282,0,[32.001,59.01584]]],[296,[8.411293,16.56553,0,[33.001,60.15653]]],[253,[7.083561,13.58166,0,[32.001,57.97116]]],[326,[8.734422,16.5668,0,[33.001,61.54]]],[266,[8.2727,15.87535,0,[32.001,59.18596]]],[311,[8.956374,16.81404,0,[33.001,60.50626]]],[267,[7.816375,14.56414,0,[32.001,58.01684]]],[281,[8.879904,15.65307,0,[32.001,59.79764]]],[340,[9.3721,16.86857,0,[33.001,61.5111]]],[327,[8.2021,15.55026,0,[33.001,62.05105]]],[325,[9.709422,17.78528,0,[33.001,60.61864]]],[252,[8.847323,14.98597,0,[32.001,58.72073]]],[254,[8.479778,12.58808,0,[32.001,57.92131]]],[339,[10.06682,18.22198,0,[33.001,61.43183]]],[265,[9.459332,17.00369,0,[32.001,59.43388]]],[295,[10.33459,17.66962,0,[33.001,60.46639]]],[236,[9.811124,16.46432,0,[32.001,58.43812]]],[250,[10.02638,17.25465,0,[32.001,59.43239]]],[310,[10.80792,18.08045,0,[33.001,61.1714]]],[328,[9.750648,14.8864,0,[33.001,62.35612]]],[280,[10.94849,17.83376,0,[33.001,60.12218]]],[294,[11.44252,18.81626,0,[33.001,60.6764]]],[235,[10.46781,17.32301,0,[32.001,58.7868]]],[264,[10.8942,17.99752,0,[32.001,59.48156]]],[352,[10.50189,17.14657,0,[33.001,62.1041]]],[279,[11.42303,18.05206,0,[32.001,59.99799]]],[309,[12.16825,19.16138,0,[33.001,60.98649]]],[234,[11.36402,18.18496,0,[32.001,58.90088]]],[251,[9.27833,16.12622,0,[32.001,57.99734]]],[324,[11.67665,18.7621,0,[33.001,61.6787]]],[221,[11.91783,17.80094,0,[32.001,58.89935]]],[249,[11.98615,18.44835,0,[32.001,59.9946]]],[293,[12.77087,19.96608,0,[33.001,60.9509]]],[222,[10.87868,16.70204,0,[32.001,58.03884]]],[233,[12.46733,19.18554,0,[32.001,59.09436]]],[263,[13.15711,20.19079,0,[33.001,60.14758]]],[209,[12.22488,17.87474,0,[32.001,57.96648]]],[360,[12.76858,19.54603,0,[33.001,62.05294]]],[248,[13.02953,19.4468,0,[32.001,59.30138]]],[350,[13.48616,19.51595,0,[33.001,61.05082]]],[220,[12.89517,18.48062,0,[32.001,58.11914]]],[338,[13.88016,19.70199,0,[33.001,60.28657]]],[219,[13.57109,19.76243,0,[32.001,59.10492]]],[361,[13.34187,18.77627,0,[33.001,62.1199]]],[349,[14.44568,20.65412,0,[33.001,61.12275]]],[278,[14.45552,20.30411,0,[33.001,60.02287]]],[238,[10.24604,14.35011,0,[32.001,57.76411]]],[239,[13.64325,14.41132,0,[32.001,58.00087]]],[210,[14.13526,18.4731,0,[32.001,58.97228]]],[369,[15.01315,19.16747,0,[33.001,60.99947]]],[368,[14.04408,20.06813,0,[33.001,61.86359]]],[323,[14.51776,19.12388,0,[32.001,59.90058]]],[341,[15.00289,17.01998,0,[33.001,62.10674]]],[232,[14.70096,20.41051,0,[32.001,58.85144]]],[262,[15.07224,20.19615,0,[32.001,59.99929]]],[237,[11.52995,16.11224,0,[32.001,57.84923]]],[375,[15.56325,21.33688,0,[33.001,61.09665]]],[362,[12.20783,17.66464,0,[33.001,62.08597]]],[207,[15.26289,20.62085,0,[32.001,58.95514]]],[199,[15.8189,19.10081,0,[32.001,59.12208]]],[337,[16.15432,20.98895,0,[33.001,60.18719]]],[208,[15.02986,19.3791,0,[32.001,57.92598]]],[322,[16.23271,20.26913,0,[32.001,59.94115]]],[247,[16.37255,20.60161,0,[32.001,58.88145]]],[359,[16.13795,21.00417,0,[33.001,61.30336]]],[223,[15.78924,16.7203,0,[32.001,58.00512]]],[308,[16.77939,19.76203,0,[32.001,59.90306]]],[383,[16.69248,21.1397,0,[33.001,61.02333]]],[348,[17.25175,21.68508,0,[33.001,61.01252]]],[198,[16.91915,20.36515,0,[32.001,58.75354]]],[307,[17.77104,21.78768,0,[33.001,60.61992]]],[197,[17.3137,21.18756,0,[32.001,59.50184]]],[385,[17.35261,19.07337,0,[33.001,62.11137]]],[367,[17.94854,21.1685,0,[33.001,61.66911]]],[292,[18.28752,21.46481,0,[33.001,60.07773]]],[200,[14.29662,18.77386,0,[32.001,57.91065]]],[336,[18.52199,21.98008,0,[33.001,61.0569]]],[191,[17.29727,20.04867,0,[32.001,57.96494]]],[396,[16.71012,18.391,0,[33.001,62.12068]]],[231,[17.81547,21.39084,0,[32.001,58.98117]]],[277,[18.8517,21.62343,0,[33.001,60.02094]]],[291,[19.1007,22.1919,0,[33.001,60.99262]]],[190,[18.45287,21.1147,0,[32.001,58.96953]]],[384,[18.5641,20.5145,0,[33.001,62.14324]]],[276,[19.54353,22.61391,0,[33.001,60.00269]]],[224,[18.51836,16.92317,0,[32.001,57.88276]]],[358,[19.21485,21.93425,0,[33.001,62.07425]]],[206,[19.57245,21.20002,0,[32.001,58.84601]]],[347,[19.65269,22.96224,0,[33.001,61.06902]]],[218,[19.02133,21.03184,0,[32.001,58.92212]]],[261,[19.60801,21.34909,0,[32.001,59.93552]]],[321,[20.22088,22.67611,0,[33.001,61.00264]]],[374,[20.77884,22.694,0,[33.001,61.00887]]],[189,[20.13293,21.5563,0,[32.001,58.8506]]],[205,[20.25217,22.56014,0,[32.001,59.91985]]],[260,[20.80585,22.45932,0,[32.001,59.96824]]],[196,[20.7099,21.93738,0,[32.001,58.88444]]],[382,[20.50489,22.11873,0,[33.001,61.9854]]],[177,[16.5138,19.35199,0,[32.001,57.81954]]],[306,[21.86684,22.77114,0,[33.001,60.43925]]],[217,[21.31104,22.23854,0,[32.001,59.25459]]],[381,[21.37762,23.28258,0,[33.001,61.05307]]],[184,[19.15111,20.46955,0,[32.001,57.85455]]],[290,[21.93222,22.30268,0,[32.001,59.65536]]],[366,[22.45451,22.91043,0,[33.001,60.82907]]],[394,[19.88313,20.59105,0,[33.001,62.07117]]],[392,[21.89389,22.48111,0,[33.001,61.76787]]],[176,[20.50521,20.58875,0,[32.001,57.85788]]],[183,[22.45504,21.75385,0,[32.001,58.99295]]],[195,[21.91028,22.85012,0,[32.001,58.39962]]],[393,[21.1395,21.47057,0,[33.001,62.05318]]],[204,[23.02599,24.62534,0,[33.001,60.08129]]],[246,[23.04472,22.02299,0,[32.001,59.70758]]],[320,[24.10504,23.97786,0,[33.001,60.09615]]],[373,[23.60548,24.08305,0,[33.001,60.91008]]],[182,[21.25143,22.12378,0,[32.001,58.08071]]],[188,[22.97058,22.64472,0,[32.001,58.52913]]],[187,[23.55545,24.07032,0,[32.001,59.00067]]],[335,[23.02414,23.40146,0,[33.001,61.17201]]],[357,[24.35796,23.76009,0,[33.001,61.06356]]],[230,[24.09878,22.87074,0,[32.001,59.05758]]],[390,[24.03948,24.90438,0,[33.001,61.96641]]],[245,[24.86859,24.26729,0,[33.001,60.00334]]],[211,[22.4675,18.38278,0,[32.001,57.87515]]],[365,[24.91669,24.06754,0,[33.001,61.07859]]],[173,[24.64769,23.84047,0,[32.001,59.00816]]],[346,[25.46321,24.64759,0,[33.001,60.89695]]],[275,[25.03397,22.99547,0,[32.001,59.80286]]],[407,[23.38442,21.34802,0,[33.001,62.08197]]],[356,[25.3939,24.31341,0,[33.001,62.01867]]],[305,[26.07404,24.0022,0,[33.001,60.01224]]],[174,[24.06127,22.62047,0,[32.001,57.95616]]],[334,[26.0103,24.2399,0,[33.001,61.107]]],[164,[25.20168,23.40934,0,[32.001,58.66238]]],[319,[26.55254,24.82638,0,[33.001,60.76161]]],[194,[25.81994,24.49072,0,[32.001,59.04185]]],[395,[24.82281,20.50955,0,[33.001,62.1595]]],[289,[26.43796,23.49339,0,[32.001,59.97564]]],[391,[26.59986,23.75098,0,[33.001,61.90251]]],[167,[17.88037,20.47992,0,[32.001,57.8943]]],[175,[25.71345,22.12941,0,[32.001,57.95157]]],[181,[26.37766,23.62748,0,[32.001,58.89454]]],[380,[27.18975,24.88293,0,[33.001,60.96959]]],[406,[25.97692,22.02598,0,[33.001,62.21665]]],[155,[24.72158,21.64388,0,[32.001,57.90804]]],[163,[27.005,24.20205,0,[32.001,58.75661]]],[180,[27.53796,24.72372,0,[32.001,59.24218]]],[304,[27.77594,25.45052,0,[33.001,60.85835]]],[405,[27.26866,22.79108,0,[33.001,62.06011]]],[229,[28.37633,25.42592,0,[33.001,60.12252]]],[404,[28.89045,23.87477,0,[33.001,61.09379]]],[157,[26.51243,19.56368,0,[32.001,57.83308]]],[156,[23.48137,20.58313,0,[32.001,57.90096]]],[216,[28.38422,24.18987,0,[32.001,58.92785]]],[372,[28.34129,25.14576,0,[33.001,61.29657]]],[345,[28.92668,25.77638,0,[33.001,60.00846]]],[342,[29.02357,18.08695,0,[33.001,62.16032]]],[165,[27.94305,22.85682,0,[32.001,58.25558]]],[259,[28.96938,24.59608,0,[32.001,59.8771]]],[389,[29.46919,26.34299,0,[33.001,61.01981]]],[364,[29.984,25.77219,0,[33.001,60.45748]]],[376,[15.74345,20.18676,0,[33.001,62.16957]]],[402,[30.25152,26.49004,0,[33.001,61.45888]]],[215,[29.4915,25.21818,0,[32.001,59.27147]]],[333,[30.02072,24.97949,0,[32.001,59.53815]]],[417,[29.74172,24.74403,0,[33.001,62.06121]]],[379,[30.71611,26.28859,0,[33.001,60.56428]]],[152,[29.98834,25.21878,0,[32.001,58.33448]]],[141,[27.37854,21.95967,0,[32.001,57.94109]]],[162,[30.56067,26.27302,0,[32.001,59.08932]]],[355,[31.27725,26.44002,0,[33.001,60.08318]]],[423,[30.79054,20.96579,0,[33.001,61.67124]]],[274,[31.3358,24.5573,0,[32.001,59.82498]]],[153,[31.09912,24.47143,0,[32.001,58.84813]]],[179,[28.60735,25.72395,0,[32.001,57.90425]]],[388,[31.87883,27.82159,0,[33.001,60.91542]]],[416,[31.33253,26.19728,0,[33.001,61.16652]]],[288,[32.41761,26.35155,0,[33.001,60.1242]]],[415,[31.95251,27.58126,0,[33.001,62.00389]]],[172,[31.87966,25.77999,0,[32.001,59.0375]]],[318,[33.08236,26.24914,0,[33.001,60.94939]]],[351,[11.15503,18.09213,0,[33.001,62.03696]]],[166,[30.57831,22.72677,0,[32.001,57.98596]]],[244,[32.4522,25.12661,0,[32.001,59.87738]]],[371,[32.47708,26.52957,0,[33.001,61.20366]]],[258,[33.59838,26.53261,0,[33.001,60.5439]]],[154,[31.63956,23.44578,0,[32.001,58.05406]]],[202,[32.58387,26.60193,0,[32.001,58.81192]]],[151,[32.24442,25.67297,0,[32.001,57.94481]]],[378,[33.24789,27.17526,0,[33.001,61.99721]]],[421,[31.26086,21.85228,0,[33.001,62.26211]]],[228,[33.10202,25.54231,0,[32.001,59.39271]]],[243,[33.69346,25.97108,0,[32.001,59.97771]]],[317,[34.25698,27.46334,0,[33.001,61.07546]]],[420,[32.57379,22.85534,0,[33.001,62.28619]]],[142,[33.08695,21.95095,0,[32.001,58.1246]]],[138,[33.76058,25.52311,0,[32.001,58.88719]]],[150,[34.32185,27.26077,0,[32.001,58.9502]]],[303,[34.83529,27.16244,0,[33.001,60.0322]]],[139,[34.91211,25.14093,0,[32.001,58.94359]]],[168,[19.83238,19.41349,0,[32.001,57.86617]]],[419,[34.8091,24.27181,0,[33.001,61.12028]]],[171,[35.38618,28.37043,0,[33.001,60.03296]]],[414,[35.37203,29.49282,0,[33.001,61.12543]]],[136,[35.46952,27.6483,0,[32.001,59.97793]]],[363,[35.96322,27.67727,0,[33.001,61.06899]]],[127,[34.55714,23.31701,0,[32.001,57.944]]],[332,[33.83298,26.69725,0,[33.001,61.77526]]],[344,[36.55,27.77971,0,[33.001,61.16857]]],[126,[35.46293,24.55752,0,[32.001,58.88091]]],[193,[36.60466,28.19974,0,[33.001,60.07623]]],[137,[36.01831,26.48302,0,[32.001,58.98967]]],[302,[37.24158,28.00606,0,[33.001,60.24052]]],[370,[35.96948,27.75372,0,[33.001,62.17733]]],[418,[35.30013,25.145,0,[33.001,62.22409]]],[161,[36.63097,27.86393,0,[32.001,59.15337]]],[144,[31.11474,20.01961,0,[32.001,57.74729]]],[128,[35.14405,21.93481,0,[32.001,57.92307]]],[287,[37.3011,26.63819,0,[32.001,59.65509]]],[354,[37.84125,29.56458,0,[33.001,60.77278]]],[436,[34.68851,22.81007,0,[33.001,62.20171]]],[135,[37.16331,28.59313,0,[32.001,58.51532]]],[272,[38.60995,28.18963,0,[33.001,60.24712]]],[448,[38.39974,26.73675,0,[33.001,61.33297]]],[377,[37.18165,29.78016,0,[33.001,61.34274]]],[143,[33.97922,20.79346,0,[32.001,57.87802]]],[214,[37.85764,26.77467,0,[32.001,59.26141]]],[273,[39.18731,27.78131,0,[33.001,60.18528]]],[400,[39.03404,30.03684,0,[33.001,61.24311]]],[125,[36.50176,25.22083,0,[32.001,58.02922]]],[434,[37.73936,24.93976,0,[33.001,61.99378]]],[124,[38.65876,27.0355,0,[32.001,59.08818]]],[331,[39.71529,28.89645,0,[33.001,60.61202]]],[160,[39.19649,29.33171,0,[32.001,59.38169]]],[111,[38.20203,24.99711,0,[32.001,58.3558]]],[450,[38.8099,25.29408,0,[33.001,62.26113]]],[257,[39.78096,27.44814,0,[32.001,59.92382]]],[149,[39.7566,29.13948,0,[32.001,58.7883]]],[109,[39.32931,26.98309,0,[32.001,58.07941]]],[178,[40.30383,28.61775,0,[32.001,59.26698]]],[399,[40.21862,30.86025,0,[33.001,61.07533]]],[286,[40.78714,29.02268,0,[33.001,60.38241]]],[97,[40.2682,25.35659,0,[32.001,58.07888]]],[271,[41.43452,30.17887,0,[33.001,60.21517]]],[112,[35.8252,23.85592,0,[32.001,57.94017]]],[401,[39.59094,29.88963,0,[33.001,61.87787]]],[413,[41.23704,30.61976,0,[33.001,61.24095]]],[110,[40.84949,26.45151,0,[32.001,59.12109]]],[148,[41.42664,30.34187,0,[32.001,59.71672]]],[129,[37.66001,21.26178,0,[32.001,58.01678]]],[316,[41.93332,29.30174,0,[33.001,60.90154]]],[96,[41.3302,26.25614,0,[32.001,58.55959]]],[449,[40.70012,26.15804,0,[33.001,61.55079]]],[121,[41.87926,29.54286,0,[32.001,58.94632]]],[227,[42.46872,29.465,0,[33.001,60.02824]]],[447,[41.72308,27.40187,0,[33.001,62.00127]]],[387,[42.57073,30.04745,0,[33.001,61.10262]]],[170,[42.4699,28.82908,0,[32.001,59.32412]]],[95,[42.34693,27.07683,0,[32.001,58.21246]]],[140,[29.44731,23.29647,0,[32.001,57.9969]]],[403,[27.96512,25.19719,0,[33.001,62.12208]]],[255,[43.02298,31.05529,0,[33.001,60.45007]]],[242,[43.59336,29.63526,0,[33.001,60.0731]]],[134,[43.07411,30.30292,0,[32.001,58.98308]]],[301,[43.56952,30.18578,0,[33.001,61.17009]]],[330,[44.15827,30.56507,0,[33.001,60.28346]]],[412,[43.06438,30.9124,0,[33.001,61.79636]]],[94,[43.57824,27.82062,0,[32.001,58.06691]]],[386,[44.27601,32.26098,0,[33.001,61.36753]]],[159,[43.67624,31.2158,0,[32.001,59.17306]]],[466,[43.83077,25.84233,0,[33.001,62.15913]]],[256,[44.78988,30.34649,0,[33.001,60.08289]]],[114,[40.86596,22.77101,0,[32.001,57.94947]]],[132,[44.31824,31.91092,0,[32.001,58.98833]]],[427,[44.92435,32.45378,0,[33.001,61.1396]]],[131,[44.91568,33.30073,0,[32.001,59.9391]]],[315,[45.54956,31.57583,0,[33.001,61.01443]]],[82,[44.91286,26.86383,0,[32.001,58.83045]]],[83,[42.91935,25.71404,0,[32.001,57.92645]]],[443,[46.08349,31.93832,0,[33.001,60.71817]]],[463,[44.81114,27.31717,0,[33.001,62.22884]]],[80,[45.52254,28.65747,0,[32.001,59.61129]]],[462,[46.10696,28.73641,0,[33.00099,61.97147]]],[226,[46.24212,29.71913,0,[32.001,59.3098]]],[113,[38.76992,23.09905,0,[32.001,57.99827]]],[81,[45.72971,27.99009,0,[32.001,58.57772]]],[429,[42.31298,30.52468,0,[33.001,62.06498]]],[241,[46.6328,31.33178,0,[33.001,60.38417]]],[212,[46.89422,31.11914,0,[32.001,59.94866]]],[108,[46.8945,28.65302,0,[32.001,58.85939]]],[99,[44.33009,23.77615,0,[32.001,57.89323]]],[411,[47.2107,33.00526,0,[33.001,60.97602]]],[431,[46.715,29.30663,0,[33.001,61.59644]]],[398,[47.89932,32.93851,0,[33.001,60.49939]]],[213,[47.41397,29.19228,0,[32.001,59.33535]]],[67,[46.28035,27.40669,0,[32.001,58.0981]]],[432,[45.49369,28.71807,0,[33.001,62.12335]]],[441,[48.47768,33.96176,0,[33.001,60.58149]]],[201,[47.98969,32.02522,0,[32.001,59.40374]]],[123,[48.14134,28.22151,0,[32.001,58.2396]]],[440,[49.10044,35.79572,0,[33.001,60.50937]]],[442,[49.02258,32.6057,0,[33.001,61.61395]]],[93,[47.56073,28.70751,0,[32.001,58.23715]]],[428,[47.80694,31.60777,0,[33.001,61.59578]]],[122,[48.63377,29.95473,0,[32.001,59.4754]]],[456,[49.74023,34.5874,0,[33.001,61.07978]]],[68,[48.72607,27.40438,0,[32.001,58.33869]]],[225,[49.68109,33.32032,0,[32.89053,59.99998]]],[446,[47.31149,29.02407,0,[33.001,62.11134]]],[66,[49.30359,29.25916,0,[32.001,58.94438]]],[426,[50.38034,35.41713,0,[33.001,60.67188]]],[78,[49.81248,30.6882,0,[32.001,59.53506]]],[430,[48.40176,32.00171,0,[33.001,61.76569]]],[133,[50.90992,33.75574,0,[33.001,60.03283]]],[445,[50.3511,30.36686,0,[33.001,61.79385]]],[98,[41.80453,24.72026,0,[32.001,57.84348]]],[69,[47.00512,25.99769,0,[32.001,57.78636]]],[65,[50.4128,29.74676,0,[32.001,58.9345]]],[435,[41.02393,23.71138,0,[33.001,62.42566]]],[444,[51.07606,32.37847,0,[33.001,61.06363]]],[473,[51.58893,34.42887,0,[33.001,60.14338]]],[475,[51.63561,32.64349,0,[33.001,61.24352]]],[92,[50.9731,30.85241,0,[32.001,59.09573]]],[478,[49.652,29.25944,0,[33.001,62.16619]]],[52,[49.8471,28.80879,0,[32.001,58.29665]]],[397,[52.14783,34.25294,0,[33.001,60.13242]]],[457,[52.23765,33.55988,0,[33.001,61.2013]]],[91,[51.5561,30.43985,0,[32.001,59.06271]]],[158,[52.17627,36.76573,0,[32.001,59.86311]]],[477,[51.12485,30.1011,0,[33.001,62.14441]]],[50,[51.11895,29.7437,0,[32.001,58.01133]]],[410,[52.80209,36.47181,0,[33.001,60.99845]]],[77,[52.39676,30.24331,0,[32.001,58.88936]]],[107,[52.92162,30.78369,0,[32.001,59.38046]]],[84,[45.26118,25.58215,0,[32.001,57.96742]]],[451,[51.99139,24.91486,0,[33.001,62.1853]]],[192,[53.30556,36.69359,0,[33.001,60.43515]]],[106,[53.51857,31.29476,0,[32.001,58.91764]]],[38,[50.4429,29.23553,0,[32.001,57.84299]]],[130,[53.67795,39.27882,0,[32.43767,59.99998]]],[461,[53.37352,30.7805,0,[33.001,61.743]]],[472,[54.4365,35.88617,0,[33.001,60.71212]]],[79,[52.96273,29.31232,0,[32.001,58.25234]]],[502,[53.8633,36.83331,0,[33.001,61.06612]]],[120,[54.01203,32.03729,0,[32.001,59.5002]]],[90,[54.64661,32.34069,0,[32.001,59.29258]]],[476,[54.66526,32.17473,0,[33.001,61.76271]]],[63,[54.12607,31.00872,0,[32.001,58.304]]],[408,[22.65023,19.61448,0,[33.001,61.9917]]],[53,[49.25707,27.49982,0,[32.001,57.85004]]],[285,[55.01823,32.07625,0,[33.001,60.44971]]],[76,[55.39434,32.0519,0,[32.001,58.84684]]],[458,[55.23844,34.23838,0,[33.001,61.70625]]],[115,[55.24937,40.3512,0,[32.001,59.88752]]],[471,[55.64321,37.49033,0,[33.001,60.97614]]],[51,[51.80204,29.15263,0,[32.001,58.07655]]],[104,[55.99279,32.5502,0,[32.001,59.00708]]],[49,[54.79403,30.3253,0,[32.001,58.16295]]],[240,[56.3242,34.03126,0,[33.001,60.06321]]],[460,[56.26397,32.88842,0,[33.001,61.15199]]],[118,[56.46132,34.61884,0,[32.001,59.97364]]],[487,[56.88865,35.94506,0,[33.001,61.07711]]],[64,[56.2111,30.50852,0,[32.001,57.99344]]],[455,[57.04886,38.09668,0,[32.001,59.99923]]],[105,[56.64368,32.1203,0,[32.001,58.94989]]],[491,[57.47163,34.48735,0,[33.001,61.05227]]],[479,[54.11178,29.1186,0,[33.001,62.0701]]],[119,[57.29829,32.81703,0,[32.001,58.9994]]],[54,[52.44151,27.77513,0,[32.001,57.79322]]],[516,[58.01885,39.8936,0,[33.001,60.77147]]],[103,[57.86148,33.82342,0,[32.001,58.77664]]],[25,[55.59809,30.5006,0,[32.001,57.84052]]],[145,[57.84082,41.08167,0,[32.001,59.88201]]],[464,[56.73207,27.55871,0,[33.001,62.1341]]],[530,[58.58464,39.32561,0,[33.001,60.99751]]],[485,[59.01628,40.08485,0,[33.001,60.30067]]],[102,[58.41417,36.66441,0,[32.001,59.20028]]],[48,[57.49529,32.40196,0,[32.001,57.91882]]],[459,[59.49502,34.0961,0,[33.001,61.12645]]],[508,[57.51153,32.32778,0,[33.001,62.14197]]],[75,[59.00262,33.10801,0,[32.001,59.01999]]],[343,[59.62031,35.12097,0,[33.001,60.06579]]],[35,[58.30057,32.45357,0,[32.001,58.01392]]],[474,[60.22256,35.73062,0,[33.001,60.45264]]],[493,[58.25343,30.18599,0,[33.001,61.93964]]],[56,[59.60416,39.44015,0,[32.001,59.37896]]],[34,[59.44991,33.3035,0,[32.001,58.25787]]],[503,[60.26215,37.22565,0,[32.001,59.96069]]],[489,[60.81978,36.16176,0,[33.001,61.08879]]],[521,[59.00072,33.13409,0,[33.001,61.84516]]],[88,[60.13233,34.58266,0,[32.001,58.8917]]],[185,[60.72033,33.74838,0,[32.001,59.32692]]],[37,[53.54626,29.76842,0,[32.001,57.81786]]],[517,[61.34085,39.28613,0,[33.001,60.54335]]],[490,[60.24967,34.86611,0,[33.001,61.56736]]],[425,[61.57243,39.22876,0,[32.46193,59.99998]]],[87,[61.28992,36.50173,0,[32.001,58.90754]]],[24,[58.87961,31.05501,0,[32.001,57.94539]]],[532,[61.54343,36.51432,0,[33.001,61.70153]]],[542,[62.01222,40.56651,0,[33.001,61.04973]]],[21,[61.91107,34.55461,0,[32.001,58.12017]]],[528,[62.44616,41.46314,0,[33.001,60.30354]]],[480,[52.78383,28.07974,0,[33.001,62.12545]]],[550,[62.77854,40.13055,0,[33.001,61.21046]]],[36,[56.85485,30.56147,0,[32.001,57.93491]]],[147,[61.85223,34.99567,0,[32.001,59.22807]]],[270,[63.00064,36.6687,0,[33.001,60.13156]]],[509,[60.90305,30.65295,0,[33.001,62.18096]]],[507,[63.4057,36.78716,0,[33.001,60.98035]]],[57,[62.41708,38.44843,0,[32.001,59.02681]]],[71,[62.97429,39.31108,0,[32.001,59.09704]]],[506,[63.74181,38.40974,0,[33.001,60.0348]]],[514,[64.10884,48.1936,0,[33.001,61.01798]]],[522,[62.3531,33.65145,0,[33.001,62.01115]]],[72,[63.57783,36.76248,0,[32.001,58.98056]]],[169,[63.80381,34.94453,0,[32.001,59.99835]]],[89,[63.10802,33.7044,0,[32.001,58.01162]]],[549,[64.72507,46.92745,0,[33.001,60.84523]]],[41,[64.25524,42.20112,0,[32.001,59.33561]]],[553,[63.16993,39.11628,0,[33.001,62.08812]]],[47,[64.3101,33.56565,0,[32.001,58.22753]]],[62,[60.64294,32.48365,0,[32.001,58.13004]]],[486,[65.1537,41.05081,0,[33.001,60.12643]]],[60,[64.8027,34.81643,0,[32.001,59.02501]]],[538,[64.58813,42.19637,0,[33.001,61.92538]]],[500,[65.20769,42.7421,0,[32.001,59.77849]]],[513,[65.5537,48.86945,0,[33.001,60.91917]]],[23,[62.47858,33.64774,0,[32.001,57.92863]]],[33,[64.8569,34.48884,0,[32.001,57.90678]]],[61,[65.89275,34.10353,0,[32.001,58.80088]]],[73,[65.7578,36.55337,0,[32.001,59.87096]]],[484,[65.21484,44.5222,0,[33.001,61.80085]]],[59,[66.3885,36.08354,0,[32.001,59.61844]]],[470,[66.784,42.8218,0,[33.001,60.71764]]],[39,[63.77451,30.60239,0,[32.001,57.9423]]],[42,[66.71068,39.29143,0,[32.001,58.71881]]],[488,[66.13546,40.77626,0,[33.001,60.9564]]],[300,[66.98398,38.25826,0,[32.001,59.80864]]],[504,[67.38072,38.6972,0,[33.001,60.88657]]],[545,[66.60372,41.18764,0,[33.001,61.81707]]],[27,[67.35281,42.31211,0,[32.001,58.93056]]],[46,[65.35665,34.40547,0,[32.001,58.4728]]],[501,[67.60285,43.14302,0,[32.001,59.95379]]],[526,[67.94457,49.46359,0,[33.001,61.0165]]],[146,[67.95404,36.97096,0,[32.001,59.06932]]],[527,[68.71116,52.44324,0,[33.001,60.03037]]],[554,[67.24266,48.47703,0,[33.001,61.97087]]],[22,[66.26218,34.01216,0,[32.001,57.97131]]],[40,[67.83537,44.93162,0,[32.001,57.98332]]],[499,[68.51189,47.04514,0,[33.001,61.05721]]],[101,[68.74391,46.61074,0,[32.001,59.89563]]],[454,[65.90474,43.85578,0,[33.001,62.06305]]],[541,[69.41187,45.65291,0,[33.001,60.96137]]],[55,[68.49494,44.8966,0,[32.001,58.92647]]],[31,[67.11833,35.36062,0,[32.001,57.91951]]],[100,[69.2933,46.60244,0,[32.001,59.98018]]],[551,[63.85275,43.3317,0,[33.001,62.01133]]],[546,[70.09738,51.55672,0,[33.001,61.05881]]],[117,[69.6655,42.99698,0,[32.001,58.9934]]],[85,[70.36157,53.26855,0,[33.001,60.04813]]],[116,[69.05042,44.30537,0,[32.001,58.80631]]],[438,[70.62536,43.55239,0,[33.001,61.92066]]],[494,[68.56976,31.61609,0,[33.001,62.14189]]],[86,[70.31492,47.09126,0,[32.001,59.42778]]],[505,[70.7623,41.41004,0,[33.001,60.7971]]],[511,[71.28638,43.15452,0,[33.001,61.15779]]],[497,[69.13555,48.21809,0,[33.001,61.88204]]],[19,[70.13922,37.73429,0,[32.001,58.22993]]],[515,[71.26963,46.80578,0,[33.001,60.04485]]],[44,[70.80487,37.77083,0,[32.001,58.9333]]],[539,[71.8194,47.57033,0,[33.001,60.03095]]],[433,[36.7332,26.73878,0,[33.001,62.22306]]],[531,[72.31459,48.24818,0,[33.001,60.57577]]],[9,[71.34935,40.16444,0,[32.001,58.89996]]],[28,[71.85172,41.71253,0,[32.001,59.41069]]],[29,[69.43498,37.50991,0,[32.001,57.94099]]],[540,[72.82452,45.29117,0,[33.001,60.01504]]],[452,[69.83018,45.10992,0,[33.001,62.03976]]],[16,[72.58955,44.22327,0,[32.001,59.04298]]],[0,[70.71953,38.94311,0,[32.001,57.85698]]],[30,[72.04842,38.86562,0,[32.001,58.37514]]],[424,[72.76764,44.00675,0,[33.001,61.32125]]],[512,[71.84283,46.51076,0,[33.001,61.16323]]],[409,[73.27699,47.86666,0,[33.001,60.66871]]],[469,[73.056,50.55623,0,[32.001,59.66815]]],[483,[73.83147,47.98282,0,[33.001,61.00863]]],[45,[68.57948,35.21343,0,[32.001,57.83767]]],[520,[59.74269,37.78357,0,[33.001,62.109]]],[498,[74.11703,47.97986,0,[33.001,60.08149]]],[20,[73.16315,37.89325,0,[32.001,58.42043]]],[74,[73.69395,37.5406,0,[32.001,59.00729]]],[552,[74.50134,47.97131,0,[33.001,61.03995]]],[482,[72.28349,45.44379,0,[33.001,61.98566]]],[519,[74.74749,44.67507,0,[33.001,60.05175]]],[437,[74.73701,41.48818,0,[33.001,62.0457]]],[7,[74.29707,42.42373,0,[32.001,58.97223]]],[535,[74.07446,41.4107,0,[33.001,62.00228]]],[536,[75.22101,50.10802,0,[33.001,60.81102]]],[1,[73.79803,42.40323,0,[32.001,57.9239]]],[58,[74.90681,39.5795,0,[32.001,59.75303]]],[534,[75.83835,48.16328,0,[33.001,61.22921]]],[18,[74.89406,40.80229,0,[32.001,58.64183]]],[14,[61.38274,32.52739,0,[32.001,57.81551]]],[465,[75.93138,45.70303,0,[33.001,60.13541]]],[43,[75.55487,39.14803,0,[32.001,59.10262]]],[537,[76.01855,50.08553,0,[32.001,59.9493]]],[481,[76.49523,47.47042,0,[33.001,61.05038]]],[492,[55.91527,31.77607,0,[33.001,62.0436]]],[3,[75.39536,40.05182,0,[32.001,58.01459]]],[4,[72.6311,38.88069,0,[32.001,57.92898]]],[529,[76.60629,49.34249,0,[32.001,59.33282]]],[467,[77.05065,50.08815,0,[33.001,60.61949]]],[495,[75.39577,45.27539,0,[33.001,61.96091]]],[518,[77.59265,47.75595,0,[33.001,60.11972]]],[533,[77.03947,44.31871,0,[33.001,61.86879]]],[510,[78.08222,49.39909,0,[33.001,60.64843]]],[10,[74.44547,36.90711,0,[32.001,57.89856]]],[2,[76.09659,42.62531,0,[32.001,58.86045]]],[17,[77.27312,43.46774,0,[32.001,58.99975]]],[15,[77.83577,40.20367,0,[32.001,59.50321]]],[525,[77.67542,46.73457,0,[33.001,61.52671]]],[523,[76.32838,44.28604,0,[33.001,62.0997]]],[32,[77.85096,38.43206,0,[32.001,58.23916]]],[453,[78.661,52.25291,0,[33.001,60.59173]]],[12,[59.97952,33.73077,0,[32.001,57.82871]]],[439,[67.90471,40.38264,0,[33.001,62.12405]]],[70,[78.40237,48.25449,0,[32.001,59.32325]]],[524,[79.29489,52.50071,0,[33.001,60.35382]]],[6,[78.61646,41.65314,0,[32.001,58.21154]]],[422,[79.14401,49.10894,0,[33.001,61.58492]]],[548,[79.11774,48.41748,0,[32.001,59.18621]]],[5,[76.26716,37.6914,0,[32.001,57.82656]]],[468,[71.52756,44.03754,0,[33.001,62.19342]]],[496,[80.00972,49.93895,0,[33.001,60.19638]]],[26,[76.89102,37.11231,0,[32.001,58.16543]]],[547,[78.43473,40.23049,0,[33.001,61.784]]],[8,[80.06526,44.35074,0,[32.001,59.34642]]],[544,[79.87328,43.3493,0,[33.001,61.45616]]],[11,[71.53288,38.33668,0,[32.001,57.8699]]],[353,[73.33914,39.81009,0,[33.001,61.90409]]],[13,[79.54442,41.19033,0,[32.001,58.36023]]],[543,[80.71558,51.08467,0,[33.001,60.81849]]]
1:[299,[34.16645,68.2927,0,[88.001,60.32646]]],[314,[34.20353,68.35051,0,[88.001,61.51548]]],[284,[33.67891,67.29546,0,[87.001,59.1506]]],[298,[34.82162,69.43197,0,[88.001,60.95485]]],[283,[34.28493,68.44892,0,[87.001,59.82896]]],[329,[34.75408,68.52458,0,[88.001,62.12913]]],[269,[33.93816,67.40207,0,[87.001,58.11044]]],[268,[34.47316,68.54712,0,[87.001,58.78453]]],[297,[35.3455,70.495,0,[88.001,60.20994]]],[313,[35.35796,69.62093,0,[88.001,61.83826]]],[312,[35.76688,70.70543,0,[88.001,61.0736]]],[282,[35.12526,69.52774,0,[87.001,59.11645]]],[296,[36.00715,71.58324,0,[88.001,60.03344]]],[253,[34.90199,68.78561,0,[87.001,58.00528]]],[326,[36.33032,71.60242,0,[88.001,61.58204]]],[266,[35.89006,70.90122,0,[87.001,59.12982]]],[311,[36.59107,71.81857,0,[88.001,60.50958]]],[267,[35.65043,69.69198,0,[87.001,58.1203]]],[281,[36.42812,70.66054,0,[87.001,59.60016]]],[340,[37.10397,71.99717,0,[88.001,61.04392]]],[327,[36.91727,70.76689,0,[88.001,62.08107]]],[325,[37.42561,72.81699,0,[88.001,60.15963]]],[252,[36.81206,70.08437,0,[87.001,58.80088]]],[254,[36.44036,67.86739,0,[87.001,58.00186]]],[339,[37.73798,73.30286,0,[88.001,61.51836]]],[265,[37.29747,72.01982,0,[87.001,59.33223]]],[295,[38.06342,72.67767,0,[88.001,60.40361]]],[236,[37.39008,71.51908,0,[87.001,58.11085]]],[250,[37.8585,72.26307,0,[87.001,59.21727]]],[310,[38.48313,73.14818,0,[88.001,61.13383]]],[328,[38.35815,70.12646,0,[88.001,62.21159]]],[280,[38.70264,72.84151,0,[88.001,60.11182]]],[294,[39.16507,73.834,0,[88.001,60.76794]]],[235,[38.32413,72.40726,0,[87.001,58.65111]]],[264,[38.67961,73.03741,0,[87.001,59.58196]]],[352,[39.13932,72.45616,0,[88.001,61.87932]]],[279,[39.22238,73.05305,0,[87.001,59.99339]]],[309,[39.75666,74.20607,0,[88.001,61.10519]]],[234,[39.02836,73.26377,0,[87.001,58.73214]]],[251,[38.66579,71.38013,0,[87.001,57.79856]]],[324,[39.98305,73.84855,0,[88.001,62.18276]]],[221,[39.58888,72.81911,0,[87.001,59.06091]]],[249,[40.27868,74.45501,0,[88.001,60.17562]]],[293,[40.36445,75.0061,0,[88.001,61.29119]]],[222,[39.42082,71.83773,0,[87.001,57.93627]]],[233,[40.19538,74.21741,0,[87.001,59.36603]]],[263,[40.84268,75.20648,0,[88.001,60.65818]]],[209,[40.08937,72.96335,0,[87.001,58.15706]]],[360,[40.8899,74.67572,0,[88.001,62.00045]]],[248,[40.75745,74.49754,0,[87.001,59.93571]]],[350,[41.33363,74.636,0,[88.001,61.1689]]],[220,[40.72979,73.62289,0,[87.001,58.84133]]],[338,[41.74996,74.7275,0,[88.001,60.41938]]],[219,[41.26464,74.78284,0,[87.001,59.15404]]],[361,[41.65612,74.25933,0,[88.001,62.08055]]],[349,[42.12738,75.68389,0,[88.001,61.21619]]],[278,[41.7266,74.32826,0,[87.001,59.85418]]],[238,[40.90054,70.34067,0,[87.001,57.80746]]],[239,[41.50024,69.53316,0,[87.001,58.06701]]],[210,[41.93406,73.56889,0,[87.001,58.81118]]],[369,[42.65474,74.20996,0,[88.001,60.58761]]],[368,[42.52408,75.21428,0,[88.001,61.99022]]],[323,[42.36871,74.17399,0,[87.001,59.57456]]],[341,[43.02023,72.20885,0,[88.001,61.40346]]],[232,[42.73639,75.57242,0,[87.001,58.73244]]],[262,[42.95467,75.21211,0,[87.001,59.76224]]],[237,[42.34331,71.90771,0,[87.001,57.95371]]],[375,[43.53029,76.42388,0,[88.001,60.84321]]],[362,[43.52356,75.069,0,[88.001,61.95793]]],[207,[43.36805,75.64497,0,[87.001,58.91314]]],[199,[43.58669,74.14658,0,[87.001,59.92267]]],[337,[44.11803,76.02894,0,[88.001,61.01911]]],[208,[43.17918,74.59896,0,[87.001,57.87728]]],[322,[44.62748,76.29282,0,[88.001,60.47602]]],[247,[44.04747,75.64175,0,[87.001,59.20858]]],[359,[44.11317,76.13506,0,[88.001,62.12642]]],[223,[43.91108,71.84183,0,[87.001,58.08166]]],[308,[44.57881,74.78922,0,[87.001,59.7573]]],[383,[44.72092,76.23832,0,[88.001,61.69082]]],[348,[45.21328,76.72186,0,[88.001,60.99794]]],[198,[44.58261,75.47887,0,[87.001,58.58126]]],[307,[45.60493,76.81784,0,[88.001,60.12172]]],[197,[45.14443,76.23772,0,[87.001,59.00806]]],[385,[45.45969,74.21461,0,[88.001,62.10226]]],[367,[45.84637,76.25529,0,[88.001,61.12142]]],[292,[45.63094,75.51792,0,[87.001,59.60254]]],[200,[45.01316,74.45089,0,[87.001,57.8839]]],[336,[46.42107,77.07236,0,[88.001,60.73922]]],[191,[45.60294,75.36362,0,[87.001,58.06728]]],[396,[46.31543,74.05936,0,[88.001,61.89339]]],[231,[46.05875,76.66432,0,[87.001,58.68485]]],[277,[46.20223,75.63262,0,[87.001,59.78262]]],[291,[47.0409,77.25374,0,[88.001,60.75739]]],[190,[46.68954,76.21044,0,[87.001,59.17181]]],[384,[46.94684,75.87662,0,[88.001,61.85567]]],[276,[47.51298,77.70645,0,[88.001,60.16149]]],[224,[46.61338,72.12224,0,[87.001,58.04313]]],[358,[47.5958,77.17604,0,[88.001,61.71095]]],[206,[47.37408,76.30354,0,[87.001,59.27243]]],[347,[47.97609,78.01918,0,[88.001,60.85916]]],[218,[47.30831,76.21617,0,[87.001,58.15918]]],[261,[48.34417,77.40213,0,[88.001,60.00495]]],[321,[48.35288,77.78819,0,[88.001,61.95496]]],[374,[48.6794,77.7378,0,[88.001,61.02736]]],[189,[48.02183,76.70935,0,[87.001,58.95482]]],[205,[48.40155,77.65517,0,[87.001,59.94354]]],[260,[49.31173,78.522,0,[88.001,60.67588]]],[196,[48.62253,77.0112,0,[87.001,58.90984]]],[382,[49.24619,77.42493,0,[88.001,61.84915]]],[177,[48.22132,75.48627,0,[87.001,57.9252]]],[306,[49.79923,77.87642,0,[88.001,60.07685]]],[217,[49.18082,77.26102,0,[87.001,58.96397]]],[381,[49.85599,78.4025,0,[88.001,61.17256]]],[184,[49.03219,75.92249,0,[87.001,57.88528]]],[290,[49.76849,77.3548,0,[87.001,59.06925]]],[366,[50.39215,78.0761,0,[88.001,60.11661]]],[394,[50.12409,75.98487,0,[88.001,62.14999]]],[392,[50.51191,77.71104,0,[88.001,61.17441]]],[176,[49.69477,76.01268,0,[87.001,57.9734]]],[183,[50.99729,77.90929,0,[88.001,60.07436]]],[195,[50.3465,78.01764,0,[87.001,59.01064]]],[393,[50.93618,76.93879,0,[88.001,62.10675]]],[204,[51.1963,79.72821,0,[88.001,61.10077]]],[246,[50.93878,77.09691,0,[87.001,59.38962]]],[320,[51.45614,77.98699,0,[87.001,59.88831]]],[373,[51.73883,79.10071,0,[88.001,60.89908]]],[182,[50.46007,77.49658,0,[87.001,57.93794]]],[188,[51.04793,77.69778,0,[87.001,58.07651]]],[187,[51.47927,79.17486,0,[87.001,58.77691]]],[335,[51.67996,78.49284,0,[88.001,62.03144]]],[357,[52.40194,78.799,0,[88.001,60.65031]]],[230,[51.94773,77.90147,0,[87.001,59.38169]]],[390,[52.31411,80.00156,0,[88.001,61.7676]]],[245,[52.45105,78.28584,0,[87.001,59.85074]]],[211,[51.82357,74.20145,0,[87.001,57.91311]]],[365,[52.94758,79.26015,0,[88.001,60.98847]]],[173,[52.31705,78.88246,0,[87.001,58.50635]]],[346,[53.44354,79.67625,0,[88.001,60.53348]]],[275,[52.90809,78.01978,0,[87.001,59.20658]]],[407,[52.97735,77.11639,0,[88.001,62.0962]]],[356,[53.58279,79.41384,0,[88.001,61.85999]]],[305,[53.42586,78.02977,0,[87.001,59.99363]]],[174,[52.9221,77.88997,0,[87.001,58.05244]]],[334,[53.98825,79.35713,0,[88.001,61.11366]]],[164,[53.51175,78.63284,0,[87.001,58.91006]]],[319,[54.46373,79.86907,0,[88.001,60.56393]]],[194,[54.00509,79.55116,0,[87.001,59.4439]]],[395,[54.36483,75.90873,0,[88.001,62.0027]]],[289,[54.96815,79.53485,0,[88.001,60.09747]]],[391,[54.86478,78.88447,0,[88.001,61.38123]]],[167,[53.65205,77.95631,0,[87.001,57.85491]]],[175,[54.22966,77.38751,0,[87.001,58.41944]]],[181,[54.72092,78.7747,0,[87.001,59.1086]]],[380,[55.43348,79.9166,0,[88.001,61.0477]]],[186,[55.31495,80.81866,0,[87.48105,59.99997]]],[406,[55.39428,77.36765,0,[88.001,62.16106]]],[155,[54.71197,77.03567,0,[87.001,57.85644]]],[163,[55.20591,79.33305,0,[87.001,58.37423]]],[180,[55.50063,79.79762,0,[87.001,59.31575]]],[304,[56.09521,80.49523,0,[88.001,60.73538]]],[405,[56.03387,78.01865,0,[88.001,61.83307]]],[229,[55.97495,79.48256,0,[87.001,59.93961]]],[404,[56.76736,78.91928,0,[88.001,60.90611]]],[157,[55.9927,75.44625,0,[87.001,58.77024]]],[156,[55.72034,76.67512,0,[87.001,57.81286]]],[216,[56.45926,79.23763,0,[87.001,59.39337]]],[372,[56.66243,80.22225,0,[88.001,62.01564]]],[345,[57.26007,80.80943,0,[88.001,60.34581]]],[342,[57.27941,73.38985,0,[88.001,61.64346]]],[165,[56.50512,77.97464,0,[87.001,58.09541]]],[259,[57.00852,79.68673,0,[87.001,59.13543]]],[389,[57.77637,81.45903,0,[88.001,60.8896]]],[364,[57.46013,79.8557,0,[87.001,59.83568]]],[376,[57.90654,84.7076,0,[88.001,61.98542]]],[203,[57.25129,80.34251,0,[87.001,58.12276]]],[402,[58.35609,81.63139,0,[88.001,60.83187]]],[215,[57.76008,80.23328,0,[87.001,58.91878]]],[333,[58.09994,79.99183,0,[87.001,59.80453]]],[417,[58.52731,80.02968,0,[88.001,61.92397]]],[379,[58.92456,81.3316,0,[88.001,60.69988]]],[152,[58.32886,80.33283,0,[87.001,58.62373]]],[141,[57.86941,77.54709,0,[87.001,57.83691]]],[162,[58.66587,81.35731,0,[87.001,59.51459]]],[355,[59.46516,81.50586,0,[88.001,60.926]]],[423,[59.13559,76.19095,0,[88.001,61.8344]]],[274,[59.19009,79.60227,0,[87.001,59.90543]]],[153,[59.28041,79.55304,0,[87.001,58.81435]]],[179,[58.80407,81.15273,0,[87.001,58.04247]]],[388,[60.06828,82.84094,0,[88.001,60.98418]]],[416,[59.83075,81.31081,0,[88.001,62.005]]],[288,[59.88274,80.54836,0,[87.18011,59.99997]]],[415,[60.66744,82.72919,0,[88.001,61.03579]]],[172,[59.89134,80.87077,0,[87.001,58.93042]]],[318,[60.88354,81.3139,0,[88.001,60.01703]]],[351,[60.52434,85.86398,0,[88.001,62.11871]]],[166,[59.66582,78.12653,0,[87.001,57.92222]]],[244,[60.47323,80.16874,0,[87.001,58.96914]]],[371,[61.18737,81.57882,0,[88.001,61.51958]]],[258,[61.43493,81.57554,0,[88.001,60.46627]]],[154,[60.31538,78.68369,0,[87.001,57.91656]]],[202,[61.01285,81.74965,0,[87.001,59.32853]]],[151,[60.96912,80.97215,0,[87.001,58.12118]]],[378,[61.92085,82.34478,0,[88.001,61.03497]]],[421,[61.75339,77.46876,0,[88.001,62.08123]]],[228,[61.57225,80.58127,0,[87.001,59.0268]]],[243,[62.21437,82.01812,0,[88.001,60.08944]]],[317,[62.62514,82.58755,0,[88.001,60.9586]]],[420,[62.4335,78.2737,0,[88.001,62.00538]]],[142,[61.63313,77.11948,0,[87.001,57.9353]]],[138,[62.15495,80.6183,0,[87.001,59.01846]]],[150,[62.62756,82.79288,0,[87.45053,59.99999]]],[303,[63.24677,82.21072,0,[88.001,60.9519]]],[139,[62.75607,80.18884,0,[87.001,58.9756]]],[168,[62.33709,80.97948,0,[87.001,57.9693]]],[419,[63.19761,79.39648,0,[88.001,62.05543]]],[171,[63.00669,82.42105,0,[87.001,59.95651]]],[414,[63.81939,84.55477,0,[88.001,61.08717]]],[136,[63.40768,82.70229,0,[87.001,59.02961]]],[363,[64.08279,82.7279,0,[88.001,60.11779]]],[127,[62.99317,78.39941,0,[87.001,57.96538]]],[332,[64.08781,81.94433,0,[88.001,62.09954]]],[344,[64.52055,82.88267,0,[88.001,61.16961]]],[126,[63.62544,79.67235,0,[87.001,58.02545]]],[193,[64.63496,83.23777,0,[88.001,60.09736]]],[137,[64.16034,81.56597,0,[87.001,59.00282]]],[302,[65.19158,83.05056,0,[88.001,60.04851]]],[370,[65.15705,83.0967,0,[88.001,61.13591]]],[418,[64.84227,80.52967,0,[88.001,62.09147]]],[161,[64.83037,82.90354,0,[87.001,59.00239]]],[144,[64.22398,76.21693,0,[87.001,57.91438]]],[128,[64.81835,77.55201,0,[87.001,57.91203]]],[287,[65.25948,81.68858,0,[87.001,59.93371]]],[354,[65.80525,84.65963,0,[88.001,61.05984]]],[436,[65.58099,78.25932,0,[88.001,62.05818]]],[135,[65.51927,83.68732,0,[87.001,58.98259]]],[272,[65.83173,82.24287,0,[87.001,59.96384]]],[448,[66.36822,81.84539,0,[88.001,61.0258]]],[377,[66.2417,84.86901,0,[88.001,62.10957]]],[143,[65.39335,77.42624,0,[87.001,57.9102]]],[214,[66.12843,81.80418,0,[87.001,59.00814]]],[273,[66.45811,81.79067,0,[87.001,59.88701]]],[400,[66.92973,85.0746,0,[88.001,60.93745]]],[125,[66.02251,80.42953,0,[87.001,57.93495]]],[434,[66.96742,80.17738,0,[88.001,62.02889]]],[124,[66.79221,82.11252,0,[87.001,58.95869]]],[331,[67.49592,83.92843,0,[88.001,61.00142]]],[160,[67.08382,84.38105,0,[87.001,59.90225]]],[111,[66.68024,80.05607,0,[87.001,57.8861]]],[450,[67.68506,80.55929,0,[88.001,62.05297]]],[257,[68.04522,83.4704,0,[88.001,60.64967]]],[149,[67.53959,84.1873,0,[87.001,59.25528]]],[109,[67.34849,82.14978,0,[87.001,58.19133]]],[178,[68.54521,84.66272,0,[88.001,60.0096]]],[399,[68.28874,85.9237,0,[88.001,61.77993]]],[286,[68.71891,84.08035,0,[88.001,61.04832]]],[97,[68.22315,80.53519,0,[87.001,58.97915]]],[271,[69.11784,85.19818,0,[88.001,60.01086]]],[112,[67.97762,80.09993,0,[87.001,57.99787]]],[401,[69.08673,85.29443,0,[88.001,61.95009]]],[413,[69.39329,85.69814,0,[88.001,60.99879]]],[110,[68.86885,81.48399,0,[87.001,59.00302]]],[148,[69.21517,85.36821,0,[87.001,59.87282]]],[129,[68.6621,77.70448,0,[87.001,57.97321]]],[316,[69.97266,84.32215,0,[88.001,60.87446]]],[96,[69.34116,81.33527,0,[87.001,58.25673]]],[449,[69.87581,81.35399,0,[88.001,61.96629]]],[121,[69.69791,84.61024,0,[87.001,59.21222]]],[227,[70.42531,84.49718,0,[88.001,60.22916]]],[447,[70.50681,82.56467,0,[88.001,61.61026]]],[387,[70.96305,85.22253,0,[88.001,60.71366]]],[170,[70.39708,83.89039,0,[87.001,59.56113]]],[95,[70.40401,82.18636,0,[87.001,58.45028]]],[140,[69.88808,83.50182,0,[87.001,58.0302]]],[403,[71.13235,85.86649,0,[88.001,61.8088]]],[255,[71.49998,86.14496,0,[88.001,60.51421]]],[242,[71.09274,83.75967,0,[87.001,59.34309]]],[134,[70.98721,85.3755,0,[87.001,58.1503]]],[301,[71.9957,85.25217,0,[88.001,61.1366]]],[330,[72.10174,85.64437,0,[88.001,60.0452]]],[412,[71.73798,86.14748,0,[88.001,62.11477]]],[94,[71.63274,82.97922,0,[87.001,58.80519]]],[386,[72.59663,87.44269,0,[88.001,60.90089]]],[159,[72.09856,86.28658,0,[87.001,59.62294]]],[466,[72.55439,81.09851,0,[88.001,62.01104]]],[256,[73.07595,85.37363,0,[88.001,60.35503]]],[114,[72.0228,78.3455,0,[87.001,58.02258]]],[132,[72.52003,86.98634,0,[87.001,58.93782]]],[427,[73.21971,87.54604,0,[88.001,61.83988]]],[131,[72.99383,88.35796,0,[87.001,59.61506]]],[315,[73.57786,86.62665,0,[88.001,60.97637]]],[82,[73.19594,82.01127,0,[87.001,58.5127]]],[83,[72.69305,81.1738,0,[87.001,57.88943]]],[443,[74.03356,86.9984,0,[88.001,60.3219]]],[463,[74.02803,82.97355,0,[88.001,61.79596]]],[80,[73.69157,83.79298,0,[87.001,59.25499]]],[462,[74.48946,83.86234,0,[88.001,60.98943]]],[226,[74.23376,84.76823,0,[87.001,59.98161]]],[113,[73.76567,80.84241,0,[87.001,58.0262]]],[81,[74.26403,83.4251,0,[87.001,58.8733]]],[429,[74.77394,86.63826,0,[88.001,61.9726]]],[241,[75.10054,86.37562,0,[88.001,60.96238]]],[212,[75.39095,87.19263,0,[88.001,60.02443]]],[108,[74.88088,83.75865,0,[87.001,58.91566]]],[99,[74.58132,79.15623,0,[87.001,57.93853]]],[411,[75.75157,88.07328,0,[88.001,61.03809]]],[431,[75.47771,84.5078,0,[88.001,62.03405]]],[398,[76.02624,88.04017,0,[88.001,60.04855]]],[213,[75.51166,84.23997,0,[87.001,59.00132]]],[67,[75.28658,82.77221,0,[87.001,57.9896]]],[432,[76.1804,84.69095,0,[88.001,62.04443]]],[441,[76.42435,89.1041,0,[88.001,61.05085]]],[201,[76.61233,88.07724,0,[88.001,60.02924]]],[123,[76.12873,83.28458,0,[87.001,58.92937]]],[440,[77.18565,90.84671,0,[88.001,60.03504]]],[442,[77.08699,87.74163,0,[88.001,61.09327]]],[93,[75.92696,83.79926,0,[87.001,57.90233]]],[428,[76.83869,86.72501,0,[88.001,62.07862]]],[122,[76.67949,84.99986,0,[87.001,58.95253]]],[456,[77.69362,89.73149,0,[88.001,60.86916]]],[68,[76.59344,82.55443,0,[87.001,57.87114]]],[225,[77.23889,87.46227,0,[87.001,59.78327]]],[446,[77.61431,84.69378,0,[88.001,61.99798]]],[66,[77.21707,84.30546,0,[87.001,58.68778]]],[426,[78.25424,90.45434,0,[88.001,60.25787]]],[78,[77.77639,85.71006,0,[87.001,59.05336]]],[430,[78.17217,87.44044,0,[88.001,61.65704]]],[133,[78.26657,87.76482,0,[87.001,59.75396]]],[445,[78.65859,85.51449,0,[88.001,61.02287]]],[98,[77.5535,82.26153,0,[87.001,57.80956]]],[69,[78.16454,82.22639,0,[87.001,58.11719]]],[65,[78.59138,84.81148,0,[87.001,58.85062]]],[435,[78.8177,84.18065,0,[88.001,62.10042]]],[444,[79.20177,87.42447,0,[88.001,60.78532]]],[473,[78.95242,88.46152,0,[87.001,59.80178]]],[475,[79.82623,87.73341,0,[88.001,60.98863]]],[92,[79.29842,85.8681,0,[87.001,58.95795]]],[478,[79.45742,84.71925,0,[88.001,61.92773]]],[52,[79.03447,84.34431,0,[87.001,57.9723]]],[397,[79.77428,88.71141,0,[87.40237,59.99996]]],[457,[80.4575,88.71776,0,[88.001,60.98854]]],[91,[79.87287,85.49431,0,[87.001,59.02624]]],[158,[80.19538,91.78158,0,[87.001,59.99586]]],[477,[80.22087,85.28262,0,[88.001,62.02316]]],[50,[79.67517,84.83859,0,[87.001,57.98044]]],[410,[81.09653,91.53711,0,[88.001,60.91839]]],[77,[80.49831,85.30758,0,[87.001,59.05437]]],[107,[80.86484,85.82555,0,[87.001,59.89658]]],[84,[80.33631,82.87853,0,[87.001,57.99461]]],[451,[80.96738,80.27695,0,[88.001,62.01313]]],[192,[81.68472,91.73356,0,[88.001,60.88008]]],[106,[81.3063,86.39098,0,[87.001,59.18458]]],[38,[80.97334,85.36531,0,[87.001,58.20058]]],[130,[82.12148,94.85927,0,[88.001,60.14489]]],[461,[81.68127,85.90859,0,[88.001,61.99934]]],[472,[82.59308,90.94728,0,[88.001,60.75636]]],[79,[81.68449,84.43616,0,[87.001,58.28639]]],[502,[82.28285,91.87417,0,[88.001,61.66995]]],[120,[81.99712,87.06873,0,[87.001,59.32783]]],[90,[82.53185,87.42742,0,[87.001,59.97847]]],[476,[83.1711,87.30636,0,[88.001,61.07837]]],[63,[82.55164,86.08789,0,[87.001,58.88001]]],[408,[82.98415,93.39156,0,[88.001,62.09212]]],[53,[82.22183,84.10209,0,[87.001,57.97431]]],[285,[83.57095,87.10126,0,[88.001,60.34197]]],[76,[83.18211,87.16508,0,[87.001,59.08639]]],[458,[83.73775,89.51682,0,[88.001,61.83148]]],[115,[83.58203,95.44878,0,[87.001,59.9327]]],[471,[84.15522,92.55717,0,[88.001,61.0681]]],[51,[82.93896,84.92719,0,[87.001,58.00113]]],[104,[83.88789,87.60748,0,[87.001,59.02254]]],[49,[83.62279,85.6207,0,[87.001,58.02864]]],[240,[84.65092,89.06553,0,[88.001,60.33953]]],[460,[84.59921,87.94162,0,[88.001,61.87157]]],[118,[84.46084,89.72711,0,[87.001,59.40742]]],[487,[85.05387,90.97266,0,[88.001,61.15007]]],[64,[84.32961,85.79444,0,[87.001,58.22696]]],[455,[85.38311,94.11437,0,[88.001,60.18964]]],[105,[84.99882,87.24743,0,[87.001,59.00989]]],[491,[85.78728,89.61934,0,[88.001,60.97926]]],[479,[85.46632,84.90295,0,[88.001,61.99887]]],[119,[85.41353,87.85103,0,[87.001,59.8066]]],[54,[84.861,84.68182,0,[87.001,57.92673]]],[516,[86.36733,94.97797,0,[88.001,60.91485]]],[103,[85.79375,88.90406,0,[87.001,58.85442]]],[25,[85.44839,86.48143,0,[87.001,58.00926]]],[145,[86.03266,96.14495,0,[87.001,59.84703]]],[464,[86.32205,82.70252,0,[88.001,62.01208]]],[530,[86.92778,94.40702,0,[88.001,61.09074]]],[485,[87.12265,95.1517,0,[88.001,60.0537]]],[102,[86.42332,91.72525,0,[87.001,58.98405]]],[48,[86.27136,87.87667,0,[87.001,57.92094]]],[459,[87.50077,89.16393,0,[88.001,61.12907]]],[508,[87.13824,87.88139,0,[88.001,62.16462]]],[75,[86.99959,88.15226,0,[87.001,59.07854]]],[343,[87.68569,90.14234,0,[88.001,60.07278]]],[35,[87.03822,87.60296,0,[87.001,57.97186]]],[474,[88.19991,90.80467,0,[88.001,60.70078]]],[493,[87.96601,85.60833,0,[88.00099,61.7863]]],[56,[87.6493,94.50242,0,[87.001,59.47272]]],[34,[87.68757,88.4212,0,[87.001,58.36673]]],[503,[88.20936,92.27063,0,[87.001,59.77531]]],[489,[88.83403,91.29111,0,[88.001,60.92163]]],[521,[88.60372,88.43433,0,[88.001,61.93494]]],[88,[88.45679,89.64925,0,[87.001,58.81163]]],[185,[88.84951,88.7835,0,[87.001,59.63742]]],[37,[88.1795,86.46592,0,[87.001,57.83698]]],[517,[89.41832,94.30727,0,[88.001,60.75478]]],[490,[89.30565,90.06518,0,[88.001,61.97026]]],[425,[89.88354,94.67411,0,[87.89243,59.99998]]],[87,[89.36347,91.63853,0,[87.001,58.80613]]],[24,[88.95558,86.773,0,[87.001,58.05918]]],[532,[89.92545,91.59911,0,[88.001,61.73566]]],[542,[90.31241,95.61356,0,[88.001,60.90174]]],[21,[89.94139,89.80903,0,[87.001,58.97303]]],[528,[90.64722,96.47962,0,[88.001,60.00408]]],[480,[90.65177,89.94699,0,[88.001,61.99047]]],[550,[90.96753,95.19231,0,[88.001,61.0418]]],[36,[90.13802,87.66668,0,[87.001,57.93529]]],[147,[90.50327,90.01176,0,[87.001,59.00189]]],[270,[91.25382,91.67877,0,[88.001,60.03273]]],[509,[91.4242,86.26965,0,[88.001,61.98312]]],[507,[91.64386,91.84413,0,[88.001,60.91945]]],[57,[90.7817,93.52399,0,[87.001,58.00159]]],[71,[91.10313,94.32098,0,[87.001,59.06572]]],[506,[91.41851,92.43254,0,[87.001,59.97568]]],[514,[92.32063,103.342,0,[88.001,61.03962]]],[522,[92.07932,88.82068,0,[88.001,62.0092]]],[72,[91.79635,91.85125,0,[87.001,58.96037]]],[169,[91.99564,89.99995,0,[87.001,59.98517]]],[89,[91.42567,88.78108,0,[87.001,58.0331]]],[549,[92.99925,102.0883,0,[88.001,60.88477]]],[41,[92.50777,97.24196,0,[87.001,59.64562]]],[553,[92.80006,94.41062,0,[88.001,61.97752]]],[47,[92.55731,88.72045,0,[87.001,58.56112]]],[62,[92.0732,87.8838,0,[87.001,57.98043]]],[486,[93.50577,96.09343,0,[88.001,60.23758]]],[60,[93.11552,90.02025,0,[87.001,59.0771]]],[538,[93.45343,97.55528,0,[88.001,61.78747]]],[500,[93.54165,97.77884,0,[87.001,59.85693]]],[513,[93.92029,103.8911,0,[88.001,61.01724]]],[23,[92.96859,89.09989,0,[87.001,57.84329]]],[33,[93.5209,90.02273,0,[87.001,58.22869]]],[61,[93.93629,89.14415,0,[87.001,59.06277]]],[73,[94.48628,92.58916,0,[88.001,60.93219]]],[484,[94.21832,99.64039,0,[88.001,62.08151]]],[59,[94.261,91.09578,0,[87.001,59.97427]]],[470,[95.15065,97.89404,0,[88.001,60.85551]]],[39,[94.19373,86.52464,0,[87.001,57.99929]]],[42,[94.54857,94.35378,0,[87.001,59.0032]]],[488,[94.97657,95.86249,0,[88.001,61.94387]]],[300,[94.9066,93.2867,0,[87.001,59.90881]]],[504,[95.75149,93.7434,0,[88.001,60.9573]]],[545,[95.59381,96.51974,0,[88.001,62.02776]]],[27,[95.24923,97.38754,0,[87.001,58.92852]]],[46,[94.86118,89.55314,0,[87.001,58.00761]]],[501,[95.55762,98.21056,0,[87.001,59.9981]]],[526,[96.4545,104.6311,0,[88.001,60.85133]]],[146,[95.84883,92,0,[87.001,59.05263]]],[527,[96.22556,106.4643,0,[87.001,59.87288]]],[554,[96.26015,103.707,0,[88.001,61.88457]]],[22,[95.63788,89.85425,0,[87.001,57.97726]]],[40,[96.37857,100.1305,0,[87.001,58.71424]]],[499,[97.05381,102.1069,0,[88.001,60.9105]]],[101,[96.78278,101.6696,0,[87.001,59.91716]]],[454,[96.8853,99.99797,0,[88.001,61.96775]]],[541,[97.66496,100.7211,0,[88.001,60.9017]]],[55,[96.97615,99.98783,0,[87.001,58.87345]]],[31,[96.71613,91.08193,0,[87.001,57.83301]]],[100,[97.3634,101.6412,0,[87.001,59.88373]]],[551,[97.52429,99.19873,0,[88.001,61.9953]]],[546,[98.24789,106.6805,0,[88.001,60.99852]]],[117,[97.67457,98.0403,0,[87.001,58.92845]]],[85,[97.94913,107.3156,0,[87.001,59.98916]]],[116,[97.3806,99.385,0,[87.001,57.98319]]],[438,[98.85203,98.79968,0,[88.001,60.93492]]],[494,[98.16509,86.91335,0,[88.001,62.10465]]],[86,[98.28505,102.1573,0,[87.001,59.06976]]],[505,[98.60461,95.50258,0,[87.001,59.9826]]],[511,[99.48383,98.24361,0,[88.001,60.88491]]],[497,[98.86553,103.3789,0,[88.001,62.03047]]],[19,[98.0864,92.82239,0,[87.001,58.00295]]],[515,[98.88997,100.8737,0,[87.001,59.01077]]],[44,[98.65377,92.86955,0,[87.001,58.00879]]],[539,[99.25992,101.5977,0,[87.001,59.92314]]],[433,[99.56036,106.3762,0,[88.001,61.97414]]],[531,[100.0966,103.2783,0,[88.001,60.83114]]],[9,[99.45436,95.24103,0,[87.001,58.85794]]],[28,[99.81657,96.7604,0,[87.001,59.68951]]],[29,[99.24635,93.14282,0,[87.001,57.84008]]],[540,[100.6624,100.3227,0,[88.001,60.86324]]],[452,[100.267,100.9638,0,[88.001,61.90718]]],[16,[100.3672,99.27964,0,[87.001,59.82742]]],[0,[99.98031,94.74015,0,[87.001,58.28015]]],[30,[100.5618,93.92146,0,[87.001,58.78899]]],[424,[101.2698,99.18681,0,[88.001,60.96458]]],[409,[100.9375,101.9909,0,[87.001,59.90784]]],[469,[101.1882,105.6195,0,[87.001,58.92429]]],[483,[101.8955,103.0943,0,[88.001,60.93898]]],[45,[100.8983,92.20599,0,[87.001,57.90234]]],[520,[101.6816,100.3881,0,[88.001,61.99691]]],[498,[101.5315,102.0232,0,[87.001,59.90614]]],[20,[101.5396,92.92585,0,[87.001,57.99524]]],[74,[101.8574,92.55354,0,[87.001,58.96366]]],[552,[102.5272,103.0375,0,[88.001,60.99169]]],[482,[102.3276,100.9359,0,[88.001,62.0514]]],[519,[102.1768,98.69063,0,[87.001,59.95532]]],[437,[103.1973,96.7317,0,[88.001,60.98326]]],[7,[102.4931,97.50268,0,[87.001,58.97211]]],[535,[103.0102,96.71741,0,[88.001,62.0245]]],[536,[102.7832,104.2115,0,[87.001,59.91232]]],[1,[102.1782,97.57312,0,[87.001,58.00117]]],[58,[103.8421,95.64198,0,[88.001,60.077]]],[534,[103.7087,103.282,0,[88.001,61.67684]]],[18,[103.0708,95.93664,0,[87.001,58.94478]]],[14,[102.7761,94.91387,0,[87.001,57.94638]]],[465,[104.1647,100.753,0,[88.001,60.98071]]],[43,[103.6764,94.18102,0,[87.001,59.16196]]],[537,[104.0507,105.1381,0,[87.001,59.98373]]],[481,[104.7429,102.5961,0,[88.001,61.04615]]],[492,[104.433,99.19137,0,[88.001,62.02326]]],[3,[104.0084,95.28694,0,[87.001,58.25206]]],[4,[103.4575,94.84047,0,[87.001,58.00121]]],[529,[104.4382,104.3874,0,[87.001,59.18197]]],[467,[105.2142,105.1405,0,[88.001,60.4515]]],[495,[105.16,100.7235,0,[88.001,61.85268]]],[518,[104.9673,101.7918,0,[87.001,59.45658]]],[533,[105.6969,99.54292,0,[88.001,61.39632]]],[510,[105.8789,104.4635,0,[88.001,60.33529]]],[10,[104.5668,92.68476,0,[87.001,58.0661]]],[2,[105.1321,97.82625,0,[87.001,58.17986]]],[17,[105.4932,98.50268,0,[87.001,59.09618]]],[15,[105.9302,95.21484,0,[87.001,59.8519]]],[525,[106.4644,102.0723,0,[88.001,60.97549]]],[523,[106.2643,99.63181,0,[88.001,62.01725]]],[32,[106.1758,93.54199,0,[87.001,58.86055]]],[453,[106.9682,107.2801,0,[88.001,60.39111]]],[12,[105.7941,95.21782,0,[87.001,58.00537]]],[439,[107.0095,103.0865,0,[88.001,61.66009]]],[70,[106.7342,103.301,0,[87.001,59.32679]]],[524,[107.5856,107.5451,0,[88.001,60.47748]]],[6,[106.6492,96.81116,0,[87.001,58.09032]]],[422,[107.6041,104.244,0,[88.00099,61.77593]]],[548,[107.4008,103.4441,0,[87.001,59.34447]]],[5,[107.2849,93.65637,0,[87.001,58.19979]]],[468,[108.1619,103.8441,0,[88.001,61.2363]]],[496,[108.3345,104.9929,0,[88.001,60.11191]]],[26,[107.9826,93.284,0,[87.001,58.40305]]],[547,[108.7767,95.89437,0,[88.001,61.47952]]],[8,[108.3405,99.41648,0,[87.001,59.34246]]],[544,[109.1139,98.69805,0,[88.001,60.36695]]],[11,[108.787,96.89114,0,[87.001,58.31738]]],[353,[109.5332,100.3494,0,[88.001,61.30613]]],[13,[109.1188,96.8835,0,[87.001,59.43106]]],[543,[110.1164,106.4336,0,[88.001,60.37474]]]

Travel Distances:
[299,91.95922],[314,91.94038],[284,91.93357],[298,91.78192],[283,91.87828],[329,92.96406],[269,93.48578],[268,93.59099],[297,93.80004],[313,92.86517],[312,93.16637],[282,93.26675],[296,95.55132],[253,94.9026],[326,94.92902],[266,95.11163],[311,94.6352],[267,94.33806],[281,95.79869],[340,95.77364],[327,94.80927],[325,95.95442],[252,94.44283],[254,92.94641],[339,95.79832],[265,95.41409],[295,96.54391],[236,96.57037],[250,96.52509],[310,96.15655],[328,93.35091],[280,95.43343],[294,97.48067],[235,97.73978],[264,97.66859],[352,96.10051],[279,96.58289],[309,96.67779],[234,97.19555],[251,97.96816],[324,97.83144],[221,97.61586],[249,97.89261],[293,98.25991],[222,96.88435],[233,97.8166],[263,97.51604],[209,98.66646],[360,98.79998],[248,98.97507],[350,97.94215],[220,98.14567],[338,97.22126],[219,98.23257],[361,98.7794],[349,99.40903],[278,98.8153],[238,96.49798],[239,94.44598],[210,97.67593],[369,96.88099],[368,98.00477],[323,97.41944],[341,96.00258],[232,100.088],[262,99.25739],[237,97.1731],[375,99.28463],[362,99.51161],[207,100.851],[199,98.89986],[337,99.69157],[208,100.1494],[322,98.9305],[247,99.52948],[359,99.19862],[223,97.94578],[308,99.6106],[383,100.0864],[348,100.1534],[198,100.2947],[307,99.52658],[197,99.83887],[385,98.558],[367,100.1888],[292,100.1718],[200,100.3636],[336,99.91305],[191,100.0433],[396,96.96572],[231,100.4878],[277,98.96111],[291,100.8851],[190,100.6656],[384,99.48352],[276,100.4817],[224,96.80511],[358,99.60381],[206,101.4277],[347,101.862],[218,101.4416],[261,100.5841],[321,100.7866],[374,100.1985],[189,100.6228],[205,102.6484],[260,101.8447],[196,101.7105],[382,100.5669],[177,100.9432],[306,100.2408],[217,100.8675],[381,102.4971],[184,101.7773],[290,101.7494],[366,101.2352],[394,99.12527],[392,100.2024],[176,100.463],[183,101.8675],[195,103.2763],[393,100.4901],[204,102.9257],[246,101.178],[320,103.0239],[373,103.171],[182,104.5079],[188,103.54],[187,104.1758],[335,102.7624],[357,101.8516],[230,101.9574],[390,102.992],[245,103.337],[211,100.472],[365,103.2085],[173,104.1869],[346,102.6945],[275,102.1772],[407,100.7733],[356,101.9359],[305,103.0736],[174,103.935],[334,103.2858],[164,103.564],[319,102.8428],[194,103.5111],[395,98.8475],[289,103.4754],[391,102.8456],[167,104.5051],[175,102.8992],[181,103.2827],[380,102.7284],[186,104.0749],[406,100.2703],[155,103.5239],[163,104.8615],[180,104.6626],[304,104.1831],[405,101.6189],[229,103.352],[404,101.2704],[157,99.35362],[156,103.1421],[216,104.2188],[372,104.5792],[345,104.2127],[342,96.63039],[165,102.7824],[259,103.5623],[389,103.8681],[364,104.9069],[376,108.5102],[203,105.7998],[402,104.8616],[215,104.6945],[333,103.7607],[417,102.528],[379,105.2592],[152,105.6299],[141,103.6604],[162,105.9933],[355,104.456],[423,99.44654],[274,103.1261],[153,104.9201],[179,107.4059],[388,106.5305],[416,105.2361],[288,104.6706],[415,105.2587],[172,104.9547],[318,105.4097],[351,110.4052],[166,104.6996],[244,105.1029],[371,105.0069],[258,104.6485],[154,103.901],[202,105.5942],[151,104.9053],[378,106.3171],[421,101.6367],[228,105.391],[243,105.4258],[317,105.1796],[420,100.9655],[142,101.7022],[138,104.2646],[150,107.4072],[303,105.6119],[139,104.6011],[168,106.2147],[419,102.5845],[171,106.2679],[414,106.7917],[136,107.7584],[363,106.4727],[127,104.2858],[332,105.5086],[344,105.6714],[126,104.3209],[193,105.8825],[137,105.2078],[302,106.5538],[370,106.6014],[418,104.4952],[161,107.1909],[144,101.6684],[128,101.8278],[287,105.0445],[354,106.9007],[436,102.759],[135,108.5664],[272,106.468],[448,104.9588],[377,107.8752],[143,102.5095],[214,105.3702],[273,106.7541],[400,109.0733],[125,106.2548],[434,103.7058],[124,106.4129],[331,106.8189],[160,108.021],[111,106.5724],[450,104.6405],[257,107.1036],[149,109.0183],[109,107.3944],[178,107.5423],[399,108.7125],[286,106.2468],[97,106.037],[271,108.8751],[112,106.0628],[401,108.5727],[413,108.6409],[110,105.6733],[148,108.7975],[129,102.2816],[316,108.0819],[96,106.6008],[449,105.2854],[121,109.122],[227,107.5674],[447,105.2636],[387,109.2645],[170,108.9663],[95,107.3404],[140,109.5737],[403,109.1734],[255,109.109],[242,107.5576],[134,111.2223],[301,109.0911],[330,109.3726],[412,110.078],[94,107.6722],[386,110.105],[159,109.9309],[466,103.6036],[256,109.0323],[114,104.1441],[132,111.8478],[427,110.7926],[131,112.2684],[315,109.1952],[82,107.5702],[83,107.6374],[443,110.6998],[463,106.5943],[80,108.3109],[462,106.7091],[226,108.1074],[113,107.0916],[81,108.7497],[429,110.6763],[241,109.9735],[212,110.1737],[108,107.857],[99,103.8885],[411,110.349],[431,107.2055],[398,111.8263],[213,109.0594],[67,108.0724],[432,108.0185],[441,111.9947],[201,110.69],[123,108.905],[440,114.3235],[442,111.3468],[93,109.8207],[428,110.6617],[122,109.5014],[456,112.1755],[68,107.1242],[225,110.8519],[446,109.1128],[66,109.7373],[426,113.8931],[78,110.0692],[430,110.5333],[133,111.1626],[445,107.865],[98,108.9841],[69,107.7787],[65,109.5525],[435,107.7024],[444,110.5594],[473,112.4688],[475,111.7167],[92,111.1656],[478,108.7664],[52,110.2349],[397,112.8894],[457,111.534],[91,109.4752],[158,115.1101],[477,107.9077],[50,109.3918],[410,115.1654],[77,109.9957],[107,109.9071],[84,108.0967],[451,103.4516],[192,114.0484],[106,111.709],[38,111.2149],[130,118.4663],[461,109.8708],[472,113.6309],[79,109.0101],[502,114.7163],[120,110.9411],[90,112.2146],[476,110.7956],[63,110.854],[408,116.895],[53,109.4576],[285,109.8224],[76,110.7563],[458,113.7549],[115,120.0967],[471,116.0095],[51,110.856],[104,111.7342],[49,110.2943],[240,111.5973],[460,112.3804],[118,114.6903],[487,114.4829],[64,111.081],[455,117.24],[105,111.0423],[491,111.7746],[479,109.2582],[119,112.7928],[54,110.826],[516,117.9864],[103,113.2277],[25,111.356],[145,119.9071],[464,105.3511],[530,118.2531],[485,118.789],[102,116.7796],[48,113.2524],[459,111.7568],[508,110.8615],[75,112.0373],[343,112.5398],[35,113.417],[474,114.1268],[493,109.1736],[56,118.9429],[34,113.0052],[503,115.6258],[489,115.2602],[521,112.6535],[88,114.6542],[185,112.9452],[37,111.8856],[517,117.1468],[490,112.9876],[425,118.6663],[87,116.8314],[24,112.7809],[532,115.2468],[542,118.8557],[21,113.8957],[528,118.9624],[480,114.1141],[550,118.8417],[36,113.3399],[147,114.9361],[270,114.8008],[509,109.0011],[507,114.1916],[57,117.8523],[71,117.8829],[506,117.3139],[514,126.3781],[522,112.1452],[72,116.0679],[169,113.7241],[89,113.7426],[549,125.9154],[41,121.842],[553,118.3128],[47,113.5795],[62,113.499],[486,118.8536],[60,113.688],[538,120.1085],[500,122.4881],[513,127.5664],[23,115.112],[33,114.8696],[61,113.1771],[73,115.1363],[484,122.5536],[59,114.4392],[470,121.3072],[39,111.9946],[42,119.0723],[488,119.3229],[300,117.2387],[504,115.9121],[545,120.6156],[27,122.7199],[46,115.6293],[501,122.8037],[526,127.4852],[146,116.1545],[527,129.8985],[554,126.3175],[22,116.4202],[40,125.1781],[499,125.8382],[101,125.9943],[454,123.2358],[541,123.263],[55,123.884],[31,115.5592],[100,126.7871],[551,123.0522],[546,130.0625],[117,122.5897],[85,131.235],[116,124.4896],[438,120.9891],[494,111.4834],[86,127.4912],[505,120.1642],[511,121.184],[497,126.6313],[19,118.5861],[515,124.952],[44,117.4586],[539,124.9766],[433,130.3421],[531,126.8735],[9,120.1716],[28,121.0268],[29,118.4167],[540,122.8943],[452,123.7957],[16,122.4655],[0,120.4834],[30,118.7651],[424,122.4881],[512,125.2122],[409,125.9888],[469,131.0599],[483,127.1234],[45,118.3494],[520,124.6476],[498,126.7518],[20,117.734],[74,116.6841],[552,125.7906],[482,123.8798],[519,122.0857],[437,120.1467],[7,122.3975],[535,120.3091],[536,128.4911],[1,123.1159],[58,117.9047],[534,125.6088],[18,121.5751],[14,121.1664],[465,124.1724],[43,118.7966],[537,128.9409],[481,124.8598],[492,121.9019],[3,121.2494],[4,121.7868],[529,129.4935],[467,128.5658],[495,124.0323],[518,125.8069],[533,121.8579],[510,126.6538],[10,119.486],[2,123.4886],[17,123.4056],[15,119.2881],[525,125.049],[523,122.702],[32,119.0851],[453,131.2905],[12,121.4431],[439,126.9231],[70,127.7405],[524,130.3425],[6,121.4448],[422,126.8135],[548,128.6158],[5,119.0465],[468,127.4452],[496,128.2934],[26,117.299],[547,118.099],[8,124.7187],[544,122.4459],[11,121.2663],[353,123.0287],[13,120.636],[543,130.0031]

Finish Times:
[299,47.1607],[314,47.2407],[284,47.3607],[298,47.80071],[283,47.84071],[329,47.96072],[269,48.04072],[268,48.24072],[297,48.36073],[313,48.44073],[312,48.76073],[282,48.84074],[296,49.04074],[253,49.08074],[326,49.40075],[266,49.60075],[311,49.60075],[267,49.76076],[281,50.00076],[340,50.12077],[327,50.20077],[325,50.44077],[252,50.56078],[254,50.64078],[339,50.80078],[265,50.88078],[295,51.04079],[236,51.4408],[250,51.5208],[310,51.5208],[328,51.6008],[280,51.7208],[294,52.16081],[235,52.24081],[264,52.28082],[352,52.28082],[279,52.76083],[309,52.76083],[234,52.88083],[251,53.08083],[324,53.24084],[221,53.28084],[249,53.28084],[293,53.40084],[222,53.72085],[233,53.80085],[263,53.84085],[209,54.12086],[360,54.16086],[248,54.28086],[350,54.36086],[220,54.56087],[338,54.76087],[219,54.92088],[361,55.00088],[349,55.16088],[278,55.28088],[238,55.32088],[239,55.56089],[210,55.64089],[369,55.68089],[368,55.8809],[323,55.9209],[341,56.1609],[232,56.52091],[262,56.52091],[237,56.56091],[375,56.56091],[362,56.96092],[207,57.12093],[199,57.16093],[337,57.20093],[208,57.40093],[322,57.68094],[247,57.72094],[359,57.80094],[223,58.04095],[308,58.16095],[383,58.16095],[348,58.28095],[198,58.48096],[307,58.64096],[197,58.92097],[385,59.00097],[367,59.04097],[292,59.20097],[200,59.44098],[336,59.56098],[191,59.68098],[396,59.68098],[231,59.80099],[277,59.88099],[291,60.201],[190,60.441],[384,60.481],[276,60.64101],[224,60.72101],[358,60.88101],[206,61.08102],[347,61.08102],[218,61.44102],[261,61.44102],[321,61.64103],[374,61.76103],[189,61.80103],[205,62.08104],[260,62.32104],[196,62.52105],[382,62.56105],[177,62.60105],[306,62.84106],[217,62.92106],[381,62.96106],[184,63.32107],[290,63.44107],[366,63.44107],[394,63.64108],[392,63.76108],[176,63.80108],[183,64.04108],[195,64.16109],[393,64.36109],[204,64.40109],[246,64.5611],[320,65.00111],[373,65.00111],[182,65.04111],[188,65.12111],[187,65.24111],[335,65.24111],[357,65.48112],[230,65.56112],[390,65.64112],[245,66.00113],[211,66.08113],[365,66.08113],[173,66.12113],[346,66.48114],[275,66.56114],[407,66.64114],[356,66.88115],[305,67.00115],[174,67.04115],[334,67.04115],[164,67.32116],[319,67.52116],[194,67.64117],[395,67.72117],[289,68.04118],[391,68.04118],[167,68.08118],[175,68.12118],[181,68.40118],[380,68.60119],[186,68.64119],[406,68.80119],[155,69.1212],[163,69.1212],[180,69.1612],[304,69.1612],[405,69.2812],[229,69.60121],[404,69.84122],[157,69.88122],[156,70.08122],[216,70.12122],[372,70.12122],[345,70.32123],[342,70.48123],[165,70.64124],[259,70.76124],[389,70.80124],[364,71.00124],[376,71.24125],[203,71.36125],[402,71.40125],[215,71.52126],[333,71.68126],[417,71.84126],[379,72.04127],[152,72.20127],[141,72.28127],[162,72.28127],[355,72.52128],[423,72.60128],[274,72.76128],[153,73.04129],[179,73.04129],[388,73.16129],[416,73.16129],[288,73.4413],[415,73.72131],[172,73.80131],[318,73.96131],[351,74.00131],[166,74.08131],[244,74.24132],[371,74.36132],[258,74.48132],[154,74.56133],[202,74.68133],[151,74.92133],[378,75.04134],[421,75.16134],[228,75.28134],[243,75.32134],[317,75.68135],[420,75.80135],[142,75.84135],[138,75.88136],[150,76.00136],[303,76.28136],[139,76.52137],[168,76.52137],[419,76.56137],[171,76.60137],[414,76.88138],[136,77.12138],[363,77.12138],[127,77.40139],[332,77.40139],[344,77.60139],[126,77.6814],[193,77.7214],[137,77.9214],[302,78.24141],[370,78.32141],[418,78.32141],[161,78.48141],[144,78.64142],[128,78.80142],[287,78.84142],[354,78.88142],[436,78.96143],[135,79.32143],[272,79.44144],[448,79.44144],[377,79.64144],[143,79.88145],[214,79.92145],[273,80.04145],[400,80.04145],[125,80.12145],[434,80.44146],[124,80.56146],[331,80.56146],[160,80.72147],[111,81.04147],[450,81.08147],[257,81.16148],[149,81.24148],[109,81.32148],[178,81.60149],[399,81.76149],[286,81.92149],[97,81.96149],[271,82.2015],[112,82.2415],[401,82.48151],[413,82.52151],[110,82.60151],[148,82.80151],[129,82.88152],[316,83.12152],[96,83.28152],[449,83.32153],[121,83.40153],[227,83.48153],[447,83.76154],[387,83.96154],[170,84.00154],[95,84.20155],[140,84.24155],[403,84.44155],[255,84.52155],[242,84.72156],[134,85.12157],[301,85.12157],[330,85.16157],[412,85.28157],[94,85.40157],[386,85.68158],[159,85.76158],[466,85.88158],[256,86.16159],[114,86.24159],[132,86.32159],[427,86.4816],[131,86.6416],[315,86.7216],[82,87.08161],[83,87.16161],[443,87.16161],[463,87.28162],[80,87.40162],[462,87.56162],[226,87.88163],[113,88.04163],[81,88.12164],[429,88.12164],[241,88.20164],[212,88.52164],[108,88.68165],[99,88.84165],[411,88.88165],[431,88.88165],[398,89.12166],[213,89.24166],[67,89.36166],[432,89.48167],[441,89.56167],[201,89.76167],[123,90.00168],[440,90.28168],[442,90.28168],[93,90.36169],[428,90.36169],[122,90.40169],[456,90.8017],[68,90.8417],[225,90.8417],[446,91.0017],[66,91.1217],[426,91.28171],[78,91.48171],[430,91.56171],[133,91.84172],[445,91.84172],[98,92.04173],[69,92.20173],[65,92.32173],[435,92.44173],[444,92.44173],[473,92.52174],[475,93.00175],[92,93.04175],[478,93.08175],[52,93.12175],[397,93.24175],[457,93.60176],[91,93.72176],[158,93.88177],[477,93.88177],[50,93.92177],[410,94.20177],[77,94.36178],[107,94.48178],[84,94.52178],[451,94.56178],[192,94.84179],[106,95.00179],[38,95.2018],[130,95.2018],[461,95.3618],[472,95.64181],[79,95.68181],[502,95.68181],[120,95.72181],[90,96.12182],[476,96.28182],[63,96.40182],[408,96.56183],[53,96.60183],[285,96.64183],[76,96.84184],[458,97.04184],[115,97.20184],[471,97.28185],[51,97.36185],[104,97.60185],[49,97.64185],[240,97.72186],[460,97.96186],[118,98.12186],[487,98.24187],[64,98.28187],[455,98.44187],[105,98.80188],[491,98.92188],[479,99.00188],[119,99.04189],[54,99.36189],[516,99.4819],[103,99.5619],[25,99.6819],[145,99.6819],[464,99.8419],[530,100.0819],[485,100.2019],[102,100.2819],[48,100.6019],[459,100.7219],[508,100.7219],[75,100.7619],[343,100.8019],[35,101.2819],[474,101.3219],[493,101.3219],[56,101.4019],[34,101.6019],[503,101.8419],[489,102.042],[521,102.122],[88,102.282],[185,102.482],[37,102.562],[517,102.562],[490,102.642],[425,103.082],[87,103.162],[24,103.202],[532,103.402],[542,103.402],[21,103.602],[528,103.762],[480,104.042],[550,104.162],[36,104.202],[147,104.202],[270,104.442],[509,104.802],[507,104.842],[57,104.922],[71,104.922],[506,105.082],[514,105.482],[522,105.482],[72,105.682],[169,105.722],[89,105.762],[549,106.122],[41,106.2421],[553,106.3221],[47,106.3621],[62,106.4421],[486,106.6021],[60,106.8021],[538,106.8421],[500,107.1621],[513,107.1621],[23,107.2821],[33,107.4821],[61,107.6421],[73,107.7621],[484,107.8021],[59,107.8421],[470,108.2821],[39,108.3221],[42,108.3221],[488,108.4421],[300,108.5621],[504,108.9221],[545,109.0421],[27,109.0821],[46,109.1621],[501,109.2821],[526,109.5621],[146,109.8021],[527,109.8021],[554,109.8821],[22,110.1221],[40,110.1621],[499,110.1621],[101,110.3621],[454,110.6021],[541,110.7222],[55,110.7622],[31,110.8422],[100,110.9622],[551,111.2022],[546,111.3222],[117,111.4422],[85,111.5622],[116,111.6022],[438,111.9222],[494,111.9622],[86,112.0422],[505,112.2022],[511,112.5222],[497,112.5622],[19,112.6022],[515,112.6422],[44,112.7222],[539,112.8422],[433,113.0822],[531,113.2022],[9,113.3622],[28,113.4822],[29,113.7222],[540,113.7622],[452,113.8822],[16,113.9222],[0,114.1622],[30,114.2822],[424,114.3622],[512,114.3622],[409,114.5222],[469,114.9622],[483,115.0023],[45,115.0423],[520,115.1223],[498,115.1623],[20,115.6023],[74,115.6023],[552,115.6023],[482,115.6423],[519,115.8423],[437,116.2823],[7,116.3623],[535,116.4023],[536,116.4423],[1,116.4823],[58,116.8823],[534,116.9223],[18,117.0423],[14,117.2023],[465,117.2823],[43,117.3223],[537,117.6023],[481,117.9223],[492,117.9223],[3,117.9623],[4,118.0023],[529,118.1223],[467,118.2823],[495,118.6023],[518,118.6023],[533,118.8823],[510,118.9223],[10,119.0023],[2,119.1223],[17,119.2023],[15,119.5224],[525,119.5224],[523,119.6424],[32,120.0024],[453,120.0024],[12,120.0824],[439,120.1224],[70,120.4024],[524,120.6024],[6,120.8424],[422,120.8824],[548,121.0024],[5,121.1624],[468,121.2024],[496,121.3624],[26,121.9224],[547,121.9224],[8,121.9624],[544,122.1224],[11,122.6824],[353,122.6824],[13,122.7224],[543,123.2424]

Stuck Times:
[299,0],[314,0],[284,0],[298,0],[283,0],[329,0],[269,0],[268,0],[297,0],[313,0],[312,0],[282,0],[296,0],[253,0],[326,0],[266,0],[311,0],[267,0],[281,0],[340,0],[327,1],[325,0],[252,1],[254,3],[339,0],[265,0],[295,1],[236,1],[250,0],[310,1],[328,2],[280,1],[294,1],[235,1],[264,1],[352,2],[279,1],[309,1],[234,1],[251,2],[324,1],[221,3],[249,1],[293,2],[222,2],[233,2],[263,2],[209,3],[360,3],[248,3],[350,3],[220,4],[338,3],[219,4],[361,4],[349,4],[278,4],[238,6],[239,8],[210,7],[369,6],[368,5],[323,5],[341,7],[232,4],[262,6],[237,5],[375,6],[362,5],[207,6],[199,8],[337,7],[208,6],[322,7],[247,6],[359,6],[223,9],[308,8],[383,7],[348,8],[198,9],[307,7],[197,8],[385,10],[367,7],[292,9],[200,8],[336,8],[191,9],[396,10],[231,8],[277,10],[291,8],[190,11],[384,10],[276,9],[224,12],[358,9],[206,11],[347,10],[218,10],[261,11],[321,10],[374,11],[189,11],[205,10],[260,12],[196,11],[382,12],[177,12],[306,13],[217,12],[381,10],[184,14],[290,14],[366,14],[394,14],[392,11],[176,12],[183,14],[195,12],[393,12],[204,12],[246,15],[320,13],[373,14],[182,11],[188,14],[187,13],[335,13],[357,15],[230,16],[390,13],[245,16],[211,17],[365,15],[173,15],[346,16],[275,16],[407,13],[356,16],[305,16],[174,17],[334,15],[164,15],[319,17],[194,16],[395,17],[289,17],[391,17],[167,18],[175,17],[181,17],[380,18],[186,17],[406,18],[155,17],[163,18],[180,18],[304,16],[405,19],[229,19],[404,20],[157,21],[156,20],[216,20],[372,20],[345,20],[342,22],[165,20],[259,20],[389,20],[364,21],[376,16],[203,20],[402,21],[215,21],[333,22],[417,19],[379,22],[152,21],[141,22],[162,20],[355,22],[423,23],[274,23],[153,23],[179,21],[388,23],[416,20],[288,23],[415,21],[172,23],[318,23],[351,20],[166,22],[244,24],[371,23],[258,24],[154,23],[202,24],[151,23],[378,23],[421,26],[228,24],[243,24],[317,25],[420,24],[142,25],[138,26],[150,25],[303,25],[139,27],[168,26],[419,26],[171,25],[414,26],[136,26],[363,27],[127,26],[332,27],[344,27],[126,26],[193,27],[137,26],[302,28],[370,29],[418,27],[161,28],[144,27],[128,29],[287,29],[354,29],[436,28],[135,28],[272,30],[448,27],[377,28],[143,29],[214,30],[273,30],[400,30],[125,29],[434,29],[124,30],[331,30],[160,30],[111,30],[450,29],[257,32],[149,31],[109,30],[178,32],[399,30],[286,31],[97,32],[271,30],[112,30],[401,28],[413,32],[110,31],[148,31],[129,32],[316,34],[96,32],[449,32],[121,33],[227,33],[447,31],[387,33],[170,34],[95,33],[140,34],[403,32],[255,32],[242,35],[134,34],[301,37],[330,35],[412,32],[94,35],[386,34],[159,34],[466,35],[256,36],[114,36],[132,34],[427,35],[131,33],[315,36],[82,35],[83,37],[443,36],[463,36],[80,36],[462,36],[226,39],[113,37],[81,36],[429,36],[241,37],[212,38],[108,39],[99,39],[411,38],[431,36],[398,37],[213,40],[67,37],[432,36],[441,39],[201,40],[123,40],[440,39],[442,40],[93,39],[428,38],[122,38],[456,39],[68,40],[225,39],[446,38],[66,40],[426,39],[78,40],[430,39],[133,40],[445,41],[98,42],[69,43],[65,41],[435,42],[444,41],[473,40],[475,41],[92,43],[478,40],[52,42],[397,42],[457,42],[91,43],[158,42],[477,41],[50,42],[410,43],[77,45],[107,45],[84,44],[451,44],[192,42],[106,44],[38,44],[130,43],[461,43],[472,43],[79,45],[502,41],[120,44],[90,46],[476,44],[63,44],[408,42],[53,47],[285,47],[76,46],[458,45],[115,43],[471,42],[51,47],[104,46],[49,46],[240,47],[460,46],[118,47],[487,46],[64,47],[455,47],[105,47],[491,47],[479,49],[119,48],[54,49],[516,47],[103,49],[25,50],[145,46],[464,49],[530,47],[485,48],[102,49],[48,47],[459,49],[508,48],[75,49],[343,52],[35,51],[474,49],[493,48],[56,50],[34,50],[503,50],[489,50],[521,49],[88,50],[185,53],[37,53],[517,49],[490,50],[425,52],[87,52],[24,54],[532,51],[542,50],[21,53],[528,50],[480,50],[550,50],[36,54],[147,52],[270,55],[509,53],[507,52],[57,54],[71,52],[506,53],[514,52],[522,53],[72,54],[169,56],[89,54],[549,51],[41,55],[553,52],[47,56],[62,56],[486,54],[60,56],[538,52],[500,54],[513,52],[23,56],[33,56],[61,56],[73,56],[484,55],[59,57],[470,56],[39,58],[42,56],[488,55],[300,60],[504,56],[545,54],[27,58],[46,58],[501,57],[526,56],[146,59],[527,55],[554,55],[22,59],[40,54],[499,57],[101,56],[454,57],[541,58],[55,56],[31,60],[100,56],[551,58],[546,57],[117,58],[85,54],[116,58],[438,60],[494,60],[86,55],[505,60],[511,54],[497,54],[19,60],[515,58],[44,61],[539,58],[433,51],[531,59],[9,60],[28,61],[29,60],[540,59],[452,61],[16,59],[0,61],[30,63],[424,60],[512,59],[409,60],[469,63],[483,59],[45,63],[520,58],[498,57],[20,63],[74,63],[552,57],[482,56],[519,62],[437,63],[7,63],[535,60],[536,55],[1,60],[58,63],[534,56],[18,64],[14,65],[465,61],[43,64],[537,64],[481,58],[492,61],[3,64],[4,64],[529,64],[467,58],[495,61],[518,65],[533,64],[510,58],[10,69],[2,63],[17,64],[15,66],[525,62],[523,63],[32,69],[453,61],[12,68],[439,66],[70,64],[524,61],[6,65],[422,65],[548,66],[5,70],[468,63],[496,65],[26,72],[547,68],[8,68],[544,70],[11,68],[353,66],[13,70],[543,62]

