Experiment Name: Custom-LimitedOverflow2
Method Used: FlowField
Run Number: 9
Preparation Time: 0.0002ms
Pathfinding Time: 33.4519ms
Finish Time: 124.0425ms
Finish Time 90%: 116.0023ms
Repaths: 0
Soft Repaths: 0

Gates Data:
0:[299,[6.163238,12.29109,0,[32.001,59.99146]]],[284,[6.155985,12.28195,0,[32.001,58.91273]]],[314,[6.696816,13.31555,0,[33.001,61.06771]]],[269,[6.173181,12.29005,0,[32.001,57.82282]]],[298,[7.240729,14.4045,0,[33.001,60.66592]]],[329,[6.808648,13.38978,0,[33.001,62.1277]]],[283,[6.786023,13.40345,0,[32.001,59.55342]]],[313,[7.470287,14.46884,0,[33.001,61.80215]]],[268,[6.771104,13.45751,0,[32.001,58.31223]]],[297,[7.872921,15.53302,0,[33.0006,61]]],[253,[7.346672,13.81328,0,[32.001,59.04638]]],[282,[8.103147,15.54047,0,[33.001,60.01593]]],[296,[8.163049,15.66295,0,[32.001,59.93825]]],[326,[8.743135,16.78411,0,[33.001,61.00829]]],[254,[7.509992,12.60105,0,[32.001,57.98511]]],[267,[8.020285,14.61832,0,[32.001,58.89301]]],[312,[8.285134,15.64422,0,[33.001,61.75677]]],[311,[9.291267,16.95246,0,[33.001,60.72087]]],[281,[8.749187,15.70253,0,[32.001,59.52893]]],[328,[9.525268,14.76159,0,[33.001,61.91747]]],[252,[8.176292,14.6989,0,[32.001,57.84503]]],[325,[9.801325,17.83737,0,[33.001,60.10577]]],[266,[8.747684,15.77879,0,[32.001,58.38442]]],[340,[9.929932,16.91906,0,[33.001,61.17503]]],[265,[9.354793,16.88231,0,[32.001,59.0157]]],[295,[10.37227,17.68366,0,[33.001,60.12836]]],[327,[8.956803,15.68133,0,[33.001,62.02209]]],[310,[10.4991,18.01643,0,[33.001,61.19539]]],[236,[9.369716,16.44857,0,[32.001,57.91506]]],[251,[9.928783,16.44397,0,[32.001,59.04368]]],[280,[10.96605,17.73926,0,[33.001,60.08263]]],[294,[11.05777,18.74542,0,[33.001,61.16347]]],[339,[11.0369,18.26911,0,[33.001,62.272]]],[235,[10.53109,17.3096,0,[32.001,59.00013]]],[279,[11.5927,18.96789,0,[33.001,60.61283]]],[238,[9.946959,14.1918,0,[32.001,57.94535]]],[264,[11.07647,17.93634,0,[32.001,59.46924]]],[324,[11.63971,18.94878,0,[33.001,61.89938]]],[351,[12.15252,18.36543,0,[33.001,61.15029]]],[293,[12.17275,19.80358,0,[33.001,60.04655]]],[250,[11.11963,16.92897,0,[32.001,58.10733]]],[234,[11.56133,18.1275,0,[32.001,58.78386]]],[350,[12.73252,19.48608,0,[33.001,60.68851]]],[341,[12.38522,16.56906,0,[33.001,62.16]]],[249,[12.06132,18.36174,0,[32.001,59.27673]]],[233,[12.55807,19.41674,0,[32.001,59.78248]]],[309,[13.40759,19.54913,0,[33.001,60.64165]]],[362,[12.99625,17.70141,0,[33.001,61.67171]]],[237,[10.54092,15.66406,0,[32.001,57.90362]]],[222,[12.49351,17.33903,0,[32.001,58.58289]]],[221,[13.02089,17.99378,0,[32.001,59.09428]]],[263,[13.47491,19.33306,0,[32.001,59.69824]]],[338,[13.97326,19.96763,0,[33.001,60.80196]]],[360,[13.62607,19.68441,0,[33.001,61.81899]]],[278,[14.51806,20.39354,0,[33.00079,60]]],[208,[13.9225,19.37211,0,[32.001,58.90542]]],[368,[14.75546,20.5335,0,[33.001,60.98572]]],[209,[12.94618,17.94797,0,[32.001,57.93644]]],[361,[14.29989,18.91497,0,[33.001,61.70773]]],[220,[14.48987,19.46858,0,[32.001,59.15524]]],[323,[15.23384,20.57302,0,[33.001,60.15261]]],[198,[14.37036,19.88107,0,[32.001,58.01997]]],[369,[15.31219,19.5885,0,[33.001,61.25295]]],[248,[15.3598,19.83229,0,[32.001,59.99845]]],[219,[15.04655,19.99569,0,[32.001,59.0902]]],[349,[15.85983,20.88673,0,[33.001,61.09652]]],[232,[15.72974,20.56109,0,[32.001,58.98172]]],[262,[15.97103,20.50266,0,[32.001,59.96825]]],[239,[12.03908,14.25914,0,[32.001,57.94477]]],[207,[16.3256,20.6505,0,[32.001,59.12068]]],[375,[16.40959,21.09395,0,[33.001,61.04049]]],[396,[15.70556,18.77847,0,[33.001,62.20658]]],[223,[15.01618,16.66756,0,[32.001,57.99053]]],[200,[16.26898,19.12179,0,[32.001,58.01083]]],[308,[16.95389,20.66979,0,[33.001,60.95332]]],[247,[17.24524,21.93894,0,[33.001,60.01966]]],[342,[16.38382,17.65568,0,[33.001,62.12823]]],[337,[17.50374,21.0601,0,[33.001,61.18628]]],[292,[17.79239,21.14457,0,[33.001,60.24871]]],[191,[16.88457,20.16199,0,[32.001,58.95767]]],[199,[15.57247,18.97007,0,[32.001,57.93033]]],[277,[18.29879,21.58613,0,[33.001,60.75624]]],[385,[17.02386,19.91274,0,[33.001,62.08957]]],[206,[17.45539,21.88594,0,[32.001,59.19743]]],[231,[18.15121,21.52411,0,[32.001,59.89355]]],[177,[17.58015,19.96264,0,[32.001,58.06263]]],[359,[18.43913,21.12704,0,[33.001,61.88316]]],[190,[18.06265,20.96375,0,[32.001,58.79221]]],[322,[18.86909,21.38238,0,[33.001,61.08272]]],[261,[19.25046,22.40457,0,[33.001,60.26702]]],[348,[19.7074,22.17123,0,[33.001,60.94386]]],[376,[19.32829,20.18472,0,[33.001,61.82338]]],[217,[19.21741,22.34069,0,[32.001,59.57887]]],[168,[18.47482,19.68113,0,[32.001,57.98568]]],[218,[18.63367,21.05932,0,[32.001,59.12123]]],[307,[19.86766,20.92963,0,[32.07394,59.99999]]],[384,[20.27477,20.67286,0,[33.001,61.08523]]],[197,[19.78927,21.18724,0,[32.001,58.90838]]],[383,[20.86356,21.91338,0,[33.001,60.99142]]],[224,[16.99838,16.83875,0,[32.001,57.88476]]],[291,[20.39989,21.33689,0,[32.001,59.87059]]],[184,[19.16554,20.8011,0,[32.001,58.27067]]],[409,[17.82243,19.48652,0,[33.001,62.09036]]],[336,[21.44328,22.34708,0,[33.001,60.1434]]],[367,[21.41965,21.644,0,[33.001,61.24383]]],[205,[21.16128,22.80932,0,[32.001,59.12992]]],[183,[20.61176,21.76093,0,[32.001,58.86205]]],[321,[21.60843,21.64396,0,[32.001,59.79897]]],[394,[20.94114,21.40693,0,[33.001,62.11987]]],[196,[21.90072,21.95849,0,[32.001,58.87984]]],[175,[21.3807,21.58883,0,[32.001,58.11596]]],[358,[22.55334,22.21085,0,[33.001,60.40137]]],[276,[22.38412,21.50691,0,[32.001,59.4139]]],[176,[20.07179,20.62607,0,[32.001,57.96395]]],[395,[21.69569,20.26016,0,[33.001,62.21079]]],[189,[22.44854,21.7135,0,[32.001,58.30104]]],[306,[23.1292,22.69077,0,[33.001,60.40104]]],[290,[23.66506,23.22606,0,[33.001,60.01405]]],[393,[22.83146,22.08489,0,[33.001,61.33747]]],[246,[22.97034,21.76036,0,[32.001,58.99843]]],[347,[24.16107,23.09856,0,[33.001,60.74448]]],[374,[23.57585,22.50797,0,[33.001,61.10606]]],[260,[23.68792,22.45467,0,[32.001,59.5383]]],[335,[24.42829,22.36504,0,[32.001,59.96679]]],[407,[23.23755,20.56295,0,[33.001,62.07185]]],[211,[20.83626,18.70918,0,[32.001,57.86019]]],[357,[24.76081,23.33914,0,[33.001,61.00123]]],[230,[24.22767,22.65757,0,[32.001,58.94234]]],[204,[23.60216,23.31464,0,[32.001,58.32101]]],[275,[25.04304,22.97326,0,[32.001,59.93102]]],[353,[14.86494,17.17421,0,[33.001,62.11238]]],[373,[25.40713,23.55063,0,[33.001,60.99622]]],[174,[24.81845,22.84722,0,[32.001,58.91641]]],[157,[24.42939,19.66686,0,[32.001,57.91116]]],[391,[26.06405,23.93909,0,[33.001,60.97849]]],[366,[24.41922,22.51763,0,[33.001,61.97631]]],[365,[25.62624,23.25704,0,[32.001,59.88231]]],[423,[25.78278,20.00331,0,[33.001,61.93917]]],[380,[26.18928,23.68687,0,[32.001,59.90676]]],[195,[25.46344,23.26221,0,[32.001,58.83092]]],[390,[26.66109,24.84543,0,[33.001,60.9945]]],[245,[26.15335,22.88959,0,[32.001,58.81758]]],[392,[25.08391,22.72501,0,[33.001,61.94711]]],[141,[26.70682,22.62643,0,[32.001,59.00067]]],[346,[27.19967,24.54392,0,[33.001,61.18585]]],[320,[27.2361,23.99594,0,[33.001,60.09284]]],[194,[27.26058,24.20144,0,[32.001,58.85235]]],[406,[26.46481,22.03247,0,[33.001,62.02023]]],[155,[23.00456,21.41273,0,[32.001,57.89373]]],[334,[27.74923,24.27753,0,[33.001,61.02375]]],[305,[27.28559,23.05547,0,[32.001,59.93763]]],[356,[27.12836,24.36988,0,[33.001,62.27982]]],[319,[28.27479,24.82325,0,[33.001,60.45284]]],[167,[21.95853,20.34528,0,[32.001,57.77859]]],[402,[28.36008,25.66664,0,[33.001,61.65371]]],[289,[28.35673,23.58589,0,[32.001,59.59741]]],[259,[27.78588,23.77612,0,[32.001,59.25248]]],[345,[28.81358,25.57115,0,[33.001,60.70898]]],[405,[27.76515,22.92364,0,[33.001,62.11983]]],[404,[29.06275,24.0701,0,[33.001,61.86865]]],[165,[28.94118,22.70261,0,[32.001,58.71233]]],[333,[29.41053,25.68673,0,[33.001,60.90108]]],[244,[29.0067,24.60145,0,[32.001,59.81174]]],[144,[26.66558,20.09355,0,[32.001,57.90218]]],[372,[29.78527,25.06763,0,[33.001,61.73478]]],[229,[28.39961,24.12449,0,[32.001,58.369]]],[187,[29.57902,24.26141,0,[32.001,59.10198]]],[304,[30.06144,25.5785,0,[33.001,60.22037]]],[186,[30.60628,26.70193,0,[33.001,60.05449]]],[364,[30.32181,25.89293,0,[33.001,61.18854]]],[173,[30.36074,24.11042,0,[32.001,59.05522]]],[389,[31.03751,26.52602,0,[33.001,61.05544]]],[210,[13.57129,17.63073,0,[32.001,58.06191]]],[181,[31.04388,24.23733,0,[32.001,59.02641]]],[318,[30.66225,25.52609,0,[32.001,59.98405]]],[403,[30.6771,24.80343,0,[33.001,62.03558]]],[164,[31.04294,23.45496,0,[32.001,57.928]]],[182,[29.92575,22.81103,0,[32.001,58.21944]]],[355,[31.71731,26.8809,0,[33.001,60.06609]]],[415,[31.69532,26.81511,0,[33.001,61.15668]]],[203,[31.78764,25.73435,0,[32.001,59.92691]]],[303,[32.88029,26.82716,0,[33.001,60.60156]]],[408,[22.35963,19.55999,0,[33.001,61.90048]]],[379,[32.2924,26.20394,0,[33.001,61.0089]]],[216,[27.86653,23.49177,0,[32.001,58.05605]]],[215,[32.87683,25.59034,0,[32.001,59.5041]]],[274,[32.30459,24.74087,0,[32.001,59.50114]]],[163,[31.59821,24.7577,0,[32.001,58.90734]]],[421,[32.16528,22.16477,0,[33.001,62.08204]]],[332,[33.45971,27.38943,0,[33.001,60.65409]]],[288,[33.93356,26.72131,0,[33.001,60.03124]]],[180,[33.34781,25.51593,0,[32.001,58.93578]]],[401,[32.80127,27.40297,0,[33.001,61.71179]]],[317,[34.24165,27.93538,0,[33.001,60.93742]]],[140,[30.48593,22.69433,0,[32.001,57.97899]]],[179,[33.90048,26.79473,0,[32.001,59.24999]]],[153,[32.69343,23.70311,0,[32.001,58.26221]]],[142,[29.33954,21.21294,0,[32.001,57.94305]]],[228,[34.66597,27.16086,0,[33.001,60.22856]]],[420,[33.78328,23.47954,0,[33.001,61.54988]]],[172,[34.49585,25.63635,0,[32.001,59.29594]]],[162,[33.90109,25.73467,0,[32.001,58.13421]]],[188,[27.25401,22.92063,0,[32.001,57.76389]]],[302,[35.26637,28.10349,0,[33.001,60.43159]]],[371,[34.83208,26.44753,0,[33.001,61.36756]]],[258,[35.18971,25.36823,0,[32.001,59.61774]]],[138,[34.96017,24.56956,0,[32.001,58.57044]]],[388,[35.38308,27.4076,0,[33.001,61.80506]]],[152,[32.13224,24.4453,0,[32.001,58.4412]]],[363,[35.78588,27.35732,0,[33.001,60.88087]]],[419,[34.35853,23.83797,0,[33.001,62.03416]]],[344,[36.56323,27.53971,0,[33.001,61.00919]]],[287,[36.26785,27.35354,0,[33.001,60.07826]]],[171,[35.7131,26.59515,0,[32.001,58.97626]]],[378,[36.16344,27.42766,0,[33.001,61.8138]]],[273,[36.29153,26.03106,0,[32.001,59.0234]]],[437,[37.11699,22.80123,0,[33.001,61.00436]]],[151,[36.24598,25.88482,0,[32.001,57.92662]]],[272,[36.59245,26.70176,0,[32.001,59.92486]]],[202,[36.90135,27.60527,0,[32.001,58.92773]]],[438,[37.05995,21.20616,0,[33.001,62.09207]]],[370,[37.64114,28.06324,0,[33.001,60.09696]]],[243,[37.47352,26.5698,0,[32.001,59.03883]]],[126,[35.48001,23.52394,0,[32.001,57.97151]]],[137,[37.86627,25.96887,0,[32.001,58.24811]]],[417,[37.66016,25.67271,0,[33.001,61.2207]]],[439,[33.32978,20.98259,0,[33.001,62.16822]]],[331,[38.20379,28.65307,0,[33.001,60.07561]]],[150,[38.08859,27.25397,0,[32.001,59.31605]]],[154,[31.67068,22.65595,0,[32.001,57.81142]]],[414,[38.26606,29.08733,0,[33.001,61.14884]]],[257,[38.53993,27.44428,0,[32.001,59.94426]]],[452,[38.03265,23.42577,0,[33.001,62.14133]]],[178,[38.97955,28.81608,0,[32.001,59.12766]]],[377,[38.8242,29.68645,0,[33.001,60.95106]]],[161,[38.51075,26.85696,0,[32.001,58.62945]]],[271,[39.68868,29.4827,0,[33.001,60.11396]]],[416,[38.75431,26.49791,0,[33.001,62.05739]]],[286,[39.98288,28.88004,0,[33.001,61.0545]]],[160,[39.52468,28.33975,0,[32.001,59.02945]]],[112,[39.00925,23.53241,0,[32.001,57.99723]]],[227,[40.24542,28.60414,0,[33.001,60.04693]]],[400,[39.40518,29.19208,0,[33.001,61.03927]]],[399,[40.61029,30.29217,0,[33.001,61.03697]]],[147,[40.30384,31.64102,0,[32.001,59.99158]]],[136,[39.65353,27.03296,0,[32.001,57.94602]]],[436,[39.51131,23.27631,0,[33.001,62.1099]]],[125,[37.1506,24.5434,0,[32.001,57.93603]]],[135,[40.07393,28.24796,0,[32.001,58.91737]]],[316,[41.20382,29.20745,0,[33.001,60.86204]]],[193,[40.64617,26.76789,0,[32.001,59.1181]]],[111,[40.4314,24.59554,0,[32.001,57.99874]]],[430,[40.20869,29.02695,0,[33.001,62.06631]]],[139,[41.17488,24.9767,0,[32.001,58.83189]]],[413,[41.58862,30.07889,0,[33.001,61.70179]]],[214,[41.66396,28.07364,0,[32.001,59.59552]]],[256,[41.55547,29.15938,0,[33.001,60.00369]]],[149,[41.97854,28.39261,0,[32.001,58.68083]]],[387,[42.59982,30.15318,0,[33.001,60.85443]]],[128,[38.32007,21.64426,0,[32.001,57.61665]]],[433,[42.2048,25.91981,0,[33.001,61.84497]]],[354,[42.04391,29.75135,0,[33.001,60.70746]]],[131,[42.28806,33.73553,0,[32.001,59.81684]]],[301,[43.32316,29.90944,0,[33.001,60.05298]]],[129,[41.48637,21.5958,0,[32.001,57.9257]]],[453,[42.81268,22.76811,0,[33.001,62.00111]]],[429,[43.13621,30.08952,0,[33.001,61.09227]]],[118,[43.07764,33.00411,0,[32.001,59.07318]]],[255,[43.89638,31.32241,0,[33.001,60.05159]]],[170,[42.53716,29.54658,0,[32.001,58.84414]]],[315,[43.69462,30.89046,0,[33.001,61.06398]]],[97,[43.65692,25.21542,0,[32.001,57.96684]]],[424,[20.30093,19.03848,0,[33.001,62.18943]]],[123,[43.63833,27.13952,0,[32.001,59.07277]]],[285,[44.3493,30.97623,0,[33.001,60.8238]]],[451,[43.511,24.30703,0,[33.001,62.10305]]],[109,[44.18822,26.84376,0,[32.001,58.79793]]],[242,[44.13566,28.2452,0,[32.001,59.89474]]],[127,[34.45879,22.38519,0,[32.001,58.05387]]],[225,[45.24354,33.50019,0,[33.001,60.34456]]],[122,[44.69093,28.53315,0,[32.001,59.25452]]],[444,[44.87682,30.88421,0,[33.001,61.16473]]],[143,[33.32901,21.12211,0,[32.001,57.84018]]],[213,[45.842,30.8262,0,[33.001,60.14214]]],[412,[45.73242,31.70755,0,[33.001,61.23159]]],[458,[46.29694,32.10334,0,[33.001,61.11111]]],[121,[45.89081,29.57107,0,[32.001,58.97616]]],[386,[46.47644,32.87967,0,[33.001,60.06591]]],[114,[44.3438,22.68628,0,[32.001,57.74568]]],[431,[45.39183,28.4953,0,[33.001,62.09102]]],[435,[44.72767,23.75376,0,[33.001,62.20917]]],[124,[45.30738,26.43925,0,[32.001,59.02918]]],[148,[46.44305,30.613,0,[32.001,59.06174]]],[443,[46.85238,31.902,0,[33.001,61.08516]]],[445,[47.50207,29.76476,0,[33.001,61.11992]]],[132,[47.12084,35.16741,0,[33.001,60.12803]]],[434,[46.47337,24.67301,0,[33.001,62.15535]]],[107,[45.93869,28.3761,0,[32.001,57.8797]]],[411,[47.76542,33.68517,0,[33.001,60.11322]]],[166,[25.88805,22.02261,0,[32.001,57.85722]]],[103,[47.08381,33.2085,0,[32.001,59.08898]]],[446,[47.1166,28.10212,0,[33.001,62.12873]]],[113,[42.36896,23.00445,0,[32.001,57.79333]]],[459,[48.36535,32.01444,0,[33.001,60.08562]]],[447,[48.22794,27.30853,0,[33.001,61.15967]]],[95,[47.11224,27.35704,0,[32.001,57.98829]]],[398,[48.41302,33.02082,0,[32.001,59.86793]]],[460,[48.90748,30.579,0,[33.001,60.95173]]],[96,[44.8451,26.41566,0,[32.001,58.19501]]],[330,[47.71151,30.44402,0,[32.001,59.05494]]],[185,[49.03677,30.34328,0,[32.001,59.96811]]],[448,[47.88432,25.79031,0,[33.001,62.0795]]],[352,[10.33013,17.2013,0,[33.001,62.25275]]],[93,[49.41042,28.75593,0,[32.001,59.07854]]],[397,[50.12229,35.26797,0,[33.001,60.11671]]],[475,[49.47336,31.69313,0,[33.001,61.04541]]],[156,[25.13198,20.55126,0,[32.001,57.93501]]],[106,[48.28119,30.25795,0,[32.001,58.78617]]],[463,[48.76221,26.41253,0,[33.001,62.02496]]],[83,[48.85353,26.30146,0,[32.001,58.90197]]],[91,[50.24948,31.0423,0,[32.001,59.86964]]],[489,[50.05095,32.74621,0,[33.001,61.21999]]],[462,[50.56997,27.8594,0,[33.001,62.04146]]],[134,[51.24378,32.24056,0,[33.001,60.46798]]],[473,[50.63149,33.98411,0,[33.001,60.93232]]],[80,[49.96502,28.73176,0,[32.001,58.95386]]],[82,[49.34436,26.77086,0,[32.001,57.97674]]],[159,[51.35983,33.94258,0,[32.001,59.99261]]],[120,[50.76899,30.89229,0,[32.001,59.28673]]],[490,[51.20239,32.11244,0,[33.001,61.60087]]],[487,[51.82396,34.95497,0,[33.001,61.09531]]],[81,[50.69733,28.14402,0,[32.001,58.18565]]],[84,[50.10902,25.88652,0,[32.001,57.90038]]],[133,[51.96938,32.62339,0,[32.001,59.81118]]],[94,[45.38235,27.46871,0,[32.001,57.9308]]],[343,[52.47624,32.38241,0,[33.001,60.94349]]],[241,[52.59245,31.64325,0,[32.001,59.92739]]],[477,[51.7938,28.84131,0,[33.001,62.18046]]],[92,[51.39829,30.01155,0,[32.001,58.90885]]],[428,[53.10753,32.88915,0,[33.001,61.01336]]],[69,[51.49408,26.06367,0,[32.001,57.83509]]],[119,[53.22182,32.70657,0,[32.001,59.13605]]],[474,[52.5743,32.57972,0,[33.001,62.037]]],[67,[51.97758,27.99228,0,[32.001,58.71746]]],[427,[53.73244,34.11519,0,[33.001,60.22474]]],[78,[52.59609,29.83213,0,[32.001,58.83091]]],[457,[53.85263,33.69446,0,[33.001,61.28564]]],[146,[53.88119,35.49881,0,[32.001,59.9648]]],[442,[54.56416,33.65095,0,[33.001,61.03053]]],[108,[47.78908,28.0083,0,[32.001,57.95167]]],[66,[53.07611,28.73997,0,[32.001,58.01712]]],[105,[53.8251,31.83628,0,[32.001,58.88683]]],[101,[55.64077,40.44778,0,[33.001,60.10793]]],[212,[55.07459,35.1771,0,[33.001,60.11351]]],[476,[53.39594,30.36679,0,[33.001,62.01391]]],[52,[54.4863,29.05895,0,[32.001,57.92541]]],[472,[55.16148,34.35686,0,[33.001,61.1873]]],[88,[54.41806,34.66239,0,[32.001,59.00701]]],[99,[48.62673,23.89562,0,[32.001,57.86821]]],[503,[54.40841,34.68109,0,[33.001,62.09709]]],[226,[56.20891,32.6041,0,[33.001,60.04407]]],[65,[54.97945,30.37499,0,[32.001,59.0689]]],[104,[55.61567,33.12219,0,[32.001,58.98709]]],[454,[55.20845,23.01186,0,[33.001,62.27731]]],[425,[55.74761,36.4982,0,[33.001,61.19347]]],[71,[56.27245,38.88256,0,[32.001,59.60807]]],[38,[55.09929,29.41584,0,[32.001,57.99062]]],[441,[56.84329,36.92999,0,[33.001,60.665]]],[418,[40.92553,24.69311,0,[33.001,61.96234]]],[62,[56.20663,32.06986,0,[32.001,58.4943]]],[51,[56.75024,29.55186,0,[32.001,58.95288]]],[102,[57.0457,35.59032,0,[32.001,59.88713]]],[426,[56.31961,35.45129,0,[33.001,61.12053]]],[68,[52.3145,27.10348,0,[32.001,57.84917]]],[79,[57.50008,29.57586,0,[32.001,58.92033]]],[169,[57.60531,35.10352,0,[32.001,59.99057]]],[501,[57.95842,37.45933,0,[33.001,61.04481]]],[74,[58.11243,35.06065,0,[32.001,59.22786]]],[130,[57.39094,40.64751,0,[33.001,60.9825]]],[471,[58.64821,37.07698,0,[33.001,60.31193]]],[53,[53.92453,27.53652,0,[32.001,57.8137]]],[300,[58.79285,34.97698,0,[32.21304,59.99997]]],[488,[57.41282,35.26808,0,[33.001,62.08072]]],[517,[59.17797,38.19339,0,[33.001,61.06697]]],[54,[56.71841,27.60963,0,[32.001,57.85115]]],[72,[58.72789,38.5244,0,[32.001,58.92426]]],[456,[59.78115,36.79134,0,[33.001,60.11359]]],[519,[58.58357,35.36216,0,[33.001,61.4045]]],[486,[59.76411,37.37851,0,[33.001,61.20696]]],[77,[59.29973,32.34322,0,[32.001,58.97355]]],[529,[60.35629,38.78255,0,[33.001,60.17373]]],[110,[43.0903,25.74605,0,[32.001,57.96782]]],[432,[44.18171,26.93874,0,[33.001,61.87712]]],[491,[60.37282,32.45949,0,[33.001,61.26794]]],[25,[59.31321,31.06618,0,[32.001,57.8818]]],[90,[59.91714,33.40403,0,[32.001,59.08498]]],[86,[60.42034,40.16269,0,[32.001,59.99622]]],[478,[59.14691,28.54576,0,[33.001,62.15817]]],[50,[55.7356,30.24944,0,[32.001,57.89079]]],[76,[60.5834,32.78814,0,[32.001,58.96079]]],[89,[61.08222,34.16487,0,[32.001,59.45972]]],[506,[61.50703,34.66829,0,[33.001,60.50504]]],[35,[60.47297,32.06615,0,[32.001,57.88145]]],[33,[61.76805,33.19912,0,[32.001,58.97228]]],[492,[59.98695,30.88359,0,[33.001,62.27005]]],[75,[61.89035,34.06047,0,[32.63231,59.99999]]],[507,[60.99499,31.92877,0,[33.001,61.09792]]],[48,[61.13803,32.63972,0,[32.001,58.22087]]],[63,[62.32981,31.94492,0,[32.001,59.07397]]],[116,[62.63391,42.1984,0,[33.001,60.13574]]],[240,[62.06815,35.17723,0,[33.001,61.10609]]],[502,[56.06092,35.10567,0,[33.001,62.13448]]],[30,[62.59098,36.45944,0,[32.001,58.11269]]],[73,[62.80348,36.32177,0,[32.001,59.6698]]],[440,[63.19968,40.06643,0,[33.001,60.73512]]],[493,[60.85212,29.51162,0,[33.001,62.1511]]],[410,[63.92963,39.88004,0,[33.001,60.22078]]],[61,[63.28551,33.72261,0,[32.001,59.09802]]],[37,[57.45617,30.4641,0,[32.001,57.832]]],[541,[63.77404,42.92574,0,[33.001,61.2788]]],[494,[61.59952,30.23077,0,[33.001,61.82086]]],[485,[64.48995,39.36495,0,[33.001,60.25515]]],[87,[63.87025,37.41301,0,[32.001,59.15553]]],[522,[64.31282,33.11831,0,[33.001,61.71416]]],[499,[64.80959,42.59771,0,[33.001,61.17392]]],[49,[58.09658,31.24508,0,[32.001,58.11248]]],[521,[62.68578,37.07362,0,[33.001,61.25721]]],[192,[65.06161,41.20728,0,[33.001,60.1124]]],[509,[65.13218,31.32675,0,[33.001,62.10934]]],[44,[64.41569,36.44869,0,[32.001,59.04615]]],[56,[65.01273,39.80729,0,[32.001,59.23845]]],[508,[62.37196,35.07769,0,[33.001,62.16445]]],[24,[61.90553,31.8508,0,[32.001,57.90421]]],[500,[65.4316,41.06846,0,[33.001,61.00502]]],[43,[65.55657,37.43182,0,[32.001,58.97814]]],[542,[66.13861,41.65258,0,[33.001,61.06245]]],[470,[65.8034,40.80845,0,[33.001,60.15876]]],[158,[65.84617,39.85912,0,[32.001,59.95507]]],[21,[64.94505,34.39914,0,[32.001,58.13565]]],[98,[46.51706,24.71883,0,[32.001,57.97685]]],[504,[67.06976,39.66065,0,[33.001,60.04988]]],[60,[66.19712,35.54964,0,[32.001,59.09801]]],[543,[65.8352,36.0224,0,[33.001,62.07177]]],[531,[67.52744,39.90855,0,[33.001,60.87115]]],[47,[66.20927,33.34127,0,[32.001,57.9934]]],[70,[67.1827,42.32516,0,[32.001,59.79765]]],[22,[65.51696,33.43432,0,[32.001,57.87881]]],[516,[66.72887,40.12143,0,[33.001,60.92499]]],[46,[66.79096,34.96125,0,[32.001,58.99305]]],[422,[31.3528,20.63425,0,[33.001,62.02518]]],[270,[68.07706,38.19994,0,[33.001,60.64737]]],[31,[67.00768,34.28198,0,[32.001,57.99268]]],[465,[58.11853,25.68575,0,[33.001,62.12867]]],[544,[67.17026,43.70675,0,[33.001,61.72329]]],[100,[67.92313,43.09221,0,[32.001,59.76854]]],[539,[69.05312,44.96624,0,[33.001,60.01612]]],[58,[67.54388,38.09769,0,[32.001,58.96871]]],[455,[68.97375,40.69689,0,[32.001,59.27913]]],[532,[68.66814,42.51658,0,[33.001,60.81028]]],[59,[68.33771,37.06332,0,[32.001,58.99744]]],[64,[59.87407,30.39598,0,[32.001,57.98677]]],[553,[68.39109,43.76997,0,[33.001,61.76046]]],[551,[69.58917,46.47276,0,[33.001,60.4512]]],[533,[70.10032,43.3675,0,[33.001,60.07299]]],[512,[68.95078,38.6747,0,[33.001,62.18426]]],[41,[69.57995,42.02207,0,[32.001,58.97819]]],[546,[70.67952,42.13075,0,[33.001,60.94489]]],[513,[69.20081,46.25055,0,[33.001,61.21082]]],[29,[63.75326,37.65907,0,[32.001,58.06414]]],[55,[70.12571,42.18408,0,[32.001,59.82022]]],[518,[71.1603,43.5763,0,[33.001,60.33462]]],[525,[70.11869,41.46101,0,[33.001,61.16492]]],[32,[67.65594,35.45472,0,[32.001,57.90275]]],[17,[70.51151,39.66051,0,[32.001,59.00206]]],[534,[69.72445,37.97132,0,[33.001,61.94229]]],[85,[71.03845,44.97752,0,[32.001,59.33893]]],[538,[71.57693,45.41033,0,[33.001,61.1785]]],[1,[71.05465,40.95249,0,[32.001,58.18769]]],[547,[71.89826,50.45524,0,[33.001,60.23919]]],[36,[58.7476,31.1305,0,[32.001,57.83226]]],[468,[70.49442,39.71435,0,[33.001,62.07243]]],[42,[71.59923,39.5851,0,[32.001,59.11161]]],[12,[64.39595,33.34726,0,[32.001,57.9396]]],[536,[71.12906,40.33442,0,[33.001,61.91003]]],[0,[72.21465,40.767,0,[32.001,58.9758]]],[469,[72.29257,41.3277,0,[33.001,61.03598]]],[117,[72.6112,40.93136,0,[32.001,59.71838]]],[540,[71.97427,45.42949,0,[32.001,59.99788]]],[550,[66.53117,41.30271,0,[33.001,62.06815]]],[9,[69.03549,37.83396,0,[32.001,58.17183]]],[34,[63.16452,32.07587,0,[32.001,58.01601]]],[528,[73.6339,45.90569,0,[33.001,60.18919]]],[552,[72.92252,48.87855,0,[33.001,60.73072]]],[7,[72.85274,40.6051,0,[32.001,58.09249]]],[498,[72.74692,42.53979,0,[33.001,61.84986]]],[484,[73.66214,44.55413,0,[32.001,59.86596]]],[26,[71.66418,38.16442,0,[32.001,58.00529]]],[467,[74.18041,44.83602,0,[33.001,60.98114]]],[115,[73.12508,44.21071,0,[32.001,59.04939]]],[514,[73.47039,48.21896,0,[33.001,61.20413]]],[28,[73.46565,40.99735,0,[32.001,58.19103]]],[549,[74.37817,48.69506,0,[32.001,59.73359]]],[483,[74.74281,44.25629,0,[33.001,60.76672]]],[201,[73.96221,38.47083,0,[32.001,58.97441]]],[527,[75.47167,49.73659,0,[33.001,60.47453]]],[510,[74.08208,42.07183,0,[33.001,62.07594]]],[57,[74.91949,39.99298,0,[32.001,59.33678]]],[480,[75.3229,42.67317,0,[33.001,61.53489]]],[23,[69.56093,34.04217,0,[32.001,57.83631]]],[145,[75.5264,46.87582,0,[32.001,59.90947]]],[524,[76.12811,48.14457,0,[33.001,60.99919]]],[10,[72.31456,37.18309,0,[32.001,57.88869]]],[2,[75.45219,40.58675,0,[32.001,58.81567]]],[466,[73.35713,39.22878,0,[33.001,62.25809]]],[464,[74.77676,39.9248,0,[33.001,61.92094]]],[530,[76.62859,49.03751,0,[33.001,60.24506]]],[18,[76.0359,39.72834,0,[32.001,59.13512]]],[27,[76.66529,45.9516,0,[32.001,59.45473]]],[479,[75.9016,39.37674,0,[33.001,62.00792]]],[535,[77.04292,47.00357,0,[33.001,60.99676]]],[19,[70.04442,36.39309,0,[32.001,58.40784]]],[3,[74.56,43.50075,0,[32.001,58.44194]]],[16,[77.28336,43.63648,0,[32.001,59.2562]]],[511,[77.53167,49.69304,0,[33.001,60.39868]]],[495,[76.62132,42.35427,0,[33.001,61.81027]]],[40,[77.81375,47.3721,0,[32.001,59.5595]]],[450,[78.14738,47.42244,0,[33.001,60.63327]]],[14,[74.02143,37.53325,0,[32.001,57.86879]]],[13,[75.85715,39.00813,0,[32.001,57.99298]]],[548,[78.79483,52.54863,0,[33.001,60.37689]]],[8,[78.37195,43.17899,0,[32.001,59.06105]]],[496,[78.94619,44.98611,0,[32.001,59.77085]]],[461,[49.61072,29.25685,0,[33.001,62.11228]]],[545,[77.61214,45.50525,0,[33.001,61.70638]]],[11,[75.08807,38.75286,0,[32.001,57.95922]]],[39,[78.95921,38.28992,0,[32.001,58.42366]]],[15,[76.52397,42.44908,0,[32.001,58.24997]]],[526,[79.55241,45.22064,0,[33.001,61.07403]]],[381,[23.86141,23.13531,0,[33.001,62.07138]]],[6,[77.90307,43.61351,0,[32.001,58.24473]]],[523,[80.13133,44.93256,0,[33.001,60.41163]]],[45,[68.29536,35.47917,0,[32.001,57.90692]]],[537,[78.33326,44.79722,0,[33.001,61.71303]]],[515,[79.78481,48.22736,0,[32.001,59.31882]]],[482,[78.9854,44.21959,0,[33.001,61.52348]]],[20,[77.22009,36.62433,0,[32.001,58.139]]],[481,[80.3591,37.20084,0,[33.001,61.51632]]],[4,[79.91515,40.53326,0,[32.001,58.21882]]],[520,[63.2986,34.45388,0,[33.001,61.9357]]],[449,[80.84964,44.8026,0,[33.001,60.1731]]],[505,[56.78897,33.39515,0,[33.001,61.88246]]],[5,[70.52091,37.8815,0,[32.001,57.83997]]],[554,[67.80654,42.14032,0,[33.001,61.90788]]],[497,[72.04435,35.84218,0,[33.001,62.04464]]]
1:[299,[34.18172,68.30299,0,[88.001,60.46886]]],[284,[33.68618,67.31447,0,[87.001,59.34955]]],[314,[34.24221,68.37437,0,[88.001,61.61207]]],[269,[33.82501,67.43768,0,[87.001,58.21214]]],[298,[34.88868,69.44847,0,[88.001,60.35855]]],[329,[34.86171,68.92056,0,[88.001,61.4747]]],[283,[34.32223,68.41615,0,[87.001,59.25802]]],[313,[35.46449,69.5283,0,[88.001,61.9393]]],[268,[34.45967,68.4775,0,[87.001,58.04435]]],[297,[35.63663,70.55231,0,[88.001,60.89252]]],[253,[34.91369,68.827,0,[87.001,58.83855]]],[282,[35.177,69.5471,0,[87.001,59.7998]]],[296,[35.8161,70.67257,0,[87.001,59.89161]]],[326,[36.38693,71.83709,0,[88.001,60.97182]]],[254,[35.30293,67.71988,0,[87.001,58.00763]]],[267,[35.72379,69.64738,0,[87.001,58.80626]]],[312,[36.26147,70.74528,0,[88.001,62.03204]]],[311,[36.94404,71.95718,0,[88.001,60.61297]]],[281,[36.35082,70.74316,0,[87.001,59.40305]]],[328,[37.13015,69.82331,0,[88.001,61.72598]]],[252,[36.13186,70.00333,0,[87.001,58.04252]]],[325,[36.93869,71.85683,0,[87.001,59.92192]]],[266,[36.70227,70.91964,0,[87.001,58.47111]]],[340,[37.66739,71.93361,0,[88.001,61.00128]]],[265,[37.31019,72.04919,0,[87.001,59.09439]]],[295,[38.06919,72.70879,0,[88.001,60.10833]]],[310,[38.37097,73.19669,0,[88.001,61.04454]]],[236,[37.34157,71.79968,0,[87.001,57.98954]]],[251,[37.89945,71.47935,0,[87.001,59.10782]]],[280,[38.76046,72.75841,0,[88.001,60.0025]]],[294,[38.95203,73.763,0,[88.001,61.09364]]],[339,[38.81406,73.46422,0,[88.001,62.17245]]],[235,[38.47893,72.39819,0,[87.001,58.93326]]],[279,[39.35642,73.98535,0,[88.001,60.33266]]],[238,[38.03751,69.31732,0,[87.001,58.00308]]],[264,[39.01952,72.97052,0,[87.001,59.24605]]],[324,[39.52594,73.98201,0,[88.001,61.98385]]],[351,[39.84467,73.39571,0,[88.001,61.06762]]],[293,[39.44188,73.81706,0,[87.001,59.97058]]],[250,[38.88044,72.04202,0,[87.001,58.00396]]],[234,[39.43666,73.15538,0,[87.001,58.45798]]],[350,[40.44399,74.50779,0,[88.001,60.56753]]],[341,[40.32827,71.79884,0,[88.001,61.75809]]],[249,[39.86472,73.38296,0,[87.001,59.24947]]],[233,[40.40924,74.42387,0,[87.001,59.49267]]],[309,[41.05808,74.56593,0,[88.001,60.58104]]],[362,[41.00665,72.74386,0,[88.001,61.69158]]],[237,[39.9468,71.49866,0,[87.001,58.01078]]],[222,[40.49818,72.39059,0,[87.001,58.24611]]],[221,[40.98346,73.03751,0,[87.001,58.88005]]],[263,[41.0906,74.33942,0,[87.001,59.94934]]],[338,[41.76844,75.00256,0,[88.001,60.97841]]],[360,[41.73919,74.82783,0,[88.001,62.06462]]],[278,[41.67831,74.42075,0,[87.001,59.77058]]],[208,[41.61554,74.38525,0,[87.001,58.6653]]],[368,[42.38302,75.60106,0,[88.001,60.79869]]],[209,[41.21624,73.35065,0,[87.001,57.86846]]],[361,[42.51737,74.04099,0,[88.001,61.87327]]],[220,[42.22241,74.5068,0,[87.001,59.50626]]],[323,[42.96001,75.60066,0,[88.001,60.62502]]],[198,[42.20164,75.02806,0,[87.001,58.25653]]],[369,[43.11673,74.67055,0,[88.001,61.79111]]],[248,[43.4757,75.87796,0,[88.001,60.21255]]],[219,[42.78998,75.05787,0,[87.001,59.16463]]],[349,[43.65228,75.92545,0,[88.001,61.31491]]],[232,[43.37735,75.67632,0,[87.001,59.10692]]],[262,[44.05939,76.51637,0,[88.001,60.27669]]],[239,[42.80584,70.08487,0,[87.001,58.04623]]],[207,[43.9224,75.69078,0,[87.001,59.41006]]],[375,[44.40365,76.2448,0,[88.001,61.14511]]],[396,[44.12739,74.00208,0,[88.001,62.13133]]],[223,[43.53576,71.81991,0,[87.001,58.03379]]],[200,[44.12045,74.27654,0,[87.001,58.30436]]],[308,[44.80344,75.7454,0,[88.001,60.37428]]],[247,[44.5404,75.99017,0,[87.001,59.36246]]],[342,[44.90785,73.16801,0,[88.001,61.76292]]],[337,[45.38115,76.1246,0,[88.001,61.00076]]],[292,[45.64439,76.15763,0,[88.001,60.02509]]],[191,[45.05242,75.3532,0,[87.001,58.90292]]],[199,[44.73812,74.3573,0,[87.001,57.99061]]],[277,[46.03949,76.63275,0,[88.001,61.00418]]],[385,[45.71099,75.05454,0,[88.001,62.01464]]],[206,[45.57597,76.91562,0,[87.001,59.303]]],[231,[46.41098,77.55595,0,[88.001,60.18792]]],[177,[45.55682,75.03109,0,[87.001,58.05428]]],[359,[46.46664,76.32307,0,[88.001,61.87101]]],[190,[46.09432,75.99133,0,[87.001,58.88068]]],[322,[46.84403,76.42722,0,[88.001,60.96954]]],[261,[46.46268,76.43488,0,[87.001,59.71326]]],[348,[47.42214,77.22791,0,[88.001,60.78417]]],[376,[47.31179,75.41154,0,[88.001,61.91729]]],[217,[47.02458,77.35651,0,[87.001,59.661]]],[168,[46.42859,74.87009,0,[87.001,57.99459]]],[218,[46.93395,76.11938,0,[87.001,58.55689]]],[307,[48.05456,76.88949,0,[88.001,60.5181]]],[384,[48.0313,75.78386,0,[88.001,61.65586]]],[197,[47.65155,76.28252,0,[87.001,59.33773]]],[383,[48.61523,76.95283,0,[88.001,60.52273]]],[224,[47.49112,72.52666,0,[87.001,58.17302]]],[291,[48.21985,76.37303,0,[87.001,59.26451]]],[184,[48.09053,76.20356,0,[87.001,58.12042]]],[409,[48.7159,75.27997,0,[88.001,61.75192]]],[336,[48.68649,76.39001,0,[87.001,59.97721]]],[367,[49.22971,76.74717,0,[88.001,61.12424]]],[205,[49.0618,77.832,0,[87.001,59.11748]]],[183,[48.71125,76.83958,0,[87.001,58.22984]]],[321,[49.81822,77.67194,0,[88.001,60.37646]]],[394,[49.75644,76.83921,0,[88.001,61.75439]]],[382,[50.30283,77.32397,0,[88.001,61.33008]]],[196,[50.35741,78.14771,0,[88.001,60.09359]]],[175,[49.62226,76.82007,0,[87.001,59.09603]]],[358,[50.85686,77.28889,0,[88.001,60.64826]]],[276,[50.38567,76.58752,0,[87.001,59.3847]]],[176,[49.74109,75.81533,0,[87.001,58.00978]]],[395,[50.86729,75.57455,0,[88.001,61.877]]],[189,[50.36778,76.77906,0,[87.001,58.25202]]],[306,[51.42331,77.73148,0,[88.001,60.54541]]],[290,[50.97094,77.29124,0,[87.001,59.45284]]],[393,[51.52488,77.17747,0,[88.001,61.72554]]],[246,[51.13211,76.81566,0,[87.001,58.33032]]],[347,[52.06926,78.22765,0,[88.001,60.18991]]],[374,[52.07916,77.63577,0,[88.001,61.29548]]],[260,[51.69997,77.53033,0,[87.001,59.11948]]],[335,[52.66798,78.38281,0,[88.001,60.00813]]],[407,[52.61126,76.03594,0,[88.001,61.85747]]],[211,[51.70719,74.31348,0,[87.001,58.0089]]],[357,[52.98631,78.40302,0,[88.001,60.9563]]],[230,[52.4984,77.70501,0,[87.001,59.10301]]],[204,[52.28083,78.51835,0,[87.001,58.07936]]],[275,[53.32516,79.00459,0,[88.001,60.03585]]],[353,[53.36901,74.44041,0,[88.001,61.98663]]],[373,[53.68056,78.62372,0,[88.001,60.96453]]],[174,[53.18053,77.87775,0,[87.001,59.13485]]],[157,[52.9419,74.85513,0,[87.001,58.09687]]],[391,[54.01378,79.03702,0,[88.001,60.03901]]],[366,[54.09844,77.69158,0,[88.001,61.95462]]],[365,[53.78244,78.28458,0,[87.001,59.06747]]],[423,[54.39125,75.31064,0,[88.001,61.01804]]],[380,[54.10576,78.70381,0,[87.001,59.97832]]],[195,[53.60688,78.32026,0,[87.001,57.9996]]],[390,[54.99431,79.89124,0,[88.001,60.78824]]],[245,[54.25476,77.9293,0,[87.001,58.47017]]],[392,[54.87607,78.1475,0,[88.001,61.8974]]],[141,[54.62112,77.65392,0,[87.001,59.59655]]],[346,[55.54882,79.78054,0,[88.001,60.87718]]],[320,[55.27947,78.05829,0,[87.001,59.87585]]],[194,[55.03915,79.33614,0,[87.001,58.8764]]],[406,[55.57843,77.20335,0,[88.001,61.99059]]],[155,[54.76733,77.6608,0,[87.001,57.91986]]],[334,[56.11845,79.31518,0,[88.001,60.85399]]],[305,[55.65731,78.09836,0,[87.001,59.04547]]],[356,[56.23837,79.87368,0,[88.001,61.9441]]],[319,[55.96966,78.84214,0,[87.001,59.97311]]],[167,[55.43832,76.74086,0,[87.001,57.98844]]],[402,[56.76603,80.76684,0,[88.001,60.94764]]],[289,[56.32222,78.60385,0,[87.001,59.09613]]],[259,[56.03739,78.8438,0,[87.001,58.06413]]],[345,[57.17972,80.62595,0,[88.001,60.0569]]],[405,[56.91196,78.12547,0,[88.001,62.0859]]],[404,[57.36671,79.40242,0,[88.001,61.4543]]],[165,[56.98831,77.79832,0,[87.001,58.85063]]],[333,[57.77866,80.79843,0,[88.001,60.73576]]],[244,[57.34521,79.64248,0,[87.001,59.66456]]],[144,[56.69248,75.50002,0,[87.001,57.9353]]],[372,[58.06062,80.37865,0,[88.001,61.91635]]],[229,[57.64658,79.24818,0,[87.001,58.58074]]],[187,[57.89677,79.36198,0,[87.001,59.62646]]],[304,[58.35023,80.62817,0,[88.001,60.83144]]],[186,[58.90358,81.78922,0,[88.001,60.20839]]],[364,[58.70969,80.967,0,[88.001,61.95587]]],[173,[58.43393,79.1685,0,[87.001,59.07213]]],[389,[59.1254,81.56832,0,[88.001,61.23511]]],[210,[58.10089,78.62347,0,[87.001,57.97006]]],[181,[58.98853,79.25612,0,[87.001,59.54041]]],[318,[59.58553,81.56063,0,[88.001,60.63871]]],[403,[59.72332,80.11988,0,[88.001,61.91046]]],[164,[59.26164,78.60683,0,[87.001,58.58595]]],[182,[58.70547,77.89944,0,[87.001,58.07752]]],[355,[59.58794,80.99796,0,[87.001,59.84662]]],[415,[60.1572,81.99801,0,[88.001,60.94284]]],[203,[59.91093,80.81398,0,[87.001,58.92501]]],[303,[60.22329,80.89685,0,[87.001,59.85561]]],[408,[60.47211,81.62765,0,[88.001,61.98266]]],[379,[60.78971,81.29964,0,[88.001,60.98727]]],[216,[59.69957,79.81856,0,[87.001,57.8983]]],[215,[61.29292,81.62576,0,[88.001,60.05298]]],[274,[60.65326,79.78185,0,[87.001,58.97637]]],[163,[60.37629,79.83163,0,[87.001,58.00428]]],[421,[61.15911,77.43256,0,[88.001,61.98924]]],[332,[61.49341,82.42534,0,[88.001,61.07445]]],[288,[61.89117,81.74568,0,[88.001,60.19925]]],[180,[61.27832,80.57404,0,[87.001,59.13]]],[401,[61.89328,82.47565,0,[88.001,62.02174]]],[317,[62.23517,82.99976,0,[88.001,61.09551]]],[140,[61.06899,78.57887,0,[87.001,58.05345]]],[179,[62.4571,82.86862,0,[88.001,60.06594]]],[153,[61.88955,78.88807,0,[87.001,58.98178]]],[142,[61.63428,76.77699,0,[87.001,57.9946]]],[228,[62.83747,82.22047,0,[88.001,61.09192]]],[420,[62.65225,78.65018,0,[88.001,62.12761]]],[172,[63.04495,81.73056,0,[88.001,60.07477]]],[162,[62.56565,80.88486,0,[87.001,58.96001]]],[188,[62.28334,80.62589,0,[87.001,57.98619]]],[302,[63.48832,83.14553,0,[88.001,60.96254]]],[371,[63.33939,81.51768,0,[88.001,62.02504]]],[258,[63.11389,80.45769,0,[87.001,59.86417]]],[138,[63.32153,79.72412,0,[87.001,58.84825]]],[388,[64.09975,82.74831,0,[88.001,60.78758]]],[152,[62.93501,80.13452,0,[87.001,58.01041]]],[363,[63.76102,81.50454,0,[87.001,59.73129]]],[419,[64.05376,79.10664,0,[88.001,61.89513]]],[344,[64.72937,82.66924,0,[88.001,60.55043]]],[287,[64.0953,81.45635,0,[87.001,58.83363]]],[171,[63.72381,81.7094,0,[87.001,57.99334]]],[378,[64.68139,82.76429,0,[88.001,61.80632]]],[273,[64.53883,81.07486,0,[87.001,59.58796]]],[437,[65.24004,77.92149,0,[88.001,61.24953]]],[151,[64.61605,81.05911,0,[87.001,58.28436]]],[272,[65.53822,82.7376,0,[88.001,60.30063]]],[202,[65.24123,82.85139,0,[87.001,59.24641]]],[438,[65.75845,76.5589,0,[88.001,62.04104]]],[370,[66.02678,83.14386,0,[88.001,61.0886]]],[243,[66.22389,82.73021,0,[88.001,60.05197]]],[126,[65.23125,78.85317,0,[87.001,58.10001]]],[137,[65.79757,81.0864,0,[87.001,58.96851]]],[417,[66.63759,80.97826,0,[88.001,61.03728]]],[439,[66.47971,77.08699,0,[88.001,62.10202]]],[331,[66.3734,82.96725,0,[87.181,59.99997]]],[150,[66.35977,82.33633,0,[87.001,58.91555]]],[154,[65.90234,79.9352,0,[87.001,57.89206]]],[414,[67.20906,84.20205,0,[88.001,60.97349]]],[257,[66.84148,82.49116,0,[87.001,59.90376]]],[452,[67.17327,78.73404,0,[88.001,62.06662]]],[178,[66.92732,83.85059,0,[87.001,58.81337]]],[377,[67.76347,84.73862,0,[88.001,60.83654]]],[161,[66.55948,81.96615,0,[87.001,57.87039]]],[271,[67.38234,83.55862,0,[87.001,59.6019]]],[416,[67.80949,81.70978,0,[88.001,61.95062]]],[286,[68.28598,84.04057,0,[88.001,60.51542]]],[160,[67.75085,83.44771,0,[87.001,58.73066]]],[112,[67.30175,78.73848,0,[87.001,57.99398]]],[227,[68.14693,82.7276,0,[87.001,59.69445]]],[400,[68.3734,84.39453,0,[88.001,61.66919]]],[399,[68.86366,85.4353,0,[88.001,60.99265]]],[147,[69.16982,87.67408,0,[88.001,60.08717]]],[136,[68.46362,82.48301,0,[87.001,58.8152]]],[436,[68.95872,78.75018,0,[88.001,62.10172]]],[125,[68.25903,79.83398,0,[87.001,57.80226]]],[135,[68.98901,83.59725,0,[87.001,59.19935]]],[316,[69.49065,84.28971,0,[88.001,61.07782]]],[193,[69.80099,82.99615,0,[88.001,60.15714]]],[111,[68.98855,79.87994,0,[87.001,58.00804]]],[430,[69.56659,84.28289,0,[88.001,62.16138]]],[139,[69.49345,80.08076,0,[87.001,58.79132]]],[413,[70.09258,85.35797,0,[88.001,61.683]]],[214,[69.79827,83.14691,0,[87.001,59.70991]]],[256,[70.40644,84.33437,0,[88.001,60.80609]]],[149,[70.10982,83.56509,0,[87.001,58.79298]]],[387,[70.84693,85.21509,0,[88.001,60.01398]]],[128,[69.77267,77.3512,0,[87.001,57.83202]]],[433,[70.77499,81.11632,0,[88.001,61.96967]]],[354,[71.13216,84.81335,0,[88.001,61.00521]]],[131,[70.70377,88.7841,0,[87.001,59.08735]]],[301,[71.47533,84.93278,0,[88.001,60.08908]]],[129,[70.48209,76.96336,0,[87.001,57.96839]]],[453,[71.51573,78.18408,0,[88.001,61.95978]]],[429,[71.86967,85.17353,0,[88.001,61.07178]]],[118,[71.35019,88.10522,0,[87.001,59.10062]]],[255,[72.11737,86.44948,0,[88.001,60.08099]]],[170,[71.12068,84.68484,0,[87.001,58.04749]]],[315,[72.48264,86.25484,0,[88.001,60.95864]]],[97,[71.83096,80.39076,0,[87.001,58.5989]]],[424,[72.26389,89.5768,0,[88.001,62.06619]]],[123,[72.13965,82.19823,0,[87.001,59.74251]]],[285,[73.02757,86.28516,0,[88.001,60.71157]]],[451,[72.92183,80.07626,0,[88.001,61.8233]]],[109,[72.49082,81.91265,0,[87.001,58.87327]]],[242,[72.81253,83.36835,0,[87.001,59.77248]]],[127,[72.23872,80.81871,0,[87.001,57.85527]]],[225,[73.61443,88.54761,0,[88.001,60.82486]]],[122,[73.21078,83.65955,0,[87.001,58.98602]]],[444,[73.49125,86.00314,0,[88.001,61.95678]]],[143,[72.88477,81.39526,0,[87.001,58.01988]]],[213,[73.47836,84.84192,0,[87.001,59.98704]]],[412,[74.05565,86.84124,0,[88.001,61.82814]]],[458,[74.36277,87.18216,0,[88.001,60.8379]]],[121,[73.79176,84.59,0,[87.001,58.9408]]],[386,[74.09296,86.90229,0,[87.001,59.86018]]],[114,[73.57385,78.21128,0,[87.001,57.91839]]],[431,[74.92963,84.12054,0,[88.001,61.10479]]],[435,[74.66817,78.90465,0,[88.001,62.10059]]],[124,[74.27554,81.68845,0,[87.001,58.11451]]],[148,[74.58897,85.71328,0,[87.001,59.01738]]],[443,[75.13616,87.04551,0,[88.001,60.09078]]],[445,[75.57045,84.83295,0,[88.001,61.06678]]],[132,[75.18258,89.19959,0,[87.001,59.98919]]],[434,[75.40191,79.79843,0,[88.001,62.12873]]],[107,[75.14885,83.7064,0,[87.001,58.87929]]],[411,[76.14281,88.7057,0,[88.001,60.77699]]],[166,[74.89571,83.32635,0,[87.001,57.88683]]],[103,[75.66918,88.26792,0,[87.001,59.4338]]],[446,[76.13148,83.38778,0,[88.001,61.89145]]],[113,[75.63959,79.94856,0,[87.001,58.15151]]],[459,[76.65937,87.15797,0,[88.001,60.4412]]],[447,[76.77136,82.39008,0,[88.001,61.85616]]],[95,[76.21655,82.71599,0,[87.001,59.22746]]],[398,[76.72219,88.05818,0,[87.001,59.99786]]],[460,[77.19682,85.64,0,[88.001,61.1164]]],[96,[76.3728,82.86617,0,[87.001,58.163]]],[330,[76.98311,85.61842,0,[87.001,59.03426]]],[185,[77.32301,85.39012,0,[87.001,59.97167]]],[448,[77.79667,81.38181,0,[88.001,61.04304]]],[352,[77.63953,98.12469,0,[88.001,62.09973]]],[93,[77.56702,83.84052,0,[87.001,58.97095]]],[397,[77.89841,89.44016,0,[87.001,59.86939]]],[475,[78.3639,86.80381,0,[88.001,60.98098]]],[156,[76.92634,85.62145,0,[87.001,57.93716]]],[106,[77.58614,85.58726,0,[87.001,57.86444]]],[463,[78.45955,81.65272,0,[88.001,62.06855]]],[83,[78.09468,81.4098,0,[87.001,58.40719]]],[91,[78.39183,86.14416,0,[87.001,59.35277]]],[489,[78.90394,88.08525,0,[88.001,60.70408]]],[462,[79.12891,83.06728,0,[88.001,61.93913]]],[134,[79.37531,87.31992,0,[88.001,60.01841]]],[473,[79.5201,89.12466,0,[88.001,61.09898]]],[80,[78.9537,84.03331,0,[87.001,58.91696]]],[82,[78.65941,82.09618,0,[87.001,57.97087]]],[159,[80.00282,90.07201,0,[88.001,60.50347]]],[120,[79.46897,85.99454,0,[87.001,59.41125]]],[490,[79.96368,87.39944,0,[88.001,61.91151]]],[487,[80.44198,90.10047,0,[88.001,61.34322]]],[81,[80.05737,83.45454,0,[87.001,59.11054]]],[84,[79.45959,81.52975,0,[87.001,58.17581]]],[133,[80.5771,88.72151,0,[88.001,60.20521]]],[94,[80.01525,84.10049,0,[87.001,58.00539]]],[343,[81.02656,87.43543,0,[88.001,61.05651]]],[241,[81.23544,87.65366,0,[88.001,60.04796]]],[477,[80.95028,84.02713,0,[88.001,62.16346]]],[92,[80.69328,85.10326,0,[87.001,58.96087]]],[428,[81.66209,87.97895,0,[88.001,61.03225]]],[69,[80.61148,81.54644,0,[87.001,57.88073]]],[119,[81.32454,87.83223,0,[87.001,59.96802]]],[474,[81.60658,87.76752,0,[88.001,62.13053]]],[67,[81.24293,83.33749,0,[87.001,58.88508]]],[427,[82.28947,89.15421,0,[88.001,60.58502]]],[78,[81.78471,84.97201,0,[87.001,59.18756]]],[457,[82.27276,88.79773,0,[88.001,61.86493]]],[146,[82.27119,90.53283,0,[87.001,59.95605]]],[442,[82.74944,88.70641,0,[88.001,61.17356]]],[108,[81.37379,84.27477,0,[87.001,57.82974]]],[66,[82.04276,84.13258,0,[87.001,58.06569]]],[105,[82.44456,87.06207,0,[87.001,58.88317]]],[101,[83.01492,94.51418,0,[87.001,59.92766]]],[212,[83.28728,90.23396,0,[88.001,60.92755]]],[476,[83.12563,85.57924,0,[88.001,62.00901]]],[52,[82.9874,84.39352,0,[87.001,58.83993]]],[472,[83.87324,89.61242,0,[88.001,60.81818]]],[88,[83.50862,89.6981,0,[87.001,59.22135]]],[99,[83.03323,80.6368,0,[87.001,57.75936]]],[503,[83.72578,89.95448,0,[88.001,61.92661]]],[226,[84.32716,87.64227,0,[88.001,60.14942]]],[65,[83.6871,85.48399,0,[87.001,58.05349]]],[104,[84.05909,88.17126,0,[87.001,59.00957]]],[454,[84.3782,78.47292,0,[88.001,61.71347]]],[425,[84.76292,91.52827,0,[88.001,60.8574]]],[71,[84.45583,93.90927,0,[87.001,59.78286]]],[38,[84.40307,85.0549,0,[87.001,58.12324]]],[441,[85.35246,91.9555,0,[88.001,60.90883]]],[418,[85.09703,88.79253,0,[88.001,61.92824]]],[62,[84.92759,87.18781,0,[87.001,58.9659]]],[51,[85.15158,84.76762,0,[87.001,59.98156]]],[102,[86.03036,91.68182,0,[88.001,60.88122]]],[426,[85.79861,90.56023,0,[88.001,61.93727]]],[68,[85.13577,83.66929,0,[87.001,57.94419]]],[79,[85.55333,84.66582,0,[87.001,58.97366]]],[169,[85.8097,90.15954,0,[87.001,59.94769]]],[501,[86.60825,92.52901,0,[88.001,61.02018]]],[74,[86.16158,90.11414,0,[87.001,58.98211]]],[130,[86.47038,95.73878,0,[88.001,62.09767]]],[471,[86.89611,92.13494,0,[88.001,60.07738]]],[53,[85.83298,84.49061,0,[87.001,57.9704]]],[300,[86.80246,89.79735,0,[87.001,59.31389]]],[488,[87.13653,90.62221,0,[88.001,61.61805]]],[517,[87.42643,93.25451,0,[88.001,60.611]]],[54,[86.54192,83.02171,0,[87.001,58.078]]],[72,[87.16616,93.63277,0,[87.001,58.46154]]],[456,[87.41821,90.9174,0,[87.001,59.79622]]],[519,[87.75673,90.50749,0,[88.001,61.83523]]],[486,[88.13944,92.6468,0,[88.001,60.82492]]],[77,[87.82752,87.4337,0,[87.001,59.06466]]],[529,[88.69533,93.83911,0,[88.001,60.03259]]],[110,[87.69949,85.35474,0,[87.001,57.98138]]],[432,[88.48124,92.10867,0,[88.001,61.88]]],[491,[88.91254,87.5719,0,[88.001,61.03772]]],[25,[88.41261,86.35994,0,[87.001,59.01567]]],[90,[88.81425,88.67725,0,[87.001,59.83752]]],[86,[89.51058,96.25597,0,[88.001,60.88691]]],[478,[89.27596,83.91673,0,[88.001,61.94415]]],[50,[88.48636,86.73905,0,[87.001,57.93264]]],[76,[89.18952,87.99449,0,[87.001,58.95429]]],[89,[89.4452,89.27247,0,[87.001,59.93535]]],[506,[90.12363,89.76022,0,[88.001,60.99324]]],[35,[89.22095,87.17534,0,[87.001,57.86641]]],[33,[89.84521,88.44675,0,[87.001,59.02253]]],[492,[89.90011,86.24522,0,[88.001,62.02145]]],[75,[90.11287,88.56008,0,[87.001,59.99332]]],[507,[90.6898,87.09212,0,[88.001,61.02937]]],[48,[89.95798,88.00941,0,[87.001,57.94378]]],[63,[90.41458,86.98935,0,[87.001,58.93529]]],[116,[90.75867,96.29571,0,[87.001,59.92956]]],[240,[91.24139,90.30238,0,[88.001,61.02891]]],[502,[90.60684,90.99119,0,[88.001,62.11992]]],[30,[90.77647,91.5713,0,[87.001,58.08316]]],[73,[91.14968,91.43053,0,[87.001,59.16595]]],[440,[91.79348,95.1311,0,[88.001,60.95298]]],[493,[91.35562,84.87853,0,[88.001,62.10025]]],[410,[91.57035,93.91666,0,[87.001,59.99006]]],[61,[91.70516,88.90524,0,[87.001,58.92558]]],[37,[91.33874,86.91003,0,[87.001,57.98903]]],[541,[92.40778,98.04997,0,[88.001,60.99474]]],[494,[92.12746,85.75699,0,[88.001,62.01028]]],[485,[92.70246,94.45948,0,[88.001,60.06678]]],[87,[92.30439,92.46057,0,[87.001,58.99257]]],[522,[93.0889,88.62214,0,[88.001,60.99573]]],[499,[93.34811,97.86886,0,[88.001,60.00671]]],[49,[92.02389,87.73278,0,[87.001,57.97424]]],[521,[92.83356,92.27187,0,[88.001,61.99026]]],[192,[92.8647,95.27726,0,[87.001,58.91702]]],[509,[93.68139,86.75995,0,[88.001,60.92915]]],[44,[92.63426,91.5937,0,[87.001,57.9135]]],[56,[93.3569,94.92368,0,[87.001,59.47751]]],[508,[93.56658,91.0051,0,[88.001,62.02386]]],[24,[93.31005,87.46019,0,[87.001,58.1517]]],[500,[94.18214,96.17339,0,[88.001,60.42158]]],[43,[93.87785,92.53583,0,[87.001,59.08357]]],[542,[94.24622,96.72556,0,[88.001,61.82774]]],[470,[94.21803,94.90079,0,[87.001,59.99823]]],[158,[94.67345,95.9417,0,[88.001,61.13601]]],[21,[94.43049,89.70055,0,[87.001,58.88577]]],[98,[93.97301,85.49104,0,[87.001,57.97865]]],[504,[95.26803,94.74533,0,[88.001,60.8711]]],[60,[94.80576,90.66542,0,[87.001,59.771]]],[543,[95.16156,91.19534,0,[88.001,62.02185]]],[531,[95.86275,94.99746,0,[88.001,60.87254]]],[47,[95.13932,88.5539,0,[87.001,58.76961]]],[70,[95.42307,97.35607,0,[87.001,59.75816]]],[22,[94.74886,88.88469,0,[87.001,57.95785]]],[516,[95.91061,95.23282,0,[88.001,61.98149]]],[46,[95.82573,90.06037,0,[87.001,58.96719]]],[422,[96.41819,100.2922,0,[88.001,61.05193]]],[270,[96.04576,92.37283,0,[87.001,59.9962]]],[31,[95.58337,89.50726,0,[87.001,57.95995]]],[465,[96.68792,83.54031,0,[88.001,62.07149]]],[544,[97.00844,99.19717,0,[88.001,61.04871]]],[100,[96.47941,98.20258,0,[87.001,59.0568]]],[539,[97.18445,100.0071,0,[88.001,60.00243]]],[58,[96.35166,93.20644,0,[87.001,57.99804]]],[455,[97.73757,96.74552,0,[88.001,60.03499]]],[532,[97.58701,97.54374,0,[88.001,61.09347]]],[59,[97.17814,92.14774,0,[87.001,58.9767]]],[64,[96.91497,87.22896,0,[87.001,58.00602]]],[553,[97.41409,98.81302,0,[88.001,62.14322]]],[551,[98.14534,101.5345,0,[88.001,60.83715]]],[533,[97.76633,97.42991,0,[87.001,59.71371]]],[512,[98.13816,94.13448,0,[88.001,61.99488]]],[41,[97.90654,97.08119,0,[87.001,58.64706]]],[546,[98.74318,97.21972,0,[88.001,60.35111]]],[513,[98.64809,101.4564,0,[88.001,61.51031]]],[29,[97.52565,94.47942,0,[87.001,57.87688]]],[55,[98.3703,97.23062,0,[87.001,59.24543]]],[518,[98.88112,97.79489,0,[87.19013,59.99995]]],[525,[99.23359,96.72395,0,[88.001,61.08186]]],[32,[98.37829,90.92348,0,[87.001,58.00476]]],[17,[98.93271,94.71476,0,[87.001,58.93355]]],[534,[99.16426,93.38026,0,[88.001,62.1708]]],[85,[99.33884,100.0139,0,[87.001,59.93]]],[538,[99.80337,100.4832,0,[88.001,61.01061]]],[1,[99.6175,96.16593,0,[87.001,58.981]]],[547,[100.3093,105.4983,0,[88.001,60.52339]]],[36,[99.07064,90.51614,0,[87.001,57.87185]]],[468,[99.83881,95.5382,0,[88.001,62.09943]]],[42,[100.19,94.75822,0,[87.001,59.74866]]],[12,[99.74464,91.2608,0,[87.001,57.90053]]],[536,[100.4637,95.60937,0,[88.001,61.74422]]],[0,[100.2109,95.87392,0,[87.001,58.65603]]],[469,[100.8526,96.38741,0,[88.001,60.86163]]],[117,[100.7442,95.97515,0,[87.001,59.83758]]],[540,[101.475,101.4908,0,[88.001,60.92204]]],[550,[101.2084,98.69574,0,[88.001,61.91011]]],[9,[100.9761,93.54372,0,[87.001,58.84287]]],[34,[100.6359,91.54515,0,[87.001,57.91313]]],[528,[101.3228,99.98854,0,[87.001,59.9929]]],[552,[102.1279,103.9369,0,[88.001,60.98209]]],[7,[101.6104,95.74749,0,[87.001,59.04147]]],[498,[101.8583,97.71236,0,[88.001,61.97152]]],[484,[102.2348,100.1938,0,[87.57762,59.99998]]],[26,[101.4194,93.62009,0,[87.001,57.99209]]],[467,[102.7903,99.92619,0,[88.001,60.85896]]],[115,[102.2461,99.29179,0,[87.001,59.07194]]],[514,[102.6046,103.3514,0,[88.00099,61.96738]]],[28,[102.0533,96.12965,0,[87.001,58.02464]]],[549,[103.2274,104.739,0,[88.001,60.04113]]],[483,[103.3763,99.31438,0,[88.001,61.09605]]],[201,[102.8092,93.57191,0,[87.001,58.96643]]],[527,[103.8345,104.7921,0,[88.001,60.09381]]],[510,[103.3115,97.42187,0,[88.001,62.19262]]],[57,[103.3704,95.04428,0,[87.001,58.97003]]],[480,[103.9408,97.75578,0,[88.001,61.1857]]],[23,[102.746,90.36163,0,[87.001,57.88245]]],[145,[103.9209,101.9133,0,[87.001,59.51112]]],[524,[104.4246,103.2181,0,[88.001,60.59998]]],[10,[103.3767,93.52089,0,[87.001,57.86998]]],[2,[103.9066,95.70846,0,[87.001,58.34813]]],[466,[104.0937,94.89629,0,[88.001,62.25434]]],[464,[104.6598,95.21638,0,[88.001,61.64252]]],[530,[105.0039,104.076,0,[88.001,60.61549]]],[18,[104.4619,94.78403,0,[87.001,59.33719]]],[27,[104.9668,101.0138,0,[87.001,59.94033]]],[479,[105.2586,94.82431,0,[88.001,62.00918]]],[535,[105.5808,102.0943,0,[88.001,61.02617]]],[19,[104.4529,93.38926,0,[87.001,58.07207]]],[3,[104.9859,99.16689,0,[87.001,58.78198]]],[16,[105.4852,98.69165,0,[87.001,59.29445]]],[511,[106.0787,104.7219,0,[88.001,60.50621]]],[495,[105.9898,97.68986,0,[88.001,61.88226]]],[40,[106.0165,102.3883,0,[87.001,59.73611]]],[450,[106.4978,102.4585,0,[88.001,61.44542]]],[14,[105.3385,93.48503,0,[87.001,57.9274]]],[13,[105.8918,94.29239,0,[87.001,58.40511]]],[548,[106.8754,107.5804,0,[88.001,60.64521]]],[8,[106.4806,98.23796,0,[87.001,59.08598]]],[496,[106.8174,100.0282,0,[87.001,59.97176]]],[461,[107.0839,104.7568,0,[88.001,62.02692]]],[545,[107.4519,100.8022,0,[88.001,61.0446]]],[11,[106.5052,94.53078,0,[87.001,57.97018]]],[39,[107.309,93.51322,0,[87.001,59.4413]]],[15,[107.0505,97.74638,0,[87.001,58.44317]]],[526,[107.9798,100.3525,0,[88.001,60.52487]]],[381,[107.9082,114.7969,0,[88.001,61.80067]]],[6,[107.8589,99.5361,0,[87.001,59.1868]]],[523,[108.5541,100.0225,0,[88.001,60.40253]]],[45,[107.6648,95.49529,0,[87.001,58.0825]]],[537,[108.5919,100.863,0,[88.001,61.66056]]],[515,[108.4876,103.3689,0,[87.001,59.48118]]],[482,[109.1208,99.9008,0,[88.001,61.00247]]],[20,[108.4201,93.11182,0,[87.001,58.24405]]],[481,[109.4935,92.51414,0,[88.001,60.04484]]],[4,[109.0923,96.10233,0,[87.001,58.63778]]],[520,[109.649,99.80602,0,[88.001,61.72585]]],[449,[109.6133,99.09852,0,[87.001,59.61404]]],[505,[110.0966,107.6823,0,[88.001,60.8828]]],[5,[109.9143,97.77198,0,[87.001,58.45219]]],[554,[110.3886,108.3055,0,[87.001,59.57986]]],[497,[110.8774,98.13468,0,[88.001,60.97206]]]

Travel Distances:
[299,91.93764],[284,91.94146],[314,91.87574],[269,91.77431],[298,91.66222],[329,91.17764],[283,93.74841],[313,92.52672],[268,93.44574],[297,93.26953],[253,92.9804],[282,93.18884],[296,95.03516],[326,95.0463],[254,93.04664],[267,94.1963],[312,94.17294],[311,94.06328],[281,96.02773],[328,93.51451],[252,95.69023],[325,95.97578],[266,95.47909],[340,94.54128],[265,97.41119],[295,96.51254],[327,94.95689],[310,96.44353],[236,97.02448],[251,95.66884],[280,95.22658],[294,97.82949],[339,97.78769],[235,97.41785],[279,97.26835],[238,95.07191],[264,96.92793],[324,96.86835],[351,95.6982],[293,98.84612],[250,98.21559],[234,98.26569],[350,97.60253],[341,95.07477],[249,97.63406],[233,99.5761],[309,98.41957],[362,96.64712],[237,97.52708],[222,97.36581],[221,97.05677],[263,98.14748],[338,97.43614],[360,99.26205],[278,99.05875],[208,99.14031],[368,98.81825],[209,98.86793],[361,96.96142],[220,97.9999],[323,99.57642],[198,100.588],[369,98.17854],[248,98.90211],[219,99.4591],[349,98.42709],[232,100.8895],[262,100.3701],[239,96.3056],[207,99.8081],[375,99.12637],[396,97.32861],[223,96.70934],[200,100.0011],[308,99.70727],[247,100.8509],[342,97.01488],[337,99.23801],[292,98.82739],[191,99.13685],[199,100.7918],[277,100.3589],[385,99.12461],[206,101.6816],[231,100.4515],[177,99.78342],[359,98.96639],[190,99.77365],[322,100.4246],[261,101.2567],[348,100.0868],[376,98.38003],[217,101.0615],[168,99.91136],[218,100.2288],[307,100.6316],[384,99.38807],[197,100.9347],[383,99.62777],[224,97.49003],[291,99.89832],[184,101.9214],[409,99.44781],[336,100.948],[367,100.0859],[205,101.6649],[183,101.3069],[321,100.0109],[394,101.1226],[382,100.5285],[196,101.3841],[175,101.4953],[358,99.4951],[276,101.7798],[176,102.2994],[395,99.45844],[189,101.9481],[306,100.7943],[290,101.317],[393,99.66049],[246,102.5238],[347,102.0735],[374,101.1224],[260,102.0935],[335,101.0274],[407,100.4614],[211,100.8131],[357,102.2335],[230,102.6719],[204,103.9028],[275,102.1817],[353,97.35271],[373,101.0548],[174,101.4868],[157,100.9162],[391,102.9363],[366,101.1471],[365,102.6556],[423,98.29903],[380,102.3987],[195,102.9447],[390,103.6189],[245,103.284],[392,102.0659],[141,102.278],[346,102.5443],[320,101.4076],[194,103.2045],[406,101.7065],[155,104.0492],[334,102.9496],[305,102.697],[356,103.0723],[319,102.7758],[167,101.7697],[402,103.1157],[289,103.8642],[259,104.6239],[345,104.1983],[405,101.9995],[404,102.506],[165,101.7937],[333,102.9885],[244,104.9172],[144,101.9415],[372,104.1529],[229,103.9413],[187,103.5222],[304,103.6809],[186,103.9125],[364,105.3367],[173,104.2668],[389,105.1788],[210,104.2201],[181,103.2602],[318,104.2876],[403,104.3828],[164,104.0451],[182,104.1797],[355,105.7908],[415,105.4731],[203,104.9464],[303,104.4112],[408,104.356],[379,103.5157],[216,104.3577],[215,104.9882],[274,104.4275],[163,104.9925],[421,100.7785],[332,105.1989],[288,105.9059],[180,105.9652],[401,106.3071],[317,106.4202],[140,104.3885],[179,105.8269],[153,102.9729],[142,101.3491],[228,104.3956],[420,103.0768],[172,105.5396],[162,105.6339],[188,105.9175],[302,106.0414],[371,104.5941],[258,104.1466],[138,104.9587],[388,106.4461],[152,106.0492],[363,105.9207],[419,102.7629],[344,105.178],[287,105.2056],[171,106.0705],[378,105.2169],[273,105.933],[437,101.3223],[151,105.7594],[272,105.6292],[202,106.3563],[438,100.8898],[370,107.0362],[243,106.2391],[126,104.2974],[137,105.4455],[417,103.5893],[439,99.90258],[331,106.1433],[150,107.5356],[154,106.0208],[414,107.679],[257,106.7292],[452,102.1442],[178,107.805],[377,107.1286],[161,108.6113],[271,108.6478],[416,105.8658],[286,107.2489],[160,107.8353],[112,103.8521],[227,106.4172],[400,107.3462],[399,107.616],[147,111.2697],[136,107.5229],[436,102.4471],[125,105.2512],[135,107.5749],[316,107.2121],[193,105.3144],[111,105.7877],[430,108.6677],[139,105.037],[413,108.9493],[214,107.4935],[256,107.1501],[149,107.3083],[387,109.3356],[128,103.7306],[433,105.3512],[354,108.3408],[131,113.2997],[301,107.8791],[129,101.9257],[453,100.8972],[429,107.3775],[118,113.3751],[255,110.1779],[170,110.2426],[315,109.1681],[97,104.7034],[424,112.756],[123,105.8802],[285,110.0734],[451,103.9868],[109,106.8984],[242,107.7027],[127,106.2686],[225,111.1294],[122,107.2106],[444,108.682],[143,107.517],[213,109.7555],[412,110.2984],[458,110.3217],[121,108.8719],[386,110.5929],[114,102.9498],[431,108.0244],[435,103.0351],[124,107.0477],[148,110.4303],[443,110.5325],[445,107.5482],[132,112.5271],[434,102.6049],[107,109.29],[411,112.2683],[166,109.3394],[103,112.721],[446,106.78],[113,104.4988],[459,109.6855],[447,106.534],[95,108.041],[398,112.5175],[460,108.945],[96,108.0842],[330,109.5973],[185,108.6023],[448,105.4526],[352,122.4548],[93,108.6034],[397,113.5274],[475,109.7768],[156,111.6543],[106,110.3131],[463,104.2647],[83,107.1001],[91,111.2595],[489,111.9898],[462,106.3578],[134,110.315],[473,111.6983],[80,108.058],[82,108.635],[159,113.7517],[120,110.9444],[490,111.1612],[487,112.8944],[81,107.2182],[84,106.5578],[133,111.2481],[94,107.9639],[343,111.0323],[241,110.963],[477,107.7882],[92,109.6421],[428,110.3975],[69,108.1],[119,112.9957],[474,111.9357],[67,108.7456],[427,112.4779],[78,109.2459],[457,111.6809],[146,115.7376],[442,112.7759],[108,111.3675],[66,109.969],[105,112.0971],[101,118.3665],[212,113.1786],[476,108.9462],[52,108.347],[472,113.4897],[88,114.6191],[99,106.4475],[503,113.8044],[226,110.6693],[65,110.0664],[104,111.9654],[454,101.1254],[425,113.6528],[71,118.7293],[38,110.1214],[441,114.9608],[418,112.0315],[62,111.3],[51,108.2458],[102,115.3653],[426,114.4463],[68,109.3045],[79,109.5212],[169,114.3474],[501,115.0966],[74,115.6078],[130,120.3065],[471,116.1514],[53,110.7165],[300,114.0806],[488,113.9437],[517,116.2094],[54,107.8166],[72,119.1726],[456,115.9883],[519,114.4691],[486,116.1035],[77,111.7295],[529,116.3977],[110,109.6377],[432,114.6416],[491,111.4413],[25,111.4003],[90,112.9567],[86,118.8862],[478,106.7857],[50,111.635],[76,111.5766],[89,114.1623],[506,113.2573],[35,112.6087],[33,112.7206],[492,109.5338],[75,112.1717],[507,109.4676],[48,113.9699],[63,112.0569],[116,120.5216],[240,113.5307],[502,114.6286],[30,115.9742],[73,115.0404],[440,119.1662],[493,109.1011],[410,118.6258],[61,113.2549],[37,112.0333],[541,120.8767],[494,108.6642],[485,116.8465],[87,117.6204],[522,112.2237],[499,121.0529],[49,113.5172],[521,115.8015],[192,119.3117],[509,109.0883],[44,118.0023],[56,120.0295],[508,115.1652],[24,112.5864],[500,119.4527],[43,116.733],[542,119.6731],[470,118.2049],[158,120.0161],[21,114.7183],[98,111.33],[504,117.8349],[60,114.8001],[543,114.0479],[531,118.9794],[47,114.0526],[70,122.3553],[22,115.2258],[516,118.6546],[46,114.2189],[422,123.1262],[270,116.1561],[31,114.1781],[465,107.562],[544,122.8412],[100,123.1339],[539,123.5146],[58,118.4389],[455,119.1431],[532,120.0186],[59,115.589],[64,113.2407],[553,123.4892],[551,124.9156],[533,121.7876],[512,117.3894],[41,121.2143],[546,119.6228],[513,125.648],[29,121.2517],[55,122.4267],[518,121.9063],[525,119.9497],[32,115.953],[17,118.7258],[534,116.0994],[85,123.1756],[538,124.5816],[1,120.8489],[547,128.6099],[36,116.1852],[468,118.9666],[42,118.3377],[12,115.6075],[536,119.8546],[0,121.2977],[469,120.3065],[117,120.4166],[540,124.1199],[550,121.5463],[9,117.5102],[34,118.0577],[528,125.1463],[552,127.3607],[7,120.3119],[498,121.208],[484,123.5603],[26,118.6896],[467,122.1115],[115,124.6187],[514,127.5138],[28,121.84],[549,128.2028],[483,122.3649],[201,117.8141],[527,127.0854],[510,122.0851],[57,120.2063],[480,121.6679],[23,116.775],[145,126.0433],[524,126.2671],[10,118.6454],[2,119.8092],[466,118.0214],[464,119.3773],[530,128.0104],[18,119.7669],[27,124.8167],[479,117.9592],[535,124.7873],[19,118.2253],[3,123.1428],[16,123.6128],[511,128.3662],[495,121.4932],[40,126.2873],[450,125.2051],[14,118.7079],[13,118.4717],[548,129.7756],[8,123.22],[496,124.3337],[461,128.1723],[545,123.7252],[11,121.4412],[39,118.8618],[15,123.6076],[526,124.2791],[381,138.6205],[6,123.7239],[523,122.8079],[45,119.9987],[537,123.2966],[515,128.3656],[482,123.4707],[20,118.2247],[481,115.3554],[4,119.8819],[520,122.2099],[449,123.8113],[505,131.0623],[5,121.9123],[554,133.4882],[497,121.9844]

Finish Times:
[299,47.1607],[284,47.2407],[314,47.3607],[269,47.72071],[298,47.88071],[329,47.88071],[283,48.00072],[313,48.60073],[268,48.64073],[297,48.64073],[253,48.68073],[282,48.72073],[296,49.32075],[326,49.40075],[254,49.44075],[267,49.44075],[312,49.52075],[311,49.92076],[281,49.96076],[328,50.24077],[252,50.32077],[325,50.48077],[266,50.52077],[340,50.68078],[265,51.00079],[295,51.12079],[327,51.16079],[310,51.36079],[236,51.4808],[251,51.6008],[280,51.8008],[294,52.00081],[339,52.08081],[235,52.28082],[279,52.36082],[238,52.40082],[264,52.68082],[324,52.72083],[351,52.84083],[293,53.00083],[250,53.24084],[234,53.32084],[350,53.44084],[341,53.48084],[249,53.52084],[233,53.96085],[309,54.08086],[362,54.20086],[237,54.24086],[222,54.32086],[221,54.60087],[263,54.60087],[338,54.84087],[360,55.04088],[278,55.20088],[208,55.36089],[368,55.36089],[209,55.40089],[361,55.64089],[220,55.8409],[323,56.0009],[198,56.2009],[369,56.44091],[248,56.52091],[219,56.56091],[349,56.76092],[232,57.04092],[262,57.08092],[239,57.20093],[207,57.48093],[375,57.56094],[396,57.56094],[223,57.60094],[200,57.96095],[308,58.00095],[247,58.16095],[342,58.28095],[337,58.44096],[292,58.68096],[191,58.88097],[199,59.00097],[277,59.12097],[385,59.12097],[206,59.20097],[231,59.56098],[177,59.72099],[359,59.80099],[190,59.84099],[322,60.00099],[261,60.12099],[348,60.561],[376,60.64101],[217,60.72101],[168,60.76101],[218,60.76101],[307,61.12102],[384,61.24102],[197,61.36102],[383,61.68103],[224,61.76103],[291,61.84103],[184,62.04104],[409,62.08104],[336,62.24104],[367,62.36105],[205,62.72105],[183,62.76105],[321,62.84106],[394,63.00106],[382,63.40107],[196,63.44107],[175,63.48107],[358,63.88108],[276,64.04108],[176,64.08109],[395,64.12109],[189,64.40109],[306,64.48109],[290,64.5611],[393,64.9211],[246,65.00111],[347,65.08111],[374,65.28111],[260,65.40112],[335,65.68112],[407,65.96113],[211,66.08113],[357,66.08113],[230,66.12113],[204,66.20113],[275,66.40114],[353,66.72115],[373,66.80115],[174,66.88115],[157,67.04115],[391,67.04115],[366,67.44116],[365,67.48116],[423,67.52116],[380,67.68117],[195,67.84117],[390,68.12118],[245,68.16118],[392,68.16118],[141,68.28118],[346,68.64119],[320,68.84119],[194,68.8812],[406,69.0012],[155,69.1212],[334,69.1612],[305,69.40121],[356,69.52121],[319,69.56121],[167,69.76122],[402,69.80122],[289,70.00122],[259,70.08122],[345,70.24123],[405,70.28123],[404,70.48123],[165,70.80124],[333,70.88124],[244,70.96124],[144,71.04124],[372,71.24125],[229,71.44125],[187,71.48125],[304,71.48125],[186,71.92126],[364,72.08127],[173,72.16127],[389,72.24127],[210,72.28127],[181,72.56128],[318,72.64128],[403,72.96129],[164,73.04129],[182,73.08129],[355,73.12129],[415,73.24129],[203,73.6413],[303,73.76131],[408,73.80131],[379,73.88131],[216,73.92131],[215,74.32132],[274,74.32132],[163,74.44132],[421,74.52132],[332,74.60133],[288,74.96133],[180,75.04134],[401,75.20134],[317,75.28134],[140,75.40134],[179,75.56135],[153,75.64135],[142,75.80135],[228,75.92136],[420,76.00136],[172,76.12136],[162,76.32137],[188,76.44137],[302,76.56137],[371,76.60137],[258,76.72137],[138,77.12138],[388,77.16138],[152,77.24139],[363,77.32139],[419,77.44139],[344,77.7614],[287,77.8414],[171,77.9214],[378,77.9214],[273,78.12141],[437,78.32141],[151,78.52142],[272,78.56142],[202,78.88142],[438,79.00143],[370,79.04143],[243,79.28143],[126,79.32143],[137,79.56144],[417,79.72144],[439,79.72144],[331,79.92145],[150,80.28146],[154,80.28146],[414,80.28146],[257,80.40146],[452,80.56146],[178,80.80147],[377,80.80147],[161,80.96147],[271,81.00147],[416,81.00147],[286,81.40148],[160,81.56149],[112,81.64149],[227,81.72149],[400,81.72149],[399,81.92149],[147,82.2015],[136,82.2415],[436,82.4015],[125,82.56151],[135,82.60151],[316,82.60151],[193,82.84151],[111,83.12152],[430,83.12152],[139,83.28152],[413,83.28152],[214,83.36153],[256,83.60153],[149,83.88154],[387,83.96154],[128,84.04154],[433,84.04154],[354,84.24155],[131,84.44155],[301,84.52155],[129,84.68156],[453,84.88156],[429,84.92156],[118,85.00156],[255,85.16157],[170,85.28157],[315,85.56158],[97,85.64158],[424,85.64158],[123,85.72158],[285,86.08159],[451,86.16159],[109,86.28159],[242,86.4016],[127,86.5616],[225,86.7216],[122,86.92161],[444,86.92161],[143,87.04161],[213,87.08161],[412,87.40162],[458,87.44162],[121,87.56162],[386,87.68163],[114,87.84163],[431,88.08163],[435,88.16164],[124,88.28164],[148,88.28164],[443,88.28164],[445,88.68165],[132,88.84165],[434,88.92165],[107,88.96165],[411,89.20166],[166,89.24166],[103,89.40166],[446,89.48167],[113,89.68167],[459,89.76167],[447,89.96168],[95,90.08168],[398,90.36169],[460,90.36169],[96,90.52169],[330,90.8417],[185,90.8817],[448,91.0017],[352,91.1217],[93,91.28171],[397,91.48171],[475,91.52171],[156,91.60172],[106,91.80172],[463,91.92172],[83,92.00172],[91,92.04173],[489,92.04173],[462,92.48174],[134,92.52174],[473,92.72174],[80,92.80174],[82,93.04175],[159,93.16175],[120,93.20175],[490,93.36176],[487,93.64176],[81,93.72176],[84,93.72176],[133,93.72176],[94,93.92177],[343,94.20177],[241,94.36178],[477,94.36178],[92,94.44178],[428,94.80179],[69,94.96179],[119,95.00179],[474,95.08179],[67,95.2018],[427,95.3218],[78,95.56181],[457,95.64181],[146,95.96181],[442,95.96181],[108,96.08182],[66,96.28182],[105,96.28182],[101,96.56183],[212,96.56183],[476,96.60183],[52,96.72183],[472,97.08184],[88,97.12184],[99,97.32185],[503,97.32185],[226,97.48185],[65,97.68185],[104,97.76186],[454,97.76186],[425,97.92186],[71,98.12186],[38,98.48187],[441,98.52187],[418,98.60188],[62,98.64188],[51,98.80188],[102,99.16189],[426,99.16189],[68,99.32189],[79,99.32189],[169,99.44189],[501,99.7619],[74,99.96191],[130,99.96191],[471,100.0019],[53,100.0419],[300,100.4419],[488,100.4419],[517,100.5219],[54,100.7219],[72,101.0019],[456,101.0019],[519,101.1619],[486,101.2819],[77,101.5219],[529,101.7219],[110,101.882],[432,101.882],[491,102.042],[25,102.202],[90,102.402],[86,102.682],[478,102.682],[50,102.722],[76,102.922],[89,103.082],[506,103.242],[35,103.442],[33,103.562],[492,103.562],[75,103.722],[507,103.842],[48,104.082],[63,104.122],[116,104.402],[240,104.402],[502,104.402],[30,104.842],[73,104.882],[440,104.962],[493,105.002],[410,105.202],[61,105.562],[37,105.602],[541,105.602],[494,105.682],[485,105.842],[87,106.202],[522,106.2421],[499,106.4021],[49,106.4421],[521,106.5221],[192,106.6421],[509,106.8821],[44,106.9621],[56,106.9621],[508,107.2421],[24,107.3221],[500,107.3621],[43,107.5621],[542,107.6821],[470,107.8821],[158,107.9621],[21,108.2821],[98,108.2821],[504,108.4421],[60,108.5221],[543,108.6421],[531,109.0021],[47,109.0421],[70,109.0421],[22,109.0821],[516,109.5221],[46,109.6021],[422,109.6021],[270,109.6421],[31,109.7621],[465,110.1221],[544,110.1621],[100,110.2821],[539,110.2821],[58,110.8022],[455,110.8022],[532,110.8422],[59,110.9222],[64,110.9622],[553,111.0022],[551,111.3222],[533,111.4022],[512,111.6022],[41,111.8022],[546,111.8022],[513,111.9622],[29,112.0022],[55,112.0422],[518,112.4022],[525,112.4022],[32,112.6422],[17,112.8022],[534,112.8822],[85,112.9222],[538,113.0022],[1,113.3222],[547,113.4422],[36,113.5622],[468,113.6022],[42,113.7622],[12,113.8822],[536,113.9622],[0,114.0022],[469,114.0422],[117,114.3222],[540,114.6822],[550,114.6822],[9,114.7622],[34,114.9622],[528,114.9622],[552,115.3223],[7,115.4423],[498,115.5223],[484,115.5623],[26,115.6823],[467,115.9223],[115,116.0023],[514,116.0423],[28,116.2423],[549,116.3223],[483,116.4823],[201,116.7623],[527,116.8423],[510,116.9623],[57,117.0823],[480,117.1223],[23,117.3223],[145,117.4823],[524,117.4823],[10,117.5623],[2,117.7623],[466,117.7623],[464,117.9623],[530,118.0423],[18,118.1223],[27,118.6423],[479,118.6823],[535,118.6823],[19,118.8023],[3,118.8423],[16,119.1623],[511,119.1623],[495,119.3223],[40,119.6024],[450,119.6824],[14,119.7224],[13,119.8024],[548,119.8824],[8,120.2024],[496,120.4024],[461,120.4424],[545,120.5224],[11,120.9624],[39,120.9624],[15,121.0024],[526,121.0424],[381,121.1224],[6,121.5224],[523,121.6024],[45,121.7624],[537,121.9224],[515,122.0424],[482,122.2024],[20,122.2824],[481,122.6024],[4,122.8424],[520,122.8424],[449,123.2024],[505,123.2824],[5,123.7225],[554,123.9625],[497,124.0425]

Stuck Times:
[299,0],[284,0],[314,0],[269,0],[298,0],[329,0],[283,0],[313,0],[268,0],[297,0],[253,0],[282,0],[296,0],[326,0],[254,1],[267,0],[312,0],[311,0],[281,0],[328,2],[252,0],[325,0],[266,0],[340,0],[265,0],[295,0],[327,2],[310,0],[236,0],[251,2],[280,2],[294,0],[339,1],[235,1],[279,0],[238,3],[264,2],[324,1],[351,3],[293,1],[250,2],[234,2],[350,2],[341,5],[249,2],[233,2],[309,3],[362,4],[237,4],[222,5],[221,4],[263,3],[338,3],[360,3],[278,4],[208,4],[368,4],[209,5],[361,4],[220,4],[323,4],[198,4],[369,5],[248,5],[219,5],[349,5],[232,6],[262,6],[239,9],[207,8],[375,5],[396,8],[223,8],[200,7],[308,8],[247,7],[342,9],[337,8],[292,9],[191,8],[199,8],[277,9],[385,8],[206,7],[231,8],[177,8],[359,7],[190,9],[322,10],[261,8],[348,10],[376,10],[217,9],[168,11],[218,9],[307,11],[384,12],[197,11],[383,11],[224,12],[291,10],[184,11],[409,12],[336,13],[367,12],[205,12],[183,12],[321,13],[394,12],[382,12],[196,13],[175,13],[358,12],[276,13],[176,14],[395,13],[189,14],[306,14],[290,13],[393,14],[246,15],[347,13],[374,15],[260,14],[335,15],[407,16],[211,15],[357,15],[230,16],[204,15],[275,17],[353,18],[373,16],[174,16],[157,18],[391,16],[366,15],[365,17],[423,18],[380,16],[195,16],[390,16],[245,18],[392,17],[141,17],[346,19],[320,17],[194,18],[406,19],[155,17],[334,19],[305,18],[356,18],[319,18],[167,19],[402,18],[289,21],[259,21],[345,20],[405,19],[404,19],[165,20],[333,21],[244,21],[144,22],[372,19],[229,21],[187,21],[304,21],[186,21],[364,21],[173,21],[389,22],[210,23],[181,22],[318,21],[403,22],[164,22],[182,22],[355,22],[415,21],[203,24],[303,23],[408,20],[379,21],[216,25],[215,25],[274,24],[163,22],[421,23],[332,25],[288,25],[180,23],[401,23],[317,24],[140,25],[179,24],[153,22],[142,28],[228,27],[420,25],[172,26],[162,24],[188,26],[302,24],[371,26],[258,28],[138,25],[388,26],[152,24],[363,27],[419,25],[344,27],[287,26],[171,26],[378,27],[273,27],[437,29],[151,26],[272,28],[202,29],[438,31],[370,29],[243,28],[126,28],[137,28],[417,29],[439,29],[331,29],[150,29],[154,30],[414,31],[257,31],[452,29],[178,31],[377,31],[161,30],[271,30],[416,29],[286,32],[160,29],[112,31],[227,31],[400,30],[399,31],[147,30],[136,30],[436,31],[125,31],[135,30],[316,32],[193,32],[111,31],[430,30],[139,33],[413,32],[214,33],[256,32],[149,31],[387,32],[128,35],[433,33],[354,35],[131,30],[301,36],[129,34],[453,34],[429,33],[118,31],[255,34],[170,33],[315,37],[97,34],[424,33],[123,34],[285,36],[451,35],[109,34],[242,35],[127,36],[225,33],[122,34],[444,35],[143,37],[213,37],[412,35],[458,36],[121,36],[386,37],[114,39],[431,35],[435,38],[124,36],[148,36],[443,36],[445,36],[132,36],[434,37],[107,36],[411,37],[166,39],[103,35],[446,37],[113,41],[459,38],[447,38],[95,37],[398,38],[460,38],[96,38],[330,40],[185,41],[448,39],[352,34],[93,41],[397,41],[475,40],[156,42],[106,40],[463,40],[83,43],[91,41],[489,39],[462,41],[134,41],[473,41],[80,41],[82,41],[159,41],[120,41],[490,40],[487,42],[81,41],[84,42],[133,42],[94,41],[343,45],[241,44],[477,41],[92,45],[428,44],[69,44],[119,42],[474,42],[67,45],[427,43],[78,44],[457,44],[146,43],[442,45],[108,46],[66,44],[105,44],[101,43],[212,45],[476,43],[52,46],[472,44],[88,43],[99,49],[503,43],[226,47],[65,45],[104,46],[454,48],[425,45],[71,45],[38,47],[441,47],[418,45],[62,46],[51,49],[102,46],[426,44],[68,49],[79,49],[169,49],[501,47],[74,48],[130,45],[471,47],[53,50],[300,50],[488,46],[517,48],[54,50],[72,48],[456,48],[519,48],[486,49],[77,52],[529,48],[110,52],[432,47],[491,49],[25,51],[90,52],[86,50],[478,51],[50,51],[76,51],[89,51],[506,50],[35,52],[33,53],[492,51],[75,52],[507,51],[48,52],[63,52],[116,51],[240,54],[502,53],[30,53],[73,53],[440,52],[493,53],[410,52],[61,53],[37,55],[541,53],[494,52],[485,52],[87,53],[522,54],[499,53],[49,56],[521,53],[192,53],[509,53],[44,55],[56,54],[508,52],[24,57],[500,53],[43,57],[542,55],[470,54],[158,56],[21,58],[98,58],[504,55],[60,57],[543,56],[531,56],[47,57],[70,55],[22,58],[516,56],[46,57],[422,59],[270,58],[31,58],[465,60],[544,54],[100,55],[539,57],[58,58],[455,56],[532,58],[59,58],[64,62],[553,56],[551,57],[533,59],[512,56],[41,60],[546,58],[513,55],[29,60],[55,58],[518,61],[525,59],[32,61],[17,59],[534,59],[85,59],[538,57],[1,58],[547,61],[36,62],[468,58],[42,61],[12,65],[536,59],[0,59],[469,56],[117,62],[540,59],[550,61],[9,62],[34,65],[528,61],[552,61],[7,63],[498,56],[484,60],[26,64],[467,54],[115,60],[514,63],[28,64],[549,61],[483,58],[201,65],[527,57],[510,58],[57,64],[480,61],[23,68],[145,66],[524,55],[10,64],[2,63],[466,62],[464,64],[530,64],[18,66],[27,64],[479,63],[535,56],[19,67],[3,64],[16,67],[511,58],[495,62],[40,65],[450,58],[14,67],[13,66],[548,66],[8,66],[496,61],[461,58],[545,62],[11,67],[39,68],[15,69],[526,65],[381,58],[6,67],[523,64],[45,70],[537,64],[515,71],[482,67],[20,72],[481,71],[4,70],[520,68],[449,69],[505,62],[5,72],[554,66],[497,68]

