Experiment Name: Custom-ConnectedCaverns3
Method Used: PathFollowingLowerNumberOfPaths
Run Number: 0
Preparation Time: 0.0002ms
Pathfinding Time: 23.1488ms
Finish Time: 133.3616ms
Finish Time 90%: 123.0824ms
Repaths: 0
Soft Repaths: 0

Gates Data:
15:[974,[19.88891,39.71373,0,[134.3293,95.00097]]],[973,[19.41384,38.54646,0,[132.9998,93.79093]]],[968,[20.03253,39.94987,0,[133.5159,94.00095]]],[969,[20.49599,40.97417,0,[134.9997,95.33914]]],[958,[20.85218,41.58033,0,[133.9997,94.81912]]],[959,[21.33736,42.6308,0,[134.9996,95.73451]]],[967,[19.85067,38.16059,0,[132.9996,92.40188]]],[945,[21.61302,43.06905,0,[134.3178,95.00092]]],[944,[21.13092,41.91375,0,[133.4093,94.00092]]],[970,[21.14315,42.27383,0,[135.9996,96.52112]]],[928,[22.0386,43.69721,0,[133.9995,94.57919]]],[957,[20.39704,39.18855,0,[132.7811,92.00088]]],[943,[21.69969,42.42254,0,[132.9995,93.80053]]],[946,[22.0762,44.08527,0,[135.1669,96.00078]]],[929,[22.28786,44.36211,0,[134.9606,95.00084]]],[927,[22.22682,43.30298,0,[132.9995,93.67767]]],[911,[22.47693,44.51735,0,[133.9995,94.29257]]],[930,[22.76717,45.3026,0,[135.556,96.00085]]],[956,[21.08634,39.13234,0,[132.5456,92.00081]]],[912,[22.90546,45.53528,0,[134.9996,95.07017]]],[893,[23.07915,45.71495,0,[133.9993,94.39157]]],[910,[22.71997,44.22522,0,[132.9995,93.49255]]],[926,[21.7724,41.25617,0,[132.3897,92.00082]]],[913,[23.44892,46.47179,0,[135.618,96.00055]]],[894,[23.82505,46.97781,0,[134.0761,95.00074]]],[892,[23.57234,45.99883,0,[133.2329,94.00078]]],[895,[23.95586,47.01547,0,[134.9992,95.37431]]],[931,[23.5603,46.56786,0,[135.9992,97.03024]]],[909,[22.48879,42.33834,0,[132.6428,92.00082]]],[874,[24.00107,46.80759,0,[133.9993,94.1513]]],[960,[21.85857,43.69311,0,[135.9996,96.7198]]],[875,[24.62485,48.16683,0,[134.4043,95.00069]]],[876,[24.77591,48.60085,0,[135.3218,96.00079]]],[855,[24.64017,47.95109,0,[133.8028,94.00071]]],[873,[24.15044,46.83325,0,[132.9993,93.55314]]],[857,[25.09295,49.37501,0,[134.9991,95.23238]]],[872,[24.58721,46.21314,0,[132.9993,93.24883]]],[896,[24.09167,47.97758,0,[135.9995,96.28349]]],[925,[24.07141,42.33142,0,[132.6079,92.00072]]],[856,[25.2954,49.32303,0,[133.9991,94.58711]]],[877,[25.88724,49.91342,0,[134.999,95.76634]]],[835,[26.02412,50.00241,0,[134.1722,95.00049]]],[891,[23.3086,44.15508,0,[132.9994,92.64005]]],[854,[25.52168,48.61787,0,[132.9992,93.92815]]],[837,[26.25737,50.38156,0,[134.9991,95.07587]]],[897,[25.22136,49.20274,0,[135.999,96.63834]]],[858,[26.3002,50.59965,0,[135.5739,96.00053]]],[972,[23.55218,38.18599,0,[132.1501,92.00075]]],[814,[26.46393,50.95875,0,[133.9991,94.40888]]],[834,[25.88931,49.49213,0,[133.6592,94.0008]]],[836,[27.1938,50.89203,0,[134.2971,95.0006]]],[914,[25.52776,48.51314,0,[135.999,97.6759]]],[971,[22.14042,44.15181,0,[136.5974,98.00041]]],[853,[24.90563,46.65046,0,[132.9994,92.66656]]],[813,[27.00745,50.82887,0,[133.8328,94.00059]]],[833,[26.57585,49.02673,0,[132.9992,93.65791]]],[790,[28.01153,52.85708,0,[134.044,95.00065]]],[816,[27.29332,52.44755,0,[134.9991,95.73341]]],[908,[25.48121,44.10429,0,[132.9994,92.58716]]],[878,[26.40261,50.79083,0,[135.999,96.82435]]],[812,[27.10706,50.08431,0,[132.9992,93.28068]]],[955,[24.92723,40.25374,0,[132.0284,92.00076]]],[789,[27.75591,52.1681,0,[133.6965,94.00051]]],[838,[28.13854,52.5666,0,[135.348,96.0004]]],[852,[26.01168,47.02196,0,[132.9992,92.26553]]],[898,[28.1241,50.80775,0,[135.999,96.80428]]],[788,[27.67764,51.27348,0,[132.9992,93.26515]]],[871,[25.74567,45.61586,0,[131.9993,91.99785]]],[815,[28.06407,52.35542,0,[134.9991,95.02646]]],[791,[28.7961,53.84632,0,[134.9991,95.42268]]],[760,[28.28671,53.39526,0,[133.9992,94.1005]]],[811,[26.70904,49.00911,0,[132.8566,92.00066]]],[915,[27.44491,49.72565,0,[135.999,97.73251]]],[761,[29.04444,54.11622,0,[133.9991,94.69806]]],[817,[29.15054,53.76246,0,[135.4928,96.00046]]],[787,[28.40277,51.64242,0,[132.9992,93.50819]]],[729,[29.46977,54.91691,0,[133.9991,94.11113]]],[832,[26.47177,47.32035,0,[131.9992,91.7021]]],[859,[29.39843,52.1258,0,[135.999,96.71908]]],[762,[29.62191,55.10122,0,[134.5067,95.00049]]],[810,[27.29907,48.90166,0,[132.9535,92.00056]]],[763,[30.00503,55.53887,0,[134.9991,95.76574]]],[727,[30.12567,54.59984,0,[133.9992,94.14601]]],[759,[29.34132,53.66153,0,[132.9991,93.97994]]],[948,[24.19913,46.8849,0,[136.438,98.00095]]],[728,[30.48161,55.96548,0,[134.4239,95.0005]]],[758,[28.76686,52.47508,0,[132.9992,92.84393]]],[792,[30.07722,54.11515,0,[135.9991,96.03224]]],[726,[29.81331,54.55743,0,[132.9991,93.46343]]],[785,[29.56656,50.87661,0,[132.9991,92.25509]]],[730,[30.84739,56.77238,0,[134.9991,95.57377]]],[839,[30.38737,53.83753,0,[135.9992,97.19002]]],[941,[27.19833,41.7196,0,[131.9992,91.47344]]],[690,[30.75476,55.94698,0,[133.9991,94.07185]]],[725,[30.70164,54.29156,0,[132.9992,93.65518]]],[757,[29.01408,51.545,0,[132.8163,92.00052]]],[691,[31.56282,57.52456,0,[133.9991,94.96371]]],[793,[30.8186,54.93627,0,[135.9991,96.02021]]],[964,[30.17831,43.12319,0,[132.9992,92.34171]]],[689,[31.71508,56.78308,0,[133.6665,94.00034]]],[647,[32.33283,59.05505,0,[134.012,95.00041]]],[786,[28.00614,50.05397,0,[132.9992,92.18336]]],[692,[31.70799,57.54803,0,[134.9991,95.60982]]],[961,[26.92455,46.14878,0,[136.999,98.591]]],[756,[30.8182,52.23524,0,[132.9992,92.49203]]],[648,[32.43794,58.79092,0,[134.999,95.08466]]],[942,[29.90594,41.69682,0,[131.9992,91.55547]]],[731,[31.99269,56.69905,0,[135.6597,96.00053]]],[644,[32.32955,57.98103,0,[133.7133,94.0004]]],[724,[31.48399,54.68064,0,[132.9991,93.40916]]],[851,[28.02286,46.24816,0,[131.9992,91.6362]]],[933,[29.17028,49.69223,0,[135.999,97.65283]]],[693,[33.29895,59.08477,0,[134.9992,95.41492]]],[818,[31.29858,54.8442,0,[135.9992,97.20354]]],[688,[32.24597,55.95124,0,[132.9991,93.27786]]],[764,[32.1808,57.23481,0,[135.999,96.88416]]],[599,[33.55075,61.23506,0,[133.9992,94.81482]]],[646,[32.75919,58.49321,0,[133.999,94.34405]]],[870,[28.7577,46.39602,0,[131.9993,91.79171]]],[549,[33.89875,62.25563,0,[134.7327,95.00053]]],[879,[31.03741,52.55208,0,[136.3651,98.00094]]],[597,[33.54742,59.97049,0,[133.2784,94.0006]]],[643,[33.85912,58.58348,0,[133.9993,94.14202]]],[687,[32.91644,57.00657,0,[132.9991,93.40913]]],[860,[33.25621,53.97069,0,[135.999,97.70654]]],[694,[34.30524,59.79305,0,[134.999,95.95571]]],[932,[32.51426,49.86302,0,[136.999,98.58746]]],[594,[34.12858,58.54078,0,[132.9992,93.55289]]],[645,[34.87947,59.67564,0,[133.9991,94.74901]]],[642,[33.32217,57.74234,0,[132.9992,92.88102]]],[601,[34.88495,61.23243,0,[134.999,95.00158]]],[840,[33.90713,54.56022,0,[135.999,96.8327]]],[686,[31.74891,55.22758,0,[132.9991,92.21198]]],[596,[35.34349,60.09247,0,[133.9992,94.12514]]],[595,[34.61788,59.45829,0,[133.4632,94.00056]]],[899,[34.69367,53.41986,0,[135.999,97.68134]]],[547,[36.21617,62.14096,0,[133.9992,94.63105]]],[641,[32.47839,56.34903,0,[132.9991,92.271]]],[649,[35.51634,61.634,0,[135.0981,96.00029]]],[722,[33.99818,53.90303,0,[132.9993,92.35075]]],[831,[30.78962,48.28452,0,[131.9991,91.8399]]],[640,[36.26789,59.12143,0,[133.0792,94.00056]]],[600,[36.05348,62.45105,0,[134.999,95.20019]]],[684,[33.48778,55.36135,0,[132.502,92.00059]]],[794,[35.23402,56.88005,0,[135.999,96.77824]]],[602,[35.90969,62.71857,0,[135.8561,96.00024]]],[720,[34.68618,55.9398,0,[132.9992,93.05895]]],[765,[36.61353,58.69526,0,[135.999,96.82829]]],[809,[31.30773,49.85132,0,[132.6278,92.00054]]],[551,[37.54868,64.69061,0,[134.999,95.98685]]],[593,[35.39181,60.34821,0,[132.9992,93.73289]]],[861,[35.99494,54.94253,0,[135.999,97.7334]]],[544,[36.658,61.83426,0,[133.6069,94.00047]]],[603,[37.48385,63.38632,0,[135.999,96.71413]]],[754,[34.67717,53.12981,0,[132.7179,92.00053]]],[598,[37.00294,61.45765,0,[134.9991,95.03247]]],[683,[35.97854,56.33466,0,[132.9992,92.76509]]],[819,[37.43062,57.19787,0,[135.999,97.66903]]],[545,[37.12134,63.27619,0,[133.9991,94.41736]]],[685,[33.06118,53.86319,0,[131.9992,91.49406]]],[543,[37.93249,64.37106,0,[133.9991,94.6618]]],[947,[22.75314,45.23629,0,[135.9994,97.05045]]],[890,[31.84618,44.83189,0,[131.9992,91.4585]]],[541,[37.6493,63.47004,0,[132.9991,93.7394]]],[546,[37.97622,63.66798,0,[134.9991,95.37045]]],[592,[38.53095,63.21945,0,[133.9991,94.70724]]],[638,[36.98345,59.30262,0,[132.9992,93.21053]]],[497,[38.84359,65.0596,0,[135.9583,96.00031]]],[681,[38.33609,61.02306,0,[133.0705,94.0005]]],[495,[38.76292,65.33527,0,[134.9991,95.45187]]],[548,[38.07301,63.45474,0,[135.7849,96.0006]]],[553,[39.05441,65.11354,0,[135.9991,97.07663]]],[682,[36.95721,57.11398,0,[132.9991,92.08688]]],[889,[32.53043,46.46286,0,[131.9991,91.7434]]],[591,[39.46933,65.04096,0,[134.647,95.00058]]],[590,[39.08441,63.02274,0,[133.9992,94.4725]]],[752,[39.02245,56.82377,0,[133.0104,94.00054]]],[650,[38.43501,62.65416,0,[135.999,97.66061]]],[637,[37.82912,60.05379,0,[132.9991,92.86705]]],[496,[40.02354,66.62665,0,[134.9991,95.91853]]],[721,[35.24399,55.03641,0,[132.9992,92.52014]]],[491,[40.30558,66.7159,0,[134.5946,95.00041]]],[540,[39.87044,64.82912,0,[133.9991,94.26847]]],[589,[39.74453,63.21256,0,[133.0864,94.00056]]],[962,[35.55823,50.41339,0,[136.999,98.58928]]],[550,[39.86732,64.45672,0,[135.999,96.74228]]],[808,[36.61017,50.27051,0,[131.9993,91.45806]]],[499,[40.73835,66.20763,0,[134.999,95.716]]],[538,[40.4393,64.65156,0,[133.9991,94.10014]]],[695,[40.09137,62.52722,0,[135.999,97.71899]]],[829,[39.07058,53.22012,0,[132.9991,92.99261]]],[492,[41.31517,67.75305,0,[134.9992,95.26314]]],[782,[35.76429,52.1578,0,[132.3096,92.0006]]],[719,[36.27644,55.02871,0,[132.9106,92.00063]]],[539,[41.18851,65.93652,0,[133.999,94.7571]]],[501,[40.95979,66.05955,0,[135.999,96.66164]]],[639,[40.38736,59.95229,0,[132.9991,93.68384]]],[498,[41.94306,67.16909,0,[135.9991,96.80356]]],[489,[41.85303,67.18665,0,[133.9991,94.71876]]],[830,[34.20245,48.16453,0,[131.9991,91.67989]]],[718,[39.64314,57.3022,0,[132.9992,92.82629]]],[916,[34.31219,52.00829,0,[136.999,98.59267]]],[443,[42.74035,69.36901,0,[134.9991,95.22881]]],[444,[41.91737,68.97352,0,[134.999,95.00571]]],[488,[41.70013,66.57178,0,[133.2979,94.00037]]],[636,[41.12997,61.07516,0,[132.9991,93.64612]]],[542,[42.17426,67.70547,0,[135.1788,96.00034]]],[445,[42.64484,69.9735,0,[135.7516,96.00013]]],[399,[43.3826,71.79077,0,[134.9992,95.13335]]],[398,[42.78515,69.77982,0,[133.9991,94.74878]]],[552,[42.74895,67.42345,0,[135.999,97.72279]]],[441,[42.19748,67.22493,0,[133.8634,94.00058]]],[635,[41.3417,59.95852,0,[132.9991,92.79846]]],[502,[43.11309,67.7636,0,[135.999,96.76306]]],[733,[43.68859,62.73951,0,[135.999,97.67499]]],[357,[44.29584,71.5249,0,[134.1006,95.00052]]],[442,[43.39699,69.94733,0,[133.9991,94.62312]]],[537,[42.79783,63.93527,0,[132.9991,93.27747]]],[397,[43.15507,69.05138,0,[133.3807,94.00043]]],[869,[38.10396,47.84903,0,[132.4888,92.00034]]],[494,[43.97484,68.63536,0,[135.9991,96.67368]]],[490,[44.14071,68.93643,0,[134.9991,95.7722]]],[401,[45.04214,72.1311,0,[134.9992,95.83067]]],[587,[40.48399,60.89497,0,[132.9991,92.70403]]],[651,[41.24229,64.38963,0,[135.999,97.6718]]],[922,[38.41176,47.2915,0,[132.9992,92.76965]]],[396,[43.77477,69.62934,0,[133.9455,94.00043]]],[753,[39.87229,54.58586,0,[132.8633,92.00069]]],[588,[42.19207,62.2193,0,[132.9992,93.35825]]],[841,[39.11594,56.5836,0,[136.999,98.59978]]],[359,[44.89436,73.54066,0,[134.44,95.00021]]],[450,[44.49745,70.02378,0,[135.999,97.61598]]],[680,[42.22016,57.55563,0,[132.9991,92.27855]]],[440,[43.74896,66.69231,0,[132.9991,93.4651]]],[751,[40.83538,55.05313,0,[132.6335,92.00062]]],[355,[44.47579,71.10076,0,[133.9992,94.10159]]],[358,[45.63256,71.83005,0,[134.9991,95.64414]]],[732,[42.14106,61.01871,0,[136.999,98.59782]]],[395,[45.15858,69.37075,0,[133.9992,94.04012]]],[439,[44.45842,67.84633,0,[132.9992,93.53362]]],[723,[35.23126,52.78114,0,[131.9992,91.48832]]],[438,[45.15491,67.66145,0,[132.9992,93.67813]]],[356,[45.94525,72.62244,0,[134.0347,95.0005]]],[795,[45.46761,61.09895,0,[135.999,97.70358]]],[484,[43.70591,65.1279,0,[132.9991,92.35436]]],[447,[44.86121,70.62331,0,[135.999,96.72073]]],[487,[43.07824,63.20207,0,[132.9991,92.51173]]],[277,[46.07314,74.79667,0,[134.9991,95.12742]]],[696,[46.19534,63.98892,0,[135.999,96.9081]]],[400,[45.59283,71.7886,0,[135.9473,96.00008]]],[354,[45.93238,71.35253,0,[133.6298,94.00072]]],[353,[45.3663,70.12088,0,[132.9992,92.9108]]],[402,[47.09684,72.49712,0,[135.9991,96.20563]]],[820,[46.9512,61.15296,0,[135.999,97.68885]]],[319,[47.5826,74.26651,0,[134.9992,95.55227]]],[316,[46.44621,73.5574,0,[133.9991,94.47778]]],[276,[47.01128,75.15372,0,[134.3823,95.00021]]],[485,[43.17779,64.17044,0,[131.9991,91.87041]]],[275,[47.91925,75.41172,0,[133.9992,94.93936]]],[486,[43.77452,62.90781,0,[131.9991,91.78992]]],[503,[47.9455,68.59386,0,[135.9992,97.53064]]],[273,[48.26556,75.80367,0,[133.9991,94.28979]]],[783,[40.42675,52.2477,0,[131.9992,91.44108]]],[320,[48.56234,76.07712,0,[134.9991,95.9521]]],[314,[47.82183,73.58746,0,[133.4786,94.00061]]],[318,[48.34124,73.99076,0,[134.6574,95.00042]]],[394,[46.04144,68.65494,0,[132.9991,93.20713]]],[271,[49.25444,76.32188,0,[133.2303,94.00063]]],[924,[37.57326,42.89637,0,[131.9992,91.32794]]],[533,[44.32039,63.45538,0,[132.9992,92.37785]]],[312,[48.66779,74.17218,0,[132.9991,93.66528]]],[448,[48.24927,71.68902,0,[135.9991,96.57937]]],[238,[48.97285,76.09932,0,[134.9992,95.25307]]],[315,[46.93877,73.61921,0,[133.9991,94.01086]]],[279,[48.87683,76.15177,0,[135.7255,96.00065]]],[232,[49.26754,77.27275,0,[133.9992,94.71127]]],[270,[49.81813,76.9918,0,[132.9992,93.46383]]],[274,[46.77101,73.53083,0,[132.9991,93.77841]]],[393,[48.94498,68.79403,0,[132.9992,92.77109]]],[272,[47.74777,73.86899,0,[132.9992,93.03334]]],[842,[46.56762,58.28952,0,[136.999,98.59753]]],[317,[49.99087,76.20805,0,[134.9992,95.91246]]],[231,[49.59365,78.11436,0,[133.9992,94.04972]]],[313,[47.21589,72.88171,0,[132.999,93.25861]]],[195,[49.71016,78.0621,0,[134.507,95.00058]]],[500,[48.8652,69.33642,0,[135.9991,97.64385]]],[310,[48.19608,74.3166,0,[132.9991,92.53979]]],[233,[50.55495,78.2949,0,[134.1122,95.00051]]],[350,[46.89544,71.42676,0,[132.9991,92.14293]]],[953,[39.03513,44.21844,0,[132.6426,92.00043]]],[766,[47.81257,62.31055,0,[136.9992,98.10456]]],[361,[49.49136,74.58202,0,[135.999,96.83624]]],[483,[49.35057,65.38873,0,[132.9992,92.14449]]],[780,[41.68337,53.82483,0,[132.6299,92.00056]]],[862,[36.9114,56.373,0,[136.999,98.59785]]],[352,[48.79114,69.51763,0,[132.299,92.00053]]],[235,[50.82019,77.60892,0,[134.999,95.30381]]],[193,[51.11306,79.57877,0,[133.9991,94.59969]]],[360,[50.31327,74.29106,0,[135.999,96.0887]]],[309,[50.44456,78.00071,0,[133.7433,94.00052]]],[311,[47.6981,72.40109,0,[132.6145,92.00058]]],[436,[50.37435,69.06799,0,[132.9992,93.33367]]],[446,[50.34207,73.91038,0,[135.999,97.74153]]],[234,[52.09813,78.18143,0,[134.0088,95.0005]]],[362,[51.08754,75.47481,0,[135.999,96.97211]]],[308,[51.56602,78.26808,0,[133.9991,94.06824]]],[807,[49.30014,52.52586,0,[131.9992,91.39901]]],[604,[51.66994,68.11871,0,[135.999,97.75887]]],[586,[44.86798,59.77451,0,[132.6561,92.00079]]],[348,[51.45912,76.1664,0,[132.9991,93.83565]]],[194,[52.18965,79.86456,0,[134.9955,95.00044]]],[236,[52.25546,78.27345,0,[135.2746,96.00038]]],[917,[49.82489,56.3349,0,[136.999,98.59555]]],[530,[50.82163,67.61951,0,[132.9992,92.86659]]],[278,[52.17567,77.36644,0,[135.999,96.80982]]],[347,[52.68593,76.09165,0,[132.9991,93.75101]]],[389,[51.98206,73.22803,0,[132.9991,93.31734]]],[197,[53.2998,79.39435,0,[134.9991,95.25827]]],[449,[53.25764,73.54133,0,[135.999,97.73771]]],[199,[54.06971,80.18484,0,[134.9991,95.93932]]],[536,[44.41729,60.19794,0,[131.9993,91.41946]]],[437,[46.29618,66.22333,0,[132.9992,92.41547]]],[482,[51.02117,66.01356,0,[132.5802,92.00058]]],[269,[53.43499,80.53774,0,[133.9991,94.8981]]],[493,[53.71639,73.41274,0,[135.999,96.75612]]],[532,[52.28602,65.47935,0,[132.9991,92.56963]]],[196,[54.40247,79.6582,0,[134.9185,95.00047]]],[388,[52.50396,75.30553,0,[133.9991,94.34743]]],[676,[47.35205,59.09751,0,[131.9991,91.25571]]],[237,[55.11634,79.53147,0,[134.9991,95.89275]]],[307,[53.37785,80.08532,0,[133.4603,94.00046]]],[431,[53.08419,72.62538,0,[132.9992,93.20663]]],[192,[55.49438,82.48943,0,[133.9992,94.94732]]],[228,[53.84893,82.04298,0,[133.9991,94.30869]]],[452,[54.51105,72.54785,0,[135.999,97.6553]]],[349,[51.46594,72.5098,0,[132.9991,92.34208]]],[430,[54.80732,75.43922,0,[132.9991,93.59843]]],[158,[55.65385,82.80306,0,[134.9993,95.55833]]],[229,[54.60544,82.38554,0,[133.9991,94.26604]]],[346,[54.19696,78.52786,0,[132.9991,93.59229]]],[266,[56.1106,85.12726,0,[134.1273,95.00058]]],[268,[55.5582,80.4259,0,[133.7772,94.00054]]],[230,[56.28685,82.02401,0,[134.9991,95.35114]]],[239,[54.96022,79.38884,0,[135.9991,96.71909]]],[343,[55.39349,80.36669,0,[132.9992,93.56873]]],[796,[51.33642,62.54047,0,[136.999,98.59746]]],[534,[45.55129,62.63467,0,[132.7597,92.00069]]],[435,[54.0785,68.1687,0,[132.999,92.52709]]],[160,[55.93717,81.90508,0,[135.9751,96.00061]]],[189,[56.73827,85.52325,0,[133.9991,94.74706]]],[344,[56.17953,81.00306,0,[133.752,94.00056]]],[390,[55.98666,72.1388,0,[132.9991,93.36792]]],[888,[50.63818,48.53913,0,[131.9992,91.53794]]],[652,[52.6799,67.01646,0,[136.999,98.59487]]],[321,[56.0658,78.13088,0,[135.999,97.71825]]],[954,[51.48577,41.53834,0,[131.9993,91.30637]]],[267,[57.34003,82.59763,0,[133.9991,94.58727]]],[159,[57.13374,82.64921,0,[134.9991,95.22533]]],[351,[46.86968,69.69064,0,[131.9991,91.8123]]],[579,[54.45878,64.86796,0,[132.9379,92.0008]]],[384,[53.56218,77.50144,0,[132.9991,92.86346]]],[163,[56.74023,82.27421,0,[135.999,96.84607]]],[881,[54.14353,59.22752,0,[136.999,98.58942]]],[306,[57.16538,82.22147,0,[133.3164,94.00042]]],[634,[50.06342,59.66739,0,[131.9992,91.6753]]],[162,[58.07932,83.76995,0,[134.999,95.93713]]],[481,[55.28994,67.11684,0,[132.9992,92.39819]]],[161,[58.74548,84.52578,0,[135.1553,96.00015]]],[581,[55.97865,65.04731,0,[132.9991,92.31111]]],[190,[57.86373,85.91003,0,[134.6847,95.00038]]],[281,[57.34176,79.58414,0,[135.999,97.71452]]],[585,[53.72566,62.65775,0,[132.3327,92.00043]]],[198,[58.44982,81.79017,0,[134.999,95.0187]]],[341,[57.85755,85.65464,0,[132.9991,93.78798]]],[342,[56.66854,82.41033,0,[132.9992,93.39715]]],[305,[58.62044,87.11586,0,[133.9991,94.41225]]],[124,[59.4043,86.61224,0,[134.999,95.22112]]],[673,[56.46394,62.30099,0,[132.9637,92.00071]]],[303,[57.84606,85.60703,0,[133.9991,94.20891]]],[240,[58.94374,81.4521,0,[135.999,96.01201]]],[280,[57.76389,79.444,0,[135.999,96.79993]]],[387,[57.23448,74.38674,0,[132.9991,92.98239]]],[850,[39.5841,47.72674,0,[131.9994,91.47333]]],[868,[55.25847,50.3632,0,[131.9992,91.55704]]],[123,[59.76839,87.55363,0,[133.9991,94.48657]]],[403,[58.95014,76.90076,0,[135.999,97.7401]]],[480,[57.47582,68.39805,0,[132.9991,92.13755]]],[385,[59.38306,79.1487,0,[133.3561,94.00053]]],[923,[52.41605,48.24714,0,[131.9991,91.91211]]],[345,[60.64376,82.69285,0,[133.9992,94.97839]]],[282,[59.69553,79.90713,0,[135.999,96.87441]]],[382,[58.88617,83.70418,0,[132.999,93.66292]]],[383,[58.16978,80.43865,0,[132.9991,93.05366]]],[678,[50.09327,59.21642,0,[132.9992,92.03854]]],[949,[44.35236,52.70771,0,[136.999,98.58898]]],[454,[60.54248,73.29164,0,[135.999,97.70591]]],[304,[60.65936,86.93843,0,[134.9991,95.32684]]],[425,[60.07046,80.49606,0,[132.9992,93.84824]]],[261,[60.50266,88.32533,0,[133.4508,94.00059]]],[755,[56.50543,53.97729,0,[131.9993,91.469]]],[426,[59.40717,78.04966,0,[132.9991,92.96838]]],[428,[61.2552,76.88801,0,[133.1064,94.00053]]],[405,[61.29866,76.60839,0,[135.999,96.855]]],[340,[61.16889,85.34323,0,[133.9992,94.66262]]],[554,[57.69983,70.16042,0,[136.999,98.58347]]],[429,[59.3546,72.66779,0,[132.6009,92.00053]]],[849,[57.86628,52.52748,0,[131.9993,91.40139]]],[157,[60.28141,84.75964,0,[135.9991,96.04381]]],[476,[60.2066,73.06052,0,[132.9991,92.97646]]],[262,[61.73867,90.04587,0,[134.9991,95.81074]]],[200,[62.36118,83.44193,0,[135.999,96.78609]]],[260,[60.76525,84.61973,0,[132.9991,92.86038]]],[380,[61.50267,84.03764,0,[133.8408,94.00056]]],[453,[61.97803,74.64856,0,[135.999,97.70287]]],[265,[62.7265,89.50977,0,[134.999,95.90108]]],[381,[61.64941,83.95135,0,[134.3707,95.00046]]],[301,[63.6883,87.58263,0,[134.119,95.00056]]],[423,[62.40341,83.89835,0,[132.9991,93.9082]]],[632,[57.39236,61.60678,0,[131.9991,91.89268]]],[220,[62.26924,89.37241,0,[133.9991,94.49509]]],[122,[63.15223,88.57025,0,[135.9991,96.32204]]],[184,[62.11568,91.20799,0,[134.999,95.05933]]],[404,[62.86009,78.63628,0,[135.999,97.63629]]],[259,[62.83989,86.88814,0,[132.9992,93.4391]]],[386,[58.68349,74.94251,0,[132.999,92.583]]],[263,[63.55368,89.94395,0,[134.9992,95.67445]]],[181,[62.81059,91.06382,0,[133.9214,94.00054]]],[219,[61.56397,88.6825,0,[132.9992,93.29067]]],[939,[41.33548,45.50161,0,[131.9992,91.37864]]],[302,[64.15569,90.04494,0,[135.5929,96.00041]]],[146,[64.32305,93.91592,0,[133.9992,94.64748]]],[182,[63.65685,91.33569,0,[133.775,94.0005]]],[391,[60.2639,68.9756,0,[132.6855,92.0004]]],[473,[61.91425,77.99761,0,[132.9991,92.68761]]],[221,[64.10339,89.97268,0,[134.9991,95.16788]]],[734,[61.60775,66.22257,0,[136.999,98.59397]]],[111,[65.23759,96.56413,0,[134.2418,95.00051]]],[218,[63.42665,91.18413,0,[132.999,93.32651]]],[183,[65.38248,92.90688,0,[134.9991,95.56769]]],[867,[42.31735,49.66231,0,[131.9992,91.38624]]],[322,[63.81798,80.50385,0,[135.9992,97.59042]]],[474,[63.48844,73.54056,0,[132.7819,92.00063]]],[477,[62.27233,70.49041,0,[132.9992,92.11842]]],[180,[64.75179,93.47832,0,[133.9992,94.05869]]],[300,[63.98236,86.952,0,[132.9992,93.24737]]],[145,[64.61702,94.22211,0,[133.1192,94.00059]]],[407,[63.033,75.27229,0,[136.999,98.59288]]],[264,[64.52945,89.97035,0,[135.9991,96.92121]]],[427,[62.95815,75.96154,0,[132.9991,92.43236]]],[110,[65.70289,97.03641,0,[133.9991,94.37983]]],[471,[65.72862,82.36157,0,[132.9991,93.96777]]],[424,[65.04116,80.72118,0,[132.9991,93.43587]]],[80,[67.11671,99.0246,0,[133.9992,94.7598]]],[112,[66.04269,96.61522,0,[134.5236,95.00049]]],[148,[65.1877,93.90302,0,[135.999,96.09805]]],[880,[59.91342,62.18794,0,[136.999,98.59508]]],[784,[54.39655,52.1944,0,[131.9992,91.42099]]],[156,[66.03497,88.18028,0,[135.999,96.83353]]],[522,[64.20818,76.47659,0,[132.9992,92.47858]]],[147,[66.99039,95.32327,0,[134.999,95.25572]]],[201,[66.81738,85.13264,0,[135.999,97.7191]]],[363,[65.46884,80.62001,0,[135.999,97.76899]]],[406,[68.1077,77.06523,0,[135.999,97.69884]]],[432,[61.89083,68.95876,0,[132.1804,92.00047]]],[222,[66.69657,93.34375,0,[135.9232,96.00018]]],[478,[60.97035,69.14025,0,[132.9993,92.0257]]],[576,[64.75554,68.05788,0,[132.9992,92.1694]]],[339,[66.25751,85.21129,0,[133.9991,94.00314]]],[606,[64.94742,70.91589,0,[136.999,98.59862]]],[338,[67.3412,86.30548,0,[133.3062,94.00059]]],[379,[66.24391,83.5705,0,[132.9992,93.6637]]],[54,[67.96072,101.2742,0,[134.704,95.00046]]],[191,[67.39199,87.32188,0,[135.999,96.85789]]],[582,[62.34192,63.39585,0,[131.9992,91.48968]]],[455,[66.35219,75.28162,0,[136.999,98.58743]]],[520,[66.81626,80.77219,0,[132.9991,93.34257]]],[258,[67.714,91.2664,0,[133.9992,94.46916]]],[299,[68.94587,88.9392,0,[133.9992,94.78101]]],[336,[69.18844,87.27045,0,[133.2557,94.00055]]],[578,[63.98227,64.73262,0,[131.9993,91.42873]]],[113,[68.58045,97.95582,0,[134.999,95.66352]]],[257,[68.62986,89.70046,0,[133.1638,94.00045]]],[216,[69.38047,92.79488,0,[133.9991,94.14622]]],[524,[67.29597,74.02216,0,[132.9992,92.93214]]],[535,[46.04356,61.17912,0,[131.9992,91.47202]]],[227,[68.26801,89.87714,0,[135.9991,96.38644]]],[154,[69.02248,91.95041,0,[135.999,97.49973]]],[472,[65.49854,78.55148,0,[132.9991,92.76411]]],[55,[69.64041,101.1025,0,[134.999,95.78329]]],[53,[69.98454,102.9009,0,[133.999,94.98663]]],[523,[69.2962,75.23625,0,[132.9992,93.07483]]],[109,[70.20037,97.68192,0,[134.8276,95.0004]]],[224,[69.27556,92.77567,0,[135.999,96.52425]]],[298,[68.0475,88.20887,0,[132.999,93.85756]]],[178,[70.32674,93.7862,0,[133.9991,94.22996]]],[716,[63.07415,60.65096,0,[131.999,91.74432]]],[35,[70.75326,103.741,0,[134.999,95.87492]]],[155,[69.88115,89.8427,0,[135.9991,97.52439]]],[51,[71.53687,105.5518,0,[134.999,95.87022]]],[295,[70.33856,90.85117,0,[132.9992,93.9295]]],[296,[68.59527,87.90339,0,[132.9991,92.92655]]],[188,[71.18194,92.52458,0,[135.999,97.59858]]],[225,[70.4067,93.7239,0,[135.999,96.6769]]],[79,[71.14767,99.71246,0,[134.812,95.00027]]],[573,[66.14175,73.64645,0,[132.9991,92.47802]]],[179,[71.07573,95.69653,0,[133.999,94.42735]]],[185,[71.39968,95.96568,0,[135.999,96.53102]]],[575,[66.70773,69.09522,0,[132.7195,92.00069]]],[128,[72.12771,87.68301,0,[135.999,96.7925]]],[108,[72.11481,99.43071,0,[134.2634,95.00045]]],[451,[55.40297,73.04089,0,[136.999,98.58804]]],[217,[71.70145,93.56828,0,[133.999,94.17415]]],[376,[70.49337,85.49464,0,[132.9992,92.98517]]],[78,[72.25618,101.4833,0,[134.9991,95.6325]]],[519,[67.86768,80.37318,0,[132.9992,92.69559]]],[52,[72.55262,102.9716,0,[135.6468,96.00031]]],[297,[72.37655,90.94614,0,[133.9991,94.09992]]],[142,[72.9281,97.0079,0,[134.1133,95.00039]]],[241,[72.27657,84.82013,0,[135.999,97.73509]]],[335,[71.20448,89.76266,0,[132.999,93.75397]]],[143,[73.05532,97.39797,0,[134.9992,95.21685]]],[847,[52.72046,53.35104,0,[132.8886,92.00063]]],[144,[73.41947,97.89735,0,[135.5989,96.0002]]],[848,[61.00698,54.075,0,[131.9992,91.55753]]],[256,[73.16581,91.30285,0,[133.9991,94.15956]]],[417,[73.1626,88.07432,0,[132.9992,93.63176]]],[177,[73.94231,97.08084,0,[133.9991,94.92776]]],[521,[69.77011,77.2128,0,[132.9991,92.68021]]],[89,[72.90097,92.32774,0,[135.999,96.8299]]],[479,[66.38555,68.07502,0,[131.9993,91.36744]]],[76,[74.14041,102.1136,0,[135.7868,96.00033]]],[215,[74.09097,95.30268,0,[133.5788,94.00056]]],[141,[74.1542,99.68466,0,[134.9991,95.2698]]],[337,[70.64285,82.52058,0,[132.845,92.00057]]],[254,[71.78747,93.34003,0,[132.9991,93.58456]]],[475,[69.2412,72.49215,0,[132.7737,92.00051]]],[822,[70.67661,66.53724,0,[136.999,98.5975]]],[77,[75.4219,103.0435,0,[134.9991,95.74976]]],[334,[72.43749,90.03748,0,[132.9991,93.56002]]],[176,[75.12672,100.4993,0,[134.4871,95.00042]]],[294,[73.7645,92.65248,0,[132.9991,93.59256]]],[375,[71.23621,87.13277,0,[132.999,92.69622]]],[153,[74.78529,94.19752,0,[135.999,96.82578]]],[164,[74.04044,88.13785,0,[135.999,97.78052]]],[377,[72.52654,82.7879,0,[132.9991,92.5508]]],[468,[74.18552,81.62218,0,[132.9992,93.08904]]],[629,[69.51947,63.89128,0,[131.9991,91.44525]]],[214,[74.5907,98.12483,0,[133.9991,94.60004]]],[699,[73.2057,77.05298,0,[136.999,98.58128]]],[675,[71.21464,61.94582,0,[131.9991,91.4692]]],[466,[74.96042,87.03854,0,[132.9991,93.90231]]],[212,[75.10098,97.6376,0,[133.9991,94.06721]]],[467,[73.22453,83.41333,0,[132.9991,92.59242]]],[140,[76.2078,101.4413,0,[134.999,95.52099]]],[213,[75.91383,98.93816,0,[134.3374,95.00059]]],[378,[67.59183,81.51489,0,[132.4254,92.00049]]],[253,[75.74682,94.65291,0,[133.9346,94.00057]]],[516,[75.37603,84.11717,0,[132.9991,93.35863]]],[126,[75.53677,89.69242,0,[135.999,97.70315]]],[418,[71.85408,85.08281,0,[132.9991,92.5397]]],[255,[76.54236,93.89184,0,[133.9992,94.59978]]],[419,[73.65192,81.91827,0,[132.739,92.00066]]],[226,[76.57173,95.08111,0,[135.9992,97.44814]]],[50,[75.75652,106.2509,0,[135.9991,96.22467]]],[630,[70.23488,64.47919,0,[132.3896,92.0005]]],[48,[77.13102,106.991,0,[135.4339,96.0005]]],[433,[72.58014,70.60164,0,[131.9991,91.94738]]],[653,[75.0528,72.01249,0,[136.999,98.59145]]],[293,[76.69467,94.51027,0,[133.0258,94.00056]]],[49,[77.7137,107.0205,0,[135.999,96.03775]]],[333,[75.97794,90.05852,0,[132.9992,93.35622]]],[209,[76.96941,103.122,0,[134.9992,95.04765]]],[717,[74.23346,60.88588,0,[131.9992,91.50037]]],[517,[74.617,80.88875,0,[132.9991,92.63389]]],[107,[77.9284,101.7931,0,[134.9991,95.38852]]],[32,[77.20856,106.7355,0,[135.9991,96.86983]]],[332,[77.19199,93.72044,0,[133.9992,94.4877]]],[373,[77.7364,92.49622,0,[133.641,94.00049]]],[469,[75.06709,79.19548,0,[132.9991,92.19083]]],[697,[68.72345,69.32433,0,[136.9991,98.13887]]],[531,[58.22582,66.17611,0,[132.772,92.00043]]],[57,[78.43771,104.1735,0,[135.999,97.00092]]],[211,[78.70285,102.398,0,[134.9659,95.00037]]],[669,[71.89545,66.0342,0,[131.999,91.85422]]],[251,[78.21206,99.47083,0,[133.9991,94.69085]]],[416,[77.29727,90.75485,0,[132.9992,93.94122]]],[465,[76.308,85.68472,0,[132.9992,92.70616]]],[242,[76.08184,85.40364,0,[136.9992,98.0335]]],[374,[78.61648,89.3651,0,[132.9991,93.98871]]],[75,[79.15768,105.6586,0,[135.2414,96.0006]]],[574,[74.95724,70.35766,0,[131.9991,91.95213]]],[165,[79.26395,88.89055,0,[135.999,97.65385]]],[564,[77.61298,86.66532,0,[132.9991,93.23341]]],[565,[77.53826,82.9681,0,[132.9991,92.11524]]],[105,[79.5247,104.0838,0,[134.9991,95.12484]]],[571,[75.60719,75.20804,0,[132.9991,92.08578]]],[33,[78.21959,106.4459,0,[135.9991,97.92023]]],[106,[80.1349,104.7246,0,[135.0587,96.00037]]],[252,[79.66611,99.69507,0,[133.9991,94.52715]]],[331,[78.91087,96.62682,0,[133.9991,94.31991]]],[514,[79.10357,88.66048,0,[132.9991,93.63973]]],[249,[80.46361,104.5019,0,[134.9991,95.16622]]],[175,[80.68074,102.7005,0,[135.5105,96.00029]]],[372,[80.33655,93.98052,0,[133.3795,94.0005]]],[963,[76.64545,47.90984,0,[131.9991,91.94853]]],[292,[79.78917,98.51572,0,[132.9991,93.93633]]],[329,[81.29512,100.9313,0,[134.9991,95.25005]]],[617,[80.02106,81.52841,0,[132.9991,93.09518]]],[15,[79.28594,111.6983,0,[135.9991,96.66444]]],[34,[82.06521,108.7781,0,[134.999,95.97639]]],[291,[80.57583,100.4816,0,[133.9991,94.638]]],[370,[82.09677,99.50838,0,[134.7684,95.00021]]],[513,[80.69611,89.3914,0,[132.9991,93.1698]]],[567,[76.88901,80.46897,0,[132.9992,92.64805]]],[121,[81.90952,94.10659,0,[135.999,96.614]]],[614,[78.25794,86.27638,0,[132.9991,92.84868]]],[31,[80.92819,109.764,0,[135.999,96.83498]]],[330,[81.40565,98.12027,0,[133.9991,94.58872]]],[414,[82.8298,95.44949,0,[133.9993,94.11554]]],[605,[67.72205,71.331,0,[136.999,98.59991]]],[566,[79.9644,80.57843,0,[132.8809,92.00066]]],[367,[82.90142,103.9765,0,[134.5869,95.00072]]],[623,[68.35194,68.99431,0,[132.6313,92.00034]]],[526,[64.71032,69.72396,0,[131.9992,91.94516]]],[618,[78.69708,79.52056,0,[132.9991,92.30362]]],[371,[82.10104,96.7421,0,[133.999,94.29217]]],[326,[83.58778,105.0742,0,[133.9991,94.48769]]],[464,[81.38142,91.85944,0,[132.999,93.93932]]],[81,[80.29973,103.3645,0,[135.999,97.72569]]],[250,[83.06372,103.228,0,[134.999,95.95078]]],[679,[77.8772,56.62419,0,[131.9993,91.40959]]],[563,[79.36531,86.81167,0,[132.9991,92.76963]]],[415,[82.09023,93.71444,0,[132.999,93.90621]]],[369,[83.1609,95.38418,0,[132.9991,93.50979]]],[866,[80.41344,53.68009,0,[131.9992,91.33923]]],[92,[81.70573,93.6248,0,[135.999,97.63583]]],[223,[82.76507,98.45684,0,[135.9991,96.60706]]],[779,[80.62608,58.22635,0,[132.791,92.00063]]],[907,[53.2011,46.5509,0,[131.9991,91.44588]]],[368,[84.13263,99.88762,0,[133.9992,94.26353]]],[462,[81.47346,90.14192,0,[132.999,92.8891]]],[290,[83.47113,103.4852,0,[134.999,95.08835]]],[702,[81.36697,82.07182,0,[132.5407,92.00037]]],[463,[83.80248,93.28014,0,[132.9991,93.74557]]],[29,[84.03281,110.9387,0,[134.999,95.96133]]],[750,[78.47951,59.72597,0,[132.1924,92.00039]]],[82,[83.71576,104.8241,0,[135.999,96.77869]]],[325,[84.83117,103.7302,0,[133.4624,94.00056]]],[210,[84.8777,106.248,0,[134.9991,95.01641]]],[248,[84.85082,105.8224,0,[133.9991,94.96434]]],[413,[82.4968,93.26743,0,[132.9991,93.30149]]],[139,[84.47094,105.4611,0,[135.999,96.00513]]],[173,[85.98314,108.1219,0,[134.9991,95.33164]]],[328,[85.20676,104.8194,0,[133.9991,94.17413]]],[420,[73.29375,81.74738,0,[132.0294,92.00036]]],[459,[84.40057,98.57133,0,[132.9991,93.58015]]],[169,[86.2638,111.6881,0,[133.9992,94.74361]]],[88,[84.7757,96.96942,0,[135.999,97.70982]]],[127,[82.73755,91.44022,0,[135.999,97.67254]]],[186,[85.07432,100.1395,0,[135.999,96.7548]]],[512,[82.05109,87.76309,0,[132.9991,92.17891]]],[411,[86.38589,100.459,0,[133.2097,94.00053]]],[460,[86.62415,100.0578,0,[133.9991,94.11019]]],[772,[84.38797,65.06402,0,[132.8694,92.00074]]],[827,[79.06351,54.04676,0,[131.9991,91.62726]]],[392,[55.94625,69.33952,0,[131.9991,91.92608]]],[208,[86.84648,108.3965,0,[134.4721,95.00047]]],[821,[81.38137,69.17896,0,[136.999,98.58407]]],[461,[87.28156,94.99202,0,[133.9991,94.207]]],[511,[87.00683,91.11385,0,[132.9992,93.42089]]],[286,[87.78356,108.7896,0,[134.2618,95.00036]]],[613,[83.4037,86.40793,0,[132.9991,92.65408]]],[515,[77.31757,82.19886,0,[132.1512,92.00049]]],[174,[87.33544,105.7019,0,[134.9991,95.77516]]],[410,[85.79975,98.85192,0,[132.9991,93.46359]]],[74,[87.13991,107.3576,0,[135.9992,96.2533]]],[365,[88.49435,108.2964,0,[133.9991,94.533]]],[18,[85.63548,110.0732,0,[135.9959,96.0003]]],[289,[85.12699,96.59238,0,[132.9991,93.17737]]],[456,[83.89814,77.50577,0,[136.999,98.59977]]],[37,[86.49945,108.1164,0,[135.9991,97.02198]]],[412,[87.9677,95.25066,0,[133.6817,94.00062]]],[662,[87.68938,81.9613,0,[132.9991,93.60493]]],[287,[88.25788,109.3635,0,[134.999,95.15555]]],[561,[88.79953,92.42422,0,[132.9991,93.73263]]],[166,[87.82069,90.31052,0,[135.999,97.70904]]],[619,[86.21284,80.18668,0,[132.9991,92.85043]]],[661,[88.11114,83.72211,0,[132.9992,93.14401]]],[434,[65.90179,70.06244,0,[132.2666,92.0005]]],[510,[89.22318,97.92925,0,[133.5283,94.00059]]],[767,[77.64558,69.71853,0,[136.999,98.59446]]],[104,[87.94657,108.3435,0,[135.9163,96.00054]]],[47,[88.52949,113.4634,0,[135.999,96.85249]]],[663,[82.69714,79.48896,0,[132.9992,92.23749]]],[770,[86.58189,66.51517,0,[132.9991,92.15245]]],[509,[89.67223,110.9057,0,[133.9991,94.52905]]],[171,[89.50548,109.2053,0,[134.999,95.05476]]],[120,[89.23638,97.77113,0,[135.999,97.71918]]],[580,[85.13618,69.57231,0,[132.9991,92.11995]]],[616,[83.93954,82.14729,0,[132.9991,92.44637]]],[73,[90.21093,111.1025,0,[134.999,95.96423]]],[572,[89.15674,77.31229,0,[132.9992,93.05083]]],[136,[91.26721,112.3867,0,[134.999,95.87318]]],[518,[88.04627,80.87553,0,[132.9992,92.02702]]],[22,[89.79951,110.194,0,[135.999,96.82741]]],[609,[90.73402,111.8176,0,[133.999,94.42742]]],[622,[86.33501,74.72507,0,[132.164,92.00034]]],[114,[90.50249,105.1024,0,[135.999,97.68787]]],[562,[90.3052,93.05721,0,[133.6407,94.00053]]],[569,[89.9619,82.98346,0,[132.9992,93.79086]]],[664,[84.56255,71.6256,0,[131.9993,91.438]]],[17,[90.96485,114.2942,0,[135.999,96.72497]]],[56,[91.43595,108.231,0,[135.999,97.69284]]],[797,[87.234,71.22224,0,[136.999,98.59427]]],[327,[91.40377,109.9225,0,[134.1647,95.00014]]],[707,[91.08462,74.19578,0,[132.9991,93.57657]]],[800,[87.259,63.68411,0,[132.9992,92.35397]]],[470,[79.74769,79.28823,0,[132.1035,92.00043]]],[620,[88.89218,78.31929,0,[132.6489,92.0005]]],[26,[91.81607,117.0081,0,[135.999,96.80952]]],[72,[92.16965,112.8484,0,[134.999,95.9695]]],[698,[88.75489,73.16855,0,[136.999,98.59396]]],[205,[91.66797,116.0806,0,[134.999,95.00163]]],[703,[89.53356,73.12932,0,[132.9992,92.45249]]],[803,[85.42497,60.43985,0,[131.9992,91.48897]]],[285,[91.58411,120.3462,0,[133.3678,94.00046]]],[568,[90.28518,83.51521,0,[132.9991,93.12925]]],[366,[92.90332,106.921,0,[134.2027,95.00053]]],[773,[90.59889,66.00836,0,[132.9991,92.33855]]],[508,[92.02763,115.2301,0,[133.9991,94.1587]]],[656,[93.4033,119.3234,0,[134.9589,95.00056]]],[19,[92.42402,112.9261,0,[135.999,97.66626]]],[288,[92.96306,109.2233,0,[134.9991,95.67797]]],[527,[90.08448,73.61412,0,[132.651,92.00054]]],[99,[93.36931,120.2782,0,[133.9992,94.44804]]],[610,[91.43467,109.2644,0,[132.9992,92.75318]]],[655,[93.90631,121.5427,0,[133.9993,94.2196]]],[659,[92.17909,89.78252,0,[132.9991,93.49183]]],[559,[94.26871,112.6272,0,[132.9993,93.70316]]],[172,[92.6969,111.6949,0,[135.9991,96.21662]]],[704,[87.90279,67.99947,0,[131.9992,91.9268]]],[21,[93.50426,110.7298,0,[135.999,97.24125]]],[135,[94.66279,118.0965,0,[134.3136,95.00063]]],[660,[92.73112,89.25548,0,[132.9991,93.3343]]],[658,[92.68528,114.7413,0,[133.849,94.00051]]],[59,[95.33109,117.3455,0,[133.9992,94.67529]]],[408,[94.52914,118.8953,0,[134.9992,95.82674]]],[884,[88.32758,53.12033,0,[131.9992,91.44562]]],[715,[58.81765,59.3814,0,[131.9992,91.45783]]],[246,[95.1161,114.7883,0,[134.999,95.21923]]],[612,[93.63719,94.17523,0,[132.9991,93.80635]]],[657,[94.56023,121.7521,0,[133.7562,94.0007]]],[207,[93.97636,113.6968,0,[135.999,96.41241]]],[100,[95.71939,122.3907,0,[133.9992,94.15059]]],[887,[91.70205,54.66367,0,[132.9993,92.0891]]],[247,[94.89046,113.9566,0,[135.8157,96.00055]]],[558,[96.48064,117.2047,0,[134.126,95.00063]]],[560,[95.45817,105.3695,0,[133.087,94.00056]]],[742,[93.03506,68.42153,0,[132.9992,92.59918]]],[506,[96.47832,107.4425,0,[133.5847,94.00064]]],[69,[96.27898,118.7251,0,[134.9992,95.65277]]],[938,[91.50349,52.32191,0,[132.0191,92.00057]]],[458,[95.94384,102.516,0,[132.9992,93.51022]]],[101,[97.01324,118.0636,0,[133.9993,94.53359]]],[30,[94.95509,115.8647,0,[135.999,97.71771]]],[743,[94.70405,71.51675,0,[132.9993,93.2253]]],[125,[91.77847,94.4306,0,[136.999,98.58374]]],[44,[96.92165,118.5541,0,[134.9991,95.03928]]],[615,[83.66463,83.93722,0,[131.9991,91.84571]]],[666,[95.12861,76.11126,0,[132.9992,92.73312]]],[769,[97.42989,77.02069,0,[133.9993,94.084]]],[607,[94.40845,78.25998,0,[136.999,98.59919]]],[71,[95.60941,116.4294,0,[135.999,96.7593]]],[665,[93.78793,75.97388,0,[132.9992,92.25791]]],[570,[92.32719,78.01942,0,[132.9991,92.10357]]],[738,[97.31673,78.85106,0,[132.9992,93.94268]]],[555,[79.5989,74.6862,0,[136.999,98.58509]]],[2,[98.28828,128.6754,0,[134.017,95.0005]]],[61,[96.52908,102.4141,0,[135.999,97.68797]]],[170,[97.82088,115.54,0,[134.999,95.95084]]],[713,[94.4742,65.20515,0,[132.7218,92.00069]]],[624,[93.56137,73.88432,0,[132.2377,92.00052]]],[714,[65.24152,60.06777,0,[131.9992,91.46159]]],[150,[96.15134,104.3454,0,[136.999,98.57291]]],[4,[98.69374,125.0548,0,[133.9991,94.2899]]],[621,[97.7867,82.43853,0,[132.9993,93.56704]]],[737,[89.54819,68.79652,0,[131.9993,91.45964]]],[771,[96.41096,69.28486,0,[132.9992,93.07678]]],[507,[98.47543,119.1674,0,[134.999,95.04178]]],[45,[97.26401,116.4965,0,[135.999,96.82765]]],[631,[95.4295,66.85776,0,[132.8667,92.00075]]],[557,[98.19189,117.7866,0,[133.6086,94.0005]]],[138,[99.1859,113.8989,0,[134.999,95.9]]],[863,[99.64979,70.7047,0,[133.1934,94.00069]]],[58,[98.17312,110.5547,0,[135.999,97.7015]]],[952,[94.14931,48.85975,0,[131.9992,91.58137]]],[626,[96.83434,74.4453,0,[132.9992,92.50075]]],[20,[98.74902,114.895,0,[135.999,96.78506]]],[745,[96.31643,64.3363,0,[132.6324,92.00062]]],[28,[99.85654,116.6158,0,[133.9991,94.24277]]],[149,[99.50423,106.3292,0,[135.999,97.68567]]],[102,[99.63379,117.5695,0,[134.999,95.00932]]],[457,[98.9733,104.8706,0,[132.9991,93.60852]]],[625,[98.23419,77.14933,0,[132.9991,93.12396]]],[103,[100.3538,117.6942,0,[134.999,95.88763]]],[677,[95.12624,62.32699,0,[131.9992,91.61016]]],[84,[100.0163,109.886,0,[135.999,96.74222]]],[701,[100.7256,124.7944,0,[133.36,94.00056]]],[422,[97.29894,88.65463,0,[132.9992,92.12552]]],[608,[101.0944,123.7904,0,[133.9991,94.1565]]],[775,[99.35967,71.11945,0,[132.9993,92.73186]]],[421,[75.61082,78.99719,0,[131.9991,91.48848]]],[133,[101.2918,122.6347,0,[135.131,96.0003]]],[705,[98.5797,78.93551,0,[132.9991,92.39423]]],[667,[100.1763,83.41045,0,[132.9992,93.57558]]],[23,[101.1104,111.4466,0,[134.6802,95.00037]]],[83,[100.6937,109.4664,0,[135.999,97.66074]]],[70,[101.2958,126.7246,0,[132.9991,93.49905]]],[13,[101.8109,121.4998,0,[134.999,95.18732]]],[802,[90.60155,59.55172,0,[131.9993,91.46358]]],[824,[99.69698,66.03156,0,[132.9993,92.12527]]],[117,[102.083,113.5517,0,[132.9993,93.97529]]],[60,[102.9249,115.2732,0,[134.2757,95.00053]]],[6,[101.7449,117.8093,0,[135.7742,96.00027]]],[8,[101.1074,116.7478,0,[135.999,96.76579]]],[41,[102.0801,117.1976,0,[133.9992,94.44933]]],[674,[97.00492,67.47349,0,[131.9992,91.74558]]],[151,[101.8404,107.5932,0,[135.999,97.69289]]],[668,[100.5052,82.03627,0,[132.9992,92.83988]]],[671,[97.95515,68.50914,0,[132.7891,92.0007]]],[409,[102.905,112.639,0,[134.9992,95.80352]]],[749,[95.90417,63.88523,0,[131.9993,91.48974]]],[1,[103.5813,126.8336,0,[133.9992,94.67071]]],[245,[102.7114,126.8615,0,[133.8461,94.00054]]],[611,[102.5428,118.4805,0,[132.9993,93.64098]]],[735,[90.11208,75.13747,0,[136.999,98.59283]]],[137,[102.4044,118.847,0,[135.999,96.77]]],[43,[104.077,127.8073,0,[134.4999,95.00044]]],[700,[103.751,130.4501,0,[133.064,94.00055]]],[777,[100.5376,63.90831,0,[131.9992,91.84545]]],[25,[103.986,128.0128,0,[133.9991,94.06647]]],[740,[102.8848,83.52894,0,[132.9992,93.05367]]],[7,[104.2868,119.1322,0,[134.999,95.84615]]],[10,[104.7977,133.2589,0,[133.999,94.36566]]],[36,[103.1988,114.9477,0,[135.999,97.63547]]],[706,[101.5417,83.81455,0,[132.9992,92.63466]]],[12,[104.1888,132.1517,0,[132.9991,93.43974]]],[5,[105.0309,120.8426,0,[134.6329,95.00029]]],[736,[99.00819,78.95998,0,[136.999,98.5989]]],[134,[103.8211,121.3025,0,[135.999,96.70066]]],[529,[102.0993,74.58842,0,[132.9993,92.15718]]],[747,[92.9949,62.39053,0,[131.9992,91.59747]]],[741,[106.0487,84.5953,0,[133.9992,94.36379]]],[937,[82.04751,48.24843,0,[131.9991,91.4722]]],[627,[103.4051,76.54853,0,[132.9992,92.73621]]],[38,[105.4292,113.8802,0,[134.999,95.89861]]],[577,[99.76958,74.03239,0,[131.9993,91.55472]]],[86,[104.6186,106.9281,0,[135.999,97.61245]]],[776,[100.7192,66.23763,0,[132.9419,92.00075]]],[528,[104.9234,91.91998,0,[132.9993,93.61338]]],[168,[105.8298,105.6152,0,[134.999,95.03109]]],[206,[105.1687,123.4243,0,[135.999,96.70246]]],[708,[105.5293,89.44823,0,[133.4596,94.00063]]],[525,[103.0366,80.21216,0,[132.5123,92.00061]]],[712,[104.4904,71.37805,0,[132.9992,92.08193]]],[711,[82.90524,63.24528,0,[131.9991,91.63017]]],[950,[106.2522,83.55704,0,[132.9992,93.77595]]],[670,[106.6378,94.56785,0,[133.9993,94.09478]]],[14,[107.2185,122.5606,0,[134.999,95.94591]]],[115,[105.8263,111.1789,0,[135.999,97.63571]]],[882,[105.2887,70.72848,0,[132.9992,92.94424]]],[966,[104.4334,40.42766,0,[131.9991,91.55165]]],[799,[107.4278,84.65663,0,[133.4876,94.00057]]],[68,[107.6873,97.48039,0,[133.9992,94.86342]]],[46,[106.5529,124.521,0,[135.999,96.75791]]],[901,[105.6702,63.90332,0,[132.9992,92.34894]]],[42,[107.7004,108.2059,0,[134.999,95.11494]]],[672,[102.0215,71.0572,0,[131.9992,91.97618]]],[709,[106.8286,80.21163,0,[132.9993,93.5542]]],[806,[97.57312,60.53886,0,[131.9992,91.54787]]],[244,[108.113,104.9435,0,[133.9992,94.32777]]],[801,[108.1291,81.53187,0,[132.9993,93.86474]]],[845,[103.8852,66.99587,0,[132.9992,92.17957]]],[0,[107.5242,123.9132,0,[135.7552,96.00021]]],[11,[108.856,123.2822,0,[134.188,95.00059]]],[187,[102.9461,105.4741,0,[136.999,98.58928]]],[583,[98.38309,67.95095,0,[131.9992,91.35398]]],[774,[107.2246,69.33492,0,[132.9992,93.03738]]],[905,[106.2037,68.73058,0,[132.9993,92.04266]]],[27,[108.8428,126.7423,0,[134.9992,95.71666]]],[116,[108.0336,112.2605,0,[135.999,96.82309]]],[66,[109.7021,122.7772,0,[134.6279,95.00021]]],[920,[105.3464,63.06907,0,[132.0992,92.00066]]],[935,[108.5073,66.54165,0,[132.9993,93.38779]]],[710,[108.7701,86.54834,0,[133.6767,94.00059]]],[65,[107.4663,103.9662,0,[135.999,97.69678]]],[921,[107.6219,64.22873,0,[132.9992,92.43119]]],[739,[99.26354,75.74721,0,[132.2012,92.00066]]],[744,[109.6377,89.17621,0,[132.9992,93.90449]]],[828,[108.1118,59.37819,0,[132.8994,92.00062]]],[91,[109.0746,103.0682,0,[135.999,97.65585]]],[284,[109.387,111.624,0,[133.9992,94.53088]]],[885,[108.8441,77.13972,0,[132.9993,92.79849]]],[152,[110.0626,112.8267,0,[134.999,95.88549]]],[798,[100.4425,82.12525,0,[136.999,98.59998]]],[781,[105.9737,59.21444,0,[131.9993,91.77189]]],[654,[110.6077,97.03941,0,[133.9992,94.64561]]],[16,[111.3551,124.5903,0,[134.1931,95.00039]]],[778,[109.8814,95.23705,0,[133.8754,94.00062]]],[904,[109.9666,78.32289,0,[132.9992,93.24025]]],[94,[110.9984,103.2409,0,[135.999,96.70528]]],[67,[109.6476,104.8236,0,[135.999,96.75054]]],[844,[111.0304,74.29633,0,[133.7886,94.0005]]],[883,[110.7543,68.74625,0,[132.9992,93.86153]]],[940,[107.1632,51.8389,0,[132.5525,92.00053]]],[62,[111.3333,108.3337,0,[134.999,95.76187]]],[364,[110.4129,92.67238,0,[135.999,97.67744]]],[825,[87.18163,57.09291,0,[131.9992,91.47412]]],[167,[112.4932,103.061,0,[134.999,95.59937]]],[906,[106.7,49.75443,0,[131.9992,91.57658]]],[39,[111.7346,135.6845,0,[133.9991,94.13303]]],[633,[103.8103,68.97749,0,[131.9992,91.9273]]],[556,[112.7235,93.66028,0,[133.999,94.8675]]],[748,[92.13239,63.57541,0,[131.9991,91.57929]]],[202,[111.9937,98.81789,0,[135.999,97.62369]]],[865,[110.0777,66.309,0,[132.9992,92.25705]]],[919,[111.7737,79.15527,0,[132.9991,93.52528]]],[902,[109.1168,56.53584,0,[132.9993,92.11172]]],[119,[113.5485,111.682,0,[134.2678,95.0005]]],[132,[113.1979,107.9649,0,[133.8392,94.00057]]],[918,[101.2907,57.17192,0,[131.9991,91.56119]]],[9,[112.7826,130.3103,0,[133.2031,94.00054]]],[864,[110.9599,73.62553,0,[132.9993,93.02083]]],[96,[113.7434,110.6817,0,[134.999,95.56669]]],[504,[112.2599,99.09366,0,[135.999,96.58846]]],[886,[109.8814,59.98888,0,[132.0441,92.00069]]],[98,[114.0922,114.0597,0,[133.9992,94.37347]]],[87,[108.4781,104.9191,0,[136.999,98.5899]]],[85,[113.0926,118.6105,0,[132.9992,93.12489]]],[324,[113.0246,99.84441,0,[135.999,97.41678]]],[826,[112.2219,76.95126,0,[132.9992,92.96375]]],[936,[102.6219,54.73281,0,[131.9992,91.63475]]],[805,[111.2309,78.18187,0,[132.9991,92.07461]]],[118,[114.9599,118.0855,0,[133.999,94.93134]]],[90,[104.4679,100.2892,0,[136.999,98.59056]]],[823,[115.0873,80.29523,0,[132.9992,93.9488]]],[24,[114.0905,129.4263,0,[132.9992,93.68685]]],[965,[107.9181,45.99338,0,[131.9993,91.74932]]],[63,[114.8481,114.4896,0,[134.999,95.63192]]],[204,[115.3128,113.6703,0,[133.9991,94.13461]]],[903,[112.9186,85.65077,0,[132.4745,92.00052]]],[93,[113.5064,107.4859,0,[135.9991,96.51484]]],[3,[116.0021,133.7465,0,[133.9991,94.94423]]],[804,[108.9243,62.58852,0,[131.9993,91.83165]]],[746,[115.6715,92.18009,0,[132.9991,93.24561]]],[628,[114.3903,84.41545,0,[132.9991,92.55727]]],[243,[115.1755,111.5878,0,[135.999,96.6517]]],[97,[115.8803,110.9172,0,[134.999,95.70415]]],[900,[116.8044,96.36784,0,[134.999,95.67178]]],[40,[116.7851,116.0386,0,[133.9991,94.85108]]],[129,[109.9443,99.06454,0,[136.999,98.58744]]],[951,[110.895,55.86654,0,[132.2269,92.00068]]],[64,[116.6028,115.9272,0,[132.9991,93.99278]]],[323,[114.2896,109.0423,0,[135.999,97.6493]]],[843,[97.64399,72.4213,0,[136.999,98.59439]]],[131,[116.893,109.4081,0,[135.999,96.48799]]],[130,[118.2897,119.1692,0,[134.1503,95.00043]]],[584,[112.1262,70.35208,0,[132.3864,92.00054]]],[505,[116.3956,92.97062,0,[135.999,97.50677]]],[95,[111.708,98.72769,0,[136.999,98.47906]]],[203,[117.5018,113.1525,0,[133.999,94.45242]]],[934,[118.1037,89.60854,0,[135.999,96.32425]]],[283,[118.0301,95.80743,0,[135.999,97.66339]]],[846,[113.5001,80.16579,0,[132.9992,92.13059]]],[768,[119.4325,81.30393,0,[135.999,97.19645]]]
16:[556,[50.12731,65.15176,0,[153.0008,95.72124]]],[96,[49.93799,83.08221,0,[152.3634,97.00063]]],[504,[40.68919,66.73287,0,[152.0006,98.23997]]],[63,[49.37825,85.14209,0,[153.0007,94.10066]]],[243,[43.42664,77.47569,0,[152.2467,97.00065]]],[97,[66.1337,85.93452,0,[153.0009,94.19901]]],[900,[55.81971,64.1248,0,[152.0009,99.13719]]],[323,[62.6123,79.81533,0,[152.0009,99.05308]]],[131,[56.83096,81.66971,0,[152.346,97.00098]]],[130,[46.61804,81.31469,0,[153.0004,95.46387]]],[203,[46.22271,78.51087,0,[152.9567,97.00098]]],[934,[81.57516,67.4404,0,[152.0009,98.89813]]]

Travel Distances:
[974,59.86296],[973,61.57339],[968,61.76352],[969,61.63517],[958,63.70882],[959,63.63377],[967,62.23697],[945,63.41325],[944,65.12334],[970,64.019],[928,65.39286],[957,63.90962],[943,64.60902],[946,64.37125],[929,67.0218],[927,66.62877],[911,67.26358],[930,68.37364],[956,65.84704],[912,68.91218],[893,69.26817],[910,68.44543],[926,67.09657],[913,68.0888],[894,70.6497],[892,69.97835],[895,69.73643],[931,68.05465],[909,67.99942],[874,69.92879],[960,64.89474],[875,69.51295],[876,70.97547],[855,71.67727],[873,71.48659],[857,71.94981],[872,70.2298],[896,69.17043],[925,69.73842],[856,73.8499],[877,72.76266],[835,73.07019],[891,70.48925],[854,72.44599],[837,73.02251],[897,71.52728],[858,74.15606],[972,66.23136],[814,74.86864],[834,74.00352],[836,73.62615],[914,70.19595],[971,66.26576],[853,72.35524],[813,73.97516],[833,74.39026],[790,76.3159],[816,75.56134],[908,70.42632],[878,73.66523],[812,74.5289],[955,67.50194],[789,77.69875],[838,76.47879],[852,74.38101],[898,74.29356],[788,76.82232],[871,72.99802],[815,76.06638],[791,76.84916],[760,76.83955],[811,76.77273],[915,73.40117],[761,78.47946],[817,77.38213],[787,76.54967],[729,78.84192],[832,74.80046],[859,74.92032],[762,78.01482],[810,76.68309],[763,79.47452],[727,78.82668],[759,78.88644],[948,70.3628],[728,79.13852],[758,78.31715],[792,77.42397],[726,78.68685],[785,78.4077],[730,80.31034],[839,77.10087],[941,70.22727],[690,80.14082],[725,78.42835],[757,78.48485],[691,80.517],[793,79.62704],[964,70.42693],[689,81.44679],[647,82.89921],[786,78.04552],[692,81.82653],[961,68.76457],[756,77.87617],[648,82.29043],[942,69.2468],[731,81.19541],[644,83.4422],[724,80.78391],[851,75.10847],[933,72.36486],[693,82.02242],[818,78.04041],[688,80.92627],[764,79.9374],[599,85.76396],[646,84.12868],[870,75.23423],[549,86.38341],[879,76.33463],[597,84.27685],[643,82.81131],[687,82.0797],[860,76.40353],[694,82.38764],[932,74.23233],[594,84.06126],[645,83.85646],[642,84.00076],[601,85.14197],[840,78.13896],[686,82.47632],[596,83.73528],[595,83.01802],[899,75.90103],[547,86.72382],[641,84.99435],[649,85.85921],[722,81.05533],[831,75.40658],[640,83.06863],[600,86.44953],[684,82.61356],[794,80.22358],[602,86.54176],[720,82.89011],[765,82.70467],[809,78.3681],[551,88.06155],[593,85.32029],[861,78.43572],[544,86.12742],[603,86.76188],[754,79.43932],[598,85.08022],[683,83.3474],[819,80.62492],[545,88.47501],[685,83.12649],[543,88.82173],[947,69.93478],[890,73.37685],[541,87.43075],[546,87.7587],[592,88.01241],[638,85.27163],[497,88.91383],[681,85.78512],[495,88.85499],[548,88.33452],[553,87.58099],[682,83.58998],[889,74.65773],[591,87.71716],[590,88.59835],[752,82.78944],[650,87.66422],[637,87.35996],[496,90.33125],[721,81.69773],[491,90.21385],[540,88.50963],[589,87.00491],[962,73.67463],[550,87.3132],[808,79.61192],[499,90.26953],[538,89.75385],[695,85.92767],[829,80.07064],[492,91.47445],[782,80.65936],[719,81.95104],[539,91.48289],[501,91.33848],[639,85.84048],[498,90.54016],[489,91.85513],[830,76.96545],[718,84.4306],[916,75.328],[443,92.63976],[444,92.37823],[488,91.70117],[636,87.05766],[542,93.1829],[445,94.06594],[399,95.54115],[398,94.23946],[552,91.06721],[441,92.02405],[635,85.98927],[502,90.50878],[733,86.97088],[357,95.70522],[442,94.66273],[537,89.88],[397,93.96928],[869,76.77946],[494,91.53727],[490,91.24632],[401,93.71229],[587,87.43184],[651,88.24309],[922,75.17898],[396,94.50587],[753,82.98676],[588,88.89109],[841,79.4514],[359,96.46527],[450,92.24415],[680,84.37108],[440,91.9667],[751,81.86539],[355,95.78097],[358,95.66484],[732,84.46287],[395,94.24287],[439,92.46273],[723,81.7379],[438,91.50447],[356,95.34704],[795,85.96067],[484,93.30494],[447,96.32532],[487,90.37872],[277,99.65025],[696,87.65639],[400,96.11945],[354,95.88806],[353,95.56767],[402,97.19354],[820,85.82435],[319,98.75932],[316,99.25835],[276,100.268],[485,92.37997],[275,99.58591],[486,91.48909],[503,91.06808],[273,101.2879],[783,82.60345],[320,100.5126],[314,98.96465],[318,98.66666],[394,95.09458],[271,100.3528],[924,71.5855],[533,90.30573],[312,98.56185],[448,95.45935],[238,101.7527],[315,100.4631],[279,100.8235],[232,101.7336],[270,102.1129],[274,99.94309],[393,94.58253],[272,99.43826],[842,82.49676],[317,98.80324],[231,103.6212],[313,100.3999],[195,102.5861],[500,93.62626],[310,101.5474],[233,101.3487],[350,99.28452],[953,72.97549],[766,85.45344],[361,97.62402],[483,92.83882],[780,82.83251],[862,80.6815],[352,96.68578],[235,102.3],[193,104.1889],[360,99.10441],[309,103.0392],[311,100.0662],[436,94.33417],[446,99.09355],[234,102.4493],[362,100.0467],[308,103.6241],[807,80.89976],[604,91.34237],[586,88.2103],[348,101.1495],[194,103.7175],[236,101.5555],[917,79.44026],[530,95.04649],[278,101.999],[347,101.7372],[389,99.86948],[197,103.3933],[449,97.01234],[199,102.9436],[536,89.31431],[437,93.95857],[482,93.21643],[269,103.7089],[493,97.89115],[532,92.66182],[196,104.5254],[388,100.8794],[676,88.40704],[237,103.1405],[307,104.6536],[431,98.12179],[192,107.0977],[228,108.0505],[452,97.38778],[349,100.6835],[430,100.4426],[158,106.9668],[229,106.7951],[346,103.4219],[266,108.5412],[268,105.6904],[230,106.4531],[239,104.0465],[343,105.869],[796,87.33423],[534,91.74355],[435,95.50854],[160,106.1919],[189,108.9365],[344,105.1728],[390,96.62805],[888,76.95944],[652,92.1172],[321,102.1695],[954,72.48643],[267,107.1353],[159,106.62],[351,99.87336],[579,92.84318],[384,104.8028],[163,105.752],[881,82.49928],[306,106.7697],[634,89.93769],[162,108.1394],[481,94.83217],[161,108.4613],[581,92.88414],[190,110.3289],[281,102.6003],[585,90.42198],[198,105.9429],[341,109.9929],[342,109.239],[305,112.918],[124,111.9073],[673,90.75966],[303,111.3001],[240,105.524],[280,103.9584],[387,100.5198],[850,77.44098],[868,77.9286],[123,111.1587],[403,101.3072],[480,96.97157],[385,103.8205],[923,77.48178],[345,106.6484],[282,103.9403],[382,108.7478],[383,106.2257],[678,88.55213],[949,79.33119],[454,97.2289],[304,111.4659],[425,105.7129],[261,113.5712],[755,83.27454],[426,104.3933],[428,101.3338],[405,100.2736],[340,109.1839],[554,93.34663],[429,101.162],[849,81.72274],[157,110.7109],[476,100.0724],[262,114.1522],[200,106.831],[260,110.8639],[380,108.8872],[453,98.39045],[265,113.6205],[381,107.5684],[301,111.9838],[423,109.327],[632,90.56712],[220,114.4109],[122,112.6995],[184,116.1923],[404,101.5482],[259,111.9401],[386,102.3719],[263,114.8913],[181,117.6492],[219,115.8542],[939,76.28007],[302,115.0117],[146,118.1281],[182,116.3544],[391,97.11164],[473,104.8004],[221,114.8019],[734,90.55096],[111,119.4664],[218,116.7555],[183,117.0829],[867,80.202],[322,105.2484],[474,101.0542],[477,98.17354],[180,118.9144],[300,112.5171],[145,118.0882],[407,98.56319],[264,112.9211],[427,104.7439],[110,121.8936],[471,107.2007],[424,105.9146],[80,122.2273],[112,120.5107],[148,118.5634],[880,85.38839],[784,81.51015],[156,112.6094],[522,104.4071],[147,120.0788],[201,108.9866],[363,104.8524],[406,99.49988],[432,97.15034],[222,117.2724],[478,96.97289],[576,95.0725],[339,109.7528],[606,95.15738],[338,111.3165],[379,108.9538],[54,126.8605],[191,111.8581],[582,92.58851],[455,98.73177],[520,105.8039],[258,115.8898],[299,112.868],[336,111.2958],[578,93.41582],[113,122.7171],[257,115.2115],[216,117.7326],[524,100.09],[535,91.90807],[227,114.2639],[154,115.315],[472,104.3522],[55,126.189],[53,127.7715],[523,101.2422],[109,122.858],[224,117.471],[298,114.392],[178,118.4387],[716,89.60307],[35,127.4167],[155,112.9594],[51,127.8611],[295,114.7858],[296,115.183],[188,115.3064],[225,118.741],[79,124.2113],[573,101.4233],[179,120.2924],[185,119.0861],[575,96.61124],[128,110.0585],[108,124.1594],[451,98.20988],[217,119.0742],[376,111.9143],[78,125.3994],[519,108.5176],[52,126.7224],[297,115.1906],[142,120.2364],[241,109.242],[335,116.2899],[143,122.5823],[847,84.0467],[144,122.4918],[848,84.58794],[256,115.9196],[417,112.6999],[177,120.5557],[521,103.7948],[89,116.0212],[479,96.72814],[76,127.233],[215,120.4338],[141,124.2511],[337,110.6227],[254,119.5428],[475,100.1997],[822,90.81261],[77,126.5391],[334,115.3975],[176,123.7852],[294,117.5673],[375,113.4867],[153,118.8427],[164,112.7889],[377,109.8242],[468,107.8356],[629,92.34344],[214,123.4449],[699,100.6711],[675,90.30843],[466,111.2465],[212,123.9534],[467,111.4335],[140,126.3366],[213,123.6184],[378,111.3274],[253,119.6781],[516,109.6836],[126,113.8759],[418,112.4586],[255,117.8757],[419,110.1746],[226,120.2377],[50,131.3224],[630,94.75773],[48,130.8703],[433,99.02439],[653,96.93231],[293,118.7864],[49,132.6752],[333,116.2361],[209,129.0057],[717,89.7529],[517,109.3866],[107,127.2948],[32,131.7459],[332,119.3145],[373,116.589],[469,106.712],[697,92.15701],[531,97.13501],[57,129.6865],[211,127.4529],[669,95.86707],[251,125.3341],[416,116.7701],[465,112.3464],[242,110.5254],[374,114.3756],[75,128.9891],[574,98.18121],[165,111.7103],[564,114.3128],[565,112.215],[105,129.0673],[571,103.5639],[33,130.0182],[106,128.6151],[252,123.72],[331,121.2459],[514,113.5208],[249,128.3268],[175,127.8397],[372,119.145],[963,77.21011],[292,123.7099],[329,125.7346],[617,107.4761],[15,135.9156],[34,132.3569],[291,124.1378],[370,122.9478],[513,115.6891],[567,109.2229],[121,118.4553],[614,113.9015],[31,134.8464],[330,122.4756],[414,120.0647],[605,95.28469],[566,107.9748],[367,127.847],[623,98.38622],[526,99.69778],[618,107.8134],[371,122.2655],[326,129.5999],[464,117.1612],[81,127.4018],[250,127.0461],[679,85.49589],[563,114.0831],[415,120.7963],[369,122.1731],[866,82.56661],[92,117.8698],[223,123.2568],[779,86.51319],[907,77.49444],[368,124.8115],[462,117.1871],[290,128.1727],[702,112.4024],[463,119.4917],[29,136.661],[750,88.60742],[82,130.5148],[325,128.1789],[210,130.974],[248,130.2856],[413,118.4379],[139,130.9217],[173,130.8205],[328,131.3321],[420,112.2347],[459,124.391],[169,136.1132],[88,120.4465],[127,114.8772],[186,125.8098],[512,115.5856],[411,124.587],[460,126.1366],[772,93.00169],[827,84.57803],[392,100.3292],[208,133.9208],[821,93.9483],[461,119.588],[511,115.7652],[286,132.581],[613,112.5684],[515,111.6499],[174,129.2859],[410,125.5442],[74,131.7515],[365,132.7009],[18,136.9996],[289,123.9063],[456,101.0866],[37,132.0933],[412,119.7404],[662,106.6343],[287,133.7749],[561,118.9591],[166,115.1044],[619,106.8736],[661,110.0922],[434,100.1489],[510,122.6255],[767,93.56196],[104,133.0243],[47,137.3928],[663,106.9688],[770,95.50697],[509,136.1385],[171,134.4806],[120,122.3621],[580,97.92488],[616,110.2367],[73,135.4249],[572,103.2581],[136,135.2615],[518,107.7342],[22,134.0639],[609,137.0714],[622,104.324],[114,128.677],[562,118.5254],[569,108.4439],[664,99.56367],[17,137.909],[56,131.157],[797,94.19573],[327,135.4724],[707,100.4655],[800,92.51794],[470,109.4794],[620,106.7532],[26,140.9858],[72,136.7887],[698,96.9845],[205,140.8958],[703,100.4072],[803,91.1647],[285,146.6691],[568,110.598],[366,131.9562],[773,92.82171],[508,140.1214],[656,143.7585],[19,136.484],[288,133.7467],[527,101.0711],[99,144.7894],[610,137.0753],[655,146.8456],[659,116.2555],[559,137.2687],[172,136.457],[704,96.17318],[21,134.5929],[135,141.6277],[660,115.0822],[658,139.7612],[59,142.0022],[408,143.5456],[884,83.3709],[715,91.93494],[246,139.1716],[612,119.3373],[657,146.3271],[207,138.0071],[100,146.2257],[887,82.02964],[247,139.5694],[558,142.0334],[560,130.2254],[742,96.228],[506,132.3318],[69,142.347],[938,80.88868],[458,126.5666],[101,141.2811],[30,138.8284],[743,95.89507],[125,120.6201],[44,143.4373],[615,113.8059],[666,102.7841],[769,101.4493],[607,101.7743],[71,140.1672],[665,102.4332],[570,107.1499],[738,104.2739],[555,100.3939],[2,153.0614],[61,126.5552],[170,139.8222],[713,93.37923],[624,101.8774],[714,91.87331],[150,127.7765],[4,150.9707],[621,108.5837],[737,99.32327],[771,96.00899],[507,144.9914],[45,141.6549],[631,94.54531],[557,142.5214],[138,137.6484],[863,94.81006],[58,134.5968],[952,77.25755],[626,102.3259],[20,140.3006],[745,92.46584],[28,141.7417],[149,130.322],[102,142.6893],[457,130.0503],[625,103.1261],[103,141.5271],[677,92.01216],[84,135.2039],[701,150.4379],[422,117.3737],[608,149.1146],[775,97.69763],[421,110.3683],[133,146.935],[705,105.2144],[667,107.8227],[23,134.9861],[83,132.9162],[70,152.7346],[13,146.3934],[802,88.69714],[824,93.62502],[117,138.0031],[60,138.6551],[6,142.5264],[8,141.4147],[41,140.5699],[674,95.22131],[151,129.7244],[668,109.687],[671,98.16003],[409,136.7623],[749,93.67335],[1,150.7419],[245,151.2479],[611,142.9803],[735,98.76679],[137,142.2826],[43,152.9351],[700,155.5135],[777,92.32227],[25,153.1794],[740,109.4807],[7,142.8753],[10,156.6798],[36,137.7178],[706,109.6207],[12,156.1665],[5,145.9366],[736,103.8767],[134,146.0884],[529,102.4121],[747,92.32523],[741,108.5582],[937,78.27877],[627,103.399],[38,137.0312],[577,104.8758],[86,132.0499],[776,95.34124],[528,117.6534],[168,130.3058],[206,148.1898],[708,115.1936],[525,108.2666],[712,97.78356],[711,92.87003],[950,107.553],[670,120.587],[14,147.0367],[115,135.6001],[882,97.23876],[966,68.49861],[799,109.1508],[68,121.0755],[46,148.0463],[901,90.33517],[42,133.6276],[672,100.2532],[709,106.6194],[806,91.12415],[244,129.8876],[801,105.8778],[845,95.41749],[0,148.2911],[11,146.3698],[187,129.8234],[583,97.30503],[774,96.62537],[905,97.13805],[27,151.7601],[116,135.5963],[66,146.1774],[920,90.7512],[935,91.8133],[710,111.2022],[65,128.4303],[921,90.48802],[739,104.5941],[744,114.4739],[828,87.20535],[91,126.4096],[284,136.2456],[885,103.5056],[152,136.7089],[798,106.0203],[781,86.91811],[654,121.4887],[16,148.9404],[778,120.3456],[904,104.3252],[94,126.9846],[67,129.7262],[844,98.63437],[883,92.8683],[940,79.35983],[62,131.7327],[364,116.3817],[825,87.4948],[167,127.4441],[906,80.57844],[39,160.7178],[633,98.70387],[556,117.6949],[748,93.40592],[202,122.4254],[865,92.87434],[919,104.0203],[902,83.09147],[119,136.9292],[132,133.3417],[918,86.54182],[9,154.9809],[864,100.074],[96,134.8822],[504,124.008],[886,87.46191],[98,138.1815],[87,128.5884],[85,145.1822],[324,123.9125],[826,103.7769],[936,84.42085],[805,106.1108],[118,141.6272],[90,124.1113],[823,104.1078],[24,153.6795],[965,73.91865],[63,137.844],[204,139.4454],[903,113.5628],[93,132.5667],[3,157.7844],[804,91.09547],[746,117.3106],[628,110.3236],[243,135.0008],[97,134.0656],[900,120.2414],[40,139.909],[129,123.4606],[951,84.92536],[64,140.6359],[323,132.5296],[843,96.89516],[131,132.2343],[130,142.7971],[584,99.6553],[505,115.8922],[95,122.3827],[203,136.7842],[934,113.4564],[283,117.7083],[846,108.3182],[768,102.0946]

Finish Times:
[974,31.72035],[973,32.00035],[968,32.44036],[969,32.56036],[958,33.08038],[959,33.32038],[967,33.48038],[945,33.92039],[944,33.9604],[970,34.0804],[928,34.68041],[957,34.68041],[943,34.88042],[946,34.92042],[929,35.32043],[927,35.56043],[911,35.60043],[930,35.96044],[956,35.96044],[912,36.12045],[893,36.40045],[910,36.52045],[926,36.56046],[913,36.92046],[894,37.00047],[892,37.04047],[895,37.24047],[931,37.44048],[909,37.68048],[874,37.72048],[960,37.72048],[875,37.88049],[876,38.20049],[855,38.3205],[873,38.3205],[857,38.7205],[872,38.76051],[896,38.92051],[925,38.96051],[856,39.04051],[877,39.36052],[835,39.44052],[891,39.60052],[854,39.68053],[837,39.76053],[897,39.84053],[858,40.16054],[972,40.16054],[814,40.20054],[834,40.36054],[836,40.44054],[914,40.76055],[971,40.80055],[853,40.84055],[813,40.88055],[833,40.96056],[790,41.32056],[816,41.40057],[908,41.48057],[878,41.60057],[812,41.72057],[955,41.72057],[789,41.96058],[838,42.08058],[852,42.12058],[898,42.28059],[788,42.36059],[871,42.52059],[815,42.56059],[791,42.7606],[760,42.8406],[811,43.0006],[915,43.0006],[761,43.0806],[817,43.28061],[787,43.52061],[729,43.60062],[832,43.68062],[859,43.72062],[762,43.80062],[810,44.12063],[763,44.16063],[727,44.24063],[759,44.24063],[948,44.40063],[728,44.52064],[758,44.72064],[792,44.76064],[726,44.84064],[785,44.96065],[730,45.12065],[839,45.12065],[941,45.32066],[690,45.56066],[725,45.64066],[757,45.64066],[691,45.88067],[793,46.04067],[964,46.20068],[689,46.24068],[647,46.28068],[786,46.36068],[692,46.64069],[961,46.64069],[756,46.72069],[648,46.76069],[942,46.80069],[731,47.00069],[644,47.2807],[724,47.2807],[851,47.4407],[933,47.48071],[693,47.52071],[818,47.56071],[688,47.84071],[764,47.88071],[599,48.00072],[646,48.00072],[870,48.24072],[549,48.28072],[879,48.32072],[597,48.52073],[643,48.56073],[687,48.72073],[860,48.72073],[694,48.88074],[932,49.04074],[594,49.12074],[645,49.20074],[642,49.36075],[601,49.44075],[840,49.52075],[686,49.64075],[596,49.76076],[595,49.84076],[899,49.84076],[547,50.04076],[641,50.04076],[649,50.08076],[722,50.48077],[831,50.48077],[640,50.52077],[600,50.64078],[684,50.72078],[794,50.72078],[602,50.76078],[720,51.04079],[765,51.24079],[809,51.28079],[551,51.32079],[593,51.36079],[861,51.5608],[544,51.6808],[603,51.7208],[754,51.84081],[598,51.92081],[683,52.04081],[819,52.04081],[545,52.28082],[685,52.44082],[543,52.56082],[947,52.60082],[890,52.64082],[541,52.72083],[546,52.76083],[592,52.96083],[638,53.00083],[497,53.24084],[681,53.32084],[495,53.44084],[548,53.60085],[553,53.64085],[682,53.68085],[889,53.76085],[591,53.92085],[590,54.00085],[752,54.04086],[650,54.12086],[637,54.24086],[496,54.28086],[721,54.52087],[491,54.64087],[540,54.64087],[589,54.72087],[962,54.80087],[550,54.88087],[808,55.00088],[499,55.32088],[538,55.32088],[695,55.32088],[829,55.36089],[492,55.64089],[782,55.72089],[719,55.76089],[539,55.9609],[501,56.0409],[639,56.1209],[498,56.1609],[489,56.28091],[830,56.36091],[718,56.40091],[916,56.56091],[443,56.60091],[444,56.68092],[488,57.00092],[636,57.00092],[542,57.04092],[445,57.08092],[399,57.28093],[398,57.32093],[552,57.56094],[441,57.60094],[635,57.60094],[502,57.84094],[733,57.96095],[357,58.00095],[442,58.00095],[537,58.12095],[397,58.28095],[869,58.64096],[494,58.68096],[490,58.72096],[401,58.84097],[587,58.84097],[651,58.96097],[922,59.04097],[396,59.24097],[753,59.24097],[588,59.40098],[841,59.60098],[359,59.68098],[450,59.72099],[680,59.88099],[440,59.92099],[751,59.92099],[355,60.201],[358,60.441],[732,60.441],[395,60.521],[439,60.521],[723,60.561],[438,60.76101],[356,60.84101],[795,61.04102],[484,61.12102],[447,61.20102],[487,61.20102],[277,61.28102],[696,61.28102],[400,61.60103],[354,61.64103],[353,61.72103],[402,61.96104],[820,62.00104],[319,62.08104],[316,62.20104],[276,62.28104],[485,62.28104],[275,62.32104],[486,62.76105],[503,62.92106],[273,62.96106],[783,62.96106],[320,63.00106],[314,63.16106],[318,63.24107],[394,63.36107],[271,63.64108],[924,63.64108],[533,63.72108],[312,63.76108],[448,63.92108],[238,64.00108],[315,64.04108],[279,64.16109],[232,64.24109],[270,64.32109],[274,64.32109],[393,64.44109],[272,64.6011],[842,64.7211],[317,64.9211],[231,65.00111],[313,65.00111],[195,65.08111],[500,65.12111],[310,65.24111],[233,65.64112],[350,65.68112],[953,65.68112],[766,65.76112],[361,65.80112],[483,65.96113],[780,66.24113],[862,66.24113],[352,66.32114],[235,66.36114],[193,66.52114],[360,66.60114],[309,66.72115],[311,66.80115],[436,66.92115],[446,66.96115],[234,67.20116],[362,67.20116],[308,67.32116],[807,67.40116],[604,67.44116],[586,67.60117],[348,67.64117],[194,67.92117],[236,67.92117],[917,67.92117],[530,68.04118],[278,68.12118],[347,68.24118],[389,68.24118],[197,68.64119],[449,68.64119],[199,68.72119],[536,68.72119],[437,68.84119],[482,68.84119],[269,68.9212],[493,69.1612],[532,69.2412],[196,69.32121],[388,69.40121],[676,69.44121],[237,69.60121],[307,69.80122],[431,69.80122],[192,70.00122],[228,70.00122],[452,70.08122],[349,70.32123],[430,70.32123],[158,70.40123],[229,70.44123],[346,70.68124],[266,70.72124],[268,71.00124],[230,71.08125],[239,71.12125],[343,71.16125],[796,71.16125],[534,71.20125],[435,71.32125],[160,71.56126],[189,71.64126],[344,71.68126],[390,71.84126],[888,71.84126],[652,71.96127],[321,72.04127],[954,72.04127],[267,72.28127],[159,72.44128],[351,72.48128],[579,72.56128],[384,72.68128],[163,72.72128],[881,72.88129],[306,72.92129],[634,73.12129],[162,73.20129],[481,73.20129],[161,73.3613],[581,73.4413],[190,73.5213],[281,73.80131],[585,73.84131],[198,73.92131],[341,73.92131],[342,74.04131],[305,74.20132],[124,74.24132],[673,74.24132],[303,74.64133],[240,74.72133],[280,74.72133],[387,74.72133],[850,74.80133],[868,74.80133],[123,74.88133],[403,75.16134],[480,75.20134],[385,75.36134],[923,75.44135],[345,75.48135],[282,75.52135],[382,75.64135],[383,75.80135],[678,76.04136],[949,76.04136],[454,76.08136],[304,76.20136],[425,76.24136],[261,76.28136],[755,76.36137],[426,76.48137],[428,76.80138],[405,76.84138],[340,76.88138],[554,76.88138],[429,77.00138],[849,77.00138],[157,77.04138],[476,77.12138],[262,77.36139],[200,77.56139],[260,77.56139],[380,77.60139],[453,77.6414],[265,77.7214],[381,77.7214],[301,78.0414],[423,78.20141],[632,78.20141],[220,78.24141],[122,78.28141],[184,78.56142],[404,78.64142],[259,78.72142],[386,78.80142],[263,78.96143],[181,79.00143],[219,79.20143],[939,79.24143],[302,79.32143],[146,79.36143],[182,79.48144],[391,79.64144],[473,79.76144],[221,79.80145],[734,79.80145],[111,79.84145],[218,79.92145],[183,80.24146],[867,80.32146],[322,80.36146],[474,80.36146],[477,80.36146],[180,80.48146],[300,80.56146],[145,80.88147],[407,80.88147],[264,80.92147],[427,81.04147],[110,81.08147],[471,81.12148],[424,81.44148],[80,81.52148],[112,81.64149],[148,81.64149],[880,81.68149],[784,81.92149],[156,82.0015],[522,82.0815],[147,82.1215],[201,82.2815],[363,82.52151],[406,82.60151],[432,82.64151],[222,82.72151],[478,82.76151],[576,82.76151],[339,82.80151],[606,82.96152],[338,83.28152],[379,83.28152],[54,83.32153],[191,83.40153],[582,83.44153],[455,83.80154],[520,83.84154],[258,83.88154],[299,83.88154],[336,83.92154],[578,84.08154],[113,84.36155],[257,84.40155],[216,84.48155],[524,84.52155],[535,84.56155],[227,84.64156],[154,84.88156],[472,84.92156],[55,84.96156],[53,85.00156],[523,85.12157],[109,85.24157],[224,85.32157],[298,85.52158],[178,85.64158],[716,85.64158],[35,85.76158],[155,85.84158],[51,85.88158],[295,85.88158],[296,86.12159],[188,86.16159],[225,86.28159],[79,86.32159],[573,86.3616],[179,86.5616],[185,86.6416],[575,86.80161],[128,86.84161],[108,87.04161],[451,87.12161],[217,87.20161],[376,87.24162],[78,87.40162],[519,87.52162],[52,87.56162],[297,87.84163],[142,87.88163],[241,88.00163],[335,88.00163],[143,88.04163],[847,88.16164],[144,88.36164],[848,88.44164],[256,88.52164],[417,88.56165],[177,88.72165],[521,88.80165],[89,88.88165],[479,88.92165],[76,89.08166],[215,89.16166],[141,89.28166],[337,89.28166],[254,89.32166],[475,89.64167],[822,89.64167],[77,89.72167],[334,89.76167],[176,89.84167],[294,89.92168],[375,89.92168],[153,90.16168],[164,90.32169],[377,90.36169],[468,90.40169],[629,90.52169],[214,90.56169],[699,90.64169],[675,90.7617],[466,90.9217],[212,90.9617],[467,91.20171],[140,91.28171],[213,91.28171],[378,91.40171],[253,91.56171],[516,91.64172],[126,91.68172],[418,91.68172],[255,91.84172],[419,92.12173],[226,92.20173],[50,92.28173],[630,92.32173],[48,92.44173],[433,92.48174],[653,92.48174],[293,92.64174],[49,92.96175],[333,93.08175],[209,93.12175],[717,93.16175],[517,93.20175],[107,93.24175],[32,93.44176],[332,93.64176],[373,93.64176],[469,93.64176],[697,93.84177],[531,93.92177],[57,94.04177],[211,94.08177],[669,94.16177],[251,94.20177],[416,94.20177],[465,94.48178],[242,94.60178],[374,94.72179],[75,94.76179],[574,94.80179],[165,94.92179],[564,94.96179],[565,95.08179],[105,95.2818],[571,95.4418],[33,95.4818],[106,95.60181],[252,95.60181],[331,95.60181],[514,95.76181],[249,95.88181],[175,96.08182],[372,96.24182],[963,96.24182],[292,96.28182],[329,96.48183],[617,96.52183],[15,96.60183],[34,96.84184],[291,96.84184],[370,96.92184],[513,97.00184],[567,97.04184],[121,97.16184],[614,97.36185],[31,97.56185],[330,97.60185],[414,97.60185],[605,97.64185],[566,97.72186],[367,97.84186],[623,97.92186],[526,98.00186],[618,98.32187],[371,98.36187],[326,98.40187],[464,98.40187],[81,98.56187],[250,98.56187],[679,98.68188],[563,98.88188],[415,99.00188],[369,99.12189],[866,99.20189],[92,99.32189],[223,99.32189],[779,99.40189],[907,99.44189],[368,99.7219],[462,99.7219],[290,99.8819],[702,99.96191],[463,100.0419],[29,100.2819],[750,100.3219],[82,100.3619],[325,100.4419],[210,100.5219],[248,100.6019],[413,100.7619],[139,100.8019],[173,100.8419],[328,101.0819],[420,101.1619],[459,101.2819],[169,101.3619],[88,101.4419],[127,101.4419],[186,101.5219],[512,101.5619],[411,101.8419],[460,102.002],[772,102.002],[827,102.122],[392,102.162],[208,102.202],[821,102.482],[461,102.602],[511,102.642],[286,102.682],[613,102.682],[515,102.802],[174,102.922],[410,103.162],[74,103.202],[365,103.202],[18,103.282],[289,103.322],[456,103.362],[37,103.682],[412,103.722],[662,103.722],[287,103.882],[561,103.962],[166,104.162],[619,104.362],[661,104.362],[434,104.522],[510,104.522],[767,104.642],[104,104.682],[47,104.802],[663,104.922],[770,104.962],[509,105.042],[171,105.162],[120,105.322],[580,105.482],[616,105.482],[73,105.522],[572,105.522],[136,105.802],[518,105.842],[22,105.922],[609,106.042],[622,106.082],[114,106.2821],[562,106.3221],[569,106.4421],[664,106.6821],[17,106.7221],[56,106.8021],[797,106.8421],[327,106.9621],[707,106.9621],[800,107.0021],[470,107.3221],[620,107.5221],[26,107.6021],[72,107.6021],[698,107.6021],[205,107.6421],[703,107.6421],[803,107.9621],[285,108.0821],[568,108.0821],[366,108.4421],[773,108.4421],[508,108.6421],[656,108.6421],[19,108.6821],[288,108.6821],[527,108.6821],[99,108.8021],[610,109.0421],[655,109.1221],[659,109.1621],[559,109.3621],[172,109.4821],[704,109.5221],[21,109.5621],[135,109.6421],[660,109.6821],[658,109.8821],[59,110.0821],[408,110.1221],[884,110.1221],[715,110.2821],[246,110.3621],[612,110.5221],[657,110.5221],[207,110.8022],[100,110.8422],[887,110.8422],[247,111.0422],[558,111.0822],[560,111.0822],[742,111.1222],[506,111.2022],[69,111.4822],[938,111.6422],[458,111.8022],[101,111.8422],[30,111.8822],[743,111.8822],[125,112.0422],[44,112.1622],[615,112.4022],[666,112.4422],[769,112.5222],[607,112.6422],[71,112.6822],[665,112.9222],[570,113.0422],[738,113.1622],[555,113.2022],[2,113.3222],[61,113.3622],[170,113.4422],[713,113.4822],[624,113.6022],[714,113.6022],[150,113.9222],[4,113.9622],[621,114.0822],[737,114.0822],[771,114.0822],[507,114.1622],[45,114.3622],[631,114.4822],[557,114.6822],[138,114.7222],[863,114.7622],[58,114.8022],[952,114.8022],[626,114.9622],[20,115.0423],[745,115.2823],[28,115.4423],[149,115.4823],[102,115.5223],[457,115.5223],[625,115.5223],[103,115.6423],[677,115.9623],[84,116.0823],[701,116.1623],[422,116.2023],[608,116.3223],[775,116.3223],[421,116.4423],[133,116.4823],[705,116.6423],[667,116.7623],[23,116.8823],[83,116.9223],[70,116.9623],[13,117.1223],[802,117.2823],[824,117.3623],[117,117.4023],[60,117.5223],[6,117.5623],[8,117.8423],[41,117.8423],[674,117.8423],[151,117.9223],[668,117.9623],[671,117.9623],[409,118.2823],[749,118.4823],[1,118.5223],[245,118.5223],[611,118.5623],[735,118.6823],[137,118.8823],[43,119.0023],[700,119.0823],[777,119.1223],[25,119.1623],[740,119.3223],[7,119.4024],[10,119.7224],[36,119.8024],[706,119.8024],[12,119.8824],[5,119.9624],[736,120.0824],[134,120.2024],[529,120.4424],[747,120.4824],[741,120.5224],[937,120.6024],[627,120.7624],[38,120.8424],[577,121.0024],[86,121.0824],[776,121.0824],[528,121.2024],[168,121.2824],[206,121.2824],[708,121.3224],[525,121.6424],[712,121.6424],[711,121.8024],[950,121.8824],[670,122.0424],[14,122.0824],[115,122.0824],[882,122.2024],[966,122.3224],[799,122.5224],[68,122.6424],[46,122.8424],[901,122.8424],[42,123.0824],[672,123.0824],[709,123.0824],[806,123.1224],[244,123.4024],[801,123.4424],[845,123.5624],[0,123.6824],[11,123.7625],[187,123.8025],[583,123.8025],[774,124.0425],[905,124.1225],[27,124.4425],[116,124.4825],[66,124.5225],[920,124.5225],[935,124.6025],[710,124.7225],[65,124.8025],[921,124.8025],[739,125.1625],[744,125.2425],[828,125.3225],[91,125.4025],[284,125.4025],[885,125.4425],[152,125.5225],[798,125.5625],[781,125.8825],[654,125.9625],[16,126.0025],[778,126.0025],[904,126.1225],[94,126.4425],[67,126.5225],[844,126.6025],[883,126.6425],[940,126.7225],[62,126.7625],[364,126.7625],[825,126.7625],[167,127.2425],[906,127.2425],[39,127.3225],[633,127.3225],[556,127.4825],[748,127.4825],[202,127.6025],[865,127.8025],[919,127.8825],[902,127.9225],[119,128.0425],[132,128.2425],[918,128.3225],[9,128.4025],[864,128.4025],[96,128.4425],[504,128.6024],[886,128.6424],[98,128.7624],[87,128.9224],[85,129.0424],[324,129.0824],[826,129.0824],[936,129.2423],[805,129.3223],[118,129.4023],[90,129.5623],[823,129.7623],[24,129.8422],[965,129.8422],[63,129.8822],[204,130.0422],[903,130.0422],[93,130.3222],[3,130.4421],[804,130.5221],[746,130.5621],[628,130.6421],[243,130.7221],[97,130.8021],[900,131.082],[40,131.202],[129,131.242],[951,131.242],[64,131.282],[323,131.6419],[843,131.6819],[131,131.7219],[130,131.9619],[584,131.9619],[505,132.0019],[95,132.5218],[203,132.5618],[934,132.6818],[283,132.8417],[846,133.2417],[768,133.3616]

Stuck Times:
[974,0],[973,0],[968,0],[969,0],[958,0],[959,0],[967,0],[945,0],[944,0],[970,1],[928,0],[957,0],[943,0],[946,0],[929,0],[927,0],[911,0],[930,0],[956,1],[912,0],[893,0],[910,0],[926,0],[913,0],[894,0],[892,0],[895,0],[931,1],[909,0],[874,0],[960,5],[875,0],[876,0],[855,0],[873,0],[857,0],[872,0],[896,2],[925,2],[856,0],[877,0],[835,0],[891,1],[854,0],[837,1],[897,1],[858,0],[972,4],[814,0],[834,0],[836,1],[914,4],[971,6],[853,0],[813,0],[833,0],[790,0],[816,0],[908,2],[878,2],[812,0],[955,4],[789,0],[838,2],[852,0],[898,4],[788,0],[871,1],[815,0],[791,0],[760,0],[811,0],[915,7],[761,1],[817,3],[787,0],[729,1],[832,0],[859,4],[762,0],[810,0],[763,1],[727,1],[759,0],[948,10],[728,0],[758,0],[792,3],[726,0],[785,0],[730,1],[839,5],[941,10],[690,1],[725,0],[757,0],[691,0],[793,5],[964,9],[689,0],[647,0],[786,3],[692,1],[961,12],[756,1],[648,1],[942,9],[731,4],[644,0],[724,0],[851,4],[933,14],[693,2],[818,7],[688,0],[764,6],[599,0],[646,0],[870,4],[549,0],[879,12],[597,0],[643,0],[687,0],[860,11],[694,4],[932,13],[594,0],[645,1],[642,0],[601,3],[840,11],[686,1],[596,1],[595,1],[899,13],[547,2],[641,0],[649,5],[722,2],[831,6],[640,1],[600,4],[684,2],[794,11],[602,4],[720,1],[765,10],[809,5],[551,5],[593,1],[861,14],[544,1],[603,8],[754,5],[598,4],[683,1],[819,12],[545,2],[685,3],[543,4],[947,18],[890,13],[541,1],[546,4],[592,3],[638,1],[497,5],[681,3],[495,4],[548,6],[553,7],[682,1],[889,10],[591,3],[590,2],[752,3],[650,10],[637,2],[496,5],[721,4],[491,3],[540,3],[589,3],[962,19],[550,10],[808,10],[499,9],[538,4],[695,16],[829,8],[492,5],[782,6],[719,6],[539,2],[501,9],[639,7],[498,10],[489,4],[830,14],[718,5],[916,21],[443,6],[444,6],[488,4],[636,4],[542,8],[445,6],[399,2],[398,3],[552,13],[441,5],[635,6],[502,12],[733,16],[357,5],[442,4],[537,3],[397,4],[869,18],[494,12],[490,6],[401,8],[587,5],[651,20],[922,18],[396,4],[753,11],[588,3],[841,23],[359,2],[450,14],[680,7],[440,4],[751,11],[355,3],[358,7],[732,20],[395,4],[439,5],[723,15],[438,3],[356,4],[795,19],[484,5],[447,12],[487,9],[277,4],[696,19],[400,10],[354,4],[353,6],[402,13],[820,20],[319,6],[316,6],[276,5],[485,8],[275,5],[486,8],[503,18],[273,5],[783,17],[320,11],[314,5],[318,9],[394,5],[271,5],[924,26],[533,7],[312,2],[448,17],[238,8],[315,5],[279,12],[232,3],[270,5],[274,2],[393,12],[272,4],[842,26],[317,10],[231,3],[313,5],[195,5],[500,20],[310,4],[233,5],[350,6],[953,28],[766,26],[361,17],[483,13],[780,22],[862,29],[352,11],[235,10],[193,8],[360,15],[309,3],[311,8],[436,9],[446,19],[234,11],[362,18],[308,6],[807,21],[604,24],[586,18],[348,5],[194,9],[236,16],[917,32],[530,14],[278,17],[347,8],[389,8],[197,15],[449,23],[199,17],[536,16],[437,11],[482,13],[269,7],[493,23],[532,15],[196,15],[388,7],[676,20],[237,18],[307,8],[431,13],[192,13],[228,7],[452,24],[349,10],[430,11],[158,14],[229,7],[346,9],[266,9],[268,9],[230,11],[239,21],[343,8],[796,31],[534,22],[435,18],[160,18],[189,10],[344,10],[390,14],[888,30],[652,32],[321,26],[954,32],[267,11],[159,18],[351,14],[579,21],[384,9],[163,21],[881,35],[306,13],[634,24],[162,20],[481,18],[161,18],[581,25],[190,13],[281,23],[585,24],[198,20],[341,11],[342,12],[305,11],[124,18],[673,30],[303,10],[240,21],[280,24],[387,16],[850,38],[868,33],[123,17],[403,28],[480,21],[385,11],[923,36],[345,13],[282,24],[382,11],[383,12],[678,28],[949,41],[454,30],[304,17],[425,12],[261,11],[755,31],[426,13],[428,18],[405,28],[340,11],[554,35],[429,21],[849,36],[157,19],[476,14],[262,16],[200,25],[260,12],[380,11],[453,29],[265,15],[381,14],[301,13],[423,13],[632,31],[220,12],[122,23],[184,18],[404,30],[259,15],[386,16],[263,17],[181,11],[219,11],[939,48],[302,18],[146,14],[182,13],[391,27],[473,17],[221,15],[734,38],[111,17],[218,11],[183,19],[867,42],[322,31],[474,26],[477,27],[180,10],[300,13],[145,13],[407,34],[264,22],[427,21],[110,15],[471,20],[424,21],[80,20],[112,19],[148,21],[880,44],[784,42],[156,27],[522,24],[147,20],[201,29],[363,36],[406,34],[432,31],[222,24],[478,28],[576,33],[339,19],[606,41],[338,18],[379,20],[54,18],[191,27],[582,38],[455,39],[520,22],[258,16],[299,21],[336,21],[578,40],[113,23],[257,20],[216,20],[524,33],[535,39],[227,27],[154,28],[472,25],[55,20],[53,18],[523,33],[109,19],[224,27],[298,19],[178,19],[716,42],[35,20],[155,30],[51,17],[295,20],[296,20],[188,30],[225,27],[79,22],[573,35],[179,22],[185,24],[575,40],[128,34],[108,20],[451,44],[217,22],[376,25],[78,20],[519,30],[52,18],[297,23],[142,22],[241,37],[335,21],[143,21],[847,47],[144,21],[848,53],[256,25],[417,24],[177,22],[521,36],[89,30],[479,45],[76,20],[215,22],[141,22],[337,29],[254,21],[475,42],[822,50],[77,21],[334,22],[176,21],[294,25],[375,25],[153,32],[164,37],[377,34],[468,34],[629,49],[214,22],[699,44],[675,51],[466,29],[212,22],[467,31],[140,19],[213,24],[378,32],[253,27],[516,32],[126,37],[418,31],[255,27],[419,36],[226,33],[50,25],[630,54],[48,23],[433,41],[653,49],[293,28],[49,26],[333,28],[209,20],[717,52],[517,35],[107,25],[32,25],[332,28],[373,28],[469,38],[697,55],[531,48],[57,31],[211,26],[669,51],[251,26],[416,29],[465,36],[242,43],[374,33],[75,26],[574,47],[165,43],[564,34],[565,38],[105,27],[571,45],[33,32],[106,26],[252,27],[331,27],[514,34],[249,25],[175,26],[372,30],[963,60],[292,28],[329,27],[617,48],[15,29],[34,32],[291,29],[370,30],[513,37],[567,45],[121,38],[614,35],[31,31],[330,29],[414,34],[605,56],[566,46],[367,29],[623,53],[526,50],[618,48],[371,31],[326,30],[464,33],[81,38],[250,30],[679,52],[563,40],[415,31],[369,37],[866,65],[92,45],[223,38],[779,57],[907,66],[368,33],[462,38],[290,29],[702,51],[463,40],[29,32],[750,56],[82,36],[325,29],[210,33],[248,28],[413,38],[139,32],[173,31],[328,32],[420,50],[459,39],[169,29],[88,45],[127,49],[186,39],[512,43],[411,36],[460,36],[772,63],[827,59],[392,55],[208,32],[821,63],[461,42],[511,48],[286,32],[613,50],[515,43],[174,35],[410,41],[74,37],[365,33],[18,39],[289,40],[456,59],[37,43],[412,45],[662,59],[287,36],[561,44],[166,54],[619,60],[661,59],[434,64],[510,42],[767,64],[104,36],[47,38],[663,59],[770,67],[509,37],[171,37],[120,49],[580,62],[616,57],[73,37],[572,69],[136,38],[518,60],[22,46],[609,37],[622,58],[114,46],[562,51],[569,64],[664,68],[17,43],[56,44],[797,67],[327,35],[707,66],[800,75],[470,52],[620,68],[26,40],[72,41],[698,65],[205,37],[703,73],[803,71],[285,41],[568,60],[366,41],[773,75],[508,36],[656,43],[19,44],[288,39],[527,65],[99,39],[610,38],[655,41],[659,57],[559,42],[172,38],[704,73],[21,48],[135,40],[660,61],[658,43],[59,40],[408,41],[884,75],[715,72],[246,41],[612,50],[657,38],[207,39],[100,41],[887,75],[247,39],[558,41],[560,49],[742,79],[506,48],[69,45],[938,76],[458,50],[101,42],[30,46],[743,76],[125,59],[44,44],[615,65],[666,75],[769,73],[607,70],[71,45],[665,78],[570,65],[738,73],[555,72],[2,38],[61,57],[170,45],[713,77],[624,76],[714,83],[150,56],[4,46],[621,73],[737,76],[771,77],[507,44],[45,45],[631,73],[557,46],[138,43],[863,77],[58,54],[952,80],[626,76],[20,52],[745,80],[28,53],[149,54],[102,48],[457,50],[625,77],[103,45],[677,74],[84,54],[701,47],[422,59],[608,49],[775,81],[421,68],[133,45],[705,75],[667,71],[23,54],[83,56],[70,46],[13,45],[802,81],[824,87],[117,55],[60,50],[6,53],[8,53],[41,50],[674,81],[151,59],[668,72],[671,78],[409,50],[749,82],[1,48],[245,48],[611,48],[735,77],[137,48],[43,49],[700,44],[777,84],[25,50],[740,77],[7,57],[10,44],[36,59],[706,68],[12,47],[5,51],[736,78],[134,49],[529,79],[747,87],[741,76],[937,85],[627,82],[38,60],[577,79],[86,62],[776,89],[528,72],[168,66],[206,45],[708,73],[525,72],[712,84],[711,92],[950,78],[670,69],[14,58],[115,61],[882,88],[966,86],[799,80],[68,65],[46,51],[901,95],[42,65],[672,82],[709,87],[806,88],[244,67],[801,83],[845,91],[0,57],[11,57],[187,66],[583,83],[774,91],[905,86],[27,53],[116,64],[66,57],[920,88],[935,95],[710,81],[65,68],[921,91],[739,90],[744,85],[828,83],[91,73],[284,63],[885,88],[152,65],[798,81],[781,83],[654,67],[16,60],[778,71],[904,86],[94,72],[67,69],[844,90],[883,95],[940,94],[62,69],[364,76],[825,103],[167,73],[906,85],[39,51],[633,88],[556,81],[748,95],[202,75],[865,89],[919,88],[902,100],[119,66],[132,66],[918,100],[9,53],[864,91],[96,74],[504,80],[886,93],[98,66],[87,72],[85,61],[324,77],[826,88],[936,101],[805,89],[118,65],[90,75],[823,97],[24,56],[965,93],[63,68],[204,67],[903,84],[93,76],[3,58],[804,94],[746,82],[628,91],[243,75],[97,72],[900,83],[40,67],[129,81],[951,100],[64,70],[323,77],[843,95],[131,75],[130,71],[584,93],[505,84],[95,80],[203,74],[934,86],[283,82],[846,99],[768,92]

