Experiment Name: Custom-SimpleTwoPaths2
Method Used: FlowGraph
Run Number: 3
Preparation Time: 16.5449ms
Pathfinding Time: 6.5273ms
Finish Time: 108.1221ms
Finish Time 90%: 102.802ms
Repaths: 0
Soft Repaths: 0

Gates Data:
0:[335,[9.293019,18.58271,1,[38.00066,34.60622]]],[277,[8.530238,17.04897,1,[38.8126,29.00075]]],[299,[8.087627,16.17073,1,[38.00066,29.91873]]],[255,[8.615454,17.20755,1,[39.00066,27.49639]]],[254,[9.094057,18.17323,1,[38.25293,29.00077]]],[317,[9.100034,18.19636,1,[38.00066,32.92479]]],[233,[9.536514,19.04321,1,[39.00064,28.27289]]],[276,[8.952888,17.89759,1,[38.00066,30.15225]]],[349,[10.39212,20.77915,1,[38.00065,37.78475]]],[215,[9.549809,19.0284,1,[39.00066,26.70185]]],[232,[9.804637,19.5944,1,[38.00064,29.32277]]],[275,[9.977935,19.94918,1,[38.00064,32.16229]]],[298,[9.114729,18.22181,1,[38.00065,31.69316]]],[194,[12.58694,25.10583,0,[38.00069,31.63983]]],[253,[9.944595,19.87929,1,[38.00064,30.83734]]],[183,[11.81453,23.45676,0,[38.00069,29.46635]]],[297,[10.06763,20.13091,1,[38.00064,33.54482]]],[177,[12.65973,25.20704,0,[38.00069,30.29597]]],[316,[10.12587,20.24729,1,[38.00064,34.84096]]],[197,[10.55322,21.04626,1,[39.00063,27.61245]]],[171,[11.79861,23.5794,0,[39.00071,28.61459]]],[182,[13.32859,26.23189,0,[38.00069,31.88251]]],[196,[11.19728,22.37138,1,[38.47216,29.00076]]],[214,[10.4909,20.95666,1,[38.95189,29.00077]]],[170,[12.31602,24.20274,0,[38.33819,29.00071]]],[181,[14.59406,28.77958,0,[38.00074,33.84818]]],[169,[13.24362,26.08767,0,[38.00069,30.39483]]],[195,[11.73057,23.43459,1,[38.00066,30.48879]]],[193,[13.90365,27.31358,0,[38.00069,33.49122]]],[176,[14.03707,27.73219,0,[38.00074,32.34889]]],[231,[10.8089,21.60633,1,[38.00064,31.07559]]],[156,[11.78091,23.53276,0,[39.00071,27.47395]]],[175,[15.11579,29.75212,0,[38.00071,33.72804]]],[208,[14.97008,29.67405,0,[38.00074,35.3061]]],[154,[12.94063,25.78999,0,[38.21002,29.00072]]],[192,[15.51639,29.89566,0,[38.00071,35.25]]],[213,[10.7779,21.53684,1,[38.00065,29.71708]]],[167,[14.79316,29.13316,0,[38.00071,32.25969]]],[210,[13.32684,26.39215,1,[38.0007,33.47567]]],[166,[15.5643,30.57051,0,[38.00072,33.18965]]],[168,[14.01066,27.42991,0,[38.00072,31.17395]]],[153,[13.54667,26.85433,0,[38.0007,29.52523]]],[151,[15.14914,29.926,0,[38.00071,31.6406]]],[191,[15.99959,30.87823,0,[38.00072,34.70566]]],[212,[11.7233,23.43203,1,[38.00065,31.61095]]],[165,[16.4136,32.45977,0,[38.0007,34.31596]]],[155,[12.58692,24.90371,0,[39.0007,28.3103]]],[150,[15.98578,31.61835,0,[38.00071,32.79255]]],[207,[16.27617,31.62719,0,[38.00074,36.08344]]],[228,[13.43859,26.54435,1,[38.00068,34.7746]]],[224,[16.82784,33.01133,0,[38.00072,35.85393]]],[152,[14.3662,28.4762,0,[38.00071,30.61088]]],[134,[14.74696,28.93594,0,[38.00071,29.97256]]],[209,[14.24227,28.34955,1,[38.00071,34.97798]]],[149,[16.95667,33.47678,0,[38.00069,33.81098]]],[135,[13.97392,27.38685,0,[38.00069,29.08509]]],[114,[15.4781,30.14324,0,[38.00071,30.07355]]],[230,[11.75532,23.49808,1,[38.00065,32.80838]]],[243,[17.34918,33.20816,0,[38.00079,37.23366]]],[133,[15.56316,30.47734,0,[38.00071,31.25961]]],[206,[17.17318,33.43654,0,[38.00076,35.15081]]],[136,[13.89299,27.06437,0,[39.00069,28.96564]]],[113,[16.25631,31.62119,0,[38.0007,31.03507]]],[227,[14.2945,28.3829,1,[38.00068,36.21901]]],[132,[16.32903,32.06504,0,[38.0007,32.24387]]],[244,[16.82158,32.77517,0,[38.00075,37.50558]]],[116,[14.6937,28.63106,0,[38.87481,29.00071]]],[112,[17.0685,32.90273,0,[38.00072,31.663]]],[223,[17.63851,33.98571,0,[38.00076,36.58323]]],[211,[12.57512,25.13299,1,[38.00066,32.87397]]],[131,[17.03622,33.42038,0,[38.00072,32.73917]]],[225,[15.8559,31.1034,1,[38.00071,36.8297]]],[115,[15.03555,29.03751,0,[38.3627,29.0007]]],[222,[18.24356,35.01235,0,[38.00073,36.66211]]],[251,[11.82082,23.6284,1,[38.00066,34.03693]]],[91,[16.43988,31.78301,0,[38.00072,30.13371]]],[130,[17.7819,35.21872,0,[38.00072,33.06364]]],[242,[18.32959,34.46545,0,[38.00076,37.96029]]],[190,[17.74389,34.73424,0,[38.00071,35.17105]]],[229,[12.61578,25.21553,1,[38.00066,34.07983]]],[129,[18.73605,36.04797,0,[38.00074,33.07517]]],[137,[13.13253,25.66036,0,[39.00069,28.22785]]],[148,[17.76805,35.19287,0,[38.00072,34.12899]]],[205,[18.60535,34.4142,0,[38.00073,36.17213]]],[147,[18.53102,35.86639,0,[38.00075,33.87244]]],[249,[13.4479,26.59159,1,[38.00069,35.91245]]],[90,[17.30316,33.22341,0,[38.00072,30.9198]]],[164,[18.51655,35.87205,0,[38.00074,34.96291]]],[241,[18.92194,35.31835,0,[37.94854,38.00068]]],[111,[17.99903,34.11156,0,[38.00073,32.31987]]],[146,[19.4009,37.12808,0,[38.00075,34.48496]]],[94,[14.96895,28.80821,0,[39.00071,28.07843]]],[163,[19.18675,36.98868,0,[38.00076,35.26805]]],[110,[18.15405,34.56298,0,[38.00072,31.45878]]],[252,[10.91619,21.82283,1,[38.00064,32.49203]]],[162,[20.2356,38.23024,0,[38.00078,35.26915]]],[69,[16.71343,32.01465,0,[38.00072,29.34205]]],[180,[19.97747,37.12614,0,[38.00081,35.99417]]],[247,[15.0954,29.57202,1,[38.00071,37.83978]]],[128,[19.64398,37.35478,0,[38.00074,33.73888]]],[145,[20.38846,38.1354,0,[38.00076,34.35261]]],[89,[17.45922,33.4658,0,[38.00072,30.046]]],[189,[19.41312,36.4917,0,[38.00071,36.56964]]],[187,[20.8466,37.94852,0,[38.00081,36.63632]]],[109,[18.97682,35.8506,0,[38.00074,32.33741]]],[314,[11.91145,23.78193,1,[38.00065,37.57874]]],[86,[18.45992,36.30622,0,[38.00074,30.85992]]],[204,[19.41634,36.26207,0,[38.00073,37.64643]]],[161,[21.79501,39.79518,0,[38.00073,36.09045]]],[70,[16.22659,31.30933,0,[38.43982,29.00069]]],[271,[13.41996,26.51664,1,[38.00069,36.98146]]],[174,[21.032,38.07444,0,[38.00074,35.76927]]],[92,[15.62295,30.30644,0,[38.00071,29.20298]]],[127,[20.53322,38.22132,0,[38.00075,33.23792]]],[106,[19.86788,38.68251,0,[38.00078,32.9073]]],[188,[20.32804,37.34958,0,[38.00079,37.32551]]],[201,[21.62972,38.68972,0,[37.63245,38.00071]]],[68,[17.35649,33.07165,0,[38.50402,29.00069]]],[87,[17.79054,34.67119,0,[38.00073,29.45597]]],[144,[21.06911,39.37409,0,[38.00072,34.70898]]],[348,[10.58456,21.15517,1,[37.00066,38.25188]]],[264,[18.01473,33.28139,0,[37.00077,38.5979]]],[48,[17.29974,32.83978,0,[39.00072,27.98068]]],[83,[20.86002,40.22839,0,[38.00074,32.53472]]],[93,[15.69016,29.93213,0,[39.00071,28.66362]]],[126,[21.32714,39.96592,0,[38.00073,33.99424]]],[273,[11.79509,23.57324,1,[38.00066,35.12557]]],[105,[21.83228,40.25407,0,[38.00074,33.67352]]],[108,[19.22633,36.05735,0,[38.00077,31.6114]]],[49,[16.89443,32.5096,0,[39.00072,28.74083]]],[179,[21.73777,39.07682,0,[38.00075,37.09992]]],[203,[19.90367,36.62016,0,[37.53143,38.00061]]],[61,[21.2956,40.68216,0,[38.00074,32.18973]]],[64,[18.55615,36.53475,0,[38.00073,29.90845]]],[117,[14.00079,27.18227,0,[39.00071,28.02013]]],[202,[21.16798,37.9864,0,[37.98391,38.00072]]],[60,[21.89978,41.5453,0,[38.00074,32.29336]]],[295,[11.8098,23.59359,1,[38.00065,36.29256]]],[84,[20.26958,38.37443,0,[38.00074,31.09936]]],[226,[15.01393,29.54294,1,[38.00068,36.47213]]],[65,[18.554,35.71547,0,[38.6102,29.00068]]],[82,[22.5856,42.10049,0,[38.0007,33.78528]]],[313,[12.26934,24.39106,1,[37.35381,38.00078]]],[186,[22.2347,39.5508,0,[37.5151,38.00064]]],[23,[21.50368,41.71656,0,[38.00074,30.83924]]],[104,[22.50488,42.15056,0,[38.00073,35.088]]],[107,[19.99714,37.05162,0,[38.00078,31.77867]]],[315,[11.05396,22.0942,1,[38.00065,36.34073]]],[245,[16.30076,31.60343,1,[37.62462,38.0007]]],[42,[20.70665,40.22958,0,[38.00075,30.74788]]],[40,[22.507,42.95716,0,[38.0007,32.46081]]],[88,[18.10283,34.51551,0,[39.00074,28.90999]]],[173,[22.52184,40.31206,0,[38.00078,37.26861]]],[41,[22.21972,41.19378,0,[38.0007,31.03803]]],[246,[15.80789,30.6335,1,[38.0007,37.99992]]],[80,[24.04592,44.757,0,[38.00079,34.6427]]],[50,[17.44358,30.70906,0,[39.00071,27.08188]]],[58,[23.48849,44.97251,0,[38.00079,34.78749]]],[220,[21.15501,36.89758,0,[37.00068,38.50503]]],[250,[12.66778,25.31682,1,[38.00066,35.27671]]],[143,[22.0418,41.01124,0,[38.00072,35.35891]]],[85,[19.32276,37.08359,0,[38.00078,30.62703]]],[57,[23.79551,45.62427,0,[38.00076,33.24448]]],[219,[22.71824,37.98639,0,[37.28625,38.00061]]],[81,[23.1607,43.82161,0,[38.00069,35.34604]]],[240,[19.05564,35.44978,0,[37.00071,38.17254]]],[59,[23.27641,43.11715,0,[38.00078,33.4914]]],[79,[24.50842,45.95822,0,[38.00077,33.44167]]],[160,[22.81286,41.3541,0,[38.00073,36.64]]],[263,[18.61205,34.21287,0,[37.00073,38.56867]]],[248,[14.29631,28.3549,1,[38.00067,37.3223]]],[51,[16.43292,29.98418,0,[39.00072,27.22355]]],[238,[21.96867,37.95786,0,[37.00068,38.75845]]],[67,[18.2273,33.76567,0,[39.00073,27.87177]]],[221,[20.32461,35.8785,0,[37.00083,38.20136]]],[33,[16.67323,30.46293,0,[39.00073,26.42005]]],[142,[24.90151,42.88765,0,[38.00078,36.03762]]],[178,[23.50325,40.70115,0,[37.87744,38.00072]]],[62,[19.63254,38.06409,0,[38.00077,29.75751]]],[63,[18.92119,36.9952,0,[38.00073,29.19862]]],[103,[24.01278,44.15988,0,[38.00067,36.70459]]],[293,[13.3563,26.30739,1,[37.88163,38.00074]]],[32,[17.67014,30.93698,0,[39.00071,26.31842]]],[8,[21.49288,41.89233,0,[38.00073,29.71606]]],[200,[24.7172,40.70075,0,[37.673,38.00079]]],[237,[23.66198,39.0967,0,[37.00071,38.51947]]],[172,[24.11563,42.59735,0,[37.85138,38.00072]]],[45,[19.10345,36.95213,0,[39.00077,28.60111]]],[43,[20.07466,38.31107,0,[38.00075,29.34148]]],[239,[22.1159,37.39377,0,[37.0007,40.01491]]],[185,[24.9902,41.64978,0,[38.00077,37.23955]]],[125,[23.41803,42.84163,0,[38.0007,36.72654]]],[95,[14.21106,27.37955,0,[39.00071,27.2223]]],[44,[19.77671,37.8811,0,[38.78885,29.00065]]],[124,[24.25173,43.39095,0,[38.00079,35.94476]]],[24,[20.7625,40.12299,0,[38.00073,29.5955]]],[184,[26.24083,43.57119,0,[37.7781,38.00041]]],[199,[25.15388,41.37654,0,[37.19873,38.00057]]],[39,[23.00976,44.24012,0,[38.00075,31.99076]]],[25,[21.18105,39.31682,0,[38.61345,29.00069]]],[73,[14.323,27.48759,0,[39.00071,26.22502]]],[268,[15.07603,29.26302,1,[37.00072,38.36665]]],[22,[22.33242,42.36096,0,[38.00071,30.09426]]],[159,[25.67378,43.63675,0,[38.00084,37.39133]]],[9,[21.78694,40.94226,0,[38.39092,29.00068]]],[66,[19.29853,35.13363,0,[39.00076,27.79001]]],[262,[20.92898,35.68903,0,[37.00085,39.46667]]],[102,[24.68424,44.49438,0,[38.00077,34.72563]]],[265,[17.43252,32.32078,1,[37.33453,38.00057]]],[38,[23.80288,45.81626,0,[38.00076,32.07364]]],[46,[19.89941,36.82109,0,[39.00071,27.91667]]],[266,[16.62173,31.30908,1,[37.00075,38.05566]]],[123,[25.72405,45.19574,0,[38.00079,36.34772]]],[217,[24.28444,40.84675,0,[37.00064,38.5274]]],[20,[23.78572,45.98117,0,[38.00076,30.77299]]],[140,[25.43065,46.80523,0,[38.00082,35.02006]]],[71,[16.01812,30.31325,0,[39.00072,28.01015]]],[283,[26.01424,36.1772,0,[37.00093,40.03902]]],[307,[19.05881,32.53083,1,[37.00071,40.03909]]],[30,[19.27723,33.22538,0,[39.0007,26.31011]]],[281,[25.78193,38.3279,0,[37.00092,38.81638]]],[122,[25.20898,46.39964,0,[38.00081,33.697]]],[218,[23.11534,39.43454,0,[37.0008,39.09043]]],[11,[20.72126,39.39891,0,[39.00074,27.99058]]],[257,[26.06988,42.42726,0,[38.00073,35.1678]]],[236,[25.08627,40.38745,0,[37.00078,39.04683]]],[26,[20.64255,39.00799,0,[38.94765,29.00069]]],[2,[21.97629,41.05677,0,[39.00072,28.11894]]],[312,[13.10929,25.3785,1,[37.00068,38.58455]]],[302,[26.63176,39.66978,0,[37.00075,38.80276]]],[72,[15.09301,28.86202,0,[39.00069,26.99044]]],[141,[26.83142,45.27304,0,[37.64795,38.0007]]],[285,[20.0006,33.72848,1,[37.00084,38.96909]]],[287,[18.35387,32.71311,1,[37.00076,39.98889]]],[282,[26.14666,38.58332,0,[37.00094,41.18825]]],[10,[21.43085,39.97009,0,[39.00073,28.18799]]],[21,[23.0913,44.26448,0,[38.00077,30.90434]]],[259,[24.3165,39.14957,0,[37.0007,40.0565]]],[258,[26.44942,40.96805,0,[38.00075,36.72599]]],[296,[10.9582,21.90368,1,[38.00065,34.96898]]],[340,[27.46821,37.18359,1,[37.00085,40.85081]]],[7,[22.93377,43.1325,0,[38.00072,29.53593]]],[29,[19.97124,35.7476,0,[39.00074,26.74663]]],[78,[24.4499,46.49563,0,[38.00078,30.89894]]],[286,[19.64225,33.17713,1,[37.00068,39.75765]]],[323,[26.63021,35.2732,1,[37.00071,39.89798]]],[6,[23.67359,44.57481,0,[38.00075,29.4396]]],[12,[22.75227,40.35883,0,[39.0007,28.46606]]],[216,[25.91115,43.81544,0,[38.0008,33.8209]]],[261,[22.8184,36.5863,0,[37.00082,39.88571]]],[294,[12.68142,25.25011,1,[38.00063,37.55455]]],[101,[24.46966,45.42595,0,[38.00079,32.2279]]],[27,[20.62124,37.29358,0,[39.00073,26.70832]]],[322,[27.34243,38.61141,1,[37.00068,39.04425]]],[341,[28.1347,35.52126,1,[37.00073,40.79821]]],[235,[26.82299,45.76119,0,[38.00072,35.07452]]],[326,[17.80064,31.44289,1,[37.00078,40.28929]]],[280,[27.48517,41.86689,0,[37.68129,38.00075]]],[34,[16.78208,29.12611,0,[39.00074,25.20875]]],[256,[26.94605,44.95366,0,[38.00072,36.47994]]],[304,[25.12601,36.96357,1,[37.00077,40.18851]]],[16,[21.91903,32.77733,0,[39.00073,25.4609]]],[303,[27.06849,38.43914,0,[37.00083,41.53761]]],[260,[25.32709,39.26331,0,[37.00073,41.52224]]],[320,[28.95767,42.59734,0,[38.00079,37.33981]]],[100,[25.15994,46.97757,0,[38.00079,32.37586]]],[350,[29.83307,43.92293,1,[38.00067,37.70745]]],[325,[21.55555,32.99541,1,[37.0008,41.49628]]],[284,[24.17319,36.50744,0,[37.00087,41.6697]]],[234,[26.65024,47.84595,0,[38.00073,32.15384]]],[279,[27.05071,44.8959,0,[38.00077,34.0925]]],[47,[18.46825,33.44159,0,[39.00073,27.04118]]],[337,[28.27418,43.38182,1,[37.24167,38.00068]]],[324,[20.61237,33.26516,1,[37.00082,40.26245]]],[4,[24.22556,40.16035,0,[38.88416,29.00065]]],[56,[25.25012,47.25642,0,[38.00079,31.14923]]],[343,[29.91603,31.58318,1,[37.00068,38.61655]]],[289,[16.52546,30.56988,1,[37.00067,40.12799]]],[329,[13.67163,26.48953,1,[37.00068,40.17439]]],[53,[15.79663,27.67473,0,[39.00073,25.66971]]],[300,[27.9465,49.67031,0,[38.00078,35.842]]],[305,[23.76376,34.77901,1,[37.00082,40.41965]]],[336,[29.79781,46.92903,1,[38.00067,36.21102]]],[308,[17.46532,30.88219,1,[37.00081,39.02063]]],[3,[21.88342,36.28756,0,[39.00071,26.80128]]],[13,[24.50254,40.38253,0,[38.00079,29.64005]]],[272,[12.65025,25.26781,1,[38.00064,36.37634]]],[351,[29.06796,39.73599,1,[37.00075,38.54725]]],[331,[12.05833,24.06709,1,[37.00063,39.07406]]],[158,[26.0483,47.00679,0,[38.00074,32.70669]]],[118,[13.21114,25.53424,0,[39.0007,26.97762]]],[267,[15.78478,30.37454,1,[37.0007,38.50783]]],[270,[14.00685,27.80566,1,[37.7037,38.00077]]],[318,[28.71081,47.56328,0,[38.00071,35.03948]]],[269,[14.3056,28.20381,1,[37.00074,38.07331]]],[1,[23.49844,42.8588,0,[39.00074,28.99541]]],[309,[18.3157,30.40823,1,[37.00081,41.61056]]],[311,[14.33109,27.21639,1,[37.00072,40.05378]]],[0,[22.32456,42.67741,0,[38.2677,29.00071]]],[332,[11.38569,22.74575,1,[37.23537,38.00076]]],[328,[16.77945,28.61612,1,[37.00067,41.43354]]],[31,[18.72303,31.75552,0,[39.00072,26.32002]]],[355,[11.36863,22.66911,1,[37.00068,40.3893]]],[37,[24.41522,36.28885,0,[39.00072,27.92529]]],[198,[25.6955,46.05915,0,[38.00074,30.35354]]],[345,[13.0554,25.53624,1,[37.00059,40.67831]]],[35,[19.84414,29.34686,0,[39.00077,25.24122]]],[5,[23.51262,37.522,0,[39.00073,27.60342]]],[347,[11.43713,22.78688,1,[37.00066,39.29587]]],[99,[23.58569,27.59542,0,[39.00076,26.10662]]],[342,[30.66528,32.71781,1,[37.00069,40.61297]]],[76,[16.03061,24.98981,0,[39.00072,24.87758]]],[52,[15.47786,28.74822,0,[39.00071,26.45412]]],[292,[13.66679,26.81427,1,[37.00068,38.54692]]],[319,[27.87043,44.84784,0,[38.00072,37.11982]]],[77,[18.39675,26.0743,0,[39.00071,24.84113]]],[96,[13.42322,25.84283,0,[39.00069,26.1014]]],[346,[12.57953,24.62799,1,[37.00066,40.85645]]],[306,[22.73081,34.65187,1,[37.00059,41.44843]]],[339,[31.10578,37.87126,1,[37.00067,39.77437]]],[338,[29.06094,39.8758,1,[37.00071,39.93386]]],[17,[22.70153,35.06993,0,[39.00074,27.12826]]],[54,[17.20628,26.32115,0,[39.00071,24.75665]]],[352,[30.69364,39.95095,1,[37.43213,38.00074]]],[310,[15.63519,28.90048,1,[37.00069,41.11033]]],[327,[19.84956,29.86681,1,[37.00048,41.51605]]],[75,[14.50595,25.71184,0,[39.00071,25.16765]]],[74,[13.54312,25.82516,0,[39.0007,24.94251]]],[55,[20.41968,28.93815,0,[39.00075,25.09816]]],[301,[27.93727,42.34108,0,[37.00064,38.81451]]],[274,[10.92743,21.84489,1,[38.00065,33.71824]]],[28,[21.16509,37.21891,0,[39.00072,26.60327]]],[121,[11.6378,22.22464,0,[39.00072,24.98692]]],[278,[27.66361,47.86727,0,[38.00075,33.91283]]],[290,[15.60781,29.33584,1,[37.00071,39.85482]]],[291,[14.72065,28.27796,1,[37.00074,39.48729]]],[19,[25.01388,40.91235,0,[38.47469,29.00068]]],[18,[22.74133,34.25986,0,[39.00074,25.73727]]],[36,[19.15408,28.88819,0,[39.00072,25.00843]]],[354,[12.18537,24.20814,1,[37.00069,41.23465]]],[98,[12.70719,23.57243,0,[39.00071,24.59124]]],[334,[10.26528,20.52492,1,[38.00065,36.2966]]],[138,[11.96615,23.60992,0,[39.00071,26.58649]]],[288,[16.72685,31.26031,1,[37.00075,39.27998]]],[139,[11.049,21.86429,0,[39.0007,25.18764]]],[353,[13.90767,25.73493,1,[37.00072,41.49162]]],[15,[17.9462,31.71705,0,[39.00073,25.33131]]],[333,[11.12952,22.24351,1,[38.00064,37.68324]]],[97,[14.97291,24.12636,0,[39.00072,24.78735]]],[14,[21.10858,32.92221,0,[39.0007,25.1341]]],[120,[12.42991,22.97392,0,[39.00067,25.26339]]],[321,[28.80297,39.52122,1,[37.00064,40.81332]]],[330,[12.78857,25.09369,1,[37.00063,39.22129]]],[119,[12.54153,24.60778,0,[39.00071,26.62462]]],[344,[14.86995,27.00229,1,[37.00068,41.48244]]],[157,[10.97997,21.94263,0,[39.00071,26.35409]]]
2:[335,[46.32822,92.52345,1,[87.39621,88.00069]]],[277,[47.53483,95.00981,1,[88.00071,87.76763]]],[299,[47.85057,95.24046,1,[87.00072,88.80515]]],[255,[47.19241,94.00244,1,[88.00069,85.69992]]],[254,[48.13218,95.70542,1,[88.00069,87.47343]]],[317,[48.34933,96.04233,1,[87.00069,88.24226]]],[233,[48.83984,97.28374,1,[88.00071,87.31276]]],[276,[49.29842,97.60149,1,[87.22012,88.0007]]],[349,[49.33271,96.70379,1,[87.00071,89.38374]]],[215,[48.54645,96.27556,1,[88.00067,85.54224]]],[232,[49.55861,98.53494,1,[88.00068,87.08363]]],[275,[49.99353,99.66439,1,[87.00071,88.21899]]],[298,[50.15932,98.39485,1,[87.00068,89.62354]]],[194,[50.03089,99.57306,0,[88.00072,86.51959]]],[253,[50.63329,100.7963,1,[87.95165,88.0007]]],[183,[49.33215,98.32778,0,[88.00071,85.00388]]],[297,[50.92379,100.1502,1,[87.0007,88.79745]]],[177,[50.61476,100.5416,0,[88.00072,86.46198]]],[316,[50.99979,100.8595,1,[87.0007,90.02094]]],[197,[51.10845,101.074,1,[87.62522,88.00071]]],[171,[49.95463,98.46859,0,[88.00071,84.91492]]],[182,[51.37965,101.3086,0,[88.0007,87.27936]]],[196,[51.50841,101.796,1,[87.00071,88.38071]]],[214,[51.87175,102.2649,1,[87.00069,89.95495]]],[170,[50.71077,99.3084,0,[88.00072,85.12009]]],[181,[52.08754,102.8868,0,[87.9058,88.00072]]],[169,[51.53622,101.2941,0,[88.00069,86.41087]]],[195,[52.20523,102.3855,1,[87.00071,88.59531]]],[193,[52.70066,102.0472,0,[88.00071,87.97148]]],[176,[52.05582,101.5492,0,[88.00072,86.31025]]],[231,[52.56064,102.6531,1,[87.00071,90.08756]]],[156,[51.24847,99.80134,0,[88.0007,84.79821]]],[175,[52.74657,103.0041,0,[88.00071,86.7465]]],[208,[52.77678,102.8511,0,[87.00071,88.49237]]],[154,[52.04168,101.3363,0,[88.00069,84.99426]]],[192,[53.22034,102.8822,0,[87.51331,88.00071]]],[213,[53.28651,103.1326,1,[87.0007,90.07145]]],[167,[53.4123,103.7149,0,[88.0007,87.08833]]],[210,[53.69888,103.3597,1,[87.0007,89.29319]]],[166,[53.79676,104.6681,0,[87.38315,88.00071]]],[168,[52.67573,101.2619,0,[88.00074,85.01579]]],[153,[53.47126,102.8045,0,[88.0007,86.06512]]],[151,[54.25864,104.9874,0,[88.00071,87.15439]]],[191,[54.36305,104.3082,0,[87.00072,88.88377]]],[212,[54.55806,104.7728,1,[87.00071,90.2264]]],[165,[54.52222,105.674,0,[87.36195,88.0007]]],[155,[53.51657,100.2855,0,[88.00072,84.98104]]],[150,[54.98758,105.8785,0,[88.0007,87.36914]]],[207,[55.11172,104.444,0,[87.00071,88.54097]]],[228,[55.34074,103.6351,1,[87.00073,89.967]]],[224,[55.63985,105.8721,0,[87.83392,88.00072]]],[152,[54.33898,103.3336,0,[88.00071,85.70625]]],[134,[55.31694,104.9713,0,[88.00069,86.50842]]],[209,[55.79455,105.0345,1,[87.0007,88.62254]]],[149,[56.23598,107.5255,0,[88.0007,87.95767]]],[135,[54.67904,102.8647,0,[88.00071,84.92462]]],[114,[55.84807,105.5861,0,[88.00071,86.22026]]],[230,[56.42903,104.933,1,[87.00071,90.16585]]],[243,[56.35994,105.3221,0,[87.0007,88.53784]]],[133,[56.63542,106.0001,0,[88.0007,87.5031]]],[206,[56.70966,106.1332,0,[87.06342,88.00072]]],[136,[55.52363,101.9643,0,[88.00071,84.76223]]],[113,[56.47097,106.0821,0,[88.0007,86.05211]]],[227,[57.13577,105.6539,1,[87.00071,89.89357]]],[132,[57.22616,106.7035,0,[88.00072,87.41567]]],[244,[57.43022,105.6656,0,[87.00072,88.81007]]],[116,[56.24947,103.4475,0,[88.0007,84.67903]]],[112,[57.14107,106.9414,0,[88.00071,85.95091]]],[223,[57.63433,106.2732,0,[87.48116,88.00069]]],[211,[57.90737,106.5515,1,[87.00072,90.3308]]],[131,[57.89827,107.68,0,[88.00072,87.25474]]],[225,[58.10788,106.7092,1,[87.00071,88.87524]]],[115,[57.01336,104.1142,0,[88.00071,84.67406]]],[222,[58.26501,107.5127,0,[87.3899,88.0007]]],[251,[58.48536,105.5398,1,[87.00071,90.36207]]],[91,[57.80765,106.8569,0,[88.0007,85.7504]]],[130,[58.5141,109.2567,0,[88.00071,87.24441]]],[242,[58.82547,106.5211,0,[87.00071,88.79511]]],[190,[59.01783,108.1575,0,[87.59258,88.00071]]],[229,[59.14005,106.95,1,[87.00071,90.24751]]],[129,[58.74812,109.6049,0,[88.00072,86.43559]]],[137,[58.05247,101.5243,0,[88.00071,84.91677]]],[148,[59.57553,109.1698,0,[88.00071,87.745]]],[205,[59.50865,106.9683,0,[87.0007,88.57811]]],[147,[59.26739,109.2303,0,[88.00071,86.28339]]],[249,[59.81252,106.8285,1,[87.00072,90.06165]]],[90,[58.6567,106.9382,0,[88.00071,84.73919]]],[164,[60.02547,109.1472,0,[87.59414,88.0007]]],[241,[60.20614,107.615,0,[87.00069,89.01865]]],[111,[59.95345,108.6885,0,[88.00069,86.69738]]],[146,[60.68293,110.8958,0,[87.91323,88.00072]]],[94,[59.48811,104.8406,0,[88.0007,85.0651]]],[163,[60.70422,110.3135,0,[87.00068,88.67821]]],[110,[60.56636,109.4827,0,[88.0007,86.53418]]],[252,[60.99229,103.3401,1,[87.00069,90.35104]]],[162,[61.26223,111.4102,0,[87.94075,88.00069]]],[69,[60.07775,107.4135,0,[88.0007,84.95509]]],[180,[61.33708,109.7083,0,[87.0007,88.6141]]],[247,[61.60075,107.0796,1,[87.0007,90.11531]]],[128,[61.30722,110.6707,0,[88.0007,86.59602]]],[145,[61.83633,111.7938,0,[87.82359,88.00072]]],[89,[60.73957,108.5982,0,[88.0007,85.00058]]],[189,[62.04033,108.8045,0,[87.00069,88.59099]]],[187,[62.47316,110.5037,0,[88.00071,87.98406]]],[109,[61.90834,109.9554,0,[88.00071,86.41402]]],[314,[62.32012,107.1683,1,[87.0007,90.04896]]],[86,[61.34904,110.5462,0,[88.0007,84.80834]]],[204,[62.58221,108.5167,0,[87.00069,88.51463]]],[161,[62.98461,112.3079,0,[88.00071,87.86562]]],[70,[62.35292,108.2364,0,[88.00071,86.1011]]],[271,[63.06709,107.2399,1,[87.00073,90.15135]]],[174,[63.14154,110.6252,0,[87.0007,88.48197]]],[92,[61.99762,105.6248,0,[88.0007,84.62014]]],[127,[63.08708,111.8421,0,[88.00072,86.7944]]],[106,[63.60921,113.2511,0,[87.74671,88.00069]]],[188,[63.67641,110.6269,0,[87.0007,90.06126]]],[201,[63.83082,110.7812,0,[87.00071,88.67962]]],[68,[62.81246,109.2898,0,[88.00072,85.28365]]],[87,[63.62967,111.7988,0,[88.00071,86.72897]]],[144,[64.22147,112.6547,0,[87.78153,88.0007]]],[348,[64.39646,102.8059,1,[87.00071,90.22475]]],[264,[64.43713,106.9419,0,[87.00072,88.79646]]],[48,[63.89678,110.5011,0,[88.00072,86.04123]]],[83,[64.63681,114.7874,0,[88.0007,87.50903]]],[93,[63.10946,105.9215,0,[88.00071,84.67274]]],[126,[64.6832,113.4886,0,[87.00071,88.10399]]],[273,[65.1296,107.4431,1,[87.00071,90.25226]]],[105,[65.30608,114.3958,0,[88.00069,87.75381]]],[108,[64.70366,110.8865,0,[88.0007,86.18221]]],[49,[63.92062,108.637,0,[88.0007,84.86381]]],[179,[65.36037,111.0582,0,[87.00069,88.39973]]],[203,[65.63741,110.39,0,[87.00068,89.89722]]],[61,[65.91659,115.8515,0,[88.00069,87.91105]]],[64,[65.46578,112.631,0,[88.0007,86.34315]]],[117,[64.71211,103.4644,0,[88.0007,84.8922]]],[202,[66.00802,110.5689,0,[87.00071,88.62307]]],[60,[66.46514,116.9061,0,[87.89075,88.00071]]],[295,[66.31409,106.6604,1,[87.00071,90.12747]]],[84,[66.05659,113.2518,0,[88.0007,86.36829]]],[226,[66.63005,108.5931,1,[87.00069,88.67467]]],[65,[65.44276,111.5379,0,[88.0007,84.80142]]],[82,[66.85063,116.0748,0,[88.0007,87.38991]]],[313,[67.01654,108.821,1,[87.0007,90.2241]]],[186,[66.89655,111.6224,0,[87.03824,88.00071]]],[23,[67.14104,117.467,0,[88.00069,86.71892]]],[104,[67.62071,115.6297,0,[87.62256,88.00071]]],[107,[66.38881,110.9154,0,[88.00071,85.18839]]],[315,[67.61154,106.4252,1,[87.00069,89.92027]]],[245,[67.82216,108.995,1,[87.0007,89.06821]]],[42,[67.51104,115.2492,0,[88.0007,86.25086]]],[40,[68.20391,117.8706,0,[88.0007,87.81289]]],[88,[67.04818,109.8744,0,[88.0007,84.70315]]],[173,[68.21757,112.4478,0,[87.0007,88.50938]]],[41,[68.3218,116.4515,0,[88.00069,86.74476]]],[246,[68.66315,110.1609,1,[87.00071,90.15743]]],[80,[68.70098,118.1392,0,[87.60779,88.00071]]],[50,[67.84251,108.5002,0,[88.00069,85.15175]]],[58,[68.80238,117.6849,0,[88.0007,86.53273]]],[220,[69.09358,109.7963,0,[87.00071,88.66116]]],[250,[69.22389,108.9311,1,[87.00072,89.95121]]],[143,[69.39091,114.8293,0,[87.8149,88.00072]]],[85,[68.20546,111.8496,0,[88.00071,84.60854]]],[57,[69.59613,119.6906,0,[88.00072,87.05471]]],[219,[69.8212,110.6557,0,[87.00072,88.88319]]],[81,[69.95269,117.3155,0,[87.49802,88.00069]]],[240,[69.99928,110.071,0,[87.00071,90.21381]]],[59,[68.98921,115.8372,0,[88.0007,85.52787]]],[79,[69.91339,119.2995,0,[88.0007,86.3693]]],[160,[70.62328,114.295,0,[88.00071,87.86523]]],[263,[70.459,108.6268,0,[87.00071,88.68893]]],[248,[70.77945,110.7248,1,[87.00071,90.15722]]],[51,[69.27079,107.4893,0,[88.0007,84.79488]]],[238,[70.72538,110.2056,0,[87.00173,88.00072]]],[67,[70.63995,112.5841,0,[88.00071,86.61469]]],[221,[71.43159,110.1719,0,[87.00072,89.84119]]],[33,[70.00974,109.3891,0,[88.00072,84.98212]]],[142,[71.43096,116.2638,0,[88.00072,87.75768]]],[178,[71.48965,112.5115,0,[87.00072,88.4612]]],[62,[71.6536,115.1089,0,[88.00071,86.9177]]],[63,[70.82262,113.9965,0,[88.00071,85.51223]]],[103,[71.97812,117.1923,0,[87.4136,88.00071]]],[293,[72.13589,108.2576,1,[87.0007,90.05943]]],[32,[71.33673,109.843,0,[88.00069,85.20853]]],[8,[72.28555,118.8185,0,[88.0007,86.86571]]],[200,[72.56062,113.6206,0,[87.00072,88.55407]]],[237,[72.61767,112.3782,0,[87.00073,89.75612]]],[172,[72.92226,115.2295,0,[87.81782,88.0007]]],[45,[71.89977,114.0968,0,[88.00071,85.17272]]],[43,[72.72641,115.5955,0,[88.00071,86.41722]]],[239,[73.3851,110.1389,0,[87.00069,89.92469]]],[185,[73.27647,114.363,0,[87.0007,88.4035]]],[125,[73.506,116.351,0,[88.00071,87.74456]]],[95,[72.21648,104.4606,0,[88.00071,84.58476]]],[44,[73.013,114.8378,0,[88.00071,85.55536]]],[124,[74.03618,117.3266,0,[87.68383,88.00071]]],[24,[73.79208,117.8727,0,[88.0007,86.77523]]],[184,[74.09786,116.7739,0,[87.0007,88.86952]]],[199,[74.06725,115.2935,0,[87.00068,90.00055]]],[39,[74.49997,120.4822,0,[87.36268,88.00072]]],[25,[74.37857,117.3621,0,[88.00068,86.82307]]],[73,[73.414,106.3878,0,[88.00068,85.02655]]],[268,[74.88534,111.4752,1,[87.0007,90.13377]]],[22,[75.32343,120.7824,0,[87.99469,88.00069]]],[159,[75.03657,116.6316,0,[87.00072,88.70013]]],[9,[74.75914,118.8234,0,[88.00071,86.30845]]],[66,[73.99357,113.4961,0,[88.00069,84.93406]]],[262,[75.58032,109.3135,0,[87.00071,88.60934]]],[102,[75.85714,119.1675,0,[87.88393,88.00071]]],[265,[75.51963,113.8876,1,[87.00072,90.23328]]],[38,[75.39027,120.9148,0,[88.00071,86.54052]]],[46,[74.79855,114.8491,0,[88.0007,84.9156]]],[266,[76.1908,113.8385,1,[87.00072,90.15681]]],[123,[76.46379,118.8741,0,[88.0007,87.99395]]],[217,[76.19927,114.9085,0,[87.00071,88.56224]]],[20,[75.8947,121.931,0,[88.0007,86.38722]]],[140,[76.92017,121.1683,0,[88.0007,87.71397]]],[71,[75.48624,108.6813,0,[88.0007,84.81905]]],[283,[76.77483,108.8212,0,[87.00069,88.46991]]],[307,[76.84163,109.752,1,[87.0007,90.12138]]],[30,[76.38956,114.3035,0,[88.00072,86.07683]]],[281,[77.1748,111.6436,0,[87.13805,88.0007]]],[122,[77.15798,120.8932,0,[88.0007,86.78842]]],[218,[77.44744,114.8816,0,[87.00072,89.99899]]],[11,[76.33709,117.9585,0,[88.00071,84.87964]]],[257,[77.96523,116.8812,0,[88.0007,87.8288]]],[236,[77.89429,114.5979,0,[87.00072,88.56665]]],[26,[77.07307,117.0309,0,[88.00072,85.27599]]],[2,[77.85126,120.2022,0,[88.00071,86.534]]],[312,[77.99887,109.0539,1,[87.00072,89.8132]]],[302,[78.28711,113.8408,0,[87.35287,88.0007]]],[72,[77.43543,108.5227,0,[88.00069,84.6866]]],[141,[78.62971,120.0676,0,[88.00071,87.38486]]],[285,[78.79932,113.0231,1,[87.00072,88.94884]]],[287,[78.7971,114.086,1,[87.00072,90.08349]]],[282,[79.1984,111.9201,0,[87.70007,88.00071]]],[10,[78.22867,119.1653,0,[88.00072,85.82253]]],[21,[78.99094,121.2256,0,[88.00071,86.63783]]],[259,[79.34268,113.2205,0,[87.0007,88.85403]]],[258,[79.77681,114.395,0,[88.00071,87.63445]]],[296,[79.69582,105.7701,1,[87.0007,90.34589]]],[340,[79.66789,112.6012,1,[87.00072,88.26789]]],[7,[79.38258,120.9219,0,[88.00068,85.93793]]],[29,[78.49973,116.7454,0,[88.0007,84.91628]]],[78,[80.45001,123.922,0,[88.0007,87.98066]]],[286,[80.32152,114.6189,1,[87.00072,89.93622]]],[323,[80.37949,110.6644,1,[87.0007,88.54929]]],[6,[80.11787,122.2291,0,[88.00069,86.48759]]],[12,[79.46069,118.0694,0,[88.00072,84.84388]]],[216,[81.03395,119.0611,0,[87.87473,88.0007]]],[261,[80.99996,113.2912,0,[87.00069,88.69845]]],[294,[81.05177,111.6579,1,[87.00071,90.11006]]],[101,[80.7582,121.2956,0,[88.00069,86.5939]]],[27,[80.20664,119.3419,0,[88.00069,84.99267]]],[322,[81.67234,115.8434,1,[87.93151,88.00069]]],[341,[81.63744,110.9003,1,[87.00072,88.65229]]],[235,[81.37813,119.604,0,[88.00072,86.54348]]],[326,[81.80067,115.2729,1,[87.00072,90.12769]]],[280,[82.11336,115.9502,0,[87.54014,88.0007]]],[34,[80.88898,111.5869,0,[88.00072,84.97663]]],[256,[82.03207,119.2166,0,[88.0007,86.81786]]],[304,[82.48451,113.4991,1,[87.00072,90.10081]]],[16,[81.61332,114.1346,0,[88.00072,85.1244]]],[303,[82.5487,114.3422,0,[87.00072,89.08426]]],[260,[82.61881,115.541,0,[87.15292,88.00069]]],[320,[82.72566,116.1411,0,[88.00072,87.17598]]],[100,[82.35675,122.3789,0,[88.00071,85.62237]]],[350,[83.54876,121.6073,1,[87.96588,88.0007]]],[325,[83.42002,117.5636,1,[87.00071,88.60415]]],[284,[83.40228,113.2346,0,[87.00072,89.82937]]],[234,[83.19253,124.6199,0,[88.00071,86.52266]]],[279,[84.07848,120.8433,0,[88.0007,87.64462]]],[47,[82.56362,112.8837,0,[88.00071,84.77876]]],[337,[83.92883,123.1465,1,[87.00071,88.24345]]],[324,[84.148,116.4429,1,[87.0007,90.0498]]],[4,[83.35093,117.4845,0,[88.0007,85.48991]]],[56,[84.16216,124.6565,0,[88.00069,86.59116]]],[343,[84.8443,115.0464,1,[87.89874,88.00072]]],[289,[84.73112,116.7485,1,[87.00072,89.8565]]],[329,[84.78115,111.9439,1,[87.00069,88.65647]]],[53,[83.71806,110.4912,0,[88.00071,84.93854]]],[300,[84.73909,123.4524,0,[88.00072,86.60548]]],[305,[85.15071,117.8823,1,[87.00069,88.08714]]],[336,[85.5669,128.5985,1,[88.00069,87.6334]]],[308,[85.48196,113.5202,1,[87.00071,90.16809]]],[3,[84.33121,117.5072,0,[88.00072,84.92855]]],[13,[85.17133,119.3664,0,[88.00071,86.01183]]],[272,[85.92785,114.7688,1,[87.00072,88.66836]]],[351,[86.15929,122.826,1,[87.8195,88.0007]]],[331,[85.96806,111.3046,1,[87.00073,89.85317]]],[158,[85.92834,122.9973,0,[88.00071,86.67836]]],[118,[85.2158,107.5318,0,[88.00069,84.8883]]],[267,[86.72024,117.1104,1,[87.75692,88.00069]]],[270,[86.68587,114.0836,1,[87.00074,88.88379]]],[318,[86.47999,122.2969,0,[88.0007,86.64404]]],[269,[86.78774,112.0514,1,[87.00071,90.15291]]],[1,[85.90102,122.2235,0,[88.00072,85.05807]]],[309,[87.41216,117.1764,1,[88.00071,87.89272]]],[311,[87.09666,113.423,1,[87.00072,88.43881]]],[0,[86.98726,123.8877,0,[88.00071,86.34253]]],[332,[87.65749,110.2306,1,[87.00072,90.08273]]],[328,[87.82703,114.772,1,[87.57106,88.00071]]],[31,[86.4425,115.4418,0,[88.00071,84.79208]]],[355,[87.85448,108.6713,1,[87.00069,88.99874]]],[37,[87.68261,117.6895,0,[88.00071,86.81889]]],[198,[88.54004,126.4299,0,[87.9052,88.00071]]],[345,[88.35245,113.6494,1,[87.00071,88.65314]]],[35,[87.23052,114.7797,0,[88.0007,85.08008]]],[5,[88.1209,121.4886,0,[88.00072,86.46776]]],[347,[88.6231,109.7705,1,[87.00072,90.22782]]],[99,[89.11792,112.6606,0,[88.0007,87.94527]]],[342,[88.974,118.78,1,[87.00071,88.56439]]],[76,[88.67059,114.6565,0,[88.0007,86.38787]]],[52,[87.84638,114.3736,0,[88.00071,84.88972]]],[292,[89.21347,115.8831,1,[87.00067,90.05344]]],[319,[89.46955,121.8289,0,[87.40575,88.00071]]],[77,[89.40866,116.0885,0,[88.00069,86.79659]]],[96,[88.62251,110.0668,0,[88.00068,85.07008]]],[346,[89.883,114.5644,1,[87.00071,90.0939]]],[306,[89.99751,120.0394,1,[87.00071,89.14516]]],[339,[90.25266,125.4353,1,[87.97562,88.00072]]],[338,[90.27977,125.1368,1,[87.0007,88.50205]]],[17,[90.03967,119.7998,0,[88.00071,86.61984]]],[54,[89.28866,114.0682,0,[88.00071,85.16723]]],[352,[90.80479,123.0691,1,[87.81344,88.00068]]],[310,[90.978,115.0102,1,[87.00069,90.14921]]],[327,[91.01431,120.1019,1,[87.00072,88.85469]]],[75,[90.55436,115.027,0,[88.00072,86.42465]]],[74,[89.82095,112.5907,0,[88.00071,84.93018]]],[55,[91.35531,119.0909,0,[88.00069,87.82838]]],[301,[91.40076,120.4775,0,[87.00071,88.42332]]],[274,[91.81951,108.327,1,[87.00071,90.15947]]],[28,[91.25077,125.6539,0,[88.00072,86.38739]]],[121,[90.47475,106.6768,0,[88.0007,84.93893]]],[278,[91.96612,126.4422,0,[88.00071,87.93184]]],[290,[92.06023,121.3545,1,[87.0007,88.42786]]],[291,[92.37677,115.2923,1,[87.00069,89.93809]]],[19,[92.64562,124.5895,0,[87.95309,88.00071]]],[18,[91.91713,122.5145,0,[88.0007,86.48571]]],[36,[91.22533,117.7608,0,[88.0007,84.93037]]],[354,[92.7523,113.2981,1,[87.00071,88.65009]]],[98,[92.7606,116.1678,0,[88.00071,86.96767]]],[334,[93.10256,104.2675,1,[87.00069,90.14367]]],[138,[92.1246,103.6877,0,[88.0007,85.1571]]],[288,[93.08353,122.8641,1,[87.24297,88.0007]]],[139,[93.14318,110.2987,0,[88.00076,86.46448]]],[353,[93.71327,114.2111,1,[87.00073,89.72811]]],[15,[93.87661,126.6477,0,[87.94199,88.00069]]],[333,[94.07455,112.8141,1,[87.00073,89.07878]]],[97,[94.09225,118.6024,0,[88.00073,86.97739]]],[14,[94.28733,125.6816,0,[87.19395,88.00069]]],[120,[93.09723,107.3632,0,[88.00072,85.18111]]],[321,[95.12888,130.8392,1,[88.00069,87.71597]]],[330,[94.99671,116.6898,1,[87.0007,89.68797]]],[119,[94.09654,109.6782,0,[88.0007,85.61578]]],[344,[95.29856,117.1597,1,[87.00072,88.71394]]],[157,[95.07106,105.1735,0,[88.00069,86.22416]]]

Travel Distances:
[335,113.867],[277,115.939],[299,117.4665],[255,117.1082],[254,117.2357],[317,117.2117],[233,119.5768],[276,118.9732],[349,117.5915],[215,120.4716],[232,121.1567],[275,121.613],[298,119.6933],[194,121.3984],[253,121.4328],[183,121.4819],[297,122.1882],[177,123.182],[316,122.5243],[197,122.6987],[171,122.1484],[182,122.3766],[196,124.5753],[214,124.2932],[170,123.4511],[181,124.6117],[169,123.9415],[195,123.6532],[193,122.5676],[176,125.1613],[231,125.1059],[156,124.8507],[175,125.4205],[208,125.004],[154,124.697],[192,124.1094],[213,124.0438],[167,126.7357],[210,125.5045],[166,126.8353],[168,125.3607],[153,125.4901],[151,126.258],[191,125.263],[212,127.0608],[165,128.0761],[155,124.5802],[150,127.7614],[207,125.8728],[228,124.6483],[224,126.567],[152,127.7887],[134,128.2102],[209,127.2711],[149,128.9863],[135,126.5402],[114,127.7452],[230,125.6463],[243,126.5027],[133,128.6213],[206,128.5982],[136,126.3807],[113,129.0312],[227,126.9886],[132,128.0892],[244,126.5558],[116,128.5989],[112,130.5142],[223,128.6708],[211,128.3731],[131,129.5286],[225,128.164],[115,127.8926],[222,128.6341],[251,126.1938],[91,130.9684],[130,131.9304],[242,128.5082],[190,129.8935],[229,128.3326],[129,131.8393],[137,125.113],[148,129.8165],[205,129.7919],[147,132.3744],[249,128.7599],[90,131.2917],[164,130.9438],[241,128.9928],[111,130.4282],[146,131.3803],[94,129.478],[163,132.7007],[110,132.0441],[252,124.738],[162,132.6812],[69,130.7999],[180,130.6908],[247,129.429],[128,133.9005],[145,133.9781],[89,132.6701],[189,130.5059],[187,131.4737],[109,132.0531],[314,128.1999],[86,135.4111],[204,131.1257],[161,134.2407],[70,131.4184],[271,128.7909],[174,132.1235],[92,129.2481],[127,133.459],[106,133.9494],[188,132.9054],[201,132.9758],[68,133.2381],[87,134.3258],[144,134.1486],[348,123.5997],[264,127.9551],[48,134.36],[83,137.331],[93,131.1059],[126,135.8887],[273,128.7986],[105,135.6439],[108,133.2975],[49,132.3671],[179,132.1207],[203,132.7295],[61,137.8553],[64,135.5642],[117,127.7745],[202,132.3135],[60,137.8026],[295,127.5125],[84,134.9643],[226,131.161],[65,136.4092],[82,138.1573],[313,130.2306],[186,133.6068],[23,138.9794],[104,136.341],[107,135.885],[315,128.6614],[245,131.0436],[42,137.9653],[40,139.3357],[88,133.5713],[173,133.6306],[41,139.6963],[246,132.6208],[80,140.585],[50,132.4969],[58,139.8768],[220,131.3839],[250,130.1037],[143,135.8225],[85,136.9938],[57,142.3477],[219,132.7066],[81,139.1982],[240,131.6052],[59,139.158],[79,141.2509],[160,136.736],[263,131.4341],[248,132.7746],[51,132.0607],[238,132.4274],[67,134.9079],[221,130.9734],[33,132.6681],[142,137.0166],[178,135.1548],[62,137.6459],[63,137.7278],[103,138.9958],[293,129.5217],[32,132.6314],[8,140.1426],[200,136.2287],[237,134.6326],[172,136.9897],[45,137.8167],[43,137.9032],[239,130.9095],[185,135.6281],[125,137.0198],[95,129.4451],[44,138.413],[124,139.082],[24,139.9763],[184,138.3234],[199,136.6893],[39,143.3392],[25,140.3317],[73,130.9783],[268,133.055],[22,142.0784],[159,138.3136],[9,141.0295],[66,136.862],[262,131.932],[102,141.29],[265,136.1028],[38,143.8266],[46,138.7947],[266,134.8848],[123,139.7947],[217,136.3728],[20,143.8326],[140,143.163],[71,133.2359],[283,131.115],[307,131.4319],[30,137.271],[281,133.0827],[122,142.2941],[218,135.3751],[11,142.9954],[257,138.9042],[236,136.451],[26,140.5655],[2,142.3047],[312,130.4874],[302,135.0857],[72,133.3229],[141,142.4701],[285,135.1795],[287,135.9664],[282,133.3499],[10,142.0706],[21,142.9425],[259,134.254],[258,136.7482],[296,128.0336],[340,134.9859],[7,143.9216],[29,140.9793],[78,144.905],[286,135.5909],[323,131.7186],[6,145.6572],[12,142.9061],[216,140.8905],[261,135.1019],[294,133.0274],[101,143.4806],[27,142.6391],[322,136.4148],[341,133.4804],[235,142.6002],[326,137.2486],[280,137.6433],[34,135.417],[256,140.9941],[304,134.0237],[16,138.5674],[303,136.6094],[260,138.1134],[320,138.5052],[100,145.2151],[350,142.4487],[325,138.6668],[284,133.9659],[234,148.0998],[279,142.6359],[47,137.2401],[337,145.1844],[324,137.5815],[4,140.4095],[56,146.1382],[343,137.2279],[289,138.8382],[329,134.2385],[53,134.4988],[300,145.739],[305,139.4853],[336,149.3938],[308,135.96],[3,142.2063],[13,142.8123],[272,136.6466],[351,144.3068],[331,132.7303],[158,144.8573],[118,130.7811],[267,139.494],[270,136.5228],[318,145.0663],[269,133.8486],[1,146.0377],[309,138.304],[311,135.0839],[0,145.7532],[332,132.5373],[328,137.0307],[31,140.1003],[355,130.7801],[37,140.1712],[198,147.2338],[345,134.8149],[35,137.9246],[5,143.0952],[347,132.1918],[99,134.2785],[342,140.5838],[76,137.0809],[52,138.297],[292,137.0864],[319,142.7893],[77,139.0289],[96,134.4126],[346,136.4024],[306,141.7389],[339,146.847],[338,146.3087],[17,141.4112],[54,137.112],[352,145.3874],[310,136.6614],[327,141.9052],[75,137.5143],[74,136.4971],[55,140.2584],[301,143.3632],[274,130.4127],[28,148.7868],[121,131.1975],[278,148.2506],[290,142.8867],[291,136.1566],[19,145.2124],[18,144.1328],[36,142.8497],[354,135.2957],[98,138.2739],[334,125.4394],[138,126.8757],[288,144.0366],[139,133.4801],[353,136.2146],[15,148.4078],[333,133.9489],[97,139.8944],[14,148.6827],[120,132.107],[321,152.3297],[330,137.7271],[119,132.5409],[344,139.685],[157,128.4564]

Finish Times:
[335,58.68096],[277,59.76099],[299,60.12099],[255,60.481],[254,60.561],[317,60.88101],[233,61.24102],[276,61.72103],[349,61.72103],[215,62.04104],[232,62.16104],[275,62.48105],[298,62.56105],[194,62.80106],[253,62.84106],[183,62.88106],[297,63.32107],[177,63.40107],[316,63.40107],[197,63.44107],[171,63.64108],[182,63.84108],[196,64.08109],[214,64.20109],[170,64.28109],[181,64.32109],[169,64.40109],[195,64.7611],[193,64.8811],[176,65.00111],[231,65.00111],[156,65.08111],[175,65.36111],[208,65.36111],[154,65.68112],[192,65.72112],[213,65.72112],[167,65.96113],[210,66.12113],[166,66.28114],[168,66.44114],[153,66.56114],[151,66.80115],[191,66.80115],[212,67.00115],[165,67.16116],[155,67.24116],[150,67.44116],[207,67.72117],[228,67.80117],[224,67.84117],[152,67.96117],[134,68.08118],[209,68.28118],[149,68.40118],[135,68.68119],[114,68.72119],[230,68.76119],[243,68.80119],[133,69.0012],[206,69.2812],[136,69.36121],[113,69.40121],[227,69.44121],[132,69.64121],[244,69.92122],[116,70.00122],[112,70.12122],[223,70.12122],[211,70.36123],[131,70.48123],[225,70.60123],[115,70.76124],[222,70.80124],[251,70.80124],[91,70.96124],[130,71.08125],[242,71.36125],[190,71.40125],[229,71.52126],[129,71.60126],[137,71.72126],[148,71.92126],[205,71.96127],[147,72.20127],[249,72.20127],[90,72.40128],[164,72.40128],[241,72.64128],[111,72.76128],[146,72.92129],[94,73.08129],[163,73.16129],[110,73.4013],[252,73.4813],[162,73.5213],[69,73.76131],[180,73.88131],[247,73.96131],[128,74.04131],[145,74.12132],[89,74.40132],[189,74.56133],[187,74.64133],[109,74.68133],[314,74.72133],[86,75.12134],[204,75.12134],[161,75.20134],[70,75.28134],[271,75.44135],[174,75.64135],[92,75.80135],[127,75.80135],[106,75.88136],[188,76.00136],[201,76.28136],[68,76.36137],[87,76.36137],[144,76.48137],[348,76.80138],[264,76.84138],[48,76.96138],[83,77.04138],[93,77.04138],[126,77.36139],[273,77.44139],[105,77.60139],[108,77.60139],[49,77.6414],[179,77.9214],[203,78.08141],[61,78.16141],[64,78.28141],[117,78.36141],[202,78.52142],[60,78.72142],[295,78.76142],[84,78.92142],[226,79.08143],[65,79.16143],[82,79.32143],[313,79.48144],[186,79.52144],[23,79.88145],[104,79.92145],[107,79.96145],[315,80.04145],[245,80.16145],[42,80.44146],[40,80.48146],[88,80.68147],[173,80.84147],[41,80.96147],[246,80.96147],[80,81.04147],[50,81.36148],[58,81.60149],[220,81.60149],[250,81.64149],[143,81.72149],[85,81.96149],[57,82.1615],[219,82.2815],[81,82.3615],[240,82.4015],[59,82.60151],[79,82.76151],[160,82.96152],[263,82.96152],[248,83.16152],[51,83.24152],[238,83.44153],[67,83.48153],[221,83.72153],[33,83.76154],[142,83.84154],[178,84.12154],[62,84.28155],[63,84.44155],[103,84.44155],[293,84.64156],[32,84.84156],[8,84.88156],[200,85.04156],[237,85.04156],[172,85.32157],[45,85.52158],[43,85.60158],[239,85.76158],[185,85.80158],[125,85.88158],[95,86.24159],[44,86.32159],[124,86.4016],[24,86.5216],[184,86.5616],[199,86.6016],[39,86.96161],[25,87.08161],[73,87.08161],[268,87.28162],[22,87.48162],[159,87.56162],[9,87.68163],[66,87.80163],[262,88.04163],[102,88.12164],[265,88.20164],[38,88.24164],[46,88.52164],[266,88.56165],[123,88.68165],[217,88.68165],[20,88.80165],[140,89.24166],[71,89.28166],[283,89.28166],[307,89.32166],[30,89.40166],[281,89.76167],[122,89.88168],[218,89.88168],[11,90.00168],[257,90.16168],[236,90.48169],[26,90.52169],[2,90.64169],[312,90.64169],[302,90.7617],[72,91.16171],[141,91.16171],[285,91.16171],[287,91.20171],[282,91.52171],[10,91.68172],[21,91.80172],[259,91.84172],[258,92.08173],[296,92.08173],[340,92.28173],[7,92.40173],[29,92.40173],[78,92.64174],[286,92.68174],[323,92.88174],[6,93.00175],[12,93.12175],[216,93.28175],[261,93.48176],[294,93.52176],[101,93.56176],[27,93.80177],[322,93.88177],[341,94.08177],[235,94.20177],[326,94.20177],[280,94.48178],[34,94.56178],[256,94.68179],[304,94.88179],[16,95.1218],[303,95.1218],[260,95.1618],[320,95.2418],[100,95.72181],[350,95.72181],[325,95.84181],[284,95.92181],[234,95.96181],[279,96.36182],[47,96.44183],[337,96.48183],[324,96.60183],[4,96.68183],[56,96.92184],[343,97.08184],[289,97.24184],[329,97.24184],[53,97.44185],[300,97.52185],[305,97.76186],[336,97.88186],[308,97.96186],[3,98.12186],[13,98.16187],[272,98.40187],[351,98.44187],[331,98.52187],[158,98.72188],[118,98.88188],[267,99.04189],[270,99.12189],[318,99.28189],[269,99.32189],[1,99.5219],[309,99.6019],[311,99.6019],[0,99.8419],[332,100.0019],[328,100.1619],[31,100.2419],[355,100.2419],[37,100.3219],[198,100.7619],[345,100.8019],[35,100.8419],[5,100.9219],[347,101.0019],[99,101.3219],[342,101.4819],[76,101.5219],[52,101.5619],[292,101.6019],[319,101.882],[77,102.122],[96,102.242],[346,102.322],[306,102.402],[339,102.442],[338,102.802],[17,102.842],[54,102.882],[352,103.042],[310,103.282],[327,103.402],[75,103.482],[74,103.522],[55,103.602],[301,104.002],[274,104.122],[28,104.162],[121,104.202],[278,104.242],[290,104.682],[291,104.802],[19,104.842],[18,104.922],[36,104.962],[354,105.322],[98,105.442],[334,105.522],[138,105.722],[288,105.882],[139,106.162],[353,106.162],[15,106.2821],[333,106.7221],[97,106.8821],[14,106.9621],[120,106.9621],[321,107.4821],[330,107.5621],[119,107.6421],[344,108.0021],[157,108.1221]

Stuck Times:
[335,0],[277,0],[299,0],[255,0],[254,0],[317,0],[233,0],[276,0],[349,0],[215,0],[232,0],[275,0],[298,0],[194,0],[253,0],[183,0],[297,0],[177,0],[316,0],[197,0],[171,0],[182,0],[196,0],[214,0],[170,0],[181,0],[169,0],[195,0],[193,0],[176,0],[231,0],[156,2],[175,0],[208,0],[154,1],[192,0],[213,0],[167,0],[210,0],[166,0],[168,1],[153,1],[151,0],[191,0],[212,0],[165,0],[155,3],[150,1],[207,1],[228,1],[224,0],[152,1],[134,2],[209,2],[149,1],[135,3],[114,1],[230,3],[243,2],[133,2],[206,2],[136,5],[113,2],[227,2],[132,4],[244,1],[116,6],[112,2],[223,3],[211,4],[131,4],[225,2],[115,4],[222,3],[251,7],[91,2],[130,3],[242,3],[190,5],[229,6],[129,2],[137,8],[148,6],[205,5],[147,4],[249,6],[90,5],[164,7],[241,4],[111,4],[146,3],[94,8],[163,6],[110,6],[252,9],[162,3],[69,5],[180,6],[247,8],[128,6],[145,4],[89,6],[189,6],[187,3],[109,4],[314,10],[86,6],[204,6],[161,3],[70,8],[271,11],[174,4],[92,12],[127,5],[106,9],[188,5],[201,4],[68,10],[87,9],[144,6],[348,14],[264,11],[48,8],[83,7],[93,10],[126,5],[273,13],[105,6],[108,9],[49,10],[179,6],[203,10],[61,8],[64,10],[117,14],[202,10],[60,7],[295,14],[84,11],[226,13],[65,11],[82,7],[313,14],[186,7],[23,11],[104,8],[107,11],[315,16],[245,14],[42,11],[40,10],[88,14],[173,10],[41,11],[246,15],[80,10],[50,16],[58,9],[220,13],[250,17],[143,11],[85,13],[57,9],[219,12],[81,10],[240,15],[59,10],[79,9],[160,12],[263,17],[248,18],[51,19],[238,16],[67,17],[221,15],[33,18],[142,12],[178,15],[62,17],[63,16],[103,12],[293,18],[32,19],[8,15],[200,17],[237,16],[172,15],[45,17],[43,17],[239,19],[185,13],[125,15],[95,20],[44,19],[124,16],[24,17],[184,13],[199,13],[39,15],[25,18],[73,23],[268,22],[22,15],[159,13],[9,18],[66,20],[262,22],[102,18],[265,22],[38,17],[46,20],[266,21],[123,17],[217,19],[20,16],[140,16],[71,23],[283,23],[307,22],[30,21],[281,21],[122,18],[218,19],[11,20],[257,20],[236,21],[26,21],[2,19],[312,25],[302,22],[72,26],[141,15],[285,24],[287,23],[282,20],[10,20],[21,19],[259,24],[258,23],[296,29],[340,28],[7,20],[29,23],[78,20],[286,25],[323,27],[6,21],[12,25],[216,23],[261,23],[294,29],[101,19],[27,22],[322,26],[341,28],[235,26],[326,26],[280,26],[34,26],[256,24],[304,28],[16,29],[303,26],[260,24],[320,27],[100,26],[350,28],[325,28],[284,28],[234,25],[279,27],[47,29],[337,26],[324,29],[4,29],[56,25],[343,31],[289,28],[329,33],[53,33],[300,26],[305,29],[336,23],[308,31],[3,29],[13,28],[272,33],[351,29],[331,34],[158,27],[118,34],[267,32],[270,31],[318,29],[269,32],[1,30],[309,35],[311,32],[0,29],[332,33],[328,34],[31,33],[355,34],[37,31],[198,30],[345,36],[35,35],[5,32],[347,35],[99,38],[342,33],[76,36],[52,34],[292,33],[319,34],[77,35],[96,37],[346,32],[306,34],[339,28],[338,31],[17,33],[54,34],[352,35],[310,37],[327,33],[75,36],[74,35],[55,34],[301,37],[274,39],[28,33],[121,38],[278,35],[290,35],[291,36],[19,35],[18,36],[36,34],[354,35],[98,38],[334,41],[138,41],[288,33],[139,38],[353,40],[15,31],[333,40],[97,39],[14,34],[120,42],[321,34],[330,39],[119,40],[344,44],[157,43]

