Experiment Name: Custom-SimpleTwoPaths2
Method Used: FlowGraph
Run Number: 6
Preparation Time: 16.5449ms
Pathfinding Time: 6.4895ms
Finish Time: 107.0021ms
Finish Time 90%: 101.5219ms
Repaths: 0
Soft Repaths: 0

Gates Data:
0:[277,[8.521603,17.0316,1,[38.78533,29.00076]]],[299,[8.092691,16.18055,1,[38.00066,29.93045]]],[276,[8.971157,17.9342,1,[38.00066,30.20012]]],[255,[8.631347,17.23921,1,[39.00066,27.53943]]],[298,[9.13073,18.25408,1,[38.00065,31.73515]]],[335,[9.317299,18.63107,1,[38.00066,34.66843]]],[254,[9.074286,18.13387,1,[38.19427,29.00076]]],[233,[9.563625,19.09743,1,[39.00064,28.34571]]],[317,[9.130125,18.25654,1,[38.00066,33.00364]]],[215,[9.575932,19.08043,1,[39.00066,26.77418]]],[253,[9.965452,19.92088,1,[38.00065,30.89562]]],[197,[10.56422,21.07371,1,[39.00065,27.64911]]],[214,[10.47453,20.92199,1,[38.90157,29.00076]]],[349,[10.42253,20.83979,1,[38.00066,37.86588]]],[196,[11.19455,22.36743,1,[38.47171,29.00075]]],[275,[9.990977,19.97515,1,[38.00065,32.19906]]],[232,[9.830359,19.64575,1,[38.00065,29.39256]]],[195,[11.73558,23.44438,1,[38.00066,30.51396]]],[183,[11.81583,23.47123,0,[38.00068,29.49463]]],[297,[10.07649,20.14887,1,[38.00064,33.5694]]],[231,[10.82647,21.64188,1,[38.00065,31.1288]]],[213,[10.79292,21.56672,1,[38.00066,29.76172]]],[177,[12.71227,25.27427,0,[38.00069,30.43756]]],[194,[12.61065,25.17187,0,[38.00069,31.75512]]],[211,[12.59064,25.15929,1,[38.00066,32.92163]]],[212,[11.73391,23.45537,1,[38.00066,31.65277]]],[170,[12.26236,24.15249,0,[38.30143,29.00072]]],[274,[10.92393,21.83874,1,[38.00066,33.7154]]],[182,[13.28867,26.30723,0,[38.00071,32.01919]]],[193,[13.87731,27.32016,0,[38.00071,33.57822]]],[175,[14.95992,29.55385,0,[38.00072,33.48787]]],[171,[11.76965,23.51461,0,[39.00069,28.5272]]],[176,[14.07672,27.87182,0,[38.00073,32.59658]]],[230,[11.76634,23.52162,1,[38.00066,32.85059]]],[296,[10.94648,21.88394,1,[38.00066,34.94602]]],[167,[14.57358,28.90242,0,[38.00073,32.01432]]],[169,[13.02544,25.67439,0,[38.00069,29.86244]]],[210,[13.38901,26.59043,1,[38.00071,33.77384]]],[168,[13.81307,27.43474,0,[38.00069,31.19799]]],[181,[14.62862,28.92098,0,[38.00073,34.1046]]],[252,[10.93309,21.85693,1,[38.00065,32.54347]]],[152,[14.36555,28.52879,0,[38.00073,30.65909]]],[155,[12.58202,24.94596,0,[39.00069,28.38537]]],[166,[15.4683,30.59037,0,[38.00074,33.26901]]],[251,[11.8285,23.64595,1,[38.00066,34.07046]]],[192,[15.47929,29.67312,0,[38.00072,35.02563]]],[153,[13.59617,27.03928,0,[38.00069,29.81166]]],[154,[13.14557,26.0401,0,[38.55106,29.00072]]],[151,[15.16118,30.01238,0,[38.00074,31.84146]]],[191,[16.01595,30.90244,0,[38.00068,34.79127]]],[273,[11.78987,23.5692,1,[38.00066,35.12835]]],[134,[14.80498,29.35645,0,[38.00071,30.3011]]],[138,[11.96706,23.60284,0,[39.00069,26.56573]]],[150,[15.91724,31.53032,0,[38.00074,32.64938]]],[224,[16.81883,32.93979,0,[38.00072,35.7099]]],[208,[15.01709,29.85706,0,[38.00074,35.55233]]],[132,[16.33274,32.22106,0,[38.00072,32.23036]]],[136,[13.76738,27.12893,0,[38.70837,29.00071]]],[165,[16.27338,32.33047,0,[38.00071,34.10007]]],[149,[16.91807,33.43415,0,[38.00072,33.73685]]],[207,[16.38235,31.76418,0,[38.00068,36.32382]]],[133,[15.56265,30.60687,0,[38.00074,31.18812]]],[135,[14.0244,27.59989,0,[38.00072,29.11619]]],[205,[17.74578,34.09932,0,[38.00076,35.5202]]],[131,[17.21475,33.72057,0,[38.00074,33.12553]]],[206,[17.03467,33.31599,0,[38.00072,34.95346]]],[117,[14.32712,27.48812,0,[39.00071,28.3891]]],[137,[13.02541,25.41648,0,[39.0007,27.91647]]],[190,[17.83814,34.40694,0,[38.00075,34.53629]]],[314,[11.93002,23.84194,1,[38.00067,37.66772]]],[113,[16.69254,32.11515,0,[38.00072,31.63183]]],[92,[15.84716,30.56173,0,[38.00072,29.50047]]],[115,[15.18256,29.26655,0,[38.00073,29.6587]]],[164,[18.56796,35.9169,0,[38.00074,34.95855]]],[229,[12.63675,25.25612,1,[38.00065,34.14452]]],[223,[17.61628,33.99423,0,[38.00071,36.51033]]],[148,[17.88789,34.83271,0,[38.00074,33.47877]]],[204,[18.47655,35.29941,0,[38.00075,35.94713]]],[114,[15.9416,30.68032,0,[38.00072,30.7193]]],[225,[15.84697,30.8864,1,[38.00072,36.50548]]],[333,[11.17022,22.31944,1,[38.00067,37.78901]]],[112,[17.35832,33.16552,0,[38.00073,31.98287]]],[91,[16.64045,32.03153,0,[38.00073,30.45873]]],[222,[18.31952,35.13863,0,[38.00084,36.8847]]],[250,[12.68384,25.34888,1,[38.00065,35.32941]]],[130,[18.06423,34.87492,0,[38.00078,32.51389]]],[244,[17.15702,32.51685,0,[38.00075,37.14193]]],[93,[15.49901,29.95815,0,[38.62445,29.00069]]],[116,[14.69132,28.28733,0,[38.40628,29.00071]]],[163,[19.28506,37.03675,0,[38.00077,35.40319]]],[272,[12.64165,25.2592,1,[38.00065,36.37522]]],[147,[18.61527,35.88177,0,[38.00077,33.91848]]],[242,[18.04006,34.44256,0,[37.97016,38.00063]]],[118,[13.60589,26.28331,0,[39.00071,27.79471]]],[189,[19.28313,36.42345,0,[38.00077,36.51448]]],[129,[18.7576,35.95378,0,[38.00078,32.97372]]],[203,[19.13466,36.73222,0,[38.00073,37.41583]]],[226,[15.06919,29.71461,1,[38.00072,36.71271]]],[146,[19.32695,36.98476,0,[38.00076,34.36813]]],[243,[17.1436,33.04167,0,[37.34907,38.00065]]],[69,[16.37111,31.82486,0,[38.00073,29.06959]]],[90,[17.43658,33.26156,0,[38.00072,30.97561]]],[162,[20.35582,38.11544,0,[38.0007,35.17237]]],[245,[16.70925,31.81873,1,[38.00067,37.89908]]],[111,[18.21298,33.63759,0,[38.00078,31.58853]]],[128,[19.63921,37.27671,0,[38.00076,33.74734]]],[70,[16.24817,31.65042,0,[38.91926,29.00069]]],[241,[18.69205,35.19417,0,[37.80402,38.00051]]],[108,[19.0384,36.48284,0,[38.00075,32.31985]]],[145,[20.49428,38.02556,0,[38.00069,34.28042]]],[109,[18.51878,34.87824,0,[38.00076,30.89485]]],[334,[10.29183,20.57787,1,[38.00065,36.36678]]],[264,[18.04264,33.26048,0,[37.00082,38.55291]]],[209,[14.29247,28.48151,1,[38.00069,35.17878]]],[85,[19.25553,37.51805,0,[38.00076,31.39039]]],[106,[20.6271,38.95817,0,[38.00072,33.37848]]],[89,[17.04241,33.0151,0,[38.00072,29.49035]]],[180,[20.01062,36.98566,0,[38.00077,35.69796]]],[84,[19.97582,38.7431,0,[38.00077,31.88055]]],[107,[19.76743,37.61535,0,[38.00077,32.81111]]],[246,[15.91231,30.42746,1,[38.00071,37.69038]]],[110,[17.77098,33.62248,0,[38.00072,30.12261]]],[144,[21.31699,39.4868,0,[38.00066,35.01992]]],[127,[21.43039,38.69184,0,[38.00069,34.07504]]],[188,[19.9681,37.04047,0,[38.00077,36.69894]]],[82,[21.41668,41.34111,0,[38.00071,32.66412]]],[86,[18.78801,35.70583,0,[38.00075,29.9575]]],[174,[21.21098,38.23871,0,[38.00065,36.0383]]],[81,[22.2025,42.72124,0,[38.00069,33.35126]]],[126,[22.08548,40.89202,0,[38.00075,35.64251]]],[267,[15.85371,30.17245,1,[37.00071,38.18588]]],[62,[19.59452,38.45033,0,[38.00077,30.47067]]],[221,[20.0712,36.42849,0,[38.0007,37.86867]]],[83,[20.81197,40.27577,0,[38.00072,32.55077]]],[105,[22.06079,40.61838,0,[38.00071,34.26998]]],[73,[14.50675,28.01029,0,[39.00071,26.70411]]],[58,[23.06403,44.47998,0,[38.00072,34.00451]]],[187,[20.861,37.96399,0,[38.00072,36.71556]]],[71,[15.48501,30.29675,0,[39.00072,27.93752]]],[295,[11.77881,23.54476,1,[38.00066,36.23237]]],[161,[22.00266,40.06756,0,[38.00072,36.66671]]],[143,[22.78297,41.22472,0,[38.00071,35.81017]]],[49,[17.01701,32.52334,0,[39.00072,28.82625]]],[284,[19.95855,34.76672,0,[37.00076,38.40393]]],[202,[20.80019,37.80134,0,[38.00071,37.72691]]],[220,[21.48822,37.30577,0,[37.85817,38.00068]]],[68,[17.48443,32.99653,0,[38.43615,29.0007]]],[50,[16.10797,30.98973,0,[39.00071,27.7481]]],[104,[22.91861,42.01175,0,[38.0007,34.89738]]],[261,[21.54724,36.21683,0,[37.00078,38.63749]]],[179,[22.84038,39.1512,0,[38.00076,36.99327]]],[263,[19.29088,34.16644,0,[37.17112,38.00069]]],[64,[18.69454,36.25363,0,[38.58166,29.00067]]],[59,[22.44201,42.68631,0,[38.00072,32.51935]]],[125,[23.6402,42.48451,0,[38.00074,36.27688]]],[201,[22.02015,39.06023,0,[38.00061,37.78923]]],[268,[15.2381,29.35244,1,[37.00082,38.57336]]],[51,[16.53574,30.17055,0,[39.00074,27.31745]]],[61,[20.32622,39.83137,0,[38.00071,31.07235]]],[80,[23.35869,43.72968,0,[38.00073,33.40734]]],[173,[23.55317,40.42088,0,[38.00076,37.26169]]],[271,[13.52478,26.70247,1,[38.00064,37.25881]]],[41,[20.91806,41.17553,0,[38.00072,31.10057]]],[103,[23.78312,43.07852,0,[38.00073,35.33336]]],[42,[19.98937,39.31377,0,[38.00078,29.65366]]],[60,[21.68436,41.20424,0,[38.00072,31.80491]]],[240,[20.64827,35.44687,0,[37.00069,38.24969]]],[260,[23.7646,38.1569,0,[37.00075,39.97176]]],[43,[20.44672,38.25584,0,[38.00069,29.4113]]],[123,[24.09077,44.12162,0,[38.00076,34.71667]]],[23,[21.98572,41.91357,0,[38.00072,31.01114]]],[332,[11.37631,22.70849,1,[37.18501,38.00074]]],[124,[24.36947,43.66533,0,[38.00075,36.80893]]],[142,[25.46864,43.48217,0,[38.00077,36.65617]]],[87,[18.0812,34.67966,0,[38.00076,29.45038]]],[63,[19.0553,36.82091,0,[38.00078,29.09326]]],[186,[23.24975,39.51601,0,[37.47102,38.00063]]],[219,[22.77636,38.63715,0,[37.8246,38.00073]]],[141,[24.79418,44.70632,0,[38.00075,35.26922]]],[160,[24.67404,41.15533,0,[38.00075,36.20764]]],[44,[19.83567,37.77902,0,[38.73141,29.00064]]],[199,[25.48102,42.30175,0,[38.00079,35.56258]]],[269,[14.39382,28.12766,1,[37.03545,38.00071]]],[237,[24.31771,39.71354,0,[37.00075,39.66356]]],[324,[20.76061,33.68851,1,[37.00068,39.86774]]],[25,[20.95525,39.11407,0,[38.28823,29.00069]]],[159,[26.13067,44.18828,0,[38.00076,35.58641]]],[39,[22.82853,43.90318,0,[38.00074,31.92058]]],[178,[24.31404,41.31099,0,[38.00076,37.86488]]],[293,[13.27572,26.24583,1,[37.82392,38.00072]]],[45,[19.22641,36.8787,0,[39.00078,28.4867]]],[57,[23.89854,45.43645,0,[38.0007,33.35081]]],[172,[25.29804,42.16048,0,[38.00079,34.26342]]],[200,[23.64572,39.92111,0,[37.00067,38.09956]]],[8,[21.51868,41.66223,0,[38.00072,29.48132]]],[102,[24.63974,44.20198,0,[38.00074,33.99534]]],[65,[18.32851,35.20541,0,[39.00074,27.97445]]],[235,[26.9706,44.50358,0,[37.78177,38.00072]]],[24,[21.23368,40.6516,0,[38.00071,30.29095]]],[185,[24.8553,41.88789,0,[37.78924,38.00065]]],[303,[25.08397,37.03678,0,[37.00074,38.24237]]],[247,[15.26525,29.59937,1,[37.93486,38.00069]]],[26,[20.54763,38.93006,0,[39.00069,28.88333]]],[239,[22.04402,36.56719,0,[37.00061,38.25664]]],[38,[23.35294,45.33185,0,[38.0007,31.75507]]],[184,[26.29801,45.00976,0,[38.00073,36.89886]]],[217,[25.4602,42.28135,0,[38.0007,37.73792]]],[10,[21.62523,40.30379,0,[39.0007,28.63077]]],[7,[22.66834,43.33267,0,[38.62195,29.00071]]],[257,[27.0349,44.06224,0,[38.00071,36.86533]]],[312,[12.9059,25.33313,1,[37.00071,38.5336]]],[79,[24.20209,45.23811,0,[38.00074,32.51355]]],[262,[20.001,35.84464,0,[37.00084,39.57247]]],[66,[18.52938,34.4462,0,[39.00072,27.17787]]],[11,[20.85262,39.70013,0,[39.00072,28.15975]]],[285,[18.86689,33.79969,1,[37.00083,38.54523]]],[40,[22.31457,41.92919,0,[38.00074,30.42033]]],[158,[25.7105,45.92327,0,[38.00075,33.79658]]],[218,[24.44983,39.67495,0,[37.00074,38.57226]]],[331,[12.05157,23.90728,1,[37.00069,38.86163]]],[27,[19.54433,37.65154,0,[39.00076,27.80688]]],[2,[22.06421,41.04405,0,[39.00074,28.16789]]],[302,[27.77958,42.95592,0,[38.00076,37.08934]]],[21,[23.55238,44.24997,0,[38.00069,30.95966]]],[9,[21.94024,40.8522,0,[38.27002,29.00068]]],[265,[17.63084,32.61016,1,[37.00074,39.02166]]],[47,[18.83621,33.43995,0,[39.00071,26.5466]]],[234,[26.57608,45.09716,0,[38.00071,35.21191]]],[280,[27.48299,41.4897,0,[37.47752,38.00068]]],[140,[25.46274,45.83761,0,[38.00078,32.39241]]],[22,[22.71214,42.3358,0,[38.00016,30.00072]]],[94,[14.96301,28.95098,0,[39.00071,28.26052]]],[227,[14.34764,28.52271,1,[38.00064,36.42476]]],[122,[24.81769,46.09582,0,[38.00077,32.65312]]],[248,[14.34601,28.49138,1,[38.00068,37.52283]]],[279,[27.20451,45.86304,0,[38.00085,35.11994]]],[46,[19.90743,36.62341,0,[39.00074,27.32713]]],[305,[21.50111,35.03773,1,[37.0006,39.97432]]],[4,[22.56631,36.77722,0,[39.00068,27.80912]]],[320,[30.26588,42.68262,0,[38.00073,37.99974]]],[228,[13.4682,26.684,1,[38.00069,34.98866]]],[30,[19.83521,32.89508,0,[39.00072,26.14394]]],[216,[26.26944,43.62917,0,[38.00069,37.97633]]],[318,[28.06957,46.35975,0,[37.00072,38.1363]]],[13,[23.94358,40.49858,0,[39.00071,28.72091]]],[270,[13.89165,27.55192,1,[37.3411,38.00079]]],[12,[20.65219,38.30431,0,[39.00069,26.8184]]],[238,[22.90532,37.96513,0,[37.00072,38.69576]]],[6,[23.10714,44.52086,0,[38.00069,29.38956]]],[289,[16.23347,30.38881,1,[37.00073,40.00169]]],[95,[13.90999,27.09884,0,[39.00071,26.81143]]],[19,[22.95625,38.07772,0,[39.00071,27.13554]]],[291,[14.54205,28.09057,1,[37.00069,39.26112]]],[337,[29.02288,44.64183,1,[38.00076,36.57686]]],[355,[11.4146,22.71547,1,[37.00066,40.44976]]],[0,[23.40848,43.19765,0,[39.00068,28.87428]]],[258,[27.26524,41.8208,0,[37.00069,38.94475]]],[28,[21.27313,37.85116,0,[39.00074,26.81716]]],[311,[14.29927,27.16961,1,[37.00066,40.01732]]],[100,[25.87146,47.30862,0,[38.00071,31.91743]]],[249,[13.50671,26.73902,1,[38.0007,36.14209]]],[14,[21.73748,34.90051,0,[39.00071,26.43213]]],[288,[16.813,31.50463,1,[37.00068,39.76454]]],[351,[28.06257,38.39093,1,[37.00083,41.06808]]],[18,[24.64053,39.55342,0,[39.00067,28.21447]]],[292,[13.47509,26.75132,1,[37.00067,38.46803]]],[67,[17.60553,33.31769,0,[39.00072,27.38603]]],[283,[23.05873,36.45981,0,[37.00072,39.94706]]],[326,[18.77795,30.97127,1,[37.00093,39.82402]]],[1,[23.80619,42.71074,0,[38.00068,29.49732]]],[310,[15.56189,28.77542,1,[37.00076,40.97129]]],[352,[28.01956,35.34135,1,[37.00067,39.22907]]],[77,[23.63251,36.79295,0,[39.00072,27.15623]]],[307,[20.86567,33.54907,1,[37.00072,41.42584]]],[256,[26.42629,47.09219,0,[38.00076,33.68479]]],[346,[12.229,24.12003,1,[37.00068,40.17235]]],[236,[25.67651,40.72882,0,[37.00068,38.27006]]],[16,[19.09416,31.10152,0,[39.00072,25.80333]]],[290,[15.43595,29.29622,1,[37.00085,39.79225]]],[319,[29.20741,43.3744,0,[37.33318,38.00064]]],[287,[17.93096,32.81611,1,[37.00054,40.4277]]],[321,[26.33352,37.80976,1,[37.00064,38.21772]]],[88,[18.16425,34.47089,0,[39.00075,28.90451]]],[3,[21.23376,32.91925,0,[39.00072,24.87363]]],[282,[25.17702,37.85279,0,[37.00075,39.959]]],[266,[16.63319,31.51141,1,[37.00067,38.43645]]],[20,[24.3773,45.59409,0,[38.35442,29.00075]]],[286,[19.7449,33.55805,1,[37.00059,40.31401]]],[96,[13.13446,25.02943,0,[39.00069,25.12276]]],[306,[22.73695,34.65715,1,[37.00072,41.40711]]],[325,[21.77228,33.13998,1,[37.00069,41.42817]]],[17,[22.77188,33.43821,0,[39.00075,25.4187]]],[78,[24.71275,46.36032,0,[38.0008,31.05396]]],[259,[25.69683,39.24113,0,[37.00075,39.67039]]],[313,[12.23247,24.29613,1,[37.23535,38.00076]]],[336,[28.75009,47.64039,1,[38.00073,37.87185]]],[15,[17.94938,31.62248,0,[39.00074,25.65829]]],[31,[17.5815,31.46614,0,[39.0007,26.25125]]],[342,[22.26392,31.68971,1,[37.00077,39.99694]]],[328,[16.87349,28.35377,1,[37.00068,41.5069]]],[56,[24.15465,46.55865,0,[38.00074,31.08835]]],[281,[28.70697,40.70206,0,[37.00062,40.96391]]],[32,[16.81745,31.05064,0,[39.00074,26.35471]]],[53,[16.04378,28.08741,0,[39.00075,25.82821]]],[343,[23.65694,28.69294,1,[37.00071,41.41879]]],[353,[14.10507,25.69351,1,[37.00068,41.52146]]],[198,[25.83873,46.12299,0,[38.00072,30.53552]]],[308,[19.50917,32.53989,1,[37.00075,41.39462]]],[5,[22.12448,34.66619,0,[39.00074,25.70288]]],[48,[17.27354,32.77311,0,[39.00071,28.00323]]],[301,[28.05467,44.25924,0,[38.00075,36.09711]]],[294,[12.61807,25.17476,1,[38.00066,37.46269]]],[36,[25.6895,35.18252,0,[38.45956,29.00069]]],[322,[27.31734,37.07755,1,[37.00067,41.33523]]],[338,[29.0171,38.85415,1,[37.00078,39.13703]]],[55,[18.12483,27.11356,0,[39.0007,24.80488]]],[278,[26.84191,48.12291,0,[38.00074,32.89585]]],[33,[16.72306,29.30334,0,[39.00071,25.10601]]],[99,[25.02504,27.74389,0,[39.0007,27.55632]]],[339,[27.12993,37.56483,1,[37.00068,39.87068]]],[345,[13.11811,25.86941,1,[37.00069,41.278]]],[323,[24.64824,35.21717,1,[37.00088,41.12442]]],[157,[10.88402,21.73976,0,[39.00071,26.07045]]],[72,[15.10094,28.51388,0,[39.00072,26.44742]]],[101,[24.9882,45.48853,0,[38.00071,30.16697]]],[344,[15.03592,27.03383,1,[37.00075,41.61011]]],[341,[26.4285,33.91732,1,[37.00072,39.8248]]],[29,[20.02331,34.34875,0,[39.00073,25.09688]]],[121,[11.72365,22.1215,0,[39.0007,24.83797]]],[300,[27.75887,47.56082,0,[38.0008,34.37483]]],[34,[17.17263,28.25363,0,[39.00072,24.62609]]],[304,[25.90221,36.7262,1,[37.00066,41.51028]]],[329,[13.64786,26.37523,1,[37.0007,40.02518]]],[76,[15.93376,25.11882,0,[39.00071,24.60199]]],[350,[29.22695,40.90474,1,[37.00075,40.52813]]],[37,[23.76219,33.5725,0,[39.00071,25.95529]]],[54,[19.16934,26.71807,0,[39.00072,24.66119]]],[120,[12.44102,24.00272,0,[39.00069,26.34066]]],[309,[17.66074,30.41061,1,[37.0007,41.33186]]],[316,[10.15186,20.29898,1,[38.00065,34.91016]]],[35,[20.67484,29.11593,0,[39.00069,25.18063]]],[74,[14.314,25.98143,0,[39.0007,25.03222]]],[119,[13.0148,24.30467,0,[39.00071,26.24628]]],[315,[11.07864,22.14548,1,[38.00066,36.41348]]],[75,[14.87937,25.1576,0,[39.00072,24.76704]]],[97,[12.29758,23.91929,0,[39.0007,24.73556]]],[340,[26.49065,35.57174,1,[37.00065,41.22424]]],[156,[11.73829,23.44232,0,[39.0007,27.34835]]],[327,[29.99164,32.54481,1,[37.00074,39.76198]]],[52,[15.62886,28.43651,0,[39.0007,26.19462]]],[330,[12.91247,25.49107,1,[37.00066,39.89008]]],[98,[13.77729,23.97969,0,[39.00071,25.21013]]],[354,[12.33168,24.33342,1,[37.0007,41.3899]]],[348,[10.60416,21.19454,1,[37.00068,38.30514]]],[139,[11.09791,21.80136,0,[39.00068,25.11217]]],[347,[11.40396,22.72473,1,[37.00068,39.20951]]]
2:[277,[46.83074,93.60545,1,[88.00072,86.59875]]],[299,[47.49815,94.62103,1,[87.00071,88.98292]]],[276,[47.78696,95.2378,1,[87.83662,88.00069]]],[255,[47.40627,94.37766,1,[88.00071,86.11236]]],[298,[48.33172,96.5592,1,[87.34207,88.00071]]],[335,[48.83791,97.20596,1,[87.00069,89.62797]]],[254,[48.94697,97.72128,1,[88.0007,87.71095]]],[233,[48.09201,95.72723,1,[88.00073,85.76596]]],[317,[49.13467,97.29552,1,[87.00072,88.8363]]],[215,[49.10238,98.05493,1,[88.00072,86.71666]]],[253,[49.44726,98.54553,1,[87.20248,88.00071]]],[197,[48.73239,97.22581,1,[88.00072,84.96889]]],[214,[50.05397,99.82554,1,[88.00071,87.74462]]],[349,[50.05307,98.02354,1,[87.0007,89.59986]]],[196,[49.54825,98.91621,1,[88.00071,86.17595]]],[275,[50.18739,98.6366,1,[87.00071,88.40369]]],[232,[50.74331,99.64211,1,[87.92525,88.0007]]],[195,[50.28803,99.72187,1,[88.0007,86.45113]]],[183,[49.49521,98.15821,0,[88.0007,84.86842]]],[297,[50.80131,99.34406,1,[87.0007,90.05541]]],[231,[51.26185,101.3539,1,[87.0007,89.62553]]],[213,[50.96421,100.6285,1,[87.00071,88.1793]]],[177,[50.95138,100.716,0,[88.00071,86.69904]]],[194,[50.3145,98.4504,0,[88.00069,84.99809]]],[211,[51.64981,101.1091,1,[87.9178,88.0007]]],[212,[51.89852,102.1567,1,[87.0007,88.81397]]],[170,[51.12777,99.79405,0,[88.00071,85.48107]]],[274,[52.04288,101.0308,1,[87.00071,90.11269]]],[182,[51.85744,100.9695,0,[88.00072,86.92218]]],[193,[52.09431,101.4863,0,[87.45019,88.0007]]],[175,[52.72948,103.6679,0,[87.70158,88.0007]]],[171,[51.3496,98.56254,0,[88.00069,84.72354]]],[176,[52.33412,101.8819,0,[88.00072,86.68588]]],[230,[52.76683,102.6024,1,[87.0007,89.01203]]],[296,[52.82915,101.649,1,[87.00071,90.19664]]],[167,[53.20602,103.9346,0,[88.0007,87.61829]]],[169,[52.0694,100.4884,0,[88.00072,85.27885]]],[210,[53.09809,102.0359,1,[87.00071,88.47266]]],[168,[52.89664,101.9508,0,[88.00071,86.17906]]],[181,[53.54878,102.6026,0,[87.37539,88.00072]]],[252,[53.80246,103.179,1,[87.0007,90.13568]]],[152,[53.60674,103.8868,0,[88.00071,86.71561]]],[155,[52.35656,100.1372,0,[88.00071,84.62354]]],[166,[54.24857,104.9296,0,[87.86168,88.00071]]],[251,[53.988,102.8138,1,[87.00069,89.26728]]],[192,[54.33377,103.0565,0,[87.00071,88.7301]]],[153,[53.86651,102.5367,0,[88.0007,85.85313]]],[154,[53.08637,101.2298,0,[88.00072,84.9164]]],[151,[54.58161,104.8986,0,[88.00069,87.36196]]],[191,[54.57633,103.7549,0,[87.09054,88.00072]]],[273,[54.80662,103.9384,1,[87.0007,90.31112]]],[134,[54.72186,104.8251,0,[88.00072,86.3333]]],[138,[53.95146,100.8714,0,[88.0007,84.83659]]],[150,[55.43166,106.2832,0,[88.0007,87.98734]]],[224,[55.29181,105.7176,0,[87.00072,88.78602]]],[208,[55.32495,104.1071,0,[87.00073,89.97387]]],[132,[55.43502,106.3549,0,[88.00072,86.66853]]],[136,[54.69121,102.3991,0,[88.0005,85.00072]]],[165,[55.65493,105.6144,0,[87.0007,88.29787]]],[149,[56.21541,107.4801,0,[88.00071,87.98443]]],[207,[56.09252,105.3223,0,[87.00071,90.13534]]],[133,[56.10201,105.5574,0,[88.0007,86.5586]]],[135,[55.33301,103.3534,0,[88.00071,85.0912]]],[205,[56.44217,106.541,0,[87.00069,88.37197]]],[131,[56.91784,108.1509,0,[88.00069,87.98945]]],[206,[56.58073,107.141,0,[87.00066,89.81431]]],[117,[56.6633,104.537,0,[88.00071,86.33254]]],[137,[55.90944,101.6852,0,[88.00069,84.92348]]],[190,[57.22422,107.3884,0,[87.00071,88.30824]]],[314,[57.23898,105.8409,1,[87.00074,89.87988]]],[113,[57.44164,107.6528,0,[88.0007,87.69136]]],[92,[56.64607,105.6896,0,[88.0007,84.90426]]],[115,[57.40724,105.607,0,[88.00072,86.26556]]],[164,[58.1279,109.1473,0,[88.0007,87.90108]]],[229,[57.84505,104.2154,1,[87.00072,89.91734]]],[223,[58.06384,106.2692,0,[87.0007,88.44784]]],[148,[58.31871,108.3334,0,[88.00071,86.94416]]],[204,[58.59208,107.9831,0,[87.24918,88.00069]]],[114,[57.69955,105.0622,0,[88.00072,85.13425]]],[225,[58.50299,106.5742,1,[87.00069,90.02333]]],[333,[59.01788,106.0694,1,[87.00069,89.5361]]],[112,[59.16464,108.4964,0,[88.00069,87.45]]],[91,[58.5163,107.3863,0,[88.0007,85.87717]]],[222,[59.07583,107.0261,0,[87.00069,88.01633]]],[250,[59.73523,106.6344,1,[87.00069,89.81721]]],[130,[59.74532,109.4031,0,[88.00069,87.38139]]],[244,[59.77704,105.2293,0,[87.00073,88.51128]]],[93,[59.25598,106.3269,0,[88.00069,85.79912]]],[116,[58.45918,103.2986,0,[88.00071,84.66619]]],[163,[60.21673,109.8745,0,[87.56673,88.00069]]],[272,[60.40191,106.8553,1,[87.00072,89.99577]]],[147,[60.06903,108.9077,0,[88.00069,86.6096]]],[242,[60.59383,106.4338,0,[87.00071,88.72187]]],[118,[59.51757,102.8341,0,[88.00069,84.9572]]],[189,[60.93142,108.9335,0,[88.0007,87.99883]]],[129,[60.67183,109.7312,0,[88.00071,86.55016]]],[203,[61.0337,108.3341,0,[87.00072,88.30309]]],[226,[61.06032,106.362,1,[87.00072,90.26636]]],[146,[61.57222,110.7219,0,[88.00072,87.76244]]],[243,[61.65642,106.9656,0,[87.00072,90.14982]]],[69,[60.18483,107.7939,0,[88.00073,84.98753]]],[90,[61.12776,108.2015,0,[88.00072,86.23038]]],[162,[61.6334,110.6584,0,[87.00071,88.02786]]],[245,[61.8951,107.4198,1,[87.00071,89.43154]]],[111,[61.73138,108.4284,0,[88.00071,86.38356]]],[128,[62.3761,111.431,0,[88.00071,87.92274]]],[70,[60.80856,107.1941,0,[88.00069,84.77333]]],[241,[62.36841,107.2629,0,[87.0007,88.60624]]],[108,[62.30531,110.602,0,[88.00069,86.35759]]],[145,[62.95823,111.8675,0,[88.0007,87.94343]]],[109,[61.5402,109.0266,0,[88.0007,84.8554]]],[334,[62.64918,100.8893,1,[87.00071,90.18953]]],[264,[62.89195,106.0486,0,[87.00071,88.50287]]],[209,[63.22139,107.8029,1,[87.00069,90.05405]]],[85,[62.9176,112.3915,0,[88.00072,86.44769]]],[106,[63.53861,113.3503,0,[87.96861,88.0007]]],[89,[62.25524,108.0951,0,[88.00072,84.88537]]],[180,[63.53105,109.9601,0,[87.00072,88.61301]]],[84,[63.51061,113.3119,0,[88.0007,86.49866]]],[107,[64.09493,112.6351,0,[87.92847,88.00071]]],[246,[63.85839,106.1871,1,[87.00071,90.1153]]],[110,[62.90427,108.7701,0,[88.00071,84.91829]]],[144,[64.12688,112.4587,0,[87.00071,88.58193]]],[127,[64.68932,112.6351,0,[87.9416,88.00072]]],[188,[64.50001,110.1827,0,[87.00072,90.0887]]],[82,[64.1106,115.0604,0,[88.00071,86.44711]]],[86,[63.52655,110.7744,0,[88.0007,84.84855]]],[174,[64.71779,110.6259,0,[87.00069,88.59991]]],[81,[65.01273,116.7578,0,[88.00071,87.36702]]],[126,[65.10687,113.2391,0,[87.0007,88.15422]]],[267,[65.20724,107.8994,1,[87.00072,90.19812]]],[62,[64.41276,113.6761,0,[88.00069,85.44971]]],[221,[65.767,108.92,0,[87.00071,89.80042]]],[83,[65.39368,114.6412,0,[88.00072,86.7947]]],[105,[65.72558,114.1798,0,[87.49631,88.0007]]],[73,[64.93407,107.3248,0,[88.00072,85.16731]]],[58,[66.20921,118.303,0,[88.00071,87.60614]]],[187,[66.16204,110.4122,0,[87.00069,88.75171]]],[71,[65.90302,109.2712,0,[88.00069,86.17162]]],[295,[66.50199,105.288,1,[87.00068,90.25256]]],[161,[66.40571,111.9298,0,[87.15121,88.00072]]],[143,[66.70446,113.7806,0,[88.0007,87.22215]]],[49,[65.28603,107.7816,0,[88.00069,84.60563]]],[284,[67.13585,108.169,0,[87.0007,90.06712]]],[202,[67.13286,109.9663,0,[87.0007,88.94946]]],[220,[67.20647,109.2466,0,[87.59031,88.00071]]],[68,[66.7547,111.1938,0,[88.0007,86.1823]]],[50,[65.98639,109.5238,0,[88.00071,84.8433]]],[104,[67.54102,115.2395,0,[88.00071,87.3279]]],[261,[67.6671,108.7166,0,[87.0007,88.78191]]],[179,[67.89018,111.3385,0,[87.38541,88.00071]]],[263,[68.03877,108.2861,0,[87.00072,90.28947]]],[64,[66.90327,113.2844,0,[88.00071,85.1208]]],[59,[67.73504,116.8008,0,[88.0007,86.51012]]],[125,[68.55571,115.3295,0,[88.00072,87.85963]]],[201,[68.44727,111.3421,0,[87.00072,88.60168]]],[268,[68.62365,109.0341,1,[87.0007,89.96264]]],[51,[67.45631,108.4253,0,[88.00071,84.85047]]],[61,[68.24057,115.0712,0,[88.00071,86.24335]]],[80,[69.07804,118.212,0,[88.0007,87.76163]]],[173,[68.93913,112.4485,0,[87.00071,88.39587]]],[271,[69.374,109.4857,1,[87.00072,90.05611]]],[41,[68.87481,116.4044,0,[88.00071,86.30718]]],[103,[69.50595,116.3128,0,[87.44547,88.00071]]],[42,[68.15299,114.7877,0,[88.0007,84.79884]]],[60,[69.63467,116.4129,0,[88.0007,87.11407]]],[240,[69.87083,110.5173,0,[87.00069,89.58399]]],[260,[69.97195,110.3422,0,[87.00071,88.48899]]],[43,[68.9359,114.0866,0,[88.00072,84.97394]]],[123,[70.41095,118.0106,0,[88.0007,87.92516]]],[23,[69.75492,116.9567,0,[88.00069,86.07771]]],[332,[70.64597,107.1049,1,[87.00071,90.10062]]],[124,[70.54555,116.3422,0,[87.00071,88.42942]]],[142,[71.08473,116.0255,0,[87.96022,88.00072]]],[87,[70.44825,113.2982,0,[88.00071,86.49409]]],[63,[69.82121,113.2029,0,[88.00071,84.8684]]],[186,[71.1797,112.5449,0,[87.00069,88.43632]]],[219,[71.20913,113.0677,0,[87.00067,89.99874]]],[141,[71.20143,117.6841,0,[88.00069,86.92326]]],[160,[71.69537,113.9113,0,[87.4537,88.00072]]],[44,[70.67339,114.2594,0,[88.00069,85.23742]]],[199,[71.80061,114.8664,0,[88.00069,87.00191]]],[269,[71.86445,109.0263,1,[87.00069,90.07333]]],[237,[72.13873,112.6637,0,[87.00072,88.32739]]],[324,[72.23683,110.4226,1,[87.00069,89.57443]]],[25,[71.30354,116.2615,0,[88.00069,85.27808]]],[159,[72.69262,117.6682,0,[87.99974,88.0007]]],[39,[72.21039,118.8945,0,[88.00071,86.39246]]],[178,[72.89443,114.4402,0,[87.00071,88.65249]]],[293,[72.98759,109.8303,1,[87.00069,90.05531]]],[45,[71.74212,113.9911,0,[88.00071,84.84006]]],[57,[72.93164,119.6659,0,[88.00071,86.98474]]],[172,[73.21391,115.9228,0,[87.44372,88.00069]]],[200,[73.63034,114.4009,0,[87.00072,90.04055]]],[8,[73.18272,119.0875,0,[88.00071,86.20945]]],[102,[73.85767,118.721,0,[88.00071,87.73109]]],[65,[72.38643,113.0953,0,[88.00069,84.93626]]],[235,[73.75159,116.5057,0,[87.00071,88.3057]]],[24,[73.85001,117.3309,0,[88.0007,86.32494]]],[185,[74.54213,115.0734,0,[87.97408,88.00072]]],[303,[74.41286,111.2556,0,[87.0007,88.62095]]],[247,[74.16277,111.3081,1,[87.00069,89.84924]]],[26,[73.14252,115.4561,0,[88.0007,84.80189]]],[239,[74.88893,112.6677,0,[87.00071,90.19357]]],[38,[74.51802,120.544,0,[88.00072,86.64896]]],[184,[75.26775,118.5875,0,[87.99377,88.0007]]],[217,[74.94086,115.8512,0,[87.00071,88.52817]]],[10,[74.20023,117.2326,0,[88.00072,85.20241]]],[7,[75.26981,121.6481,0,[88.00071,86.87257]]],[257,[75.35902,116.7941,0,[87.00071,88.14288]]],[312,[75.50723,110.2949,1,[87.00071,90.09305]]],[79,[76.0984,121.038,0,[87.87733,88.0007]]],[262,[76.05318,111.9659,0,[87.00071,89.88267]]],[66,[74.52261,112.9738,0,[88.00069,84.63963]]],[11,[75.31948,117.8664,0,[88.0007,85.83601]]],[285,[76.10472,115.6706,1,[87.00072,88.68253]]],[40,[76.11572,119.3028,0,[88.00071,86.93143]]],[158,[76.90434,121.2677,0,[87.98594,88.00071]]],[218,[76.59888,115.2457,0,[87.00071,88.53151]]],[331,[76.77502,110.376,1,[87.00072,90.20131]]],[27,[75.5209,115.3898,0,[88.0007,84.94296]]],[2,[76.40995,119.7586,0,[88.0007,86.30996]]],[302,[77.12653,116.0983,0,[87.0007,88.44182]]],[21,[77.51585,121.1387,0,[88.00069,87.86388]]],[9,[76.95312,118.9666,0,[88.00072,86.25939]]],[265,[77.34075,116.5768,1,[87.0007,90.07415]]],[47,[76.15463,112.9776,0,[88.0007,84.80074]]],[234,[77.65976,120.2574,0,[87.0007,88.37896]]],[280,[77.97094,115.7891,0,[87.00068,90.10899]]],[140,[78.16848,122.2223,0,[88.0007,87.86687]]],[22,[77.54136,119.3462,0,[88.00072,86.31506]]],[94,[76.83871,104.717,0,[88.00072,84.77749]]],[227,[78.24087,113.0651,1,[87.0007,88.43919]]],[122,[78.23596,121.096,0,[88.00071,86.51426]]],[248,[78.50594,114.8521,1,[87.00072,89.98064]]],[279,[78.82899,121.1355,0,[87.93845,88.0007]]],[46,[77.56627,115.7675,0,[88.0007,84.95412]]],[305,[78.90862,115.4077,1,[87.00069,88.61674]]],[4,[78.8325,116.5225,0,[88.0007,86.51675]]],[320,[79.41164,114.5511,0,[87.92967,88.0007]]],[228,[79.1487,107.8924,1,[87.0007,90.03922]]],[30,[78.21135,113.0902,0,[88.0007,84.94596]]],[216,[79.50649,117.6127,0,[87.00071,88.58553]]],[318,[79.9985,121.6064,0,[87.98978,88.00072]]],[13,[79.45551,118.6566,0,[88.00071,86.39257]]],[270,[79.80061,113.2891,1,[87.00072,90.10347]]],[12,[78.77534,117.9762,0,[88.0007,84.88424]]],[238,[80.07357,115.5177,0,[87.00071,88.29849]]],[6,[80.29021,124.2939,0,[88.00071,87.34792]]],[289,[80.3839,114.3764,1,[87.00069,89.95216]]],[95,[79.43226,106.0152,0,[88.00068,84.89896]]],[19,[80.24616,118.5355,0,[88.00071,86.16605]]],[291,[80.78223,111.7101,1,[87.00072,88.51874]]],[337,[81.01882,121.9412,1,[88.00071,87.96244]]],[355,[80.95494,107.7275,1,[87.0007,89.88109]]],[0,[80.94135,122.7903,0,[88.00072,86.58653]]],[258,[81.49703,115.8088,0,[87.63935,88.0007]]],[28,[80.2528,118.4876,0,[88.00071,84.89608]]],[311,[81.50436,113.029,1,[87.00071,88.89559]]],[100,[81.65965,124.614,0,[88.00071,87.1344]]],[249,[81.6931,109.7733,1,[87.00071,90.23045]]],[14,[81.01776,116.6092,0,[88.00072,85.32359]]],[288,[81.9631,115.7962,1,[87.00072,88.53529]]],[351,[82.35705,113.376,1,[87.82201,88.0007]]],[18,[81.90673,120.2479,0,[88.00072,86.43359]]],[292,[82.35054,115.0035,1,[87.00072,90.13612]]],[67,[81.41621,113.96,0,[88.00072,84.83816]]],[283,[82.9744,116.2587,0,[87.96806,88.00071]]],[326,[82.73309,113.7669,1,[87.0007,88.58033]]],[1,[82.4714,123.5781,0,[88.0007,86.45741]]],[310,[82.94938,114.1663,1,[87.00069,89.98361]]],[352,[83.4928,114.4006,1,[88.00069,87.64307]]],[77,[82.06405,118.4947,0,[88.00071,84.88676]]],[307,[83.27465,118.2299,1,[87.00071,88.22948]]],[256,[82.93208,122.5801,0,[88.0007,86.05798]]],[346,[83.61134,110.3046,1,[87.0007,90.02988]]],[236,[83.93626,118.5435,0,[87.54677,88.0007]]],[16,[82.63329,114.3364,0,[88.00071,84.60432]]],[290,[84.04134,115.7772,1,[87.00069,89.62942]]],[319,[83.93864,121.6505,0,[88.00071,86.96947]]],[287,[84.3236,117.5151,1,[87.00069,88.69981]]],[321,[84.72068,116.4269,1,[88.00072,87.90285]]],[88,[83.40441,115.6651,0,[88.00071,85.4059]]],[3,[84.20216,118.6241,0,[88.00071,86.18717]]],[282,[84.75811,116.6643,0,[87.00072,88.25682]]],[266,[84.81948,117.9658,1,[87.00069,90.29225]]],[20,[84.9763,128.8314,0,[88.00071,87.18611]]],[286,[85.25004,118.8727,1,[87.0007,89.82014]]],[96,[83.7267,108.1689,0,[88.0007,84.63986]]],[306,[85.54001,119.8842,1,[87.70479,88.0007]]],[325,[85.47892,114.6874,1,[87.00072,88.83572]]],[17,[84.58889,117.7184,0,[88.00072,85.36909]]],[78,[85.39975,124.9139,0,[88.0007,86.70309]]],[259,[85.88358,117.8522,0,[87.00072,88.46202]]],[313,[86.00451,111.1052,1,[87.00071,90.37425]]],[336,[86.25099,129.9338,1,[88.00072,87.94379]]],[15,[85.67996,118.3953,0,[88.00069,86.0399]]],[31,[84.89439,114.8519,0,[88.00072,84.68681]]],[342,[86.49451,117.3286,1,[87.00071,90.02985]]],[328,[86.43133,114.4451,1,[87.00071,88.45642]]],[56,[86.47234,127.278,0,[88.00071,87.17976]]],[281,[86.89847,118.3231,0,[87.51768,88.00071]]],[32,[85.72211,114.4776,0,[88.00071,84.84553]]],[53,[86.51696,116.0762,0,[88.0007,86.09839]]],[343,[87.20113,113.0305,1,[87.00069,89.13278]]],[353,[87.16415,110.994,1,[87.00072,90.22295]]],[198,[87.30122,125.5999,0,[88.0007,87.43447]]],[308,[87.39631,118.9663,1,[87.0007,88.33498]]],[5,[87.29752,121.7552,0,[88.00071,86.20367]]],[48,[86.51117,115.0991,0,[88.00069,84.85641]]],[301,[87.94319,122.8496,0,[87.82102,88.00072]]],[294,[88.01381,110.306,1,[87.00072,90.3088]]],[36,[88.07584,117.7422,0,[88.0007,87.06981]]],[322,[88.29652,121.4276,1,[87.00068,89.65792]]],[338,[88.17515,120.7799,1,[87.00069,88.397]]],[55,[87.29535,115.3252,0,[88.00072,84.94207]]],[278,[88.66906,127.2175,0,[87.69732,88.00072]]],[33,[88.08667,117.0105,0,[88.0007,85.96173]]],[99,[88.88622,114.0051,0,[88.0007,87.18984]]],[339,[89.12474,122.2373,1,[87.00072,89.26338]]],[345,[89.06145,113.1067,1,[87.00071,90.2767]]],[323,[88.98813,116.3975,1,[87.04298,88.00069]]],[157,[88.12245,103.7338,0,[88.00071,84.91284]]],[72,[89.03323,114.5532,0,[88.00072,86.29221]]],[101,[89.74801,129.9637,0,[88.00072,87.8887]]],[344,[89.90351,116.6726,1,[87.00071,89.74277]]],[341,[89.80559,120.5738,1,[87.00071,88.38377]]],[29,[89.80549,121.8468,0,[88.00071,86.77653]]],[121,[88.80062,107.2422,0,[88.0007,84.88596]]],[300,[90.39891,128.6487,0,[87.68808,88.00071]]],[34,[90.45704,119.9989,0,[88.00071,86.90588]]],[304,[90.65125,122.5699,1,[87.00071,90.20109]]],[329,[90.70397,115.1116,1,[87.00072,89.16277]]],[76,[89.55692,116.3543,0,[88.00071,85.31709]]],[350,[90.67166,128.9906,1,[87.01611,88.0007]]],[37,[91.452,124.1071,0,[88.00071,87.9752]]],[54,[90.86773,118.0611,0,[88.0007,86.39899]]],[120,[90.03756,107.3565,0,[88.00069,84.98984]]],[309,[91.48994,117.4272,1,[87.0007,88.71265]]],[316,[91.57436,101.8169,1,[87.00072,89.99656]]],[35,[92.00744,120.9158,0,[88.00068,87.91198]]],[74,[91.53712,114.8886,0,[88.00069,86.31042]]],[119,[90.69363,106.2477,0,[88.00069,84.90826]]],[315,[92.48161,109.1727,1,[87.00068,90.14614]]],[75,[92.45795,119.056,0,[87.35987,88.00074]]],[97,[92.42727,111.7616,0,[88.00069,86.99258]]],[340,[92.01121,124.6791,1,[87.00067,88.50867]]],[156,[91.716,103.1845,0,[88.00067,85.2225]]],[327,[92.99981,123.8,1,[87.14336,88.00071]]],[52,[93.20753,118.3747,0,[88.00069,87.15081]]],[330,[93.10925,116.69,1,[87.00071,89.59579]]],[98,[92.58968,113.9751,0,[88.00069,85.41544]]],[354,[93.95401,114.9491,1,[87.6145,88.00075]]],[348,[93.86899,107.7973,1,[87.00071,89.39222]]],[139,[93.71622,106.6832,0,[88.00071,86.28715]]],[347,[94.50269,111.6846,1,[87.0007,88.96935]]]

Travel Distances:
[277,115.9147],[299,115.3901],[276,117.6057],[255,117.2909],[298,117.8752],[335,119.2503],[254,119.7436],[233,119.1444],[317,118.8082],[215,119.7701],[253,119.6245],[197,121.5798],[214,121.6276],[349,119.6212],[196,121.6648],[275,120.1291],[232,122.013],[195,123.0822],[183,122.7321],[297,121.2751],[231,122.5178],[213,122.407],[177,122.7514],[194,123.4795],[211,123.4867],[212,124.2855],[170,123.3458],[274,122.6968],[182,123.0773],[193,123.1746],[175,126.1449],[171,123.524],[176,124.8565],[230,124.8712],[296,123.7226],[167,125.3897],[169,123.8242],[210,123.6098],[168,124.0464],[181,125.2799],[252,125.3604],[152,126.4905],[155,124.7192],[166,126.3285],[251,124.4628],[192,124.2806],[153,126.533],[154,126.3201],[151,127.476],[191,126.3336],[273,125.5548],[134,127.1578],[138,124.6509],[150,127.1227],[224,126.6849],[208,126.713],[132,129.2121],[136,126.706],[165,127.7943],[149,128.8597],[207,126.4796],[133,127.1158],[135,126.3198],[205,129.3741],[131,130.028],[206,129.2321],[117,126.8938],[137,125.4789],[190,128.6855],[314,126.5891],[113,128.4439],[92,130.1251],[115,128.503],[164,130.6472],[229,125.5849],[223,128.0179],[148,129.5342],[204,130.707],[114,129.3148],[225,128.5112],[333,127.616],[112,129.9725],[91,130.0876],[222,128.6997],[250,128.8175],[130,131.8069],[244,127.3594],[93,129.6209],[116,127.8428],[163,131.11],[272,127.7023],[147,130.5859],[242,129.0392],[118,127.419],[189,130.7567],[129,132.2973],[203,130.0548],[226,127.8151],[146,131.4618],[243,127.369],[69,130.8713],[90,131.7988],[162,133.1918],[245,129.174],[111,130.7999],[128,132.613],[70,131.0392],[241,128.262],[108,133.7748],[145,133.8306],[109,133.5219],[334,122.9129],[264,127.9234],[209,128.7795],[85,134.3466],[106,134.1146],[89,131.303],[180,132.5668],[84,136.0564],[107,134.2419],[246,127.9308],[110,132.6302],[144,133.8183],[127,133.0901],[188,130.7216],[82,138.5843],[86,135.3231],[174,132.7729],[81,138.5334],[126,134.9469],[267,128.9119],[62,136.4033],[221,130.9899],[83,137.6073],[105,136.5386],[73,130.9847],[58,139.7349],[187,131.8706],[71,131.218],[295,126.0203],[161,134.9366],[143,136.1933],[49,132.6411],[284,129.5952],[202,131.4462],[220,130.587],[68,133.5056],[50,132.9526],[104,137.9325],[261,131.0655],[179,133.3834],[263,129.9262],[64,137.1097],[59,139.0587],[125,136.0726],[201,134.1973],[268,131.3949],[51,133.0552],[61,138.2608],[80,139.8846],[173,134.3207],[271,130.365],[41,138.3056],[103,137.2285],[42,140.049],[60,138.9885],[240,132.393],[260,132.2601],[43,137.7511],[123,139.0021],[23,139.2285],[332,129.3041],[124,139.0105],[142,137.7811],[87,136.099],[63,137.3403],[186,134.0129],[219,134.0749],[141,139.1547],[160,136.4088],[44,138.4936],[199,137.1354],[269,130.6966],[237,134.1089],[324,131.3464],[25,139.2037],[159,139.9666],[39,142.3116],[178,136.4864],[293,131.1942],[45,137.846],[57,141.5953],[172,137.2845],[200,136.4757],[8,142.4315],[102,140.7681],[65,137.674],[235,138.8824],[24,139.351],[185,135.745],[303,132.2709],[247,132.3598],[26,140.6335],[239,134.2873],[38,143.2099],[184,139.965],[217,137.8039],[10,140.6852],[7,142.9838],[257,137.9698],[312,132.6921],[79,142.7997],[262,133.4206],[66,137.6274],[11,140.9553],[285,137.3512],[40,140.8578],[158,143.3596],[218,137.9274],[331,132.3929],[27,139.9039],[2,142.6993],[302,137.7356],[21,141.9983],[9,140.8248],[265,137.3887],[47,136.2117],[234,142.8043],[280,137.3508],[140,143.7568],[22,142.0365],[94,128.6963],[227,134.3235],[122,144.4785],[248,137.3104],[279,143.3463],[46,140.375],[305,137.277],[4,138.7329],[320,135.6339],[228,129.0848],[30,136.4651],[216,140.2795],[318,143.5466],[13,141.5914],[270,135.1011],[12,142.1644],[238,137.1677],[6,145.6438],[289,135.075],[95,130.9028],[19,141.7961],[291,133.9577],[337,143.6615],[355,129.3075],[0,144.6324],[258,136.687],[28,141.7107],[311,133.9019],[100,147.0752],[249,131.9523],[14,140.1842],[288,137.7074],[351,134.522],[18,142.1725],[292,135.9232],[67,138.6283],[283,138.1443],[326,136.1593],[1,146.3472],[310,135.9393],[352,135.3528],[77,141.8622],[307,139.5256],[256,144.4806],[346,132.6735],[236,140.4704],[16,138.6739],[290,137.1653],[319,143.7172],[287,138.6882],[321,136.9282],[88,140.2485],[3,142.0045],[282,139.0632],[266,139.7406],[20,150.6481],[286,139.9431],[96,131.9588],[306,140.6387],[325,135.5671],[17,142.126],[78,147.7928],[259,139.8877],[313,132.5673],[336,151.1365],[15,140.7519],[31,138.6864],[342,137.9376],[328,137.3448],[56,150.0412],[281,140.2885],[32,138.7257],[53,138.7738],[343,134.3981],[353,132.1909],[198,146.8187],[308,141.8644],[5,144.9512],[48,139.75],[301,144.7831],[294,131.9437],[36,139.4246],[322,142.4628],[338,142.2032],[55,140.3849],[278,149.6376],[33,140.5747],[99,136.0004],[339,143.7252],[345,134.4674],[323,137.9902],[157,127.0166],[72,138.2447],[101,152.19],[344,138.553],[341,142.6515],[29,144.019],[121,130.9571],[300,149.7553],[34,142.7862],[304,144.7329],[329,137.2288],[76,140.4328],[350,151.3532],[37,144.8813],[54,139.8391],[120,132.3783],[309,140.067],[316,124.1455],[35,142.5145],[74,137.3806],[119,129.6902],[315,129.8849],[75,141.7681],[97,134.4984],[340,147.4181],[156,126.6793],[327,145.2458],[52,139.6203],[330,137.2894],[98,137.7339],[354,136.7425],[348,129.0734],[139,128.6705],[347,133.9957]

Finish Times:
[277,59.52098],[299,59.84099],[276,60.00099],[255,60.401],[298,60.72101],[335,61.16102],[254,61.20102],[233,61.36102],[317,61.56103],[215,61.76103],[253,61.92104],[197,62.28104],[214,62.32104],[349,62.36105],[196,62.48105],[275,62.68105],[232,62.96106],[195,63.04106],[183,63.16106],[297,63.20107],[231,63.52107],[213,63.56107],[177,63.60107],[194,63.96108],[211,63.96108],[212,64.28109],[170,64.36109],[274,64.36109],[182,64.48109],[193,64.5211],[175,65.00111],[171,65.04111],[176,65.16111],[230,65.16111],[296,65.16111],[167,65.52112],[169,65.68112],[210,65.68112],[168,65.76112],[181,66.04113],[252,66.12113],[152,66.32114],[155,66.32114],[166,66.48114],[251,66.48114],[192,66.68114],[153,66.96115],[154,66.96115],[151,67.08115],[191,67.28116],[273,67.28116],[134,67.60117],[138,67.64117],[150,67.72117],[224,67.88117],[208,67.96117],[132,68.20118],[136,68.28118],[165,68.40118],[149,68.44118],[207,68.60119],[133,68.8812],[135,68.9212],[205,69.0412],[131,69.2012],[206,69.2012],[117,69.60121],[137,69.60121],[190,69.80122],[314,69.80122],[113,69.84122],[92,70.32123],[115,70.36123],[164,70.40123],[229,70.48123],[223,70.56123],[148,70.92124],[204,71.04124],[114,71.28125],[225,71.28125],[333,71.32125],[112,71.60126],[91,71.64126],[222,71.72126],[250,72.12127],[130,72.16127],[244,72.32127],[93,72.36127],[116,72.40128],[163,72.68128],[272,72.68128],[147,72.80128],[242,73.08129],[118,73.16129],[189,73.20129],[129,73.4013],[203,73.6013],[226,73.6413],[146,73.84131],[243,73.88131],[69,73.92131],[90,74.00131],[162,74.28132],[245,74.36132],[111,74.56133],[128,74.56133],[70,74.64133],[241,74.88133],[108,75.16134],[145,75.16134],[109,75.24134],[334,75.32134],[264,75.48135],[209,75.64135],[85,75.76135],[106,75.76135],[89,75.92136],[180,76.08136],[84,76.32137],[107,76.36137],[246,76.44137],[110,76.52137],[144,76.72137],[127,76.92138],[188,76.92138],[82,76.96138],[86,77.28139],[174,77.28139],[81,77.52139],[126,77.60139],[267,77.60139],[62,77.9214],[221,78.0014],[83,78.08141],[105,78.16141],[73,78.48141],[58,78.56142],[187,78.64142],[71,78.88142],[295,78.88142],[161,78.96143],[143,79.20143],[49,79.24143],[284,79.48144],[202,79.56144],[220,79.64144],[68,79.68144],[50,79.88145],[104,80.04145],[261,80.20145],[179,80.36146],[263,80.36146],[64,80.48146],[59,80.56146],[125,80.84147],[201,80.96147],[268,81.08147],[51,81.20148],[61,81.20148],[80,81.36148],[173,81.52148],[271,81.76149],[41,81.84149],[103,81.88149],[42,81.96149],[60,82.1615],[240,82.2815],[260,82.44151],[43,82.64151],[123,82.68151],[23,82.72151],[332,83.04152],[124,83.12152],[142,83.28152],[87,83.32153],[63,83.48153],[186,83.72153],[219,83.76154],[141,83.80154],[160,84.08154],[44,84.16154],[199,84.36155],[269,84.40155],[237,84.68156],[324,84.68156],[25,84.88156],[159,84.96156],[39,85.04156],[178,85.32157],[293,85.52158],[45,85.56158],[57,85.56158],[172,85.68158],[200,85.96159],[8,86.16159],[102,86.20159],[65,86.24159],[235,86.28159],[24,86.7616],[185,86.80161],[303,86.84161],[247,86.88161],[26,86.96161],[239,87.24162],[38,87.32162],[184,87.44162],[217,87.48162],[10,87.64162],[7,87.88163],[257,87.88163],[312,88.12164],[79,88.28164],[262,88.32164],[66,88.36164],[11,88.48164],[285,88.48164],[40,88.76165],[158,89.08166],[218,89.08166],[331,89.16166],[27,89.20166],[2,89.28166],[302,89.60167],[21,89.76167],[9,89.88168],[265,89.88168],[47,89.92168],[234,90.16168],[280,90.32169],[140,90.40169],[22,90.44169],[94,90.56169],[227,90.8017],[122,91.0017],[248,91.0417],[279,91.0417],[46,91.16171],[305,91.48171],[4,91.60172],[320,91.60172],[228,91.64172],[30,91.76172],[216,92.04173],[318,92.16173],[13,92.28173],[270,92.32173],[12,92.48174],[238,92.64174],[6,92.68174],[289,92.88174],[95,93.04175],[19,93.20175],[291,93.20175],[337,93.28175],[355,93.28175],[0,93.76176],[258,93.84177],[28,93.92177],[311,93.92177],[100,94.20177],[249,94.20177],[14,94.48178],[288,94.48178],[351,94.64178],[18,94.76179],[292,94.76179],[67,95.1618],[283,95.2018],[326,95.2018],[1,95.3218],[310,95.3618],[352,95.76181],[77,95.84181],[307,95.84181],[256,95.92181],[346,96.00182],[236,96.32182],[16,96.44183],[290,96.48183],[319,96.52183],[287,96.76183],[321,96.92184],[88,97.08184],[3,97.16184],[282,97.24184],[266,97.40185],[20,97.52185],[286,97.56185],[96,97.80186],[306,97.88186],[325,97.92186],[17,97.96186],[78,98.16187],[259,98.40187],[313,98.52187],[336,98.56187],[15,98.72188],[31,98.72188],[342,98.80188],[328,98.96188],[56,99.04189],[281,99.36189],[32,99.44189],[53,99.5219],[343,99.6019],[353,99.6819],[198,99.7219],[308,100.0019],[5,100.2419],[48,100.2419],[301,100.2419],[294,100.4419],[36,100.6419],[322,100.6819],[338,100.7219],[55,100.9619],[278,101.0419],[33,101.1619],[99,101.4419],[339,101.4819],[345,101.5219],[323,101.7219],[157,101.882],[72,101.962],[101,102.042],[344,102.282],[341,102.402],[29,102.522],[121,102.642],[300,102.682],[34,103.122],[304,103.122],[329,103.162],[76,103.202],[350,103.322],[37,103.762],[54,103.882],[120,104.002],[309,104.002],[316,104.002],[35,104.402],[74,104.482],[119,104.682],[315,104.762],[75,105.002],[97,105.122],[340,105.122],[156,105.562],[327,105.762],[52,105.842],[330,105.882],[98,106.3221],[354,106.3621],[348,106.5221],[139,106.7621],[347,107.0021]

Stuck Times:
[277,0],[299,0],[276,0],[255,0],[298,0],[335,0],[254,0],[233,0],[317,0],[215,0],[253,0],[197,0],[214,0],[349,0],[196,0],[275,0],[232,0],[195,0],[183,0],[297,0],[231,0],[213,0],[177,0],[194,0],[211,0],[212,0],[170,0],[274,0],[182,0],[193,0],[175,0],[171,1],[176,0],[230,0],[296,0],[167,0],[169,0],[210,1],[168,2],[181,1],[252,0],[152,1],[155,3],[166,1],[251,1],[192,1],[153,3],[154,3],[151,2],[191,2],[273,1],[134,1],[138,4],[150,2],[224,2],[208,1],[132,2],[136,3],[165,2],[149,2],[207,1],[133,3],[135,3],[205,0],[131,2],[206,2],[117,5],[137,5],[190,0],[314,4],[113,4],[92,3],[115,4],[164,1],[229,4],[223,4],[148,4],[204,2],[114,5],[225,5],[333,6],[112,5],[91,5],[222,5],[250,7],[130,5],[244,7],[93,7],[116,7],[163,3],[272,6],[147,5],[242,6],[118,9],[189,4],[129,6],[203,6],[226,8],[146,4],[243,9],[69,7],[90,7],[162,5],[245,8],[111,6],[128,6],[70,9],[241,9],[108,7],[145,6],[109,8],[334,14],[264,8],[209,10],[85,7],[106,6],[89,10],[180,9],[84,7],[107,8],[246,10],[110,10],[144,7],[127,7],[188,9],[82,6],[86,9],[174,8],[81,6],[126,7],[267,10],[62,8],[221,10],[83,9],[105,7],[73,13],[58,6],[187,10],[71,14],[295,15],[161,10],[143,8],[49,13],[284,12],[202,12],[220,12],[68,13],[50,13],[104,9],[261,11],[179,11],[263,14],[64,11],[59,10],[125,10],[201,13],[268,14],[51,15],[61,13],[80,10],[173,11],[271,15],[41,14],[103,11],[42,12],[60,12],[240,16],[260,15],[43,12],[123,13],[23,11],[332,18],[124,12],[142,14],[87,17],[63,15],[186,14],[219,13],[141,12],[160,16],[44,16],[199,12],[269,18],[237,17],[324,16],[25,15],[159,16],[39,14],[178,15],[293,20],[45,16],[57,14],[172,18],[200,16],[8,16],[102,15],[65,18],[235,14],[24,16],[185,17],[303,16],[247,20],[26,17],[239,17],[38,16],[184,16],[217,14],[10,19],[7,16],[257,19],[312,23],[79,16],[262,21],[66,21],[11,19],[285,19],[40,18],[158,19],[218,18],[331,23],[27,22],[2,19],[302,22],[21,17],[9,19],[265,20],[47,21],[234,21],[280,21],[140,19],[22,18],[94,26],[227,23],[122,18],[248,24],[279,18],[46,22],[305,23],[4,24],[320,27],[228,26],[30,25],[216,20],[318,24],[13,23],[270,26],[12,22],[238,25],[6,20],[289,25],[95,29],[19,23],[291,26],[337,24],[355,29],[0,22],[258,26],[28,24],[311,26],[100,21],[249,29],[14,26],[288,25],[351,27],[18,25],[292,27],[67,28],[283,24],[326,28],[1,24],[310,28],[352,26],[77,26],[307,25],[256,25],[346,34],[236,25],[16,28],[290,28],[319,23],[287,28],[321,30],[88,27],[3,30],[282,26],[266,28],[20,21],[286,29],[96,31],[306,22],[325,29],[17,29],[78,26],[259,27],[313,33],[336,22],[15,30],[31,31],[342,29],[328,32],[56,28],[281,27],[32,32],[53,33],[343,35],[353,37],[198,29],[308,33],[5,29],[48,30],[301,30],[294,35],[36,36],[322,29],[338,29],[55,34],[278,31],[33,32],[99,37],[339,30],[345,39],[323,32],[157,38],[72,35],[101,30],[344,36],[341,28],[29,29],[121,36],[300,30],[34,35],[304,28],[329,34],[76,31],[350,28],[37,35],[54,34],[120,38],[309,34],[316,40],[35,36],[74,35],[119,40],[315,39],[75,36],[97,39],[340,28],[156,40],[327,33],[52,36],[330,37],[98,38],[354,36],[348,43],[139,40],[347,41]

