Experiment Name: Custom-SimpleTwoPaths2
Method Used: FlowGraph
Run Number: 5
Preparation Time: 16.5449ms
Pathfinding Time: 6.5172ms
Finish Time: 107.4021ms
Finish Time 90%: 102.042ms
Repaths: 0
Soft Repaths: 0

Gates Data:
0:[299,[8.10737,16.21009,1,[38.00066,29.97377]]],[255,[8.630807,17.23815,1,[39.00066,27.53852]]],[317,[9.149199,18.29446,1,[38.00065,33.05804]]],[277,[8.517931,17.02412,1,[38.77535,29.00076]]],[298,[9.148733,18.29014,1,[38.00064,31.7859]]],[254,[9.070986,18.12697,1,[38.18575,29.00077]]],[316,[10.17793,20.35114,1,[38.00065,34.98307]]],[297,[10.10822,20.21245,1,[38.00064,33.65667]]],[276,[8.982165,17.9563,1,[38.00065,30.2311]]],[233,[9.565383,19.10104,1,[39.00064,28.35281]]],[232,[9.834908,19.65535,1,[38.00064,29.40859]]],[253,[9.977681,19.94549,1,[38.00064,30.93045]]],[334,[10.31269,20.61961,1,[38.00066,36.42528]]],[215,[9.569674,19.06713,1,[39.00065,26.75942]]],[197,[10.5648,21.07934,1,[39.00064,27.66236]]],[214,[10.46771,20.91012,1,[38.88723,29.00077]]],[183,[11.80796,23.49917,0,[38.00067,29.52377]]],[275,[10.01269,20.0189,1,[38.00064,32.25932]]],[252,[10.95504,21.90072,1,[38.00064,32.60275]]],[231,[10.83949,21.66758,1,[38.00064,31.16338]]],[194,[12.67768,25.32084,0,[38.00065,31.93998]]],[177,[12.70564,25.30167,0,[38.00071,30.43835]]],[274,[10.96622,21.92257,1,[38.00066,33.82932]]],[182,[13.3192,26.32115,0,[38.00069,32.01911]]],[349,[10.41278,20.8205,1,[38.00067,37.84057]]],[169,[13.24712,26.08337,0,[38.0007,30.38328]]],[213,[10.80337,21.58749,1,[38.00065,29.78944]]],[171,[11.80067,23.58081,0,[39.00068,28.61303]]],[193,[13.85567,27.41228,0,[38.00069,33.61657]]],[196,[11.19021,22.35615,1,[38.45317,29.00076]]],[170,[12.24055,24.08825,0,[38.18066,29.00071]]],[176,[13.95261,27.56216,0,[38.00069,32.11483]]],[181,[14.47542,28.67417,0,[38.00069,33.71116]]],[167,[14.78655,29.27343,0,[38.0007,32.46263]]],[175,[15.13608,29.9522,0,[38.00071,34.01796]]],[168,[14.01184,27.39701,0,[38.0007,31.08263]]],[156,[11.75867,23.49434,0,[39.00069,27.41982]]],[195,[11.76415,23.50478,1,[38.00066,30.58961]]],[166,[15.5762,30.70632,0,[38.0007,33.45806]]],[192,[15.69515,30.14395,0,[38.00072,35.63674]]],[152,[14.38231,28.45883,0,[38.0007,30.56883]]],[154,[12.9224,25.74331,0,[38.1965,29.00073]]],[151,[15.15172,30.05582,0,[38.0007,31.9056]]],[191,[16.05597,31.01368,0,[38.00073,34.99895]]],[153,[13.51846,26.75797,0,[38.0007,29.40453]]],[134,[14.69329,28.99642,0,[38.0007,29.92893]]],[212,[11.76265,23.51212,1,[38.00065,31.72528]]],[165,[16.49639,32.51323,0,[38.00071,34.41009]]],[150,[15.99596,31.64499,0,[38.00069,32.85836]]],[333,[11.18611,22.34975,1,[38.00065,37.83227]]],[136,[13.7839,26.93157,0,[39.00069,28.74313]]],[135,[13.95664,27.47976,0,[38.10129,29.0007]]],[149,[16.81996,33.35359,0,[38.00071,33.65366]]],[133,[15.47518,30.53115,0,[38.00069,31.22682]]],[114,[15.75243,30.42775,0,[38.0007,30.39373]]],[155,[12.57011,24.96396,0,[39.0007,28.41779]]],[208,[14.9693,29.69478,0,[38.00069,35.30396]]],[207,[16.62062,31.90416,0,[38.00073,36.51207]]],[132,[16.25648,32.00272,0,[38.00071,32.07587]]],[229,[12.70933,25.40034,1,[38.00063,34.33275]]],[115,[14.96659,28.97521,0,[38.0007,29.27658]]],[116,[14.73631,28.56277,0,[38.79313,29.00071]]],[113,[16.53244,31.9421,0,[38.00071,31.4269]]],[224,[16.92602,33.04027,0,[38.00071,35.92674]]],[91,[16.3035,31.71372,0,[38.00071,30.04741]]],[209,[14.39931,28.57105,1,[38.00068,35.28374]]],[190,[17.65015,34.28857,0,[38.00074,34.50257]]],[137,[13.05757,25.61655,0,[39.00069,28.17755]]],[244,[17.17549,32.96603,0,[37.7537,38.00068]]],[131,[17.12182,33.60594,0,[38.00074,33.0043]]],[117,[14.09604,27.23869,0,[39.00071,28.11966]]],[206,[17.3843,33.49364,0,[38.00072,35.19917]]],[148,[17.84276,34.7087,0,[38.00075,33.39515]]],[112,[17.23025,33.12912,0,[38.00074,31.96186]]],[273,[11.86002,23.70348,1,[38.00064,35.30806]]],[93,[15.42301,30.19154,0,[39.0007,28.87412]]],[164,[18.42559,35.84883,0,[38.00069,34.92646]]],[223,[17.69994,33.99886,0,[38.00072,36.61681]]],[205,[18.37929,34.26006,0,[38.00068,35.94261]]],[94,[14.62899,28.57975,0,[39.00071,27.75917]]],[92,[15.57284,30.23489,0,[38.08194,29.00071]]],[157,[10.93419,21.85534,0,[39.00069,26.23529]]],[241,[19.15833,35.04253,0,[38.0008,37.22148]]],[211,[12.66173,25.3023,1,[38.00063,33.10619]]],[70,[16.52533,31.32571,0,[38.00071,29.2994]]],[130,[17.85919,34.61894,0,[38.00077,32.15981]]],[111,[17.83667,33.22565,0,[38.00076,31.03996]]],[210,[13.54766,27.03051,1,[38.00063,34.36536]]],[243,[17.67785,33.41999,0,[38.00075,37.67896]]],[147,[18.55393,35.59512,0,[38.00071,33.46911]]],[129,[18.57124,35.63095,0,[38.00071,32.38293]]],[119,[12.51785,24.53479,0,[39.00069,26.55166]]],[222,[18.44038,35.26549,0,[38.00065,37.1135]]],[230,[11.80068,23.58894,1,[38.00065,32.9374]]],[110,[17.83014,33.49611,0,[38.00074,29.92973]]],[162,[20.25591,38.16723,0,[38.00071,35.19405]]],[90,[17.1656,33.11876,0,[38.00074,30.79288]]],[225,[15.84733,31.22533,1,[38.00072,36.95443]]],[146,[19.27118,36.77733,0,[38.00079,33.81593]]],[189,[19.01279,35.50124,0,[38.00074,34.95373]]],[245,[16.60759,31.60604,1,[38.00071,37.57559]]],[71,[16.51829,31.0967,0,[39.00071,28.91208]]],[204,[19.28452,35.51035,0,[38.00072,36.30906]]],[109,[18.58664,35.10503,0,[38.00072,31.24881]]],[69,[17.19215,32.29807,0,[38.00076,29.68108]]],[251,[11.87744,23.74116,1,[38.00065,34.19572]]],[221,[19.39578,35.97343,0,[37.3012,38.00049]]],[108,[19.10408,35.76895,0,[38.00073,31.12787]]],[128,[19.25274,36.71836,0,[38.00077,32.68097]]],[226,[15.20539,29.7815,1,[38.00064,36.78785]]],[68,[17.19044,33.32811,0,[38.86141,29.00066]]],[263,[18.91447,34.53806,0,[37.53908,38.00074]]],[107,[19.80737,37.35904,0,[38.00072,32.48795]]],[227,[14.54629,28.74117,1,[38.00066,36.70156]]],[87,[18.34746,34.96978,0,[38.00072,29.83593]]],[145,[20.01825,37.79404,0,[38.00071,33.83203]]],[228,[13.66715,27.20837,1,[38.00058,35.68336]]],[127,[20.58104,38.64722,0,[38.00072,33.8177]]],[89,[17.65533,33.18695,0,[38.59302,29.00067]]],[174,[20.80651,37.61819,0,[38.00073,35.15997]]],[250,[12.75974,25.50023,1,[38.00063,35.52772]]],[242,[18.29948,34.22981,0,[37.76869,38.00077]]],[105,[21.1496,39.98679,0,[38.0007,33.50563]]],[106,[20.36161,38.38879,0,[38.00072,32.47365]]],[163,[19.67347,36.99302,0,[38.0008,35.17419]]],[247,[15.01478,29.4588,1,[37.63911,38.00076]]],[144,[21.37749,39.41159,0,[38.00069,34.92469]]],[180,[20.60147,37.62319,0,[38.00071,36.64801]]],[126,[21.93709,40.43902,0,[38.0007,34.80442]]],[179,[21.62931,38.49804,0,[38.00068,36.34343]]],[82,[21.77721,41.65833,0,[38.00071,33.44918]]],[63,[19.36131,37.18578,0,[38.0007,29.59947]]],[125,[22.51555,41.89017,0,[38.00073,34.80861]]],[187,[21.16025,37.9442,0,[38.00069,36.61335]]],[248,[14.50693,28.68824,1,[38.00063,37.78595]]],[73,[15.76741,29.62804,0,[39.0007,28.31258]]],[60,[21.51414,41.28141,0,[38.00073,31.94682]]],[161,[22.17853,39.82785,0,[38.00074,36.21571]]],[143,[22.73494,41.79581,0,[38.00073,36.15383]]],[88,[18.25696,34.66327,0,[38.69016,29.00069]]],[249,[13.64932,27.2138,1,[38.00061,36.77692]]],[104,[22.25724,41.20306,0,[38.0007,33.23147]]],[188,[19.974,36.90707,0,[38.0008,36.47839]]],[160,[23.34526,41.70095,0,[38.00072,36.19872]]],[246,[15.57438,30.34602,1,[37.5799,38.00077]]],[86,[18.86535,35.60971,0,[38.00072,29.73686]]],[44,[19.53303,37.99546,0,[38.94124,29.00071]]],[186,[21.99454,39.68681,0,[38.00068,37.92705]]],[124,[23.01907,42.82208,0,[38.00074,34.61174]]],[264,[18.76778,33.36737,0,[37.00064,38.79487]]],[48,[17.31273,32.89604,0,[39.00074,27.92077]]],[85,[19.63346,37.27481,0,[38.00071,31.04118]]],[142,[23.80755,43.22522,0,[38.00074,35.83801]]],[83,[21.02458,39.89919,0,[38.00072,32.17748]]],[201,[21.43228,38.92905,0,[37.91855,38.00072]]],[239,[21.55138,36.51812,0,[37.00072,38.40905]]],[62,[20.00112,38.15056,0,[38.00074,29.88964]]],[49,[16.59286,31.74085,0,[39.00071,27.72371]]],[173,[22.44783,40.38211,0,[38.00074,37.59796]]],[81,[22.76564,42.64244,0,[38.0007,33.06076]]],[267,[16.12813,30.40371,1,[37.39872,38.00079]]],[295,[11.86907,23.72006,1,[38.00064,36.46997]]],[185,[23.66728,41.66705,0,[38.00073,37.65249]]],[43,[20.06205,38.52427,0,[38.58685,29.00067]]],[84,[20.26816,38.3695,0,[38.00074,31.26647]]],[123,[24.57125,45.03935,0,[38.00084,36.71453]]],[58,[23.44427,44.17865,0,[38.00076,33.1228]]],[272,[12.74635,25.47143,1,[38.00063,36.65675]]],[103,[23.53286,42.80533,0,[38.00076,34.35717]]],[59,[21.99799,42.3982,0,[38.00074,31.67934]]],[118,[13.2201,25.53999,0,[39.00071,26.92154]]],[202,[20.82965,38.01539,0,[37.97427,38.00072]]],[178,[23.02829,40.79892,0,[38.0008,37.53892]]],[39,[22.69326,43.9598,0,[38.0007,31.84531]]],[42,[20.4311,39.14396,0,[38.00073,29.32004]]],[172,[24.16022,42.44991,0,[38.00088,37.34768]]],[23,[21.20438,40.73084,0,[38.00073,29.36488]]],[61,[20.75728,39.63435,0,[38.00073,30.77407]]],[269,[14.52656,28.44245,1,[37.0007,38.48071]]],[102,[24.3036,44.45636,0,[38.00084,35.42873]]],[67,[17.88925,33.93674,0,[39.00073,27.81152]]],[51,[16.3574,29.46066,0,[39.00071,26.33802]]],[40,[21.93974,42.21497,0,[38.00074,30.50068]]],[220,[20.89111,36.88017,0,[37.0007,38.37293]]],[200,[22.68382,39.27532,0,[37.00074,38.07464]]],[41,[21.21909,40.83924,0,[38.00073,30.49279]]],[139,[11.00876,21.81772,0,[39.00068,25.12606]]],[259,[24.98446,39.48409,0,[38.00085,37.9907]]],[22,[22.84169,42.59423,0,[38.00072,29.88764]]],[331,[12.09883,24.0198,1,[37.00066,39.0173]]],[237,[23.92555,38.63623,0,[37.00066,38.0825]]],[203,[20.12486,36.93296,0,[38.0006,37.74536]]],[66,[18.95998,34.75898,0,[39.00072,27.49565]]],[57,[23.94899,45.65835,0,[38.00074,32.69652]]],[284,[20.03425,34.08059,0,[37.0006,38.21442]]],[8,[21.65982,41.46799,0,[38.09968,29.00068]]],[38,[23.20886,45.29318,0,[38.00074,31.51717]]],[270,[13.92844,27.49759,1,[37.26881,38.00078]]],[6,[23.64078,45.37867,0,[38.00074,31.02211]]],[80,[24.20687,44.54273,0,[38.00083,34.23836]]],[74,[14.9579,28.04627,0,[39.00071,27.12546]]],[79,[24.39041,45.5418,0,[38.00074,32.24732]]],[122,[25.15615,46.16116,0,[38.00075,33.46697]]],[218,[23.36047,38.90738,0,[37.00073,38.1959]]],[266,[16.74703,31.65222,1,[37.0007,38.57922]]],[101,[24.66937,45.67824,0,[38.00082,33.81307]]],[21,[22.42484,43.75595,0,[38.00071,30.26911]]],[296,[11.00155,21.99264,1,[38.00064,35.09472]]],[158,[25.64216,45.93437,0,[38.00076,33.14418]]],[236,[25.09374,41.06269,0,[38.00071,36.41356]]],[7,[23.41047,43.42102,0,[38.00074,29.56741]]],[24,[21.00957,40.1827,0,[38.80145,29.00069]]],[217,[25.56989,41.4173,0,[38.00071,37.93544]]],[159,[25.47519,43.55111,0,[38.00076,34.97361]]],[219,[22.07375,37.79573,0,[37.00076,38.17731]]],[56,[24.1622,46.64653,0,[38.00075,30.72323]]],[0,[22.33292,42.73985,0,[38.44045,29.00071]]],[141,[24.96075,44.14706,0,[38.00084,35.16408]]],[260,[24.6928,37.25963,0,[37.00085,38.65136]]],[265,[18.10067,32.50748,1,[37.0006,38.65342]]],[100,[24.90233,46.91579,0,[38.00076,31.85809]]],[1,[23.05448,42.22208,0,[38.58977,29.00067]]],[20,[24.44439,45.38234,0,[38.00074,30.05247]]],[235,[26.26981,43.74137,0,[38.00076,36.28794]]],[287,[17.38822,31.63236,1,[37.00084,38.54329]]],[65,[18.47256,35.09958,0,[39.00072,27.67443]]],[216,[26.16534,44.74932,0,[38.00074,32.87021]]],[258,[25.73044,41.22755,0,[38.00077,36.376]]],[302,[26.15768,39.61946,0,[38.00068,37.82733]]],[234,[26.54133,45.99253,0,[38.00074,34.55203]]],[50,[16.96957,30.30974,0,[39.00069,26.4641]]],[319,[28.07336,45.58675,0,[38.00084,36.57695]]],[238,[25.07542,38.56352,0,[37.0007,39.95853]]],[320,[26.73447,42.96125,0,[38.00074,35.99973]]],[199,[25.96068,43.14497,0,[38.00077,34.67072]]],[308,[18.96037,31.9606,1,[37.00056,40.49159]]],[54,[15.64996,26.23759,0,[39.0007,24.78389]]],[318,[29.13782,43.85662,0,[37.00081,38.01886]]],[303,[25.25055,37.09217,0,[37.00069,38.44428]]],[344,[15.46307,27.05805,1,[37.00069,41.47972]]],[64,[18.86263,36.47889,0,[38.80853,29.00069]]],[256,[28.89499,49.13414,0,[38.0008,37.68734]]],[278,[28.35675,48.52904,0,[38.0008,35.63541]]],[281,[25.84339,38.40444,0,[37.00076,38.34971]]],[13,[23.84349,40.41272,0,[38.44633,29.00067]]],[72,[15.91428,29.18066,0,[39.0007,27.34582]]],[240,[21.90225,36.48439,0,[37.00066,39.86614]]],[338,[27.3874,39.76661,1,[38.00068,37.56724]]],[140,[25.38338,46.83192,0,[38.00078,31.37069]]],[9,[21.50636,41.02975,0,[39.00072,28.6353]]],[282,[24.07899,37.33866,0,[37.00097,39.53901]]],[262,[24.32307,36.78907,0,[37.00098,40.61399]]],[28,[23.40612,40.3575,0,[39.00074,28.32406]]],[280,[26.41921,41.00936,0,[37.00075,38.23211]]],[352,[27.10959,35.40219,1,[37.00068,38.07929]]],[348,[10.59089,21.16855,1,[37.00068,38.27064]]],[99,[24.42347,31.29187,0,[39.00076,27.68298]]],[279,[27.21614,46.2975,0,[38.00074,34.60719]]],[285,[19.69597,33.91984,1,[37.0009,38.98605]]],[33,[16.33396,29.04009,0,[39.0007,24.87111]]],[323,[25.69867,34.40049,1,[37.00068,39.97521]]],[301,[27.59323,41.45856,0,[37.00063,39.67827]]],[30,[18.42891,32.53792,0,[39.00071,25.92021]]],[32,[17.48165,30.83525,0,[39.00073,26.3344]]],[268,[15.33433,29.78524,1,[37.00069,38.97941]]],[261,[23.17954,36.62832,0,[37.0008,39.52077]]],[283,[25.89301,36.87944,0,[37.00074,41.37484]]],[25,[20.37652,39.06339,0,[39.00074,28.317]]],[31,[17.96245,31.47401,0,[39.00072,26.15163]]],[291,[15.27995,28.72594,1,[37.00057,40.14285]]],[314,[12.00073,23.9795,1,[38.00064,37.85432]]],[309,[17.1172,29.66248,1,[37.00061,40.01788]]],[12,[21.25468,38.04892,0,[39.00073,26.42825]]],[198,[26.66331,46.71977,0,[38.00076,32.49044]]],[53,[15.64573,27.80596,0,[39.00069,25.91507]]],[347,[11.39818,22.73841,1,[37.00067,39.23088]]],[300,[27.62062,46.73565,0,[38.00077,33.72647]]],[289,[16.00264,29.85649,1,[37.00058,38.87968]]],[45,[19.66906,36.62463,0,[39.00072,27.94102]]],[11,[20.93395,38.73672,0,[39.00072,26.98813]]],[52,[15.12002,28.56297,0,[39.00071,26.25121]]],[305,[22.47159,34.40079,1,[37.00075,39.57022]]],[10,[21.85505,40.00302,0,[39.00073,28.08681]]],[337,[27.44219,42.83086,1,[38.00071,36.36493]]],[76,[14.84044,24.94043,0,[39.00072,24.77353]]],[345,[13.11631,25.84179,1,[37.00064,41.19171]]],[18,[24.51314,35.48192,0,[39.00072,26.45086]]],[326,[21.17082,32.3,1,[37.00069,41.59713]]],[307,[19.86346,32.58089,1,[37.0008,40.12764]]],[312,[13.32383,25.95875,1,[37.00056,39.37525]]],[26,[20.67424,38.09051,0,[39.00073,27.68612]]],[2,[22.56554,41.19881,0,[39.00073,28.18027]]],[286,[20.61819,33.56796,1,[37.00068,40.02853]]],[350,[28.00593,40.09855,1,[37.00085,39.11811]]],[34,[17.61008,28.38906,0,[39.00072,24.66782]]],[355,[11.38803,22.65885,1,[37.00068,40.37384]]],[78,[24.98676,46.59753,0,[38.00075,29.6613]]],[321,[26.92905,38.22089,1,[37.00074,39.68863]]],[325,[24.42054,33.3764,1,[37.00097,41.63289]]],[5,[23.66786,38.20626,0,[39.00074,27.54446]]],[293,[13.02118,25.88761,1,[37.28945,38.0008]]],[306,[21.23268,33.71511,1,[37.00061,39.90163]]],[327,[22.06038,30.00564,1,[37.00089,41.61293]]],[35,[23.53646,30.19414,0,[39.00076,25.94145]]],[95,[13.78766,26.90475,0,[39.0007,26.66045]]],[184,[25.89456,45.90615,0,[38.00077,30.66845]]],[339,[28.71774,37.04417,1,[37.0009,40.58565]]],[353,[13.7784,25.48961,1,[37.00071,41.23009]]],[304,[27.39976,36.59528,1,[37.00074,41.11005]]],[47,[19.13264,33.26976,0,[39.00072,26.40192]]],[14,[22.63571,36.28941,0,[39.00074,26.9439]]],[3,[24.58155,40.01682,0,[38.72473,29.00066]]],[288,[17.87375,31.66252,1,[37.00083,39.8538]]],[332,[11.34338,22.65162,1,[37.10304,38.00076]]],[27,[19.8193,36.83624,0,[39.00073,26.7865]]],[341,[29.78187,35.59165,1,[37.00079,39.81694]]],[37,[25.40826,38.91556,0,[39.00075,28.84048]]],[324,[23.34162,33.70018,1,[37.00083,40.7473]]],[271,[13.65334,27.17965,1,[38.00059,37.89484]]],[4,[21.82204,33.77177,0,[39.00071,25.35159]]],[351,[28.63418,38.71016,1,[37.00068,38.79978]]],[16,[20.31907,32.28984,0,[39.00069,25.12914]]],[343,[29.48311,30.97282,1,[37.00076,40.72409]]],[315,[11.10913,22.20659,1,[38.00064,36.49765]]],[19,[22.73641,35.22824,0,[39.00073,25.75043]]],[75,[14.27423,25.55855,0,[39.00071,25.06783]]],[290,[17.11384,30.54304,1,[37.00054,41.10077]]],[346,[12.24756,24.21974,1,[37.00065,40.31161]]],[257,[26.82491,43.98413,0,[38.00076,37.73514]]],[46,[20.13939,35.49075,0,[39.00073,26.18264]]],[77,[16.95671,25.91758,0,[39.00071,24.80722]]],[294,[12.73378,25.42477,1,[38.00064,37.79869]]],[313,[12.15901,24.15397,1,[37.02597,38.00077]]],[342,[26.83497,32.85227,1,[37.00072,41.45449]]],[29,[19.10939,34.20622,0,[39.00075,25.21541]]],[98,[13.39258,23.74123,0,[39.00071,24.77555]]],[311,[14.54202,27.3536,1,[37.00063,40.26667]]],[292,[13.68069,26.92381,1,[37.00065,38.71249]]],[336,[28.04321,45.1097,1,[37.66666,38.0006]]],[17,[21.90673,34.56999,0,[39.00072,26.71622]]],[138,[11.98119,23.64243,0,[39.0007,26.62842]]],[322,[26.305,36.74681,1,[37.00066,39.85997]]],[354,[12.25792,24.34573,1,[37.00068,41.41671]]],[36,[19.48395,29.22008,0,[39.00071,24.68148]]],[97,[14.15812,25.32977,0,[39.00072,26.11869]]],[340,[28.34838,36.06013,1,[37.00071,41.40034]]],[335,[9.335309,18.66726,1,[38.00066,34.72113]]],[15,[18.33652,30.91032,0,[39.00071,24.69654]]],[121,[11.60764,22.2496,0,[39.0007,24.98296]]],[310,[16.40183,29.01703,1,[37.00093,41.25125]]],[328,[18.6998,28.92389,1,[37.00075,41.36095]]],[55,[20.97762,29.825,0,[39.00069,25.00046]]],[330,[12.90296,25.41083,1,[37.00067,39.74869]]],[96,[13.01168,25.13047,0,[39.00071,25.28946]]],[329,[14.38329,27.25886,1,[37.00067,41.1668]]],[120,[12.34713,22.80218,0,[39.00068,25.09146]]]
2:[299,[47.63612,95.14109,1,[87.71512,88.00071]]],[255,[47.08046,93.87103,1,[88.00069,86.08601]]],[317,[48.16786,95.91408,1,[87.00069,89.15266]]],[277,[48.12405,96.04581,1,[88.00072,86.96293]]],[298,[48.34287,95.88531,1,[87.27081,88.00069]]],[254,[48.27745,96.3767,1,[88.00072,86.03902]]],[316,[49.07973,97.24211,1,[87.00072,89.45105]]],[297,[49.04022,97.13432,1,[87.42009,88.00072]]],[276,[49.22527,97.0844,1,[88.0007,86.95429]]],[233,[48.38989,96.31943,1,[88.00072,84.97585]]],[232,[50.00799,99.66901,1,[88.00071,87.99313]]],[253,[49.7711,98.89073,1,[87.00071,88.54955]]],[334,[49.85653,97.69151,1,[87.00072,89.80101]]],[215,[49.18399,97.75156,1,[88.0007,85.79218]]],[197,[50.0349,98.94656,1,[88.0007,86.69853]]],[214,[50.4297,99.9999,1,[87.57132,88.00072]]],[183,[49.35527,98.21818,0,[88.00071,84.93503]]],[275,[50.6753,100.0661,1,[87.0007,90.12457]]],[252,[50.6655,100.637,1,[87.0007,88.99847]]],[231,[51.1001,101.0937,1,[88.00071,87.95472]]],[194,[50.60069,99.53828,0,[88.00071,86.39864]]],[177,[49.90146,99.38064,0,[88.00072,84.87242]]],[274,[51.08825,100.6598,1,[87.0007,88.4715]]],[182,[51.7053,101.723,0,[88.0007,87.99844]]],[349,[51.60529,98.81425,1,[87.0007,90.10034]]],[169,[51.26811,101.4682,0,[88.0007,86.45355]]],[213,[51.68679,101.2346,1,[87.00071,88.60106]]],[171,[50.54401,98.74232,0,[88.00069,84.89688]]],[193,[52.21201,102.2419,0,[87.84615,88.0007]]],[196,[52.3636,103.5788,1,[87.00071,90.16126]]],[170,[51.30634,99.52305,0,[88.00072,85.20093]]],[176,[52.10062,101.8407,0,[88.00072,86.74429]]],[181,[52.36791,103.0264,0,[87.00072,88.86509]]],[167,[52.93715,103.9302,0,[88.0007,87.68443]]],[175,[52.63613,103.252,0,[87.0007,88.20577]]],[168,[52.50835,101.9269,0,[88.0007,86.1505]]],[156,[51.73452,99.84644,0,[88.0007,84.8316]]],[195,[53.17074,104.8521,1,[87.00072,90.15724]]],[166,[53.26957,104.51,0,[87.33729,88.00071]]],[192,[53.52192,103.4862,0,[87.00072,89.46416]]],[152,[53.26463,103.9718,0,[88.00071,86.86536]]],[154,[52.40324,100.7321,0,[88.00069,84.81116]]],[151,[54.06201,105.4736,0,[88.00072,87.96085]]],[191,[53.82383,104.0764,0,[87.00071,88.60735]]],[153,[53.1688,102.1782,0,[88.00073,85.51351]]],[134,[53.96009,104.8892,0,[88.00072,86.63361]]],[212,[54.28963,102.9534,1,[87.0007,90.18812]]],[165,[54.33894,105.7577,0,[87.00071,88.47677]]],[150,[54.73936,106.2699,0,[87.9847,88.0007]]],[333,[54.82245,103.877,1,[87.00072,90.04798]]],[136,[53.57772,102.2309,0,[88.00069,84.98571]]],[135,[54.54976,104.2701,0,[88.00069,86.52357]]],[149,[54.96001,107.0805,0,[87.00071,88.44851]]],[133,[55.34608,106.5258,0,[88.00072,87.95551]]],[114,[55.22728,105.9038,0,[88.00071,86.52808]]],[155,[54.19604,100.2488,0,[88.0007,85.01145]]],[208,[55.37803,104.1766,0,[87.00069,89.98966]]],[207,[55.59429,104.2382,0,[87.00071,88.56306]]],[132,[55.93377,107.4479,0,[87.94137,88.0007]]],[229,[56.04326,104.5939,1,[87.0007,90.10221]]],[115,[55.72764,105.2348,0,[88.00069,86.35705]]],[116,[54.77913,103.6591,0,[88.00072,84.92542]]],[113,[56.46367,107.664,0,[88.00072,87.81107]]],[224,[56.19677,105.5576,0,[87.0007,88.47652]]],[91,[56.36134,107.3978,0,[88.00071,86.48764]]],[209,[56.72089,106.2496,1,[87.00071,90.06806]]],[190,[56.69986,107.3894,0,[87.23982,88.0007]]],[137,[55.38242,101.498,0,[88.0007,84.84349]]],[244,[57.1484,105.3875,0,[87.00069,89.55235]]],[131,[57.13622,107.7807,0,[88.00072,87.37147]]],[117,[56.10451,103.3077,0,[88.00072,85.07294]]],[206,[57.31472,106.4861,0,[87.00071,88.61506]]],[148,[57.65955,108.694,0,[87.56567,88.00071]]],[112,[57.48904,107.6684,0,[88.0007,86.72116]]],[273,[57.92362,105.8169,1,[87.00069,90.28459]]],[93,[56.74961,105.7285,0,[88.00069,85.24099]]],[164,[58.37809,109.2223,0,[88.00069,87.8895]]],[223,[58.2746,106.9485,0,[87.00069,89.71614]]],[205,[58.15959,106.689,0,[87.0007,88.44965]]],[94,[57.91078,106.2764,0,[88.00072,86.25148]]],[92,[58.71305,107.6427,0,[88.00071,87.25338]]],[157,[57.21235,100.5655,0,[88.00072,84.78928]]],[241,[58.65047,106.8521,0,[87.0007,88.17062]]],[211,[58.99143,106.3869,1,[87.00073,89.94394]]],[70,[58.11687,107.062,0,[88.00072,85.29221]]],[130,[59.36714,109.7888,0,[87.80408,88.00072]]],[111,[59.02662,108.1945,0,[88.00069,86.54333]]],[210,[59.53406,107.9098,1,[87.00072,89.77898]]],[243,[59.55595,106.0175,0,[87.0007,88.6073]]],[147,[59.96342,109.9491,0,[87.67832,88.00069]]],[129,[59.67075,110.0316,0,[88.00072,86.76113]]],[119,[58.60843,102.8407,0,[88.00072,84.9693]]],[222,[60.3455,107.6622,0,[87.0007,88.42248]]],[230,[60.30023,106.4456,1,[87.00073,90.0451]]],[110,[60.11957,109.485,0,[88.0007,86.4397]]],[162,[60.80627,111.3855,0,[88.00072,87.9911]]],[90,[59.23672,107.3353,0,[88.00072,85.00528]]],[225,[61.04554,108.2128,1,[87.00072,88.87659]]],[146,[61.33765,110.9571,0,[87.84534,88.0007]]],[189,[60.79105,108.2041,0,[88.0007,86.55095]]],[245,[61.01953,107.1327,1,[87.00073,90.21564]]],[71,[59.96214,106.4371,0,[88.00072,84.94781]]],[204,[61.50504,108.0559,0,[87.00071,88.56481]]],[109,[61.7258,110.6973,0,[88.00072,87.43239]]],[69,[60.90233,108.0186,0,[88.00072,85.47485]]],[251,[61.92765,105.7523,1,[87.0007,90.24227]]],[221,[61.95889,108.5302,0,[87.00072,88.27134]]],[108,[61.83364,110.5943,0,[88.0007,86.33418]]],[128,[62.47106,111.6486,0,[88.00071,87.89158]]],[226,[62.52085,108.1656,1,[87.0007,89.96401]]],[68,[61.18634,108.5188,0,[88.00071,84.76729]]],[263,[62.54874,107.1894,0,[87.00071,88.01267]]],[107,[62.60796,111.4364,0,[88.00072,86.82539]]],[227,[63.01623,109.6407,1,[87.00069,89.58652]]],[87,[61.97943,110.0954,0,[88.00072,85.13975]]],[145,[63.41457,112.1218,0,[87.98873,88.00071]]],[228,[63.33399,108.8044,1,[87.00071,88.6128]]],[127,[63.15303,111.6227,0,[88.00072,86.45323]]],[89,[62.47741,108.5463,0,[88.00071,84.88544]]],[174,[63.99088,111.0098,0,[88.00071,87.86264]]],[250,[63.79751,106.9292,1,[87.00071,90.16757]]],[242,[63.85455,107.8106,0,[87.00072,88.49022]]],[105,[63.81812,113.2398,0,[88.00069,86.4276]]],[106,[63.15819,111.1376,0,[88.0007,84.86599]]],[163,[64.37753,110.4836,0,[87.28266,88.00071]]],[247,[64.48675,108.1336,1,[87.0007,90.07397]]],[144,[64.5551,112.2342,0,[88.00072,87.11602]]],[180,[64.91717,111.0529,0,[87.0007,89.44898]]],[126,[65.30247,113.8388,0,[88.0007,87.82354]]],[179,[65.11427,110.8224,0,[87.0007,88.37431]]],[82,[64.06813,113.9969,0,[88.00072,85.26969]]],[63,[65.00562,113.8959,0,[88.00069,86.36671]]],[125,[65.81367,115.238,0,[87.74145,88.00071]]],[187,[65.75024,111.618,0,[87.00071,90.1493]]],[248,[65.85078,109.6251,1,[87.00072,89.02823]]],[73,[64.59566,106.087,0,[88.0007,84.82676]]],[60,[65.66782,115.6416,0,[88.00072,86.6292]]],[161,[66.50542,112.6014,0,[88.00072,87.91131]]],[143,[66.19952,114.5612,0,[87.00072,88.50681]]],[88,[65.32079,111.2378,0,[88.00072,85.08869]]],[249,[66.6472,110.1145,1,[87.00071,90.22023]]],[104,[66.26713,114.5061,0,[88.00072,86.3766]]],[188,[66.75321,110.9234,0,[87.00071,88.33649]]],[160,[67.07317,114.3503,0,[88.00072,87.77189]]],[246,[67.19479,110.884,1,[87.0007,89.90653]]],[86,[65.86445,111.7159,0,[88.00072,84.76838]]],[44,[66.80055,114.6352,0,[88.0007,86.05797]]],[186,[67.35229,112.1811,0,[87.00071,88.36752]]],[124,[67.60948,116.3463,0,[88.00071,87.66402]]],[264,[67.89305,108.2418,0,[87.00072,89.98676]]],[48,[67.55596,110.9791,0,[88.00069,86.29498]]],[85,[66.7591,111.2025,0,[88.0007,84.77383]]],[142,[67.83966,115.5326,0,[87.00071,88.01506]]],[83,[68.35652,115.9148,0,[88.00069,87.65791]]],[201,[68.49501,112.7313,0,[87.0007,89.80878]]],[239,[68.60303,109.6147,0,[87.00071,88.63058]]],[62,[68.16612,114.7844,0,[88.00071,86.22922]]],[49,[67.45448,108.8053,0,[88.0007,84.73918]]],[173,[68.91077,113.4958,0,[87.76679,88.0007]]],[81,[68.90229,116.9758,0,[88.00071,86.89497]]],[267,[69.22548,110.0046,1,[87.00071,88.63045]]],[295,[69.25973,107.1107,1,[87.00072,90.15574]]],[185,[69.59229,114.1933,0,[87.86324,88.0007]]],[43,[68.28036,114.498,0,[88.00072,84.97845]]],[84,[69.09361,113.8288,0,[88.00073,86.07644]]],[123,[69.8142,117.1849,0,[87.00071,88.51998]]],[58,[69.92291,118.9835,0,[88.00069,87.32732]]],[272,[69.95551,107.6956,1,[87.00072,90.10188]]],[103,[70.29999,116.3507,0,[87.36958,88.00071]]],[59,[70.26166,117.9598,0,[88.00072,86.68197]]],[118,[69.27322,103.0371,0,[88.00069,85.1993]]],[202,[70.62293,113.2283,0,[87.00073,90.03185]]],[178,[70.81541,113.9874,0,[87.0007,89.15678]]],[39,[71.08372,119.6462,0,[87.96198,88.00071]]],[42,[69.83141,115.1055,0,[88.00072,84.95255]]],[172,[71.13995,114.6937,0,[87.00071,88.48677]]],[23,[70.75556,118.3047,0,[88.00069,86.40543]]],[61,[71.61743,116.8284,0,[88.0007,87.7553]]],[269,[71.68175,112.4522,1,[87.00071,90.11715]]],[102,[71.64639,117.3798,0,[87.0007,88.31405]]],[67,[71.3691,112.3138,0,[88.0007,86.21511]]],[51,[70.52699,108.0381,0,[88.00069,84.89107]]],[40,[72.18763,119.1984,0,[88.0007,87.75852]]],[220,[72.2661,111.7084,0,[87.00069,89.93156]]],[200,[72.28127,113.391,0,[87.00071,88.50365]]],[41,[72.14118,117.6177,0,[88.00071,86.43807]]],[139,[71.3473,102.8926,0,[88.00069,84.92168]]],[259,[72.77129,111.8753,0,[87.85432,88.0007]]],[22,[72.78789,119.6396,0,[88.0007,86.70326]]],[331,[72.94353,109.2423,1,[87.00072,90.13574]]],[237,[72.98324,111.9039,0,[87.09122,88.00069]]],[203,[73.23531,112.3355,0,[87.00069,89.40182]]],[66,[72.03886,112.4258,0,[88.00071,84.97137]]],[57,[73.56294,120.6132,0,[88.00072,87.67859]]],[284,[73.65941,108.8969,0,[87.00072,88.56087]]],[8,[72.80883,119.0293,0,[88.00071,85.48359]]],[38,[73.59846,120.7227,0,[88.00072,86.4456]]],[270,[74.04983,111.3895,1,[87.00072,90.11768]]],[6,[74.23069,121.8047,0,[87.99496,88.00072]]],[80,[74.20493,118.9792,0,[87.00069,88.5238]]],[74,[73.15973,106.9725,0,[88.00072,84.88054]]],[79,[74.24438,120.207,0,[88.00072,86.65324]]],[122,[74.87677,120.9427,0,[87.87422,88.0007]]],[218,[74.82292,112.8409,0,[87.00071,88.71746]]],[266,[74.76537,113.3735,1,[87.00069,90.13921]]],[101,[74.77774,119.1841,0,[88.00072,86.5737]]],[21,[73.8344,119.612,0,[88.00072,85.08546]]],[296,[75.49476,101.5086,1,[87.00071,90.21814]]],[158,[75.5874,120.7675,0,[88.0007,87.81032]]],[236,[75.19653,113.9576,0,[87.0007,88.27332]]],[7,[75.18915,120.1483,0,[88.0007,86.16129]]],[24,[74.35965,117.5664,0,[88.00069,84.84313]]],[217,[75.90616,114.4664,0,[87.00072,88.73999]]],[159,[76.11877,117.2202,0,[87.73146,88.00068]]],[219,[76.05252,113.5622,0,[87.0007,90.04181]]],[56,[75.91734,123.1211,0,[88.00072,86.738]]],[0,[75.19116,120.0016,0,[88.00071,84.95573]]],[141,[76.75465,117.9169,0,[87.84956,88.00072]]],[260,[76.5519,110.1554,0,[87.0007,88.68368]]],[265,[76.80225,112.6558,1,[87.00072,90.14775]]],[100,[76.38647,122.3428,0,[88.00069,86.47295]]],[1,[75.78117,119.1052,0,[88.0007,84.84451]]],[20,[77.27324,123.5047,0,[88.00069,87.60358]]],[235,[77.06282,117.1864,0,[87.00069,88.28096]]],[287,[77.49883,113.2803,1,[87.00072,90.02507]]],[65,[76.61756,115.2569,0,[88.00072,85.51024]]],[216,[77.48535,119.6548,0,[88.00069,86.80338]]],[258,[77.59802,115.4604,0,[87.00072,88.12766]]],[302,[78.00085,113.6797,0,[87.00068,89.66929]]],[234,[78.30448,120.2273,0,[87.99852,88.00071]]],[50,[76.99738,110.8736,0,[88.00072,84.97796]]],[319,[77.90792,118.1601,0,[88.0007,86.2683]]],[238,[78.57483,111.543,0,[87.00071,89.03819]]],[320,[78.5771,117.9697,0,[87.31961,88.0007]]],[199,[78.68138,118.5734,0,[88.00072,87.18836]]],[308,[78.79259,112.6682,1,[87.0007,90.39223]]],[54,[77.53264,108.6867,0,[88.00069,84.67714]]],[318,[79.40037,118.9192,0,[87.90868,88.00071]]],[303,[79.19436,111.6227,0,[87.00071,88.64726]]],[344,[79.59111,110.1746,1,[87.00071,90.16061]]],[64,[78.32319,116.9546,0,[88.00072,85.71085]]],[256,[79.12461,123.1282,0,[88.00071,86.50414]]],[278,[79.96813,122.9236,0,[88.00071,87.92557]]],[281,[79.79051,115.2427,0,[87.00071,88.52395]]],[13,[79.81851,119.0924,0,[88.00069,86.57682]]],[72,[78.47222,108.4616,0,[88.0007,84.80466]]],[240,[80.31979,112.0174,0,[87.00071,90.08914]]],[338,[80.26202,118.0504,1,[87.19392,88.00072]]],[140,[80.59124,123.6402,0,[88.00069,87.28293]]],[9,[79.1769,119.8133,0,[88.00069,84.95033]]],[282,[80.81565,113.5006,0,[87.00073,89.56351]]],[262,[80.81429,111.6963,0,[87.04765,88.0007]]],[28,[80.09482,118.912,0,[88.00072,85.46267]]],[280,[81.11835,116.9717,0,[88.0007,87.00307]]],[352,[81.50266,114.7165,1,[87.19756,88.00071]]],[348,[81.48706,104.833,1,[87.00071,89.70148]]],[99,[80.60146,110.0752,0,[88.00068,85.09721]]],[279,[81.97413,121.8027,0,[88.00072,87.47304]]],[285,[82.03774,114.2281,1,[87.00071,89.47161]]],[33,[81.40906,112.5889,0,[88.00071,85.91653]]],[323,[82.10363,110.1157,1,[87.00071,88.12386]]],[301,[82.63862,122.4217,0,[88.00071,87.60673]]],[30,[82.21358,115.439,0,[88.00071,86.09358]]],[32,[81.45309,111.6151,0,[88.00071,84.76645]]],[268,[82.89132,112.4496,1,[87.00071,89.05029]]],[261,[82.82253,114.1685,0,[87.0007,90.08545]]],[283,[82.90845,114.051,0,[87.2783,88.0007]]],[25,[83.39442,121.5783,0,[88.0007,87.5846]]],[31,[82.74811,114.0596,0,[88.00071,86.05141]]],[291,[83.50577,114.4139,1,[87.0007,89.00845]]],[314,[83.65433,108.5393,1,[87.00071,90.36728]]],[309,[83.57259,114.3393,1,[87.00069,88.0108]]],[12,[83.34779,121.408,0,[88.0007,86.05724]]],[198,[84.03764,123.6963,0,[88.00072,87.60263]]],[53,[82.46948,108.5719,0,[88.00071,84.62417]]],[347,[84.31036,109.9838,1,[87.0007,90.22994]]],[300,[84.21792,123.4391,0,[87.00071,88.09812]]],[289,[84.60242,115.7599,1,[87.00072,89.60053]]],[45,[84.03857,119.1072,0,[88.0007,86.27831]]],[11,[84.76057,122.8851,0,[88.00071,87.76704]]],[52,[83.30702,111.1321,0,[88.00071,84.78694]]],[305,[84.92871,116.3285,1,[87.00069,88.53626]]],[10,[84.70072,122.2074,0,[88.00069,86.41419]]],[337,[85.36872,124.3317,1,[87.94303,88.00072]]],[76,[83.99072,111.3121,0,[88.00071,84.83235]]],[345,[85.31781,113.846,1,[87.0007,90.08732]]],[18,[85.43868,116.1748,0,[88.00072,86.70505]]],[326,[85.59203,119.7931,1,[87.00071,88.73784]]],[307,[85.81998,119.5304,1,[87.66988,88.0007]]],[312,[85.98055,111.748,1,[87.00071,90.22973]]],[26,[84.75761,121.6429,0,[88.00072,85.1048]]],[2,[85.86392,122.2255,0,[88.0007,86.36249]]],[286,[86.21532,120.2768,1,[87.00072,88.61427]]],[350,[86.44607,121.322,1,[88.00071,87.93181]]],[34,[85.2315,113.6484,0,[88.00071,84.80827]]],[355,[86.62621,108.2714,1,[87.00072,90.12834]]],[78,[86.46793,125.212,0,[88.00069,86.49281]]],[321,[86.97962,120.7434,1,[87.89856,88.00072]]],[325,[86.77378,116.4241,1,[87.00069,88.62619]]],[5,[85.84515,118.995,0,[88.0007,84.88763]]],[293,[87.35488,112.5784,1,[87.00069,90.2135]]],[306,[87.31472,118.5245,1,[87.00072,88.57888]]],[327,[87.55364,117.6818,1,[88.00072,87.96423]]],[35,[86.97793,112.5574,0,[88.00071,86.37206]]],[95,[86.43659,108.5924,0,[88.00071,84.80954]]],[184,[87.66396,125.0533,0,[88.00071,86.81168]]],[339,[87.9653,119.328,1,[87.6093,88.00071]]],[353,[88.0155,117.1182,1,[87.0007,90.16183]]],[304,[88.00847,122.2877,1,[87.00072,88.95414]]],[47,[87.16713,119.9559,0,[88.00073,85.12697]]],[14,[88.07607,120.6192,0,[88.0007,86.46194]]],[3,[88.66491,121.5357,0,[87.93687,88.00071]]],[288,[88.49175,119.1634,1,[87.0007,88.6394]]],[332,[88.80988,109.0074,1,[87.0007,90.23138]]],[27,[87.6733,119.4561,0,[88.0007,84.88493]]],[341,[89.26487,123.4863,1,[87.99252,88.0007]]],[37,[88.62904,118.8844,0,[88.0007,86.45124]]],[324,[89.1135,123.4858,1,[87.00071,88.57594]]],[271,[89.40682,118.6252,1,[87.00069,90.10276]]],[4,[89.18871,121.3951,0,[88.00072,86.37249]]],[351,[89.82766,121.1194,1,[88.00072,87.90428]]],[16,[88.29036,117.8522,0,[88.00069,84.87035]]],[343,[89.7366,118.7487,1,[87.00072,88.46773]]],[315,[90.0201,104.8413,1,[87.00069,89.99541]]],[19,[90.18412,121.9398,0,[88.00072,87.36033]]],[75,[88.94904,111.0357,0,[88.00071,84.87129]]],[290,[90.2271,118.0028,1,[87.00069,88.18499]]],[346,[90.6066,114.0335,1,[87.00072,89.87522]]],[257,[90.9048,121.0899,0,[87.92084,88.00071]]],[46,[90.50492,124.448,0,[88.00071,86.53019]]],[77,[89.73455,115.5937,0,[88.00071,85.75208]]],[294,[90.96455,110.2345,1,[87.00072,88.56844]]],[313,[91.2416,112.7885,1,[87.00069,90.03781]]],[342,[91.49101,119.8964,1,[88.0007,87.83466]]],[29,[90.92519,123.9817,0,[88.00072,86.09895]]],[98,[90.03661,111.8835,0,[88.00071,84.86195]]],[311,[91.51487,118.9438,1,[87.0007,88.3272]]],[292,[91.8755,115.3965,1,[87.00071,89.99116]]],[336,[92.3338,126.77,1,[87.89033,88.00071]]],[17,[91.66626,121.8309,0,[88.00072,86.67997]]],[138,[90.89078,102.6485,0,[88.0007,84.89629]]],[322,[92.32699,122.5589,1,[87.00071,88.66367]]],[354,[92.52633,113.4617,1,[87.0007,90.02661]]],[36,[92.39096,121.4693,0,[88.00069,86.793]]],[97,[91.66899,112.0724,0,[88.00069,85.17654]]],[340,[93.15916,125.9556,1,[87.8493,88.00074]]],[335,[93.30944,100.4502,1,[87.00071,90.09597]]],[15,[93.19843,123.731,0,[88.00071,86.84027]]],[121,[92.44446,106.6589,0,[88.00074,85.25986]]],[310,[93.55084,118.0408,1,[87.06042,88.00072]]],[328,[93.09312,117.5702,1,[87.00065,88.72526]]],[55,[94.04797,121.7689,0,[88.00073,87.51723]]],[330,[94.44208,114.45,1,[87.0007,88.52483]]],[96,[93.50469,113.0328,0,[88.00072,85.62713]]],[329,[94.23167,117.2087,1,[87.00069,89.73535]]],[120,[94.66245,108.9024,0,[88.00072,87.32621]]]

Travel Distances:
[299,115.8568],[255,117.5615],[317,117.2421],[277,117.7964],[298,117.1526],[254,119.6253],[316,118.7921],[297,118.959],[276,118.5983],[233,121.1142],[232,121.561],[253,121.2687],[334,119.7105],[215,121.0532],[197,120.5887],[214,121.0241],[183,121.2481],[275,122.5555],[252,123.1575],[231,122.7361],[194,122.1096],[177,123.2494],[274,122.3218],[182,122.1412],[349,119.3953],[169,124.7106],[213,123.6793],[171,123.3132],[193,123.619],[196,124.6609],[170,122.575],[176,123.4637],[181,124.1201],[167,125.971],[175,125.7878],[168,124.7205],[156,123.9704],[195,126.1215],[166,125.8173],[192,124.0921],[152,127.1464],[154,125.5515],[151,127.1304],[191,126.2172],[153,125.3026],[134,126.714],[212,123.9172],[165,126.7943],[150,128.4959],[333,125.7709],[136,126.4846],[135,126.8628],[149,128.9003],[133,127.6532],[114,129.3746],[155,125.2455],[208,126.9236],[207,126.7751],[132,129.4475],[229,126.0649],[115,127.6295],[116,127.3797],[113,128.6329],[224,126.9462],[91,130.4443],[209,128.4619],[190,129.8354],[137,125.8489],[244,126.812],[131,129.2684],[117,126.2859],[206,127.6674],[148,131.0713],[112,130.4603],[273,127.5524],[93,129.388],[164,130.2099],[223,127.9898],[205,128.118],[94,128.1499],[92,130.0043],[157,125.2326],[241,129.3272],[211,127.8504],[70,130.2139],[130,130.8676],[111,129.9328],[210,130.1997],[243,128.3694],[147,131.8482],[129,132.5226],[119,127.0029],[222,128.8936],[230,127.0779],[110,131.0706],[162,133.7109],[90,132.1561],[225,129.9383],[146,132.1732],[189,130.4632],[245,128.2417],[71,129.9288],[204,130.7688],[109,133.078],[69,131.8219],[251,127.3975],[221,130.3439],[108,132.7134],[128,132.3936],[226,128.6082],[68,133.59],[263,129.8611],[107,133.9738],[227,131.0719],[87,133.6516],[145,133.0906],[228,129.828],[127,135.0581],[89,133.0057],[174,132.85],[250,128.5612],[242,129.6888],[105,135.455],[106,134.275],[163,131.51],[247,130.4132],[144,134.8579],[180,132.8245],[126,135.2086],[179,132.5581],[82,137.3923],[63,135.7897],[125,137.5258],[187,133.6328],[248,131.7133],[73,130.3876],[60,138.1754],[161,133.4711],[143,135.9003],[88,136.0238],[249,132.4402],[104,137.7329],[188,133.2056],[160,136.0411],[246,132.05],[86,135.3829],[44,136.7402],[186,133.2462],[124,138.9058],[264,129.9696],[48,133.6282],[85,135.4171],[142,137.7267],[83,137.1769],[201,135.2225],[239,132.2353],[62,138.2244],[49,133.5825],[173,135.5475],[81,138.823],[267,131.4139],[295,127.9383],[185,134.877],[43,137.6664],[84,137.0748],[123,139.3835],[58,140.974],[272,129.2386],[103,137.6709],[59,141.2776],[118,127.7977],[202,135.5126],[178,136.0362],[39,141.4243],[42,138.7502],[172,136.2541],[23,140.4468],[61,137.5405],[269,134.6933],[102,139.8872],[67,135.3166],[51,132.3542],[40,140.7573],[220,132.7589],[200,134.5561],[41,139.2246],[139,127.8447],[259,134.2507],[22,141.9358],[331,130.7038],[237,133.7597],[203,133.4222],[66,136.0214],[57,141.2922],[284,131.3974],[8,143.0623],[38,143.412],[270,132.7753],[6,143.0871],[80,140.3963],[74,130.1511],[79,143.6328],[122,143.0913],[218,135.0514],[266,135.3833],[101,141.4525],[21,143.3363],[296,122.2092],[158,141.5567],[236,135.3705],[7,143.5753],[24,142.1891],[217,136.357],[159,138.8351],[219,134.9348],[56,144.9996],[0,143.2459],[141,140.2462],[260,132.7902],[265,134.5759],[100,145.1664],[1,143.134],[20,144.7854],[235,138.9139],[287,133.8604],[65,139.6056],[216,142.5047],[258,138.0886],[302,135.1685],[234,141.4247],[50,134.4242],[319,140.2674],[238,134.0562],[320,140.5282],[199,140.8891],[308,134.4636],[54,133.1347],[318,139.9104],[303,133.0038],[344,130.7777],[64,141.411],[256,146.6301],[278,144.7465],[281,137.4023],[13,141.22],[72,132.2302],[240,133.1041],[338,139.3683],[140,146.2685],[9,144.2111],[282,135.3606],[262,133.8619],[28,142.0031],[280,138.4383],[352,137.6064],[348,127.2328],[99,134.4019],[279,143.6404],[285,135.6162],[33,135.4916],[323,131.8411],[301,145.0215],[30,138.8365],[32,136.2467],[268,134.4805],[261,135.9953],[283,135.8301],[25,142.6174],[31,136.3939],[291,135.2271],[314,130.8461],[309,136.9667],[12,144.4451],[198,145.3447],[53,132.8445],[347,131.0573],[300,144.7372],[289,136.2652],[45,142.7523],[11,145.1094],[52,136.0065],[305,138.2237],[10,144.4971],[337,145.3842],[76,134.8545],[345,134.8897],[18,139.145],[326,142.229],[307,141.6733],[312,133.4143],[26,145.7733],[2,144.3292],[286,141.6576],[350,142.1792],[34,138.7914],[355,130.6223],[78,148.1031],[321,142.5214],[325,138.6697],[5,142.844],[293,133.5843],[306,139.6851],[327,138.3203],[35,134.392],[95,133.15],[184,147.5461],[339,141.1751],[353,138.7652],[304,144.0917],[47,143.1405],[14,142.2631],[3,142.0468],[288,141.978],[332,131.1016],[27,143.6185],[341,144.8335],[37,141.3958],[324,145.0616],[271,139.4117],[4,144.8188],[351,143.3499],[16,142.7085],[343,141.172],[315,126.3307],[19,143.4038],[75,134.5744],[290,139.4151],[346,136.2465],[257,143.0545],[46,147.1755],[77,139.3067],[294,131.862],[313,133.7294],[342,140.6579],[29,147.7655],[98,136.8487],[311,141.374],[292,136.9785],[336,147.9753],[17,143.9553],[138,126.1195],[322,145.2002],[354,135.6313],[36,144.1917],[97,135.7899],[340,147.3008],[335,121.1434],[15,145.0226],[121,130.647],[310,140.4607],[328,139.8777],[55,143.2365],[330,136.9985],[96,137.0353],[329,139.2332],[120,130.83]

Finish Times:
[299,59.88099],[255,60.04099],[317,60.561],[277,60.64101],[298,60.76101],[254,61.28102],[316,61.32102],[297,61.44102],[276,61.76103],[233,62.04104],[232,62.20104],[253,62.20104],[334,62.20104],[215,62.32104],[197,62.80106],[214,62.80106],[183,62.92106],[275,63.00106],[252,63.04106],[231,63.32107],[194,63.44107],[177,63.56107],[274,63.64108],[182,63.92108],[349,63.92108],[169,64.12109],[213,64.16109],[171,64.24109],[193,64.5211],[196,64.6011],[170,64.8011],[176,64.8011],[181,64.8011],[167,65.20111],[175,65.24111],[168,65.44112],[156,65.52112],[195,65.52112],[166,65.72112],[192,65.88113],[152,65.96113],[154,66.12113],[151,66.32114],[191,66.32114],[153,66.68114],[134,66.72115],[212,66.80115],[165,66.88115],[150,67.00115],[333,67.08115],[136,67.32116],[135,67.40116],[149,67.56116],[133,67.60117],[114,67.96117],[155,67.96117],[208,68.04118],[207,68.12118],[132,68.16118],[229,68.32118],[115,68.56119],[116,68.68119],[113,68.72119],[224,68.72119],[91,69.1612],[209,69.1612],[190,69.2012],[137,69.32121],[244,69.48121],[131,69.60121],[117,69.80122],[206,69.80122],[148,70.12122],[112,70.20123],[273,70.40123],[93,70.52123],[164,70.68124],[223,70.68124],[205,70.72124],[94,70.88124],[92,71.20125],[157,71.28125],[241,71.28125],[211,71.48125],[70,71.68126],[130,71.68126],[111,71.80126],[210,72.08127],[243,72.20127],[147,72.28127],[129,72.36127],[119,72.40128],[222,72.84129],[230,72.88129],[110,72.92129],[162,72.96129],[90,73.04129],[225,73.4413],[146,73.5613],[189,73.5613],[245,73.6013],[71,73.76131],[204,74.04131],[109,74.12132],[69,74.24132],[251,74.32132],[221,74.56133],[108,74.72133],[128,74.80133],[226,74.92133],[68,75.04134],[263,75.20134],[107,75.28134],[227,75.52135],[87,75.56135],[145,75.64135],[228,75.88136],[127,76.00136],[89,76.28136],[174,76.28136],[250,76.36137],[242,76.52137],[105,76.60137],[106,76.88138],[163,76.88138],[247,77.12138],[144,77.16138],[180,77.28139],[126,77.52139],[179,77.56139],[82,77.6414],[63,77.8014],[125,78.08141],[187,78.16141],[248,78.20141],[73,78.36141],[60,78.40141],[161,78.72142],[143,78.76142],[88,79.00143],[249,79.00143],[104,79.12143],[188,79.32143],[160,79.36143],[246,79.64144],[86,79.72144],[44,79.80145],[186,79.92145],[124,79.96145],[264,80.32146],[48,80.44146],[85,80.44146],[142,80.48146],[83,80.60146],[201,81.00147],[239,81.04147],[62,81.08147],[49,81.20148],[173,81.20148],[81,81.64149],[267,81.68149],[295,81.76149],[185,81.84149],[43,81.88149],[84,82.3215],[123,82.3215],[58,82.3615],[272,82.4015],[103,82.72151],[59,82.96152],[118,83.00152],[202,83.08152],[178,83.20152],[39,83.24152],[42,83.64153],[172,83.64153],[23,83.68153],[61,83.84154],[269,84.00154],[102,84.24155],[67,84.32155],[51,84.36155],[40,84.44155],[220,84.72156],[200,84.84156],[41,84.92156],[139,85.00156],[259,85.00156],[22,85.48158],[331,85.48158],[237,85.56158],[203,85.64158],[66,85.68158],[57,85.92159],[284,86.12159],[8,86.20159],[38,86.3616],[270,86.4416],[6,86.5216],[80,86.80161],[74,86.92161],[79,86.96161],[122,87.08161],[218,87.20161],[266,87.36162],[101,87.52162],[21,87.56162],[296,87.72163],[158,87.80163],[236,87.80163],[7,88.08163],[24,88.20164],[217,88.40164],[159,88.44164],[219,88.56165],[56,88.68165],[0,88.84165],[141,89.00166],[260,89.04166],[265,89.24166],[100,89.28166],[1,89.52167],[20,89.64167],[235,89.64167],[287,89.92168],[65,90.00168],[216,90.12168],[258,90.16168],[302,90.40169],[234,90.52169],[50,90.68169],[319,90.72169],[238,91.0017],[320,91.0817],[199,91.28171],[308,91.28171],[54,91.32171],[318,91.68172],[303,91.72172],[344,91.92172],[64,91.96172],[256,91.96172],[278,92.24173],[281,92.36173],[13,92.60174],[72,92.64174],[240,92.68174],[338,92.80174],[140,93.08175],[9,93.24175],[282,93.28175],[262,93.44176],[28,93.56176],[280,93.76176],[352,94.00177],[348,94.04177],[99,94.28178],[279,94.40178],[285,94.48178],[33,94.52178],[323,94.60178],[301,94.96179],[30,95.1618],[32,95.2418],[268,95.2418],[261,95.3218],[283,95.5218],[25,95.76181],[31,95.80181],[291,95.88181],[314,96.04182],[309,96.20182],[12,96.36182],[198,96.44183],[53,96.56183],[347,96.72183],[300,96.84184],[289,96.88184],[45,96.96184],[11,97.08184],[52,97.16184],[305,97.48185],[10,97.56185],[337,97.64185],[76,97.72186],[345,97.80186],[18,98.12186],[326,98.12186],[307,98.16187],[312,98.32187],[26,98.36187],[2,98.72188],[286,98.72188],[350,98.72188],[34,99.00188],[355,99.04189],[78,99.24189],[321,99.28189],[325,99.28189],[5,99.5619],[293,99.6819],[306,99.7619],[327,99.8019],[35,99.8419],[95,100.3219],[184,100.3219],[339,100.3619],[353,100.3619],[304,100.4019],[47,100.7619],[14,100.8819],[3,100.9219],[288,101.0019],[332,101.1619],[27,101.4419],[341,101.4419],[37,101.4819],[324,101.6019],[271,101.8019],[4,102.042],[351,102.042],[16,102.082],[343,102.242],[315,102.522],[19,102.642],[75,102.642],[290,102.762],[346,102.962],[257,103.162],[46,103.322],[77,103.362],[294,103.602],[313,103.802],[342,103.802],[29,103.962],[98,104.042],[311,104.242],[292,104.362],[336,104.562],[17,104.602],[138,104.802],[322,105.002],[354,105.042],[36,105.202],[97,105.402],[340,105.562],[335,105.682],[15,105.922],[121,106.2421],[310,106.2821],[328,106.3221],[55,106.5621],[330,107.0421],[96,107.0821],[329,107.0821],[120,107.4021]

Stuck Times:
[299,0],[255,0],[317,0],[277,0],[298,0],[254,0],[316,0],[297,0],[276,0],[233,0],[232,0],[253,0],[334,0],[215,0],[197,0],[214,0],[183,0],[275,0],[252,0],[231,0],[194,0],[177,0],[274,0],[182,0],[349,3],[169,0],[213,0],[171,0],[193,0],[196,0],[170,1],[176,1],[181,0],[167,0],[175,0],[168,1],[156,1],[195,0],[166,0],[192,0],[152,0],[154,1],[151,0],[191,0],[153,2],[134,0],[212,2],[165,0],[150,0],[333,1],[136,1],[135,1],[149,0],[133,0],[114,1],[155,5],[208,2],[207,3],[132,0],[229,3],[115,2],[116,1],[113,0],[224,3],[91,1],[209,4],[190,1],[137,5],[244,3],[131,1],[117,5],[206,3],[148,1],[112,3],[273,6],[93,3],[164,2],[223,4],[205,4],[94,5],[92,4],[157,8],[241,4],[211,7],[70,2],[130,3],[111,3],[210,5],[243,4],[147,4],[129,3],[119,7],[222,6],[230,7],[110,4],[162,3],[90,5],[225,6],[146,5],[189,6],[245,7],[71,7],[204,6],[109,5],[69,5],[251,11],[221,6],[108,6],[128,7],[226,9],[68,8],[263,8],[107,5],[227,7],[87,6],[145,6],[228,10],[127,8],[89,8],[174,7],[250,12],[242,9],[105,6],[106,6],[163,9],[247,8],[144,6],[180,8],[126,7],[179,8],[82,7],[63,8],[125,6],[187,9],[248,12],[73,12],[60,8],[161,9],[143,7],[88,11],[249,14],[104,6],[188,13],[160,7],[246,13],[86,11],[44,11],[186,12],[124,8],[264,13],[48,14],[85,13],[142,8],[83,10],[201,12],[239,12],[62,13],[49,14],[173,12],[81,10],[267,15],[295,18],[185,12],[43,12],[84,13],[123,12],[58,8],[272,19],[103,12],[59,12],[118,18],[202,15],[178,14],[39,13],[42,12],[172,15],[23,13],[61,16],[269,17],[102,12],[67,17],[51,19],[40,14],[220,16],[200,15],[41,15],[139,21],[259,16],[22,12],[331,19],[237,16],[203,19],[66,18],[57,15],[284,19],[8,17],[38,15],[270,21],[6,14],[80,17],[74,20],[79,15],[122,16],[218,18],[266,20],[101,16],[21,17],[296,25],[158,19],[236,21],[7,18],[24,19],[217,18],[159,21],[219,20],[56,16],[0,18],[141,18],[260,21],[265,21],[100,17],[1,18],[20,17],[235,21],[287,21],[65,21],[216,20],[258,22],[302,21],[234,20],[50,24],[319,19],[238,21],[320,21],[199,21],[308,23],[54,25],[318,23],[303,23],[344,27],[64,22],[256,17],[278,20],[281,22],[13,24],[72,28],[240,24],[338,22],[140,22],[9,22],[282,24],[262,25],[28,23],[280,22],[352,27],[348,29],[99,29],[279,25],[285,25],[33,28],[323,30],[301,22],[30,26],[32,29],[268,28],[261,26],[283,25],[25,24],[31,29],[291,31],[314,32],[309,27],[12,26],[198,25],[53,31],[347,34],[300,27],[289,28],[45,29],[11,27],[52,30],[305,30],[10,28],[337,26],[76,32],[345,34],[18,33],[326,24],[307,27],[312,32],[26,28],[2,30],[286,27],[350,28],[34,34],[355,34],[78,27],[321,28],[325,34],[5,32],[293,33],[306,27],[327,30],[35,33],[95,35],[184,32],[339,31],[353,34],[304,27],[47,31],[14,33],[3,31],[288,33],[332,37],[27,32],[341,30],[37,34],[324,27],[271,35],[4,31],[351,32],[16,33],[343,34],[315,38],[19,35],[75,37],[290,35],[346,37],[257,34],[46,33],[77,34],[294,36],[313,35],[342,32],[29,32],[98,36],[311,35],[292,35],[336,33],[17,35],[138,40],[322,33],[354,39],[36,32],[97,36],[340,35],[335,45],[15,32],[121,41],[310,34],[328,36],[55,37],[330,39],[96,37],[329,39],[120,40]

