Experiment Name: Custom-SimpleTwoPaths2
Method Used: FlowGraph
Run Number: 2
Preparation Time: 16.5449ms
Pathfinding Time: 6.3211ms
Finish Time: 107.2821ms
Finish Time 90%: 101.7219ms
Repaths: 0
Soft Repaths: 0

Gates Data:
0:[299,[8.080373,16.15625,1,[38.00066,29.89814]]],[277,[8.535618,17.05966,1,[38.82677,29.00075]]],[298,[9.104212,18.20105,1,[38.00065,31.66379]]],[317,[9.09205,18.18045,1,[38.00065,32.90184]]],[255,[8.611952,17.20065,1,[39.00066,27.48667]]],[276,[8.947526,17.88678,1,[38.00066,30.13558]]],[316,[10.11774,20.23108,1,[38.00064,34.81735]]],[233,[9.521551,19.01241,1,[39.00065,28.2305]]],[215,[9.541943,19.00329,1,[39.00066,26.66837]]],[254,[9.100517,18.18601,1,[38.27065,29.00076]]],[214,[10.50682,20.98604,1,[38.99792,29.00077]]],[275,[9.959485,19.91239,1,[38.00065,32.11289]]],[232,[9.783527,19.5525,1,[38.00066,29.26584]]],[197,[10.51582,20.9877,1,[39.00064,27.53685]]],[183,[11.77182,23.41192,0,[38.00067,29.39676]]],[194,[12.58266,25.12784,0,[38.00066,31.66744]]],[196,[11.23044,22.43677,1,[38.56949,29.00076]]],[335,[9.288213,18.57304,1,[38.00066,34.59179]]],[177,[12.71195,25.31879,0,[38.00069,30.44625]]],[171,[11.78868,23.54567,0,[39.00068,28.56405]]],[182,[13.3133,26.36745,0,[38.00069,32.07108]]],[297,[10.05034,20.09662,1,[38.00064,33.49763]]],[213,[10.74883,21.47866,1,[38.00065,29.63909]]],[169,[13.2737,26.13194,0,[38.00071,30.49258]]],[170,[12.25436,24.08031,0,[38.17414,29.00072]]],[176,[13.98733,27.69793,0,[38.00071,32.30629]]],[231,[10.7817,21.55205,1,[38.00064,31.00296]]],[349,[10.38589,20.76662,1,[38.00066,37.76633]]],[193,[14.01627,27.40504,0,[38.00066,33.64362]]],[168,[14.02998,27.50386,0,[38.00071,31.26306]]],[154,[12.88864,25.70364,0,[38.1209,29.00071]]],[181,[14.65112,28.76168,0,[38.00071,33.82605]]],[192,[15.60119,30.00565,0,[38.00074,35.38853]]],[253,[9.922417,19.83519,1,[38.00065,30.77793]]],[167,[14.81384,29.26411,0,[38.00071,32.44998]]],[175,[15.26281,29.90833,0,[38.00074,33.95397]]],[155,[12.57315,24.97338,0,[39.00069,28.42075]]],[166,[15.66853,30.79418,0,[38.00069,33.53786]]],[210,[13.4278,26.60118,1,[38.00068,33.77134]]],[191,[16.11413,31.13378,0,[38.00074,35.09654]]],[208,[14.96931,29.67699,0,[38.00071,35.30866]]],[152,[14.37896,28.5774,0,[38.00071,30.74486]]],[134,[14.7359,29.12985,0,[38.00071,30.20544]]],[151,[15.17286,30.09541,0,[38.0007,31.919]]],[211,[12.57753,25.13618,1,[38.00065,32.87592]]],[195,[11.70498,23.38417,1,[38.00066,30.41738]]],[153,[13.55975,26.94537,0,[38.00071,29.62938]]],[133,[15.52181,30.60316,0,[38.00071,31.37351]]],[165,[16.55261,32.71935,0,[38.00071,34.67596]]],[228,[13.4377,26.6833,1,[38.00067,34.95967]]],[212,[11.69757,23.38152,1,[38.00065,31.54082]]],[136,[13.80865,27.08507,0,[38.98509,29.00071]]],[132,[16.27284,32.01718,0,[38.00072,32.12256]]],[150,[16.04122,31.80041,0,[38.00074,33.05836]]],[207,[16.45506,31.94769,0,[38.00074,36.55088]]],[252,[10.88958,21.7698,1,[38.00065,32.4213]]],[156,[11.75702,23.48196,0,[39.00069,27.39983]]],[135,[13.94544,27.41469,0,[38.00071,29.11455]]],[149,[16.80373,33.35109,0,[38.00071,33.64608]]],[224,[16.93911,33.28895,0,[38.00069,36.28107]]],[230,[11.72706,23.44123,1,[38.00065,32.73076]]],[209,[14.37246,28.52473,1,[38.00064,35.20625]]],[131,[17.00523,33.3664,0,[38.00075,32.63985]]],[117,[14.11709,27.42852,0,[39.00072,28.36513]]],[229,[12.60198,25.18584,1,[38.00065,34.03603]]],[206,[17.2532,33.42775,0,[38.00073,35.14489]]],[225,[15.80031,31.02468,1,[38.00074,36.71149]]],[115,[14.985,29.04685,0,[38.00071,29.45032]]],[164,[18.21674,35.77648,0,[38.00076,34.80441]]],[244,[17.13061,33.08418,0,[38.00075,37.95007]]],[274,[10.90424,21.79886,1,[38.00065,33.65727]]],[148,[17.7266,34.63921,0,[38.00073,33.27199]]],[190,[17.48828,34.03976,0,[38.00075,34.10916]]],[227,[14.31805,28.44068,1,[38.00065,36.27147]]],[113,[16.46229,31.66481,0,[38.00071,31.09269]]],[223,[17.61039,33.8966,0,[38.00073,36.58356]]],[205,[17.92956,33.99773,0,[38.00076,35.55734]]],[112,[17.20114,32.90101,0,[38.00073,31.70507]]],[116,[14.62365,28.40104,0,[38.59569,29.0007]]],[222,[18.43326,35.15285,0,[38.00076,36.97535]]],[251,[11.79441,23.57472,1,[38.00066,33.96461]]],[147,[18.47266,35.99415,0,[38.00076,34.08112]]],[90,[16.95033,32.78496,0,[38.00072,30.31552]]],[130,[17.96599,34.87091,0,[38.00072,32.55128]]],[189,[18.99023,35.85815,0,[38.00076,35.56216]]],[226,[15.2198,29.78505,1,[38.00073,36.7893]]],[250,[12.65577,25.29351,1,[38.00064,35.24018]]],[129,[18.70185,36.20312,0,[38.00074,33.29435]]],[114,[15.76192,30.52669,0,[38.00072,30.59856]]],[163,[19.2099,36.65999,0,[38.00076,34.77151]]],[242,[18.35932,34.31065,0,[38.00081,37.96779]]],[273,[11.78475,23.5533,1,[38.00065,35.09955]]],[128,[19.10668,36.32202,0,[38.00071,32.16557]]],[111,[17.69826,33.28359,0,[38.00072,31.1608]]],[204,[18.7003,35.44187,0,[38.00078,36.22369]]],[146,[19.33104,36.52572,0,[38.00071,33.52196]]],[243,[17.69737,33.48335,0,[38.00072,37.81352]]],[249,[13.48232,26.75909,1,[38.00067,36.14245]]],[92,[15.51839,30.34246,0,[38.00072,29.21418]]],[162,[20.05374,37.55513,0,[38.00072,34.11422]]],[91,[16.24572,31.50443,0,[38.00071,29.74007]]],[203,[19.63523,36.58511,0,[38.0008,37.10082]]],[295,[11.81216,23.60547,1,[38.00065,36.30891]]],[180,[19.85694,36.63212,0,[38.00072,35.04939]]],[94,[14.69309,28.70802,0,[39.00071,28.03311]]],[108,[18.73143,35.47525,0,[38.00072,30.68961]]],[245,[16.49486,31.76528,1,[37.84532,38.00075]]],[272,[12.64121,25.26435,1,[38.00064,36.37143]]],[107,[19.47631,36.72084,0,[38.00072,31.31699]]],[70,[16.2039,31.56338,0,[38.79924,29.0007]]],[188,[19.77968,36.72587,0,[38.00077,36.1804]]],[294,[12.66622,25.26141,1,[38.00066,37.5738]]],[85,[19.70179,36.96739,0,[38.00074,30.52899]]],[127,[20.75879,39.17848,0,[38.00075,34.65592]]],[109,[18.44135,35.5356,0,[38.00074,31.90995]]],[144,[20.61975,39.87616,0,[38.00072,35.6439]]],[241,[18.57136,34.81553,0,[37.25694,38.00043]]],[161,[21.43639,39.799,0,[38.00079,35.98284]]],[145,[19.84953,37.20699,0,[38.00072,32.78534]]],[72,[15.59569,29.64388,0,[39.00071,27.91665]]],[268,[15.31479,29.51871,1,[37.00081,38.62339]]],[89,[17.24642,33.13859,0,[38.00072,29.63675]]],[106,[20.55435,38.9526,0,[38.00075,33.34485]]],[187,[20.4085,38.43557,0,[38.00074,37.6281]]],[93,[15.46958,30.08196,0,[39.00071,28.90002]]],[110,[18.02835,33.78468,0,[38.00073,30.42364]]],[174,[20.49377,38.48783,0,[38.00071,36.57727]]],[221,[19.29145,36.4082,0,[38.00072,37.65918]]],[271,[13.46447,26.69339,1,[38.00066,37.22297]]],[68,[17.56968,32.91301,0,[38.23869,29.0007]]],[105,[21.22921,40.37917,0,[38.00077,33.77446]]],[179,[21.38489,39.00937,0,[38.00078,37.01885]]],[69,[16.61898,31.98487,0,[38.30482,29.00069]]],[84,[20.2898,38.86018,0,[38.00074,31.99241]]],[201,[21.2537,38.98337,0,[38.0008,37.93341]]],[62,[20.49102,38.91129,0,[38.00077,31.16463]]],[220,[20.39017,36.63763,0,[37.00078,38.12087]]],[61,[21.21145,40.1646,0,[38.00076,31.62156]]],[82,[21.9288,42.00345,0,[38.00075,34.20334]]],[49,[17.3468,32.55027,0,[39.00071,28.93511]]],[83,[21.07927,40.26173,0,[38.00076,32.54478]]],[246,[15.83381,30.5267,1,[37.8111,38.00063]]],[202,[19.81758,37.48933,0,[37.42325,38.00058]]],[186,[22.1151,39.58017,0,[38.00079,37.24698]]],[59,[22.26738,42.62385,0,[38.00075,32.67632]]],[60,[21.82458,41.80596,0,[38.00076,33.00708]]],[118,[13.30793,25.77033,0,[39.0007,27.26807]]],[219,[21.8686,38.19457,0,[37.4244,38.00061]]],[58,[22.99685,44.03987,0,[38.00074,33.31452]]],[264,[17.96055,33.10495,0,[37.00069,38.55012]]],[126,[21.63005,40.66035,0,[38.00075,35.13878]]],[86,[18.87529,35.57946,0,[38.00073,29.78172]]],[239,[21.25463,36.60781,0,[37.00083,38.45591]]],[43,[19.96818,38.53294,0,[38.00074,29.74772]]],[81,[22.59274,42.95177,0,[38.00074,34.08681]]],[269,[14.45154,28.20439,1,[37.00069,38.02385]]],[87,[18.08394,34.5641,0,[38.00072,29.19921]]],[143,[22.41616,41.51709,0,[38.0007,36.60215]]],[39,[22.44762,43.72911,0,[38.00075,31.82812]]],[101,[24.29859,45.24765,0,[38.00077,34.19262]]],[248,[14.38079,28.52174,1,[38.0006,37.52504]]],[200,[22.81379,40.33729,0,[37.91323,38.00067]]],[63,[19.13552,36.84871,0,[38.00073,29.05007]]],[80,[23.3242,43.66446,0,[38.00079,32.71849]]],[125,[23.11394,42.18519,0,[38.00077,35.517]]],[21,[22.29819,43.66177,0,[38.00075,30.56374]]],[103,[23.3472,42.78787,0,[38.00076,34.73135]]],[293,[13.23843,26.18535,1,[37.71341,38.00074]]],[40,[21.65846,42.21764,0,[38.00078,31.28381]]],[104,[22.57068,42.29358,0,[38.00071,35.7248]]],[102,[23.70816,43.69614,0,[38.0008,34.122]]],[71,[16.39852,30.40272,0,[39.00071,28.15578]]],[262,[21.17115,35.69342,0,[37.00088,39.45906]]],[124,[24.12228,43.24183,0,[38.00076,35.50734]]],[88,[18.33014,34.35869,0,[39.00072,28.63323]]],[240,[19.14063,35.48732,0,[37.00073,38.21411]]],[95,[13.89446,27.11388,0,[39.0007,26.9668]]],[64,[18.89222,36.44429,0,[38.78455,29.00068]]],[178,[23.51813,40.5121,0,[38.00075,36.95699]]],[142,[24.74087,43.0117,0,[38.00077,35.65044]]],[266,[16.71126,31.63285,1,[37.0007,38.57928]]],[50,[17.65511,31.48088,0,[39.00072,28.20178]]],[79,[23.98786,45.17021,0,[38.0007,32.79601]]],[184,[25.028,43.3218,0,[38.00075,34.83018]]],[160,[23.8672,41.39265,0,[38.00079,36.24467]]],[261,[22.18212,36.26704,0,[37.00082,38.94707]]],[42,[20.77368,39.72169,0,[38.00076,30.20785]]],[65,[19.30803,35.65649,0,[39.00073,28.47374]]],[141,[24.49703,44.45701,0,[38.00078,32.11697]]],[185,[24.37716,41.52152,0,[38.00075,37.68081]]],[38,[23.0535,45.07317,0,[38.00075,31.3767]]],[292,[13.55268,26.76797,1,[37.00064,38.47992]]],[25,[20.24519,38.98838,0,[38.19138,29.00066]]],[199,[25.27307,41.66803,0,[38.00075,37.11419]]],[263,[19.8627,34.81927,0,[37.00075,39.64957]]],[159,[25.49673,43.27502,0,[38.00075,36.31435]]],[6,[22.88713,44.44907,0,[38.00073,30.04547]]],[41,[21.61037,40.5937,0,[38.00078,30.13656]]],[258,[25.28484,39.67396,0,[37.00077,38.85304]]],[257,[26.22445,41.68354,0,[38.00075,37.62277]]],[57,[23.72074,44.796,0,[38.00072,31.30323]]],[53,[15.91953,28.2056,0,[39.00071,26.23249]]],[291,[14.47719,28.07727,1,[37.00064,39.13248]]],[173,[23.38022,40.72161,0,[38.00066,37.85107]]],[256,[26.16616,43.69587,0,[38.00076,36.40324]]],[333,[11.13726,22.25752,1,[38.00065,37.70147]]],[20,[23.65447,45.4655,0,[38.00072,30.0804]]],[51,[16.69107,30.13757,0,[39.00072,27.43317]]],[172,[24.63407,41.9174,0,[38.00076,36.94937]]],[100,[25.17843,48.0837,0,[38.00076,32.2774]]],[285,[20.19593,33.65799,1,[37.00076,38.9712]]],[48,[17.73115,32.31781,0,[39.00074,27.04847]]],[24,[20.87632,39.82037,0,[38.00076,29.27676]]],[238,[22.68972,37.85284,0,[37.00075,38.57953]]],[280,[26.26929,39.74026,0,[37.00074,38.03849]]],[22,[22.05322,41.76011,0,[38.00076,29.22146]]],[247,[15.14524,29.59645,1,[38.00069,37.80647]]],[137,[13.04031,25.62634,0,[39.0007,28.17984]]],[338,[27.22669,38.63748,1,[37.3159,38.00065]]],[216,[25.59427,42.09772,0,[37.43332,38.00058]]],[265,[17.22093,32.24454,1,[37.00074,38.33345]]],[7,[23.15686,43.0854,0,[38.32318,29.0007]]],[44,[19.93406,37.94709,0,[38.80039,29.00068]]],[302,[26.97746,42.154,0,[38.00077,36.67061]]],[123,[24.76517,44.40286,0,[38.00078,33.47227]]],[9,[21.19261,41.11922,0,[39.00075,28.7436]]],[313,[12.2149,24.28103,1,[37.19777,38.00077]]],[67,[18.48007,33.61477,0,[39.00072,27.6271]]],[218,[23.79507,39.4817,0,[37.46117,38.00068]]],[286,[18.77328,32.67249,1,[37.00096,39.08106]]],[235,[25.63055,43.07187,0,[38.00077,34.9639]]],[78,[24.42262,46.21085,0,[38.00078,30.90059]]],[26,[20.42386,38.48934,0,[39.00075,28.27314]]],[284,[22.14598,35.45995,0,[37.00074,39.94176]]],[122,[25.68753,47.34022,0,[38.00078,32.0351]]],[270,[13.968,27.69323,1,[37.52615,38.00077]]],[23,[21.508,40.86178,0,[38.30874,29.00062]]],[217,[25.07747,40.82299,0,[37.66372,38.00068]]],[288,[16.96359,31.70396,1,[37.0007,39.95706]]],[8,[22.67973,42.12758,0,[38.55133,29.00068]]],[140,[25.467,47.24921,0,[38.00077,33.67223]]],[47,[18.13843,33.01808,0,[39.00072,26.15241]]],[279,[26.9122,42.938,0,[38.00076,37.70541]]],[0,[23.89762,44.14029,0,[38.00073,29.19979]]],[260,[23.33974,37.47705,0,[37.00074,38.55382]]],[320,[28.30621,43.03944,0,[37.81083,38.00065]]],[10,[22.08667,40.63527,0,[39.00079,28.60317]]],[1,[22.64543,42.27812,0,[39.00073,27.97585]]],[325,[19.56584,32.2024,1,[37.00066,40.41429]]],[237,[24.29874,38.88361,0,[37.00082,38.30046]]],[56,[24.84828,46.98536,0,[38.00075,30.443]]],[138,[11.97252,23.62963,0,[39.00069,26.61147]]],[45,[19.68053,36.54126,0,[39.00073,27.72614]]],[236,[26.03303,40.30113,0,[37.00078,38.8032]]],[13,[24.2173,40.28941,0,[39.00075,28.63906]]],[348,[10.57193,21.12811,1,[37.00068,38.21443]]],[27,[20.57445,37.3164,0,[39.00076,27.34476]]],[344,[14.84573,26.9782,1,[37.00071,41.4525]]],[282,[23.88967,37.66302,0,[37.0007,40.02329]]],[336,[28.78733,45.58267,1,[37.34205,38.00067]]],[73,[14.82682,28.27199,0,[39.00071,27.10975]]],[14,[22.58029,36.66754,0,[39.00073,26.7819]]],[259,[24.2985,38.72692,0,[37.00079,39.38773]]],[310,[15.37779,29.01875,1,[37.0008,41.00406]]],[278,[26.28833,44.33971,0,[38.00077,35.22392]]],[331,[12.06433,23.9663,1,[37.00067,38.94072]]],[52,[15.6297,29.08423,0,[39.00072,26.85346]]],[66,[18.89756,34.33348,0,[39.00071,26.9927]]],[287,[18.3612,32.55682,1,[37.00079,39.91886]]],[323,[25.21103,34.21681,1,[37.00081,39.86651]]],[3,[24.68931,39.69786,0,[38.19282,29.00067]]],[330,[12.88937,25.35983,1,[37.00062,39.60466]]],[96,[13.09024,25.56527,0,[39.00071,25.89517]]],[283,[26.61482,37.06503,0,[37.00073,41.44443]]],[350,[27.82077,40.8754,1,[37.00076,38.68419]]],[267,[16.06086,30.38073,1,[37.00068,38.48261]]],[74,[14.86483,26.88309,0,[39.0007,26.05466]]],[75,[14.88239,25.24157,0,[39.00071,24.96682]]],[324,[22.99134,32.92084,1,[37.00079,39.88853]]],[340,[28.16694,35.43447,1,[37.00072,40.15711]]],[97,[14.02963,25.25344,0,[39.00073,26.0472]]],[12,[21.87422,39.3655,0,[39.00077,27.2787]]],[311,[14.36347,27.20346,1,[37.00072,40.05738]]],[304,[26.14305,35.93908,1,[37.00075,40.03458]]],[234,[26.52508,47.46941,0,[38.00075,32.72426]]],[312,[13.06939,25.48524,1,[37.00069,38.73695]]],[77,[15.43239,25.62589,0,[39.00071,24.69435]]],[11,[21.32493,39.54912,0,[39.00075,27.79619]]],[351,[29.65869,42.14765,1,[38.00074,37.78961]]],[281,[26.80752,38.41319,0,[37.00078,39.74172]]],[314,[11.95258,23.87198,1,[38.00065,37.70002]]],[30,[19.08331,33.13762,0,[39.00072,26.17768]]],[121,[11.61503,22.23468,0,[39.00071,24.98879]]],[99,[25.56212,32.65783,0,[38.27348,29.00067]]],[306,[24.85986,34.33835,1,[37.00071,41.45563]]],[328,[16.59387,28.49874,1,[37.00069,41.41698]]],[31,[17.31114,31.10093,0,[39.00074,25.57548]]],[32,[16.99707,31.22906,0,[39.0007,26.71239]]],[321,[27.14184,39.04139,1,[37.00068,39.131]]],[289,[16.22968,30.33036,1,[37.00064,39.77695]]],[18,[22.2964,32.87774,0,[39.00067,25.31089]]],[290,[15.50843,29.49274,1,[37.00077,39.87625]]],[120,[12.28918,22.76803,0,[39.00069,24.99426]]],[198,[26.16352,47.28561,0,[38.00076,33.7472]]],[327,[19.21747,29.82123,1,[37.00062,41.35469]]],[2,[23.48201,42.67075,0,[39.00072,28.36656]]],[54,[16.20877,27.45014,0,[39.0007,25.46308]]],[355,[11.39662,22.68403,1,[37.00068,40.41071]]],[305,[25.42678,35.55194,1,[37.00073,41.08905]]],[158,[25.60456,47.69658,0,[38.00075,30.55684]]],[346,[12.26665,24.20335,1,[37.00066,40.29501]]],[34,[24.47113,30.81741,0,[39.00075,26.47302]]],[37,[23.47406,32.87756,0,[39.00072,25.81895]]],[343,[30.64308,31.66852,1,[37.00066,39.44226]]],[308,[17.54399,31.37773,1,[37.00077,39.72935]]],[337,[28.65091,41.47368,1,[37.00074,39.22162]]],[76,[14.06575,25.07693,0,[39.00072,24.9292]]],[5,[23.3726,37.27356,0,[39.00071,27.0016]]],[301,[26.98425,45.01209,0,[38.00075,35.37744]]],[303,[27.31928,37.86919,0,[37.00072,41.20813]]],[345,[13.11745,25.77457,1,[37.00063,41.02979]]],[4,[21.76432,34.96108,0,[39.00078,25.94389]]],[17,[21.08646,33.64019,0,[39.00071,26.32872]]],[309,[17.74078,30.36637,1,[37.00071,41.44173]]],[319,[27.65445,45.36444,0,[38.0008,37.01788]]],[307,[21.01891,32.97179,1,[37.00079,40.38608]]],[326,[22.04416,32.58008,1,[37.00089,41.59001]]],[16,[18.88245,31.2087,0,[39.00071,24.82569]]],[19,[24.49895,38.00192,0,[39.00073,27.87023]]],[339,[29.10761,38.62681,1,[37.00074,40.99643]]],[318,[28.28555,47.46284,0,[38.00075,36.44931]]],[35,[16.55858,28.56628,0,[39.00069,24.92838]]],[342,[23.36575,32.73808,1,[37.00063,41.3929]]],[29,[20.43397,35.94289,0,[39.00074,26.0983]]],[329,[13.79034,26.56118,1,[37.00072,40.2405]]],[341,[29.71618,35.96157,1,[37.00069,40.52929]]],[300,[27.30557,47.10147,0,[38.00075,34.60189]]],[33,[17.45801,28.8348,0,[39.00071,24.64692]]],[15,[18.28179,30.95822,0,[39.00071,24.9989]]],[334,[10.26324,20.52086,1,[38.00065,36.28885]]],[352,[29.57456,37.34439,1,[37.00076,38.96239]]],[46,[19.78737,35.54258,0,[39.00074,26.57028]]],[55,[20.96042,29.56126,0,[39.00071,24.94433]]],[322,[27.96961,37.78391,1,[37.00071,41.03143]]],[36,[20.20965,29.48756,0,[39.00074,24.7603]]],[296,[10.95417,21.89902,1,[38.00065,34.96212]]],[139,[10.98223,21.79596,0,[39.0007,25.10167]]],[353,[13.89146,25.71106,1,[37.00073,41.4573]]],[354,[12.28167,24.32812,1,[37.0007,41.40546]]],[98,[13.15775,23.78914,0,[39.00071,24.82786]]],[119,[12.51084,24.53162,0,[39.00071,26.53842]]],[347,[11.39177,22.73303,1,[37.00066,39.22365]]],[332,[11.38225,22.73608,1,[37.22104,38.00076]]],[28,[19.62141,35.44305,0,[39.00075,25.12166]]],[315,[11.06684,22.12249,1,[38.00064,36.37761]]],[157,[10.94052,21.85294,0,[39.00069,26.23129]]]
2:[299,[47.18258,94.26196,1,[87.11761,88.0007]]],[277,[47.56257,95.03873,1,[88.00072,86.86774]]],[298,[48.12794,96.05718,1,[87.47598,88.00071]]],[317,[48.36744,96.15308,1,[87.00072,89.45785]]],[255,[47.6385,94.99225,1,[88.00072,85.62823]]],[276,[48.65338,96.54858,1,[88.00071,87.35313]]],[316,[48.87118,97.33252,1,[87.00072,88.9941]]],[233,[49.11547,97.93365,1,[87.28764,88.0007]]],[215,[49.10127,97.91669,1,[88.0007,86.67219]]],[254,[48.22558,95.7035,1,[88.00069,85.36603]]],[214,[49.89524,99.01864,1,[88.0007,87.82621]]],[275,[49.82075,98.81367,1,[87.00069,89.71447]]],[232,[49.81192,99.42805,1,[87.00071,88.41439]]],[197,[48.84808,96.78893,1,[88.00069,85.09945]]],[183,[49.7319,99.21561,0,[88.0007,86.22887]]],[194,[50.47815,100.4217,0,[88.0007,87.72704]]],[196,[50.32802,100.2769,1,[87.0007,88.29864]]],[335,[50.62386,96.97493,1,[87.00071,90.05534]]],[177,[50.3983,100.4244,0,[88.0007,86.3576]]],[171,[49.59467,98.47442,0,[88.0007,84.84606]]],[182,[51.13649,101.655,0,[88.00069,87.89848]]],[297,[51.12171,99.7295,1,[87.00072,89.77312]]],[213,[51.06563,100.9649,1,[87.00069,88.44863]]],[169,[51.09074,101.382,0,[88.00071,86.54672]]],[170,[50.2959,99.09982,0,[88.00069,84.94987]]],[176,[51.73589,102.5905,0,[87.85339,88.00072]]],[231,[51.96505,101.4802,1,[87.00072,89.36861]]],[349,[51.83438,98.55566,1,[87.00072,90.27804]]],[193,[51.92195,101.3043,0,[87.00071,88.22173]]],[168,[51.68546,102.0485,0,[88.00069,86.40407]]],[154,[50.94003,100.9013,0,[88.00071,84.89637]]],[181,[52.4148,102.6881,0,[88.00072,87.83513]]],[192,[52.60892,102.8066,0,[87.0007,88.54894]]],[253,[52.80498,102.4191,1,[87.00072,90.04606]]],[167,[52.3782,103.0446,0,[88.00071,86.44435]]],[175,[53.06467,103.8183,0,[87.94147,88.00069]]],[155,[51.65126,100.2456,0,[88.00069,84.94833]]],[166,[53.12315,104.0479,0,[88.00071,86.75955]]],[210,[53.21592,103.784,1,[87.00072,88.59123]]],[191,[53.59716,104.1678,0,[87.65044,88.0007]]],[208,[53.51114,104.0286,0,[87.00071,90.11449]]],[152,[52.43024,102.6918,0,[88.00072,85.12148]]],[134,[53.52984,104.5768,0,[88.00071,86.34602]]],[151,[54.22749,105.4505,0,[88.0007,87.83652]]],[211,[53.99277,104.1429,1,[87.00071,88.45241]]],[195,[54.10144,102.3098,1,[87.00072,89.83902]]],[153,[52.94664,101.5488,0,[88.00071,84.78969]]],[133,[54.30944,105.3934,0,[88.0007,86.58775]]],[165,[54.75355,106.2003,0,[87.79786,88.00069]]],[228,[54.66105,104.519,1,[87.00072,88.76262]]],[212,[54.80529,105.4781,1,[87.00072,90.14485]]],[136,[53.7196,102.2838,0,[88.00072,85.0237]]],[132,[54.84039,106.0197,0,[88.00071,86.51365]]],[150,[55.34623,106.2769,0,[87.89127,88.0007]]],[207,[55.23848,104.6244,0,[87.00072,88.74281]]],[252,[55.50716,104.963,1,[87.00071,90.18848]]],[156,[54.34109,100.0985,0,[88.00072,84.89429]]],[135,[55.231,103.8637,0,[88.0007,86.09174]]],[149,[55.84169,107.1625,0,[88.0007,87.68289]]],[224,[55.67209,105.6899,0,[87.00071,88.44092]]],[230,[56.17683,105.9293,1,[87.00069,90.08317]]],[209,[56.09887,104.896,1,[87.22148,88.00071]]],[131,[55.96439,107.0853,0,[88.00069,86.55653]]],[117,[55.09308,102.9815,0,[88.0007,84.80178]]],[229,[56.61836,105.4554,1,[87.00069,89.56657]]],[206,[56.74383,106.6418,0,[88.00072,87.79926]]],[225,[56.80247,104.9656,1,[87.00072,88.57135]]],[115,[55.96656,104.4593,0,[88.00069,85.29477]]],[164,[56.85595,108.5096,0,[88.0007,86.84598]]],[244,[57.15808,104.6226,0,[87.21365,88.0007]]],[274,[57.40431,105.332,1,[87.00069,90.25423]]],[148,[57.67283,108.7873,0,[88.00071,87.61455]]],[190,[56.50025,106.1179,0,[88.0007,85.19446]]],[227,[57.85065,106.7648,1,[87.00068,89.79534]]],[113,[57.3344,106.1549,0,[88.00071,86.14548]]],[223,[57.83295,106.5846,0,[87.00072,88.61307]]],[205,[58.17061,106.9968,0,[87.63467,88.00071]]],[112,[58.07375,107.6288,0,[88.00071,86.87383]]],[116,[56.82594,103.3586,0,[88.0007,84.58878]]],[222,[58.57411,107.6394,0,[87.00071,88.66199]]],[251,[58.58226,106.6314,1,[87.00069,90.09805]]],[147,[58.82285,109.7658,0,[87.84196,88.0007]]],[90,[57.6177,107.1976,0,[88.00069,85.14482]]],[130,[58.49371,108.6411,0,[88.00071,86.53303]]],[189,[59.41903,108.7464,0,[87.92556,88.00072]]],[226,[59.17624,105.6149,1,[87.00071,88.63781]]],[250,[59.24082,107.2329,1,[87.0007,90.18126]]],[129,[59.03193,109.554,0,[88.00072,86.4856]]],[114,[58.11885,104.8917,0,[88.00071,84.93863]]],[163,[59.96007,110.0017,0,[88.00071,87.85657]]],[242,[59.73549,106.4899,0,[87.0007,88.51255]]],[273,[59.88329,106.23,1,[87.00071,90.15581]]],[128,[59.458,110.1896,0,[88.0007,86.13898]]],[111,[58.67984,106.8678,0,[88.0007,84.78896]]],[204,[60.51617,108.1423,0,[87.83458,88.0007]]],[146,[60.15276,109.8826,0,[88.00072,86.61585]]],[243,[60.44998,106.3075,0,[87.00071,88.7295]]],[249,[60.54259,106.873,1,[87.0007,90.08218]]],[92,[59.53077,106.2433,0,[88.00069,84.92001]]],[162,[61.13326,111.5,0,[87.97905,88.00071]]],[91,[60.63548,108.3246,0,[88.00071,86.41624]]],[203,[61.14275,108.719,0,[87.00071,88.53551]]],[295,[61.2576,106.3665,1,[87.00072,90.03191]]],[180,[61.69437,109.8229,0,[87.89175,88.00071]]],[94,[60.19691,104.8478,0,[88.00072,84.85322]]],[108,[61.20044,110.7453,0,[88.0007,86.43193]]],[245,[61.86312,106.3722,1,[87.00071,88.56117]]],[272,[61.88489,107.6179,1,[87.00072,90.0153]]],[107,[61.99289,111.9564,0,[88.00069,87.09857]]],[70,[61.08434,107.6643,0,[88.00071,85.16655]]],[188,[62.21457,108.9291,0,[87.15736,88.00072]]],[294,[62.55684,107.5766,1,[87.00072,90.02827]]],[85,[62.31825,112.2939,0,[88.00069,86.2906]]],[127,[62.97902,112.4904,0,[88.0007,87.85275]]],[109,[61.56776,108.9438,0,[88.00072,84.86631]]],[144,[63.02063,112.4217,0,[87.00071,88.62358]]],[241,[63.16137,108.4185,0,[87.00069,89.9037]]],[161,[63.38022,112.1363,0,[87.48547,88.0007]]],[145,[63.39594,111.2042,0,[88.00072,87.0236]]],[72,[62.6124,107.155,0,[88.00072,85.43714]]],[268,[63.88857,106.3275,1,[87.00072,89.91246]]],[89,[63.55762,109.4479,0,[88.00071,86.17231]]],[106,[64.20518,113.4522,0,[87.9455,88.00072]]],[187,[63.83144,110.5104,0,[87.00072,88.61608]]],[93,[62.85616,105.7991,0,[88.00071,84.67707]]],[110,[64.21799,109.6532,0,[88.00071,86.49205]]],[174,[64.65483,111.0786,0,[87.61734,88.00071]]],[221,[64.72206,108.8799,0,[87.0007,89.04843]]],[271,[64.64577,107.2103,1,[87.00071,90.13409]]],[68,[63.62072,108.4476,0,[88.00071,84.90469]]],[105,[64.95436,114.028,0,[88.00071,87.17254]]],[179,[65.01456,110.4545,0,[87.00069,88.06518]]],[69,[64.25295,107.8011,0,[88.00069,84.8963]]],[84,[65.70871,114.1952,0,[88.0007,87.84978]]],[201,[65.63997,111.7808,0,[87.00068,89.96985]]],[62,[65.04826,113.5589,0,[88.00071,86.12695]]],[220,[65.78687,109.7788,0,[87.00071,88.87806]]],[61,[65.72307,114.7807,0,[88.00071,86.49117]]],[82,[65.94621,115.5838,0,[87.227,88.00071]]],[49,[65.19712,108.3958,0,[88.00071,84.91564]]],[83,[66.50681,115.072,0,[88.0007,87.68919]]],[246,[66.49603,108.9781,1,[87.00071,90.34932]]],[202,[66.69152,111.4198,0,[87.00069,89.51787]]],[186,[66.60639,111.2036,0,[87.00069,88.27812]]],[59,[66.4525,116.4224,0,[88.00071,86.41194]]],[60,[67.17473,116.552,0,[88.0007,87.94205]]],[118,[65.82156,103.936,0,[88.00071,84.86626]]],[219,[67.31672,110.2725,0,[87.00069,88.75687]]],[58,[67.1437,117.6324,0,[88.00071,86.61413]]],[264,[67.51198,107.4837,0,[87.00069,90.16905]]],[126,[67.66026,114.4978,0,[87.76485,88.00071]]],[86,[66.51879,111.0732,0,[88.0007,85.02763]]],[239,[67.89122,109.1921,0,[87.0007,88.71806]]],[43,[67.60049,115.0141,0,[88.00072,86.27122]]],[81,[68.23842,117.0248,0,[88.00069,87.83485]]],[269,[68.27731,107.8462,1,[87.00072,90.21172]]],[87,[66.96828,110.779,0,[88.0007,84.69064]]],[143,[68.31372,114.0591,0,[87.00069,88.37395]]],[39,[68.25579,118.6754,0,[88.00072,86.47387]]],[101,[68.8876,119.0838,0,[87.97072,88.0007]]],[248,[68.9668,111.0123,1,[87.00072,90.04829]]],[200,[69.0179,112.4693,0,[87.0007,88.78399]]],[63,[67.79062,112.8929,0,[88.0007,84.92327]]],[80,[68.96248,118.2486,0,[88.00072,86.75308]]],[125,[69.27206,115.1662,0,[87.39024,88.00069]]],[21,[69.53649,119.8163,0,[88.0007,86.80119]]],[103,[69.88711,116.426,0,[87.51114,88.00071]]],[293,[69.82217,107.9752,1,[87.0007,90.09502]]],[40,[68.62866,116.8195,0,[88.00069,85.09499]]],[104,[70.05353,116.2916,0,[87.00069,89.21469]]],[102,[70.3465,117.4882,0,[88.0007,87.40299]]],[71,[69.43324,107.8841,0,[88.00069,85.38095]]],[262,[70.41987,108.7813,0,[87.0007,88.53196]]],[124,[70.84085,116.7515,0,[87.57552,88.00071]]],[88,[70.28206,112.2281,0,[88.00069,86.18673]]],[240,[70.94539,110.7301,0,[87.00069,90.16443]]],[95,[69.70815,106.1902,0,[88.00071,84.60155]]],[64,[71.07481,115.3222,0,[88.00071,87.17466]]],[178,[71.26326,113.9585,0,[87.0007,88.78777]]],[142,[71.47609,115.9318,0,[87.47003,88.00071]]],[266,[71.62289,112.0832,1,[87.0007,90.26501]]],[50,[70.57624,108.3975,0,[88.00069,85.18434]]],[79,[71.37379,119.288,0,[88.00071,86.53654]]],[184,[72.15405,117.2243,0,[88.0007,87.92874]]],[160,[72.04527,115.2954,0,[87.0007,88.5989]]],[261,[72.27,110.1868,0,[87.00068,89.99618]]],[42,[71.93713,116.632,0,[88.00069,86.37071]]],[65,[71.07651,112.8423,0,[88.00069,84.87141]]],[141,[72.70111,120.2322,0,[88.00071,87.89499]]],[185,[72.5954,114.3059,0,[87.0007,88.55414]]],[38,[72.75164,120.4905,0,[88.00071,86.75136]]],[292,[73.09337,110.6925,1,[87.00072,90.14447]]],[25,[71.84899,115.626,0,[88.00071,85.0778]]],[199,[72.98247,114.1084,0,[87.21896,88.00071]]],[263,[73.57236,108.6378,0,[87.00072,89.62987]]],[159,[73.74606,116.4454,0,[88.00071,87.95465]]],[6,[73.24124,120.6244,0,[88.00072,86.39913]]],[41,[72.45067,115.8344,0,[88.00069,85.00035]]],[258,[73.73088,112.0052,0,[87.00071,88.51993]]],[257,[74.33027,114.6818,0,[87.97929,88.00072]]],[57,[73.90131,120.2607,0,[88.0007,86.46571]]],[53,[73.08614,108.6854,0,[88.0007,84.90041]]],[291,[74.30949,110.4369,1,[87.00071,90.08546]]],[173,[74.40136,113.7995,0,[87.0007,88.47889]]],[256,[74.86348,116.582,0,[88.00071,87.8912]]],[333,[74.91579,108.9997,1,[87.0007,90.06889]]],[20,[74.61034,121.8136,0,[88.0007,86.40153]]],[51,[73.79108,109.6687,0,[88.00069,85.04901]]],[172,[75.02995,116.3987,0,[87.00072,88.21975]]],[100,[75.40602,123.2075,0,[88.00071,87.69205]]],[285,[75.42756,110.7263,1,[87.00073,89.76238]]],[48,[74.29092,111.9854,0,[88.00071,84.70393]]],[24,[75.05386,117.383,0,[88.00069,85.98826]]],[238,[75.80051,112.7556,0,[87.00071,88.91876]]],[280,[75.85383,113.3662,0,[87.52435,88.00071]]],[22,[75.83614,119.4023,0,[88.0007,87.00475]]],[247,[76.18101,110.0573,1,[87.00071,90.41614]]],[137,[75.00413,101.4525,0,[88.00071,84.70091]]],[338,[76.35763,113.2326,1,[87.00072,88.68066]]],[216,[76.57204,114.7896,0,[87.89988,88.0007]]],[265,[76.72665,113.2618,1,[87.00072,90.18322]]],[7,[76.56564,120.5814,0,[88.00072,86.87674]]],[44,[75.78326,116.2758,0,[88.00071,85.83232]]],[302,[76.77872,115.3103,0,[87.0007,88.21143]]],[123,[77.33899,119.3386,0,[88.0007,87.77458]]],[9,[76.66454,118.7199,0,[88.00072,85.75394]]],[313,[77.31426,109.0777,1,[87.0007,89.9986]]],[67,[75.8528,112.371,0,[88.0007,84.81673]]],[218,[77.44265,114.063,0,[87.0007,88.24306]]],[286,[77.78747,113.8896,1,[87.00072,89.73514]]],[235,[78.09987,117.1763,0,[87.87457,88.00071]]],[78,[77.45827,122.2045,0,[88.00071,86.67226]]],[26,[76.86391,116.1573,0,[88.00071,84.85929]]],[284,[78.21348,110.1122,0,[87.0007,88.69058]]],[122,[78.3838,122.4733,0,[88.00069,87.23103]]],[270,[78.4809,113.2776,1,[87.00071,90.1284]]],[23,[77.67201,118.3492,0,[88.00071,85.62396]]],[217,[78.48087,116.6092,0,[87.06297,88.00072]]],[288,[79.11178,114.1814,1,[87.00072,90.10935]]],[8,[78.65397,120.1731,0,[88.0007,86.42899]]],[140,[79.29309,122.1263,0,[87.97429,88.00072]]],[47,[77.9667,114.6298,0,[88.00071,84.88779]]],[279,[79.40881,116.7656,0,[87.0007,88.34308]]],[0,[79.34473,122.5698,0,[88.00072,86.70643]]],[260,[79.33529,113.1698,0,[87.00072,89.35685]]],[320,[79.96889,116.9445,0,[87.8504,88.0007]]],[10,[78.71284,118.3672,0,[88.0007,85.10605]]],[1,[79.79415,121.2233,0,[88.00072,86.40332]]],[325,[80.16924,110.9869,1,[87.00069,90.00388]]],[237,[80.18522,116.2995,0,[87.00072,88.53882]]],[56,[80.50549,124.7233,0,[88.00073,87.81425]]],[138,[79.21298,103.1968,0,[88.00073,84.80391]]],[45,[80.09672,116.5073,0,[88.00069,85.73266]]],[236,[80.7222,115.1386,0,[87.0007,88.28139]]],[13,[81.02,119.2347,0,[88.0007,87.71176]]],[348,[80.80709,106.6668,1,[87.00072,90.06914]]],[27,[80.84221,118.7895,0,[88.00069,86.37582]]],[344,[81.39175,108.8768,1,[87.0007,89.95565]]],[282,[81.37309,112.543,0,[87.00069,88.54749]]],[336,[81.67159,123.2221,1,[88.0007,87.98463]]],[73,[80.2664,107.056,0,[88.0007,84.77378]]],[14,[81.40006,118.1748,0,[88.00072,86.36794]]],[259,[81.90477,116.6105,0,[87.22279,88.00069]]],[310,[82.28857,113.2924,1,[87.00072,89.37293]]],[278,[82.17699,119.2197,0,[88.00071,87.33102]]],[331,[82.09577,109.7651,1,[87.00072,90.22601]]],[52,[80.96361,108.8119,0,[88.0007,84.82985]]],[66,[81.79431,117.3438,0,[88.00071,85.70125]]],[287,[82.59862,117.3055,1,[87.00071,88.71523]]],[323,[82.79694,110.8158,1,[87.78171,88.00071]]],[3,[82.58344,118.3631,0,[88.00072,86.67258]]],[330,[83.08222,112.2081,1,[87.00072,90.30875]]],[96,[81.82394,106.0073,0,[88.00071,84.62109]]],[283,[83.06841,112.0382,0,[87.0007,88.30732]]],[350,[83.39172,117.3538,1,[88.0007,87.7434]]],[267,[83.58695,117.1614,1,[87.00069,89.93262]]],[74,[82.59486,109.7035,0,[88.00072,85.52573]]],[75,[83.38728,111.9876,0,[88.00069,86.58468]]],[324,[83.73643,115.0624,1,[87.00072,88.65282]]],[340,[83.9957,113.7616,1,[87.84223,88.00069]]],[97,[82.91004,108.7545,0,[88.00069,84.88879]]],[12,[84.04447,122.6314,0,[88.00074,86.88138]]],[311,[84.25431,113.8781,1,[87.00071,90.2058]]],[304,[84.26051,115.1976,1,[87.00069,88.37386]]],[234,[84.79218,124.4168,0,[87.86726,88.00072]]],[312,[84.78288,113.3141,1,[87.00069,89.97617]]],[77,[83.61432,112.9507,0,[88.00074,85.25395]]],[11,[84.5116,122.2556,0,[88.0007,86.55585]]],[351,[85.02439,123.726,1,[87.0007,88.56422]]],[281,[85.3751,114.4274,0,[87.89264,88.00069]]],[314,[85.38869,109.394,1,[87.0007,90.06171]]],[30,[85.09061,118.8413,0,[88.00072,86.5046]]],[121,[84.10953,104.7426,0,[88.0007,84.96267]]],[99,[85.97807,113.6564,0,[88.00072,87.96337]]],[306,[85.72808,117.1067,1,[87.00072,88.54502]]],[328,[86.02004,114.7477,1,[87.00071,90.01493]]],[31,[85.71989,119.8479,0,[88.00072,86.48164]]],[32,[84.76777,116.0416,0,[88.00073,84.96527]]],[321,[86.51843,117.9664,1,[87.90733,88.00069]]],[289,[86.47762,116.2628,1,[87.00072,88.66992]]],[18,[86.32949,117.3178,0,[88.00072,86.55145]]],[290,[86.71838,115.5751,1,[87.00071,90.07307]]],[120,[85.3911,105.6176,0,[88.00072,84.93442]]],[198,[87.18012,123.6558,0,[88.00071,87.92057]]],[327,[86.96424,114.1858,1,[87.0007,88.48977]]],[2,[86.95182,122.7365,0,[88.00072,86.45219]]],[54,[86.07158,112.1818,0,[88.00072,85.00601]]],[355,[87.45413,108.1891,1,[87.00072,90.0655]]],[305,[87.47863,120.5703,1,[87.00071,88.37899]]],[158,[87.86478,128.3272,0,[88.00071,87.89977]]],[346,[88.11381,112.7291,1,[87.00072,90.13991]]],[34,[87.51555,114.4376,0,[88.00071,86.31393]]],[37,[86.70159,116.0282,0,[88.00071,84.88179]]],[343,[88.07661,114.3198,1,[87.03802,88.00071]]],[308,[88.38041,119.5151,1,[87.00071,89.45618]]],[337,[88.33916,120.7351,1,[88.0007,87.4276]]],[76,[87.45992,112.9555,0,[88.00069,85.00201]]],[5,[88.29346,120.8693,0,[88.0007,86.25532]]],[301,[89.05059,120.1847,0,[88.00069,87.85781]]],[303,[88.76968,119.4548,0,[87.00071,88.45596]]],[345,[89.14393,112.683,1,[87.0007,90.05289]]],[4,[88.92254,121.941,0,[88.0007,86.1827]]],[17,[88.07555,118.8726,0,[88.00071,84.82452]]],[309,[89.30193,120.2711,1,[87.00068,88.3222]]],[319,[89.62163,121.0732,0,[88.0007,87.70547]]],[307,[89.77245,118.1283,1,[87.00066,90.07398]]],[326,[89.80043,119.3933,1,[87.00073,88.0704]]],[16,[88.81657,119.5745,0,[88.00071,84.7795]]],[19,[90.06495,122.965,0,[88.00074,87.3864]]],[339,[90.25565,124.4285,1,[87.00072,89.72749]]],[318,[90.75314,122.4637,0,[87.8225,88.00071]]],[35,[89.61217,118.1148,0,[88.00072,85.85238]]],[342,[90.56285,118.7728,1,[87.0007,88.69318]]],[29,[90.46268,125.443,0,[88.00071,86.64693]]],[329,[91.0037,115.7006,1,[87.0007,90.23853]]],[341,[91.19307,121.9532,1,[87.0007,88.46255]]],[300,[91.5462,123.4366,0,[88.0007,87.94997]]],[33,[89.96838,118.0842,0,[88.00069,85.03044]]],[15,[91.00632,119.4817,0,[88.0007,86.37305]]],[334,[91.61407,106.4176,1,[87.0007,90.01234]]],[352,[91.7694,126.295,1,[87.00069,88.18092]]],[46,[90.66338,125.7438,0,[88.00071,84.88346]]],[55,[92.16194,123.3695,0,[88.0007,87.54983]]],[322,[92.33255,126.9278,1,[87.0007,89.87917]]],[36,[91.55904,121.7593,0,[88.00069,85.83248]]],[296,[92.50271,109.4099,1,[87.0744,88.00073]]],[139,[92.72571,111.3496,0,[88.00072,87.15641]]],[353,[93.00543,113.6657,1,[87.00069,89.66164]]],[354,[93.47785,114.9434,1,[87.61889,88.00071]]],[98,[92.01791,113.1301,0,[88.00071,85.23129]]],[119,[93.0303,109.7031,0,[88.0007,86.33138]]],[347,[93.64298,113.6932,1,[87.00069,89.30711]]],[332,[94.34805,118.0256,1,[87.99165,88.00071]]],[28,[93.5591,124.3913,0,[88.00072,85.83885]]],[315,[94.37202,103.038,1,[87.00072,89.06214]]],[157,[94.62553,106.7029,0,[88.00068,87.02502]]]

Travel Distances:
[299,115.8958],[277,117.8967],[298,117.7412],[317,117.1161],[255,117.3146],[276,119.1373],[316,119.3389],[233,119.6351],[215,119.6423],[254,118.7997],[214,121.1614],[275,120.9126],[232,121.7549],[197,120.683],[183,121.6974],[194,121.3858],[196,121.5149],[335,119.386],[177,123.501],[171,123.0739],[182,123.2279],[297,121.1308],[213,122.6334],[169,122.9475],[170,122.2067],[176,125.0337],[231,123.3051],[349,120.4772],[193,123.3096],[168,124.4583],[154,124.6909],[181,123.6682],[192,125.451],[253,124.5294],[167,126.0508],[175,125.5747],[155,124.5381],[166,125.7315],[210,125.0995],[191,124.8966],[208,124.7085],[152,127.414],[134,127.3749],[151,126.8811],[211,126.0814],[195,123.7722],[153,125.1756],[133,128.7201],[165,128.5411],[228,127.039],[212,127.4277],[136,126.4233],[132,128.265],[150,127.4222],[207,125.9473],[252,125.5139],[156,124.9525],[135,127.2691],[149,129.3505],[224,128.092],[230,127.1889],[209,126.5073],[131,129.0242],[117,126.4132],[229,127.8643],[206,128.9537],[225,127.2494],[115,128.2011],[164,130.6621],[244,126.2184],[274,126.0287],[148,131.3651],[190,130.7196],[227,128.6611],[113,129.3832],[223,128.7251],[205,128.5228],[112,129.3083],[116,127.1244],[222,130.3864],[251,128.9647],[147,131.9974],[90,131.4088],[130,131.4399],[189,129.7791],[226,127.1437],[250,128.1395],[129,131.2954],[114,128.0672],[163,131.9668],[242,128.8448],[273,127.8543],[128,133.0616],[111,130.8549],[204,129.0074],[146,131.3364],[243,129.1344],[249,129.2235],[92,130.684],[162,133.1352],[91,130.8306],[203,130.3479],[295,127.294],[180,130.3291],[94,129.7326],[108,134.0317],[245,128.5663],[272,129.1762],[107,133.7736],[70,130.8057],[188,130.2387],[294,127.8339],[85,135.4984],[127,134.4183],[109,133.0063],[144,134.1346],[241,129.5443],[161,133.1773],[145,132.3711],[72,129.6312],[268,128.0223],[89,132.1903],[106,134.8844],[187,132.438],[93,129.7182],[110,133.0617],[174,133.6395],[221,131.0833],[271,129.2235],[68,132.9712],[105,135.9534],[179,132.3783],[69,131.038],[84,134.6902],[201,132.2318],[62,137.2355],[220,132.0381],[61,137.1443],[82,137.4548],[49,131.7571],[83,135.8696],[246,129.7066],[202,133.6669],[186,133.7063],[59,139.3661],[60,138.0344],[118,128.0824],[219,131.333],[58,139.1497],[264,128.0245],[126,136.98],[86,135.7722],[239,131.1305],[43,137.623],[81,138.3363],[269,128.9235],[87,134.2789],[143,135.114],[39,142.0097],[101,141.1475],[248,132.6431],[200,134.0428],[63,136.6142],[80,140.2404],[125,136.5269],[21,142.5919],[103,138.532],[293,129.908],[40,140.9636],[104,137.9622],[102,138.724],[71,130.6289],[262,129.7905],[124,138.9263],[88,135.3614],[240,132.5555],[95,130.3225],[64,136.8169],[178,135.258],[142,136.7775],[266,134.5108],[50,132.8648],[79,142.1943],[184,138.7443],[160,137.0122],[261,131.4179],[42,138.5344],[65,136.154],[141,142.6632],[185,136.9198],[38,142.8199],[292,132.1958],[25,139.3418],[199,135.9499],[263,129.2046],[159,138.8152],[6,143.9247],[41,140.3939],[258,134.2741],[257,135.9254],[57,142.2481],[53,132.0393],[291,131.4614],[173,136.7255],[256,138.7444],[333,130.8429],[20,144.4547],[51,133.7046],[172,138.166],[100,144.2641],[285,131.5985],[48,136.9888],[24,141.0241],[238,134.8808],[280,135.4128],[22,141.1798],[247,131.2483],[137,125.222],[338,134.2848],[216,135.3183],[265,135.3417],[7,143.2349],[44,139.9996],[302,137.5239],[123,140.4843],[9,141.0102],[313,130.0601],[67,135.5463],[218,136.861],[286,135.8955],[235,138.8073],[78,144.6922],[26,139.9899],[284,131.4441],[122,143.4968],[270,135.8182],[23,142.4167],[217,139.2873],[288,135.5485],[8,142.7081],[140,143.3959],[47,138.0046],[279,139.7212],[0,145.7933],[260,135.9378],[320,138.9221],[10,142.3532],[1,143.559],[325,132.0437],[237,137.7372],[56,145.6362],[138,128.0076],[45,140.0621],[236,137.5845],[13,141.098],[348,128.4522],[27,140.8918],[344,129.566],[282,133.5912],[336,143.7364],[73,132.0696],[14,141.1775],[259,138.6575],[310,134.4822],[278,140.7148],[331,131.0358],[52,132.392],[66,141.5096],[287,139.8716],[323,133.0315],[3,140.8768],[330,133.638],[96,130.0341],[283,133.6601],[350,138.3216],[267,137.6814],[74,134.0896],[75,134.954],[324,137.2929],[340,135.3562],[97,132.4294],[12,144.2435],[311,135.0188],[304,136.3147],[234,146.6952],[312,135.4293],[77,137.14],[11,144.9378],[351,145.3707],[281,135.4898],[314,130.2135],[30,140.4335],[121,127.8519],[99,135.5424],[306,139.4417],[328,136.3075],[31,142.2449],[32,139.8831],[321,138.7448],[289,137.2105],[18,140.4438],[290,137.7805],[120,130.1855],[198,145.1466],[327,136.1296],[2,144.6829],[54,135.4289],[355,129.052],[305,143.4131],[158,150.4477],[346,134.1987],[34,137.0695],[37,140.1272],[343,135.9359],[308,140.3054],[337,141.8212],[76,137.6048],[5,144.0065],[301,141.88],[303,141.6766],[345,133.8941],[4,143.9406],[17,142.2962],[309,141.4405],[319,141.6842],[307,139.9739],[326,141.437],[16,143.5645],[19,144.7002],[339,145.4251],[318,144.6951],[35,142.0624],[342,141.2286],[29,148.0877],[329,137.0099],[341,143.3061],[300,144.1185],[33,141.2245],[15,143.0089],[334,128.4089],[352,148.2685],[46,149.499],[55,144.7729],[322,147.4514],[36,145.5354],[296,132.0626],[139,133.5733],[353,134.6757],[354,135.7595],[98,135.8622],[119,133.073],[347,135.3497],[332,139.2151],[28,146.5153],[315,125.3277],[157,129.1392]

Finish Times:
[299,59.64098],[277,60.12099],[298,60.481],[317,60.68101],[255,60.92101],[276,61.08102],[316,61.28102],[233,61.56103],[215,61.76103],[254,61.76103],[214,62.12104],[275,62.16104],[232,62.24104],[197,62.48105],[183,62.56105],[194,62.76105],[196,62.84106],[335,62.96106],[177,63.20107],[171,63.24107],[182,63.36107],[297,63.44107],[213,63.56107],[169,63.92108],[170,63.92108],[176,63.96108],[231,64.28109],[349,64.28109],[193,64.44109],[168,64.5611],[154,64.6411],[181,64.7211],[192,65.08111],[253,65.16111],[167,65.20111],[175,65.28111],[155,65.32111],[166,65.76112],[210,65.76112],[191,65.88113],[208,65.88113],[152,66.00113],[134,66.36114],[151,66.48114],[211,66.48114],[195,66.52114],[153,66.72115],[133,67.00115],[165,67.04115],[228,67.12115],[212,67.28116],[136,67.36116],[132,67.56116],[150,67.60117],[207,67.68117],[252,67.92117],[156,68.12118],[135,68.16118],[149,68.16118],[224,68.24118],[230,68.60119],[209,68.64119],[131,68.72119],[117,68.84119],[229,69.0012],[206,69.0412],[225,69.2412],[115,69.40121],[164,69.48121],[244,69.64121],[274,69.92122],[148,69.96122],[190,70.08122],[227,70.20123],[113,70.24123],[223,70.28123],[205,70.52123],[112,70.72124],[116,70.76124],[222,71.00124],[251,71.04124],[147,71.08125],[90,71.24125],[130,71.28125],[189,71.64126],[226,71.64126],[250,71.76126],[129,71.84126],[114,71.88126],[163,72.20127],[242,72.24127],[273,72.36127],[128,72.40128],[111,72.56128],[204,72.76128],[146,72.92129],[243,72.96129],[249,73.08129],[92,73.24129],[162,73.3213],[91,73.4813],[203,73.6013],[295,73.76131],[180,73.92131],[94,74.08131],[108,74.08131],[245,74.28132],[272,74.36132],[107,74.56133],[70,74.72133],[188,74.84133],[294,74.92133],[85,75.20134],[127,75.20134],[109,75.52135],[144,75.56135],[241,75.76135],[161,75.84135],[145,75.88136],[72,75.92136],[268,76.36137],[89,76.44137],[106,76.44137],[187,76.44137],[93,76.60137],[110,77.00138],[174,77.00138],[221,77.12138],[271,77.16138],[68,77.28139],[105,77.48139],[179,77.52139],[69,77.9214],[84,77.9214],[201,77.9214],[62,78.0414],[220,78.20141],[61,78.52142],[82,78.52142],[49,78.76142],[83,78.84142],[246,78.84142],[202,79.08143],[186,79.20143],[59,79.28143],[60,79.40144],[118,79.48144],[219,79.80145],[58,79.88145],[264,79.92145],[126,80.00145],[86,80.04145],[239,80.44146],[43,80.48146],[81,80.52146],[269,80.68147],[87,80.84147],[143,80.92147],[39,81.04147],[101,81.12148],[248,81.32148],[200,81.56149],[63,81.60149],[80,81.60149],[125,81.68149],[21,82.2015],[103,82.2415],[293,82.2415],[40,82.3215],[104,82.4015],[102,82.72151],[71,82.84151],[262,82.92152],[124,83.20152],[88,83.24152],[240,83.24152],[95,83.56153],[64,83.68153],[178,83.72153],[142,83.92154],[266,84.04154],[50,84.12154],[79,84.24155],[184,84.40155],[160,84.56155],[261,84.64156],[42,84.80156],[65,84.88156],[141,84.96156],[185,85.08157],[38,85.44157],[292,85.44157],[25,85.48158],[199,85.52158],[263,85.84158],[159,85.96159],[6,86.08159],[41,86.24159],[258,86.28159],[257,86.5216],[57,86.7216],[53,86.80161],[291,86.80161],[173,86.96161],[256,87.08161],[333,87.24162],[20,87.40162],[51,87.40162],[172,87.60162],[100,87.72163],[285,87.76163],[48,88.04163],[24,88.08163],[238,88.24164],[280,88.28164],[22,88.64165],[247,88.64165],[137,88.68165],[338,88.84165],[216,88.92165],[265,89.08166],[7,89.24166],[44,89.28166],[302,89.40166],[123,89.64167],[9,89.84167],[313,89.84167],[67,89.92168],[218,90.04168],[286,90.16168],[235,90.36169],[78,90.40169],[26,90.64169],[284,90.72169],[122,90.8817],[270,91.0417],[23,91.0817],[217,91.20171],[288,91.40171],[8,91.48171],[140,91.52171],[47,91.80172],[279,91.96172],[0,92.00172],[260,92.00172],[320,92.20173],[10,92.44173],[1,92.56174],[325,92.64174],[237,92.68174],[56,92.72174],[138,93.20175],[45,93.24175],[236,93.24175],[13,93.28175],[348,93.40176],[27,93.68176],[344,93.76176],[282,93.84177],[336,93.88177],[73,94.04177],[14,94.28178],[259,94.40178],[310,94.60178],[278,94.64178],[331,94.68179],[52,94.80179],[66,94.96179],[287,95.08179],[323,95.08179],[3,95.4018],[330,95.5218],[96,95.64181],[283,95.64181],[350,95.72181],[267,95.88181],[74,95.96181],[75,96.16182],[324,96.28182],[340,96.40182],[97,96.64183],[12,96.76183],[311,96.84184],[304,96.88184],[234,97.04184],[312,97.04184],[77,97.24184],[11,97.32185],[351,97.60185],[281,97.64185],[314,97.88186],[30,97.92186],[121,97.92186],[99,98.20187],[306,98.24187],[328,98.44187],[31,98.52187],[32,98.56187],[321,98.76188],[289,98.88188],[18,99.12189],[290,99.12189],[120,99.20189],[198,99.40189],[327,99.4819],[2,99.7219],[54,99.8019],[355,99.8419],[305,100.0019],[158,100.1219],[346,100.4019],[34,100.4419],[37,100.4819],[343,100.6819],[308,100.8019],[337,100.8019],[76,101.1219],[5,101.2419],[301,101.3219],[303,101.3619],[345,101.7219],[4,101.8419],[17,101.8419],[309,101.882],[319,101.922],[307,102.242],[326,102.442],[16,102.482],[19,102.522],[339,102.562],[318,103.082],[35,103.122],[342,103.162],[29,103.322],[329,103.522],[341,103.762],[300,103.802],[33,103.842],[15,103.962],[334,104.162],[352,104.482],[46,104.562],[55,104.602],[322,104.802],[36,105.162],[296,105.162],[139,105.322],[353,105.602],[354,105.882],[98,105.922],[119,106.042],[347,106.3621],[332,106.5221],[28,106.8821],[315,107.0821],[157,107.2821]

Stuck Times:
[299,0],[277,0],[298,0],[317,0],[255,0],[276,0],[316,0],[233,0],[215,0],[254,0],[214,0],[275,0],[232,0],[197,0],[183,0],[194,0],[196,0],[335,1],[177,0],[171,0],[182,0],[297,0],[213,0],[169,0],[170,0],[176,0],[231,0],[349,2],[193,0],[168,0],[154,0],[181,0],[192,0],[253,1],[167,0],[175,0],[155,1],[166,0],[210,0],[191,0],[208,0],[152,0],[134,0],[151,0],[211,1],[195,1],[153,1],[133,0],[165,0],[228,0],[212,1],[136,1],[132,0],[150,0],[207,1],[252,3],[156,4],[135,3],[149,1],[224,1],[230,2],[209,1],[131,0],[117,3],[229,3],[206,1],[225,3],[115,3],[164,1],[244,2],[274,5],[148,2],[190,2],[227,4],[113,2],[223,3],[205,2],[112,2],[116,5],[222,2],[251,5],[147,2],[90,2],[130,2],[189,3],[226,7],[250,4],[129,3],[114,6],[163,4],[242,5],[273,8],[128,1],[111,4],[204,5],[146,3],[243,8],[249,7],[92,6],[162,3],[91,6],[203,4],[295,10],[180,6],[94,10],[108,5],[245,9],[272,9],[107,6],[70,8],[188,6],[294,9],[85,6],[127,4],[109,7],[144,5],[241,8],[161,5],[145,8],[72,11],[268,10],[89,10],[106,8],[187,7],[93,13],[110,10],[174,9],[221,8],[271,13],[68,11],[105,7],[179,8],[69,13],[84,10],[201,7],[62,7],[220,10],[61,8],[82,6],[49,12],[83,9],[246,14],[202,11],[186,9],[59,9],[60,10],[118,16],[219,10],[58,9],[264,14],[126,9],[86,13],[239,13],[43,11],[81,10],[269,15],[87,14],[143,12],[39,9],[101,9],[248,15],[200,12],[63,13],[80,9],[125,12],[21,11],[103,11],[293,15],[40,10],[104,14],[102,12],[71,17],[262,15],[124,13],[88,16],[240,16],[95,19],[64,15],[178,16],[142,12],[266,17],[50,18],[79,12],[184,14],[160,15],[261,17],[42,16],[65,15],[141,13],[185,14],[38,16],[292,19],[25,16],[199,15],[263,19],[159,13],[6,16],[41,15],[258,13],[257,15],[57,15],[53,23],[291,20],[173,19],[256,18],[333,23],[20,15],[51,23],[172,15],[100,14],[285,20],[48,22],[24,20],[238,20],[280,17],[22,19],[247,23],[137,25],[338,19],[216,19],[265,23],[7,20],[44,21],[302,21],[123,18],[9,21],[313,25],[67,23],[218,20],[286,21],[235,20],[78,19],[26,22],[284,24],[122,19],[270,24],[23,21],[217,22],[288,23],[8,21],[140,20],[47,22],[279,21],[0,21],[260,23],[320,22],[10,22],[1,22],[325,25],[237,21],[56,20],[138,30],[45,24],[236,24],[13,25],[348,31],[27,24],[344,30],[282,27],[336,21],[73,30],[14,26],[259,23],[310,30],[278,24],[331,31],[52,29],[66,26],[287,26],[323,30],[3,28],[330,30],[96,32],[283,28],[350,25],[267,28],[74,31],[75,31],[324,32],[340,28],[97,32],[12,25],[311,30],[304,29],[234,28],[312,33],[77,32],[11,27],[351,24],[281,32],[314,32],[30,29],[121,32],[99,35],[306,29],[328,33],[31,29],[32,30],[321,31],[289,31],[18,31],[290,30],[120,34],[198,29],[327,32],[2,29],[54,33],[355,35],[305,26],[158,28],[346,34],[34,34],[37,31],[343,34],[308,31],[337,30],[76,35],[5,31],[301,32],[303,30],[345,36],[4,31],[17,33],[309,32],[319,33],[307,31],[326,32],[16,34],[19,32],[339,29],[318,33],[35,34],[342,32],[29,28],[329,38],[341,33],[300,35],[33,33],[15,34],[334,42],[352,36],[46,30],[55,31],[322,28],[36,34],[296,38],[139,38],[353,41],[354,36],[98,39],[119,40],[347,38],[332,38],[28,31],[315,44],[157,42]

