Experiment Name: Custom-SimpleTwoPaths2
Method Used: RegionalFlowGraph
Run Number: 4
Preparation Time: 66.9802ms
Pathfinding Time: 1.7851ms
Finish Time: 100.2419ms
Finish Time 90%: 95.68181ms
Repaths: 0
Soft Repaths: 2

Gates Data:
0:[335,[7.859003,15.71394,0,[38.00082,29.84137]]],[299,[7.651759,15.28299,0,[39.00082,26.73499]]],[298,[8.515915,16.9765,0,[39.00084,28.11844]]],[276,[8.537187,17.01235,0,[39.00082,26.99253]]],[277,[7.691165,15.32737,0,[39.0008,25.44697]]],[254,[8.784748,17.30959,0,[39.00077,26.19765]]],[253,[9.489141,18.78464,0,[39.00071,27.6747]]],[255,[8.047442,15.8997,0,[39.00072,24.7811]]],[232,[9.56969,18.84719,0,[39.00079,26.61873]]],[231,[10.39295,20.42183,0,[39.00082,27.55376]]],[252,[10.32207,20.33232,0,[39.00082,28.59481]]],[233,[8.822559,17.41841,0,[39.00078,25.04919]]],[214,[9.905657,19.36053,0,[39.00072,26.02156]]],[212,[11.06969,21.82538,0,[39.00082,27.68817]]],[230,[11.0632,21.87297,0,[39.00074,28.89509]]],[213,[10.60241,20.4815,0,[39.00088,26.37533]]],[211,[11.77432,23.22663,0,[39.00088,28.55289]]],[215,[9.36896,18.20563,0,[39.00072,24.57248]]],[195,[11.53054,22.30515,0,[39.00088,27.21198]]],[229,[11.13434,22.10435,0,[38.00085,29.09664]]],[194,[12.30672,23.93124,0,[39.00077,28.35707]]],[197,[10.19056,19.48193,0,[39.0008,24.70477]]],[183,[12.09545,22.77274,0,[39.00075,27.04131]]],[182,[12.99712,24.92425,0,[39.00085,28.67913]]],[210,[11.89149,23.55559,0,[38.09025,29.00056]]],[196,[11.09895,21.00791,0,[39.00083,25.82169]]],[177,[12.88885,24.10097,0,[39.00081,27.52511]]],[176,[13.62706,25.92961,0,[39.00081,28.64085]]],[181,[13.02177,25.37476,0,[38.00081,29.10837]]],[156,[12.16502,22.69666,0,[39.00072,26.03247]]],[169,[13.48088,24.74281,0,[39.00081,27.39454]]],[167,[14.22195,27.21894,0,[39.00076,28.57001]]],[175,[13.65172,26.53308,0,[38.00086,29.0971]]],[168,[14.07624,25.51507,0,[39.00074,27.24096]]],[171,[11.22068,20.72323,0,[39.0007,24.56253]]],[152,[14.82623,27.57523,0,[39.00076,28.52346]]],[166,[14.26463,27.61419,0,[38.03344,29.00064]]],[151,[14.9201,28.02219,0,[38.10411,29.00064]]],[153,[14.66173,25.93824,0,[39.00079,27.14314]]],[170,[12.85666,22.77778,0,[39.00081,26.10458]]],[134,[15.35254,28.54719,0,[39.00082,28.31542]]],[133,[15.62299,29.27447,0,[38.3852,29.00056]]],[150,[15.54011,29.47711,0,[38.00081,30.02753]]],[114,[16.1234,29.66201,0,[39.00081,28.45689]]],[154,[13.52065,24.28958,0,[39.00086,26.01734]]],[113,[16.27806,30.1648,0,[38.22656,29.00059]]],[112,[16.80433,31.46832,0,[38.0008,29.91522]]],[132,[16.05168,30.3313,0,[38.00079,29.83765]]],[135,[15.32144,26.92257,0,[39.00073,27.16895]]],[92,[16.84859,30.71877,0,[39.00072,28.53583]]],[91,[16.93326,31.11846,0,[38.13089,29.00068]]],[148,[17.46141,32.82433,0,[38.00084,30.0272]]],[131,[16.78333,32.07725,0,[38.00079,30.97201]]],[163,[18.05793,33.95082,0,[38.00084,30.13571]]],[136,[15.18954,25.20616,0,[39.00078,25.91873]]],[174,[18.64102,35.25002,0,[38.00085,31.29329]]],[164,[17.42787,33.60918,0,[38.00081,31.14079]]],[173,[19.34525,36.99339,0,[38.00079,32.56395]]],[111,[17.70623,32.35509,0,[38.60042,29.00048]]],[186,[19.45181,37.22892,0,[38.00072,33.82117]]],[161,[19.22695,36.73705,0,[38.0008,31.32593]]],[180,[18.04001,34.46209,0,[38.00077,31.23614]]],[178,[20.06307,37.92201,0,[38.00076,33.68942]]],[93,[17.34484,29.9269,0,[39.00088,28.22466]]],[185,[20.54677,39.22313,0,[38.00077,35.08977]]],[162,[18.66096,35.17709,0,[38.00087,30.13851]]],[143,[19.91544,38.66715,0,[38.00085,32.46058]]],[199,[21.33519,39.93599,0,[38.00072,36.13848]]],[179,[18.75172,36.18426,1,[38.00084,32.5262]]],[144,[19.7585,37.139,0,[38.00084,31.21437]]],[147,[18.00325,32.9021,0,[38.00085,29.01526]]],[200,[20.06063,38.49591,0,[38.00068,35.30045]]],[172,[21.00198,39.45117,0,[38.00072,34.70968]]],[236,[20.87573,39.34506,0,[38.00075,36.49779]]],[160,[20.6506,38.78479,0,[38.00085,33.43023]]],[115,[16.00941,28.00307,0,[39.00074,27.15483]]],[142,[21.49885,40.55836,0,[38.00086,34.24828]]],[159,[21.80118,41.25868,0,[38.00083,35.60641]]],[218,[20.35531,38.72952,0,[38.00065,36.75594]]],[127,[20.24519,37.1139,0,[38.00085,30.95028]]],[145,[19.23018,35.46946,0,[38.00083,29.96625]]],[217,[22.11761,39.97021,0,[38.00082,37.39556]]],[124,[21.13047,40.58275,0,[38.00088,32.9739]]],[280,[21.66594,38.59129,0,[37.00085,38.02423]]],[125,[20.43093,39.44365,0,[38.00085,32.18444]]],[141,[22.43321,42.35604,0,[38.00082,35.62713]]],[103,[21.83985,41.29547,0,[38.0009,33.06844]]],[258,[21.52125,39.79263,0,[37.93858,38.00074]]],[123,[22.13589,42.33311,0,[38.00083,34.32319]]],[70,[17.53205,30.65716,0,[39.00081,27.37431]]],[122,[22.87542,43.88248,0,[38.00087,35.0881]]],[126,[20.88757,38.47061,0,[38.0009,31.73293]]],[184,[22.68154,41.68434,0,[38.00077,36.91148]]],[102,[22.5567,42.47659,0,[38.00089,33.78297]]],[105,[21.54586,39.30114,0,[38.0009,31.86112]]],[146,[18.60914,33.86348,0,[38.06983,29.00051]]],[101,[23.31223,43.90129,0,[38.00072,34.63263]]],[281,[21.25311,37.47453,0,[37.00064,38.55812]]],[106,[20.66575,37.62526,0,[38.00092,30.44545]]],[80,[22.98437,43.0997,0,[38.0009,33.21922]]],[116,[16.74119,27.23479,0,[39.00079,26.92692]]],[158,[23.78415,43.40308,0,[38.00073,36.12542]]],[140,[23.24831,44.04068,0,[38.00066,36.53123]]],[104,[22.27873,40.34415,0,[38.00089,32.5396]]],[81,[22.72029,41.60619,0,[38.0009,31.98937]]],[128,[19.76378,35.19695,0,[38.00081,29.68784]]],[79,[23.80227,44.66973,0,[38.00082,34.30692]]],[82,[21.97492,40.52088,0,[38.00091,31.296]]],[319,[24.71468,40.97803,0,[38.0006,37.43297]]],[58,[23.4237,42.80673,0,[38.0008,31.8208]]],[108,[20.10589,34.88827,0,[38.38427,29.00055]]],[57,[23.55615,44.55121,0,[38.00082,33.02337]]],[59,[22.6659,41.55912,0,[38.00091,30.86134]]],[56,[24.43965,46.69309,0,[38.00075,34.39111]]],[303,[20.66227,36.7271,0,[37.00061,38.86824]]],[129,[19.35078,33.93935,0,[38.42815,29.00056]]],[39,[24.25619,44.90439,0,[38.00072,33.10398]]],[60,[21.95409,40.3443,0,[38.0009,30.20578]]],[38,[25.15111,46.93143,0,[38.0006,34.45308]]],[100,[24.41762,45.82658,0,[38.00061,35.90617]]],[41,[23.21804,41.58548,0,[38.0008,30.55173]]],[84,[21.25079,37.9087,0,[38.0009,29.56381]]],[130,[19.78238,33.24669,0,[39.00074,28.36836]]],[234,[25.32772,43.09905,0,[38.00062,37.06086]]],[235,[23.46135,41.19513,0,[37.80135,38.00075]]],[40,[24.10062,43.3538,0,[38.00076,31.84519]]],[302,[22.31081,37.78289,0,[37.0009,39.17239]]],[83,[21.29963,39.45744,0,[38.00091,30.67135]]],[257,[22.49466,40.19556,0,[37.29923,38.00058]]],[61,[22.50747,39.66569,0,[38.00092,29.68837]]],[21,[24.92537,46.12213,0,[38.00084,32.99173]]],[198,[25.22207,42.43608,0,[38.00061,35.79852]]],[259,[20.70723,38.27375,0,[37.65036,38.00075]]],[69,[18.29117,32.17005,0,[39.00085,28.37757]]],[42,[23.85205,41.62091,0,[38.00084,30.55606]]],[23,[24.6818,43.68954,0,[38.00086,31.70453]]],[8,[25.54423,45.96688,0,[38.0008,32.79936]]],[216,[24.14676,42.16161,0,[38.00057,37.6894]]],[63,[23.66182,38.98917,0,[38.00084,29.32579]]],[24,[24.43353,42.43502,0,[38.00089,30.40417]]],[107,[20.55245,36.18311,0,[38.00093,29.26442]]],[65,[25.24664,38.73587,0,[38.00081,30.36556]]],[62,[23.02167,39.01241,0,[38.0008,29.2719]]],[301,[23.13859,39.19307,0,[37.00071,38.79294]]],[43,[25.2325,42.55001,0,[38.00083,31.44167]]],[31,[24.29824,35.33363,0,[39.00072,28.92578]]],[89,[21.76398,34.28167,0,[39.00091,28.87854]]],[300,[26.12296,43.23543,0,[38.0006,36.69573]]],[85,[21.81035,37.35933,0,[38.0009,29.04204]]],[44,[26.16274,42.05145,0,[38.0009,31.35643]]],[25,[26.05067,44.88277,0,[38.00085,32.38041]]],[47,[24.34964,36.31046,0,[38.00083,29.2626]]],[109,[20.21815,34.18629,0,[39.00083,27.83288]]],[22,[25.83323,46.81239,0,[38.00077,34.13696]]],[29,[27.77999,44.51336,0,[38.00097,31.17313]]],[336,[26.12672,44.0005,0,[37.78057,38.00086]]],[32,[23.47163,32.76738,0,[39.00078,27.57949]]],[26,[25.96058,42.2728,0,[38.00088,30.13748]]],[78,[26.06321,46.5894,0,[38.00069,35.46429]]],[30,[27.09063,41.10804,0,[38.00079,32.09888]]],[20,[26.72898,49.15477,0,[38.00076,35.18705]]],[348,[9.649059,19.27024,1,[38.00084,34.07262]]],[15,[24.64037,33.95829,0,[39.00078,27.22784]]],[64,[23.46102,37.74484,0,[39.00081,28.68359]]],[349,[8.830927,17.65469,1,[38.00084,32.8122]]],[10,[26.97559,47.02262,0,[38.00091,33.10835]]],[45,[25.11979,39.20724,0,[38.00085,29.16294]]],[260,[19.78665,37.00328,0,[37.00058,38.75011]]],[334,[8.669353,17.33249,1,[38.00084,31.28901]]],[355,[10.45275,20.85098,1,[38.00071,36.24357]]],[14,[26.84706,40.15023,0,[38.00093,30.7432]]],[86,[20.99292,36.2937,0,[39.00092,28.48784]]],[75,[22.63112,27.93479,0,[39.00085,26.20734]]],[28,[28.10549,46.44865,0,[38.0008,32.49807]]],[278,[26.98943,44.21908,0,[37.77262,38.00074]]],[4,[26.59731,39.25035,0,[38.00095,29.52311]]],[315,[9.467958,18.89329,1,[38.00082,31.22102]]],[27,[27.9281,47.04261,0,[38.00092,33.68205]]],[66,[24.97491,37.90205,0,[39.00088,28.66667]]],[333,[9.477901,18.91682,1,[38.00084,32.5066]]],[87,[22.90473,36.58601,0,[39.00092,28.92095]]],[316,[8.621489,17.23461,1,[38.00084,29.97706]]],[7,[27.35962,48.97354,0,[38.0008,34.51776]]],[347,[10.42765,20.78533,1,[38.0007,34.89281]]],[13,[28.94491,47.26356,0,[38.00068,32.21753]]],[314,[10.27789,20.53564,1,[38.00076,32.4405]]],[11,[28.86768,51.22115,0,[38.00096,33.75857]]],[17,[25.88173,35.69962,0,[38.14788,29.00047]]],[94,[18.44083,27.50541,0,[39.0008,25.52455]]],[36,[27.72448,40.75392,0,[38.57233,29.00061]]],[273,[10.2901,20.54792,1,[38.0008,30.25657]]],[9,[26.42538,47.38908,0,[38.00081,33.7371]]],[3,[27.40079,41.30269,0,[38.00092,29.92216]]],[295,[10.20095,20.36668,1,[38.00077,31.2342]]],[332,[10.20545,20.38684,1,[38.00071,33.45849]]],[33,[24.23681,32.79207,0,[39.0008,27.76624]]],[354,[11.66307,22.98092,0,[37.83319,38.00087]]],[279,[23.71724,40.73555,0,[37.00074,38.29799]]],[2,[29.71994,52.24237,0,[38.00076,35.41039]]],[297,[8.758975,17.48963,1,[38.19214,29.00055]]],[338,[24.29566,37.39628,0,[37.00061,38.01652]]],[294,[10.94371,21.81108,1,[38.0008,32.193]]],[37,[27.86419,34.61952,0,[39.00097,27.12204]]],[313,[11.03285,21.97363,1,[38.00079,33.39232]]],[46,[25.55244,39.10787,0,[39.00089,28.45803]]],[5,[29.03454,43.72558,0,[38.0009,30.86611]]],[274,[9.636671,19.2075,1,[38.21306,29.00056]]],[352,[23.48927,35.7261,0,[37.00065,40.34055]]],[219,[19.68305,37.56538,0,[38.0006,36.67432]]],[271,[11.7544,23.41749,1,[38.00079,32.14774]]],[18,[26.90724,38.54834,0,[39.00093,28.70841]]],[346,[11.29622,22.43903,1,[38.00059,36.13915]]],[1,[28.64396,50.35307,0,[38.00058,35.56271]]],[67,[22.20263,35.07047,0,[39.00092,28.29484]]],[312,[11.84755,23.56234,1,[38.00076,34.48381]]],[121,[27.03499,26.82498,0,[39.00065,27.70646]]],[248,[12.43772,24.73464,1,[38.00077,31.90349]]],[321,[22.54936,37.22948,0,[37.00074,40.52439]]],[272,[10.99428,21.95818,0,[38.00082,31.14692]]],[19,[28.75883,39.50764,0,[39.0008,28.861]]],[49,[20.65638,31.55109,0,[39.00096,27.00278]]],[237,[20.02321,38.60249,0,[37.66423,38.00082]]],[50,[21.41581,31.57349,0,[39.00092,27.72922]]],[330,[11.93563,23.61619,1,[38.00071,35.73872]]],[317,[8.267379,16.51326,1,[38.77363,29.00059]]],[293,[11.67556,23.26395,1,[38.00077,33.15587]]],[74,[26.17724,27.7068,0,[39.00063,26.08362]]],[249,[11.68825,23.2739,1,[38.00079,30.95675]]],[6,[27.82567,50.68114,0,[38.00079,36.05487]]],[34,[24.09684,30.51638,0,[39.00078,25.84764]]],[296,[9.44728,18.82095,1,[38.00081,29.94407]]],[88,[22.6439,35.12228,0,[39.00095,27.57763]]],[322,[21.22849,35.90912,0,[37.00062,40.7877]]],[99,[29.59071,32.13705,0,[38.7793,29.0002]]],[345,[12.39066,24.59078,1,[38.00039,37.6957]]],[53,[23.65242,29.14839,0,[39.00084,26.47503]]],[269,[13.31737,26.23635,1,[38.00079,33.76822]]],[268,[14.09775,27.56397,1,[38.00076,34.34385]]],[318,[25.1507,42.9446,0,[37.36846,38.0008]]],[117,[15.83685,25.8085,0,[39.00082,25.66862]]],[226,[13.38682,26.58169,1,[38.00082,31.72139]]],[292,[12.47799,24.85162,1,[38.00064,34.31868]]],[331,[11.00129,21.86446,1,[38.00069,34.48001]]],[35,[25.28837,33.20148,0,[39.00089,27.22123]]],[256,[27.00307,44.06225,0,[38.00043,36.6764]]],[54,[24.88703,28.9424,0,[39.00079,25.94338]]],[247,[13.18245,26.09984,1,[38.00079,32.55254]]],[52,[21.50986,28.73636,0,[39.00079,25.73654]]],[304,[20.13426,35.91617,0,[37.00037,40.81698]]],[309,[14.6947,28.9246,1,[37.85691,38.00093]]],[0,[29.51994,52.56799,0,[37.90367,38.00093]]],[245,[14.51121,28.77835,1,[38.00076,32.79873]]],[270,[12.53684,24.93275,1,[38.00073,33.16557]]],[98,[28.08522,27.86793,0,[39.00074,25.71264]]],[340,[25.05218,34.15328,0,[37.00055,40.21796]]],[208,[13.88418,27.29801,1,[38.00088,31.47045]]],[329,[13.1456,25.8125,1,[38.00031,37.7431]]],[51,[19.99007,29.98719,0,[39.00085,26.15345]]],[351,[28.29651,41.14967,0,[37.83504,38.00095]]],[246,[13.94205,27.39086,1,[38.00082,33.0222]]],[290,[13.97145,27.33681,0,[38.00077,35.4318]]],[96,[24.56413,25.11543,0,[39.00075,24.56087]]],[291,[13.19714,26.02612,1,[38.00072,34.76543]]],[55,[25.92412,32.09743,0,[39.00088,26.99362]]],[243,[15.79168,30.82525,1,[38.00079,33.6205]]],[350,[26.75271,41.44438,0,[37.00068,39.05668]]],[251,[10.27197,20.49578,1,[38.00081,29.15456]]],[12,[30.25559,50.92388,0,[38.00059,33.39398]]],[311,[12.83737,25.46484,1,[38.00057,36.02092]]],[139,[17.39926,21.9897,0,[39.00079,24.48804]]],[266,[15.28166,29.67077,1,[38.00071,33.99602]]],[97,[23.38547,24.98629,0,[39.00079,24.4818]]],[328,[13.86331,26.83371,1,[37.80842,38.0008]]],[225,[14.4345,27.91466,1,[38.00079,31.35475]]],[339,[27.52267,36.65144,0,[37.00078,38.61979]]],[244,[15.07808,29.66234,1,[38.00076,32.63538]]],[267,[14.78306,28.55512,1,[38.00072,34.28869]]],[77,[27.15119,31.15967,0,[39.00088,25.65474]]],[118,[17.07087,25.60278,0,[39.0008,26.04688]]],[120,[22.56465,23.76209,0,[39.00079,24.98126]]],[201,[19.46445,37.29375,0,[38.00065,35.24406]]],[310,[13.57396,26.71572,1,[38.00065,36.35579]]],[206,[15.69025,31.14664,1,[38.0008,31.29472]]],[275,[9.373059,18.65079,1,[39.00075,28.63996]]],[76,[26.04693,28.45642,0,[39.00078,24.86417]]],[110,[18.85898,32.71561,0,[39.00071,27.13756]]],[207,[15.06666,28.71271,1,[38.00078,31.42665]]],[265,[16.0896,31.13816,1,[38.0006,35.25091]]],[353,[12.49213,24.2371,1,[37.00043,38.43428]]],[95,[17.72613,26.57586,0,[39.00077,25.79728]]],[341,[25.87621,34.22795,0,[37.00076,38.90664]]],[16,[26.1427,36.8774,0,[39.00092,28.18875]]],[119,[20.43763,24.59339,0,[39.0008,25.40825]]],[192,[13.68863,26.53855,1,[38.00086,30.24862]]],[193,[12.49241,24.57415,1,[38.00087,29.27526]]],[205,[16.41008,32.2077,1,[38.00078,32.41359]]],[68,[19.46949,31.99176,0,[39.00086,26.71744]]],[224,[15.75563,30.89678,1,[38.0008,32.46707]]],[157,[11.98532,20.83064,0,[39.00072,24.45577]]],[288,[14.89032,29.59676,1,[38.00074,35.56585]]],[308,[15.72277,30.70988,1,[38.00057,37.39061]]],[73,[21.22478,28.72501,0,[39.00093,26.59331]]],[209,[13.03326,25.46735,1,[38.00081,30.40207]]],[320,[24.28448,38.69568,0,[37.00068,40.26487]]],[190,[16.95102,33.14866,1,[38.00079,32.22951]]],[137,[14.21414,24.13124,0,[39.00078,25.82624]]],[48,[21.92087,32.95909,0,[39.00081,27.06089]]],[223,[16.44638,32.10371,1,[38.00075,33.63658]]],[222,[17.05526,33.30831,1,[38.00069,33.72879]]],[289,[14.91018,29.22146,1,[38.0006,36.90752]]],[149,[16.2329,31.28077,1,[38.00079,31.12962]]],[337,[25.7737,40.15394,0,[37.00051,40.02209]]],[191,[14.36494,27.9652,1,[38.00079,30.19278]]],[327,[14.40049,28.01698,1,[37.00037,38.90231]]],[72,[19.2135,27.99176,0,[39.00094,25.4664]]],[242,[16.53474,32.25406,1,[38.00068,34.96584]]],[155,[13.08046,22.56637,0,[39.00092,24.72592]]],[138,[15.19121,22.46561,0,[39.00097,24.42083]]],[240,[17.76437,34.32209,1,[38.00069,35.24157]]],[241,[17.12505,33.52449,1,[38.00061,35.04602]]],[221,[18.21346,34.74043,1,[38.00063,34.94958]]],[228,[11.88568,23.52985,1,[38.00079,30.12101]]],[264,[16.78424,32.95152,1,[38.0006,37.07537]]],[71,[18.06933,29.92074,0,[39.00085,27.12133]]],[344,[13.3455,25.49264,1,[37.00039,38.79676]]],[204,[17.55724,34.05579,1,[38.00077,33.55817]]],[306,[16.56949,32.43641,1,[37.0023,38.00084]]],[323,[19.17832,34.71095,1,[37.00052,41.03367]]],[220,[19.02934,36.55167,1,[38.00055,36.6288]]],[250,[10.95921,21.87365,1,[38.00082,29.99941]]],[307,[15.85258,31.16407,1,[37.09466,38.0008]]],[262,[17.85303,34.75343,1,[38.00061,36.81254]]],[287,[15.63897,30.71021,1,[38.00066,35.74775]]],[284,[18.01797,34.4371,1,[37.60877,38.00089]]],[189,[17.54272,34.10872,1,[38.00082,32.33733]]],[202,[18.80316,36.14735,1,[38.00073,35.0168]]],[227,[12.63187,24.99002,1,[38.0008,30.90745]]],[286,[16.45523,32.57117,1,[38.0005,37.66188]]],[343,[15.30981,28.15688,1,[37.00045,39.49203]]],[239,[18.54129,36.09604,1,[38.0006,36.95026]]],[203,[18.14424,34.58073,1,[38.00072,33.58362]]],[282,[19.10271,36.26899,1,[37.00057,38.78956]]],[283,[18.52649,35.39653,1,[37.00052,39.11306]]],[165,[14.99551,29.5031,0,[38.0008,30.2204]]],[261,[18.60309,35.72947,1,[37.53186,38.00078]]],[263,[17.21981,33.87737,1,[38.00055,36.67894]]],[285,[17.44537,33.55608,1,[37.61226,38.00085]]],[342,[17.93881,31.96721,1,[37.00051,40.61623]]],[305,[17.74438,34.06469,1,[37.00052,39.10002]]],[187,[18.7718,36.12441,1,[38.00079,33.75912]]],[325,[16.35447,31.87606,1,[37.0004,40.14419]]],[238,[19.3445,37.60856,1,[37.67859,38.00083]]],[326,[15.19718,29.94508,1,[37.29567,38.00087]]],[324,[16.91717,33.07995,1,[37.00055,39.86009]]],[188,[18.15206,34.58871,1,[38.00077,32.45855]]]
2:[335,[46.10021,92.03566,0,[88.00079,86.7091]]],[299,[46.49105,92.56355,0,[88.00079,85.83193]]],[298,[47.41541,94.56691,0,[87.00082,88.4649]]],[276,[47.90294,95.40158,0,[88.00082,87.61352]]],[277,[47.24372,93.43497,0,[88.00082,85.73943]]],[254,[48.32814,95.7915,0,[88.00079,87.03554]]],[253,[48.42026,96.27863,0,[87.00084,88.0659]]],[255,[47.88069,94.24094,0,[88.00072,85.32552]]],[232,[48.9236,96.85037,0,[88.00075,86.85272]]],[231,[49.698,98.50932,0,[87.7702,88.00066]]],[252,[49.43356,97.84321,0,[87.00078,88.91019]]],[233,[48.53089,95.27318,0,[88.00073,85.03815]]],[214,[49.415,97.22895,0,[88.00072,86.11549]]],[212,[50.25491,99.67255,0,[88.00069,87.76378]]],[230,[50.16131,99.0595,0,[87.00067,88.73041]]],[213,[50.18084,98.37646,0,[88.00073,86.37648]]],[211,[50.77206,100.4202,0,[87.63953,88.00061]]],[215,[49.52265,96.32883,0,[88.00076,84.84755]]],[195,[50.93559,99.98389,0,[88.00078,86.8583]]],[229,[51.0327,100.4085,0,[87.00063,89.11012]]],[194,[51.31268,101.2724,0,[87.44075,88.00063]]],[197,[50.43031,97.70218,0,[88.00074,85.13065]]],[183,[51.44177,100.3156,0,[88.00079,86.57179]]],[182,[52.07193,102.1547,0,[87.6937,88.00073]]],[210,[51.78793,101.5678,0,[87.00083,89.08055]]],[196,[51.08555,98.46693,0,[88.00076,85.04905]]],[177,[52.23363,101.6712,0,[88.00077,86.95234]]],[176,[52.40347,102.8397,0,[87.0655,88.00056]]],[181,[52.54713,103.5773,0,[87.00079,89.38566]]],[156,[51.78106,100.169,0,[88.00078,85.3416]]],[169,[52.73914,102.1241,0,[88.0008,86.49373]]],[167,[53.29435,104.6221,0,[87.84203,88.00079]]],[175,[53.2822,104.854,0,[87.0007,89.28902]]],[168,[53.38637,102.8464,0,[88.00077,86.4828]]],[171,[52.28853,99.10906,0,[88.00079,84.97402]]],[152,[53.9274,105.0597,0,[88.00082,87.91299]]],[166,[53.81453,105.5445,0,[87.00075,89.08897]]],[151,[54.09296,105.4416,0,[87.00071,88.31489]]],[153,[53.89714,103.1329,0,[88.00076,86.14584]]],[170,[52.94661,99.94638,0,[88.00073,84.9378]]],[134,[54.51084,105.9747,0,[88.00069,87.69261]]],[133,[54.68313,106.1951,0,[87.08703,88.00065]]],[150,[54.90739,107.2737,0,[87.00077,89.65423]]],[114,[54.4893,105.6348,0,[88.00078,86.05912]]],[154,[53.55942,101.5708,0,[88.00074,84.72984]]],[113,[55.20736,107.2361,0,[88.00069,87.35976]]],[112,[55.37695,107.8411,0,[87.0871,88.00067]]],[132,[55.48191,107.9174,0,[87.00069,89.46516]]],[135,[54.19983,102.8278,0,[88.00077,84.62833]]],[92,[55.14573,106.3777,0,[88.00073,85.6675]]],[91,[55.84618,108.0782,0,[88.00072,87.12637]]],[148,[56.08469,109.2787,0,[87.35847,88.00073]]],[131,[56.08369,108.9974,0,[87.0006,89.40205]]],[163,[56.31898,109.7314,0,[88.00073,86.78448]]],[136,[55.31441,102.2245,0,[88.00079,84.76154]]],[174,[56.70353,110.6054,0,[87.38563,88.00064]]],[164,[56.62168,110.0205,0,[87.00073,89.24693]]],[173,[57.26582,111.4969,0,[88.00069,87.62439]]],[111,[56.06157,107.508,0,[88.00069,85.38356]]],[186,[57.32158,110.8307,0,[87.00077,88.62576]]],[161,[56.95659,111.0959,0,[88.00079,86.17491]]],[180,[57.47774,111.0778,0,[87.0007,89.90944]]],[178,[57.84153,111.5419,0,[88.00077,87.40289]]],[93,[56.40369,105.1092,0,[88.00078,84.75393]]],[185,[57.65965,111.5972,0,[87.00076,88.04105]]],[162,[57.52588,110.6301,0,[88.00079,85.9888]]],[143,[58.54515,113.3507,0,[88.00082,87.69665]]],[199,[58.34742,111.8473,0,[87.00082,88.3531]]],[179,[58.3702,111.8335,0,[87.00075,89.71534]]],[144,[58.25575,111.8489,0,[88.00082,86.3653]]],[147,[56.93551,108.2099,0,[88.00073,84.58492]]],[200,[58.99758,112.3416,0,[87.00079,89.75702]]],[172,[59.09446,112.3988,0,[88.00072,87.56673]]],[236,[58.88623,111.2208,0,[87.00078,88.191]]],[160,[58.82761,111.6492,0,[88.00076,86.19663]]],[115,[58.03723,104.7275,0,[88.00082,85.07189]]],[142,[59.66624,113.8051,0,[88.00084,87.51991]]],[159,[59.467,113.3008,0,[87.00084,88.1909]]],[218,[59.60873,111.8534,0,[87.00076,89.68826]]],[127,[59.39591,111.8581,0,[88.00076,86.12965]]],[145,[58.47243,109.7675,0,[88.00076,84.49306]]],[217,[60.11335,111.1116,0,[87.00079,88.42193]]],[124,[60.35585,115.0785,0,[88.00078,87.79262]]],[280,[60.31124,111.0042,0,[87.00075,89.86976]]],[125,[60.096,113.4608,0,[88.00081,86.41518]]],[141,[60.64714,114.4549,0,[87.00082,88.14365]]],[103,[60.86304,115.4275,0,[88.00084,87.41413]]],[258,[60.86877,111.6156,0,[87.00082,89.58621]]],[123,[61.59103,115.8434,0,[88.00085,87.88205]]],[70,[59.31538,106.9867,0,[88.00079,84.84606]]],[122,[61.46165,116.5851,0,[87.00084,88.51436]]],[126,[60.52285,112.4756,0,[88.00082,85.9166]]],[184,[61.54886,114.0339,0,[87.00079,89.76112]]],[102,[62.27149,116.4094,0,[88.00073,87.97505]]],[105,[61.44022,113.9834,0,[88.0008,86.66801]]],[146,[59.87302,109.4312,0,[88.00069,84.56654]]],[101,[62.20559,116.9229,0,[87.00073,88.5461]]],[281,[62.23494,109.7328,0,[87.00066,89.73779]]],[106,[62.44324,113.7765,0,[88.00079,87.01353]]],[80,[62.71784,117.3646,0,[87.53132,88.00061]]],[116,[61.48261,105.4364,0,[88.00065,85.61594]]],[158,[63.05846,115.5886,0,[87.00072,88.75655]]],[140,[63.01099,116.7025,0,[87.00066,89.8439]]],[104,[62.45943,113.7338,0,[88.00072,85.8831]]],[81,[63.27214,116.7419,0,[88.00069,87.56113]]],[128,[61.44777,109.9785,0,[88.00077,84.48896]]],[79,[63.29841,117.6606,0,[87.00533,88.00073]]],[82,[63.37277,115.233,0,[88.00081,86.48244]]],[319,[63.89353,113.2921,0,[87.00069,89.85565]]],[58,[64.15647,118.1973,0,[88.00071,87.95897]]],[108,[62.31133,110.0631,0,[88.00072,84.60484]]],[57,[64.0936,118.9325,0,[87.00076,88.61844]]],[59,[64.16157,116.8462,0,[88.00079,86.83988]]],[56,[64.5372,120.2855,0,[87.47218,88.00056]]],[303,[64.61486,109.6401,0,[87.00075,90.088]]],[129,[63.4509,109.664,0,[88.0007,85.33998]]],[39,[64.97202,119.2406,0,[88.00079,87.33575]]],[60,[64.39731,115.9274,0,[88.00079,85.91637]]],[38,[64.93021,120.105,0,[87.00081,88.11266]]],[100,[64.92203,118.6825,0,[87.00083,89.24728]]],[41,[65.68219,117.9199,0,[88.00085,87.72046]]],[84,[65.1959,114.3987,0,[88.00083,86.40514]]],[130,[63.60032,108.8788,0,[88.00079,84.40244]]],[234,[65.59126,115.0945,0,[87.00085,88.31786]]],[235,[65.72962,114.1916,0,[87.00075,89.8061]]],[40,[66.09158,118.2345,0,[88.00076,87.22687]]],[302,[66.05197,109.6103,0,[87.00079,88.02427]]],[83,[65.02008,114.0364,0,[88.00081,85.15808]]],[257,[66.28414,112.8433,0,[87.00068,89.63126]]],[61,[65.894,115.5561,0,[88.0008,85.95235]]],[21,[66.75592,120.5581,0,[88.00089,87.49721]]],[198,[66.73214,115.0729,0,[87.00086,88.08916]]],[259,[66.80148,111.0886,0,[87.00083,89.37228]]],[69,[65.41183,107.8244,0,[88.00071,84.47395]]],[42,[66.63245,117.056,0,[88.00089,86.26985]]],[23,[67.41434,119.2244,0,[88.00076,87.49113]]],[8,[67.36203,120.4939,0,[87.00081,88.1697]]],[216,[67.50858,115.514,0,[87.00079,89.55412]]],[63,[67.36618,115.1669,0,[88.00072,86.22642]]],[24,[68.16431,118.922,0,[88.00069,87.68114]]],[107,[66.40309,111.8692,0,[88.00091,84.95673]]],[65,[68.00076,115.1716,0,[87.0007,88.29407]]],[62,[67.96124,115.1953,0,[88.00068,86.09335]]],[301,[68.22442,112.392,0,[87.00075,89.79572]]],[43,[68.51676,118.2604,0,[87.00075,88.07005]]],[31,[68.77671,112.208,0,[88.00075,87.48516]]],[89,[67.37691,109.7798,0,[88.00069,84.55565]]],[300,[68.88379,115.9483,0,[87.00073,89.71352]]],[85,[68.57339,114.5433,0,[88.00076,86.08704]]],[44,[69.192,118.2819,0,[87.2156,88.00058]]],[25,[69.39048,120.8803,0,[87.00079,89.38515]]],[47,[69.35266,113.6443,0,[88.00085,87.1384]]],[109,[68.19338,110.6468,0,[88.00074,84.6602]]],[22,[69.7962,121.1931,0,[87.00076,88.53239]]],[29,[70.13672,120.9583,0,[88.00075,87.87712]]],[336,[70.19469,116.2797,0,[87.00072,90.04995]]],[32,[69.22936,109.9579,0,[88.00086,85.91104]]],[26,[69.94931,118.5614,0,[88.0008,86.56432]]],[78,[70.31207,120.5991,0,[87.00075,88.29179]]],[30,[70.80685,116.6757,0,[88.00076,87.80089]]],[20,[70.76984,123.5144,0,[87.00072,89.82817]]],[15,[70.18571,111.022,0,[88.00066,85.75583]]],[64,[68.84269,113.1107,0,[88.00078,84.55947]]],[10,[70.91988,121.8796,0,[87.00077,88.16475]]],[45,[71.12599,116.665,0,[88.00072,87.19391]]],[260,[71.30071,111.0038,0,[87.00073,89.61381]]],[14,[71.6648,116.7044,0,[87.64249,88.00066]]],[86,[70.08656,112.6727,0,[88.00069,84.5477]]],[75,[71.16267,107.0166,0,[88.00076,86.13496]]],[28,[71.89754,121.9295,0,[87.00072,88.76218]]],[278,[72.04303,117.0322,0,[87.00069,90.09325]]],[4,[72.00191,116.6992,0,[88.00073,87.30852]]],[27,[72.19292,121.5392,0,[87.14734,88.00064]]],[66,[71.67947,113.9413,0,[88.00072,85.88822]]],[87,[70.80054,112.2004,0,[88.00079,84.71329]]],[7,[72.65926,124.896,0,[87.00084,89.54763]]],[13,[73.00978,123.2688,0,[87.67833,88.00062]]],[11,[73.05415,126.9349,0,[87.00077,88.84075]]],[17,[72.58891,112.9757,0,[88.00073,86.8566]]],[94,[71.53506,106.8571,0,[88.0006,84.65112]]],[36,[73.27825,118.0974,0,[87.00079,88.00773]]],[9,[73.44481,124.1968,0,[87.00076,90.27426]]],[3,[73.44456,118.682,0,[88.00076,87.30668]]],[33,[72.65021,110.7132,0,[88.00079,85.84259]]],[279,[73.85724,116.2457,0,[87.00081,89.80235]]],[2,[73.96967,126.3603,0,[87.2666,88.00062]]],[338,[74.20271,113.0837,0,[87.00072,89.2114]]],[37,[74.07404,113.5495,0,[88.00073,87.19582]]],[46,[73.36926,115.391,0,[88.00081,85.86691]]],[5,[74.86031,121.298,0,[87.91841,88.00063]]],[352,[74.68444,111.7844,0,[87.00077,88.7122]]],[219,[75.07172,116.3018,0,[87.00074,90.24869]]],[18,[74.24527,115.465,0,[88.00078,86.21207]]],[1,[75.02579,127.3376,0,[87.00077,88.11507]]],[67,[72.36977,112.546,0,[88.00072,84.53604]]],[121,[75.18786,105.1548,0,[88.0007,87.31979]]],[321,[75.59178,114.6411,0,[87.00075,89.93195]]],[19,[75.76203,117.4312,0,[87.5371,88.00067]]],[49,[73.2187,109.8427,0,[88.00073,84.60824]]],[237,[75.78646,116.7626,0,[87.00078,89.09606]]],[50,[75.66458,112.3622,0,[88.00077,86.93204]]],[74,[76.45889,110.006,0,[88.00079,87.81715]]],[6,[76.17847,126.4025,0,[87.00074,88.54148]]],[34,[76.06878,111.6789,0,[88.00079,86.37778]]],[88,[75.07802,113.8094,0,[88.00078,85.5635]]],[322,[76.57611,108.4641,0,[87.00072,90.16796]]],[99,[76.59337,110.3295,0,[87.09377,88.0006]]],[53,[76.83884,111.5579,0,[88.00082,87.19012]]],[318,[76.9877,122.0977,0,[87.00076,89.58997]]],[117,[75.1189,107.8223,0,[88.00069,84.52249]]],[35,[77.52478,114.3092,0,[87.78309,88.00058]]],[256,[77.32194,121.2003,0,[87.00077,88.80173]]],[54,[77.33885,110.544,0,[88.00084,86.82229]]],[52,[76.4668,111.1421,0,[88.00082,85.78503]]],[304,[77.80843,112.2492,0,[87.00076,90.24426]]],[0,[77.73788,128.3087,0,[87.00084,88.15713]]],[98,[78.10464,109.5645,0,[88.00082,87.49363]]],[340,[78.17406,109.6567,0,[87.00079,89.52576]]],[51,[77.302,111.3898,0,[88.00076,85.73647]]],[351,[78.34707,118.4386,0,[87.00089,88.14454]]],[96,[78.24911,108.5721,0,[88.00084,86.5016]]],[55,[78.9631,112.9439,0,[88.00087,87.51904]]],[350,[78.74374,118.9127,0,[87.00089,89.42079]]],[12,[78.99438,127.8791,0,[87.0008,88.205]]],[90,[76.0686,108.4578,0,[88.0007,84.44664]]],[139,[79.10434,105.7114,0,[88.00076,86.5157]]],[97,[79.7355,111.073,0,[87.97787,88.00068]]],[339,[79.47637,115.5613,0,[87.00069,89.82385]]],[77,[79.74905,112.4534,0,[87.00073,88.47839]]],[118,[78.29989,106.7238,0,[88.00086,85.34145]]],[120,[79.93362,109.9227,0,[88.0007,87.17107]]],[201,[80.26928,116.6882,0,[87.00076,89.96333]]],[76,[80.35381,112.744,0,[87.57219,88.00056]]],[110,[79.49846,113.8282,0,[88.0007,85.66454]]],[95,[80.35502,111.0916,0,[88.00076,86.55749]]],[341,[80.69561,113.5905,0,[87.00076,89.38061]]],[16,[80.70156,119.168,0,[87.00079,88.09146]]],[119,[81.18425,110.1703,0,[88.00066,87.56693]]],[68,[78.48322,113.5305,0,[88.00079,84.38372]]],[157,[80.95283,103.5919,0,[88.00079,86.15881]]],[73,[81.65136,118.3942,0,[87.42626,88.00053]]],[320,[81.5116,116.7117,0,[87.00076,89.47958]]],[137,[80.26894,104.7317,0,[88.00087,84.90894]]],[48,[81.8481,118.976,0,[88.00087,86.8166]]],[337,[82.22838,119.5322,0,[87.00069,89.29188]]],[72,[82.30048,118.9456,0,[87.01235,88.00051]]],[155,[81.23096,107.7528,0,[88.0008,85.20248]]],[138,[82.69284,111.5864,0,[88.00092,86.93606]]],[71,[82.15246,112.5374,0,[88.00088,85.53269]]]
1:[348,[38.48476,76.78465,1,[47.25084,88.00093]]],[349,[39.18896,78.20057,1,[48.09257,89.001]]],[334,[39.90471,79.64021,1,[47.99963,88.92283]]],[355,[37.05727,73.92213,1,[46.99939,86.47397]]],[315,[40.09322,79.92802,1,[47.0996,88.00099]]],[333,[39.22341,78.21375,1,[46.99973,87.80967]]],[316,[40.65673,81.08913,1,[48.34672,89.00096]]],[347,[37.62955,74.88908,1,[46.71526,86.00087]]],[314,[38.86837,77.57706,1,[46.65634,86.0009]]],[273,[41.56498,82.7486,1,[47.20414,88.00095]]],[295,[40.76783,81.17727,1,[47.12265,88.00092]]],[332,[38.355,76.27218,1,[46.0736,86.00095]]],[354,[37.11014,73.07907,1,[45.99943,85.37066]]],[297,[41.78224,82.65231,1,[48.83133,89.00096]]],[294,[40.21758,79.57153,1,[46.89475,86.00087]]],[313,[39.57575,78.17084,1,[46.68327,86.00085]]],[274,[41.96653,83.53464,1,[47.99949,88.08606]]],[271,[40.95508,81.35793,1,[46.77211,86.00085]]],[346,[37.05254,73.06072,1,[45.63112,84.00089]]],[312,[39.44777,77.33658,1,[45.9994,84.87344]]],[248,[43.15075,84.85703,1,[47.58514,88.00096]]],[272,[42.17347,83.67443,1,[46.99979,87.6356]]],[330,[38.82871,76.00175,1,[45.99954,84.95529]]],[317,[41.92759,83.63008,1,[48.99947,90.50325]]],[293,[40.26514,78.93599,1,[45.99951,85.3202]]],[249,[42.37419,83.77528,1,[46.99963,86.87292]]],[296,[41.00751,81.64507,1,[47.99984,88.09926]]],[345,[38.59159,73.63233,1,[45.2448,84.0009]]],[269,[42.98656,83.12814,1,[46.99962,86.73756]]],[268,[43.84031,84.72273,1,[46.99955,87.25449]]],[226,[44.70939,88.28706,1,[47.99956,88.57986]]],[292,[40.78257,79.19652,1,[45.99945,84.98734]]],[331,[37.77985,74.40887,1,[45.5723,84.00091]]],[247,[43.77327,86.11498,1,[47.88423,88.0009]]],[309,[42.49511,81.00575,1,[46.20413,86.00092]]],[245,[45.36466,88.49573,1,[47.35854,88.00092]]],[270,[41.73634,81.98041,1,[46.30816,86.00084]]],[208,[45.61049,89.77995,1,[48.15932,89.00091]]],[329,[39.35957,75.4211,1,[45.22686,84.00085]]],[246,[44.84621,86.62569,1,[47.02749,88.00091]]],[290,[43.16021,81.98379,1,[46.18428,86.00094]]],[291,[41.25114,79.58208,1,[45.99942,84.41602]]],[243,[45.44146,88.62476,1,[46.99952,87.02374]]],[251,[44.45214,87.87421,1,[48.99962,90.98646]]],[311,[40.03749,76.76263,1,[45.36397,84.00088]]],[266,[44.28125,85.64394,1,[46.98146,86.00089]]],[328,[41.80037,76.38829,1,[45.93053,84.00095]]],[225,[46.20796,90.97368,1,[48.62266,89.00092]]],[244,[45.92266,89.88176,1,[47.74897,88.00088]]],[267,[43.73833,83.95055,1,[46.51124,86.00089]]],[310,[40.73554,78.00305,1,[45.25391,84.00082]]],[206,[47.80358,94.30423,1,[48.35075,89.00091]]],[275,[42.67935,84.78567,1,[48.99974,89.26557]]],[207,[47.05431,91.62365,1,[47.9995,88.91665]]],[265,[44.94865,85.66963,1,[46.18634,86.00091]]],[353,[41.60868,73.61946,1,[45.00555,84.00085]]],[192,[46.92092,92.28675,1,[48.99935,89.59364]]],[193,[47.20072,92.85312,1,[49.11238,91.00095]]],[205,[47.33845,92.74625,1,[47.52063,88.00089]]],[224,[46.63219,91.23257,1,[47.1974,88.00092]]],[288,[43.91555,82.74964,1,[45.99955,85.20375]]],[308,[43.75842,80.6286,1,[45.54632,84.00092]]],[209,[45.90984,90.49148,1,[48.99953,89.88382]]],[190,[47.95553,94.20871,1,[47.86264,88.00088]]],[223,[46.16945,88.97194,1,[46.99955,86.26269]]],[222,[47.40126,91.11726,1,[46.99959,87.07912]]],[289,[42.49242,80.26231,1,[45.18855,84.00085]]],[149,[48.80181,95.444,1,[48.23532,89.00076]]],[191,[47.93089,93.93955,1,[48.99959,90.14822]]],[327,[42.91716,77.9164,1,[45.99961,84.45806]]],[242,[45.48262,87.50922,1,[46.74617,86.00089]]],[240,[47.39364,89.52518,1,[46.52654,86.00084]]],[241,[46.68753,88.25823,1,[46.38491,86.00089]]],[221,[49.18295,92.58087,1,[47.68883,88.00093]]],[228,[43.97589,87.14557,1,[48.78558,89.00087]]],[264,[45.56183,85.2725,1,[45.99955,85.25735]]],[344,[43.21371,74.53271,1,[45.1041,84.00092]]],[204,[48.70146,93.41083,1,[47.00051,88.00094]]],[306,[46.56029,84.39947,1,[45.99945,84.69608]]],[323,[50.25237,87.9173,1,[47.32942,88.00095]]],[220,[48.99856,91.07895,1,[46.99959,86.72319]]],[250,[43.33751,85.99162,1,[48.38216,89.00095]]],[307,[45.68717,82.15694,1,[45.99957,84.34386]]],[262,[48.05236,88.41016,1,[46.70938,86.00089]]],[287,[44.57934,83.08219,1,[45.99953,84.42307]]],[284,[47.21144,85.64139,1,[45.99937,84.81719]]],[189,[49.41965,96.4756,1,[48.76636,89.00086]]],[202,[49.41897,91.92382,1,[46.98301,86.00086]]],[227,[44.92216,88.99592,1,[48.99952,89.49734]]],[286,[44.47779,82.46542,1,[45.01975,84.00088]]],[343,[45.74776,76.53011,1,[44.99956,83.8824]]],[239,[48.97839,88.99051,1,[45.9996,85.96126]]],[203,[50.73984,95.80041,1,[48.39011,89.00099]]],[282,[51.18854,90.1862,1,[47.12187,88.001]]],[283,[49.21638,85.71538,1,[45.99953,85.12984]]],[165,[50.27448,96.57289,1,[49.00069,91.00086]]],[261,[47.71193,85.93813,1,[45.99969,84.62846]]],[263,[45.08726,84.77671,1,[45.20232,84.00093]]],[285,[47.98073,83.40848,1,[45.27503,84.00095]]],[342,[50.14365,80.32007,1,[45.99937,84.28981]]],[305,[50.34391,85.65788,1,[46.24315,86.00096]]],[187,[51.55655,99.99222,1,[46.99058,86.00069]]],[325,[46.43048,80.72574,1,[45.15599,84.00083]]],[238,[48.72192,87.4476,1,[45.21735,84.00079]]],[326,[47.20681,79.96923,1,[45.12748,84.00089]]],[324,[49.3884,81.51995,1,[45.5577,84.00084]]],[188,[52.99074,102.7406,1,[46.99931,86.11935]]]

Travel Distances:
[335,113.7724],[299,115.3565],[298,115.5882],[276,117.4683],[277,116.5419],[254,117.0038],[253,119.1793],[255,117.7928],[232,118.8072],[231,121.0016],[252,120.3497],[233,119.3352],[214,120.0159],[212,120.9899],[230,122.0058],[213,121.7752],[211,122.514],[215,120.512],[195,121.8285],[229,121.4907],[194,122.2672],[197,121.9834],[183,123.0637],[182,123.667],[210,123.1918],[196,121.391],[177,122.8418],[176,125.6214],[181,125.6129],[156,123.6002],[169,124.3439],[167,125.7295],[175,127.4977],[168,125.8644],[171,123.5396],[152,126.9376],[166,127.0495],[151,126.7771],[153,125.0399],[170,123.1284],[134,128.5198],[133,128.3251],[150,128.7993],[114,128.3221],[154,125.5218],[113,128.457],[112,130.7208],[132,130.1978],[135,127.3827],[92,129.6096],[91,130.1274],[148,130.6838],[131,129.9574],[163,132.8905],[136,127.0309],[174,132.9232],[164,131.6607],[173,132.8249],[111,130.5771],[186,131.7458],[161,134.7089],[180,132.9539],[178,133.5651],[93,129.1814],[185,133.8253],[162,133.168],[143,134.0318],[199,134.7815],[179,134.5213],[144,134.8921],[147,132.9485],[200,133.7289],[172,133.9648],[236,133.1334],[160,133.5283],[115,129.6584],[142,136.2272],[159,136.0922],[218,133.9052],[127,134.6467],[145,133.6855],[217,132.5109],[124,135.9674],[280,133.49],[125,136.7592],[141,136.7065],[103,137.3838],[258,133.0423],[123,136.419],[70,130.248],[122,139.2943],[126,136.2697],[184,136.1471],[102,137.6529],[105,136.2052],[146,132.9824],[101,138.0772],[281,130.6211],[106,136.6157],[80,139.6789],[116,128.9299],[158,137.152],[140,137.9917],[104,136.1887],[81,137.8498],[128,134.9798],[79,140.5259],[82,138.0505],[319,135.0705],[58,139.7175],[108,133.6934],[57,140.1206],[59,138.2194],[56,142.9269],[303,131.8647],[129,133.5131],[39,140.9827],[60,138.7098],[38,141.9498],[100,140.1996],[41,140.2882],[84,137.4611],[130,133.7725],[234,137.6193],[235,135.968],[40,139.7848],[302,131.127],[83,138.9516],[257,135.4078],[61,139.1687],[21,142.5988],[198,137.325],[259,132.6403],[69,131.615],[42,138.9438],[23,140.0159],[8,143.4466],[216,137.7037],[63,137.9404],[24,140.2522],[107,135.5515],[65,136.8438],[62,138.9332],[301,135.0756],[43,140.9499],[31,134.3876],[89,134.1751],[300,137.3647],[85,137.0806],[44,139.5961],[25,141.5151],[47,136.3174],[109,135.4439],[22,143.2715],[29,142.3038],[336,137.3413],[32,132.6651],[26,140.1418],[78,143.4488],[30,138.7189],[20,145.4671],[348,163.6074],[15,134.0488],[64,137.5376],[349,162.9018],[10,143.5254],[45,138.0459],[260,131.8258],[334,162.9058],[355,165.6583],[14,138.8977],[86,137.3934],[75,129.9877],[28,143.8518],[278,138.2667],[4,138.0918],[315,164.9242],[27,142.7728],[66,137.7678],[333,167.3998],[87,137.1679],[316,165.3328],[7,147.0997],[347,167.3751],[13,145.1137],[314,167.1391],[11,148.4878],[17,134.9213],[94,130.3937],[36,139.2614],[273,167.0353],[9,146.543],[3,141.2478],[295,168.9068],[332,169.2786],[33,134.0772],[354,168.569],[279,137.6501],[2,148.0481],[297,167.0611],[338,134.2612],[294,168.6738],[37,134.8072],[313,170.7335],[46,139.5782],[5,143.3938],[274,169.0983],[352,134.1178],[219,137.8017],[271,170.9807],[18,138.0586],[346,170.5276],[1,149.0547],[67,136.3882],[312,170.2438],[121,126.2506],[248,169.0742],[321,136.9485],[272,172.498],[19,139.4773],[49,134.3932],[237,138.7205],[50,134.6537],[330,172.094],[317,167.4207],[293,171.9557],[74,130.8372],[249,171.8444],[6,147.4666],[34,135.2064],[296,166.9838],[88,138.3537],[322,130.5841],[99,132.6969],[345,172.0177],[53,133.432],[269,172.5306],[268,172.1721],[318,143.3239],[117,131.6098],[226,171.7602],[292,173.2804],[331,174.4438],[35,134.9695],[256,141.9856],[54,133.0976],[247,173.5126],[52,134.815],[304,133.7004],[309,173.0165],[0,150.4026],[245,174.6535],[270,175.268],[98,130.7061],[340,130.487],[208,173.1108],[329,174.2028],[51,135.6813],[351,141.2885],[246,175.9083],[290,174.6738],[96,131.5714],[291,176.6668],[55,134.659],[243,176.6834],[350,140.5903],[251,170.7643],[12,149.3054],[90,132.1038],[311,176.2162],[139,129.1691],[266,178.0034],[97,133.2379],[328,174.2124],[225,175.7437],[339,137.6458],[244,177.6249],[267,177.8386],[77,134.2255],[118,130.1991],[120,131.6027],[201,137.441],[310,178.0386],[206,179.2694],[275,169.317],[76,135.3976],[110,137.71],[207,179.6139],[265,178.9884],[353,173.8542],[95,133.865],[341,135.4486],[16,140.9121],[119,131.3701],[192,177.2022],[193,174.535],[205,180.8259],[68,138.882],[224,182.7726],[157,127.0395],[288,180.4777],[308,178.6241],[73,140.3429],[209,174.3033],[320,138.2081],[190,181.235],[137,128.1521],[48,140.5334],[223,181.6874],[222,180.4914],[289,182.7901],[149,179.8799],[337,141.7441],[191,180.04],[327,179.8227],[72,141.4897],[242,183.6646],[155,131.4594],[138,133.5845],[240,181.2085],[241,181.7243],[221,178.696],[228,170.5424],[264,183.4557],[71,136.4454],[344,177.1366],[204,183.3814],[306,180.7172],[323,174.4534],[220,180.7866],[250,169.9974],[307,182.1208],[262,182.4784],[287,185.5503],[284,182.808],[189,183.0889],[202,182.9324],[227,173.2134],[286,184.9955],[343,178.0814],[239,183.8503],[203,182.7935],[282,179.6205],[283,179.5658],[165,179.3586],[261,183.7715],[263,187.3022],[285,180.5623],[342,173.2836],[305,179.1423],[187,189.8132],[325,183.0448],[238,184.7026],[326,182.6429],[324,178.0281],[188,191.1618]

Finish Times:
[335,58.76096],[299,59.56098],[298,59.92099],[276,60.241],[277,60.481],[254,60.88101],[253,61.12102],[255,61.48103],[232,61.56103],[231,61.96104],[252,62.12104],[233,62.32104],[214,62.44105],[212,62.60105],[230,63.00106],[213,63.04106],[211,63.28107],[215,63.32107],[195,63.64108],[229,63.80108],[194,63.88108],[197,64.16109],[183,64.28109],[182,64.5211],[210,64.5211],[196,64.8811],[177,64.9211],[176,65.12111],[181,65.28111],[156,65.52112],[169,65.56112],[167,65.68112],[175,65.96113],[168,66.20113],[171,66.20113],[152,66.24113],[166,66.72115],[151,66.80115],[153,66.88115],[170,66.88115],[134,66.96115],[133,67.44116],[150,67.48116],[114,67.52116],[154,67.60117],[113,67.76117],[112,68.08118],[132,68.20118],[135,68.32118],[92,68.40118],[91,68.44118],[148,68.76119],[131,68.9212],[163,69.0012],[136,69.0812],[174,69.2412],[164,69.44121],[173,69.60121],[111,69.68121],[186,69.84122],[161,70.00122],[180,70.20123],[178,70.32123],[93,70.52123],[185,70.52123],[162,70.64124],[143,70.92124],[199,70.96124],[179,71.04124],[144,71.24125],[147,71.28125],[200,71.48125],[172,71.52126],[236,71.56126],[160,71.88126],[115,71.96127],[142,72.12127],[159,72.16127],[218,72.32127],[127,72.44128],[145,72.72128],[217,72.72128],[124,72.76128],[280,72.96129],[125,73.16129],[141,73.3213],[103,73.4013],[258,73.4013],[123,73.88131],[70,73.92131],[122,74.04131],[126,74.04131],[184,74.24132],[102,74.52132],[105,74.52132],[146,74.80133],[101,74.84133],[281,74.84133],[106,75.08134],[80,75.16134],[116,75.48135],[158,75.56135],[140,75.60135],[104,75.68135],[81,75.76135],[128,76.12136],[79,76.16136],[82,76.28136],[319,76.36137],[58,76.40137],[108,76.72137],[57,76.80138],[59,76.88138],[56,77.00138],[303,77.12138],[129,77.44139],[39,77.48139],[60,77.56139],[38,77.60139],[100,77.60139],[41,78.0414],[84,78.24141],[130,78.24141],[234,78.24141],[235,78.40141],[40,78.64142],[302,78.80142],[83,78.96143],[257,79.00143],[61,79.12143],[21,79.32143],[198,79.40144],[259,79.56144],[69,79.76144],[42,79.88145],[23,79.92145],[8,80.08145],[216,80.28146],[63,80.40146],[24,80.60146],[107,80.64146],[65,80.72147],[62,81.00147],[301,81.04147],[43,81.20148],[31,81.24148],[89,81.40148],[300,81.52148],[85,81.60149],[44,81.76149],[25,81.84149],[47,82.1215],[109,82.1615],[22,82.3615],[29,82.52151],[336,82.64151],[32,82.72151],[26,82.88152],[78,83.04152],[30,83.16152],[20,83.24152],[348,83.44153],[15,83.48153],[64,83.48153],[349,83.52153],[10,83.64153],[45,83.72153],[260,83.76154],[334,83.88154],[355,84.12154],[14,84.16154],[86,84.24155],[75,84.36155],[28,84.40155],[278,84.64156],[4,84.68156],[315,84.68156],[27,84.88156],[66,85.00156],[333,85.04156],[87,85.12157],[316,85.12157],[7,85.16157],[347,85.24157],[13,85.32157],[314,85.44157],[11,85.56158],[17,85.60158],[94,85.84158],[36,85.92159],[273,85.92159],[9,86.04159],[3,86.12159],[295,86.16159],[332,86.20159],[33,86.3616],[354,86.3616],[279,86.4816],[2,86.5616],[297,86.5616],[338,86.5616],[294,86.6816],[37,86.84161],[313,86.96161],[46,87.08161],[5,87.12161],[274,87.16161],[352,87.20161],[219,87.36162],[271,87.36162],[18,87.52162],[346,87.52162],[1,87.64162],[67,87.76163],[312,87.80163],[121,87.84163],[248,87.84163],[321,88.04163],[272,88.08163],[19,88.28164],[49,88.28164],[237,88.28164],[50,88.40164],[330,88.40164],[317,88.56165],[293,88.64165],[74,88.80165],[249,88.80165],[6,88.88165],[34,89.00166],[296,89.00166],[88,89.04166],[322,89.08166],[99,89.28166],[345,89.36166],[53,89.52167],[269,89.52167],[268,89.56167],[318,89.56167],[117,89.68167],[226,89.76167],[292,89.76167],[331,89.84167],[35,89.88168],[256,89.92168],[54,90.32169],[247,90.32169],[52,90.36169],[304,90.40169],[309,90.40169],[0,90.44169],[245,90.52169],[270,90.64169],[98,90.7617],[340,90.7617],[208,90.8417],[329,90.8417],[51,91.0417],[351,91.0817],[246,91.1217],[290,91.16171],[96,91.24171],[291,91.36171],[55,91.44171],[243,91.44171],[350,91.48171],[251,91.52171],[12,91.80172],[90,91.80172],[311,91.88172],[139,91.96172],[266,92.00172],[97,92.04173],[328,92.08173],[225,92.20173],[339,92.28173],[244,92.32173],[267,92.36173],[77,92.52174],[118,92.56174],[120,92.60174],[201,92.76174],[310,92.84174],[206,92.92175],[275,92.96175],[76,93.00175],[110,93.24175],[207,93.24175],[265,93.24175],[353,93.24175],[95,93.28175],[341,93.32175],[16,93.72176],[119,93.72176],[192,93.76176],[193,93.84177],[205,93.88177],[68,93.96177],[224,94.00177],[157,94.08177],[288,94.20177],[308,94.32178],[73,94.40178],[209,94.48178],[320,94.48178],[190,94.56178],[137,94.68179],[48,94.80179],[223,94.80179],[222,94.84179],[289,95.00179],[149,95.1618],[337,95.1618],[191,95.2418],[327,95.2818],[72,95.3218],[242,95.3618],[155,95.4018],[138,95.56181],[240,95.60181],[241,95.68181],[221,95.88181],[228,95.88181],[264,96.12182],[71,96.16182],[344,96.24182],[204,96.28182],[306,96.44183],[323,96.52183],[220,96.68183],[250,96.84184],[307,96.96184],[262,97.16184],[287,97.16184],[284,97.32185],[189,97.36185],[202,97.52185],[227,97.56185],[286,97.92186],[343,97.96186],[239,98.04186],[203,98.08186],[282,98.12186],[283,98.40187],[165,98.76188],[261,98.76188],[263,98.80188],[285,98.92188],[342,98.96188],[305,99.32189],[187,99.5219],[325,99.5619],[238,99.8419],[326,99.96191],[324,100.0419],[188,100.2419]

Stuck Times:
[335,0],[299,0],[298,0],[276,0],[277,0],[254,0],[253,0],[255,0],[232,0],[231,0],[252,0],[233,0],[214,0],[212,0],[230,0],[213,0],[211,0],[215,0],[195,0],[229,0],[194,0],[197,0],[183,0],[182,0],[210,0],[196,0],[177,0],[176,0],[181,0],[156,0],[169,0],[167,0],[175,0],[168,0],[171,1],[152,0],[166,0],[151,0],[153,0],[170,0],[134,0],[133,0],[150,0],[114,0],[154,0],[113,0],[112,0],[132,0],[135,0],[92,0],[91,0],[148,0],[131,0],[163,0],[136,0],[174,0],[164,0],[173,0],[111,0],[186,0],[161,0],[180,0],[178,0],[93,1],[185,0],[162,0],[143,0],[199,0],[179,0],[144,0],[147,1],[200,1],[172,0],[236,1],[160,0],[115,3],[142,0],[159,0],[218,1],[127,0],[145,1],[217,2],[124,0],[280,1],[125,0],[141,0],[103,0],[258,3],[123,1],[70,3],[122,0],[126,0],[184,0],[102,2],[105,0],[146,3],[101,1],[281,5],[106,3],[80,1],[116,5],[158,2],[140,0],[104,3],[81,1],[128,3],[79,2],[82,1],[319,3],[58,1],[108,2],[57,3],[59,1],[56,2],[303,6],[129,5],[39,2],[60,2],[38,2],[100,1],[41,2],[84,5],[130,6],[234,6],[235,7],[40,2],[302,7],[83,7],[257,9],[61,5],[21,2],[198,8],[259,8],[69,8],[42,3],[23,4],[8,3],[216,10],[63,6],[24,3],[107,7],[65,5],[62,5],[301,11],[43,6],[31,9],[89,9],[300,8],[85,9],[44,6],[25,6],[47,9],[109,12],[22,7],[29,6],[336,9],[32,13],[26,6],[78,9],[30,9],[20,6],[348,0],[15,12],[64,8],[349,0],[10,6],[45,8],[260,14],[334,0],[355,0],[14,12],[86,12],[75,18],[28,6],[278,13],[4,11],[315,0],[27,10],[66,12],[333,0],[87,13],[316,1],[7,6],[347,0],[13,7],[314,0],[11,8],[17,14],[94,15],[36,14],[273,0],[9,10],[3,12],[295,0],[332,0],[33,15],[354,0],[279,16],[2,7],[297,0],[338,16],[294,0],[37,14],[313,0],[46,16],[5,12],[274,0],[352,16],[219,16],[271,0],[18,15],[346,0],[1,8],[67,13],[312,0],[121,23],[248,0],[321,15],[272,0],[19,16],[49,16],[237,17],[50,19],[330,0],[317,3],[293,0],[74,24],[249,0],[6,11],[34,20],[296,4],[88,15],[322,22],[99,21],[345,1],[53,22],[269,0],[268,0],[318,14],[117,19],[226,0],[292,0],[331,0],[35,19],[256,15],[54,20],[247,0],[52,22],[304,21],[309,0],[0,13],[245,0],[270,0],[98,26],[340,23],[208,0],[329,0],[51,20],[351,19],[246,0],[290,0],[96,25],[291,0],[55,22],[243,0],[350,18],[251,3],[12,11],[90,21],[311,0],[139,25],[266,0],[97,27],[328,2],[225,0],[339,20],[244,0],[267,0],[77,23],[118,23],[120,25],[201,21],[310,0],[206,0],[275,7],[76,26],[110,21],[207,0],[265,0],[353,3],[95,24],[341,23],[16,22],[119,28],[192,0],[193,3],[205,0],[68,21],[224,0],[157,26],[288,2],[308,1],[73,20],[209,4],[320,21],[190,0],[137,24],[48,21],[223,0],[222,0],[289,0],[149,0],[337,25],[191,2],[327,3],[72,22],[242,0],[155,24],[138,28],[240,0],[241,0],[221,0],[228,8],[264,0],[71,23],[344,5],[204,0],[306,2],[323,5],[220,1],[250,9],[307,3],[262,2],[287,0],[284,2],[189,1],[202,0],[227,9],[286,1],[343,8],[239,2],[203,1],[282,1],[283,2],[165,6],[261,2],[263,0],[285,3],[342,8],[305,4],[187,1],[325,2],[238,3],[326,6],[324,6],[188,0]

