Experiment Name: Custom-SimpleTwoPaths2
Method Used: RegionalFlowGraph
Run Number: 5
Preparation Time: 66.9802ms
Pathfinding Time: 1.7442ms
Finish Time: 106.8021ms
Finish Time 90%: 96.16182ms
Repaths: 0
Soft Repaths: 2

Gates Data:
0:[335,[7.858338,15.71263,0,[38.00082,29.83916]]],[299,[7.646276,15.27311,0,[39.00082,26.7181]]],[298,[8.50581,16.96474,0,[39.00084,28.09911]]],[277,[7.698471,15.34009,0,[39.00079,25.46839]]],[276,[8.545528,17.00813,0,[39.00083,26.98133]]],[254,[8.799223,17.31582,0,[39.00076,26.20726]]],[253,[9.499303,18.78421,0,[39.00072,27.67623]]],[255,[8.057834,15.88949,0,[39.00072,24.76402]]],[232,[9.588686,18.85346,0,[39.0008,26.6262]]],[252,[10.32004,20.3287,0,[39.00088,28.57881]]],[251,[10.27115,20.49782,0,[38.00084,29.15509]]],[231,[10.35433,20.37777,0,[39.00089,27.46669]]],[233,[8.873178,17.42504,0,[39.00079,25.0538]]],[212,[11.05793,21.888,0,[39.00077,27.80384]]],[230,[11.07434,21.8917,0,[39.00077,28.92777]]],[213,[10.54734,20.56649,0,[39.00085,26.51316]]],[214,[9.822504,19.23943,0,[39.00079,25.83843]]],[211,[11.81688,23.3665,0,[39.0008,28.81409]]],[195,[11.47212,22.35015,0,[39.00086,27.29033]]],[215,[9.3953,18.15347,0,[39.00076,24.51654]]],[194,[12.21706,23.91812,0,[39.00072,28.32781]]],[183,[11.65909,22.2892,0,[39.00087,26.29626]]],[210,[11.86679,23.49527,0,[38.0008,29.02795]]],[182,[12.9256,24.86231,0,[39.00086,28.5911]]],[196,[10.91492,21.07454,0,[39.00081,25.91208]]],[177,[12.49178,23.99481,0,[39.00086,27.33271]]],[193,[12.53009,24.54049,0,[38.00086,29.25223]]],[176,[13.47609,25.75967,0,[39.00086,28.39665]]],[169,[13.14646,24.58998,0,[39.00086,27.16086]]],[197,[10.33241,19.47206,0,[39.00086,24.67817]]],[181,[13.07464,25.319,0,[38.00086,29.03554]]],[168,[13.84085,25.78125,0,[39.00087,27.59596]]],[167,[14.02359,27.31328,0,[38.75869,29.00055]]],[154,[13.55337,24.34536,0,[39.0008,25.93239]]],[170,[12.27817,22.8217,0,[39.0009,26.12369]]],[151,[15.0585,28.45496,0,[38.69547,29.00056]]],[152,[14.5469,27.5157,0,[39.00088,28.40143]]],[166,[14.26515,27.68929,0,[38.00085,29.1402]]],[155,[12.97452,23.41226,0,[39.00066,25.99691]]],[135,[14.99788,27.57032,0,[39.00083,27.92732]]],[133,[15.42671,29.19456,0,[38.23434,29.00049]]],[150,[15.05223,29.3617,0,[38.00083,29.83907]]],[113,[16.25796,30.68015,0,[38.85018,29.00053]]],[153,[14.2535,25.81668,0,[39.00089,26.9808]]],[134,[15.7105,28.46112,0,[39.0009,28.07099]]],[132,[16.11682,30.29509,0,[38.00085,29.73833]]],[112,[16.53485,31.07402,0,[38.23703,29.00052]]],[149,[15.68395,30.61662,0,[38.00086,30.12303]]],[136,[15.13416,26.10698,0,[39.00087,26.99886]]],[114,[16.46338,29.47949,0,[39.00084,28.13109]]],[164,[17.55111,33.33356,0,[38.00081,30.71739]]],[148,[17.05176,32.44703,0,[38.00081,29.35948]]],[131,[16.79459,31.59358,0,[38.00085,30.14095]]],[147,[17.87272,33.61356,0,[38.00085,30.11702]]],[111,[17.65377,32.24778,0,[38.40482,29.00046]]],[116,[15.80584,27.38215,0,[39.00084,26.99257]]],[174,[19.04014,35.62926,0,[38.00078,31.79]]],[163,[18.37102,34.70476,0,[38.00085,31.3989]]],[173,[19.52389,37.37806,0,[38.00078,33.17117]]],[146,[18.59081,34.79448,0,[38.00087,30.56183]]],[91,[17.18308,31.48177,0,[39.00077,28.59175]]],[161,[19.80805,37.46971,0,[38.00083,32.38929]]],[160,[20.33906,39.06102,0,[38.00073,33.79049]]],[119,[15.11295,24.6222,0,[39.00085,25.90383]]],[162,[19.33131,35.85815,0,[38.00082,31.08923]]],[179,[18.8012,36.28923,1,[38.00085,32.64778]]],[172,[20.99877,39.16061,0,[38.00083,34.08952]]],[218,[20.74503,38.52752,0,[38.00071,36.11339]]],[129,[18.84903,34.17941,0,[38.0009,29.7818]]],[130,[18.10973,33.18581,0,[38.00087,29.34702]]],[178,[20.10262,38.48435,0,[38.0007,34.56955]]],[143,[20.51076,38.86192,0,[38.00082,32.7792]]],[185,[20.94174,39.48101,0,[38.00073,35.27225]]],[144,[19.99602,37.30385,0,[38.00086,31.44501]]],[92,[17.64054,30.46677,0,[39.0009,28.07766]]],[186,[19.32359,37.40593,0,[38.00068,34.08385]]],[142,[21.21914,39.93456,0,[38.00077,33.28312]]],[199,[21.81232,40.53846,0,[38.00065,36.92509]]],[125,[20.73553,39.29332,0,[38.00085,31.97499]]],[217,[21.58442,40.40045,0,[38.00058,37.85315]]],[110,[19.00854,33.91681,0,[38.9096,29.00063]]],[159,[21.63051,41.29215,0,[38.00072,35.60209]]],[124,[21.54955,40.39566,0,[38.00082,32.67551]]],[184,[22.42266,41.40892,0,[38.00065,36.22704]]],[141,[21.76962,41.7651,0,[38.00077,34.66851]]],[145,[20.28234,36.02438,0,[38.00085,30.72425]]],[200,[19.98621,38.8165,0,[38.00069,35.66186]]],[126,[21.05841,38.18019,0,[38.00081,31.36018]]],[216,[22.66234,41.63474,0,[38.00068,37.61958]]],[123,[22.05515,42.10287,0,[38.00067,33.97733]]],[94,[16.51609,28.33182,0,[39.00086,27.05181]]],[236,[22.03355,39.23249,0,[37.48354,38.00083]]],[103,[22.23773,41.42838,0,[38.00073,33.06414]]],[140,[22.71153,43.60318,0,[38.00068,35.56879]]],[81,[22.67602,42.20367,0,[38.00083,32.7071]]],[128,[19.54814,35.50436,0,[38.00088,30.19654]]],[259,[20.87484,37.99242,0,[37.00066,38.15444]]],[127,[20.60195,36.51839,0,[38.00084,30.07233]]],[122,[22.81502,43.67384,0,[38.00073,34.54997]]],[58,[23.23007,43.44674,0,[38.00079,32.65593]]],[302,[22.0676,37.78023,0,[37.00061,39.02058]]],[90,[18.36449,32.6463,0,[39.00087,28.65734]]],[104,[21.71156,39.73667,0,[38.00085,31.75075]]],[198,[23.57184,41.95907,0,[38.00071,36.36631]]],[102,[23.30818,42.62974,0,[38.00068,34.03862]]],[59,[22.72629,41.90804,0,[38.00087,31.38827]]],[235,[23.42365,41.12273,0,[38.00057,37.37754]]],[303,[21.55948,37.41952,0,[37.0005,40.92672]]],[108,[19.14178,34.56713,0,[38.03421,29.00045]]],[80,[23.87409,43.58829,0,[38.00084,33.82068]]],[105,[21.27312,38.27936,0,[38.00085,30.51176]]],[158,[23.81978,42.93319,0,[38.00064,35.60773]]],[280,[23.09385,39.11453,0,[37.42731,38.00083]]],[107,[19.85841,36.04968,0,[38.00086,29.45028]]],[101,[24.29846,44.31137,0,[38.00067,35.26468]]],[301,[25.01764,40.80624,0,[38.00048,36.91588]]],[82,[22.17388,40.62917,0,[38.00082,31.44307]]],[257,[24.31198,41.82816,0,[37.96466,38.0008]]],[39,[23.81531,44.83139,0,[38.00088,32.6639]]],[21,[24.29515,45.73048,0,[38.00069,32.3626]]],[234,[24.63129,43.49656,0,[38.0006,37.41169]]],[86,[20.10951,36.2225,0,[39.00085,28.73787]]],[40,[23.32236,43.26031,0,[38.00087,31.50862]]],[352,[23.67082,34.84674,0,[37.00073,38.33678]]],[79,[24.57518,44.49076,0,[38.00076,33.88482]]],[22,[23.70731,43.97367,0,[38.00085,30.98799]]],[85,[20.40133,37.18186,0,[38.314,29.00054]]],[319,[25.10122,40.44901,0,[37.37544,38.0009]]],[87,[20.54193,35.33049,0,[39.00084,28.18628]]],[78,[25.45968,46.05707,0,[38.00074,34.93208]]],[57,[25.16439,45.04451,0,[38.00074,33.55684]]],[60,[22.31022,40.25325,0,[38.00087,30.16561]]],[83,[21.73566,39.18832,0,[38.00086,30.17559]]],[100,[24.95491,45.4738,0,[38.00077,35.33804]]],[258,[22.71704,39.33055,0,[37.00063,38.66267]]],[38,[25.96112,46.6363,0,[38.00081,33.97447]]],[45,[24.04987,39.81117,0,[38.0008,30.29195]]],[61,[21.42148,38.98448,0,[38.11887,29.00051]]],[56,[26.246,47.38278,0,[38.00066,35.38858]]],[23,[24.56432,43.62371,0,[38.0008,31.63552]]],[320,[24.48909,38.50101,0,[37.00068,38.39024]]],[8,[25.30093,45.9905,0,[38.00079,32.62318]]],[42,[22.00467,39.99075,0,[38.12389,29.0005]]],[43,[23.26828,40.33244,0,[38.00086,29.7404]]],[47,[24.24896,36.51353,0,[38.00081,29.12988]]],[337,[25.72023,40.71283,0,[38.00064,37.1901]]],[25,[26.12475,45.08944,0,[38.00071,33.07174]]],[106,[20.88326,36.67247,0,[38.00083,29.2403]]],[41,[22.89428,41.48047,0,[38.00085,30.26788]]],[66,[24.6979,39.29758,0,[38.00082,30.44231]]],[321,[23.76482,37.72326,0,[37.00045,40.77972]]],[27,[26.85552,44.64502,0,[38.00065,31.95804]]],[44,[25.4187,43.27057,0,[38.00077,31.67859]]],[63,[22.59297,38.51171,0,[38.05957,29.00053]]],[279,[25.99913,41.65172,0,[38.00074,36.43478]]],[15,[26.81718,40.21629,0,[38.00076,30.72856]]],[6,[26.9178,49.85098,0,[38.00085,35.46667]]],[67,[23.57051,35.97907,0,[38.20639,29.00069]]],[46,[25.53246,41.45966,0,[38.0008,30.73195]]],[30,[25.9561,38.81516,0,[38.00072,30.23355]]],[26,[26.21328,45.10364,0,[38.00081,32.04254]]],[348,[9.648699,19.26975,1,[38.00084,34.07308]]],[278,[26.53883,43.33511,0,[37.53042,38.0008]]],[349,[8.829577,17.65206,1,[38.00084,32.80815]]],[62,[21.79207,38.46335,0,[39.00085,28.3242]]],[84,[21.24638,37.91234,0,[39.00085,28.56874]]],[17,[25.99682,35.85085,0,[38.00077,29.1639]]],[31,[23.30596,34.4154,0,[39.00068,28.63134]]],[20,[27.96699,51.44363,0,[38.00049,37.65041]]],[355,[10.45491,20.8555,1,[38.00071,36.25643]]],[334,[8.668123,17.33001,1,[38.00084,31.28515]]],[35,[25.1947,32.86897,0,[39.00077,28.82499]]],[51,[23.30789,30.74951,0,[39.00068,27.38282]]],[10,[26.9047,47.42706,0,[38.00088,33.22716]]],[171,[11.46317,21.00419,0,[39.00087,24.93835]]],[347,[10.43192,20.79187,1,[38.00071,34.91449]]],[2,[28.60112,49.37485,0,[38.00095,33.60928]]],[32,[24.30828,33.72759,0,[39.00081,28.60318]]],[33,[25.10299,34.20465,0,[38.00079,29.37444]]],[315,[9.473484,18.9066,1,[38.00081,31.24443]]],[48,[22.53074,32.6535,0,[39.00082,27.28901]]],[333,[9.476968,18.91839,1,[38.00083,32.51054]]],[336,[27.36687,41.74748,0,[37.00044,39.50168]]],[11,[27.81317,48.68226,0,[38.00063,33.64977]]],[16,[25.8968,35.81704,0,[39.00084,28.89906]]],[24,[26.98925,46.89407,0,[38.00078,34.39456]]],[29,[27.11884,43.85735,0,[38.0008,30.01462]]],[316,[8.622117,17.23574,1,[38.00084,29.97979]]],[65,[22.50914,36.79876,0,[39.00087,28.36105]]],[354,[11.65118,22.97417,0,[37.81985,38.00087]]],[28,[27.856,46.3946,0,[38.00071,32.33447]]],[314,[10.28863,20.55094,1,[38.00076,32.46871]]],[273,[10.2987,20.56651,1,[38.0008,30.28628]]],[14,[27.23986,42.48044,0,[38.36558,29.00056]]],[36,[25.847,32.13758,0,[39.00087,27.67026]]],[5,[28.48963,43.60846,0,[39.00096,28.73188]]],[296,[9.448548,18.84203,1,[38.00079,29.97973]]],[318,[25.63856,41.7111,0,[37.1281,38.00076]]],[281,[20.6547,37.75018,0,[37.0005,39.05048]]],[75,[25.14046,28.80674,0,[39.00077,27.52476]]],[331,[10.99868,21.88114,0,[38.0008,34.51047]]],[271,[11.81971,23.50614,1,[38.00076,32.28852]]],[0,[29.55705,50.83772,0,[38.00092,33.5469]]],[332,[10.21231,20.39325,1,[38.00072,33.47707]]],[88,[21.09897,34.08434,0,[39.00088,27.32471]]],[34,[24.20258,31.33688,0,[39.00073,27.43412]]],[294,[10.9589,21.82903,1,[38.00081,32.22262]]],[55,[25.71145,32.83319,0,[39.00083,26.37608]]],[49,[22.16331,30.76619,0,[39.00077,25.98641]]],[219,[19.85016,37.50274,0,[38.00066,36.58426]]],[270,[12.64511,25.03089,1,[38.00075,33.32493]]],[292,[12.53973,24.9868,1,[38.00063,34.53254]]],[3,[26.80968,40.07249,0,[39.00084,28.81364]]],[295,[10.2141,20.39058,1,[38.00077,31.27373]]],[52,[23.19039,28.92475,0,[39.00071,26.01435]]],[37,[26.58884,36.50394,0,[39.00085,27.47977]]],[293,[11.71291,23.32971,1,[38.00076,33.26162]]],[346,[11.2991,22.4544,1,[38.00058,36.17193]]],[50,[21.09762,29.62455,0,[39.00074,25.90794]]],[291,[13.19067,26.01304,1,[38.0008,34.75371]]],[341,[26.90775,34.72065,0,[37.00041,40.32515]]],[272,[10.99719,21.9669,0,[38.00082,31.15934]]],[350,[29.9114,40.57784,0,[38.00072,36.97074]]],[7,[29.97356,51.23291,0,[38.00071,35.20837]]],[313,[11.03555,21.9891,1,[38.00072,33.41923]]],[311,[12.84516,25.51831,1,[38.00058,36.13292]]],[13,[27.97656,45.56957,0,[38.00085,31.18171]]],[115,[17.14672,27.95329,0,[39.00094,26.92575]]],[322,[20.26314,35.76132,0,[37.0005,40.60332]]],[269,[13.41638,26.29431,1,[38.00084,33.87012]]],[237,[20.87731,38.97117,0,[38.00055,37.63827]]],[249,[11.70846,23.30987,1,[38.00079,31.01457]]],[300,[27.32759,43.47153,0,[37.03503,38.00091]]],[77,[27.98336,34.44378,0,[39.00091,27.01257]]],[73,[24.02981,28.0077,0,[39.00074,26.10703]]],[282,[19.60459,36.11441,0,[37.00072,38.48914]]],[248,[12.48186,24.81977,1,[38.00075,32.03893]]],[312,[11.87412,23.62135,1,[38.00074,34.58005]]],[310,[13.66362,26.81096,1,[38.00061,36.4889]]],[290,[13.90898,27.37657,1,[38.0008,35.5344]]],[76,[26.75731,30.87472,0,[39.00074,26.32842]]],[12,[28.98456,49.18063,0,[38.001,31.9359]]],[228,[11.90389,23.55339,1,[38.00079,30.16306]]],[345,[12.36922,24.55312,1,[38.0004,37.67554]]],[54,[24.80152,28.9916,0,[39.00083,26.14902]]],[53,[24.17729,27.69763,0,[39.00082,24.76161]]],[351,[25.8617,37.66141,0,[37.00053,40.01573]]],[18,[27.52316,38.26449,0,[39.00087,28.02809]]],[227,[12.69541,25.16255,1,[38.00075,31.18496]]],[247,[13.2529,26.15608,1,[38.00083,32.64837]]],[329,[13.08707,25.82283,1,[38.00027,37.78902]]],[1,[28.21283,50.43207,0,[38.00049,35.26052]]],[330,[11.93043,23.63917,1,[38.00071,35.78423]]],[69,[18.67966,31.80058,0,[39.00093,27.8772]]],[139,[20.14109,22.16964,0,[39.00081,24.61227]]],[99,[29.43977,31.90098,0,[39.00096,28.86937]]],[244,[15.06143,29.79351,1,[38.00076,32.70118]]],[19,[26.6018,35.2022,0,[39.00074,24.89728]]],[265,[15.70302,30.54814,1,[38.00089,34.26871]]],[268,[14.19291,27.74262,1,[38.00059,34.66478]]],[89,[19.35463,33.5726,0,[39.00087,28.16802]]],[117,[15.89265,25.67301,0,[39.00081,25.84276]]],[256,[26.91686,44.41557,0,[38.00066,37.09528]]],[338,[25.20474,37.65343,0,[37.00053,40.33343]]],[93,[17.98385,29.23555,0,[39.00083,27.38011]]],[328,[13.81248,26.87211,1,[37.80808,38.0008]]],[243,[15.77682,30.63371,1,[38.00087,33.23196]]],[98,[27.88588,27.30646,0,[39.00092,25.51923]]],[95,[17.55641,27.07026,0,[39.0008,26.01691]]],[226,[13.45041,26.59753,1,[38.00086,31.76261]]],[120,[21.588,23.67118,0,[39.00088,24.38946]]],[246,[13.99269,27.35838,0,[38.00087,32.97654]]],[74,[23.16266,26.4096,0,[39.00069,24.55068]]],[260,[20.37494,37.21235,0,[37.62009,38.00085]]],[245,[14.50219,28.6743,1,[38.00082,32.74969]]],[9,[28.61741,50.95927,0,[38.00016,37.3556]]],[288,[15.21096,30.09976,1,[38.00051,36.29227]]],[207,[15.18253,28.93731,1,[38.00077,31.75134]]],[242,[16.40385,32.11256,1,[38.00074,34.70324]]],[97,[20.29645,25.71493,0,[39.00077,25.96774]]],[118,[16.58657,24.95996,0,[39.00067,25.541]]],[267,[14.77579,28.79442,1,[38.00063,34.65462]]],[121,[25.17446,24.78736,0,[39.00082,24.94765]]],[340,[23.96607,33.90238,0,[37.00074,39.80681]]],[208,[13.9867,27.29259,0,[38.00087,31.48075]]],[109,[19.70968,34.00208,0,[39.0009,27.50811]]],[287,[15.67774,30.63849,1,[38.00071,35.67621]]],[71,[18.37461,29.51392,0,[39.00094,26.72367]]],[266,[15.09125,29.68643,1,[38.00068,34.01617]]],[4,[28.05569,44.08426,0,[38.00098,29.88402]]],[138,[17.61417,22.51596,0,[39.00095,24.38343]]],[224,[15.97509,30.9102,0,[38.00086,32.33862]]],[225,[14.48703,27.84869,1,[38.00083,31.28119]]],[96,[18.24562,26.15999,0,[39.00087,25.61596]]],[165,[15.50722,30.11959,1,[38.00084,31.10209]]],[289,[14.90999,29.32294,1,[38.00055,37.07325]]],[68,[20.13159,32.16752,0,[39.0008,26.91904]]],[64,[21.81085,36.11756,0,[39.00076,27.28848]]],[238,[19.87,37.77939,0,[38.00068,37.92023]]],[353,[12.44562,24.17658,1,[37.00044,38.39264]]],[222,[17.30889,33.69772,1,[38.00068,34.38226]]],[223,[16.54966,32.25924,1,[38.00074,33.80904]]],[191,[14.69867,28.12387,1,[38.00085,30.42618]]],[309,[14.57961,28.69838,1,[37.70855,38.00089]]],[72,[19.25741,28.30968,0,[39.00077,25.67452]]],[205,[16.71602,32.53535,1,[38.00078,32.8747]]],[156,[13.0426,21.74749,0,[39.00085,24.57074]]],[204,[17.04663,33.21523,1,[38.00076,32.24889]]],[339,[22.84922,36.60207,0,[37.00034,40.80294]]],[285,[16.90531,33.25087,1,[38.00076,37.24407]]],[157,[15.33827,21.02492,0,[39.00092,24.43132]]],[240,[17.96024,34.61469,1,[38.00077,36.01714]]],[137,[14.21761,24.08309,0,[39.00077,25.74488]]],[241,[17.18212,33.69817,1,[38.0006,35.37138]]],[175,[13.96565,27.01824,0,[38.00081,29.84125]]],[344,[13.43871,25.65387,1,[37.00035,39.03246]]],[297,[8.758619,17.48619,1,[38.18811,29.00055]]],[70,[19.03836,30.51154,0,[39.00093,26.83617]]],[264,[16.28154,32.03737,1,[38.00072,35.67931]]],[203,[17.57274,34.52837,1,[38.00076,33.66613]]],[189,[17.29294,33.52448,1,[38.0008,31.4742]]],[317,[8.269938,16.51851,1,[38.7801,29.00059]]],[206,[16.16513,31.30498,1,[38.00076,31.43838]]],[283,[18.78368,35.67891,1,[38.00061,37.86127]]],[274,[9.612477,19.15914,1,[38.15408,29.00058]]],[221,[18.12804,34.68118,1,[38.00064,35.12325]]],[187,[18.54529,36.00043,1,[38.00077,33.44542]]],[239,[18.84142,36.06741,1,[38.00065,36.82137]]],[263,[17.00879,33.49679,1,[38.00057,36.20714]]],[308,[15.89411,30.99456,1,[37.77617,38.00085]]],[192,[13.51831,26.53969,1,[38.00086,30.26455]]],[202,[18.32237,35.77164,1,[38.00068,34.28489]]],[275,[9.374316,18.64601,1,[39.00076,28.63267]]],[188,[17.78668,34.72063,1,[38.00081,32.8]]],[262,[17.92859,34.81486,1,[38.00068,37.27724]]],[284,[17.48481,34.10226,1,[37.56703,38.00075]]],[190,[16.57389,32.386,1,[38.00085,30.99227]]],[250,[10.9624,21.88311,0,[38.00082,30.01372]]],[304,[19.05026,35.79337,1,[37.00046,39.7251]]],[286,[16.43372,32.46128,1,[38.00046,37.58648]]],[307,[16.11947,31.73795,1,[37.00037,38.91068]]],[324,[17.85494,33.35602,1,[37.00061,40.64187]]],[342,[18.97867,32.07613,0,[37.00053,40.8551]]],[261,[18.83913,35.53789,1,[37.00059,38.19361]]],[220,[19.01432,36.10265,1,[38.00056,35.93417]]],[229,[11.1427,22.14165,1,[38.00078,29.16304]]],[327,[14.42047,28.33024,1,[37.00026,39.30813]]],[323,[17.89334,33.19536,1,[37.00076,38.01543]]],[306,[16.53418,32.36144,1,[37.00055,38.21122]]],[325,[16.32214,32.0245,1,[37.00045,40.42687]]],[305,[17.70149,33.77479,1,[37.00075,39.17406]]],[343,[15.16106,28.05104,1,[37.00042,39.42395]]],[180,[18.03588,34.83038,1,[38.00077,32.03907]]],[326,[15.09542,29.8544,1,[37.19549,38.00087]]],[209,[12.98458,25.50076,0,[38.00085,30.49563]]],[201,[19.1206,37.12154,1,[38.00065,34.89798]]]
2:[335,[45.83649,91.40382,0,[88.00078,85.82471]]],[299,[46.84503,93.43797,0,[88.0008,86.87106]]],[298,[47.33535,94.39471,0,[87.00085,88.12858]]],[277,[46.99631,93.24182,0,[88.00073,85.51011]]],[276,[47.76904,95.04482,0,[88.00082,87.15931]]],[254,[48.60159,96.27643,0,[88.00081,87.66199]]],[253,[48.69897,96.77545,0,[87.00079,88.67679]]],[255,[47.78469,94.17664,0,[88.00078,85.43737]]],[232,[48.67927,96.5784,0,[88.00079,86.4649]]],[252,[49.30165,97.54813,0,[87.6629,88.00072]]],[251,[49.64143,98.62331,0,[87.00076,89.36304]]],[231,[49.39001,97.61237,0,[88.00074,86.64246]]],[233,[48.4863,95.38302,0,[88.00074,85.00266]]],[212,[50.27066,99.80511,0,[88.00066,87.90375]]],[230,[49.88498,98.84435,0,[87.00077,88.52703]]],[213,[49.92216,98.1497,0,[88.00078,86.131]]],[214,[49.13698,96.47941,0,[88.00073,84.91763]]],[211,[50.57349,100.3654,0,[87.00075,88.52577]]],[195,[50.80046,100.1997,0,[88.00077,87.27052]]],[215,[49.95333,96.3912,0,[88.00076,84.95823]]],[194,[51.07064,100.9541,0,[87.1785,88.00071]]],[183,[51.39895,100.7701,0,[88.00082,87.08566]]],[210,[51.54895,101.8595,0,[87.00071,89.5091]]],[182,[51.88643,101.9977,0,[87.4216,88.00059]]],[196,[50.75672,98.66,0,[88.00076,85.51523]]],[177,[51.76192,101.3862,0,[88.00076,86.53584]]],[193,[52.22385,102.6481,0,[87.00078,89.33041]]],[176,[52.61811,103.234,0,[87.76382,88.00072]]],[169,[52.33064,102.0247,0,[88.00076,86.37206]]],[197,[51.28461,97.55875,0,[88.00075,84.92521]]],[181,[52.90356,103.612,0,[87.00073,89.34928]]],[168,[53.21388,103.7347,0,[88.00069,87.55047]]],[167,[52.974,104.111,0,[87.00073,88.21001]]],[154,[52.98281,102.4666,0,[88.00075,86.08575]]],[170,[52.13767,100.2057,0,[88.00076,84.9231]]],[151,[53.63159,105.1278,0,[87.00076,88.02868]]],[152,[53.86341,104.6716,0,[88.00076,87.42831]]],[166,[53.90071,105.9991,0,[87.00075,89.57162]]],[155,[52.89894,100.9355,0,[88.00072,84.86138]]],[135,[53.88588,104.0545,0,[88.00079,86.34008]]],[133,[54.4606,106.2743,0,[87.39522,88.00072]]],[150,[54.56676,107.2067,0,[87.00075,89.33994]]],[113,[54.82967,107.2287,0,[88.00076,87.27188]]],[153,[53.56429,101.9151,0,[88.00077,84.7992]]],[134,[54.38729,104.6226,0,[88.00076,85.80563]]],[132,[55.03961,106.883,0,[87.00075,88.12533]]],[112,[55.478,108.24,0,[88.00085,87.47513]]],[149,[55.32386,108.0136,0,[87.00072,89.54491]]],[136,[54.38602,102.2295,0,[88.00073,84.61368]]],[114,[55.17738,105.631,0,[88.00077,86.04299]]],[164,[55.73757,109.0023,0,[87.00077,88.02086]]],[148,[56.14014,109.3159,0,[88.00073,87.37784]]],[131,[56.16212,109.1199,0,[87.00073,89.58419]]],[147,[56.38827,109.812,0,[87.16332,88.00066]]],[111,[56.15859,108.3404,0,[88.00077,86.25549]]],[116,[55.27298,103.7256,0,[88.00078,84.87128]]],[174,[56.9976,110.7383,0,[88.00075,87.53794]]],[163,[56.96872,110.9789,0,[87.00075,89.50694]]],[173,[57.09319,111.4289,0,[87.00063,88.39436]]],[146,[56.87352,109.8154,0,[88.00076,86.15916]]],[91,[55.98532,106.4619,0,[88.00076,84.87717]]],[161,[57.67662,112.0897,0,[88.00074,87.56401]]],[160,[57.61955,112.3925,0,[87.00075,88.12719]]],[119,[56.66127,102.3652,0,[88.00075,84.80945]]],[162,[57.55886,110.3566,0,[88.00076,86.07094]]],[179,[58.16682,112.0119,0,[87.00069,89.86977]]],[172,[58.27225,112.4656,0,[88.00073,87.42284]]],[218,[58.19829,110.6737,0,[87.01546,88.00068]]],[129,[58.17558,109.6268,0,[88.00076,85.98181]]],[130,[57.25412,108.093,0,[88.00076,84.6415]]],[178,[58.59064,112.3197,0,[87.00073,89.46362]]],[143,[58.84373,113.0416,0,[88.00079,87.36391]]],[185,[58.79827,111.9412,0,[87.0008,88.02316]]],[144,[58.83791,111.5996,0,[88.00076,86.08464]]],[92,[57.96043,105.7683,0,[88.00074,84.62075]]],[186,[59.22372,112.3315,0,[87.0007,89.57105]]],[142,[59.55428,113.984,0,[88.00076,87.66434]]],[199,[59.58043,111.9145,0,[87.00078,88.27519]]],[125,[59.53578,113.4277,0,[88.00082,86.37816]]],[217,[59.84938,112.4456,0,[87.00076,89.66676]]],[110,[58.65459,108.6963,0,[88.00076,84.69557]]],[159,[60.26963,113.9892,0,[88.00075,87.95664]]],[124,[60.23434,114.2647,0,[88.00084,86.76052]]],[184,[60.34331,113.2726,0,[87.00079,88.49749]]],[141,[60.94063,115.0648,0,[88.00085,87.94456]]],[145,[59.39595,110.2067,0,[88.00081,85.11924]]],[200,[60.53865,113.0053,0,[87.00076,89.85657]]],[126,[60.51906,112.4883,0,[88.00069,86.06639]]],[216,[61.08713,112.8858,0,[87.00076,88.548]]],[123,[61.37462,115.5554,0,[88.00069,87.56792]]],[94,[59.76184,104.9567,0,[88.00073,84.49663]]],[236,[61.26077,111.567,0,[87.00069,89.85802]]],[103,[61.15374,114.4511,0,[88.00069,86.04348]]],[140,[61.42126,115.5424,0,[87.01359,88.00071]]],[81,[61.94427,116.6083,0,[88.00076,87.49567]]],[128,[60.56201,109.7895,0,[88.00079,84.60921]]],[259,[61.97278,110.9551,0,[87.00074,89.65688]]],[127,[61.75675,112.0667,0,[88.00079,86.12748]]],[122,[62.05686,116.4776,0,[87.00074,88.17048]]],[58,[62.60464,117.9673,0,[88.00079,87.56985]]],[302,[62.70439,110.1889,0,[87.00072,89.75582]]],[90,[61.32431,108.0338,0,[88.00078,84.71436]]],[104,[62.36133,113.9167,0,[88.00081,86.19703]]],[198,[62.72972,113.6113,0,[87.00079,88.28722]]],[102,[63.31292,116.3757,0,[88.00079,87.80978]]],[59,[63.02663,116.5724,0,[88.0008,86.45998]]],[235,[63.41697,112.2916,0,[87.00082,88.46387]]],[303,[63.45041,109.3056,0,[87.00072,89.86172]]],[108,[62.00291,110.1278,0,[88.00076,84.80982]]],[80,[63.95419,117.5779,0,[88.0008,87.8526]]],[105,[63.63025,113.9169,0,[88.00079,86.49663]]],[158,[63.97146,115.4584,0,[87.00079,88.30395]]],[280,[64.17899,111.2732,0,[87.00072,89.78333]]],[107,[62.82922,111.4554,0,[88.00069,85.0527]]],[101,[64.4604,117.2181,0,[88.00085,87.46152]]],[301,[64.47899,112.3166,0,[87.01663,88.00053]]],[82,[64.02723,115.0954,0,[88.00086,86.02338]]],[257,[64.82856,113.5547,0,[87.00078,89.60446]]],[39,[64.71804,118.5699,0,[88.00082,86.5543]]],[21,[65.40167,120.78,0,[88.00072,87.90985]]],[234,[65.25204,115.3802,0,[87.00072,88.51024]]],[86,[63.33875,111.3805,0,[88.00072,84.57586]]],[40,[65.44984,118.1935,0,[88.00079,86.76788]]],[352,[65.6325,107.519,0,[87.00072,90.00373]]],[79,[65.63702,118.0789,0,[87.00085,88.02995]]],[22,[66.22336,119.9884,0,[88.00077,87.56607]]],[85,[64.62112,112.9927,0,[88.00063,85.36911]]],[319,[66.2741,113.6301,0,[87.00073,89.7039]]],[87,[65.70263,112.1249,0,[88.00071,86.00346]]],[78,[66.39585,119.3732,0,[87.00077,88.6944]]],[57,[66.75729,119.2126,0,[87.67009,88.00063]]],[60,[66.52422,116.5665,0,[88.00084,86.68732]]],[83,[64.81745,113.6954,0,[88.00073,84.4257]]],[100,[67.04417,118.9687,0,[87.00072,88.65904]]],[258,[67.16359,112.2058,0,[87.00071,89.95613]]],[38,[67.29084,120.6446,0,[88.00075,87.60091]]],[45,[67.17982,115.4651,0,[88.00077,86.22768]]],[61,[66.25876,115.4417,0,[88.0008,85.40179]]],[56,[67.39683,120.4407,0,[87.00077,88.12778]]],[23,[67.88351,119.1998,0,[88.00079,87.48427]]],[320,[67.91708,111.6339,0,[87.00073,89.86926]]],[8,[67.94978,120.6712,0,[87.0559,88.00064]]],[42,[66.41316,115.3818,0,[88.00075,84.45453]]],[43,[67.70644,116.0479,0,[88.00076,85.99632]]],[47,[68.42802,113.7582,0,[88.00073,87.36212]]],[337,[68.42473,114.1116,0,[87.00072,89.57968]]],[25,[68.68268,119.9719,0,[87.00074,88.40484]]],[106,[67.24609,112.3689,0,[88.00071,84.57216]]],[41,[68.46057,117.163,0,[88.00077,86.22738]]],[66,[69.12974,115.9019,0,[88.00076,87.82453]]],[321,[69.16973,110.4009,0,[87.00071,89.92352]]],[27,[69.19474,119.9793,0,[87.0008,88.12164]]],[44,[69.4651,118.9697,0,[88.00085,87.21626]]],[63,[68.08711,114.0376,0,[88.00074,84.64555]]],[279,[69.77141,115.2964,0,[87.0008,89.75402]]],[15,[70.08056,116.8904,0,[87.72719,88.00063]]],[6,[69.96304,123.4217,0,[87.00077,88.8684]]],[67,[68.97921,112.1493,0,[88.00074,85.88482]]],[46,[69.84225,117.0706,0,[88.00076,86.67525]]],[30,[70.65099,115.8587,0,[88.00078,87.71468]]],[26,[70.44609,121.3514,0,[87.0008,88.40198]]],[278,[70.8239,116.8016,0,[87.00071,90.08267]]],[62,[68.71972,113.8244,0,[88.00076,84.35788]]],[84,[70.13628,115.1471,0,[88.00077,85.95034]]],[17,[70.92609,113.4318,0,[87.13803,88.00072]]],[31,[71.00416,111.3466,0,[88.00073,87.16096]]],[20,[71.28854,124.3349,0,[87.00074,89.70564]]],[35,[71.79761,110.3477,0,[88.0008,87.83258]]],[51,[70.8986,108.1185,0,[88.00066,85.92439]]],[10,[71.6094,123.6827,0,[87.00077,89.07174]]],[171,[69.8883,99.19902,0,[88.00076,84.4166]]],[2,[71.8318,124.1098,0,[87.00079,88.24751]]],[32,[71.67833,110.659,0,[88.00083,86.23931]]],[33,[72.3973,111.7681,0,[88.00073,87.69649]]],[48,[70.85192,109.0988,0,[88.0007,84.61646]]],[336,[72.44311,115.6992,0,[87.00066,90.01591]]],[11,[72.44456,123.9014,0,[87.00077,88.23029]]],[16,[72.44493,112.1827,0,[88.00084,86.52216]]],[24,[72.94903,123.4683,0,[87.00076,89.67565]]],[29,[73.10066,121.1753,0,[88.0007,87.77303]]],[65,[71.83078,113.9632,0,[88.00078,85.14677]]],[28,[73.10807,121.9875,0,[87.00076,88.46373]]],[14,[73.55756,120.0901,0,[88.00078,87.43849]]],[36,[72.90807,109.1227,0,[88.00072,86.06269]]],[5,[73.51626,121.1563,0,[87.03295,88.00063]]],[318,[73.65227,116.4178,0,[87.00076,89.94408]]],[281,[74.0473,114.0462,0,[87.00072,89.43649]]],[75,[74.20772,107.8341,0,[88.00071,87.58385]]],[0,[74.1873,125.8385,0,[87.00076,88.34702]]],[88,[72.3235,111.7597,0,[88.00071,84.58488]]],[34,[73.55439,109.8433,0,[88.00079,86.19993]]],[55,[74.80502,112.7494,0,[88.00067,87.47833]]],[49,[74.05238,110.9108,0,[88.00066,85.88258]]],[219,[74.86296,117.2016,0,[87.00073,90.08415]]],[3,[74.65011,118.1234,0,[87.03954,88.00073]]],[52,[73.15966,107.1297,0,[88.0008,84.7249]]],[37,[75.54404,116.184,0,[88.00079,87.86884]]],[50,[75.02681,111.41,0,[88.00078,86.43472]]],[341,[75.39248,110.025,0,[87.00079,88.4989]]],[350,[75.21056,114.6043,0,[87.00069,89.5438]]],[7,[75.92638,125.8573,0,[87.41921,88.00054]]],[13,[75.83979,122.2755,0,[88.00083,87.03674]]],[115,[73.78139,106.6011,0,[88.00076,84.43644]]],[322,[76.15669,111.7961,0,[87.00085,89.07683]]],[237,[76.00339,113.8701,0,[87.00072,90.03307]]],[300,[76.44599,119.5968,0,[87.00092,88.3083]]],[77,[76.57672,113.935,0,[88.00098,87.38653]]],[73,[75.37148,108.2184,0,[88.00084,85.6944]]],[282,[76.90018,114.8763,0,[87.00085,89.78175]]],[76,[77.2558,111.6818,0,[88.00078,87.97396]]],[12,[77.15485,126.0737,0,[87.00078,88.57844]]],[54,[76.22986,110.1802,0,[88.00098,86.26109]]],[53,[77.215,110.4935,0,[88.00082,86.81307]]],[351,[77.58238,113.3448,0,[87.00077,90.01823]]],[18,[77.74226,117.4175,0,[87.68772,88.00055]]],[1,[78.00081,128.4603,0,[87.00073,89.58112]]],[69,[74.53076,110.3758,0,[88.00091,84.35764]]],[139,[78.03604,107.4576,0,[88.00079,87.16138]]],[99,[78.02911,110.2094,0,[87.00076,88.51956]]],[19,[78.52564,117.1721,0,[87.64077,88.00061]]],[89,[78.1632,114.6509,0,[88.00072,86.06612]]],[117,[77.17088,107.6968,0,[88.00073,85.66138]]],[256,[78.75917,120.9972,0,[87.00078,88.82379]]],[338,[78.83928,114.3485,0,[87.00075,90.06137]]],[93,[78.97093,112.3683,0,[88.00072,87.44567]]],[98,[78.98238,108.7403,0,[87.07365,88.00069]]],[95,[78.81729,110.0872,0,[88.00066,86.05436]]],[120,[77.17546,104.6762,0,[88.00068,84.52785]]],[74,[79.5912,111.9094,0,[88.00075,87.46126]]],[260,[79.61947,117.7506,0,[87.00072,89.90232]]],[9,[79.74979,128.4862,0,[87.00076,88.80798]]],[97,[79.40274,109.659,0,[88.00079,85.91611]]],[118,[78.01826,107.146,0,[88.00066,84.41941]]],[121,[80.02532,109.0887,0,[87.48413,88.0006]]],[340,[80.49586,115.1549,0,[87.00074,90.12704]]],[109,[80.20621,119.284,0,[88.00079,87.04227]]],[71,[78.77795,111.0594,0,[88.00077,84.37593]]],[4,[80.57243,124.9449,0,[87.00076,89.02841]]],[138,[80.70592,111.8639,0,[87.43098,88.00062]]],[96,[81.01161,114.0016,0,[88.00079,87.12727]]],[68,[80.27237,113.5624,0,[88.00081,85.81272]]],[64,[81.44932,122.2279,0,[87.41692,88.00062]]],[238,[81.33716,125.165,0,[87.00071,89.29305]]],[72,[81.64702,116.6054,0,[88.00066,86.7794]]],[156,[80.47114,101.934,0,[88.00074,84.8813]]],[339,[82.07816,116.8454,0,[87.00074,89.18965]]],[157,[82.23103,110.8906,0,[87.29247,88.00069]]],[137,[81.59062,106.4466,0,[88.00057,85.22754]]],[70,[82.78111,114.3856,0,[88.00082,87.03774]]]
1:[348,[38.58337,76.94609,1,[47.11112,88.00095]]],[349,[39.2415,78.3092,1,[48.12207,89.00099]]],[355,[37.30498,74.43346,1,[46.99941,86.77327]]],[334,[40.0263,79.89489,1,[48.21963,89.001]]],[347,[37.78614,75.10133,1,[46.30088,86.00088]]],[315,[40.18963,80.07991,1,[47.05683,88.00098]]],[333,[39.41611,78.56094,1,[47.31792,88.00096]]],[316,[40.76994,81.25336,1,[48.10635,89.00096]]],[354,[37.13199,73.42707,1,[45.99943,85.6375]]],[314,[38.96019,77.74522,1,[46.725,86.00089]]],[273,[41.7505,82.97289,1,[47.14437,88.00092]]],[296,[40.90933,81.39905,1,[47.00604,88.00094]]],[331,[38.1592,75.55419,1,[45.99959,85.18467]]],[271,[42.3753,83.58727,1,[47.12199,88.00098]]],[332,[38.29577,76.32179,1,[46.97132,86.00088]]],[294,[40.40899,79.72077,1,[46.80633,86.00089]]],[270,[42.98481,84.23321,1,[46.99951,87.93437]]],[292,[40.99792,80.36576,1,[46.70632,86.0009]]],[295,[39.64717,78.93771,1,[46.54389,86.00088]]],[293,[39.63406,78.53318,1,[45.99947,84.95943]]],[346,[36.97596,73.06394,1,[45.62727,84.00092]]],[291,[41.64965,81.40285,1,[46.65379,86.00087]]],[272,[43.13129,84.68398,1,[48.02744,89.00096]]],[313,[38.5781,76.32648,1,[45.99958,84.60432]]],[311,[40.29823,77.87847,1,[45.99955,84.91226]]],[269,[42.29525,82.32951,1,[46.64436,86.00088]]],[249,[43.59066,86.26226,1,[48.82482,89.00089]]],[248,[43.36282,85.49741,1,[47.9484,88.00089]]],[312,[38.87861,76.24341,1,[45.32112,84.00091]]],[310,[41.06371,78.96339,1,[45.99954,85.00653]]],[290,[41.73601,80.14095,1,[45.99948,84.79139]]],[228,[44.35547,87.52431,1,[48.48882,89.0009]]],[345,[37.92628,73.66129,1,[45.21249,84.00092]]],[227,[44.11649,86.75993,1,[47.69804,88.00092]]],[247,[43.35726,85.17993,1,[46.99957,87.30383]]],[329,[40.29031,75.50739,1,[45.31003,84.00091]]],[330,[39.59695,74.658,1,[45.28309,84.00086]]],[244,[45.45729,89.781,1,[47.99952,88.01038]]],[265,[45.02354,88.43449,1,[47.36349,88.00095]]],[268,[43.08507,82.98705,1,[46.49776,86.0009]]],[328,[40.97921,76.53384,1,[45.14338,84.00089]]],[243,[45.81424,89.70639,1,[46.99952,87.69732]]],[226,[45.10917,88.38525,1,[48.11538,89.00095]]],[246,[43.98415,85.29435,1,[46.99957,87.00936]]],[245,[44.68597,86.41299,1,[46.99961,86.46367]]],[288,[42.32164,82.01544,1,[45.99949,84.64226]]],[207,[46.23674,90.29295,1,[47.94762,88.00091]]],[242,[45.16224,87.49022,1,[46.63205,86.00089]]],[267,[43.93728,83.69843,1,[46.43432,86.00089]]],[208,[45.65001,90.01579,1,[48.76887,89.00085]]],[287,[43.07222,82.9838,1,[45.99947,84.97484]]],[266,[44.7097,85.28526,1,[46.00664,86.00092]]],[224,[46.44931,90.86114,1,[46.99959,87.55145]]],[225,[46.48854,90.97974,1,[48.70291,89.00091]]],[165,[47.14274,92.56984,1,[47.46066,88.00095]]],[289,[43.31958,79.9881,1,[45.99959,84.17731]]],[353,[41.68001,73.49026,1,[45.1497,84.00083]]],[222,[47.78725,92.008,1,[47.52678,88.00078]]],[223,[45.87216,88.79363,1,[46.50548,86.00089]]],[191,[47.3522,92.71072,1,[48.27419,89.00095]]],[309,[42.4193,78.1767,1,[45.1315,84.00092]]],[205,[46.70456,91.29261,1,[46.99947,86.57895]]],[204,[48.44053,94.74194,1,[47.9994,88.36775]]],[285,[44.07699,83.57413,1,[45.96286,84.0009]]],[240,[47.65829,89.9745,1,[46.99944,86.88496]]],[241,[46.54429,88.58802,1,[46.06839,86.00087]]],[175,[47.9627,93.46971,1,[48.30769,89.0006]]],[344,[43.15341,74.50967,1,[45.02568,84.0009]]],[297,[41.60683,82.51586,1,[47.99984,88.9456]]],[264,[45.12122,85.25876,1,[45.99957,85.02164]]],[203,[48.67223,93.66776,1,[46.99945,87.67264]]],[189,[49.18539,96.29221,1,[47.64923,88.00076]]],[317,[41.62688,82.81182,1,[48.99977,89.88618]]],[206,[49.31,95.36585,1,[48.28977,89.00082]]],[283,[47.07155,87.95855,1,[46.32507,86.00088]]],[274,[42.39309,84.31162,1,[48.11548,89.00098]]],[221,[48.27033,90.11649,1,[46.73576,86.00082]]],[187,[50.30181,97.64548,1,[47.99968,88.7863]]],[239,[47.75099,89.25561,1,[46.2979,86.00089]]],[263,[45.34807,85.4043,1,[45.99949,84.30672]]],[308,[43.91037,80.47372,1,[45.0101,84.0009]]],[192,[49.02003,92.44495,1,[48.99933,89.74006]]],[202,[50.29971,94.7177,1,[47.07682,88.00098]]],[275,[43.30538,85.62553,1,[48.99972,90.13419]]],[188,[49.18447,94.69787,1,[46.99919,87.02914]]],[262,[46.65809,85.6557,1,[45.99957,84.36074]]],[284,[45.81927,83.96234,1,[45.93985,84.00092]]],[190,[50.62127,97.36243,1,[48.99955,89.3996]]],[250,[44.84544,88.65961,1,[49.07828,91.00085]]],[304,[50.01723,87.39561,1,[46.99958,86.34979]]],[286,[44.82424,82.39366,1,[45.07521,84.0009]]],[307,[48.49803,82.59988,1,[45.99953,85.03786]]],[324,[49.58305,82.21978,1,[45.9994,85.0443]]],[342,[50.7865,81.9995,1,[46.80568,86.00087]]],[261,[47.7025,86.47813,1,[45.99954,84.74159]]],[220,[49.23363,90.71435,1,[46.5824,86.00058]]],[229,[45.29138,89.03902,1,[48.99962,89.99286]]],[327,[45.53599,77.37094,1,[44.99952,83.88005]]],[323,[47.24466,83.3082,1,[45.21896,84.00086]]],[306,[50.23373,83.32492,1,[45.99937,84.26282]]],[325,[49.53233,80.22828,1,[45.35245,84.00073]]],[305,[48.75778,84.50523,1,[45.20741,84.00085]]],[343,[46.53679,76.59198,1,[44.99955,83.95606]]],[180,[51.0234,98.7468,1,[47.71661,88.00099]]],[326,[48.0745,79.97396,1,[45.08518,84.00094]]],[209,[50.15347,92.29327,1,[48.99936,90.39391]]],[201,[60.71702,114.759,1,[46.99928,86.00763]]]

Travel Distances:
[335,113.6189],[299,115.4351],[298,117.4624],[277,116.875],[276,117.3462],[254,116.9285],[253,119.1421],[255,118.1902],[232,118.9541],[252,118.6418],[251,120.9071],[231,120.4963],[233,119.7087],[212,120.9779],[230,120.3391],[213,119.9599],[214,121.3651],[211,122.6369],[195,122.2216],[215,119.7348],[194,122.3203],[183,123.8338],[210,124.0004],[182,124.0759],[196,121.9866],[177,123.4215],[193,123.576],[176,125.7363],[169,124.9358],[197,121.7994],[181,125.1658],[168,124.9983],[167,125.6437],[154,126.1344],[170,125.0073],[151,127.5435],[152,126.5841],[166,127.4837],[155,124.3642],[135,125.755],[133,129.025],[150,129.3556],[113,129.4163],[153,125.9635],[134,127.1996],[132,128.2842],[112,129.0387],[149,130.4745],[136,126.6823],[114,128.5324],[164,131.2314],[148,130.7063],[131,129.9515],[147,132.6794],[111,131.6535],[116,128.4185],[174,132.5486],[163,132.2728],[173,132.8752],[146,131.8365],[91,129.7023],[161,134.4746],[160,134.8166],[119,126.3474],[162,133.0015],[179,133.379],[172,133.657],[218,133.8766],[129,133.0311],[130,132.8815],[178,134.6972],[143,135.0651],[185,133.8183],[144,133.6948],[92,129.1824],[186,133.3602],[142,134.6593],[199,134.2128],[125,136.1161],[217,134.1065],[110,132.7271],[159,135.207],[124,137.4881],[184,136.0494],[141,137.0499],[145,134.6392],[200,135.1798],[126,135.0236],[216,134.3791],[123,136.6113],[94,128.495],[236,132.381],[103,137.8802],[140,138.1633],[81,138.4626],[128,133.8035],[259,132.464],[127,134.3016],[122,137.8519],[58,140.491],[302,132.1469],[90,132.4624],[104,136.8827],[198,135.7345],[102,137.5481],[59,140.0889],[235,135.0597],[303,131.6683],[108,135.062],[80,139.4436],[105,136.1559],[158,137.0478],[280,132.1926],[107,134.8103],[101,139.9314],[301,134.9909],[82,138.4833],[257,135.2077],[39,140.8043],[21,141.7756],[234,138.387],[86,136.3859],[40,141.0452],[352,129.598],[79,140.5541],[22,141.2964],[85,136.2315],[319,134.4999],[87,134.2143],[78,140.2329],[57,141.3801],[60,139.0281],[83,138.1915],[100,140.5564],[258,133.4017],[38,141.7939],[45,138.8784],[61,139.9228],[56,143.27],[23,141.2396],[320,133.4191],[8,142.2661],[42,139.1906],[43,138.3291],[47,134.6501],[337,136.7933],[25,142.073],[106,136.7307],[41,139.8628],[66,137.3319],[321,131.4835],[27,141.1708],[44,141.8024],[63,138.9272],[279,137.0708],[15,138.5706],[6,144.9855],[67,135.0171],[46,138.8467],[30,138.236],[26,144.1388],[348,163.5655],[278,138.7468],[349,162.4921],[62,138.4123],[84,138.0024],[17,135.2279],[31,132.9464],[20,145.1683],[355,163.6771],[334,164.5918],[35,132.4312],[51,131.6316],[10,145.8801],[171,124.1008],[347,165.2456],[2,145.9112],[32,132.8437],[33,132.6589],[315,164.5574],[48,132.5309],[333,167.1445],[336,138.2371],[11,146.5528],[16,134.9242],[24,145.0306],[29,142.7019],[316,165.227],[65,137.6623],[354,166.9698],[28,143.279],[314,167.407],[273,166.5816],[14,142.6657],[36,132.9534],[5,143.8516],[296,168.8456],[318,138.3852],[281,135.2764],[75,129.1569],[331,168.5094],[271,168.0054],[0,147.1901],[332,169.5622],[88,135.5514],[34,131.7584],[294,170.4326],[55,134.9368],[49,134.035],[219,138.7548],[270,169.1116],[292,169.6572],[3,140.5222],[295,171.1569],[52,130.5827],[37,136.878],[293,171.0327],[346,170.6729],[50,134.9468],[291,171.4077],[341,132.8872],[272,169.381],[350,137.1429],[7,147.6991],[313,172.7451],[311,170.7709],[13,144.2095],[115,130.8389],[322,133.0188],[269,170.6794],[237,134.6156],[249,169.7722],[300,142.3509],[77,136.4945],[73,132.1075],[282,136.4499],[248,172.6986],[312,174.2282],[310,172.5278],[290,172.195],[76,132.8844],[12,147.327],[228,170.8288],[345,173.3012],[54,132.5303],[53,133.7543],[351,135.558],[18,139.556],[227,174.2228],[247,175.6616],[329,172.5155],[1,149.8189],[330,173.0565],[69,134.7117],[139,129.1897],[99,131.692],[244,174.4655],[19,137.9779],[265,176.2692],[268,175.7336],[89,137.8499],[117,131.6672],[256,143.0988],[338,135.9048],[93,134.1333],[328,173.7717],[243,176.1527],[98,130.27],[95,131.9793],[226,171.4608],[120,130.0096],[246,177.3362],[74,134.4124],[260,139.8764],[245,177.3833],[9,150.2965],[288,179.0943],[207,176.3471],[242,177.3881],[97,132.287],[118,131.0477],[267,176.4746],[121,130.2168],[340,137.5084],[208,175.0368],[109,141.8657],[287,180.442],[71,135.5621],[266,178.3537],[4,146.7699],[138,133.7192],[224,180.0211],[225,174.5679],[96,135.2354],[165,178.988],[289,176.7231],[68,137.6601],[64,144.648],[238,147.3122],[353,175.4039],[222,179.3438],[223,182.1634],[191,176.6566],[309,178.6071],[72,138.5196],[205,182.04],[156,125.3098],[204,180.5389],[339,139.488],[285,182.7691],[157,133.542],[240,181.2233],[137,130.2372],[241,182.6837],[175,179.3637],[344,175.7002],[297,165.6749],[70,136.0705],[264,183.9985],[203,184.9616],[189,186.1879],[317,168.717],[206,183.2218],[283,182.8854],[274,168.841],[221,182.4558],[187,185.4488],[239,184.7509],[263,185.819],[308,184.0932],[192,177.8038],[202,184.3792],[275,168.8014],[188,187.0135],[262,185.3587],[284,185.43],[190,184.7554],[250,171.7634],[304,179.0929],[286,186.2274],[307,178.6742],[324,176.858],[342,173.1948],[261,186.3218],[220,186.053],[229,174.449],[327,181.4755],[323,183.9851],[306,175.6844],[325,175.6504],[305,181.5344],[343,180.8675],[180,186.7338],[326,180.4434],[209,178.3409],[201,202.6492]

Finish Times:
[335,58.80096],[299,59.56098],[298,60.08099],[277,60.241],[276,60.321],[254,60.92101],[253,61.16102],[255,61.16102],[232,61.52103],[252,61.72103],[251,62.04104],[231,62.16104],[233,62.20104],[212,62.60105],[230,62.80106],[213,62.92106],[214,63.00106],[211,63.28107],[195,63.40107],[215,63.68108],[194,63.80108],[183,63.96108],[210,64.20109],[182,64.32109],[196,64.5211],[177,64.6411],[193,64.7211],[176,65.00111],[169,65.28111],[197,65.32111],[181,65.60112],[168,65.68112],[167,65.76112],[154,66.00113],[170,66.08113],[151,66.36114],[152,66.40114],[166,66.56114],[155,66.72115],[135,66.92115],[133,67.04115],[150,67.28116],[113,67.32116],[153,67.48116],[134,67.68117],[132,67.84117],[112,67.92117],[149,68.08118],[136,68.36118],[114,68.44118],[164,68.44118],[148,68.64119],[131,68.84119],[147,69.0812],[111,69.1212],[116,69.1612],[174,69.40121],[163,69.68121],[173,69.72121],[146,69.80122],[91,69.88122],[161,70.08122],[160,70.32123],[119,70.52123],[162,70.52123],[179,70.56123],[172,70.76124],[218,71.00124],[129,71.20125],[130,71.20125],[178,71.20125],[143,71.36125],[185,71.64126],[144,71.80126],[92,71.88126],[186,71.88126],[142,71.92126],[199,72.36127],[125,72.40128],[217,72.48128],[110,72.52128],[159,72.56128],[124,73.00129],[184,73.04129],[141,73.16129],[145,73.16129],[200,73.16129],[126,73.6013],[216,73.6813],[123,73.76131],[94,73.84131],[236,73.88131],[103,74.16132],[140,74.28132],[81,74.40132],[128,74.60133],[259,74.60133],[127,74.72133],[122,74.84133],[58,75.04134],[302,75.24134],[90,75.36134],[104,75.36134],[198,75.44135],[102,75.60135],[59,75.96136],[235,76.04136],[303,76.04136],[108,76.08136],[80,76.24136],[105,76.60137],[158,76.64137],[280,76.76138],[107,76.80138],[101,76.96138],[301,77.20139],[82,77.36139],[257,77.36139],[39,77.56139],[21,77.6814],[234,77.9614],[86,78.0414],[40,78.16141],[352,78.24141],[79,78.28141],[22,78.64142],[85,78.72142],[319,78.76142],[87,78.84142],[78,78.92142],[57,79.16143],[60,79.40144],[83,79.44144],[100,79.56144],[258,79.60144],[38,79.72144],[45,80.08145],[61,80.08145],[56,80.12145],[23,80.28146],[320,80.36146],[8,80.76147],[42,80.76147],[43,80.76147],[47,80.92147],[337,80.96147],[25,81.40148],[106,81.44148],[41,81.48148],[66,81.48148],[321,81.72149],[27,81.88149],[44,82.0415],[63,82.1215],[279,82.3215],[15,82.4015],[6,82.52151],[67,82.72151],[46,82.76151],[30,83.04152],[26,83.08152],[348,83.08152],[278,83.20152],[349,83.36153],[62,83.44153],[84,83.48153],[17,83.60153],[31,83.64153],[20,83.84154],[355,83.92154],[334,84.12154],[35,84.16154],[51,84.16154],[10,84.20155],[171,84.20155],[347,84.20155],[2,84.60155],[32,84.72156],[33,84.80156],[315,84.80156],[48,84.92156],[333,84.96156],[336,84.96156],[11,85.16157],[16,85.32157],[24,85.44157],[29,85.44157],[316,85.52158],[65,85.60158],[354,85.64158],[28,85.80158],[314,85.80158],[273,85.92159],[14,86.04159],[36,86.04159],[5,86.16159],[296,86.20159],[318,86.28159],[281,86.5616],[75,86.6016],[331,86.6016],[271,86.6416],[0,86.7216],[332,86.7216],[88,86.80161],[34,86.92161],[294,87.04161],[55,87.24162],[49,87.36162],[219,87.36162],[270,87.36162],[292,87.36162],[3,87.40162],[295,87.52162],[52,87.80163],[37,87.84163],[293,87.92163],[346,87.92163],[50,87.96163],[291,88.00163],[341,88.00163],[272,88.08163],[350,88.12164],[7,88.44164],[313,88.44164],[311,88.56165],[13,88.60165],[115,88.60165],[322,88.60165],[269,88.68165],[237,88.80165],[249,88.80165],[300,89.04166],[77,89.16166],[73,89.28166],[282,89.28166],[248,89.36166],[312,89.36166],[310,89.44167],[290,89.52167],[76,89.56167],[12,89.76167],[228,89.84167],[345,89.84167],[54,89.88168],[53,89.96168],[351,90.16168],[18,90.20168],[227,90.20168],[247,90.44169],[329,90.44169],[1,90.56169],[330,90.56169],[69,90.60169],[139,90.60169],[99,90.64169],[244,90.64169],[19,90.8417],[265,91.1217],[268,91.20171],[89,91.24171],[117,91.24171],[256,91.24171],[338,91.40171],[93,91.44171],[328,91.56171],[243,91.64172],[98,91.80172],[95,91.92172],[226,91.92172],[120,91.96172],[246,91.96172],[74,92.08173],[260,92.12173],[245,92.16173],[9,92.44173],[288,92.44173],[207,92.52174],[242,92.52174],[97,92.60174],[118,92.68174],[267,92.72174],[121,92.80174],[340,92.96175],[208,93.12175],[109,93.20175],[287,93.32175],[71,93.36176],[266,93.36176],[4,93.44176],[138,93.44176],[224,93.44176],[225,93.72176],[96,93.84177],[165,93.84177],[289,93.88177],[68,94.00177],[64,94.16177],[238,94.20177],[353,94.24178],[222,94.36178],[223,94.36178],[191,94.48178],[309,94.56178],[72,94.60178],[205,94.68179],[156,94.72179],[204,94.88179],[339,94.96179],[285,95.00179],[157,95.08179],[240,95.08179],[137,95.2818],[241,95.4418],[175,95.5218],[344,95.60181],[297,95.64181],[70,95.68181],[264,96.04182],[203,96.08182],[189,96.16182],[317,96.20182],[206,96.60183],[283,96.60183],[274,96.84184],[221,96.92184],[187,97.04184],[239,97.04184],[263,97.20184],[308,97.52185],[192,97.64185],[202,97.64185],[275,97.64185],[188,97.80186],[262,97.96186],[284,98.08186],[190,98.24187],[250,98.32187],[304,98.40187],[286,98.68188],[307,98.76188],[324,98.96188],[342,99.00188],[261,99.08189],[220,99.16189],[229,99.40189],[327,99.5219],[323,99.6019],[306,99.8419],[325,99.8419],[305,99.8819],[343,100.0819],[180,100.2819],[326,100.4419],[209,101.1619],[201,106.8021]

Stuck Times:
[335,0],[299,0],[298,0],[277,0],[276,0],[254,0],[253,0],[255,0],[232,0],[252,0],[251,0],[231,0],[233,0],[212,0],[230,0],[213,0],[214,0],[211,0],[195,0],[215,0],[194,0],[183,0],[210,0],[182,0],[196,0],[177,0],[193,0],[176,0],[169,0],[197,1],[181,0],[168,0],[167,0],[154,0],[170,0],[151,0],[152,0],[166,0],[155,0],[135,0],[133,0],[150,0],[113,0],[153,0],[134,0],[132,0],[112,0],[149,0],[136,0],[114,0],[164,0],[148,0],[131,0],[147,0],[111,0],[116,0],[174,0],[163,0],[173,0],[146,0],[91,0],[161,0],[160,0],[119,3],[162,0],[179,0],[172,0],[218,0],[129,0],[130,0],[178,0],[143,0],[185,0],[144,0],[92,2],[186,1],[142,0],[199,0],[125,0],[217,0],[110,1],[159,0],[124,0],[184,0],[141,1],[145,0],[200,2],[126,0],[216,2],[123,0],[94,5],[236,1],[103,0],[140,1],[81,0],[128,2],[259,3],[127,2],[122,0],[58,0],[302,2],[90,5],[104,2],[198,0],[102,1],[59,1],[235,4],[303,6],[108,5],[80,1],[105,4],[158,3],[280,6],[107,6],[101,0],[301,7],[82,3],[257,5],[39,2],[21,2],[234,5],[86,7],[40,3],[352,11],[79,3],[22,3],[85,7],[319,6],[87,6],[78,2],[57,2],[60,5],[83,6],[100,5],[258,9],[38,2],[45,8],[61,7],[56,4],[23,6],[320,9],[8,5],[42,7],[43,5],[47,8],[337,10],[25,5],[106,9],[41,9],[66,8],[321,11],[27,4],[44,9],[63,9],[279,13],[15,9],[6,6],[67,11],[46,9],[30,11],[26,8],[348,0],[278,13],[349,0],[62,11],[84,10],[17,14],[31,14],[20,8],[355,0],[334,0],[35,16],[51,18],[10,8],[171,21],[347,0],[2,6],[32,18],[33,15],[315,0],[48,14],[333,0],[336,13],[11,9],[16,16],[24,12],[29,9],[316,1],[65,13],[354,0],[28,10],[314,0],[273,0],[14,12],[36,17],[5,12],[296,0],[318,14],[281,14],[75,23],[331,0],[271,0],[0,10],[332,0],[88,13],[34,18],[294,0],[55,20],[49,18],[219,15],[270,0],[292,0],[3,13],[295,0],[52,23],[37,17],[293,0],[346,0],[50,17],[291,0],[341,20],[272,0],[350,20],[7,11],[313,0],[311,0],[13,16],[115,19],[322,19],[269,0],[237,16],[249,0],[300,17],[77,22],[73,26],[282,17],[248,0],[312,0],[310,0],[290,0],[76,23],[12,13],[228,0],[345,1],[54,23],[53,24],[351,19],[18,19],[227,0],[247,0],[329,0],[1,11],[330,2],[69,19],[139,28],[99,24],[244,0],[19,20],[265,0],[268,0],[89,19],[117,21],[256,15],[338,22],[93,19],[328,0],[243,0],[98,28],[95,21],[226,0],[120,28],[246,0],[74,26],[260,18],[245,0],[9,14],[288,0],[207,0],[242,0],[97,24],[118,22],[267,0],[121,26],[340,22],[208,1],[109,16],[287,0],[71,21],[266,0],[4,18],[138,25],[224,0],[225,0],[96,23],[165,0],[289,1],[68,20],[64,19],[238,15],[353,3],[222,0],[223,0],[191,0],[309,0],[72,21],[205,0],[156,30],[204,0],[339,25],[285,0],[157,29],[240,0],[137,25],[241,0],[175,1],[344,4],[297,9],[70,22],[264,0],[203,0],[189,0],[317,11],[206,0],[283,0],[274,9],[221,0],[187,0],[239,0],[263,0],[308,0],[192,5],[202,1],[275,11],[188,0],[262,1],[284,1],[190,2],[250,11],[304,3],[286,1],[307,4],[324,6],[342,8],[261,0],[220,0],[229,9],[327,6],[323,1],[306,7],[325,9],[305,3],[343,8],[180,2],[326,10],[209,8],[201,1]

