Experiment Name: Custom-RoughWalls2
Method Used: FlowGraph
Run Number: 8
Preparation Time: 16.5326ms
Pathfinding Time: 2.3765ms
Finish Time: 128.9224ms
Finish Time 90%: 119.4024ms
Repaths: 0
Soft Repaths: 0

Gates Data:
0:[284,[6.638341,13.27538,0,[33.001,58.77446]]],[269,[6.147872,12.29376,0,[32.001,57.43725]]],[254,[6.171139,12.339,0,[32.001,56.01143]]],[283,[7.205479,14.40291,0,[33.001,58.02802]]],[298,[7.220134,14.42962,0,[33.001,59.40353]]],[268,[6.722723,13.43715,0,[32.001,56.69775]]],[267,[7.274445,14.51844,0,[32.001,57.59098]]],[299,[6.646718,13.29038,0,[33.001,60.1411]]],[282,[7.757968,15.46594,0,[33.001,58.68555]]],[252,[7.303334,14.55366,0,[32.001,56.48969]]],[251,[7.894866,15.69138,0,[32.001,57.3033]]],[253,[6.761978,13.50971,0,[32.001,55.28942]]],[281,[8.376437,16.57719,0,[33.001,58.43612]]],[297,[7.803743,15.56135,0,[33.001,59.78512]]],[237,[7.330607,14.53727,0,[32.001,55.38996]]],[266,[8.418179,15.66903,0,[32.001,57.54383]]],[239,[6.219908,12.43328,0,[32.001,54.51582]]],[296,[8.95466,16.73514,0,[33.001,58.64759]]],[250,[8.766771,16.68764,0,[32.001,56.71045]]],[311,[8.472292,16.71353,0,[33.001,59.53796]]],[280,[8.96176,16.6649,0,[32.001,57.86399]]],[236,[7.912996,15.69532,0,[32.001,56.2095]]],[235,[8.501813,16.64107,0,[32.001,55.76175]]],[265,[9.510992,16.73626,0,[32.001,57.6988]]],[295,[9.527121,17.81666,0,[33.001,58.97089]]],[223,[7.383211,14.58653,0,[32.001,54.28864]]],[222,[7.982491,15.77738,0,[32.001,55.11652]]],[279,[10.08775,18.67606,0,[33.001,58.75766]]],[249,[9.907248,17.83523,0,[32.001,56.86842]]],[238,[6.802164,13.58519,0,[32.001,53.84576]]],[234,[9.309426,17.73039,0,[32.001,56.67882]]],[294,[10.21594,18.85038,0,[33.001,59.83317]]],[324,[9.673061,18.88167,0,[33.001,60.04643]]],[264,[10.16683,17.83056,0,[32.001,57.8321]]],[210,[7.971826,15.73476,0,[32.001,54.01227]]],[233,[10.53769,18.88068,0,[32.001,56.91021]]],[339,[10.18787,18.12144,0,[33.001,60.94257]]],[263,[10.72182,19.05407,0,[32.001,57.96836]]],[278,[10.65557,19.76326,0,[33.001,58.93131]]],[207,[10.24191,19.22075,0,[32.001,55.9843]]],[248,[11.77266,20.02846,0,[33.001,58.20337]]],[221,[9.100833,16.92176,0,[32.001,55.54752]]],[351,[9.602693,18.12692,0,[33.001,61.15083]]],[232,[11.09033,19.85169,0,[32.001,57.07875]]],[293,[11.20678,20.02499,0,[33.001,59.09681]]],[247,[11.66312,20.14404,0,[32.001,57.37176]]],[209,[8.565012,16.82807,0,[32.001,54.66535]]],[220,[9.67925,18.11484,0,[32.001,55.83035]]],[277,[12.25598,20.93394,0,[33.001,58.85896]]],[338,[11.30378,19.46131,0,[33.001,60.20285]]],[224,[6.826168,13.63109,0,[32.001,52.50523]]],[309,[10.75788,18.89672,0,[33.001,60.01735]]],[219,[10.94062,19.23093,0,[32.001,55.99376]]],[262,[12.62094,21.12043,0,[33.001,58.03844]]],[323,[11.75163,20.17685,0,[33.001,59.31657]]],[208,[10.01704,17.93697,0,[32.001,54.96049]]],[190,[10.58918,18.72044,0,[32.001,55.14731]]],[205,[12.72349,21.51144,0,[32.001,56.98025]]],[350,[10.82109,19.19545,0,[33.001,61.10715]]],[183,[10.9867,19.18134,0,[32.001,54.38889]]],[292,[12.88226,21.22337,0,[33.001,59.02489]]],[231,[12.17534,21.04368,0,[32.001,56.92163]]],[246,[13.18635,22.34376,0,[33.001,58.09354]]],[218,[11.48699,20.32992,0,[32.001,56.30594]]],[349,[12.00592,20.67027,0,[33.001,60.31711]]],[276,[13.61641,22.17838,0,[33.001,58.79823]]],[199,[8.68041,16.833,0,[32.001,53.58588]]],[230,[13.30208,22.11749,0,[32.001,57.69681]]],[198,[9.174907,18.05903,0,[32.001,54.4406]]],[308,[12.51702,20.18753,0,[33.001,59.85429]]],[197,[11.39333,19.29039,0,[32.001,55.20333]]],[337,[12.95326,20.47821,0,[33.001,60.58567]]],[261,[14.1678,22.1906,0,[33.001,58.53315]]],[275,[15.10352,23.25254,0,[33.001,58.45829]]],[313,[7.212616,14.41148,0,[33.001,60.76155]]],[211,[7.459202,14.61122,0,[32.001,53.17464]]],[322,[13.30308,21.13577,0,[33.001,59.72328]]],[310,[9.020347,17.79338,0,[33.001,59.74356]]],[307,[13.97449,21.43602,0,[33.001,59.64907]]],[368,[12.42466,20.21214,0,[33.001,61.05635]]],[196,[12.61728,20.4469,0,[32.001,55.88617]]],[336,[14.44143,21.68161,0,[33.001,60.2154]]],[306,[15.65118,22.58975,0,[33.001,58.40215]]],[325,[9.040058,17.73169,0,[33.001,60.83732]]],[229,[14.70609,23.1956,0,[32.001,57.37474]]],[291,[14.63131,22.3341,0,[33.001,59.15875]]],[348,[13.64339,21.55626,0,[33.001,60.59048]]],[206,[11.99498,20.18526,0,[32.001,55.88211]]],[217,[13.24043,21.54502,0,[32.001,56.57167]]],[290,[16.09328,23.29985,0,[32.83468,58]]],[245,[14.14308,22.33567,0,[32.001,57.84441]]],[347,[14.96148,22.61223,0,[33.001,60.55561]]],[157,[7.5003,14.73239,0,[32.001,52.0593]]],[358,[14.11054,21.78486,0,[33.001,61.16384]]],[203,[14.27327,23.7223,0,[32.001,56.71613]]],[260,[15.25146,22.43174,0,[32.001,57.30854]]],[216,[13.7479,22.69229,0,[32.001,57.04147]]],[360,[11.62662,19.69909,0,[33.001,61.11163]]],[321,[15.1534,22.2348,0,[33.001,59.54267]]],[194,[14.29347,22.65855,0,[32.001,55.63164]]],[244,[15.80966,23.65642,0,[32.001,56.92419]]],[320,[16.23435,23.4434,0,[33.001,59.13909]]],[200,[8.152621,15.76762,0,[32.001,52.96972]]],[189,[11.96568,19.57515,0,[32.001,54.79435]]],[228,[16.39841,24.5835,0,[32.001,57.45284]]],[305,[16.67798,23.83308,0,[33.001,58.46684]]],[366,[15.52168,22.59199,0,[33.001,60.56159]]],[195,[13.14214,21.50074,0,[32.001,55.47612]]],[204,[13.71003,22.50334,0,[32.001,55.83931]]],[274,[17.3433,24.34559,0,[33.001,58.12875]]],[373,[16.11316,23.39686,0,[33.001,60.35444]]],[390,[16.38655,24.54026,0,[33.001,61.31249]]],[188,[13.09843,20.67577,0,[32.001,54.36121]]],[227,[16.90149,25.65693,0,[32.001,56.96935]]],[346,[17.08697,24.28192,0,[33.001,59.22131]]],[215,[15.37658,23.92641,0,[32.001,56.22791]]],[273,[18.15819,25.40328,0,[33.001,58.61832]]],[381,[15.74429,22.77907,0,[33.001,61.57622]]],[156,[9.388818,16.46467,0,[32.001,53.22897]]],[193,[14.79329,24.10663,0,[32.001,56.1997]]],[289,[17.65008,24.4412,0,[33.001,59.06005]]],[365,[16.99242,23.83676,0,[33.001,60.73347]]],[191,[9.718257,17.14742,0,[32.001,54.08017]]],[187,[13.62086,22.03272,0,[32.001,54.71491]]],[185,[15.82461,24.95739,0,[32.001,55.53621]]],[259,[17.39923,23.41402,0,[32.001,57.61537]]],[335,[15.70725,23.01769,0,[33.001,59.504]]],[174,[12.55916,20.2835,0,[32.001,54.78188]]],[243,[17.90741,24.61399,0,[32.001,57.20163]]],[257,[18.64549,25.65925,0,[32.001,57.45083]]],[356,[17.44184,24.43481,0,[33.001,60.09054]]],[319,[18.6928,24.52254,0,[33.001,59.28843]]],[272,[19.72461,25.82175,0,[32.001,57.16075]]],[179,[16.37695,23.93314,0,[32.001,55.2402]]],[186,[15.28915,23.55937,0,[32.001,55.13893]]],[304,[19.22724,24.90711,0,[33.001,58.60952]]],[258,[18.69058,25.54599,0,[33.001,58.17488]]],[214,[16.29483,24.93522,0,[32.001,56.35719]]],[318,[19.82014,25.80307,0,[33.001,59.00448]]],[357,[16.63999,23.31936,0,[33.001,59.8955]]],[345,[18.84753,25.06764,0,[33.001,60.35481]]],[180,[15.73002,22.65825,0,[32.001,54.34522]]],[168,[8.247229,15.48234,0,[32.001,51.87572]]],[202,[16.83683,25.2083,0,[32.001,55.85904]]],[333,[19.31445,25.20999,0,[33.001,59.7098]]],[355,[19.95664,25.87162,0,[33.001,60.0886]]],[288,[19.2181,24.80338,0,[32.001,57.8745]]],[332,[20.46526,26.33737,0,[33.001,59.31984]]],[177,[8.78182,16.33226,0,[32.001,52.48961]]],[389,[18.49923,25.71127,0,[33.001,61.19744]]],[256,[19.11444,26.90675,0,[32.001,56.77429]]],[178,[17.90874,25.41216,0,[32.001,56.10425]]],[303,[20.32401,26.16143,0,[33.001,58.26343]]],[181,[14.7491,21.49695,0,[32.001,54.98765]]],[317,[21.01215,27.0936,0,[33.001,59.19347]]],[364,[19.48017,25.30677,0,[33.001,60.78073]]],[287,[20.86445,27.05788,0,[33.001,58.04446]]],[271,[20.25078,27.08141,0,[32.001,56.88659]]],[312,[7.779703,15.5045,0,[33.001,60.88817]]],[242,[18.44389,25.70295,0,[32.001,56.4071]]],[286,[20.9156,27.40017,0,[32.001,57.63697]]],[164,[12.66669,20.3482,0,[32.001,53.66917]]],[334,[18.14719,24.0085,0,[33.001,59.80516]]],[213,[17.36361,26.08187,0,[32.001,56.3447]]],[302,[21.55786,27.53938,0,[33.001,58.69881]]],[371,[20.5559,25.74662,0,[33.001,60.39523]]],[363,[21.98841,27.21776,0,[33.001,59.37347]]],[301,[21.47098,27.79063,0,[32.001,57.81301]]],[184,[10.38115,17.68257,0,[32.001,54.12295]]],[201,[21.35096,27.56127,0,[32.001,56.66525]]],[372,[17.91759,24.6344,0,[33.001,60.80415]]],[388,[22.08559,27.38236,0,[33.001,60.47654]]],[270,[21.944,28.64219,0,[32.001,57.13487]]],[331,[22.46314,27.06461,0,[32.001,57.57523]]],[415,[20.5713,26.52292,0,[33.001,61.4929]]],[167,[10.12248,17.16599,0,[32.001,53.15874]]],[378,[22.54044,27.48655,0,[33.001,59.31336]]],[370,[21.46596,27.08981,0,[33.001,59.84377]]],[165,[12.09769,19.4266,0,[32.001,53.73119]]],[148,[19.21472,25.92719,0,[32.001,54.82882]]],[226,[20.80746,26.99494,0,[32.001,56.55777]]],[344,[22.46138,27.27913,0,[33.001,58.24076]]],[170,[17.26825,25.07281,0,[32.001,55.15274]]],[285,[22.91664,29.01663,0,[32.001,56.79971]]],[241,[18.9161,26.91528,0,[32.001,55.73036]]],[400,[22.69238,28.11502,0,[33.001,60.34642]]],[399,[23.16555,29.22895,0,[33.001,59.71589]]],[161,[18.05118,23.56308,0,[32.001,54.04614]]],[377,[22.99533,28.79358,0,[32.001,57.95261]]],[379,[20.0411,25.38047,0,[33.001,61.19854]]],[414,[22.23585,27.62416,0,[33.001,61.60659]]],[171,[16.82548,23.50248,0,[32.001,54.44616]]],[192,[19.76241,26.51563,0,[32.001,55.05328]]],[147,[18.3877,26.84023,0,[32.001,55.20301]]],[315,[23.42763,29.78577,0,[32.001,57.27438]]],[162,[17.41595,22.40404,0,[32.001,53.98205]]],[398,[23.65946,30.72415,0,[33.001,59.03763]]],[387,[23.00324,29.249,0,[33.001,58.66471]]],[160,[17.8205,25.06309,0,[32.001,55.02409]]],[430,[21.61983,27.50491,0,[33.001,61.09494]]],[132,[20.27686,28.57026,0,[32.001,55.7759]]],[444,[23.28254,28.84086,0,[33.001,60.79674]]],[401,[21.10275,27.01743,0,[33.001,60.66372]]],[432,[22.32916,25.4411,0,[33.001,62.86361]]],[240,[19.59318,28.37918,0,[32.001,56.08352]]],[411,[24.12189,32.38273,0,[33.001,58.35798]]],[429,[23.7626,29.25265,0,[33.001,60.12735]]],[385,[10.37545,18.51407,0,[33.001,61.98716]]],[117,[21.81857,29.65304,0,[32.001,56.05477]]],[134,[20.40806,25.90252,0,[32.001,54.69971]]],[359,[13.2924,20.54535,0,[33.001,61.47398]]],[119,[21.0044,27.59101,0,[32.001,55.55236]]],[413,[24.23885,29.68231,0,[33.001,59.45244]]],[459,[22.8035,28.89201,0,[33.001,61.39834]]],[412,[24.72866,30.94617,0,[33.001,58.78358]]],[175,[11.52225,19.0363,0,[32.001,54.08321]]],[316,[24.0716,28.1537,0,[32.001,57.68533]]],[369,[11.21456,18.6797,0,[33.001,61.86117]]],[443,[24.82537,30.79007,0,[33.001,59.91945]]],[120,[21.54744,25.89514,0,[32.001,55.12069]]],[118,[22.28739,28.50754,0,[32.001,55.40806]]],[159,[22.39718,27.48045,0,[32.001,56.47441]]],[461,[23.38721,27.25672,0,[33.001,61.88419]]],[343,[25.20921,29.41389,0,[33.001,58.18452]]],[104,[22.65129,26.91442,0,[32.001,54.46871]]],[173,[15.13801,21.02133,0,[32.001,54.06302]]],[158,[25.2023,31.16914,0,[32.001,57.25846]]],[428,[25.29318,31.26708,0,[33.001,59.29192]]],[472,[24.48849,32.1805,0,[33.001,61.63414]]],[101,[25.01221,31.03273,0,[32.001,56.25323]]],[133,[19.86662,27.07082,0,[32.001,53.97931]]],[255,[23.86124,29.17486,0,[32.001,56.61517]]],[456,[26.84121,33.87257,0,[33.001,59.23541]]],[121,[22.06136,24.87491,0,[32.001,54.42503]]],[380,[17.44214,24.2388,0,[33.001,61.35793]]],[106,[23.29197,25.5023,0,[32.001,54.77108]]],[225,[23.32397,28.8761,0,[32.001,56.04911]]],[427,[25.76808,32.5636,0,[33.001,58.31904]]],[135,[21.00237,24.82788,0,[32.001,54.45971]]],[143,[9.748513,15.7177,0,[32.001,52.37983]]],[473,[23.87088,31.03424,0,[33.001,61.2158]]],[131,[24.35395,30.36081,0,[32.001,56.0761]]],[115,[25.59634,33.42827,0,[32.001,56.47379]]],[442,[25.44841,31.95138,0,[33.001,60.36607]]],[163,[14.58283,21.30596,0,[32.001,53.83397]]],[100,[26.15407,34.12027,0,[32.001,56.34147]]],[144,[9.25718,14.11238,0,[32.001,51.8908]]],[426,[27.47159,33.42178,0,[33.001,58.72211]]],[386,[26.39654,31.32239,0,[33.001,58.58887]]],[116,[22.83192,31.01574,0,[32.001,55.53489]]],[169,[24.54445,28.37588,0,[32.001,57.11428]]],[182,[14.17405,20.29983,0,[32.001,54.57044]]],[474,[25.58913,31.08959,0,[33.001,61.47601]]],[458,[24.35169,30.78241,0,[33.001,60.55022]]],[90,[23.81141,26.30385,0,[32.001,54.34701]]],[425,[28.08117,35.85033,0,[33.001,58.24397]]],[102,[25.39163,30.2714,0,[32.001,55.44571]]],[153,[13.4215,20.2737,0,[32.001,53.43203]]],[502,[26.65491,34.88933,0,[33.001,60.248]]],[354,[25.85603,29.68189,0,[32.001,57.46219]]],[71,[27.69178,34.58693,0,[32.001,57.11916]]],[440,[28.59614,34.87283,0,[33.001,58.8129]]],[300,[26.94957,30.69151,0,[33.001,58.15833]]],[103,[23.80243,28.3572,0,[32.001,55.4878]]],[470,[29.78153,37.78307,0,[33.001,58.21473]]],[122,[20.47908,23.28689,0,[32.001,53.54515]]],[457,[24.97115,32.07337,0,[33.001,61.00271]]],[471,[27.96337,35.32839,0,[33.001,59.33434]]],[146,[26.55439,30.83615,0,[32.001,57.08437]]],[441,[25.93202,33.29414,0,[33.001,59.33415]]],[145,[27.092,32.28409,0,[32.001,57.61365]]],[489,[27.27293,32.39249,0,[33.001,60.92485]]],[485,[29.1721,37.55565,0,[33.001,59.27934]]],[154,[12.98035,18.87821,0,[32.001,52.76464]]],[56,[28.43435,34.37365,0,[32.001,56.67088]]],[488,[26.07885,33.38553,0,[33.001,60.35594]]],[326,[8.418142,16.69554,0,[33.001,60.6468]]],[88,[24.83299,29.2384,0,[32.001,55.2315]]],[455,[29.17114,36.73106,0,[33.001,58.20572]]],[86,[26.60462,32.29145,0,[32.001,55.69007]]],[212,[28.91818,30.49961,0,[32.001,57.24442]]],[89,[24.30181,28.07417,0,[32.001,54.96643]]],[516,[27.81791,36.79794,0,[33.001,60.41801]]],[517,[28.37383,35.3554,0,[33.001,61.04984]]],[105,[24.84425,26.11238,0,[32.001,54.14481]]],[397,[29.77934,34.04131,0,[32.001,57.72742]]],[410,[28.18544,33.53894,0,[32.001,57.65201]]],[520,[31.73173,35.78957,0,[33.001,59.14249]]],[74,[25.53773,28.65594,0,[32.001,54.39993]]],[136,[18.43294,23.12493,0,[32.001,53.21085]]],[395,[10.77513,18.63373,0,[33.001,62.72223]]],[70,[29.42841,36.42603,0,[32.001,56.85892]]],[539,[30.79154,43.64079,0,[33.001,58.23925]]],[59,[25.26277,28.471,0,[32.001,53.43254]]],[487,[27.31631,34.78207,0,[33.001,59.81751]]],[531,[31.14503,40.28033,0,[33.001,59.07773]]],[330,[30.25476,30.19649,0,[32.001,57.12792]]],[417,[18.49212,24.08407,0,[33.001,62.3623]]],[107,[23.06632,23.90056,0,[32.001,53.72224]]],[530,[31.5016,42.19133,0,[33.001,58.12735]]],[549,[32.06774,43.66044,0,[33.001,58.18804]]],[72,[28.09787,31.39333,0,[32.001,55.79699]]],[505,[28.97814,32.17988,0,[33.001,61.33382]]],[172,[16.28908,22.22438,0,[32.001,54.1465]]],[543,[33.31992,42.62779,0,[32.001,57.91995]]],[73,[25.96751,30.25261,0,[32.001,55.29825]]],[508,[32.3083,32.60224,0,[33.001,59.18293]]],[139,[13.97926,20.35924,0,[32.001,53.54079]]],[515,[30.81536,41.70127,0,[32.001,57.11181]]],[533,[32.68991,38.94769,0,[33.001,58.36861]]],[152,[15.75714,21.07069,0,[32.001,53.21797]]],[431,[19.05654,26.291,0,[33.001,61.53057]]],[130,[27.04509,33.27482,0,[32.001,56.49627]]],[548,[31.50002,44.90371,0,[32.001,57.11588]]],[518,[29.73018,38.45829,0,[33.001,59.32025]]],[541,[33.24031,44.03447,0,[33.001,58.10192]]],[41,[29.89912,35.37333,0,[32.001,56.26657]]],[55,[30.52301,37.47784,0,[32.001,56.11747]]],[486,[28.45126,35.70683,0,[33.001,59.88466]]],[529,[30.30988,40.258,0,[33.001,58.97811]]],[544,[33.59484,41.89313,0,[33.001,59.10579]]],[137,[17.88688,21.95499,0,[32.001,52.98833]]],[450,[22.9084,23.08229,0,[33.001,62.45033]]],[57,[28.94661,32.78577,0,[32.001,56.147]]],[532,[30.72393,39.66256,0,[33.001,59.88743]]],[87,[27.55446,31.34961,0,[32.001,56.05056]]],[526,[35.69296,38.73548,0,[33.001,58.67416]]],[391,[15.17578,23.34321,0,[33.001,61.57905]]],[491,[31.35585,31.97876,0,[33.001,60.09952]]],[149,[18.66834,24.5744,0,[32.001,54.25208]]],[521,[33.02339,35.58899,0,[33.001,59.30688]]],[108,[21.54075,23.33125,0,[32.001,54.0102]]],[523,[32.7284,32.26045,0,[33.001,61.17174]]],[519,[29.52578,37.0469,0,[33.001,60.4041]]],[44,[28.68023,30.1905,0,[32.001,55.1928]]],[540,[32.07051,44.12968,0,[32.001,57.29853]]],[501,[28.96308,37.97945,0,[33.001,60.26555]]],[128,[10.15256,15.9711,0,[32.001,51.63692]]],[552,[34.02068,45.43038,0,[32.001,57.83334]]],[150,[19.32028,23.55688,0,[32.001,53.75135]]],[500,[31.17002,41.39966,0,[32.001,56.23122]]],[58,[27.0876,30.32659,0,[32.001,55.20272]]],[92,[22.34191,24.16363,0,[32.001,53.47875]]],[493,[30.9773,29.62817,0,[33.001,61.05427]]],[547,[34.99651,42.70053,0,[33.001,58.86539]]],[176,[10.78429,17.70003,0,[32.001,53.35437]]],[341,[8.483134,15.8146,0,[33.001,62.90564]]],[60,[26.33879,28.83193,0,[32.001,54.5106]]],[535,[34.21833,38.02205,0,[33.001,58.89074]]],[522,[32.59276,33.25617,0,[33.001,60.11246]]],[29,[27.62833,31.71519,0,[32.001,54.94629]]],[61,[25.88327,27.3227,0,[32.001,53.54762]]],[536,[33.91801,32.67016,0,[33.001,61.17509]]],[75,[24.30767,26.81824,0,[32.001,53.85655]]],[494,[31.93062,30.55023,0,[33.001,60.17818]]],[545,[34.60305,39.01071,0,[33.001,59.83882]]],[112,[14.03377,18.44295,0,[32.001,52.45255]]],[48,[28.08192,26.62146,0,[32.001,53.58103]]],[506,[30.13227,34.17035,0,[33.001,60.1596]]],[495,[31.56056,28.25503,0,[33.001,61.12567]]],[166,[11.33349,17.96867,0,[32.001,53.04545]]],[481,[31.31251,25.84581,0,[33.001,62.10962]]],[504,[27.88461,33.62002,0,[33.001,61.56547]]],[527,[34.85415,41.87332,0,[32.001,57.59975]]],[499,[36.47185,33.59827,0,[33.001,58.16119]]],[534,[33.8773,35.24473,0,[33.001,60.06153]]],[155,[10.57286,17.3622,0,[32.001,52.34035]]],[30,[29.18769,31.84772,0,[32.001,54.66339]]],[478,[29.23003,27.43851,0,[33.001,62.31916]]],[111,[15.21154,19.92377,0,[32.001,52.96564]]],[45,[28.18527,29.13412,0,[32.001,54.67576]]],[554,[36.24159,37.72962,0,[33.001,59.72359]]],[31,[29.36691,30.41539,0,[32.001,53.61613]]],[43,[29.43991,32.16206,0,[32.001,55.6428]]],[476,[26.76268,28.32419,0,[33.001,61.31485]]],[42,[30.16481,34.27196,0,[32.001,55.27077]]],[78,[23.28918,23.72268,0,[32.001,52.39322]]],[28,[29.74021,34.36307,0,[32.001,54.57066]]],[138,[16.97001,20.93651,0,[32.001,53.30366]]],[553,[33.2323,41.75569,0,[33.001,60.39061]]],[7,[31.4394,36.92078,0,[32.001,55.208]]],[498,[36.4076,25.70443,0,[33.00099,61.2686]]],[17,[30.8752,35.31541,0,[32.001,55.23032]]],[125,[15.81391,19.83863,0,[32.001,52.06805]]],[482,[32.63776,25.12086,0,[33.001,62.25149]]],[528,[32.88445,43.47581,0,[32.001,57.04417]]],[40,[31.76847,38.53613,0,[32.001,56.13696]]],[62,[25.46754,25.61926,0,[32.001,52.42365]]],[14,[31.76628,28.27808,0,[32.001,53.10512]]],[21,[32.60685,32.00409,0,[32.001,55.0335]]],[127,[12.39525,17.62621,0,[32.001,52.62733]]],[510,[31.91006,28.64405,0,[33.001,62.19887]]],[91,[23.62033,24.75743,0,[32.001,53.2994]]],[9,[31.08494,34.0584,0,[32.001,54.02096]]],[497,[32.81377,25.41794,0,[33.001,63.28626]]],[22,[31.68804,30.31205,0,[32.001,54.20002]]],[352,[9.106484,17.00285,0,[33.001,61.94444]]],[46,[26.89738,28.12324,0,[32.001,54.15965]]],[141,[11.84882,18.26689,0,[32.001,52.7408]]],[514,[34.85443,36.42059,0,[33.001,60.87435]]],[546,[35.5386,34.13409,0,[33.001,60.04925]]],[507,[30.39901,31.94739,0,[33.001,61.1255]]],[18,[30.51662,33.39569,0,[32.001,54.3897]]],[109,[21.03799,21.93175,0,[32.001,53.36415]]],[12,[32.92185,32.43159,0,[32.001,53.87582]]],[509,[32.15705,30.75381,0,[33.001,61.1958]]],[95,[20.01215,21.80608,0,[32.001,52.92014]]],[142,[11.1457,16.73175,0,[32.001,51.97102]]],[477,[29.62673,28.64901,0,[33.001,61.493]]],[8,[32.05421,36.55828,0,[32.001,55.17195]]],[463,[26.83402,25.77357,0,[33.001,62.38943]]],[65,[26.12919,23.26556,0,[32.001,52.55378]]],[480,[29.75061,25.70574,0,[33.001,62.92419]]],[129,[11.9551,15.23224,0,[32.001,51.66805]]],[469,[31.22979,21.6502,0,[33.001,63.19952]]],[503,[26.14973,32.94675,0,[33.001,61.41371]]],[27,[33.49823,39.11071,0,[32.001,55.76789]]],[511,[34.40781,29.08855,0,[33.001,61.78688]]],[113,[12.74129,17.07589,0,[32.001,51.75421]]],[492,[30.14305,29.08377,0,[33.001,62.10083]]],[460,[24.03367,28.26472,0,[33.001,62.2767]]],[537,[37.01352,33.11347,0,[33.00099,59.84911]]],[151,[16.4156,21.89957,0,[32.001,53.072]]],[542,[33.6136,44.644,0,[32.001,56.85174]]],[418,[21.12687,24.20809,0,[33.001,61.80103]]],[23,[32.31164,29.52357,0,[32.001,54.08617]]],[525,[35.09177,30.00686,0,[33.001,62.15685]]],[140,[13.44166,18.86415,0,[32.001,52.05536]]],[434,[23.56315,23.40276,0,[33.001,62.9381]]],[63,[26.46242,25.42678,0,[32.001,53.43189]]],[367,[13.77403,20.85938,0,[33.001,62.04402]]],[512,[33.91647,27.01804,0,[33.001,62.56711]]],[10,[33.27321,37.04011,0,[32.001,54.72062]]],[98,[15.08391,18.28679,0,[32.001,51.89173]]],[475,[25.10356,29.54541,0,[33.001,62.09771]]],[2,[34.42719,36.39997,0,[32.001,53.83226]]],[465,[28.66286,24.31578,0,[33.001,62.22052]]],[16,[32.91974,38.42514,0,[32.001,55.93687]]],[67,[24.39051,21.59062,0,[32.001,51.85504]]],[82,[19.98443,20.22787,0,[32.001,51.80581]]],[524,[33.30264,30.83615,0,[33.001,61.57778]]],[382,[14.21003,21.39868,0,[33.001,62.8617]]],[483,[31.98453,23.74312,0,[33.001,63.29851]]],[126,[14.60275,19.24432,0,[32.001,52.73774]]],[0,[33.94759,39.4841,0,[32.001,54.62503]]],[445,[21.7681,27.00309,0,[33.001,62.21262]]],[479,[30.74114,27.16846,0,[33.001,62.31711]]],[496,[33.35048,27.22646,0,[33.001,62.73012]]],[123,[18.95783,22.21439,0,[32.001,52.90697]]],[416,[16.87369,24.8968,0,[33.001,61.85799]]],[50,[26.98394,24.3611,0,[32.001,52.92364]]],[484,[34.66469,23.97044,0,[33.001,63.09298]]],[454,[28.58356,20.49151,0,[33.001,63.30597]]],[76,[24.72235,25.35648,0,[32.001,52.97908]]],[19,[30.07897,31.48753,0,[32.001,53.68483]]],[447,[25.67447,25.99137,0,[33.001,62.67673]]],[435,[20.70813,22.48809,0,[33.001,62.55877]]],[449,[26.26106,24.32702,0,[33.001,62.45925]]],[97,[16.42508,19.6164,0,[32.001,51.97131]]],[99,[16.96655,17.67589,0,[32.001,51.84103]]],[13,[33.13063,31.6575,0,[32.001,52.74931]]],[83,[17.85493,19.54561,0,[32.001,51.87214]]],[406,[19.1456,21.8665,0,[33.001,62.67065]]],[94,[20.60019,22.06229,0,[32.001,52.25043]]],[452,[24.14673,21.62733,0,[33.001,63.36512]]],[467,[29.26127,22.89384,0,[33.001,63.4232]]],[110,[17.3744,20.1521,0,[32.001,52.58116]]],[419,[20.14056,22.93393,0,[33.001,62.429]]],[84,[19.06256,18.88954,0,[32.001,51.78419]]],[462,[28.08896,27.52466,0,[33.001,62.60207]]],[32,[28.67143,29.50907,0,[32.001,54.07148]]],[424,[17.12829,17.96888,0,[33.001,63.41818]]],[448,[24.61158,24.75675,0,[33.001,62.76411]]],[538,[35.56787,41.23012,0,[32.001,56.95619]]],[124,[18.47589,20.84009,0,[32.001,52.03834]]],[421,[18.70702,20.25433,0,[33.001,63.41819]]],[25,[32.45595,26.71778,0,[32.001,53.01712]]],[53,[23.76633,21.6572,0,[32.001,51.8595]]],[80,[21.26391,21.81631,0,[32.001,52.37624]]],[464,[27.59098,25.47614,0,[33.001,63.22036]]],[513,[35.67522,28.80311,0,[33.001,61.42734]]],[437,[23.06948,20.10924,0,[33.001,63.47207]]],[490,[27.36538,30.42074,0,[33.001,62.08995]]],[79,[22.17975,22.97994,0,[32.001,52.19974]]],[47,[27.44532,27.2208,0,[32.001,53.9139]]],[34,[29.73854,28.07654,0,[32.001,52.81149]]],[436,[21.84238,21.41674,0,[33.001,63.41635]]],[439,[20.47865,18.83055,0,[33.001,63.54607]]],[96,[19.48607,20.56274,0,[32.001,52.54339]]],[1,[34.91781,37.36092,0,[32.001,56.05348]]],[38,[27.39964,23.44782,0,[32.001,51.8462]]],[396,[9.780879,17.57724,0,[33.001,63.30963]]],[85,[32.33897,37.28007,0,[32.001,56.31991]]],[69,[21.67999,20.21691,0,[32.001,51.68584]]],[362,[9.15265,17.01508,0,[33.001,63.04641]]],[451,[25.20259,23.02436,0,[33.001,63.29734]]],[468,[27.02371,22.08567,0,[33.001,63.40009]]],[20,[30.63481,30.57664,0,[32.001,53.21144]]],[77,[22.76272,24.51111,0,[32.001,52.78528]]],[433,[21.26066,24.07922,0,[33.001,62.99106]]],[394,[13.66193,19.87716,0,[33.001,63.21106]]],[68,[22.7569,20.84395,0,[32.001,51.68633]]],[466,[30.34107,23.98712,0,[33.001,63.32086]]],[392,[13.18137,21.89008,0,[33.001,62.66722]]],[93,[21.79851,23.05197,0,[32.001,53.02356]]],[114,[14.41797,16.40661,0,[32.001,51.6776]]],[327,[7.825114,15.54431,0,[33.001,61.98189]]],[407,[12.80159,19.39145,0,[33.001,63.47942]]],[52,[26.64839,22.74855,0,[32.001,51.98304]]],[550,[34.19678,47.88046,0,[32.001,55.67461]]],[453,[26.2297,20.51515,0,[33.001,63.53305]]],[438,[17.87674,20.12107,0,[33.001,63.14269]]],[409,[14.8654,17.47453,0,[33.001,63.51278]]],[5,[34.21445,31.8726,0,[32.001,52.61116]]],[39,[28.64587,23.94859,0,[32.001,51.82643]]],[66,[27.60753,23.30114,0,[32.001,52.86118]]],[423,[15.82437,18.65561,0,[33.001,63.25867]]],[81,[24.12242,21.93176,0,[32.001,52.81863]]],[36,[30.29092,25.16682,0,[32.001,52.30017]]],[393,[14.79441,21.06818,0,[33.001,62.44701]]],[340,[8.559027,16.79922,0,[33.001,61.74773]]],[420,[19.66381,21.43368,0,[33.001,63.23282]]],[37,[29.73433,24.50794,0,[32.001,51.70441]]],[49,[28.19536,25.57036,0,[32.001,52.45992]]],[383,[12.37125,20.40548,0,[33.001,62.76576]]],[551,[34.38247,46.44184,0,[32.001,56.83164]]],[342,[7.936619,14.57026,0,[33.001,63.07213]]],[51,[29.20542,24.27018,0,[32.001,52.23]]],[54,[25.84296,21.6665,0,[32.001,51.61783]]],[408,[11.9309,18.21568,0,[33.001,63.51247]]],[3,[35.01481,34.51677,0,[32.001,54.68913]]],[353,[11.18483,16.08598,0,[33.001,63.44563]]],[422,[16.64454,20.09165,0,[33.001,62.87415]]],[33,[28.81587,28.3794,0,[32.001,53.01675]]],[64,[24.95884,23.95023,0,[32.001,51.95823]]],[405,[15.37613,21.87768,0,[33.001,62.61494]]],[11,[33.62569,33.53882,0,[32.001,53.5231]]],[384,[11.60858,19.2728,0,[33.001,62.61536]]],[24,[30.81672,25.46532,0,[32.001,51.89586]]],[446,[19.5886,26.33348,0,[33.001,61.97372]]],[6,[33.58487,29.69901,0,[32.001,52.08644]]],[361,[9.797898,18.20662,0,[33.001,62.195]]],[15,[32.58555,26.92294,0,[32.001,51.94215]]],[404,[17.38146,22.92251,0,[33.001,62.44865]]],[402,[17.94371,25.28484,0,[33.001,61.98993]]],[4,[35.21859,35.11568,0,[32.001,53.2045]]],[376,[12.03211,19.60834,0,[33.001,61.87853]]],[375,[12.76096,20.78604,0,[33.001,61.93777]]],[329,[6.725459,13.43435,0,[33.001,62.97156]]],[35,[31.19025,26.89342,0,[32.001,52.77727]]],[328,[7.243973,14.45551,0,[33.001,62.20369]]],[403,[16.14384,23.87317,0,[33.001,62.34218]]],[26,[31.83411,25.53512,0,[32.001,51.99782]]],[374,[14.6268,21.84228,0,[33.001,61.42447]]],[314,[6.669021,13.33295,0,[33.001,61.5489]]]
1:[284,[30.65841,61.30073,0,[81.001,59.54978]]],[269,[30.68796,61.35437,0,[81.001,57.9515]]],[254,[31.34448,62.52291,0,[82.00098,56.55301]]],[283,[31.30057,62.47849,0,[81.001,58.48777]]],[298,[31.53721,62.51308,0,[81.001,59.56415]]],[268,[31.38898,62.6844,0,[81.001,57.1601]]],[267,[31.88727,63.62361,0,[81.00099,58.09259]]],[299,[31.23346,60.36007,0,[80.00099,60.60041]]],[282,[32.13286,63.56736,0,[81.00098,59.20156]]],[252,[32.27089,63.96559,0,[81.23313,57.0003]]],[251,[32.60061,64.90226,0,[81.00098,58.03954]]],[253,[32.43629,64.18048,0,[82.00096,56.11449]]],[281,[32.74397,64.72057,0,[81.00099,59.2689]]],[297,[31.95504,62.68966,0,[80.00098,60.24428]]],[237,[33.15809,64.76579,0,[81.52953,57.00035]]],[266,[33.21363,64.81625,0,[81.00098,58.20633]]],[239,[33.23989,63.97563,0,[82.0009,56.02504]]],[296,[33.5228,64.88548,0,[81.00098,59.34211]]],[250,[33.79245,65.93974,0,[81.001,57.78543]]],[311,[32.59102,63.8257,0,[80.00099,60.25952]]],[280,[34.09027,65.81818,0,[81.00098,58.93289]]],[236,[34.10983,66.11874,0,[82.00097,56.63335]]],[235,[34.34616,66.11753,0,[81.00098,57.02968]]],[265,[34.64826,65.88636,0,[81.001,58.26066]]],[295,[34.13023,65.25871,0,[80.34037,60.0002]]],[223,[34.72709,66.12647,0,[82.00094,56.04706]]],[222,[35.0552,65.56613,0,[81.07391,57.00026]]],[279,[34.99959,66.81456,0,[81.001,59.14985]]],[249,[35.47058,67.24574,0,[81.00099,58.06171]]],[238,[35.50399,65.29803,0,[82.00095,56.10081]]],[234,[36.19738,68.29165,0,[82.00086,56.94175]]],[294,[35.66903,67.22137,0,[81.00099,59.22984]]],[324,[34.6638,66.25561,0,[80.001,60.28283]]],[264,[36.21294,67.38557,0,[81.00098,58.19103]]],[210,[36.32713,67.50682,0,[82.00088,55.96779]]],[233,[36.24957,68.37049,0,[81.00099,57.03127]]],[339,[36.39783,66.8965,0,[81.00098,59.35202]]],[263,[36.81866,68.46147,0,[81.001,57.92197]]],[278,[36.96954,68.22128,0,[81.001,59.11977]]],[207,[37.587,69.70081,0,[81.81704,57.00053]]],[248,[37.46142,68.3059,0,[81.00098,58.5543]]],[221,[37.11599,68.01118,0,[82.00089,55.91887]]],[351,[36.03474,66.03008,0,[80.00096,60.25241]]],[232,[37.69037,69.28266,0,[81.0009,57.60388]]],[293,[37.90796,68.40611,0,[81.00098,59.48495]]],[247,[38.24992,69.51106,0,[81.00096,58.63709]]],[209,[38.2873,68.57096,0,[82.00097,56.52345]]],[220,[38.27671,67.94772,0,[81.00095,57.07541]]],[277,[38.82627,69.61816,0,[81.001,58.19378]]],[338,[38.79202,68.3028,0,[81.00098,59.51839]]],[224,[38.85841,67.45359,0,[82.00093,56.02982]]],[309,[36.7723,66.3177,0,[80.001,60.13983]]],[219,[39.10846,69.73605,0,[81.46008,57.00039]]],[262,[39.37723,69.65878,0,[81.00098,58.69178]]],[323,[39.64283,68.7511,0,[81.00097,59.82093]]],[208,[39.63668,69.3858,0,[82.00093,56.17362]]],[190,[39.47641,69.01919,0,[81.00099,57.26204]]],[205,[39.90331,70.94289,0,[81.001,58.23254]]],[350,[37.69245,67.14398,0,[80.00098,60.34764]]],[183,[40.509,70.62811,0,[81.74196,57.00027]]],[292,[40.24425,69.68359,0,[81.00094,59.39]]],[231,[40.52863,70.61298,0,[81.00097,57.83327]]],[246,[40.84719,70.64584,0,[81.00098,58.9403]]],[218,[41.09168,70.01848,0,[81.00094,57.28277]]],[349,[39.60382,68.52896,0,[80.00096,60.43627]]],[276,[41.30428,70.66312,0,[81.00096,59.88754]]],[199,[40.4947,69.6565,0,[82.00097,55.97696]]],[230,[41.46237,71.64553,0,[81.00095,58.50553]]],[198,[41.48686,70.43166,0,[82.00094,56.52193]]],[308,[40.29479,67.71529,0,[80.00094,60.10342]]],[197,[41.73351,69.08495,0,[81.001,57.12237]]],[337,[41.94211,69.59535,0,[81.001,59.45635]]],[261,[42.02748,70.97609,0,[81.00093,58.15253]]],[275,[42.63148,71.72208,0,[81.001,58.00151]]],[313,[41.43136,62.79457,0,[80.001,60.57885]]],[211,[42.08916,68.28893,0,[82.00087,55.93502]]],[322,[42.5528,69.94861,0,[81.00098,59.36626]]],[310,[33.3454,65.00825,0,[80.00098,60.24696]]],[307,[43.10469,70.03131,0,[81.00098,58.65504]]],[368,[42.10964,68.33178,0,[80.00096,60.35313]]],[196,[42.71439,70.72989,0,[81.61658,57.00005]]],[336,[43.40812,70.37368,0,[81.00098,59.71571]]],[306,[43.34766,71.29993,0,[81.00094,57.74008]]],[325,[35.37782,65.53022,0,[80.00098,60.31555]]],[229,[43.97129,72.58709,0,[81.001,58.49528]]],[291,[44.14126,70.98624,0,[81.00095,59.64289]]],[348,[43.17392,69.53819,0,[80.00097,60.54657]]],[206,[43.60683,71.22154,0,[82.00077,56.72523]]],[217,[43.99241,70.94067,0,[81.001,57.27462]]],[290,[44.64768,71.99315,0,[81.00099,58.33812]]],[245,[44.88802,73.27926,0,[81.91309,57.00088]]],[347,[44.82129,72.00686,0,[81.001,59.36684]]],[157,[42.73758,68.47679,0,[82.001,55.94821]]],[358,[43.84747,70.2056,0,[80.001,60.56424]]],[203,[45.31833,72.93826,0,[81.00098,57.81545]]],[260,[45.60667,71.71331,0,[81.00098,58.89456]]],[216,[45.716,73.36364,0,[82.00098,56.92913]]],[360,[38.56254,67.63197,0,[80.00097,60.38898]]],[321,[45.45109,71.28928,0,[81.00098,59.88791]]],[194,[46.01344,73.24948,0,[81.29102,57.00035]]],[244,[46.10612,72.94416,0,[81.00094,58.08139]]],[320,[46.21474,72.18011,0,[81.00095,59.32901]]],[200,[45.30098,70.05577,0,[82.001,55.92197]]],[189,[46.51099,71.05045,0,[81.04738,57.00021]]],[228,[46.71328,74.08527,0,[81.00099,58.19838]]],[305,[46.83572,72.30029,0,[81.00099,59.31446]]],[366,[45.36564,70.74551,0,[80.00097,60.55668]]],[195,[46.58704,72.70676,0,[82.00098,56.02954]]],[204,[47.20843,72.37998,0,[81.001,57.46454]]],[274,[47.58323,72.82397,0,[81.00099,58.3813]]],[373,[47.53129,73.09568,0,[81.00098,59.52521]]],[390,[46.48127,73.31433,0,[80.00099,60.36094]]],[188,[47.65833,72.55775,0,[82.001,56.40657]]],[227,[48.23308,75.201,0,[81.00099,58.01453]]],[346,[48.11117,73.16481,0,[81.00098,59.35252]]],[215,[47.82891,73.62844,0,[81.001,57.18475]]],[273,[48.67043,73.84734,0,[81.00099,58.8121]]],[381,[44.54968,71.03334,0,[80.001,60.54892]]],[156,[49.12212,70.36826,0,[82.00085,56.73664]]],[193,[48.82153,74.3447,0,[81.00092,57.40519]]],[289,[49.03656,73.07489,0,[81.00098,59.77621]]],[365,[47.20263,72.48458,0,[80.00097,60.48948]]],[191,[48.42064,70.64998,0,[82.00095,55.76442]]],[187,[49.6398,74.24325,0,[81.59933,57.00057]]],[185,[49.51099,74.75512,0,[81.00096,58.24617]]],[259,[49.65907,73.05293,0,[81.00095,59.3655]]],[335,[45.88866,71.07285,0,[80.00098,60.20488]]],[174,[50.01024,73.97717,0,[82.00093,56.1992]]],[243,[50.0563,74.30649,0,[81.00098,57.34167]]],[257,[50.27385,75.42037,0,[81.00098,58.42771]]],[356,[48.97688,73.11313,0,[80.00099,60.44016]]],[319,[50.56405,73.35843,0,[81.00097,59.49164]]],[272,[50.82521,75.46655,0,[81.00099,58.03278]]],[179,[50.65371,75.26392,0,[82.00099,56.4143]]],[186,[51.0273,75.01,0,[81.55274,57.00043]]],[304,[51.17235,73.77129,0,[81.0009,59.16394]]],[258,[49.56963,73.22471,0,[80.00095,60.11309]]],[214,[51.54764,74.99303,0,[81.00095,58.05758]]],[318,[51.91961,75.40588,0,[81.00094,59.19535]]],[357,[47.8987,71.23749,0,[80.001,60.26977]]],[345,[52.43855,75.32047,0,[81.00099,58.69666]]],[180,[51.61103,73.97914,0,[81.36097,57.00026]]],[168,[51.18856,72.1068,0,[82.00089,55.96682]]],[202,[52.1268,75.45487,0,[81.09226,57.00031]]],[333,[51.05064,73.5258,0,[80.0009,60.00753]]],[355,[52.9683,75.43968,0,[81.00099,59.26632]]],[288,[52.64322,75.00249,0,[81.00098,57.70636]]],[332,[53.2395,75.59474,0,[81.00095,58.39279]]],[177,[53.07818,71.08063,0,[82.00095,56.4997]]],[389,[52.11494,74.68385,0,[80.33017,60.00035]]],[256,[53.80258,77.00691,0,[81.001,57.68284]]],[178,[53.11288,75.35947,0,[81.00094,57.03182]]],[303,[53.86568,74.82018,0,[81.00099,58.77919]]],[181,[52.12695,73.69563,0,[82.00094,56.0573]]],[317,[54.30587,75.942,0,[81.00095,59.77191]]],[364,[53.57118,75.72512,0,[81.00097,59.76815]]],[287,[54.56356,75.85658,0,[81.00098,58.81252]]],[271,[54.42009,76.90816,0,[81.00098,57.69158]]],[312,[53.01363,64.29247,0,[80.00097,60.60566]]],[242,[55.15633,76.8871,0,[82.00085,56.98739]]],[286,[55.09033,77.04074,0,[81.00095,58.13169]]],[164,[53.71573,74.23058,0,[82.00094,56.1446]]],[334,[50.38797,71.93073,0,[80.00095,60.33801]]],[213,[54.43126,77.20807,0,[82.00094,56.90115]]],[302,[55.65631,76.43834,0,[81.001,58.33351]]],[371,[55.66818,75.21517,0,[81.00099,59.52615]]],[363,[55.08913,75.82405,0,[81.00095,59.47515]]],[301,[56.23151,77.48833,0,[81.00099,58.63252]]],[184,[54.52538,72.71722,0,[82.00089,55.8882]]],[201,[55.32771,77.44991,0,[81.20139,57.00008]]],[372,[55.3815,73.97711,0,[80.00098,60.51361]]],[388,[56.40024,76.5407,0,[81.00099,59.73882]]],[270,[55.89594,78.48388,0,[81.00097,57.3372]]],[331,[56.88457,76.70829,0,[81.001,58.29649]]],[415,[54.57467,75.64531,0,[80.00099,60.47126]]],[167,[55.41941,71.50385,0,[82.00095,55.86904]]],[378,[56.97811,76.78046,0,[81.001,59.41303]]],[370,[56.23982,76.01868,0,[80.00098,60.5631]]],[165,[57.65905,73.48221,0,[81.96212,57.00053]]],[148,[57.56557,76.89153,0,[81.00097,58.57549]]],[226,[56.50425,77.13909,0,[81.001,57.3777]]],[344,[57.67237,76.67982,0,[81.00096,59.71744]]],[170,[57.58794,76.20312,0,[81.00094,57.52159]]],[285,[58.21006,79.02813,0,[81.00098,58.56962]]],[241,[56.88415,77.94746,0,[82.00099,56.15185]]],[400,[56.80555,76.57812,0,[80.001,60.29335]]],[399,[58.36211,78.87512,0,[81.00098,59.68593]]],[161,[58.5396,74.8069,0,[81.00098,57.58128]]],[377,[58.826,78.95216,0,[81.00099,58.73977]]],[379,[53.77861,73.69959,0,[80.00099,60.67224]]],[414,[59.04652,77.60013,0,[81.00098,59.81107]]],[171,[58.70343,76.2864,0,[82.00095,56.9001]]],[192,[59.32082,77.15302,0,[81.00092,57.85812]]],[147,[59.4274,79.86789,0,[82.00065,56.68594]]],[315,[59.58919,79.76163,0,[81.00092,59.04188]]],[162,[59.59317,74.38004,0,[81.11234,57.00066]]],[398,[60.21573,80.02533,0,[81.00099,58.51645]]],[387,[59.48433,78.13783,0,[80.43407,60.00038]]],[160,[58.36883,77.53683,0,[82.00098,55.87048]]],[430,[60.36382,79.03042,0,[81.00098,59.62293]]],[132,[60.33638,79.11308,0,[81.00099,57.45745]]],[444,[60.8653,78.74003,0,[81.001,58.68889]]],[401,[58.16287,76.46945,0,[80.00096,60.54986]]],[432,[60.94646,75.58286,0,[81.001,59.80642]]],[240,[60.3654,81.80603,0,[82.00098,56.14369]]],[411,[60.95298,81.41568,0,[81.001,57.58814]]],[429,[61.5071,79.04192,0,[81.00097,58.743]]],[385,[57.4389,68.83688,0,[80.00098,60.69184]]],[117,[61.59456,80.70029,0,[81.00097,57.65621]]],[134,[61.23546,78.10588,0,[82.00092,56.68974]]],[359,[59.88414,70.73765,0,[80.001,60.62405]]],[119,[62.10005,79.79808,0,[82.00091,56.85012]]],[413,[62.2563,79.3848,0,[81.00095,59.28536]]],[459,[61.69608,78.94473,0,[81.00097,59.8741]]],[412,[62.20739,80.19804,0,[81.00096,58.14327]]],[175,[61.61238,73.96317,0,[82.00094,55.83215]]],[316,[62.86749,78.22147,0,[81.00099,58.5984]]],[369,[58.87014,70.44756,0,[80.001,60.62797]]],[443,[62.84552,80.64924,0,[81.00099,59.70269]]],[120,[62.15279,77.09731,0,[81.00096,57.00979]]],[118,[62.96135,79.68613,0,[81.00099,57.5377]]],[159,[63.45277,78.54699,0,[81.00095,58.57489]]],[461,[61.6383,76.44064,0,[80.00099,60.49826]]],[343,[63.50848,78.76709,0,[81.00094,59.70543]]],[104,[63.62187,78.31372,0,[81.00094,57.61227]]],[173,[63.59738,75.37968,0,[82.00088,56.84591]]],[158,[64.11917,81.34808,0,[81.00095,58.62689]]],[428,[64.0966,80.84729,0,[81.00095,59.71013]]],[472,[62.46701,81.56268,0,[80.00099,60.67683]]],[101,[64.2529,81.07436,0,[81.0009,57.55507]]],[133,[64.33757,79.6761,0,[82.00086,56.79933]]],[255,[64.86024,79.4128,0,[81.00094,58.60304]]],[456,[64.79544,82.82996,0,[81.00096,59.67973]]],[121,[65.11146,77.62466,0,[82.00088,56.91493]]],[380,[60.7911,74.89926,0,[80.001,60.6474]]],[106,[65.02206,77.00838,0,[81.00087,57.43438]]],[225,[65.58879,79.80794,0,[81.0009,58.72168]]],[427,[65.49383,82.68025,0,[81.00095,59.73415]]],[135,[62.75912,77.62351,0,[82.00099,55.74483]]],[143,[65.82314,71.7626,0,[82.00079,56.81764]]],[473,[63.91336,81.01519,0,[80.00099,60.51699]]],[131,[65.84382,80.77332,0,[81.00098,57.30835]]],[115,[66.16067,83.37686,0,[81.00095,58.43891]]],[442,[64.65609,80.52392,0,[80.00096,60.43787]]],[163,[66.81878,75.51115,0,[82.00092,56.97479]]],[100,[66.64616,84.48566,0,[81.00098,57.98333]]],[144,[65.1386,71.70188,0,[82.00089,55.66779]]],[426,[66.8339,82.9696,0,[81.00098,59.23037]]],[386,[66.22761,80.45502,0,[81.00095,59.67789]]],[116,[67.22121,82.46165,0,[81.58061,57.00034]]],[169,[67.25718,78.73592,0,[81.00094,57.91776]]],[182,[66.4623,76.06532,0,[82.00096,55.86226]]],[474,[66.41436,80.16311,0,[80.00095,60.23199]]],[458,[63.12686,79.8205,0,[80.00093,60.49608]]],[90,[68.06607,79.73778,0,[81.88525,57.00058]]],[425,[67.64483,85.33226,0,[81.00092,59.05334]]],[102,[68.19617,80.87711,0,[81.00098,58.70291]]],[153,[67.53624,75.83224,0,[82.00097,55.94601]]],[502,[67.23325,84.01562,0,[80.47169,60.00039]]],[354,[68.08624,79.82387,0,[81.001,57.56025]]],[71,[68.83746,84.62794,0,[81.00098,58.32101]]],[440,[68.70332,84.54716,0,[81.00098,59.4405]]],[300,[67.68275,78.91757,0,[80.04781,60.00041]]],[103,[69.01051,79.91148,0,[81.00084,57.31349]]],[470,[69.45515,87.27866,0,[81.00092,58.86467]]],[122,[69.25489,77.76894,0,[82.00085,56.70511]]],[457,[68.66455,82.01558,0,[80.00098,60.00156]]],[471,[70.07607,85.30235,0,[81.00099,59.22446]]],[146,[69.75605,81.15382,0,[81.00098,57.59375]]],[441,[65.54131,82.18571,0,[80.00095,60.41144]]],[145,[70.40324,82.26492,0,[81.001,58.18195]]],[489,[69.85556,81.67545,0,[80.001,60.15312]]],[485,[70.74668,87.42834,0,[81.00098,59.12909]]],[154,[70.34108,73.77463,0,[82.00078,56.883]]],[56,[71.01782,84.35899,0,[81.00089,57.60856]]],[488,[71.28336,85.11189,0,[81.00094,59.81823]]],[326,[69.26455,66.56587,0,[80.001,60.63188]]],[88,[71.45667,81.4559,0,[81.99693,57.00061]]],[455,[71.42612,86.18391,0,[81.0009,58.8424]]],[86,[71.74961,83.43697,0,[81.00098,57.63919]]],[212,[72.13633,80.51489,0,[81.00092,58.74184]]],[89,[68.64177,81.52262,0,[82.00095,55.85298]]],[516,[70.40749,85.50871,0,[80.00099,60.6629]]],[517,[72.03198,86.14259,0,[81.00095,59.8388]]],[105,[72.17056,79.47916,0,[82.00086,56.60886]]],[397,[72.52538,83.67329,0,[81.00096,57.84112]]],[410,[72.90262,83.63324,0,[81.00097,58.8884]]],[520,[72.68983,84.66915,0,[81.00093,59.92929]]],[74,[73.03703,81.28196,0,[81.92467,57.00034]]],[136,[71.25291,77.84799,0,[82.00098,55.61686]]],[395,[71.09819,70.50847,0,[80.00094,60.56446]]],[70,[73.41956,86.13626,0,[81.00095,58.38988]]],[539,[73.47405,92.32432,0,[81.00094,59.7156]]],[59,[73.14486,81.10114,0,[81.00096,57.27228]]],[487,[72.73515,84.41169,0,[80.001,60.48944]]],[531,[74.00941,89.87836,0,[81.00098,58.47281]]],[330,[74.0191,80.12701,0,[81.00098,57.34864]]],[417,[74.11832,77.41216,0,[81.00097,59.65531]]],[107,[73.18793,78.31005,0,[82.00084,55.82446]]],[530,[74.55679,90.99754,0,[81.00098,57.94847]]],[549,[74.58454,92.50858,0,[81.00098,59.15849]]],[72,[74.86201,82.96309,0,[82.00096,56.74142]]],[505,[71.85724,82.16001,0,[80.00099,60.64016]]],[172,[74.16366,77.35394,0,[82.00098,56.43073]]],[543,[75.11853,92.63779,0,[81.00098,58.66397]]],[73,[75.13021,81.85917,0,[81.00098,57.55093]]],[508,[75.54721,81.75532,0,[81.00098,59.59195]]],[139,[75.07552,76.61599,0,[82.00086,55.78875]]],[515,[75.78085,91.94875,0,[81.001,57.68771]]],[533,[76.02922,88.51489,0,[81.00096,58.66274]]],[152,[75.92767,76.70663,0,[82.00093,56.83018]]],[431,[74.4278,79.54143,0,[80.00098,60.05686]]],[130,[76.28136,84.58681,0,[81.00098,57.07605]]],[548,[76.63277,95.50194,0,[81.00098,58.075]]],[518,[76.16982,88.91644,0,[81.00095,59.80762]]],[541,[76.6268,93.87495,0,[81.00098,59.16772]]],[41,[75.89503,87.4178,0,[82.00098,55.73337]]],[55,[77.19614,88.95578,0,[81.00096,57.78634]]],[486,[77.19368,87.45981,0,[81.001,59.47148]]],[529,[76.02229,88.70795,0,[80.00095,60.53172]]],[544,[77.6432,91.79147,0,[81.00099,58.6813]]],[137,[77.50549,76.74043,0,[82.00097,56.94038]]],[450,[73.9007,75.19852,0,[80.001,60.56096]]],[57,[77.83353,84.63963,0,[81.42068,57.00024]]],[532,[77.80064,89.5855,0,[81.00098,59.80286]]],[87,[78.16867,83.74818,0,[81.00095,57.63019]]],[526,[78.27761,88.75756,0,[81.00095,58.78614]]],[391,[76.78316,76.28668,0,[80.001,60.53201]]],[491,[78.46951,81.81667,0,[81.00095,59.94808]]],[149,[77.18375,80.38293,0,[82.00096,55.92255]]],[521,[78.80603,85.91386,0,[81.001,58.33208]]],[108,[78.86169,78.70136,0,[81.92396,57.00045]]],[523,[79.01328,82.24297,0,[81.00096,59.43587]]],[519,[77.61964,87.3202,0,[80.00098,60.64162]]],[44,[79.39584,82.24573,0,[81.00096,58.23576]]],[540,[78.97414,95.14182,0,[81.001,57.19922]]],[501,[78.46162,87.759,0,[80.00098,60.55879]]],[128,[78.40485,74.05286,0,[82.00093,55.89982]]],[552,[79.68296,96.98149,0,[81.00096,59.36656]]],[150,[79.67433,79.23417,0,[81.00088,57.39432]]],[500,[80.23243,92.70802,0,[81.00097,58.36548]]],[58,[80.38332,84.37749,0,[82.0009,56.79832]]],[92,[80.41013,78.86277,0,[81.00092,57.30241]]],[493,[79.08582,78.84027,0,[80.00093,60.16468]]],[547,[80.47309,92.49095,0,[81.00097,59.48837]]],[176,[79.44868,75.20037,0,[82.00097,55.91027]]],[341,[75.10413,67.58948,0,[80.00097,60.51499]]],[60,[80.61378,84.03093,0,[82.00095,55.87701]]],[535,[80.88968,89.17572,0,[81.00098,58.54082]]],[522,[81.3946,84.29845,0,[81.00095,59.4168]]],[29,[81.5572,85.77503,0,[81.00095,58.17761]]],[61,[81.08959,81.51881,0,[81.00095,57.17718]]],[536,[80.4166,82.31616,0,[80.00095,60.18867]]],[75,[81.87557,81.9683,0,[81.45329,57.0004]]],[494,[82.03792,82.33978,0,[81.00094,59.24294]]],[545,[82.14856,89.43562,0,[81.00091,57.89624]]],[112,[81.37933,75.62544,0,[82.00099,56.34199]]],[48,[82.64024,81.83252,0,[81.57816,57.00039]]],[506,[81.08259,84.59908,0,[80.00095,60.2844]]],[495,[82.7429,81.31934,0,[81.001,58.13264]]],[166,[82.24741,75.86253,0,[82.00095,56.08856]]],[481,[82.83001,78.18105,0,[81.001,59.30627]]],[504,[81.84028,85.10536,0,[80.001,60.22183]]],[527,[83.15725,95.1079,0,[81.32717,57.00031]]],[499,[83.39042,84.84007,0,[81.00099,58.23907]]],[534,[83.62115,86.07924,0,[81.00098,59.3375]]],[155,[83.01183,75.21969,0,[82.00087,55.93261]]],[30,[83.86939,86.22955,0,[81.001,57.47769]]],[478,[82.61605,78.95876,0,[80.00099,60.2709]]],[111,[83.67176,78.24433,0,[82.00096,55.94399]]],[45,[84.18188,83.01995,0,[81.00098,58.47331]]],[554,[84.2515,88.7792,0,[81.00097,59.63876]]],[31,[84.45064,85.26193,0,[81.001,57.29054]]],[43,[84.79282,85.72247,0,[81.001,58.19864]]],[476,[79.72615,79.61526,0,[80.001,60.31433]]],[42,[84.81956,86.96689,0,[81.001,59.31779]]],[78,[84.3897,80.61997,0,[82.001,56.40524]]],[28,[85.4065,88.10819,0,[81.00097,57.89352]]],[138,[85.16301,80.00479,0,[82.00097,56.35747]]],[553,[84.04207,93.81329,0,[80.00095,60.51234]]],[7,[85.42794,89.73618,0,[81.00097,59.05328]]],[498,[84.62501,76.11333,0,[80.001,60.21725]]],[17,[85.96295,88.50108,0,[81.00099,58.19557]]],[125,[85.6933,78.12447,0,[81.92132,57.00024]]],[482,[83.30788,77.60728,0,[80.00098,60.35271]]],[528,[86.43834,95.86469,0,[81.00098,58.92783]]],[40,[85.97135,90.59965,0,[81.001,59.63272]]],[62,[85.94273,80.47533,0,[81.00098,57.09467]]],[14,[86.60145,82.05116,0,[81.00095,57.69273]]],[21,[87.11542,85.54733,0,[81.00096,58.58151]]],[127,[85.73408,76.42214,0,[82.00092,55.84615]]],[510,[86.8282,83.34072,0,[81.00098,59.88491]]],[91,[87.24503,81.13684,0,[81.777,57.0003]]],[9,[87.42519,87.43882,0,[81.00097,57.52572]]],[497,[87.45625,80.81271,0,[81.00096,59.66698]]],[22,[87.80746,84.05196,0,[81.00097,58.52546]]],[352,[85.23605,68.91799,0,[80.00099,60.6296]]],[46,[88.14755,85.24808,0,[81.73194,57.00034]]],[141,[86.9405,76.26469,0,[82.001,56.01122]]],[514,[88.10689,89.40168,0,[81.00096,59.60476]]],[546,[88.33613,87.50346,0,[81.00098,58.30735]]],[507,[85.87247,84.05269,0,[80.001,60.49268]]],[18,[88.36766,89.53294,0,[81.00098,57.16119]]],[109,[88.16801,79.72988,0,[82.0009,55.94379]]],[12,[88.90276,86.84862,0,[81.00098,57.88034]]],[509,[88.81505,86.45805,0,[81.00098,59.18336]]],[95,[89.39641,80.60908,0,[81.59892,57.00041]]],[142,[89.03567,77.43069,0,[82.00094,56.21312]]],[477,[87.4444,82.54475,0,[80.00096,60.49053]]],[8,[89.49724,89.34064,0,[81.00098,58.24374]]],[463,[89.55663,81.86286,0,[81.00098,59.39868]]],[65,[89.66743,79.68813,0,[81.00099,57.03992]]],[480,[90.09384,82.22251,0,[81.00096,58.16938]]],[129,[89.75783,76.32539,0,[82.00094,56.00651]]],[469,[88.08041,79.11903,0,[80.00093,60.1409]]],[503,[90.31323,88.14386,0,[81.00097,59.39625]]],[27,[90.35831,91.76434,0,[81.00098,57.02375]]],[511,[90.69265,87.20196,0,[81.001,58.17267]]],[113,[90.53818,81.97563,0,[82.00096,56.12434]]],[492,[90.95118,86.64967,0,[81.001,59.29052]]],[460,[89.34438,81.22114,0,[80.00098,60.38091]]],[537,[91.32034,86.87421,0,[81.00099,58.18652]]],[151,[91.07738,81.64719,0,[81.00098,57.0848]]],[542,[91.58166,99.12589,0,[81.00098,59.29971]]],[418,[90.14285,79.47431,0,[80.00095,60.26214]]],[23,[91.84523,85.60103,0,[81.00099,57.31178]]],[525,[92.06265,86.48576,0,[81.00098,58.43351]]],[140,[91.3535,81.13766,0,[82.00098,56.13287]]],[434,[91.49972,80.6384,0,[80.00098,60.13492]]],[63,[92.49144,83.72525,0,[81.00099,57.40879]]],[367,[86.7812,75.40997,0,[80.00098,60.52335]]],[512,[92.47018,84.04248,0,[81.00098,59.38614]]],[10,[92.85563,92.00298,0,[81.00099,58.33511]]],[98,[92.26913,79.78769,0,[82.00098,56.36573]]],[475,[90.84588,84.38952,0,[80.001,60.33378]]],[2,[93.14281,91.95891,0,[81.00097,57.13255]]],[465,[93.12405,83.50592,0,[81.00096,59.42904]]],[16,[93.50067,92.53092,0,[81.00098,58.20809]]],[67,[93.1753,87.57816,0,[82.00098,56.38094]]],[82,[93.86247,86.58479,0,[81.3144,57.00059]]],[524,[93.6993,87.12596,0,[81.00098,59.44884]]],[382,[92.16283,78.56685,0,[80.00096,60.35872]]],[483,[94.19785,87.20493,0,[81.00097,58.74492]]],[126,[94.04563,80.37663,0,[82.00092,56.12489]]],[0,[94.31768,94.95627,0,[81.00095,57.72538]]],[445,[92.83627,84.39036,0,[80.00099,60.36827]]],[479,[94.58547,88.17487,0,[81.00097,59.78196]]],[496,[94.94453,91.23332,0,[81.001,58.09739]]],[123,[94.87569,82.49937,0,[82.00093,56.91993]]],[416,[88.66674,80.30212,0,[80.001,60.17516]]],[50,[95.47672,83.19206,0,[81.77873,57.00048]]],[484,[95.2052,85.45676,0,[81.00098,59.17154]]],[454,[95.67226,87.7447,0,[81.001,58.37698]]],[76,[94.8882,84.90861,0,[82.00092,55.82164]]],[19,[95.65821,90.09345,0,[81.00098,57.1422]]],[447,[96.13103,93.14204,0,[81.00097,59.17652]]],[435,[94.53706,81.29835,0,[80.00098,60.47123]]],[449,[95.32594,83.9676,0,[80.45053,60.00016]]],[97,[96.27165,80.20554,0,[81.00098,57.8218]]],[99,[96.21738,79.04357,0,[82.00093,56.07855]]],[13,[96.75079,89.49561,0,[81.00098,58.62078]]],[83,[96.77816,81.7588,0,[81.53185,57.00048]]],[406,[96.62135,79.45523,0,[80.87168,60.0002]]],[94,[97.34492,82.35693,0,[81.00095,57.82566]]],[452,[97.26409,82.85198,0,[81.00096,59.34854]]],[467,[93.57175,82.1864,0,[80.00099,60.32967]]],[110,[97.16527,82.03645,0,[82.00086,55.97526]]],[419,[96.84461,81.16394,0,[80.00099,60.31107]]],[84,[97.86788,80.85002,0,[81.96938,57.00037]]],[462,[97.86858,90.98881,0,[81.00098,58.70269]]],[32,[98.03484,88.80874,0,[81.00096,57.18118]]],[448,[98.68736,88.4275,0,[81.00097,59.2977]]],[538,[98.53401,97.20634,0,[81.00098,58.07605]]],[124,[98.39234,82.70004,0,[82.00095,56.19981]]],[421,[98.01548,78.75638,0,[80.00092,60.10614]]],[25,[99.20377,86.75843,0,[81.00095,58.03983]]],[53,[99.16062,87.23804,0,[82.00092,56.38971]]],[80,[99.29939,84.56603,0,[81.26243,57.00034]]],[464,[99.32984,94.85982,0,[81.00094,59.23893]]],[513,[99.85542,88.21616,0,[81.001,57.60228]]],[437,[99.92184,90.27879,0,[81.001,58.85871]]],[490,[95.63737,83.9547,0,[80.001,60.48507]]],[79,[99.88528,89.58486,0,[82.00091,56.1306]]],[47,[100.6044,88.18155,0,[82.00095,56.87225]]],[34,[100.471,89.05165,0,[81.00098,57.86477]]],[436,[99.63381,80.63138,0,[80.00098,60.06079]]],[439,[100.5338,92.81194,0,[81.00098,59.13797]]],[96,[101.3107,83.44222,0,[81.88678,57.00046]]],[1,[101.1119,95.68221,0,[81.00097,58.21926]]],[38,[100.806,88.68972,0,[82.00094,55.89827]]],[396,[100.4759,96.63451,0,[80.07121,60.00028]]],[85,[101.8382,92.52662,0,[81.00099,57.70052]]],[69,[101.6402,84.15379,0,[82.00094,55.9469]]],[362,[101.6002,100.5365,0,[81.00095,59.18182]]],[451,[98.83617,86.64384,0,[80.00099,60.16146]]],[468,[102.2568,92.43772,0,[81.00097,58.6258]]],[20,[102.3511,92.1785,0,[82.00091,56.84787]]],[77,[102.5731,87.83593,0,[81.00095,57.77269]]],[433,[102.5532,89.37508,0,[81.00097,59.69893]]],[394,[101.3968,86.81354,0,[80.00094,60.01959]]],[68,[103.3616,89.65726,0,[82.00085,56.95039]]],[466,[103.2734,95.31317,0,[81.00098,58.5046]]],[392,[103.1971,81.07315,0,[81.00099,59.8643]]],[93,[103.4053,85.10094,0,[81.0009,57.34402]]],[114,[102.7159,88.11901,0,[82.00094,55.87331]]],[327,[102.1296,69.19695,0,[80.00096,60.58354]]],[407,[103.8393,95.97424,0,[81.00099,58.98365]]],[52,[104.087,87.40817,0,[82.00094,56.43911]]],[550,[104.1168,105.2764,0,[81.00094,57.13785]]],[453,[104.4087,91.93882,0,[81.00099,58.7533]]],[438,[103.3426,87.5349,0,[80.00098,60.15915]]],[409,[104.7429,84.31898,0,[80.96214,60.00021]]],[5,[104.9899,91.36829,0,[81.001,58.12582]]],[39,[104.806,89.73656,0,[82.00095,56.10674]]],[66,[104.6768,85.53555,0,[81.00098,57.18443]]],[423,[105.3166,86.9147,0,[81.00095,59.26832]]],[81,[105.6693,84.68011,0,[81.00098,57.78254]]],[36,[105.6783,86.28406,0,[81.78706,57.00018]]],[393,[106.0562,91.30037,0,[81.00099,58.70261]]],[340,[105.0154,72.06387,0,[80.00095,60.27278]]],[420,[106.0174,83.65985,0,[81.00098,59.82255]]],[37,[105.6798,88.88721,0,[82.00098,55.91298]]],[49,[106.4661,87.04632,0,[81.00096,57.37109]]],[383,[106.6454,83.61366,0,[81.00098,59.42089]]],[551,[106.9172,103.9895,0,[81.00098,58.3849]]],[342,[106.0414,68.09377,0,[80.00096,60.37714]]],[51,[107.0247,87.63417,0,[82.00098,56.42481]]],[54,[107.5558,84.39268,0,[81.86288,57.00026]]],[408,[107.4273,84.22974,0,[81.00097,59.19829]]],[3,[107.4949,93.50526,0,[81.00097,57.78347]]],[353,[108.0406,84.88135,0,[81.00097,58.47413]]],[422,[106.761,81.90066,0,[80.00099,60.15437]]],[33,[107.9315,90.64368,0,[82.00085,56.13334]]],[64,[108.3298,97.62122,0,[81.55815,57.00039]]],[405,[108.0111,85.86951,0,[81.00096,59.75983]]],[11,[108.5645,93.45448,0,[81.00095,57.7223]]],[384,[108.6395,87.0407,0,[81.00096,59.02569]]],[24,[108.922,89.6952,0,[82.00087,56.3657]]],[446,[107.9287,84.32964,0,[80.00098,60.49352]]],[6,[109.1178,91.4118,0,[81.00094,57.22709]]],[361,[109.3425,91.54877,0,[81.00096,58.63235]]],[15,[109.6903,90.96227,0,[82.00092,56.38486]]],[404,[109.9013,84.18968,0,[81.001,58.57244]]],[402,[108.8748,88.15736,0,[80.65634,60.00022]]],[4,[109.9653,95.62463,0,[81.001,57.26796]]],[376,[109.5178,84.1667,0,[80.56998,60.00014]]],[375,[110.5257,84.19949,0,[81.001,59.17494]]],[329,[110.5733,78.82078,0,[81.001,57.84872]]],[35,[110.4871,90.22256,0,[82.00094,56.31587]]],[328,[110.3811,77.83795,0,[80.00099,60.12003]]],[403,[111.2296,87.55946,0,[81.00098,58.00241]]],[26,[111.3807,91.81689,0,[82.00095,56.71925]]],[374,[111.6642,82.75621,0,[81.00099,59.36798]]],[314,[112.4155,78.04287,0,[81.001,59.35137]]]

Travel Distances:
[284,91.97133],[269,91.95713],[254,91.68069],[283,91.85469],[298,93.40353],[268,93.36081],[267,93.75508],[299,91.50079],[282,93.17941],[252,95.01412],[251,95.54385],[253,94.29346],[281,95.01539],[297,94.39627],[237,94.19278],[266,96.11378],[239,94.67349],[296,95.65007],[250,96.26601],[311,95.94518],[280,95.55892],[236,95.10924],[235,97.29416],[265,96.48196],[295,96.80131],[223,95.87452],[222,95.30491],[279,96.65659],[249,98.19266],[238,95.5332],[234,97.72741],[294,97.5966],[324,97.93925],[264,98.81067],[210,98.35704],[233,98.97423],[339,97.90589],[263,98.63789],[278,98.09303],[207,100.2478],[248,99.20992],[221,98.44342],[351,98.28802],[232,99.39568],[293,98.37063],[247,98.91196],[209,99.46777],[220,99.01757],[277,99.8655],[338,98.29086],[224,96.98777],[309,98.11953],[219,99.01962],[262,100.6573],[323,99.29489],[208,99.31212],[190,99.22291],[205,100.671],[350,99.97138],[183,101.2587],[292,100.6861],[231,101.3868],[246,100.867],[218,101.5779],[349,101.7707],[276,101.8873],[199,101.1929],[230,102.5207],[198,100.1888],[308,99.54436],[197,99.18365],[337,99.46368],[261,100.4237],[275,102.2878],[313,94.75235],[211,98.92821],[322,100.2585],[310,97.19875],[307,99.62254],[368,100.8989],[196,101.8847],[336,101.2277],[306,102.1972],[325,100.1904],[229,102.4259],[291,100.4646],[348,100.4163],[206,102.6937],[217,102.4601],[290,102.383],[245,102.5493],[347,102.0313],[157,98.47983],[358,101.8514],[203,103.7963],[260,102.3278],[216,103.5166],[360,101.1437],[321,101.4399],[194,102.9773],[244,102.5038],[320,103.3865],[200,101.0461],[189,101.773],[228,104.21],[305,102.2327],[366,102.1951],[195,103.9633],[204,103.6985],[274,103.3082],[373,103.3706],[390,105.3451],[188,102.2841],[227,106.4406],[346,104.432],[215,104.8318],[273,104.3909],[381,103.7729],[156,99.86442],[193,104.3832],[289,102.6839],[365,103.7025],[191,101.6007],[187,104.6851],[185,105.2865],[259,103.366],[335,103.911],[174,103.3082],[243,105.7966],[257,106.7427],[356,105.175],[319,103.8737],[272,105.6789],[179,105.098],[186,104.4697],[304,104.8545],[258,105.9522],[214,105.5292],[318,105.3194],[357,103.2236],[345,106.3524],[180,105.1442],[168,103.023],[202,106.2349],[333,105.5107],[355,105.3251],[288,106.4022],[332,106.6611],[177,101.7042],[389,106.6425],[256,107.1072],[178,105.7672],[303,104.6796],[181,103.4884],[317,106.8186],[364,107.2514],[287,106.4541],[271,107.8554],[312,96.06963],[242,105.7012],[286,106.6367],[164,105.3151],[334,105.586],[213,107.4935],[302,106.8447],[371,105.2523],[363,106.2051],[301,108.8021],[184,104.4963],[201,108.8686],[372,106.0763],[388,107.2529],[270,108.8085],[331,106.5039],[415,107.4842],[167,101.5464],[378,108.1223],[370,108.5143],[165,103.7211],[148,107.4764],[226,108.2199],[344,106.8486],[170,105.9434],[285,108.3428],[241,108.6604],[400,109.4765],[399,109.734],[161,105.1857],[377,109.0318],[379,108.0331],[414,109.0821],[171,107.4328],[192,108.2428],[147,110.2311],[315,110.382],[162,104.4462],[398,109.5275],[387,108.5766],[160,108.8294],[430,109.903],[132,109.9349],[444,108.8705],[401,108.6136],[432,105.3345],[240,111.3549],[411,112.8938],[429,109.8849],[385,101.8247],[117,111.2141],[134,108.2241],[359,102.1186],[119,108.9666],[413,110.6214],[459,110.4047],[412,110.9156],[175,104.7719],[316,108.2913],[369,103.3086],[443,110.6683],[120,107.1576],[118,111.0862],[159,109.3842],[461,108.9495],[343,109.4492],[104,108.4442],[173,105.1885],[158,110.9294],[428,112.2226],[472,114.8292],[101,112.0332],[133,110.0331],[255,109.4218],[456,112.7644],[121,106.7749],[380,107.956],[106,108.3528],[225,110.294],[427,113.3315],[135,108.3158],[143,101.3242],[473,113.092],[131,110.5039],[115,114.6912],[442,113.2369],[163,105.3536],[100,114.8192],[144,102.3645],[426,112.8356],[386,110.6442],[116,113.4664],[169,109.7197],[182,106.9321],[474,112.079],[458,112.9418],[90,109.4041],[425,115.2147],[102,110.3265],[153,107.0909],[502,116.3082],[354,110.4785],[71,114.8388],[440,114.8796],[300,112.028],[103,111.1697],[470,118.2048],[122,108.2198],[457,114.172],[471,114.9457],[146,111.2848],[441,116.1762],[145,112.9154],[489,113.3121],[485,117.6522],[154,103.6568],[56,113.966],[488,116.3564],[326,99.51241],[88,111.7442],[455,116.823],[86,113.5894],[212,109.8691],[89,113.3682],[516,118.6894],[517,117.6567],[105,110.2653],[397,114.3421],[410,113.6542],[520,114.565],[74,110.3251],[136,109.8805],[395,104.4126],[70,117.1329],[539,123.0959],[59,111.7901],[487,116.0027],[531,119.6809],[330,109.6162],[417,108.9969],[107,109.8122],[530,121.5647],[549,122.7835],[72,112.4208],[505,114.1708],[172,107.0412],[543,123.8607],[73,112.9976],[508,112.409],[139,107.0942],[515,122.0018],[533,118.2754],[152,105.6991],[431,112.8338],[130,115.4616],[548,126.0127],[518,119.9309],[541,124.4442],[41,117.4866],[55,118.445],[486,118.6887],[529,121.0859],[544,122.1522],[137,107.0474],[450,108.1382],[57,114.6322],[532,119.4851],[87,115.1077],[526,119.866],[391,108.9705],[491,112.5696],[149,111.1773],[521,116.0082],[108,108.3586],[523,112.0667],[519,120.6046],[44,113.2109],[540,126.3197],[501,119.6991],[128,104.7063],[552,127.101],[150,109.2983],[500,122.1044],[58,114.8983],[92,109.3794],[493,110.9766],[547,122.7689],[176,105.4001],[341,100.2425],[60,115.0905],[535,120.5314],[522,115.3094],[29,116.3517],[61,112.1682],[536,114.0935],[75,111.2828],[494,113.8933],[545,120.6776],[112,106.7212],[48,111.9843],[506,116.9086],[495,111.455],[166,105.5372],[481,108.1377],[504,117.932],[527,126.2496],[499,115.7633],[534,116.5304],[155,105.6982],[30,116.2337],[478,110.7233],[111,107.4728],[45,112.3743],[554,119.9387],[31,115.88],[43,115.8096],[476,112.8356],[42,116.9434],[78,110.4671],[28,119.1084],[138,110.7961],[553,126.5984],[7,120.5621],[498,107.884],[17,118.3659],[125,109.4357],[482,111.2523],[528,126.839],[40,121.9197],[62,111.8199],[14,112.4442],[21,115.1596],[127,106.45],[510,113.3776],[91,112.0427],[9,118.4406],[497,111.5352],[22,114.3321],[352,101.3645],[46,114.6074],[141,106.0583],[514,120.7207],[546,118.5758],[507,116.607],[18,120.2069],[109,110.2496],[12,116.8792],[509,116.5877],[95,111.4622],[142,108.3299],[477,115.7834],[8,120.1131],[463,112.5436],[65,109.8192],[480,111.7342],[129,107.7209],[469,112.4695],[503,119.3556],[27,122.6143],[511,117.4496],[113,111.8833],[492,116.5354],[460,112.6345],[537,118.0574],[151,113.1556],[542,129.7603],[418,111.5982],[23,115.6556],[525,116.1594],[140,112.6338],[434,113.2137],[63,114.5031],[367,109.1076],[512,114.6505],[10,122.1583],[98,109.681],[475,115.7225],[2,123.4931],[465,114.9167],[16,123.3625],[67,117.8806],[82,116.6229],[524,117.273],[382,110.3925],[483,116.5711],[126,111.2788],[0,125.7833],[445,117.0471],[479,118.7497],[496,121.1311],[123,111.723],[416,113.4343],[50,113.9117],[484,116.6308],[454,118.354],[76,114.8667],[19,120.136],[447,122.7515],[435,112.9141],[449,116.1978],[97,111.4584],[99,109.3535],[13,119.5601],[83,111.6167],[406,109.6903],[94,113.4382],[452,113.8155],[467,116.1437],[110,112.9885],[419,112.8569],[84,110.3235],[462,120.9342],[32,118.5304],[424,117.6407],[448,118.9783],[538,127.544],[124,113.1617],[421,110.1415],[25,116.1912],[53,118.1672],[80,115.4533],[464,125.7687],[513,118.3473],[437,120.2374],[490,116.2351],[79,119.1172],[47,118.419],[34,119.9102],[436,112.943],[439,123.3361],[96,112.2718],[1,125.0912],[38,119.9816],[396,129.0195],[85,122.748],[69,114.0084],[362,130.792],[451,118.3881],[468,121.8493],[20,122.3322],[77,118.4481],[433,119.8291],[394,118.7792],[68,118.5467],[466,126.6704],[392,112.2778],[93,115.7895],[114,118.897],[327,101.4204],[407,126.0498],[52,116.6494],[550,136.6989],[453,122.8933],[438,120.1179],[409,114.5941],[5,121.2394],[39,119.6352],[66,115.5843],[423,118.0542],[81,115.2062],[36,116.5687],[393,121.0708],[340,103.512],[420,113.4105],[37,119.8791],[49,117.9325],[383,114.115],[551,134.0114],[342,99.2795],[51,116.9302],[54,114.9433],[408,115.2971],[3,124.3061],[353,114.6874],[422,113.5139],[33,120.0756],[64,126.8523],[405,115.4394],[11,124.1057],[384,117.5428],[24,119.4256],[446,115.5739],[6,122.9145],[361,122.7617],[15,121.1056],[404,114.3318],[402,119.2871],[4,125.6174],[376,114.3317],[375,115.0118],[329,109.5528],[35,120.2692],[328,108.6339],[403,118.91],[26,122.3337],[374,113.3523],[314,107.2024]

Finish Times:
[284,47.2407],[269,47.2807],[254,47.76071],[283,47.88071],[298,48.20072],[268,48.32072],[267,48.52073],[299,48.80074],[282,48.84074],[252,49.08074],[251,49.32075],[253,49.48075],[281,49.60075],[297,49.72076],[237,49.76076],[266,49.96076],[239,50.24077],[296,50.40077],[250,50.44077],[311,50.60078],[280,50.72078],[236,50.84078],[235,51.16079],[265,51.32079],[295,51.4408],[223,51.6408],[222,51.8008],[279,51.8008],[249,52.20081],[238,52.32082],[234,52.56082],[294,52.64082],[324,52.84083],[264,52.96083],[210,53.20084],[233,53.40084],[339,53.40084],[263,53.56084],[278,53.84085],[207,54.12086],[248,54.20086],[221,54.48087],[351,54.56087],[232,54.60087],[293,54.80087],[247,54.92088],[209,54.96088],[220,55.20088],[277,55.56089],[338,55.72089],[224,55.8409],[309,55.8409],[219,55.9209],[262,56.1209],[323,56.48091],[208,56.56091],[190,56.60091],[205,56.80092],[350,57.16093],[183,57.20093],[292,57.24093],[231,57.28093],[246,57.52094],[218,58.00095],[349,58.00095],[276,58.08095],[199,58.12095],[230,58.20095],[198,58.64096],[308,58.68096],[197,58.72096],[337,58.72096],[261,58.92097],[275,59.40098],[313,59.40098],[211,59.44098],[322,59.44098],[310,59.72099],[307,59.80099],[368,60.08099],[196,60.12099],[336,60.201],[306,60.321],[325,60.60101],[229,60.72101],[291,60.88101],[348,60.88101],[206,60.96101],[217,61.04102],[290,61.40102],[245,61.68103],[347,61.68103],[157,61.72103],[358,61.72103],[203,62.20104],[260,62.28104],[216,62.32104],[360,62.64105],[321,62.68105],[194,62.88106],[244,62.88106],[320,63.08106],[200,63.32107],[189,63.36107],[228,63.60107],[305,63.76108],[366,63.88108],[195,63.96108],[204,64.08109],[274,64.36109],[373,64.48109],[390,64.48109],[188,64.9211],[227,64.96111],[346,65.12111],[215,65.20111],[273,65.32111],[381,65.36111],[156,65.60112],[193,65.76112],[289,65.88113],[365,65.92113],[191,66.20113],[187,66.28114],[185,66.36114],[259,66.56114],[335,66.68114],[174,66.92115],[243,66.96115],[257,67.00115],[356,67.44116],[319,67.48116],[272,67.56116],[179,67.72117],[186,67.84117],[304,68.16118],[258,68.20118],[214,68.40118],[318,68.76119],[357,68.9212],[345,69.1212],[180,69.1612],[168,69.36121],[202,69.40121],[333,69.56121],[355,69.80122],[288,70.00122],[332,70.12122],[177,70.16122],[389,70.32123],[256,70.60123],[178,70.68124],[303,70.80124],[181,70.88124],[317,71.24125],[364,71.28125],[287,71.40125],[271,71.60126],[312,71.60126],[242,71.84126],[286,71.92126],[164,72.00127],[334,72.28127],[213,72.36127],[302,72.40128],[371,72.60128],[363,72.76128],[301,72.96129],[184,73.00129],[201,73.08129],[372,73.2813],[388,73.3213],[270,73.6413],[331,73.72131],[415,73.76131],[167,73.84131],[378,73.96131],[370,74.20132],[165,74.28132],[148,74.36132],[226,74.64133],[344,74.68133],[170,74.80133],[285,74.92133],[241,75.16134],[400,75.16134],[399,75.32134],[161,75.44135],[377,75.56135],[379,76.00136],[414,76.00136],[171,76.04136],[192,76.08136],[147,76.24136],[315,76.32137],[162,76.72137],[398,76.88138],[387,76.92138],[160,77.08138],[430,77.20139],[132,77.36139],[444,77.52139],[401,77.60139],[432,77.8814],[240,77.9214],[411,78.0014],[429,78.24141],[385,78.40141],[117,78.44141],[134,78.56142],[359,78.72142],[119,78.84142],[413,78.96143],[459,79.04143],[412,79.28143],[175,79.44144],[316,79.56144],[369,79.56144],[443,79.68144],[120,79.88145],[118,80.00145],[159,80.24146],[461,80.28146],[343,80.44146],[104,80.68147],[173,80.76147],[158,80.84147],[428,81.12148],[472,81.12148],[101,81.20148],[133,81.40148],[255,81.60149],[456,81.72149],[121,81.80149],[380,81.80149],[106,82.0415],[225,82.3615],[427,82.44151],[135,82.52151],[143,82.60151],[473,82.64151],[131,82.80151],[115,83.00152],[442,83.36153],[163,83.40153],[100,83.48153],[144,83.48153],[426,83.72153],[386,83.76154],[116,83.96154],[169,84.16154],[182,84.20155],[474,84.36155],[458,84.56155],[90,84.64156],[425,84.76156],[102,84.88156],[153,85.12157],[502,85.12157],[354,85.40157],[71,85.52158],[440,85.52158],[300,86.00159],[103,86.12159],[470,86.20159],[122,86.28159],[457,86.28159],[471,86.7216],[146,86.7616],[441,87.16161],[145,87.32162],[489,87.36162],[485,87.44162],[154,87.64162],[56,87.88163],[488,88.08163],[326,88.12164],[88,88.24164],[455,88.28164],[86,88.60165],[212,88.92165],[89,88.96165],[516,88.96165],[517,88.96165],[105,89.12166],[397,89.32166],[410,89.60167],[520,89.84167],[74,89.88168],[136,90.00168],[395,90.00168],[70,90.12168],[539,90.28168],[59,90.52169],[487,90.72169],[531,90.72169],[330,90.9217],[417,90.9617],[107,91.0817],[530,91.40171],[549,91.56171],[72,91.68172],[505,91.88172],[172,91.92172],[543,91.96172],[73,92.08173],[508,92.40173],[139,92.44173],[515,92.60174],[533,92.76174],[152,92.80174],[431,93.00175],[130,93.32175],[548,93.36176],[518,93.44176],[541,93.44176],[41,93.68176],[55,93.92177],[486,94.00177],[529,94.28178],[544,94.40178],[137,94.52178],[450,94.52178],[57,94.68179],[532,94.68179],[87,95.00179],[526,95.04179],[391,95.2018],[491,95.4018],[149,95.4418],[521,95.56181],[108,95.60181],[523,95.72181],[519,96.04182],[44,96.16182],[540,96.24182],[501,96.44183],[128,96.48183],[552,96.60183],[150,96.68183],[500,96.92184],[58,97.20184],[92,97.44185],[493,97.48185],[547,97.56185],[176,97.84186],[341,97.88186],[60,98.04186],[535,98.04186],[522,98.24187],[29,98.36187],[61,98.60188],[536,98.68188],[75,98.80188],[494,99.00188],[545,99.08189],[112,99.36189],[48,99.44189],[506,99.5219],[495,99.6019],[166,99.7219],[481,99.7219],[504,100.0019],[527,100.0819],[499,100.1619],[534,100.5219],[155,100.6019],[30,100.6419],[478,100.7619],[111,100.8819],[45,100.9219],[554,101.2419],[31,101.4819],[43,101.6019],[476,101.6419],[42,101.6819],[78,101.922],[28,102.162],[138,102.162],[553,102.162],[7,102.202],[498,102.402],[17,102.682],[125,102.962],[482,103.042],[528,103.082],[40,103.122],[62,103.122],[14,103.442],[21,103.802],[127,103.802],[510,103.802],[91,103.962],[9,104.122],[497,104.402],[22,104.482],[352,104.562],[46,104.762],[141,104.762],[514,105.002],[546,105.122],[507,105.202],[18,105.442],[109,105.522],[12,105.682],[509,105.762],[95,106.042],[142,106.122],[477,106.122],[8,106.3221],[463,106.4421],[65,106.7221],[480,106.9221],[129,106.9621],[469,106.9621],[503,107.1621],[27,107.2821],[511,107.5221],[113,107.6421],[492,107.8021],[460,107.9221],[537,108.0021],[151,108.0421],[542,108.2821],[418,108.5221],[23,108.7621],[525,108.8021],[140,108.9621],[434,108.9621],[63,109.3621],[367,109.3621],[512,109.3621],[10,109.5621],[98,109.6821],[475,109.8421],[2,110.0421],[465,110.0421],[16,110.2421],[67,110.5221],[82,110.6021],[524,110.6822],[382,110.7222],[483,110.9222],[126,111.0822],[0,111.2822],[445,111.3222],[479,111.3622],[496,111.6822],[123,111.8822],[416,111.9222],[50,112.0022],[484,112.0822],[454,112.2822],[76,112.7222],[19,112.7622],[447,112.8022],[435,112.8422],[449,112.9622],[97,113.0022],[99,113.4822],[13,113.5622],[83,113.6422],[406,113.6822],[94,114.0822],[452,114.1222],[467,114.1222],[110,114.3222],[419,114.6022],[84,114.6422],[462,114.6422],[32,114.9222],[424,114.9222],[448,115.3623],[538,115.4423],[124,115.5223],[421,115.7223],[25,115.9223],[53,115.9623],[80,116.1623],[464,116.3623],[513,116.6023],[437,116.6823],[490,116.7623],[79,116.8023],[47,117.1223],[34,117.2023],[436,117.2423],[439,117.4023],[96,117.8823],[1,117.9223],[38,117.9623],[396,118.1623],[85,118.5223],[69,118.6023],[362,118.6023],[451,118.8823],[468,118.8823],[20,119.2423],[77,119.3223],[433,119.4024],[394,119.4824],[68,119.9224],[466,119.9624],[392,120.2424],[93,120.3624],[114,120.4024],[327,120.5624],[407,120.6824],[52,120.7624],[550,121.0024],[453,121.1224],[438,121.2024],[409,121.6024],[5,121.6824],[39,121.7624],[66,121.8024],[423,122.0424],[81,122.4024],[36,122.5224],[393,122.6824],[340,122.7624],[420,122.8024],[37,123.0824],[49,123.2424],[383,123.3624],[551,123.5624],[342,123.8025],[51,123.9225],[54,124.0425],[408,124.1225],[3,124.2025],[353,124.7225],[422,124.7225],[33,124.8025],[64,124.8425],[405,124.9225],[11,125.3225],[384,125.4425],[24,125.5225],[446,125.8025],[6,125.9625],[361,126.0425],[15,126.4425],[404,126.5225],[402,126.6025],[4,126.7225],[376,126.8425],[375,127.1625],[329,127.2825],[35,127.4425],[328,127.8025],[403,127.9625],[26,128.0425],[374,128.3625],[314,128.9224]

Stuck Times:
[284,0],[269,0],[254,0],[283,0],[298,0],[268,0],[267,0],[299,2],[282,0],[252,0],[251,0],[253,0],[281,0],[297,0],[237,0],[266,0],[239,1],[296,0],[250,0],[311,0],[280,0],[236,0],[235,0],[265,0],[295,0],[223,1],[222,2],[279,0],[249,0],[238,3],[234,1],[294,0],[324,0],[264,0],[210,2],[233,0],[339,1],[263,0],[278,1],[207,0],[248,0],[221,3],[351,2],[232,0],[293,2],[247,0],[209,5],[220,4],[277,1],[338,2],[224,5],[309,1],[219,2],[262,1],[323,3],[208,3],[190,4],[205,1],[350,4],[183,5],[292,1],[231,4],[246,3],[218,5],[349,1],[276,1],[199,5],[230,3],[198,6],[308,4],[197,6],[337,7],[261,4],[275,3],[313,11],[211,8],[322,6],[310,8],[307,5],[368,7],[196,6],[336,8],[306,4],[325,8],[229,6],[291,6],[348,8],[206,9],[217,6],[290,6],[245,6],[347,8],[157,12],[358,9],[203,5],[260,9],[216,6],[360,6],[321,9],[194,7],[244,6],[320,9],[200,13],[189,10],[228,6],[305,10],[366,9],[195,8],[204,8],[274,10],[373,11],[390,9],[188,11],[227,9],[346,13],[215,9],[273,11],[381,12],[156,14],[193,10],[289,14],[365,9],[191,15],[187,12],[185,9],[259,12],[335,11],[174,13],[243,15],[257,13],[356,11],[319,15],[272,15],[179,11],[186,12],[304,16],[258,15],[214,13],[318,13],[357,14],[345,17],[180,15],[168,16],[202,13],[333,15],[355,19],[288,18],[332,15],[177,19],[389,17],[256,16],[178,13],[303,17],[181,16],[317,15],[364,17],[287,20],[271,18],[312,21],[242,17],[286,18],[164,19],[334,18],[213,15],[302,19],[371,22],[363,20],[301,22],[184,22],[201,18],[372,21],[388,20],[270,18],[331,20],[415,18],[167,23],[378,21],[370,19],[165,22],[148,22],[226,21],[344,21],[170,19],[285,21],[241,18],[400,20],[399,23],[161,24],[377,23],[379,24],[414,22],[171,21],[192,19],[147,21],[315,22],[162,23],[398,24],[387,24],[160,23],[430,22],[132,20],[444,24],[401,23],[432,27],[240,20],[411,25],[429,24],[385,26],[117,22],[134,22],[359,28],[119,24],[413,28],[459,27],[412,30],[175,28],[316,29],[369,29],[443,26],[120,27],[118,24],[159,27],[461,27],[343,29],[104,29],[173,29],[158,25],[428,28],[472,22],[101,25],[133,26],[255,28],[456,28],[121,31],[380,30],[106,31],[225,27],[427,33],[135,29],[143,32],[473,27],[131,27],[115,29],[442,30],[163,32],[100,25],[144,33],[426,30],[386,32],[116,29],[169,32],[182,29],[474,31],[458,30],[90,34],[425,31],[102,31],[153,31],[502,29],[354,31],[71,31],[440,34],[300,33],[103,31],[470,29],[122,36],[457,30],[471,34],[146,33],[441,32],[145,34],[489,34],[485,32],[154,34],[56,36],[488,36],[326,39],[88,36],[455,34],[86,36],[212,34],[89,35],[516,32],[517,36],[105,36],[397,37],[410,37],[520,35],[74,38],[136,37],[395,37],[70,35],[539,29],[59,39],[487,38],[531,32],[330,41],[417,40],[107,38],[530,31],[549,30],[72,42],[505,37],[172,38],[543,33],[73,42],[508,40],[139,38],[515,32],[533,36],[152,41],[431,38],[130,39],[548,31],[518,38],[541,32],[41,39],[55,39],[486,43],[529,35],[544,36],[137,43],[450,45],[57,43],[532,40],[87,43],[526,37],[391,42],[491,46],[149,42],[521,44],[108,46],[523,45],[519,38],[44,47],[540,33],[501,38],[128,46],[552,37],[150,44],[500,37],[58,46],[92,48],[493,45],[547,41],[176,44],[341,49],[60,45],[535,44],[522,47],[29,48],[61,46],[536,45],[75,48],[494,49],[545,45],[112,48],[48,49],[506,46],[495,48],[166,47],[481,51],[504,44],[527,43],[499,46],[534,49],[155,47],[30,50],[478,49],[111,49],[45,51],[554,47],[31,49],[43,50],[476,49],[42,49],[78,49],[28,46],[138,50],[553,42],[7,45],[498,56],[17,48],[125,53],[482,54],[528,39],[40,47],[62,53],[14,55],[21,51],[127,53],[510,55],[91,53],[9,50],[497,57],[22,54],[352,54],[46,52],[141,54],[514,53],[546,55],[507,52],[18,52],[109,54],[12,55],[509,54],[95,56],[142,55],[477,53],[8,51],[463,58],[65,58],[480,58],[129,57],[469,60],[503,50],[27,51],[511,58],[113,57],[492,54],[460,52],[537,59],[151,55],[542,52],[418,56],[23,56],[525,57],[140,58],[434,57],[63,58],[367,56],[512,59],[10,56],[98,56],[475,52],[2,53],[465,59],[16,56],[67,59],[82,60],[524,58],[382,55],[483,60],[126,59],[0,51],[445,55],[479,59],[496,58],[123,60],[416,56],[50,62],[484,63],[454,60],[76,61],[19,61],[447,59],[435,60],[449,62],[97,63],[99,62],[13,62],[83,62],[406,61],[94,63],[452,65],[467,64],[110,61],[419,62],[84,64],[462,61],[32,60],[424,65],[448,64],[538,58],[124,64],[421,65],[25,69],[53,66],[80,65],[464,61],[513,66],[437,69],[490,65],[79,64],[47,64],[34,66],[436,67],[439,66],[96,68],[1,62],[38,68],[396,63],[85,65],[69,68],[362,60],[451,68],[468,65],[20,66],[77,67],[433,66],[394,65],[68,70],[466,66],[392,65],[93,67],[114,70],[327,72],[407,62],[52,71],[550,55],[453,67],[438,68],[409,70],[5,72],[39,71],[66,72],[423,69],[81,74],[36,73],[393,63],[340,74],[420,72],[37,73],[49,73],[383,71],[551,62],[342,75],[51,76],[54,76],[408,69],[3,72],[353,70],[422,75],[33,72],[64,71],[405,67],[11,74],[384,67],[24,76],[446,70],[6,74],[361,69],[15,76],[404,73],[402,70],[4,73],[376,68],[375,72],[329,75],[35,78],[328,79],[403,73],[26,79],[374,76],[314,79]

