Experiment Name: Custom-RoughWalls2
Method Used: PathFollowingLowerNumberOfPaths
Run Number: 9
Preparation Time: 0.0007ms
Pathfinding Time: 9.8576ms
Finish Time: 128.4025ms
Finish Time 90%: 119.9624ms
Repaths: 0
Soft Repaths: 0

Gates Data:
0:[299,[6.666272,13.32407,0,[33.001,59.14619]]],[284,[6.16639,12.32921,0,[32.001,57.83958]]],[269,[6.188251,12.37384,0,[32.001,56.44499]]],[298,[7.249045,14.48213,0,[33.001,58.42068]]],[283,[6.749929,13.49064,0,[32.001,57.14843]]],[313,[7.262139,14.49777,0,[33.001,59.73032]]],[282,[7.827942,15.57305,0,[33.001,58.23146]]],[268,[6.77201,13.53761,0,[32.001,55.87111]]],[297,[7.855704,15.6184,0,[33.001,59.31468]]],[267,[7.359412,14.62843,0,[32.001,57.14874]]],[281,[8.413882,16.61292,0,[33.001,58.12994]]],[252,[7.373473,14.64957,0,[32.001,56.06652]]],[328,[7.286075,14.53804,0,[33.001,61.05717]]],[254,[6.226146,12.44957,0,[32.001,55.00563]]],[280,[8.96374,17.71969,0,[33.001,58.23385]]],[296,[8.411253,16.65913,0,[33.001,59.24615]]],[251,[8.424259,15.68247,0,[32.001,56.92597]]],[266,[7.895024,15.63409,0,[32.001,57.06981]]],[314,[6.681227,13.34575,0,[33.001,60.5388]]],[312,[7.884779,15.66467,0,[33.001,60.4027]]],[235,[8.503231,16.72705,0,[32.001,55.85452]]],[295,[8.972043,17.75696,0,[33.001,59.32244]]],[311,[8.657086,16.72604,0,[33.001,60.24882]]],[253,[6.806998,13.60512,0,[32.001,54.63576]]],[265,[8.886766,16.76457,0,[32.001,57.55516]]],[237,[7.416025,14.70658,0,[32.001,54.98778]]],[250,[8.979476,16.88849,0,[32.001,56.47255]]],[310,[9.528613,17.90003,0,[33.001,59.38904]]],[278,[10.28565,19.85451,0,[33.001,58.07676]]],[264,[9.406708,17.85512,0,[32.001,57.21365]]],[239,[6.291328,12.58008,0,[32.001,53.45573]]],[249,[9.930393,18.07131,0,[32.001,56.8469]]],[234,[9.517841,17.85754,0,[32.001,56.09526]]],[324,[10.6692,19.20304,0,[33.001,59.38322]]],[279,[9.754242,18.82123,0,[33.001,58.41338]]],[236,[7.960911,15.77126,0,[32.001,55.90609]]],[309,[10.82026,19.25419,0,[33.001,58.31797]]],[263,[10.43776,18.89956,0,[32.001,57.21831]]],[338,[11.13993,19.40988,0,[33.001,59.98074]]],[294,[10.12225,18.86697,0,[33.001,59.24923]]],[293,[10.89702,19.04444,0,[32.001,57.83024]]],[221,[9.082716,17.13058,0,[32.001,55.39126]]],[233,[10.52179,18.859,0,[32.001,56.10186]]],[323,[11.29083,20.24856,0,[33.001,58.92734]]],[351,[9.695767,18.21369,0,[33.001,61.24891]]],[308,[11.44456,19.37376,0,[32.001,57.86776]]],[238,[6.858835,13.70205,0,[32.001,53.45869]]],[220,[10.03094,18.19668,0,[32.001,55.62242]]],[337,[11.87455,20.48866,0,[33.001,58.95651]]],[349,[11.7434,20.49516,0,[33.001,60.02901]]],[292,[12.00151,20.08683,0,[32.001,57.98484]]],[322,[12.43452,21.42866,0,[33.001,59.10016]]],[209,[8.564765,16.78259,0,[32.001,54.7842]]],[350,[10.44334,19.54293,0,[33.001,60.40286]]],[248,[10.99082,19.25614,0,[32.001,56.68575]]],[262,[12.07857,20.02559,0,[32.001,56.90728]]],[307,[12.9825,21.39952,0,[33.001,58.72669]]],[277,[11.52972,20.04703,0,[32.001,56.77016]]],[276,[12.5534,21.18874,0,[32.001,57.55783]]],[376,[11.51765,19.79101,0,[33.001,61.04262]]],[336,[12.9589,21.86528,0,[33.001,59.8585]]],[218,[12.64287,20.57121,0,[32.001,56.41165]]],[219,[11.07725,19.32132,0,[32.001,55.44985]]],[321,[13.48121,22.4507,0,[33.001,59.43506]]],[206,[12.15739,20.32606,0,[32.001,55.83187]]],[224,[6.880572,13.72986,0,[32.001,52.25528]]],[348,[12.42933,21.80815,0,[33.001,60.19161]]],[335,[14.15417,22.67861,0,[33.001,59.88344]]],[366,[13.15233,22.92137,0,[33.001,60.90574]]],[261,[13.61103,21.1697,0,[32.001,57.58782]]],[232,[11.60825,19.9915,0,[32.001,55.66908]]],[329,[6.736754,13.44869,0,[33.001,61.98282]]],[247,[13.0944,20.55313,0,[32.001,57.12857]]],[291,[13.55369,22.15963,0,[33.001,58.31256]]],[306,[14.07693,22.50841,0,[33.001,58.78017]]],[205,[13.16263,21.45459,0,[32.001,55.98193]]],[208,[9.591948,17.92166,0,[32.001,54.95515]]],[340,[9.049133,16.92113,0,[33.001,61.3542]]],[275,[14.60697,23.33184,0,[33.001,58.16065]]],[357,[14.69523,23.24987,0,[33.001,60.36869]]],[290,[15.18339,23.31008,0,[33.001,58.49003]]],[197,[11.51254,19.28513,0,[32.001,54.46893]]],[246,[14.17315,21.61206,0,[32.001,57.04262]]],[334,[15.2346,23.7626,0,[33.001,59.55865]]],[359,[10.95953,20.64243,0,[33.001,61.01032]]],[231,[13.68759,21.20636,0,[32.001,56.46119]]],[217,[13.74302,21.60442,0,[32.001,55.34335]]],[305,[15.8041,23.67253,0,[33.001,58.9912]]],[347,[13.66209,23.23009,0,[33.001,60.50245]]],[320,[14.67276,23.46924,0,[33.001,59.26044]]],[207,[10.59364,19.08986,0,[32.001,54.92784]]],[260,[14.69178,22.23946,0,[32.001,57.40341]]],[199,[9.047571,16.84836,0,[32.001,54.29059]]],[381,[15.24315,23.70533,0,[33.001,60.63533]]],[358,[12.16282,21.79965,0,[33.001,61.12223]]],[198,[10.11028,18.00516,0,[32.001,54.36168]]],[245,[14.75284,22.63762,0,[32.001,56.33077]]],[274,[15.20692,23.45157,0,[32.001,57.89857]]],[365,[15.76806,24.33298,0,[33.001,60.08033]]],[181,[14.31926,21.64865,0,[32.001,54.86432]]],[222,[7.995328,15.83291,0,[32.001,54.70721]]],[259,[15.26796,23.32871,0,[32.001,56.81997]]],[391,[15.81316,23.9402,0,[33.001,61.17577]]],[230,[14.23459,22.18532,0,[32.001,55.94604]]],[346,[16.32814,24.32861,0,[33.001,59.38332]]],[325,[9.235293,17.87083,0,[33.001,60.33356]]],[196,[12.6717,20.38635,0,[32.001,55.22289]]],[389,[16.89367,26.96322,0,[33.001,59.64495]]],[204,[15.36325,22.79294,0,[32.001,55.75438]]],[289,[16.65883,24.53007,0,[33.001,58.5093]]],[190,[10.90305,18.36202,0,[32.001,54.02324]]],[216,[15.88081,22.93858,0,[32.001,56.69991]]],[342,[7.292376,14.50357,0,[33.001,62.50045]]],[195,[14.84792,21.8077,0,[32.001,55.26765]]],[273,[15.74955,24.5471,0,[32.001,57.78158]]],[194,[16.12956,23.04004,0,[32.001,55.71118]]],[188,[13.2309,20.75294,0,[32.001,54.85842]]],[390,[17.42961,25.68691,0,[33.001,59.93163]]],[319,[17.2291,25.13167,0,[33.001,58.61982]]],[229,[16.4126,23.68031,0,[32.001,57.52076]]],[173,[15.06873,21.3516,0,[32.001,54.29311]]],[416,[17.90738,26.24538,0,[33.001,60.60704]]],[345,[17.92045,25.46041,0,[33.001,59.39301]]],[203,[16.59672,24.06767,0,[32.001,56.4758]]],[288,[17.77599,25.62268,0,[33.001,58.33028]]],[163,[14.48915,21.56814,0,[32.001,53.83427]]],[162,[15.58316,22.67946,0,[32.001,53.89711]]],[304,[18.4342,25.10208,0,[33.001,58.7937]]],[380,[16.31506,24.91795,0,[33.001,60.4892]]],[244,[17.77826,24.08932,0,[32.001,57.72492]]],[215,[17.08558,24.25824,0,[32.001,57.30218]]],[356,[18.40253,24.48705,0,[33.001,59.95921]]],[404,[16.42076,23.49789,0,[33.001,61.5825]]],[333,[18.95271,24.98809,0,[33.001,59.32138]]],[191,[9.56399,17.08376,0,[32.001,53.85844]]],[403,[16.87008,25.21254,0,[33.001,60.77946]]],[193,[17.20612,24.43316,0,[32.001,56.2132]]],[402,[18.937,26.43234,0,[33.001,60.43525]]],[258,[18.97217,25.67973,0,[33.001,58.16846]]],[432,[18.4019,26.12869,0,[33.001,61.1197]]],[318,[19.48141,25.83217,0,[33.001,59.0728]]],[364,[19.46421,25.69134,0,[33.001,60.16844]]],[228,[18.3001,24.83785,0,[32.001,57.06037]]],[189,[12.05852,19.67597,0,[32.001,54.75424]]],[214,[17.74999,25.43874,0,[32.001,56.62056]]],[243,[19.03918,25.19771,0,[32.001,57.98068]]],[303,[20.03397,26.22078,0,[33.001,58.49022]]],[186,[16.699,24.00423,0,[32.001,55.37431]]],[433,[17.8971,24.88827,0,[33.001,61.85101]]],[202,[18.33093,26.00356,0,[32.001,55.94147]]],[180,[17.26217,23.49553,0,[32.001,55.09855]]],[332,[20.57635,26.56063,0,[33.001,58.60285]]],[344,[21.05892,27.34533,0,[33.001,59.20914]]],[355,[19.9877,26.56041,0,[33.001,59.59811]]],[172,[16.20044,22.57746,0,[32.001,54.41829]]],[179,[18.38511,24.74196,0,[32.001,54.81963]]],[223,[7.442958,14.74229,0,[32.001,53.90423]]],[272,[21.12453,27.13469,0,[33.001,58.12502]]],[171,[17.86291,24.18783,0,[32.001,54.40499]]],[363,[22.22595,28.65325,0,[33.001,58.44435]]],[200,[8.560631,15.85062,0,[32.001,53.69052]]],[317,[21.67381,27.55219,0,[33.001,58.27228]]],[226,[20.11177,27.60599,0,[32.001,57.47157]]],[227,[18.85523,26.01783,0,[32.001,56.9561]]],[372,[19.96261,25.02049,0,[33.001,60.70995]]],[147,[18.91426,27.04138,0,[32.001,55.89595]]],[371,[20.55225,26.39852,0,[33.001,59.7233]]],[170,[20.61449,25.66859,0,[32.001,57.01145]]],[370,[21.60271,27.89798,0,[33.001,59.34718]]],[242,[19.55436,26.49714,0,[32.001,57.34193]]],[137,[18.27593,22.617,0,[32.001,53.58179]]],[339,[9.894585,18.22542,0,[33.001,60.24988]]],[331,[22.77672,28.47785,0,[33.001,58.3537]]],[149,[18.94277,25.03049,0,[32.001,54.82641]]],[148,[20.04485,26.24834,0,[32.001,55.2436]]],[379,[20.51023,25.88072,0,[33.001,60.83649]]],[287,[21.69617,26.07365,0,[32.001,57.35392]]],[415,[19.97946,26.77075,0,[33.001,61.83853]]],[414,[21.05229,28.03116,0,[33.001,61.398]]],[185,[17.80165,25.56212,0,[32.001,55.51253]]],[213,[19.45069,26.5931,0,[32.001,56.24611]]],[133,[20.02423,27.55365,0,[32.001,56.36051]]],[401,[19.4772,27.08853,0,[33.001,61.27429]]],[429,[21.61735,29.47525,0,[33.001,60.43174]]],[428,[22.16433,31.18085,0,[33.001,59.52782]]],[184,[10.35703,17.71411,0,[32.001,53.37189]]],[210,[8.02082,15.75052,0,[32.001,53.47295]]],[257,[21.15836,26.02959,0,[32.001,57.17527]]],[378,[23.27849,29.06512,0,[33.001,59.08428]]],[431,[20.52502,26.4717,0,[33.001,61.95411]]],[132,[20.56587,28.11918,0,[32.001,55.92925]]],[159,[21.12507,26.84138,0,[32.001,56.08934]]],[286,[22.79431,27.4923,0,[32.001,57.9621]]],[302,[23.81402,27.90358,0,[33.001,58.61198]]],[451,[21.70013,22.45277,0,[33.001,62.59195]]],[271,[23.93048,27.60634,0,[32.001,57.82197]]],[211,[7.494617,14.73044,0,[32.001,52.81904]]],[388,[22.72504,28.92199,0,[33.001,59.44698]]],[400,[21.05875,28.56773,0,[33.001,60.30555]]],[256,[22.24725,27.53823,0,[32.001,57.24613]]],[192,[23.32747,27.15932,0,[32.001,57.49677]]],[399,[23.78976,31.00114,0,[33.001,59.72274]]],[446,[21.61285,26.883,0,[33.001,61.51891]]],[119,[21.71692,27.04885,0,[32.001,54.06455]]],[377,[24.40489,31.26096,0,[33.001,58.93327]]],[134,[21.11689,26.32968,0,[32.001,55.0041]]],[178,[21.70017,26.22841,0,[32.001,56.25642]]],[430,[22.15904,28.48769,0,[33.001,60.6201]]],[412,[24.40195,32.14476,0,[33.001,60.03587]]],[160,[19.48059,25.59825,0,[32.001,55.12967]]],[387,[24.97481,31.18342,0,[33.001,59.10884]]],[255,[24.51627,28.92919,0,[32.001,57.98781]]],[187,[15.7179,22.44781,0,[32.001,54.95764]]],[442,[24.97005,32.23509,0,[33.001,60.19635]]],[301,[25.48935,29.38789,0,[33.001,58.6309]]],[444,[22.72026,29.76855,0,[33.001,60.54433]]],[241,[23.89446,27.63869,0,[32.001,56.71901]]],[175,[11.57844,18.82599,0,[32.001,53.35825]]],[411,[25.53843,34.01506,0,[33.001,59.73906]]],[169,[24.49239,27.73347,0,[32.001,56.91133]]],[413,[23.25161,30.74467,0,[33.001,60.19855]]],[118,[21.69867,28.50081,0,[32.001,55.15997]]],[183,[12.21392,18.92389,0,[32.001,53.73029]]],[458,[24.43871,30.86868,0,[33.001,61.14214]]],[443,[23.86633,30.85356,0,[33.001,60.82291]]],[285,[25.86065,29.55913,0,[32.001,57.95126]]],[120,[19.42064,25.67925,0,[32.001,53.95906]]],[102,[22.25817,29.39556,0,[32.001,55.03702]]],[316,[26.03229,29.92551,0,[33.001,58.86231]]],[445,[22.80421,28.20448,0,[33.001,61.62593]]],[146,[22.76772,28.87036,0,[32.001,56.85316]]],[161,[16.77125,24.01511,0,[32.001,54.26383]]],[117,[22.2526,29.73005,0,[32.001,56.14373]]],[240,[25.1699,29.89527,0,[32.001,57.56992]]],[201,[23.34472,27.10657,0,[32.001,56.38654]]],[121,[20.56622,24.86062,0,[32.001,54.8419]]],[225,[26.91254,30.68526,0,[33.001,58.32362]]],[157,[7.476546,14.58731,0,[32.001,51.72211]]],[354,[26.56953,33.35212,0,[33.001,59.19605]]],[115,[26.27851,33.24543,0,[32.001,57.23079]]],[176,[9.793931,17.44276,0,[32.001,52.87915]]],[427,[25.51569,32.62106,0,[33.001,60.83959]]],[182,[12.73474,20.24216,0,[32.001,54.12238]]],[386,[27.10321,33.71772,0,[33.001,59.40986]]],[343,[26.16907,30.51591,0,[33.001,60.01793]]],[100,[25.0868,33.36256,0,[32.001,56.46753]]],[158,[25.65019,31.08092,0,[32.001,56.89244]]],[473,[23.87917,30.89126,0,[33.001,61.94087]]],[177,[9.087461,16.37253,0,[32.001,53.19536]]],[459,[23.34442,29.83137,0,[33.001,61.29268]]],[426,[27.82914,35.35105,0,[33.001,59.53371]]],[88,[22.90664,28.90723,0,[32.001,54.6791]]],[425,[28.44036,37.2598,0,[33.001,58.50434]]],[361,[9.380769,18.13441,0,[33.001,62.25033]]],[212,[27.34177,30.59005,0,[32.001,56.98221]]],[72,[26.87753,34.19346,0,[32.001,57.58454]]],[503,[28.97293,35.35328,0,[33.001,60.01143]]],[330,[27.95397,32.9227,0,[33.001,58.05484]]],[488,[27.89265,33.95173,0,[33.001,60.63915]]],[270,[27.91094,30.16344,0,[32.001,57.33278]]],[73,[26.21743,30.29452,0,[32.001,56.13757]]],[315,[28.41723,31.80068,0,[32.001,57.77294]]],[440,[28.94717,36.1642,0,[33.001,58.91109]]],[156,[8.609253,15.86036,0,[32.001,52.60331]]],[56,[27.84277,36.23282,0,[32.001,56.23846]]],[470,[29.42629,38.77279,0,[33.001,58.25294]]],[457,[25.01088,32.15649,0,[33.001,61.28774]]],[500,[30.58953,43.22149,0,[33.001,58.06544]]],[70,[28.45045,36.23634,0,[32.001,56.65321]]],[87,[27.27347,31.81427,0,[32.001,55.89873]]],[441,[27.33379,34.31272,0,[33.001,60.38297]]],[490,[29.23363,32.14509,0,[33.001,60.97142]]],[150,[16.16859,23.28823,0,[32.001,53.30258]]],[397,[27.50077,35.75434,0,[33.001,58.66063]]],[89,[21.09237,27.31951,0,[32.001,53.91911]]],[487,[28.38033,35.20947,0,[33.001,59.59081]]],[456,[26.08271,34.18996,0,[33.001,61.11568]]],[300,[28.97619,33.17948,0,[32.001,57.15055]]],[85,[26.77048,34.1924,0,[32.001,56.49083]]],[530,[30.49007,39.32321,0,[33.001,59.14072]]],[485,[29.95673,40.54784,0,[33.001,58.87431]]],[116,[23.9713,31.02215,0,[32.001,55.62911]]],[131,[22.76699,29.39088,0,[32.001,55.74435]]],[455,[29.48418,37.49561,0,[32.001,57.75518]]],[517,[31.80759,42.97248,0,[33.001,58.96773]]],[103,[23.37712,28.59891,0,[32.001,55.28292]]],[398,[26.70063,33.499,0,[33.001,60.41647]]],[529,[31.29356,43.28314,0,[33.001,58.51711]]],[518,[29.7167,35.79332,0,[33.001,60.3445]]],[166,[11.05474,17.89092,0,[32.001,52.95638]]],[86,[25.66094,31.80428,0,[32.001,55.77602]]],[58,[28.88922,33.24293,0,[32.001,56.00512]]],[492,[28.06561,29.06026,0,[33.001,61.70156]]],[92,[24.54059,25.6034,0,[32.001,54.78413]]],[486,[29.46832,37.71604,0,[33.001,59.37635]]],[164,[13.27987,20.3543,0,[32.001,53.71341]]],[466,[24.63687,23.40905,0,[33.001,63.31221]]],[491,[28.75356,30.3582,0,[33.001,61.61239]]],[77,[26.18413,26.59376,0,[32.001,55.03603]]],[532,[33.13466,37.57262,0,[33.001,59.02736]]],[93,[25.05932,25.15222,0,[32.001,54.21998]]],[74,[28.17923,30.27096,0,[32.001,55.38471]]],[136,[18.82956,23.51143,0,[32.001,53.76533]]],[505,[31.01966,34.93958,0,[33.001,59.46462]]],[59,[26.74469,30.13555,0,[32.001,55.37574]]],[474,[25.64155,30.75899,0,[33.001,61.93261]]],[168,[8.079477,15.57659,0,[32.001,52.18795]]],[90,[25.10314,28.09332,0,[32.001,55.33934]]],[520,[30.83001,33.59703,0,[33.001,60.53006]]],[531,[31.25984,35.34278,0,[33.001,61.2518]]],[40,[29.44748,38.54105,0,[32.001,56.51593]]],[138,[16.75797,21.38586,0,[32.001,53.15112]]],[447,[18.95249,25.9484,0,[33.001,61.54229]]],[62,[26.83959,27.34812,0,[32.001,54.29228]]],[519,[31.48635,35.66255,0,[33.001,60.08148]]],[75,[28.69267,29.47174,0,[32.001,54.98587]]],[522,[32.41269,31.45769,0,[33.001,60.93747]]],[63,[27.35637,26.70698,0,[32.001,53.82669]]],[153,[12.8308,19.85516,0,[32.001,52.94759]]],[548,[32.49442,43.30153,0,[33.001,58.88943]]],[504,[28.48577,32.90227,0,[33.001,60.66649]]],[76,[27.47569,28.19676,0,[32.001,54.89617]]],[523,[32.65527,30.47881,0,[33.001,61.95528]]],[43,[29.33037,33.25339,0,[32.001,55.31486]]],[71,[23.43292,31.23003,0,[32.001,54.13966]]],[135,[17.33636,24.48871,0,[32.001,53.96396]]],[507,[30.07324,31.29777,0,[33.001,61.18402]]],[471,[31.15852,38.94251,0,[32.001,57.58345]]],[79,[24.52511,24.59306,0,[32.001,53.70014]]],[41,[29.92794,37.61076,0,[32.001,55.86579]]],[167,[9.295419,16.43913,0,[32.001,52.1907]]],[540,[32.14774,39.90671,0,[33.001,59.89727]]],[506,[30.30232,33.19231,0,[33.001,60.16994]]],[151,[15.04191,22.16206,0,[32.001,53.19685]]],[61,[27.97485,28.6874,0,[32.001,54.35977]]],[94,[23.96856,23.93733,0,[32.001,53.40321]]],[60,[30.45567,31.49883,0,[32.001,55.32812]]],[106,[20.5076,24.31955,0,[32.001,53.7609]]],[542,[32.74632,37.62354,0,[33.001,59.90572]]],[44,[31.16998,33.64231,0,[32.001,56.03069]]],[105,[22.29497,26.17507,0,[32.001,53.94158]]],[122,[19.98914,23.66466,0,[32.001,54.12789]]],[552,[34.29794,37.86413,0,[33.001,60.80128]]],[493,[29.59843,28.79116,0,[33.001,61.78846]]],[516,[31.68518,41.81897,0,[32.001,57.94975]]],[145,[29.99302,33.55241,0,[32.001,56.96277]]],[508,[30.58634,30.07902,0,[33.001,61.59765]]],[130,[24.59623,30.98825,0,[32.001,55.86106]]],[47,[28.58115,28.37561,0,[32.001,53.91596]]],[533,[33.0318,34.17605,0,[33.001,60.87806]]],[33,[29.66845,28.82228,0,[32.001,53.7284]]],[478,[25.12484,27.03914,0,[33.001,62.35239]]],[550,[33.79611,44.09117,0,[33.001,58.61738]]],[152,[13.96398,20.97943,0,[32.001,53.17432]]],[57,[30.64589,37.01344,0,[32.001,56.37924]]],[374,[13.67198,22.25564,0,[33.001,61.77895]]],[410,[30.5761,36.23559,0,[32.001,57.46921]]],[551,[33.48184,42.74887,0,[33.001,59.89841]]],[101,[23.97276,30.39763,0,[32.001,54.52097]]],[545,[35.0545,36.97736,0,[33.001,60.55162]]],[553,[34.77163,40.55671,0,[33.001,59.4595]]],[417,[17.41432,25.01779,0,[33.001,61.25249]]],[42,[29.81664,35.01884,0,[32.001,54.78344]]],[45,[29.16003,31.33106,0,[32.001,54.17557]]],[534,[34.05986,34.64716,0,[33.001,59.69626]]],[528,[32.51432,46.4788,0,[32.001,57.95266]]],[543,[33.6046,36.92276,0,[33.001,61.00163]]],[384,[11.43104,19.64919,0,[33.001,62.1331]]],[32,[31.60527,32.31047,0,[32.001,55.08553]]],[546,[35.83014,37.01612,0,[33.001,59.85271]]],[554,[34.29695,46.0035,0,[32.001,57.62396]]],[155,[10.34833,17.00945,0,[32.001,52.25303]]],[521,[31.84797,32.69506,0,[33.001,61.10138]]],[109,[19.98158,22.02421,0,[32.001,52.93126]]],[30,[30.99573,33.16146,0,[32.001,54.97861]]],[514,[35.63908,33.28604,0,[33.001,61.13891]]],[78,[25.66284,25.74298,0,[32.001,53.52343]]],[536,[35.58078,30.57591,0,[33.001,62.42656]]],[525,[33.21372,28.55416,0,[33.001,62.06051]]],[31,[32.10328,32.42583,0,[32.001,54.22672]]],[64,[26.25244,25.63066,0,[32.001,53.95055]]],[526,[34.39439,29.68855,0,[33.001,62.9805]]],[541,[33.4997,42.73038,0,[32.001,57.55104]]],[104,[22.82317,26.97516,0,[32.001,53.5922]]],[80,[23.33912,23.16409,0,[32.001,53.03887]]],[535,[33.94182,32.57949,0,[33.001,61.95976]]],[392,[15.30325,22.51991,0,[33.001,61.70595]]],[28,[32.53862,39.23611,0,[32.001,56.40683]]],[25,[29.3898,26.87885,0,[32.001,52.79396]]],[141,[13.44312,17.90732,0,[32.001,52.62947]]],[539,[33.84947,47.2089,0,[32.001,56.63807]]],[461,[23.2907,27.37105,0,[33.001,62.40364]]],[482,[29.13908,24.65301,0,[33.001,62.38576]]],[46,[30.32314,31.05589,0,[32.001,54.23313]]],[124,[17.76421,21.32765,0,[32.001,53.1773]]],[22,[32.69922,31.69942,0,[32.001,54.16898]]],[475,[27.44947,30.4178,0,[33.001,61.44525]]],[477,[22.21094,27.56191,0,[33.001,61.70448]]],[29,[31.91062,35.5527,0,[32.001,56.01583]]],[96,[21.09474,21.56618,0,[32.001,52.83297]]],[498,[33.58094,24.28877,0,[33.001,63.00906]]],[174,[13.79886,20.13607,0,[32.001,54.228]]],[48,[28.08371,27.28661,0,[32.001,53.2768]]],[418,[16.91033,23.35799,0,[33.001,62.07965]]],[21,[30.8584,30.49936,0,[32.001,53.90932]]],[144,[8.816972,14.09483,0,[32.001,51.60864]]],[385,[9.95424,18.51892,0,[33.001,62.24069]]],[434,[17.43682,23.31363,0,[33.001,62.61726]]],[108,[21.68299,23.55076,0,[32.001,52.97097]]],[405,[15.97267,22.21865,0,[33.001,62.23322]]],[501,[32.11651,44.94258,0,[32.001,57.18367]]],[462,[19.51382,26.0921,0,[33.001,62.38914]]],[509,[31.00866,28.46312,0,[33.001,62.3154]]],[165,[11.67618,18.9744,0,[32.001,52.17228]]],[27,[32.33294,39.33534,0,[32.001,55.26179]]],[125,[16.28837,19.91441,0,[32.001,52.15424]]],[382,[14.73336,22.3149,0,[33.001,61.47851]]],[484,[32.75941,22.0817,0,[33.001,63.07672]]],[373,[14.18557,23.61536,0,[33.001,61.06702]]],[35,[31.42875,29.75103,0,[32.001,54.02818]]],[448,[18.41802,24.65234,0,[33.001,62.23959]]],[463,[21.07163,25.67613,0,[33.001,62.49166]]],[55,[31.54756,38.72876,0,[32.001,56.83292]]],[81,[23.86888,22.76133,0,[32.001,52.30252]]],[479,[27.04659,26.63916,0,[33.001,62.54494]]],[489,[26.89708,32.24017,0,[33.001,61.4542]]],[51,[26.22228,24.46182,0,[32.001,52.84543]]],[10,[33.30313,33.71646,0,[32.001,54.13572]]],[510,[30.44183,27.08416,0,[33.001,63.17289]]],[538,[35.66613,42.78484,0,[33.001,58.62101]]],[406,[14.81278,21.26561,0,[33.001,62.5821]]],[24,[30.14662,27.95359,0,[32.001,53.13547]]],[140,[14.51326,19.0248,0,[32.001,52.73193]]],[139,[15.62691,20.05929,0,[32.001,52.81115]]],[481,[27.63571,24.84757,0,[33.001,62.46392]]],[515,[32.96092,46.71476,0,[32.001,57.25047]]],[465,[22.53704,24.12835,0,[33.001,62.57309]]],[143,[9.806221,15.28307,0,[32.001,51.76418]]],[511,[31.69029,28.32943,0,[33.001,62.17871]]],[107,[22.23438,24.11058,0,[32.001,52.83995]]],[19,[34.15237,34.89579,0,[32.001,55.5696]]],[11,[33.64602,32.87458,0,[32.001,55.09673]]],[453,[22.04299,20.02871,0,[33.001,63.44505]]],[91,[25.61761,27.16782,0,[32.001,54.63137]]],[112,[17.26768,18.72529,0,[32.001,52.72878]]],[154,[12.29292,18.43179,0,[32.001,52.67178]]],[476,[26.41833,29.38506,0,[33.001,62.01079]]],[495,[30.08524,26.77388,0,[33.001,62.32553]]],[3,[32.50435,32.91463,0,[32.001,53.09874]]],[142,[10.90734,16.51714,0,[32.001,51.88344]]],[128,[13.03974,16.37251,0,[32.001,51.85299]]],[502,[33.31727,44.21719,0,[32.001,56.17987]]],[65,[25.04535,24.25382,0,[32.001,53.10241]]],[435,[15.48507,21.80317,0,[33.001,62.71632]]],[126,[15.15632,18.65207,0,[32.001,52.12287]]],[111,[17.66559,19.78534,0,[32.001,51.86916]]],[544,[34.44638,37.94091,0,[33.001,58.52176]]],[127,[14.00793,17.57522,0,[32.001,51.96369]]],[547,[36.49218,38.87708,0,[33.001,58.33867]]],[460,[23.97956,28.34349,0,[33.001,63.03752]]],[83,[20.5426,20.31627,0,[32.001,52.68133]]],[113,[15.67414,17.42208,0,[32.001,51.71297]]],[494,[28.44012,27.18172,0,[33.001,62.56098]]],[450,[18.9896,23.0321,0,[33.001,62.63987]]],[110,[19.35014,21.12316,0,[32.001,52.84908]]],[54,[24.31017,21.87599,0,[32.001,51.59629]]],[499,[34.73833,26.66471,0,[33.001,61.81512]]],[129,[12.30051,15.29944,0,[32.001,51.59341]]],[483,[28.00505,22.82865,0,[33.001,63.26781]]],[49,[26.77258,26.11814,0,[32.001,53.17083]]],[419,[16.37771,21.9706,0,[33.001,63.0059]]],[480,[25.92299,25.44238,0,[33.001,62.90302]]],[84,[18.83032,19.0066,0,[32.001,51.61789]]],[524,[32.15857,29.40655,0,[33.001,62.78549]]],[97,[19.63175,19.8728,0,[32.001,51.89055]]],[123,[18.18679,22.15746,0,[32.001,52.27549]]],[496,[29.68205,25.84916,0,[33.001,63.09418]]],[469,[27.32449,20.85721,0,[33.001,63.51535]]],[99,[16.93136,17.7038,0,[32.001,51.84931]]],[512,[31.27646,25.91766,0,[33.001,63.27425]]],[424,[15.13241,17.18906,0,[33.001,63.56134]]],[34,[28.83598,28.02147,0,[32.001,52.94374]]],[114,[14.65741,16.50542,0,[32.001,51.66771]]],[537,[34.99749,45.14209,0,[32.001,57.37909]]],[497,[28.92336,24.43137,0,[33.001,63.38772]]],[437,[20.40337,20.44307,0,[33.001,63.03657]]],[98,[18.7856,19.02973,0,[32.001,52.68863]]],[36,[27.33848,25.99514,0,[32.001,52.73685]]],[454,[21.2356,19.42876,0,[33.001,63.53946]]],[421,[16.92268,20.01202,0,[33.001,63.25724]]],[472,[24.46142,31.87673,0,[33.001,62.24752]]],[420,[14.33428,20.92142,0,[33.001,63.40796]]],[18,[32.91391,34.90178,0,[32.001,55.32935]]],[95,[21.73939,22.21043,0,[32.001,51.87145]]],[467,[26.53234,23.33618,0,[33.001,63.14299]]],[436,[17.92087,21.15591,0,[33.001,63.14017]]],[375,[13.16335,21.02259,0,[33.001,62.24002]]],[6,[29.8862,29.81809,0,[32.001,52.08694]]],[69,[20.34403,20.28259,0,[32.001,51.66621]]],[26,[27.47856,24.98335,0,[32.001,51.66659]]],[408,[13.04331,18.47938,0,[33.001,63.3726]]],[67,[23.27356,21.90529,0,[32.001,51.86183]]],[422,[15.87315,18.88889,0,[33.001,63.47554]]],[68,[22.79144,21.46299,0,[32.001,52.48892]]],[9,[34.03062,33.12886,0,[32.001,53.0379]]],[438,[19.25543,19.13325,0,[33.001,63.59719]]],[468,[25.34993,22.21847,0,[33.001,63.345]]],[14,[29.1595,27.33167,0,[32.001,51.79153]]],[367,[12.70264,21.13753,0,[33.001,61.4883]]],[50,[25.62457,24.75526,0,[32.001,52.39502]]],[66,[24.51568,23.30839,0,[32.001,52.61353]]],[439,[18.51002,18.30363,0,[33.001,63.38783]]],[549,[34.61212,45.68257,0,[32.001,56.37842]]],[52,[25.05825,22.96929,0,[32.001,51.9371]]],[37,[27.95657,25.69685,0,[32.001,52.2104]]],[53,[22.38699,21.70958,0,[32.001,51.7354]]],[452,[22.73779,21.4185,0,[33.001,63.56349]]],[409,[9.699557,16.76252,0,[33.001,63.38407]]],[15,[28.52456,27.04119,0,[32.001,52.02972]]],[17,[34.11712,35.65409,0,[32.001,54.22499]]],[407,[12.08557,19.49798,0,[33.001,63.24603]]],[513,[36.74272,31.70321,0,[33.00099,59.81667]]],[0,[31.29395,34.91153,0,[32.001,51.86266]]],[82,[21.07625,21.14513,0,[32.001,51.74081]]],[1,[32.67685,32.79547,0,[32.001,52.032]]],[423,[11.43624,18.36367,0,[33.001,63.23156]]],[394,[13.75137,20.27767,0,[33.001,63.09841]]],[38,[26.7989,24.38445,0,[32.001,51.99962]]],[527,[35.33943,45.46642,0,[32.001,55.9985]]],[352,[8.567994,16.88184,0,[33.001,62.3573]]],[12,[31.86168,31.57881,0,[32.001,53.16748]]],[353,[8.272645,15.53855,0,[33.001,63.43592]]],[396,[10.29036,17.64791,0,[33.001,63.10505]]],[23,[30.68286,29.2347,0,[32.001,52.85542]]],[5,[31.93122,32.33114,0,[32.001,52.05971]]],[383,[12.53536,20.66227,0,[33.001,62.56493]]],[13,[30.48693,30.53593,0,[32.001,51.82693]]],[326,[8.447251,16.72676,0,[33.001,61.27231]]],[360,[10.35453,19.49439,0,[33.001,61.49846]]],[464,[23.39531,24.93437,0,[33.001,63.48879]]],[368,[11.99276,19.99245,0,[33.001,62.15208]]],[16,[34.83534,38.35803,0,[32.001,53.65358]]],[8,[34.784,35.54373,0,[32.001,54.9967]]],[39,[26.08233,23.5372,0,[32.001,51.76931]]],[395,[10.84375,18.66158,0,[33.001,63.18971]]],[369,[10.87557,18.62327,0,[33.001,62.09589]]],[2,[34.63452,34.68369,0,[32.001,52.36691]]],[4,[31.25052,33.5142,0,[32.001,52.96252]]],[341,[7.914454,15.60044,0,[33.001,62.59099]]],[449,[19.83046,24.13939,0,[33.001,63.31079]]],[393,[14.24397,21.71494,0,[33.001,62.22329]]],[7,[33.59999,36.42312,0,[32.001,52.08472]]],[20,[33.20935,30.72859,0,[32.001,52.9871]]],[362,[9.061012,16.97865,0,[33.001,63.1101]]],[327,[7.889958,15.66173,0,[33.001,61.49751]]]
1:[299,[30.71651,61.38642,0,[81.001,59.9608]]],[284,[30.69896,61.38601,0,[81.00099,58.42743]]],[269,[31.24091,62.45704,0,[82.00099,56.87022]]],[298,[31.35347,62.60185,0,[81.00099,58.89088]]],[283,[31.35182,62.62311,0,[81.001,57.47664]]],[313,[31.11709,61.70572,0,[80.00097,60.01114]]],[282,[31.94546,63.68879,0,[81.001,58.35048]]],[268,[32.02887,63.75577,0,[82.00094,56.17181]]],[297,[32.22698,63.76426,0,[81.00098,59.76825]]],[267,[32.10167,63.98914,0,[81.18505,57.00034]]],[281,[32.68733,64.68012,0,[81.00099,58.68165]]],[252,[32.6908,64.09874,0,[81.001,57.36607]]],[328,[33.04044,63.76847,0,[81.00095,59.97619]]],[254,[33.09766,63.5294,0,[82.00092,56.2355]]],[280,[33.38921,65.88299,0,[81.00099,58.09835]]],[296,[33.63027,64.8847,0,[81.001,59.2491]]],[251,[34.04629,64.97745,0,[81.00098,57.71128]]],[266,[33.8966,66.09777,0,[82.00098,56.99186]]],[314,[33.37294,60.83366,0,[80.001,60.45075]]],[312,[34.3517,64.5161,0,[81.001,59.17282]]],[235,[34.73004,67.14534,0,[81.78363,57.00051]]],[295,[34.7358,66.32175,0,[81.001,58.05695]]],[311,[34.07117,63.97349,0,[80.00099,60.23839]]],[253,[34.19255,64.77665,0,[82.00091,55.98943]]],[265,[35.08075,66.07726,0,[81.00092,59.11958]]],[237,[35.36446,66.10376,0,[81.75585,57.00043]]],[250,[35.51426,66.22625,0,[81.001,58.13715]]],[310,[34.72351,65.11098,0,[80.001,60.24739]]],[278,[35.73534,68.06273,0,[81.001,59.28662]]],[264,[36.20429,68.40119,0,[82.00093,56.97175]]],[239,[35.49435,65.33824,0,[82.0009,55.9784]]],[249,[36.21591,67.44949,0,[81.00099,58.37277]]],[234,[36.2531,67.28909,0,[81.00098,57.12683]]],[324,[36.52839,67.48058,0,[81.00099,59.54246]]],[279,[35.52692,66.15009,0,[80.00099,60.32758]]],[236,[36.53437,67.1182,0,[82.00095,56.08186]]],[309,[36.86673,67.56326,0,[81.001,58.30791]]],[263,[36.85022,68.23435,0,[81.001,57.11661]]],[338,[37.24112,68.02042,0,[81.00095,59.32855]]],[294,[36.38701,66.31956,0,[80.00099,60.3926]]],[293,[37.54994,68.44004,0,[81.00098,58.21137]]],[221,[37.36425,68.22985,0,[82.00095,56.1727]]],[233,[37.51781,68.43242,0,[81.08447,57.00025]]],[323,[37.87114,68.53742,0,[81.00099,59.40581]]],[351,[37.04449,66.12593,0,[80.00095,60.24518]]],[308,[38.32124,68.63229,0,[81.00098,58.33989]]],[238,[38.07188,66.78802,0,[82.00091,56.12141]]],[220,[38.10575,68.09003,0,[81.00097,57.10386]]],[337,[38.58559,68.84221,0,[81.00097,59.53469]]],[349,[37.86469,67.75787,0,[80.001,60.4303]]],[292,[39.15226,69.40613,0,[81.00098,58.14386]]],[322,[39.27045,70.07687,0,[81.00097,59.30056]]],[209,[38.76397,68.1389,0,[82.00097,56.07833]]],[350,[38.76546,67.43241,0,[80.001,60.32064]]],[248,[38.87493,68.79444,0,[81.00099,57.12069]]],[262,[39.76405,69.42618,0,[81.001,57.90932]]],[307,[39.86906,69.69645,0,[81.001,59.11189]]],[277,[40.11361,70.56367,0,[82.00091,56.92845]]],[276,[40.42897,70.75488,0,[81.00098,58.43208]]],[376,[39.46682,67.45441,0,[80.00099,60.25541]]],[336,[40.5255,70.52733,0,[81.00095,59.66426]]],[218,[40.45051,70.06629,0,[81.00098,57.31674]]],[219,[39.56407,70.00187,0,[82.00098,56.12707]]],[321,[41.03041,71.05064,0,[81.00093,58.59689]]],[206,[41.16832,70.05054,0,[81.00097,57.52968]]],[224,[41.10936,67.07568,0,[82.00094,56.40866]]],[348,[41.00723,70.67585,0,[80.74685,60.00035]]],[335,[41.61448,71.73273,0,[81.00099,58.5445]]],[366,[41.75259,72.02047,0,[81.00099,59.67372]]],[261,[41.8306,70.64131,0,[81.00099,57.49025]]],[232,[41.8993,71.05694,0,[82.00096,56.83031]]],[329,[41.35229,62.40657,0,[80.00098,60.71766]]],[247,[42.38313,69.98927,0,[81.00098,58.10689]]],[291,[42.30471,70.65536,0,[81.00098,59.17703]]],[306,[42.97042,71.00059,0,[81.001,59.33335]]],[205,[42.54148,71.52602,0,[81.31448,57.00024]]],[208,[41.6757,69.60629,0,[82.00096,55.71294]]],[340,[42.49224,65.22539,0,[80.001,60.58825]]],[275,[43.01135,71.76361,0,[81.001,58.14657]]],[357,[43.54487,72.08955,0,[81.00099,59.54847]]],[290,[43.58247,71.77959,0,[81.00099,58.33096]]],[197,[42.93991,70.75214,0,[82.001,55.99263]]],[246,[43.7625,71.3165,0,[81.00098,57.29159]]],[334,[44.11583,72.60938,0,[81.00096,59.00771]]],[359,[43.34359,69.1889,0,[80.00098,60.49403]]],[231,[43.76493,71.93425,0,[82.00098,56.76117]]],[217,[44.32707,71.37181,0,[81.00096,57.9071]]],[305,[44.7495,72.37435,0,[81.00095,59.01166]]],[347,[44.03955,71.79572,0,[80.2839,60.00031]]],[320,[41.91468,70.80022,0,[80.001,60.16509]]],[207,[44.475,71.09682,0,[82.0009,55.96818]]],[260,[44.9418,72.19778,0,[81.00095,57.63662]]],[199,[44.93022,68.14505,0,[81.89584,57.00035]]],[381,[45.37331,72.97239,0,[81.0009,58.91796]]],[358,[44.57702,71.24065,0,[80.00096,60.0233]]],[198,[45.825,69.57497,0,[81.84829,57.00045]]],[245,[45.7241,72.3327,0,[81.00094,57.78838]]],[274,[46.12181,73.28696,0,[81.00092,58.90905]]],[365,[45.71795,72.87773,0,[80.64284,60.00052]]],[181,[46.18076,71.52965,0,[81.00097,57.15372]]],[222,[45.36947,68.94475,0,[82.00092,55.9219]]],[259,[46.68376,73.12596,0,[81.001,58.44785]]],[391,[46.67636,73.37433,0,[81.00099,59.68309]]],[230,[46.9725,72.13777,0,[81.001,57.36459]]],[346,[47.2854,73.35088,0,[81.00098,58.58628]]],[325,[46.19859,66.13682,0,[80.00098,60.6134]]],[196,[46.39772,73.17044,0,[82.00092,56.14106]]],[389,[47.3203,76.03225,0,[81.00098,59.73796]]],[204,[47.56187,72.79428,0,[81.001,57.56794]]],[289,[47.84382,73.25816,0,[81.001,59.30673]]],[190,[47.32079,70.55194,0,[82.00097,56.47734]]],[216,[48.04575,72.46678,0,[81.00096,58.17056]]],[342,[47.08315,64.50735,0,[80.00098,60.62809]]],[195,[48.39573,72.99097,0,[82.00076,56.96274]]],[273,[48.42932,74.22076,0,[81.00095,59.2552]]],[194,[48.66975,72.84343,0,[81.00098,57.96124]]],[188,[47.72749,73.4072,0,[82.00095,55.82878]]],[390,[47.71564,73.19142,0,[80.001,60.18033]]],[319,[49.02467,73.69934,0,[81.00096,59.51734]]],[229,[49.23445,73.38802,0,[81.00096,58.5504]]],[173,[48.99272,72.09311,0,[81.68646,57.00009]]],[416,[48.32942,74.07303,0,[80.00098,60.54489]]],[345,[49.66103,74.24126,0,[81.00096,59.58928]]],[203,[49.47013,73.5755,0,[81.00098,57.61372]]],[288,[49.92356,74.5652,0,[81.00098,58.45498]]],[163,[48.75983,73.77991,0,[82.00088,55.88606]]],[162,[49.96679,74.25375,0,[82.00098,56.75824]]],[304,[50.29811,73.94064,0,[81.00096,59.4705]]],[380,[49.06184,73.17327,0,[80.00095,60.41113]]],[244,[50.50756,73.66557,0,[81.00098,58.15716]]],[215,[50.15829,73.9843,0,[81.00098,57.14425]]],[356,[50.91924,73.68287,0,[81.001,59.46079]]],[404,[49.74377,71.92216,0,[80.001,60.43291]]],[333,[51.1119,74.41541,0,[81.001,58.39439]]],[191,[49.57393,69.6782,0,[82.00098,55.73994]]],[403,[50.54103,73.67885,0,[80.001,60.56159]]],[193,[50.92032,74.32216,0,[81.00095,57.27673]]],[402,[51.56992,75.79175,0,[81.00098,59.45521]]],[258,[51.69356,74.74743,0,[81.00097,58.3127]]],[432,[51.28878,74.75318,0,[80.00098,60.36916]]],[318,[52.36998,75.30254,0,[81.00091,58.40627]]],[364,[52.3023,75.07475,0,[81.00095,59.51053]]],[228,[51.84546,74.70712,0,[81.00095,57.30807]]],[189,[51.33607,71.62151,0,[82.00099,56.21654]]],[214,[52.53768,75.48232,0,[81.0009,57.41414]]],[243,[53.07397,74.94916,0,[81.00094,58.71257]]],[303,[53.07729,74.97935,0,[81.00095,59.82784]]],[186,[52.39646,75.65883,0,[82.00085,56.68016]]],[433,[52.10252,73.95131,0,[80.00095,60.31254]]],[202,[53.22395,75.8628,0,[81.0009,57.57553]]],[180,[53.28376,75.00088,0,[82.00089,56.77869]]],[332,[53.80966,75.23263,0,[81.00092,58.69735]]],[344,[53.91369,76.21088,0,[81.00093,59.90955]]],[355,[53.06525,74.41897,0,[80.00093,60.37782]]],[172,[53.93379,75.08726,0,[81.82358,57.00047]]],[179,[54.15817,75.47078,0,[81.00098,57.49847]]],[223,[52.62564,68.53979,0,[82.00096,55.7723]]],[272,[54.51046,75.49905,0,[81.00096,58.58201]]],[171,[54.86069,75.25246,0,[81.00094,57.38667]]],[363,[54.47717,77.10387,0,[81.00095,59.72144]]],[200,[54.16057,70.75126,0,[82.00081,55.78199]]],[317,[55.26771,76.07707,0,[81.00097,59.62296]]],[226,[55.22206,77.11108,0,[81.00098,58.46164]]],[227,[55.16692,77.06967,0,[82.00098,56.42439]]],[372,[54.49015,73.54594,0,[80.00092,60.2506]]],[147,[55.69607,77.33749,0,[81.00098,57.70725]]],[371,[55.83675,75.94006,0,[81.001,59.5476]]],[170,[56.08749,75.31413,0,[81.00098,58.59218]]],[370,[56.42886,76.63747,0,[81.00096,59.66221]]],[242,[56.37566,76.37585,0,[81.00094,57.65806]]],[137,[55.84585,75.24351,0,[82.00096,56.8793]]],[339,[55.40199,68.2823,0,[80.001,60.65164]]],[331,[56.83154,77.19514,0,[81.00093,58.75198]]],[149,[56.54179,77.38988,0,[82.00093,56.94157]]],[148,[57.2169,77.97739,0,[81.93632,57.00043]]],[379,[57.16736,76.03854,0,[81.00095,59.91779]]],[287,[57.37318,75.77216,0,[81.00097,58.46251]]],[415,[56.19811,75.44608,0,[80.00095,60.46866]]],[414,[57.71926,78.64253,0,[81.00096,59.52869]]],[185,[55.75907,77.27013,0,[82.00095,55.74421]]],[213,[57.2697,76.62415,0,[81.00097,57.35374]]],[133,[57.96721,77.33386,0,[81.00099,57.57981]]],[401,[57.13044,76.11926,0,[80.00096,60.51855]]],[429,[58.33038,79.40269,0,[81.00092,59.72064]]],[428,[58.40376,80.67562,0,[81.00091,58.68825]]],[184,[58.59905,70.7705,0,[81.00095,57.56584]]],[210,[58.24625,70.91831,0,[82.00086,56.75817]]],[257,[59.05894,75.90314,0,[81.00097,58.55799]]],[378,[59.09608,77.92868,0,[81.00095,59.67511]]],[431,[58.05387,75.87307,0,[80.00092,60.49678]]],[132,[59.17131,79.3648,0,[82.00095,56.78994]]],[159,[59.26213,77.04924,0,[81.00097,57.06268]]],[286,[59.64099,76.8752,0,[81.00096,58.15934]]],[302,[59.71516,76.35493,0,[81.00096,59.43752]]],[451,[58.82913,71.7648,0,[80.001,60.58501]]],[271,[60.44448,76.98607,0,[81.00098,58.72616]]],[211,[57.41003,69.01144,0,[82.00099,55.80811]]],[388,[60.56432,78.30448,0,[81.00097,59.83014]]],[400,[59.45556,78.0364,0,[80.00098,60.35765]]],[256,[60.39583,77.1757,0,[81.00098,57.63062]]],[192,[61.02231,76.78689,0,[81.00091,58.12703]]],[399,[61.21257,79.89474,0,[81.00091,59.32492]]],[446,[60.21336,76.54684,0,[80.00097,60.66521]]],[119,[61.09182,78.54762,0,[81.00083,57.10299]]],[377,[61.76448,79.88799,0,[81.00098,58.9255]]],[134,[60.6503,77.977,0,[82.00098,56.80062]]],[178,[61.91763,76.38698,0,[81.00096,57.93876]]],[430,[61.45503,77.67275,0,[80.001,60.55914]]],[412,[62.25341,81.21436,0,[81.00096,59.72071]]],[160,[62.04345,79.36003,0,[82.00092,56.92573]]],[387,[62.48715,80.22292,0,[81.00096,58.80214]]],[255,[62.64474,78.70039,0,[81.00096,57.77392]]],[187,[60.43255,76.04589,0,[82.001,55.78724]]],[442,[62.93631,81.38664,0,[81.00097,59.79328]]],[301,[63.14066,78.21465,0,[81.00096,58.73622]]],[444,[60.82105,78.30924,0,[80.001,60.18029]]],[241,[63.28146,77.85632,0,[81.00097,57.70143]]],[175,[62.34055,72.92458,0,[81.37558,57.00019]]],[411,[63.56183,82.82961,0,[81.00095,59.8031]]],[169,[63.72567,77.67074,0,[81.00097,58.67231]]],[413,[62.14502,79.01499,0,[80.00095,60.49291]]],[118,[63.11766,81.20033,0,[82.00078,56.34992]]],[183,[63.90329,72.82992,0,[81.00098,57.61208]]],[458,[64.20296,80.35754,0,[81.00097,59.5774]]],[443,[62.89139,79.61369,0,[80.00099,60.51314]]],[285,[64.45684,79.39751,0,[81.00093,58.5957]]],[120,[64.02412,79.36395,0,[82.00093,56.97233]]],[102,[64.63177,80.43426,0,[81.00092,57.53794]]],[316,[64.90867,78.78111,0,[81.00095,59.76161]]],[445,[63.71132,77.48923,0,[80.001,60.57436]]],[146,[65.16354,79.6126,0,[81.00095,58.59069]]],[161,[62.29917,78.64211,0,[82.00099,55.55407]]],[117,[64.84604,81.36897,0,[82.00096,56.81359]]],[240,[65.75461,79.84653,0,[81.00096,58.69722]]],[201,[65.63039,77.93843,0,[81.00096,57.57446]]],[121,[65.2573,77.60595,0,[81.46763,57.00043]]],[225,[65.55049,79.70811,0,[81.00094,59.90607]]],[157,[64.34232,71.38217,0,[82.001,55.66909]]],[354,[66.29959,83.11207,0,[81.00097,59.34937]]],[115,[66.43533,83.59695,0,[81.00098,58.25106]]],[176,[66.45998,73.33297,0,[81.80862,57.00052]]],[427,[64.59507,81.47715,0,[80.00095,60.59467]]],[182,[65.77972,75.68536,0,[82.00097,55.98081]]],[386,[67.0245,83.53327,0,[81.00098,58.84386]]],[343,[66.86615,80.74482,0,[81.00096,59.96028]]],[100,[66.66408,83.68007,0,[81.00098,57.10113]]],[158,[67.28244,81.48013,0,[81.00096,57.93222]]],[473,[67.53936,82.42075,0,[81.001,59.53374]]],[177,[66.87693,73.31269,0,[82.00087,56.03289]]],[459,[65.72811,79.29774,0,[80.001,60.35368]]],[426,[67.86694,84.77339,0,[81.00095,57.97054]]],[88,[67.56475,81.58298,0,[82.00098,56.36017]]],[425,[68.23967,86.33738,0,[81.00096,58.86751]]],[361,[66.80965,69.28371,0,[80.001,60.6734]]],[212,[68.4362,80.94238,0,[81.3879,57.00016]]],[72,[68.61598,84.54012,0,[81.00099,57.85499]]],[503,[68.65121,84.74075,0,[81.00096,59.85828]]],[330,[68.96593,82.30264,0,[81.00099,58.81977]]],[488,[67.47075,82.3839,0,[80.001,60.24128]]],[270,[69.16686,80.1408,0,[81.00096,57.43]]],[73,[68.0307,81.60677,0,[81.89104,57.0002]]],[315,[69.57359,82.0069,0,[81.00096,58.4533]]],[440,[69.40031,85.60398,0,[81.00093,59.87295]]],[156,[68.26039,72.35794,0,[82.00095,55.95642]]],[56,[69.85821,86.43796,0,[81.0009,57.6071]]],[470,[70.0365,87.6843,0,[81.00095,59.39534]]],[457,[68.32272,81.74646,0,[80.00096,60.69754]]],[500,[70.56448,92.23591,0,[81.00098,58.76804]]],[70,[70.50626,86.22992,0,[81.00098,57.6538]]],[87,[69.81059,83.26817,0,[82.00092,56.74735]]],[441,[69.81998,83.81212,0,[80.00098,60.18689]]],[490,[70.97073,82.07096,0,[81.00099,59.683]]],[150,[70.51446,78.75555,0,[82.00092,56.96632]]],[397,[71.39172,85.72768,0,[81.00096,58.67604]]],[89,[71.30138,82.19939,0,[82.00082,56.92846]]],[487,[71.60306,85.62566,0,[81.00095,59.8435]]],[456,[70.54559,84.14487,0,[80.00099,60.67754]]],[300,[71.21182,83.35281,0,[81.00092,57.58203]]],[85,[69.29395,85.70579,0,[82.00092,55.57059]]],[530,[72.0226,88.80482,0,[81.00096,58.58335]]],[485,[72.19737,90.50356,0,[81.00095,59.71004]]],[116,[72.14492,82.8614,0,[81.00095,57.56436]]],[131,[72.11149,82.68662,0,[82.00095,56.88256]]],[455,[72.7532,87.76048,0,[81.00098,58.54025]]],[517,[72.88044,92.0451,0,[81.00098,59.65006]]],[103,[73.03997,82.08278,0,[81.98808,57.00043]]],[398,[71.29248,83.45831,0,[80.00095,60.66243]]],[529,[73.439,92.60641,0,[81.00095,58.55624]]],[518,[73.63345,86.85681,0,[81.00095,59.69287]]],[166,[71.26993,75.53339,0,[82.00089,55.69784]]],[86,[72.98349,83.33815,0,[81.0009,57.53773]]],[58,[74.19718,84.35853,0,[81.00098,58.64247]]],[492,[72.68699,79.8569,0,[80.00099,60.46723]]],[92,[73.91997,77.58287,0,[81.001,57.63309]]],[486,[74.32999,87.76122,0,[81.00098,59.74993]]],[164,[73.76189,75.84428,0,[82.00095,56.68307]]],[466,[69.17612,73.50566,0,[80.00094,60.62004]]],[491,[73.33942,81.91843,0,[80.00096,60.52751]]],[77,[74.98083,78.58485,0,[81.00097,58.80605]]],[532,[74.98301,86.57159,0,[81.00097,59.91626]]],[93,[74.6651,77.58883,0,[81.00097,57.74136]]],[74,[74.74593,82.76456,0,[81.99045,57.0005]]],[136,[75.27011,77.89753,0,[81.00082,57.4258]]],[505,[75.54064,84.82255,0,[81.00091,59.59417]]],[59,[75.74918,82.33088,0,[81.00082,58.74561]]],[474,[72.02191,81.73141,0,[80.00095,60.47136]]],[168,[73.24381,73.16285,0,[82.00099,55.67864]]],[90,[76.01184,81.16193,0,[81.00098,57.57609]]],[520,[74.89656,83.17082,0,[80.001,60.53703]]],[531,[76.29208,86.54777,0,[81.00097,59.8016]]],[40,[76.38221,90.14659,0,[81.00098,58.59641]]],[138,[75.91779,77.20705,0,[82.00073,56.96173]]],[447,[75.67043,76.89336,0,[80.00099,60.69307]]],[62,[76.72429,79.78875,0,[81.00092,57.75241]]],[519,[76.84901,87.21494,0,[81.00098,59.55177]]],[75,[77.18916,80.92426,0,[81.00097,58.79407]]],[522,[76.86917,81.93657,0,[80.00099,60.03091]]],[63,[77.47808,80.33727,0,[81.79726,57.00048]]],[153,[76.82008,74.95548,0,[81.91903,57.00047]]],[548,[77.79411,93.64322,0,[81.00096,59.37576]]],[504,[73.99513,83.38806,0,[80.001,60.59765]]],[76,[77.40807,79.98228,0,[81.00086,57.7666]]],[523,[77.50211,80.71122,0,[80.00094,60.31045]]],[43,[78.14758,85.26809,0,[81.00091,58.38604]]],[71,[78.06257,85.4333,0,[81.00089,57.12662]]],[135,[76.49487,80.58804,0,[82.31322,56.0005]]],[507,[76.33412,82.1741,0,[80.00095,60.49787]]],[471,[78.5531,90.02844,0,[81.00091,59.59499]]],[79,[78.7551,78.73273,0,[81.001,57.43092]]],[41,[79.16483,89.6195,0,[81.00092,58.39907]]],[167,[78.19221,73.86132,0,[82.00093,56.53018]]],[540,[79.16342,90.75352,0,[81.00092,59.46879]]],[506,[78.27795,83.29285,0,[80.00091,60.38022]]],[151,[79.37462,78.55415,0,[82.00066,56.70449]]],[61,[79.83611,81.98723,0,[81.0009,58.92944]]],[94,[79.72466,78.80218,0,[81.0009,57.75158]]],[60,[79.78752,83.85012,0,[80.79987,60.00042]]],[106,[80.23512,79.8477,0,[81.82746,57.00036]]],[542,[80.44448,88.9753,0,[81.00097,59.01712]]],[44,[80.39487,86.16249,0,[81.00096,57.84424]]],[105,[77.63344,80.36077,0,[82.00091,55.51838]]],[122,[80.9724,80.04932,0,[82.00093,56.89824]]],[552,[81.08447,89.30416,0,[81.00095,59.30772]]],[493,[80.01022,81.60278,0,[80.00095,60.05316]]],[516,[81.13585,93.17695,0,[81.00098,58.19596]]],[145,[81.68131,85.93004,0,[81.00098,58.88734]]],[508,[80.97179,81.71162,0,[80.001,60.04747]]],[130,[80.39622,85.20919,0,[82.00097,55.85469]]],[47,[81.01498,81.87175,0,[81.00098,57.08763]]],[533,[78.93431,83.97083,0,[80.00098,60.28435]]],[33,[81.87283,82.10492,0,[81.00099,57.69904]]],[478,[82.22508,83.21766,0,[81.00094,59.63744]]],[550,[82.36267,94.15211,0,[81.00094,58.61057]]],[152,[82.2942,78.17915,0,[82.0009,56.8834]]],[57,[82.82638,89.10085,0,[81.00095,57.68057]]],[374,[81.75028,72.86508,0,[80.001,60.60825]]],[410,[83.0286,88.7203,0,[81.00093,58.82763]]],[551,[82.86906,93.54214,0,[81.00096,59.78772]]],[101,[81.61305,87.13705,0,[82.00093,55.87404]]],[545,[83.76762,88.43919,0,[81.00098,59.85109]]],[553,[83.62372,93.27618,0,[81.00099,58.75969]]],[417,[82.6511,76.63269,0,[80.00098,60.54705]]],[42,[83.95284,89.01025,0,[81.90582,57.00026]]],[45,[83.15717,85.55642,0,[82.00095,56.89393]]],[534,[84.34363,86.34685,0,[81.00095,58.62093]]],[528,[83.76921,98.26922,0,[81.00098,57.76786]]],[543,[84.39603,89.86259,0,[81.00097,59.71888]]],[384,[83.48156,71.23352,0,[80.00098,60.75053]]],[32,[84.49874,85.2401,0,[81.00095,57.56406]]],[546,[85.0639,90.96522,0,[81.00097,59.48942]]],[554,[85.16972,98.61784,0,[81.00096,58.23476]]],[155,[83.19835,78.49744,0,[82.00078,55.69933]]],[521,[84.13931,85.5642,0,[80.00096,60.55904]]],[109,[84.77649,78.91574,0,[82.00095,56.80271]]],[30,[85.61526,86.79874,0,[81.00089,57.59475]]],[514,[85.7134,88.84708,0,[81.00095,58.99994]]],[78,[85.35078,82.24108,0,[81.61932,57.00041]]],[536,[86.27697,84.87226,0,[81.00092,58.95622]]],[525,[84.85938,79.98297,0,[80.001,60.50684]]],[31,[86.25383,85.71239,0,[81.00095,57.71275]]],[64,[84.35644,81.71588,0,[82.00098,55.7579]]],[526,[86.10308,82.17632,0,[80.20547,60.00036]]],[541,[86.82165,95.18835,0,[81.001,58.64122]]],[104,[86.34026,84.09719,0,[82.00093,56.96791]]],[80,[87.02608,80.19312,0,[82.00089,56.97663]]],[535,[85.54728,86.33378,0,[80.51482,60.00032]]],[392,[87.28055,78.63427,0,[81.00098,59.45102]]],[28,[86.98476,91.6498,0,[81.001,57.45535]]],[25,[87.79512,82.8596,0,[82.00086,56.95475]]],[141,[86.00803,75.66079,0,[82.00081,55.79013]]],[539,[88.09217,99.40871,0,[81.00095,58.73004]]],[461,[87.85436,85.32265,0,[81.001,59.6903]]],[482,[86.7785,78.92554,0,[80.00099,60.42917]]],[46,[87.72868,85.89562,0,[81.00098,57.78097]]],[124,[87.2244,79.30589,0,[82.0009,55.82546]]],[22,[88.61552,85.47849,0,[81.00098,57.94716]]],[475,[88.68324,90.20061,0,[81.00098,59.05894]]],[477,[88.32146,85.90593,0,[80.03976,60.00017]]],[29,[89.21311,89.43607,0,[81.00095,57.86916]]],[96,[89.05209,78.94073,0,[81.75994,57.0003]]],[498,[89.25482,82.68707,0,[81.00095,59.07861]]],[174,[88.51843,79.96955,0,[82.00095,56.90506]]],[48,[89.79621,84.54411,0,[81.77385,57.00035]]],[418,[89.84116,79.42716,0,[81.00098,59.61948]]],[21,[89.83916,85.86256,0,[81.00098,58.43779]]],[144,[88.58683,73.80074,0,[82.00092,55.80709]]],[385,[87.75139,70.94809,0,[80.001,60.44455]]],[434,[90.39522,79.89753,0,[81.001,59.23963]]],[108,[89.97147,81.01491,0,[81.00095,57.38527]]],[405,[88.81061,77.85432,0,[80.001,60.58643]]],[501,[90.51752,96.97662,0,[81.001,57.97925]]],[462,[91.0621,83.48205,0,[81.00096,59.7358]]],[509,[91.05453,85.78288,0,[81.00097,58.58983]]],[165,[90.13493,80.25982,0,[82.00093,56.06613]]],[27,[91.06217,93.56532,0,[81.001,57.35565]]],[125,[91.01995,79.74447,0,[82.00099,56.91504]]],[382,[90.09558,77.77826,0,[80.00098,60.28512]]],[484,[91.60447,84.28985,0,[81.00095,59.32166]]],[373,[89.43513,78.15788,0,[80.00097,60.52859]]],[35,[91.60674,85.07675,0,[81.00097,58.05095]]],[448,[92.19781,83.43871,0,[81.00098,59.18879]]],[463,[91.67412,82.5469,0,[80.001,60.40701]]],[55,[92.41002,91.042,0,[81.00095,58.25813]]],[81,[91.93536,80.13663,0,[81.00092,57.20787]]],[479,[92.76511,87.10824,0,[81.00098,59.76999]]],[489,[93.13482,92.66126,0,[81.00098,58.96619]]],[51,[92.84612,83.39257,0,[81.96936,57.00089]]],[10,[93.19554,89.05539,0,[81.00096,57.81388]]],[510,[93.60758,86.64294,0,[81.00097,59.849]]],[538,[93.70857,95.42549,0,[81.00096,58.74497]]],[406,[91.0422,75.86761,0,[80.00095,60.33511]]],[24,[93.69095,85.50728,0,[81.83361,57.00038]]],[140,[91.12334,78.29073,0,[82.00092,55.81649]]],[139,[93.83093,79.66914,0,[81.00096,57.66601]]],[481,[94.05018,89.32489,0,[80.68149,60.00027]]],[515,[94.31792,101.0186,0,[81.00098,58.93158]]],[465,[93.22633,81.36191,0,[80.00096,60.71596]]],[143,[94.43388,80.98454,0,[82.00091,56.73829]]],[511,[94.83619,89.93675,0,[81.00098,59.69647]]],[107,[94.42883,83.61865,0,[81.00099,57.75087]]],[19,[94.92849,88.97624,0,[81.00099,58.46336]]],[11,[95.39266,86.42311,0,[81.00094,59.46696]]],[453,[94.26516,76.46661,0,[80.00095,60.66294]]],[91,[95.57932,87.04974,0,[81.00094,58.40934]]],[112,[95.13502,79.46002,0,[81.00094,57.33484]]],[154,[93.15662,79.26841,0,[82.00077,55.69434]]],[476,[94.88296,91.52288,0,[80.001,60.30156]]],[495,[96.06046,87.4988,0,[81.00097,59.50333]]],[3,[96.16642,91.558,0,[81.00096,58.16635]]],[142,[96.02847,84.20548,0,[81.86671,57.00043]]],[128,[95.12376,79.19517,0,[82.00095,56.84555]]],[502,[96.63119,97.99117,0,[81.00097,59.36437]]],[65,[96.77024,84.36188,0,[81.00099,58.13756]]],[435,[95.61943,78.75171,0,[80.00096,60.408]]],[126,[96.19422,81.11586,0,[81.00098,57.06226]]],[111,[96.84997,83.94969,0,[81.00099,57.04433]]],[544,[97.2216,94.67566,0,[81.00093,59.06501]]],[127,[94.07299,78.03755,0,[82.00077,55.5312]]],[547,[97.40962,92.98054,0,[81.00092,57.82401]]],[460,[96.45976,87.77574,0,[80.00097,60.21953]]],[83,[96.98883,81.72108,0,[82.001,56.01858]]],[113,[97.90192,80.81116,0,[81.97467,57.00042]]],[494,[97.79449,91.34101,0,[81.00099,59.21746]]],[450,[97.23537,80.64344,0,[80.00098,60.22807]]],[110,[98.08583,82.51448,0,[81.00096,58.08118]]],[54,[98.12063,85.26003,0,[81.21412,57.00028]]],[499,[98.44118,87.42584,0,[81.00094,59.26257]]],[129,[96.09179,77.45761,0,[82.00085,55.85049]]],[483,[98.99924,89.40764,0,[81.00099,58.77954]]],[49,[98.89964,86.79948,0,[81.001,57.62705]]],[419,[92.47418,76.39161,0,[80.00099,60.68021]]],[480,[98.88835,85.31876,0,[80.33098,60.00026]]],[84,[98.01441,86.07787,0,[82.00089,55.97665]]],[524,[99.60955,94.50278,0,[81.00099,58.97736]]],[97,[99.59003,81.65912,0,[81.00099,57.87964]]],[123,[99.42455,88.48576,0,[82.00092,56.7447]]],[496,[100.2899,92.87478,0,[81.00098,58.40468]]],[469,[100.0849,89.86867,0,[81.00095,59.71267]]],[99,[100.1619,82.01941,0,[82.00091,56.98203]]],[512,[97.84202,88.87328,0,[80.00097,60.09999]]],[424,[100.639,78.17688,0,[81.00098,59.43539]]],[34,[100.2297,88.00529,0,[81.00098,57.29414]]],[114,[98.76459,81.89886,0,[82.00099,56.10203]]],[537,[100.9383,102.3055,0,[81.001,58.24042]]],[497,[100.2406,89.69763,0,[80.00094,60.39448]]],[437,[101.2073,82.21292,0,[81.00095,59.36918]]],[98,[99.67439,89.1394,0,[82.00094,55.83248]]],[36,[101.089,86.53706,0,[81.00095,57.20767]]],[454,[101.7113,85.97559,0,[81.001,58.70824]]],[421,[101.8813,80.83407,0,[81.001,59.79031]]],[472,[99.50667,84.85316,0,[80.001,60.68096]]],[420,[100.8992,77.85492,0,[80.001,60.39644]]],[18,[101.7754,91.07816,0,[81.001,57.62008]]],[95,[101.1587,84.68346,0,[82.00095,56.61509]]],[467,[102.4122,91.22974,0,[81.00098,58.49532]]],[436,[102.5936,83.01026,0,[81.00098,59.62226]]],[375,[101.8261,76.78443,0,[80.001,60.4821]]],[6,[102.5233,89.93574,0,[81.001,57.33272]]],[69,[102.1981,88.6064,0,[82.00092,56.75999]]],[26,[103.0744,88.15546,0,[81.00095,57.97123]]],[408,[103.1567,93.81564,0,[81.00095,59.19583]]],[67,[103.375,90.94242,0,[81.27341,57.00044]]],[422,[102.5125,90.86404,0,[80.00098,60.31752]]],[68,[100.5891,86.67321,0,[82.00099,55.74384]]],[9,[103.7575,90.18592,0,[81.00098,58.22169]]],[438,[103.7479,89.74979,0,[81.00098,59.34917]]],[468,[104.3314,91.05447,0,[81.00098,59.279]]],[14,[104.087,88.64561,0,[81.30901,57.00029]]],[367,[103.1636,76.90383,0,[80.00096,60.27136]]],[50,[103.5292,88.32773,0,[82.00099,56.29895]]],[66,[104.3664,84.8116,0,[81.00098,58.03721]]],[439,[103.8269,82.21102,0,[80.001,60.32317]]],[549,[104.9175,100.7651,0,[81.001,58.64455]]],[52,[105.1391,90.46677,0,[82.00097,56.94957]]],[37,[105.0755,86.77578,0,[81.00095,57.58699]]],[53,[104.3783,85.82851,0,[82.00091,55.99223]]],[452,[105.5306,87.32513,0,[81.001,58.98536]]],[409,[104.9059,99.22973,0,[81.001,59.7694]]],[15,[105.7946,90.86573,0,[81.90588,57.00053]]],[17,[105.7401,94.49379,0,[81.00099,57.91299]]],[407,[105.932,87.12673,0,[81.00099,59.88964]]],[513,[106.2667,89.00433,0,[81.00095,58.72813]]],[0,[106.5403,98.12039,0,[81.96485,57.00034]]],[82,[105.138,92.01713,0,[82.00085,55.83691]]],[1,[106.4541,93.6292,0,[81.00096,57.67728]]],[423,[106.8572,85.30804,0,[81.00098,59.34504]]],[394,[105.9807,80.81037,0,[80.001,60.12219]]],[38,[106.39,89.50741,0,[82.00087,55.94124]]],[527,[107.1272,103.3145,0,[81.00096,58.16719]]],[352,[104.8841,70.93678,0,[80.001,60.33459]]],[12,[107.1886,93.1916,0,[81.11911,57.00032]]],[353,[107.5778,94.31666,0,[81.00094,59.20187]]],[396,[108.133,87.41201,0,[81.00098,58.96674]]],[23,[108.1417,89.94723,0,[81.00098,57.85612]]],[5,[107.4283,93.28629,0,[82.00095,56.16862]]],[383,[106.8183,80.84593,0,[80.00098,60.02613]]],[13,[108.1354,94.05554,0,[81.6796,57.00018]]],[326,[108.6586,78.00374,0,[81.00099,59.651]]],[360,[107.6178,73.11378,0,[80.00098,60.4328]]],[464,[108.7843,91.3588,0,[81.001,58.42519]]],[368,[109.374,82.15311,0,[81.00095,59.10632]]],[16,[108.8398,97.47847,0,[81.00099,57.30049]]],[8,[109.479,94.84756,0,[81.00094,57.91009]]],[39,[108.3541,91.04201,0,[82.00092,56.02773]]],[395,[108.6001,79.97119,0,[80.001,60.33145]]],[369,[109.9786,76.86796,0,[81.001,59.38684]]],[2,[110.0152,96.75946,0,[81.76235,57.00027]]],[4,[109.3018,99.41766,0,[82.00097,56.38314]]],[341,[110.1225,79.94928,0,[81.00098,57.79063]]],[449,[110.1026,84.27837,0,[80.00099,60.00435]]],[393,[110.6461,84.66187,0,[81.001,58.63999]]],[7,[110.4538,102.069,0,[82.00089,56.25087]]],[20,[110.8758,92.40192,0,[81.28916,57.00044]]],[362,[111.3337,75.02391,0,[81.00099,58.55363]]],[327,[111.7898,77.03906,0,[81.00099,59.65797]]]

Travel Distances:
[299,91.93446],[284,91.96673],[269,91.80123],[298,93.87349],[283,93.88335],[313,93.37025],[282,93.74031],[268,93.38423],[297,93.23073],[267,93.54865],[281,95.25488],[252,94.53938],[328,93.56851],[254,92.89755],[280,96.95716],[296,95.57101],[251,94.82962],[266,95.56356],[314,91.85121],[312,95.74632],[235,97.31094],[295,96.56966],[311,95.43195],[253,94.74361],[265,95.82201],[237,97.03575],[250,97.06417],[310,97.07965],[278,98.40641],[264,97.76768],[239,95.27018],[249,96.9405],[234,98.43573],[324,98.31174],[279,98.42319],[236,97.3248],[309,97.71719],[263,98.10819],[338,99.38068],[294,99.07191],[293,99.22959],[221,98.77013],[233,98.90524],[323,98.49689],[351,97.29021],[308,99.83065],[238,97.89841],[220,99.04597],[337,99.40926],[349,99.08666],[292,98.91832],[322,99.46239],[209,99.71529],[350,99.5056],[248,99.78121],[262,99.70888],[307,99.82871],[277,99.71371],[276,101.7489],[376,100.0098],[336,101.2774],[218,100.8936],[219,100.5774],[321,100.8906],[206,99.62051],[224,98.22482],[348,102.3134],[335,102.2238],[366,102.3465],[261,100.6916],[232,100.7385],[329,94.87447],[247,101.0724],[291,101.6675],[306,100.8779],[205,101.9186],[208,100.3755],[340,97.75259],[275,103.0044],[357,102.9178],[290,102.4551],[197,101.8485],[246,101.3285],[334,102.1992],[359,99.97788],[231,103.3518],[217,102.13],[305,102.6784],[347,102.4373],[320,102.2873],[207,101.3876],[260,103.794],[199,98.99428],[381,103.8962],[358,103.1429],[198,99.39404],[245,102.5234],[274,102.8883],[365,104.597],[181,102.803],[222,100.1376],[259,103.6564],[391,103.598],[230,104.0201],[346,104.5345],[325,98.81779],[196,104.7588],[389,106.9952],[204,103.3818],[289,103.2817],[190,100.6107],[216,102.1442],[342,95.31895],[195,103.5656],[273,104.9406],[194,103.3043],[188,103.9969],[390,104.6368],[319,103.265],[229,104.5195],[173,103.4576],[416,106.0501],[345,104.5127],[203,104.0867],[288,104.3771],[163,104.545],[162,105.1776],[304,105.0013],[380,105.751],[244,104.3927],[215,104.9919],[356,103.3948],[404,102.9846],[333,105.8911],[191,101.5708],[403,105.316],[193,105.4525],[402,106.1873],[258,105.0148],[432,107.1588],[318,106.3055],[364,106.0482],[228,106.4105],[189,103.0569],[214,105.9594],[243,104.4812],[303,104.4746],[186,107.7071],[433,106.5618],[202,106.8377],[180,105.5876],[332,105.396],[344,106.2156],[355,105.3712],[172,105.8997],[179,106.5639],[223,100.0636],[272,106.2162],[171,105.3323],[363,107.5113],[200,102.9363],[317,107.4548],[226,108.2416],[227,107.4342],[372,105.4357],[147,107.6267],[371,105.9842],[170,104.9742],[370,107.4124],[242,107.2443],[137,106.4668],[339,100.3496],[331,107.291],[149,107.1522],[148,108.9005],[379,107.3952],[287,106.6827],[415,107.941],[414,108.7101],[185,107.7445],[213,107.0396],[133,108.9221],[401,108.885],[429,110.4383],[428,111.3928],[184,101.3012],[210,101.3088],[257,105.4754],[378,107.4019],[431,106.8327],[132,110.1638],[159,107.7712],[286,107.1068],[302,106.4705],[451,103.2028],[271,107.9077],[211,100.5242],[388,108.9979],[400,110.0164],[256,107.8175],[192,106.5614],[399,111.2177],[446,108.9249],[119,109.8552],[377,110.2574],[134,108.4975],[178,106.2403],[430,110.3023],[412,112.2512],[160,110.4273],[387,110.7893],[255,109.1228],[187,107.0499],[442,111.2729],[301,107.7728],[444,110.0057],[241,108.9596],[175,104.48],[411,113.4323],[169,108.0275],[413,111.0115],[118,111.2007],[183,104.4257],[458,111.6025],[443,112.0345],[285,109.9575],[120,109.8183],[102,110.8618],[316,108.4476],[445,108.2986],[146,110.9123],[161,110.9752],[117,112.0749],[240,110.1798],[201,107.9547],[121,107.5094],[225,109.8734],[157,104.0212],[354,114.1416],[115,114.3404],[176,103.593],[427,113.1378],[182,106.3372],[386,113.3544],[343,112.0288],[100,115.417],[158,112.3252],[473,112.902],[177,104.5885],[459,110.4373],[426,114.6598],[88,113.3639],[425,117.6655],[361,101.9153],[212,111.3114],[72,114.6174],[503,114.4792],[330,111.701],[488,115.3072],[270,111.3514],[73,113.0044],[315,112.3823],[440,116.1066],[156,102.6306],[56,116.4177],[470,119.0088],[457,114.7516],[500,122.9807],[70,116.6831],[87,114.1034],[441,115.0719],[490,111.919],[150,108.1077],[397,116.8097],[89,112.8237],[487,116.1183],[456,115.8788],[300,113.5937],[85,116.2138],[530,118.4068],[485,121.8336],[116,113.9026],[131,112.9941],[455,117.8568],[517,121.9069],[103,111.2222],[398,116.2352],[529,123.4111],[518,117.418],[166,106.6214],[86,113.9408],[58,113.8019],[492,112.54],[92,108.8662],[486,118.444],[164,106.9347],[466,105.9547],[491,113.0754],[77,108.3849],[532,116.0803],[93,107.5377],[74,114.413],[136,108.8919],[505,115.3429],[59,112.4661],[474,114.6121],[168,103.5538],[90,112.6953],[520,115.7837],[531,117.6873],[40,120.9679],[138,107.6795],[447,108.312],[62,110.0436],[519,116.9056],[75,112.3408],[522,113.5013],[63,110.6276],[153,105.9077],[548,123.7906],[504,115.8306],[76,110.1002],[523,113.1701],[43,116.1758],[71,116.7252],[135,111.7671],[507,114.3372],[471,120.2136],[79,108.7384],[41,121.0186],[167,105.3867],[540,121.6467],[506,115.4204],[151,108.7506],[61,112.1335],[94,109.1905],[60,115.622],[106,110.7359],[542,119.9468],[44,117.1249],[105,111.396],[122,109.4751],[552,119.0173],[493,112.5255],[516,124.4661],[145,116.2499],[508,113.0622],[130,116.1148],[47,112.4974],[533,115.0863],[33,113.6926],[478,114.2586],[550,125.0114],[152,108.6793],[57,119.0718],[374,104.1595],[410,118.374],[551,123.2887],[101,118.6339],[545,118.6547],[553,123.576],[417,108.2247],[42,118.7514],[45,116.6748],[534,117.2656],[528,129.4854],[543,120.7965],[384,103.2181],[32,115.1661],[546,120.5991],[554,129.9196],[155,110.4864],[521,118.0277],[109,109.3056],[30,117.1629],[514,119.2043],[78,111.9142],[536,114.2012],[525,112.6105],[31,116.8328],[64,113.0656],[526,113.4327],[541,125.3516],[104,114.0544],[80,109.3018],[535,118.6166],[392,109.7349],[28,122.9222],[25,112.857],[141,106.5356],[539,129.0967],[461,114.9786],[482,111.7286],[46,117.2671],[124,110.7583],[22,115.9638],[475,120.6444],[477,116.8681],[29,120.7512],[96,110.1415],[498,113.9428],[174,111.4144],[48,114.6387],[418,109.4007],[21,115.7463],[144,104.0051],[385,101.9199],[434,110.6162],[108,112.6378],[405,109.5632],[501,127.2644],[462,113.2162],[509,115.4067],[165,112.6323],[27,124.5371],[125,110.4027],[382,109.5237],[484,114.7203],[373,110.3756],[35,116.743],[448,114.4951],[463,114.6965],[55,121.6615],[81,111.7706],[479,117.0455],[489,122.2877],[51,112.6827],[10,120.3659],[510,117.0348],[538,125.7782],[406,108.0575],[24,115.3085],[140,108.8389],[139,111.167],[481,120.7867],[515,131.7406],[465,113.229],[143,111.0035],[511,119.8165],[107,113.5269],[19,118.5518],[11,117.1536],[453,108.5372],[91,117.5632],[112,110.471],[154,110.5187],[476,122.3749],[495,117.0424],[3,122.8412],[142,115.1371],[128,110.6274],[502,128.3628],[65,114.5461],[435,110.1141],[126,111.5793],[111,115.4971],[544,125.852],[127,109.9028],[547,123.7428],[460,119.6155],[83,111.8429],[113,110.2139],[494,120.8882],[450,113.1175],[110,113.5396],[54,116.2491],[499,117.6948],[129,108.699],[483,119.1467],[49,116.6498],[419,111.6013],[480,116.7342],[84,117.5386],[524,125.0312],[97,112.3059],[123,118.4679],[496,124.2055],[469,121.2245],[99,112.7045],[512,121.7927],[424,108.5838],[34,118.4289],[114,112.8603],[537,132.0616],[497,120.7043],[437,113.3166],[98,120.6223],[36,117.6864],[454,116.4375],[421,110.7087],[472,116.4931],[420,108.7169],[18,122.9001],[95,116.3249],[467,122.0874],[436,113.5548],[375,108.2311],[6,120.3817],[69,118.9485],[26,119.7013],[408,125.139],[67,121.8167],[422,122.8041],[68,117.9562],[9,120.4405],[438,120.0683],[468,122.2171],[14,119.9874],[367,109.6678],[50,119.7991],[66,115.6402],[439,113.6028],[549,130.7993],[52,119.6927],[37,118.2085],[53,117.6849],[452,117.8792],[409,130.2145],[15,120.9616],[17,124.6717],[407,118.5442],[513,120.2986],[0,128.6672],[82,123.0432],[1,123.8708],[423,115.2847],[394,111.7907],[38,121.0097],[527,134.2109],[352,103.3229],[12,124.2237],[353,124.9222],[396,116.9767],[23,119.4843],[5,125.3005],[383,113.6178],[13,124.8468],[326,108.3581],[360,104.4937],[464,121.6863],[368,113.2734],[16,129.0944],[8,125.6511],[39,122.6568],[395,111.9516],[369,106.6046],[2,127.9292],[4,131.2797],[341,111.3833],[449,115.7523],[393,114.8943],[7,132.263],[20,122.1488],[362,106.1399],[327,107.4144]

Finish Times:
[299,47.2807],[284,47.3207],[269,47.68071],[298,47.96072],[283,48.04072],[313,48.44073],[282,48.56073],[268,48.80074],[297,48.88074],[267,48.92074],[281,49.32075],[252,49.52075],[328,49.76076],[254,49.92076],[280,50.20077],[296,50.24077],[251,50.68078],[266,50.76078],[314,50.76078],[312,50.96078],[235,51.36079],[295,51.5208],[311,51.6008],[253,51.8008],[265,51.8008],[237,52.08081],[250,52.24081],[310,52.48082],[278,52.52082],[264,52.68082],[239,52.88083],[249,52.88083],[234,53.24084],[324,53.24084],[279,53.28084],[236,53.56084],[309,53.56084],[263,53.92085],[338,54.00085],[294,54.04086],[293,54.28086],[221,54.48087],[233,54.60087],[323,54.68087],[351,54.84087],[308,55.04088],[238,55.24088],[220,55.40089],[337,55.40089],[349,55.8409],[292,55.8809],[322,55.8809],[209,56.1609],[350,56.2009],[248,56.48091],[262,56.52091],[307,56.60091],[277,56.84092],[276,57.16093],[376,57.16093],[336,57.32093],[218,57.36093],[219,57.60094],[321,57.76094],[206,57.92094],[224,58.00095],[348,58.12095],[335,58.40096],[366,58.48096],[261,58.80096],[232,58.88097],[329,59.12097],[247,59.16097],[291,59.16097],[306,59.64098],[205,59.72099],[208,59.84099],[340,60.00099],[275,60.161],[357,60.201],[290,60.321],[197,60.561],[246,60.84101],[334,60.84101],[359,60.88101],[231,60.96101],[217,61.36102],[305,61.44102],[347,61.72103],[320,61.84103],[207,61.88103],[260,61.96104],[199,62.20104],[381,62.20104],[358,62.40105],[198,62.60105],[245,62.64105],[274,62.88106],[365,63.16106],[181,63.24107],[222,63.32107],[259,63.40107],[391,63.48107],[230,63.96108],[346,64.00108],[325,64.04108],[196,64.08109],[389,64.16109],[204,64.44109],[289,64.6011],[190,64.6811],[216,64.8411],[342,64.9211],[195,65.24111],[273,65.28111],[194,65.56112],[188,65.68112],[390,65.72112],[319,65.88113],[229,66.04113],[173,66.08113],[416,66.40114],[345,66.44114],[203,66.52114],[288,66.68114],[163,66.72115],[162,67.12115],[304,67.12115],[380,67.12115],[244,67.28116],[215,67.32116],[356,67.76117],[404,67.76117],[333,67.96117],[191,68.12118],[403,68.32118],[193,68.44118],[402,68.44118],[258,68.64119],[432,69.1212],[318,69.2012],[364,69.2012],[228,69.2412],[189,69.44121],[214,69.60121],[243,69.84122],[303,69.92122],[186,70.12122],[433,70.16122],[202,70.28123],[180,70.32123],[332,70.56123],[344,70.60123],[355,70.92124],[172,71.08125],[179,71.16125],[223,71.24125],[272,71.40125],[171,71.68126],[363,71.80126],[200,71.96127],[317,71.96127],[226,72.04127],[227,72.32127],[372,72.52128],[147,72.60128],[371,72.60128],[170,72.76128],[370,73.24129],[242,73.2813],[137,73.3613],[339,73.3613],[331,73.5213],[149,73.6413],[148,73.96131],[379,73.96131],[287,74.16132],[415,74.16132],[414,74.56133],[185,74.68133],[213,74.80133],[133,74.96133],[401,74.96133],[429,75.16134],[428,75.28134],[184,75.56135],[210,75.56135],[257,75.84135],[378,75.88136],[431,75.88136],[132,76.24136],[159,76.44137],[286,76.52137],[302,76.60137],[451,76.72137],[271,77.16138],[211,77.20139],[388,77.20139],[400,77.28139],[256,77.52139],[192,77.8014],[399,78.0414],[446,78.20141],[119,78.28141],[377,78.48141],[134,78.52142],[178,78.84142],[430,78.96143],[412,79.08143],[160,79.12143],[387,79.36143],[255,79.68144],[187,79.76144],[442,79.76144],[301,79.80145],[444,79.92145],[241,80.12145],[175,80.40146],[411,80.40146],[169,80.44146],[413,80.56146],[118,80.64146],[183,80.96147],[458,81.00147],[443,81.20148],[285,81.36148],[120,81.40148],[102,81.60149],[316,81.80149],[445,81.92149],[146,82.0415],[161,82.2415],[117,82.3615],[240,82.48151],[201,82.64151],[121,82.68151],[225,82.80151],[157,83.12152],[354,83.12152],[115,83.28152],[176,83.44153],[427,83.56153],[182,83.64153],[386,83.72153],[343,84.04154],[100,84.08154],[158,84.28155],[473,84.36155],[177,84.44155],[459,84.84156],[426,84.92156],[88,84.96156],[425,85.00156],[361,85.04156],[212,85.56158],[72,85.64158],[503,85.84158],[330,85.92159],[488,86.12159],[270,86.20159],[73,86.32159],[315,86.4816],[440,86.5616],[156,86.6416],[56,86.88161],[470,86.96161],[457,87.16161],[500,87.20161],[70,87.48162],[87,87.56162],[441,87.68163],[490,87.68163],[150,87.88163],[397,88.08163],[89,88.12164],[487,88.40164],[456,88.56165],[300,88.64165],[85,88.84165],[530,88.84165],[485,89.08166],[116,89.20166],[131,89.40166],[455,89.60167],[517,89.76167],[103,89.88168],[398,90.20168],[529,90.28168],[518,90.32169],[166,90.52169],[86,90.64169],[58,90.8817],[492,90.9617],[92,91.20171],[486,91.20171],[164,91.32171],[466,91.36171],[491,91.68172],[77,91.72172],[532,91.84172],[93,91.92172],[74,92.04173],[136,92.32173],[505,92.48174],[59,92.56174],[474,92.68174],[168,92.72174],[90,93.04175],[520,93.08175],[531,93.08175],[40,93.24175],[138,93.56176],[447,93.68176],[62,93.76176],[519,93.76176],[75,93.96177],[522,94.36178],[63,94.52178],[153,94.52178],[548,94.52178],[504,94.56178],[76,94.72179],[523,94.96179],[43,95.2418],[71,95.3618],[135,95.4018],[507,95.4018],[471,95.56181],[79,95.84181],[41,95.96181],[167,96.24182],[540,96.28182],[506,96.40182],[151,96.56183],[61,96.60183],[94,96.60183],[60,97.08184],[106,97.20184],[542,97.20184],[44,97.24184],[105,97.80186],[122,97.80186],[552,97.80186],[493,97.88186],[516,98.08186],[145,98.48187],[508,98.52187],[130,98.60188],[47,98.68188],[533,98.92188],[33,99.04189],[478,99.12189],[550,99.20189],[152,99.7219],[57,99.7619],[374,99.7619],[410,99.8419],[551,99.8419],[101,100.0419],[545,100.4819],[553,100.4819],[417,100.5219],[42,100.6019],[45,101.1619],[534,101.1619],[528,101.2019],[543,101.2019],[384,101.3619],[32,101.7219],[546,101.8419],[554,101.962],[155,102.082],[521,102.202],[109,102.282],[30,102.522],[514,102.522],[78,102.762],[536,102.922],[525,103.002],[31,103.162],[64,103.402],[526,103.442],[541,103.562],[104,103.642],[80,103.842],[535,104.002],[392,104.082],[28,104.322],[25,104.642],[141,104.642],[539,104.802],[461,104.842],[482,104.962],[46,105.122],[124,105.282],[22,105.442],[475,105.442],[477,105.882],[29,106.042],[96,106.042],[498,106.122],[174,106.202],[48,106.4821],[418,106.6421],[21,106.7621],[144,106.8821],[385,106.8821],[434,107.2421],[108,107.2821],[405,107.4021],[501,107.6821],[462,107.8021],[509,107.8821],[165,108.0021],[27,108.3621],[125,108.4021],[382,108.4021],[484,108.4421],[373,108.5221],[35,108.9621],[448,109.0421],[463,109.1221],[55,109.3621],[81,109.4821],[479,109.6821],[489,109.7621],[51,109.9221],[10,110.0821],[510,110.4421],[538,110.4421],[406,110.5221],[24,110.7222],[140,110.8422],[139,111.0022],[481,111.0422],[515,111.2022],[465,111.4822],[143,111.6022],[511,111.7222],[107,111.7622],[19,111.8422],[11,112.2822],[453,112.3222],[91,112.4022],[112,112.4422],[154,112.4422],[476,112.8822],[495,112.8822],[3,113.0822],[142,113.1622],[128,113.3222],[502,113.4822],[65,113.5622],[435,113.7222],[126,113.8022],[111,114.0022],[544,114.1222],[127,114.2822],[547,114.3222],[460,114.5222],[83,114.6822],[113,114.7222],[494,114.9222],[450,115.0823],[110,115.2423],[54,115.5223],[499,115.5623],[129,115.6423],[483,115.7623],[49,115.9223],[419,116.0023],[480,116.3223],[84,116.3623],[524,116.3623],[97,116.4423],[123,116.6823],[496,116.9623],[469,117.0023],[99,117.2023],[512,117.2023],[424,117.4023],[34,117.6023],[114,117.6423],[537,117.7623],[497,117.8023],[437,118.0823],[98,118.1623],[36,118.3223],[454,118.4423],[421,118.7223],[472,118.7223],[420,118.8423],[18,119.0023],[95,119.0023],[467,119.2423],[436,119.3624],[375,119.6024],[6,119.7224],[69,119.7224],[26,119.9624],[408,119.9624],[67,120.4424],[422,120.4424],[68,120.4824],[9,120.5224],[438,120.5224],[468,121.0024],[14,121.0424],[367,121.1624],[50,121.2424],[66,121.2824],[439,121.5624],[549,121.6424],[52,121.8824],[37,122.0424],[53,122.1224],[452,122.3224],[409,122.3624],[15,122.5624],[17,122.6024],[407,123.0024],[513,123.0024],[0,123.2024],[82,123.5224],[1,123.6024],[423,123.6824],[394,123.8025],[38,123.9625],[527,124.2425],[352,124.3225],[12,124.3625],[353,124.3625],[396,124.8425],[23,124.9225],[5,124.9625],[383,125.0025],[13,125.2025],[326,125.5225],[360,125.5625],[464,125.6425],[368,126.1225],[16,126.1625],[8,126.2825],[39,126.2825],[395,126.3225],[369,126.7625],[2,127.0025],[4,127.0425],[341,127.0425],[449,127.4425],[393,127.5225],[7,127.7625],[20,127.8825],[362,128.0825],[327,128.4025]

Stuck Times:
[299,0],[284,0],[269,0],[298,0],[283,0],[313,0],[282,0],[268,0],[297,0],[267,0],[281,0],[252,0],[328,1],[254,1],[280,0],[296,1],[251,0],[266,0],[314,3],[312,2],[235,0],[295,0],[311,1],[253,1],[265,0],[237,2],[250,1],[310,0],[278,0],[264,0],[239,4],[249,1],[234,1],[324,0],[279,2],[236,2],[309,2],[263,0],[338,1],[294,1],[293,1],[221,2],[233,2],[323,1],[351,4],[308,1],[238,6],[220,3],[337,0],[349,0],[292,1],[322,0],[209,5],[350,4],[248,3],[262,2],[307,2],[277,4],[276,2],[376,4],[336,0],[218,2],[219,4],[321,1],[206,5],[224,8],[348,3],[335,0],[366,3],[261,5],[232,4],[329,12],[247,4],[291,5],[306,5],[205,4],[208,8],[340,11],[275,6],[357,3],[290,7],[197,5],[246,7],[334,4],[359,9],[231,5],[217,5],[305,6],[347,6],[320,5],[207,9],[260,8],[199,12],[381,5],[358,9],[198,12],[245,11],[274,8],[365,6],[181,10],[222,13],[259,11],[391,8],[230,11],[346,8],[325,14],[196,8],[389,5],[204,12],[289,11],[190,12],[216,10],[342,16],[195,12],[273,12],[194,11],[188,10],[390,11],[319,10],[229,12],[173,14],[416,10],[345,10],[203,13],[288,10],[163,10],[162,14],[304,12],[380,12],[244,14],[215,13],[356,14],[404,14],[333,16],[191,16],[403,16],[193,14],[402,17],[258,13],[432,14],[318,13],[364,14],[228,14],[189,16],[214,17],[243,15],[303,17],[186,13],[433,15],[202,16],[180,17],[332,19],[344,19],[355,18],[172,18],[179,19],[223,21],[272,16],[171,19],[363,17],[200,20],[317,18],[226,17],[227,19],[372,18],[147,18],[371,14],[170,21],[370,24],[242,20],[137,20],[339,22],[331,21],[149,17],[148,19],[379,20],[287,21],[415,21],[414,22],[185,18],[213,21],[133,20],[401,19],[429,21],[428,21],[184,25],[210,24],[257,23],[378,24],[431,22],[132,19],[159,20],[286,26],[302,24],[451,26],[271,24],[211,27],[388,28],[400,24],[256,25],[192,27],[399,27],[446,23],[119,24],[377,27],[134,22],[178,27],[430,25],[412,26],[160,24],[387,26],[255,29],[187,28],[442,26],[301,28],[444,28],[241,30],[175,27],[411,27],[169,32],[413,26],[118,24],[183,29],[458,30],[443,29],[285,32],[120,24],[102,26],[316,32],[445,28],[146,31],[161,29],[117,24],[240,32],[201,31],[121,29],[225,32],[157,32],[354,29],[115,30],[176,29],[427,28],[182,29],[386,29],[343,34],[100,28],[158,35],[473,32],[177,31],[459,34],[426,29],[88,28],[425,29],[361,36],[212,32],[72,31],[503,30],[330,35],[488,31],[270,36],[73,35],[315,35],[440,30],[156,35],[56,30],[470,29],[457,33],[500,26],[70,29],[87,32],[441,36],[490,34],[150,32],[397,36],[89,36],[487,36],[456,33],[300,35],[85,30],[530,29],[485,28],[116,34],[131,34],[455,33],[517,29],[103,32],[398,37],[529,27],[518,32],[166,39],[86,35],[58,37],[492,38],[92,40],[486,33],[164,37],[466,43],[491,38],[77,41],[532,34],[93,42],[74,38],[136,38],[505,37],[59,41],[474,39],[168,44],[90,42],[520,38],[531,37],[40,37],[138,41],[447,41],[62,43],[519,37],[75,42],[522,45],[63,44],[153,42],[548,37],[504,40],[76,43],[523,46],[43,40],[71,38],[135,38],[507,43],[471,36],[79,47],[41,40],[167,43],[540,39],[506,41],[151,42],[61,46],[94,45],[60,44],[106,44],[542,43],[44,42],[105,45],[122,42],[552,46],[493,47],[516,35],[145,44],[508,47],[130,47],[47,46],[533,48],[33,47],[478,49],[550,43],[152,45],[57,46],[374,48],[410,44],[551,45],[101,44],[545,48],[553,44],[417,46],[42,46],[45,46],[534,51],[528,35],[543,49],[384,52],[32,49],[546,48],[554,41],[155,47],[521,48],[109,51],[30,49],[514,48],[78,53],[536,54],[525,53],[31,51],[64,53],[526,56],[541,46],[104,49],[80,53],[535,49],[392,49],[28,46],[25,56],[141,56],[539,45],[461,50],[482,54],[46,52],[124,52],[22,56],[475,49],[477,49],[29,52],[96,55],[498,56],[174,53],[48,54],[418,52],[21,58],[144,58],[385,55],[434,53],[108,55],[405,53],[501,44],[462,51],[509,58],[165,52],[27,54],[125,56],[382,55],[484,59],[373,54],[35,60],[448,54],[463,54],[55,54],[81,61],[479,56],[489,54],[51,60],[10,59],[510,57],[538,54],[406,57],[24,60],[140,60],[139,59],[481,55],[515,46],[465,59],[143,60],[511,59],[107,59],[19,62],[11,62],[453,62],[91,59],[112,60],[154,59],[476,56],[495,58],[3,59],[142,61],[128,62],[502,54],[65,66],[435,58],[126,62],[111,61],[544,64],[127,62],[547,60],[460,57],[83,65],[113,63],[494,63],[450,60],[110,63],[54,66],[499,66],[129,63],[483,61],[49,64],[419,61],[480,64],[84,65],[524,64],[97,67],[123,62],[496,66],[469,63],[99,68],[512,66],[424,67],[34,68],[114,65],[537,59],[497,68],[437,66],[98,65],[36,65],[454,66],[421,68],[472,68],[420,69],[18,65],[95,67],[467,63],[436,67],[375,67],[6,70],[69,69],[26,73],[408,67],[67,68],[422,66],[68,69],[9,70],[438,62],[468,68],[14,71],[367,69],[50,69],[66,72],[439,70],[549,64],[52,70],[37,73],[53,73],[452,72],[409,64],[15,72],[17,66],[407,66],[513,73],[0,68],[82,70],[1,70],[423,65],[394,71],[38,73],[527,66],[352,76],[12,73],[353,65],[396,68],[23,77],[5,71],[383,72],[13,71],[326,76],[360,76],[464,71],[368,71],[16,71],[8,73],[39,73],[395,71],[369,75],[2,73],[4,71],[341,73],[449,76],[393,71],[7,69],[20,77],[362,75],[327,78]

