Experiment Name: Custom-RoughWalls2
Method Used: RegionalFlowGraph
Run Number: 2
Preparation Time: 53.4873ms
Pathfinding Time: 0.6801ms
Finish Time: 127.9225ms
Finish Time 90%: 118.9223ms
Repaths: 0
Soft Repaths: 0

Gates Data:
0:[284,[6.661814,13.3154,0,[33.001,58.0163]]],[269,[6.160895,12.31758,0,[32.00099,56.91563]]],[254,[6.18202,12.35761,0,[32.00098,55.62026]]],[268,[6.737949,13.45178,0,[32.00098,56.66854]]],[283,[6.742768,13.46812,0,[32.00099,57.79699]]],[267,[7.247023,14.47,0,[32.001,57.20899]]],[253,[6.789533,13.54611,0,[32.00098,55.54069]]],[252,[7.379119,14.72419,0,[32.001,56.14621]]],[282,[7.918072,15.57461,0,[33.001,58.16777]]],[239,[6.233042,12.46058,0,[32.00098,54.1328]]],[298,[7.251746,14.46154,0,[33.001,58.83632]]],[236,[7.917778,15.56949,0,[32.001,55.94132]]],[266,[7.786624,15.4936,0,[32.001,57.33517]]],[296,[8.329608,16.57812,0,[33.001,58.97175]]],[237,[7.439257,14.56164,0,[32.001,55.05387]]],[281,[8.692627,16.70934,0,[33.001,58.13639]]],[297,[7.789486,15.47917,0,[33.001,59.25702]]],[251,[8.258601,15.80178,0,[32.001,56.80497]]],[299,[6.67655,13.3381,0,[33.001,59.30183]]],[311,[8.854682,16.88421,0,[33.001,59.40128]]],[265,[8.671587,16.54231,0,[32.001,57.49249]]],[312,[7.8982,15.62082,0,[33.001,60.32853]]],[222,[8.208103,15.76251,0,[32.001,54.99715]]],[295,[9.21336,17.69053,0,[33.001,58.58889]]],[235,[8.55213,16.61609,0,[32.001,55.86625]]],[310,[9.529594,18.01613,0,[33.001,59.51596]]],[250,[8.960893,17.07469,0,[32.001,56.57034]]],[326,[8.493211,16.80026,0,[33.001,60.21931]]],[280,[9.703366,17.96718,0,[33.001,58.04271]]],[294,[10.02924,18.7426,0,[33.001,59.03421]]],[210,[7.934829,15.66033,0,[32.001,54.05427]]],[264,[9.476741,17.65757,0,[32.001,57.02442]]],[279,[9.756613,18.07805,0,[32.001,57.9972]]],[325,[9.183892,17.77259,0,[33.001,60.33458]]],[309,[10.58525,19.18213,0,[33.001,59.09322]]],[238,[6.770875,13.51375,0,[32.00098,54.39204]]],[234,[9.775306,17.69656,0,[32.001,56.07969]]],[249,[10.05215,18.20677,0,[32.001,57.06865]]],[324,[9.990009,19.06858,0,[33.001,60.18805]]],[221,[9.225046,16.98972,0,[32.001,55.62438]]],[338,[11.10318,19.30182,0,[33.001,60.0567]]],[220,[10.41102,18.15347,0,[32.001,56.20918]]],[293,[10.81294,19.87094,0,[33.001,58.10345]]],[207,[10.80754,19.13947,0,[32.001,55.40788]]],[340,[8.800438,16.87814,0,[33.001,61.14541]]],[263,[10.62505,18.87175,0,[32.001,57.21504]]],[209,[8.80967,16.87141,0,[32.001,54.86004]]],[191,[9.25395,17.09263,0,[32.001,54.00425]]],[278,[11.49317,20.42027,0,[33.001,58.1304]]],[323,[11.17677,20.06858,0,[33.001,58.98077]]],[208,[10.14599,18.01939,0,[32.001,55.23863]]],[198,[9.621683,18.08243,0,[32.001,54.819]]],[349,[11.66394,20.47079,0,[33.001,60.00121]]],[248,[11.3404,19.42623,0,[32.001,57.26716]]],[339,[9.64604,18.07348,0,[33.00099,61.09201]]],[223,[7.3432,14.62875,0,[32.001,54.00284]]],[337,[11.88383,20.56105,0,[33.001,58.98444]]],[348,[12.24522,21.69604,0,[33.00099,59.91842]]],[219,[11.51981,19.31553,0,[32.001,56.07236]]],[350,[10.53742,19.45363,0,[33.001,60.17682]]],[308,[12.24123,20.48855,0,[33.001,58.1508]]],[232,[11.86332,19.95302,0,[32.001,56.97293]]],[322,[12.5731,21.32331,0,[33.001,59.07975]]],[368,[11.4812,20.00724,0,[33.001,61.05596]]],[199,[8.644191,16.82753,0,[32.001,53.84781]]],[218,[12.42828,20.41458,0,[32.001,56.89028]]],[292,[12.28429,20.10643,0,[32.001,57.97103]]],[307,[13.20758,21.52882,0,[33.001,58.8386]]],[262,[12.82914,20.06009,0,[32.001,57.70418]]],[336,[12.99225,21.6799,0,[33.001,59.85381]]],[197,[11.32003,19.17354,0,[32.001,55.0276]]],[277,[13.85142,21.56017,0,[33.001,58.52222]]],[321,[13.67787,22.31914,0,[33.001,59.53128]]],[184,[10.08923,18.01966,0,[32.001,54.14807]]],[247,[13.45526,20.54364,0,[32.001,57.4149]]],[335,[14.14101,22.62687,0,[33.001,60.16069]]],[167,[9.759391,17.30777,0,[32.001,53.30621]]],[291,[14.37157,22.03652,0,[33.001,59.17189]]],[183,[11.11939,19.05023,0,[32.001,53.96972]]],[306,[14.95626,22.68436,0,[33.001,58.68818]]],[224,[6.766324,13.52318,0,[32.00098,52.95986]]],[357,[14.86595,23.29117,0,[33.001,59.7823]]],[261,[14.46367,22.01696,0,[33.001,58.09981]]],[366,[14.56716,22.38849,0,[33.001,60.93692]]],[246,[14.46666,21.6697,0,[32.001,57.55486]]],[205,[13.01622,21.57871,0,[32.001,56.65441]]],[206,[12.07362,20.32104,0,[32.001,55.90957]]],[314,[6.700042,13.38326,0,[33.001,60.65907]]],[365,[15.53045,23.78502,0,[33.001,60.18549]]],[231,[13.99273,21.16544,0,[32.001,56.96794]]],[276,[14.98591,21.64054,0,[32.001,57.94753]]],[196,[12.64661,20.55116,0,[32.001,55.8388]]],[346,[15.48663,24.20052,0,[33.001,59.09802]]],[381,[15.10817,22.94741,0,[33.001,60.8155]]],[217,[14.92689,21.76404,0,[32.001,56.85794]]],[188,[13.56551,21.09198,0,[32.001,56.3214]]],[260,[15.48568,22.24471,0,[32.001,57.43152]]],[391,[15.53778,23.26277,0,[33.001,61.60551]]],[290,[16.02447,23.14149,0,[33.00099,58.53514]]],[195,[14.42886,21.82386,0,[32.001,56.31443]]],[181,[13.97462,21.48835,0,[32.001,55.58416]]],[176,[10.61309,17.73665,0,[32.001,53.34035]]],[275,[16.54885,23.84349,0,[33.001,58.10674]]],[245,[16.00881,22.97144,0,[32.001,56.97957]]],[320,[16.54615,23.58709,0,[33.001,59.21143]]],[190,[10.61874,18.4536,0,[32.001,54.42646]]],[356,[16.03091,24.48999,0,[33.00099,59.64662]]],[259,[16.57129,23.58889,0,[32.001,57.41629]]],[305,[17.07643,23.93135,0,[33.001,58.50442]]],[230,[15.49273,22.39553,0,[32.001,56.33118]]],[189,[11.86378,19.53617,0,[32.001,54.85415]]],[244,[17.11214,23.99806,0,[32.001,56.90851]]],[390,[15.98695,24.78899,0,[33.001,60.89891]]],[373,[16.50558,23.42862,0,[33.001,60.35323]]],[229,[16.62335,23.40147,0,[32.001,56.32727]]],[182,[13.17335,20.46279,0,[32.001,55.57585]]],[216,[16.09323,22.82215,0,[32.001,55.92236]]],[204,[14.97309,22.69496,0,[32.001,55.75959]]],[364,[17.07751,25.09628,0,[33.001,59.60804]]],[163,[13.53413,21.41879,0,[32.001,54.78094]]],[319,[17.08859,23.881,0,[32.001,57.96825]]],[334,[17.58572,24.10725,0,[33.00099,59.15027]]],[174,[12.4171,20.08399,0,[32.001,54.85511]]],[215,[17.16842,23.75966,0,[32.001,55.85277]]],[333,[17.64569,24.31631,0,[32.001,57.91439]]],[345,[18.13714,25.2616,0,[33.001,58.99813]]],[200,[8.064504,15.59293,0,[32.001,52.98872]]],[171,[17.41977,23.65715,0,[32.001,54.87282]]],[304,[18.19518,24.25604,0,[32.001,57.33165]]],[379,[17.64698,25.5181,0,[33.00099,60.24535]]],[355,[18.67009,25.97706,0,[33.001,58.46679]]],[180,[15.04818,22.46021,0,[32.001,54.66145]]],[289,[17.67584,23.74361,0,[32.001,56.82296]]],[228,[17.74008,24.52952,0,[32.001,55.72917]]],[288,[18.74186,24.72589,0,[32.001,57.00008]]],[347,[13.46016,22.65331,0,[33.001,60.52718]]],[388,[18.22459,26.83172,0,[33.001,60.10391]]],[193,[18.22732,23.94113,0,[32.001,55.14141]]],[194,[15.57873,22.70027,0,[32.001,55.23546]]],[258,[19.30228,24.57463,0,[32.001,56.84892]]],[203,[16.70318,23.7441,0,[32.001,55.23195]]],[274,[18.23866,24.21375,0,[32.001,56.25409]]],[371,[18.71273,25.73437,0,[33.001,59.56213]]],[401,[18.81373,26.58534,0,[33.001,60.65914]]],[172,[15.63264,22.1841,0,[32.001,54.12971]]],[186,[16.15038,23.27856,0,[32.001,54.85225]]],[313,[7.279872,14.52557,0,[33.001,60.09581]]],[214,[19.84598,25.15908,0,[32.001,56.41436]]],[370,[19.25815,27.10711,0,[33.00099,59.20586]]],[202,[18.8068,25.22033,0,[32.001,55.90374]]],[179,[19.37733,24.29822,0,[32.001,55.75555]]],[187,[14.50295,22.12562,0,[32.001,55.186]]],[402,[18.34163,25.25466,0,[33.001,61.20034]]],[318,[19.23922,26.01777,0,[33.00099,58.1086]]],[161,[16.73348,23.59061,0,[32.001,54.14765]]],[165,[12.22591,19.17439,0,[32.001,53.83519]]],[135,[19.38468,24.76214,0,[32.001,54.65695]]],[344,[19.82697,26.84331,0,[33.001,59.00842]]],[378,[19.35845,26.62135,0,[33.00099,60.32414]]],[149,[18.78204,25.06979,0,[32.001,54.82891]]],[164,[12.94461,20.43015,0,[32.001,54.55056]]],[147,[20.37311,27.2174,0,[32.001,55.96601]]],[273,[19.88291,25.24729,0,[32.001,57.50377]]],[417,[19.81615,25.01204,0,[33.001,61.34653]]],[136,[18.42195,23.3718,0,[32.001,54.00853]]],[150,[17.87514,23.50052,0,[32.001,54.22796]]],[243,[20.41479,25.17403,0,[32.001,57.04979]]],[317,[20.92802,26.05895,0,[32.001,57.8582]]],[121,[19.91471,24.5333,0,[32.00099,54.15168]]],[303,[19.2989,25.25981,0,[32.001,57.93472]]],[257,[21.49309,25.74195,0,[32.001,57.2185]]],[173,[14.06728,21.08892,0,[32.001,54.47294]]],[332,[20.37498,26.34922,0,[33.001,58.6294]]],[192,[20.96587,26.96748,0,[32.001,56.79163]]],[287,[20.89125,26.69732,0,[33.001,58.13063]]],[178,[22.54515,26.17954,0,[32.001,56.92408]]],[372,[17.05906,24.27337,0,[33.001,60.70267]]],[343,[21.99679,28.7187,0,[33.001,58.28783]]],[151,[15.10013,21.97062,0,[32.001,53.53975]]],[185,[21.46171,25.40152,0,[32.001,56.12366]]],[134,[19.91623,26.48807,0,[32.00099,55.2727]]],[400,[20.44978,27.78406,0,[33.001,59.73518]]],[363,[21.51371,27.09266,0,[33.001,58.98767]]],[137,[16.20694,22.38532,0,[32.001,53.77526]]],[448,[20.86994,25.31926,0,[33.001,61.68061]]],[272,[22.01788,26.35351,0,[32.001,57.61984]]],[106,[20.4626,24.71158,0,[32.001,53.74154]]],[416,[20.92244,26.04988,0,[33.001,60.43694]]],[412,[22.53868,30.71375,0,[33.001,58.74682]]],[120,[20.46177,26.17904,0,[32.001,54.85053]]],[361,[10.22115,18.40741,0,[33.001,61.22674]]],[242,[23.06943,26.65137,0,[32.001,57.41453]]],[398,[20.96352,30.1677,0,[33.001,59.22158]]],[432,[20.36259,25.50512,0,[33.001,60.90296]]],[156,[9.247986,16.50893,0,[32.001,52.83371]]],[227,[21.98379,26.22575,0,[32.001,56.53742]]],[256,[23.65036,27.27828,0,[32.001,57.21194]]],[160,[20.92761,25.75565,0,[32.001,55.7246]]],[302,[23.09472,27.56303,0,[33.00099,58.03228]]],[387,[19.90953,28.31215,0,[33.001,60.09456]]],[148,[21.58924,26.03596,0,[32.001,55.0423]]],[119,[22.65582,27.22503,0,[32.001,55.85868]]],[411,[24.16157,32.08197,0,[33.00099,58.27338]]],[413,[21.45368,29.11496,0,[33.001,60.05537]]],[162,[17.28404,22.51324,0,[32.001,53.8302]]],[226,[24.17911,27.53705,0,[32.001,57.67092]]],[377,[23.61898,29.73105,0,[33.00099,58.62306]]],[133,[22.11099,27.95332,0,[32.001,55.47516]]],[155,[10.18875,17.41057,0,[32.001,52.65902]]],[414,[22.56756,28.54341,0,[33.001,59.85321]]],[159,[24.31334,27.64252,0,[32.001,56.63744]]],[170,[23.16022,25.91581,0,[32.001,56.37238]]],[399,[22.02637,29.14856,0,[33.001,59.46187]]],[105,[21.04908,26.17572,0,[32.001,54.68559]]],[152,[14.57824,20.94205,0,[32.001,54.0386]]],[447,[22.03834,26.16926,0,[33.001,61.79319]]],[132,[24.75718,28.72091,0,[32.00098,55.59946]]],[331,[24.74705,28.09796,0,[33.001,58.77262]]],[213,[23.71378,26.93357,0,[32.001,56.11822]]],[430,[22.55323,27.89377,0,[33.001,60.96248]]],[458,[25.30458,31.8854,0,[33.001,58.76734]]],[441,[24.26299,32.90966,0,[33.00099,59.37653]]],[104,[23.28407,27.29402,0,[32.001,55.29751]]],[139,[13.96235,20.07604,0,[32.001,53.3841]]],[415,[21.98551,27.26991,0,[33.001,60.57669]]],[286,[24.75508,27.42644,0,[32.00099,57.737]]],[459,[25.41915,30.5978,0,[33.001,59.8476]]],[89,[25.21688,28.58213,0,[32.001,54.86493]]],[241,[25.40453,28.0517,0,[32.001,57.01816]]],[461,[24.25722,28.41536,0,[33.00099,60.48614]]],[103,[22.15595,27.54001,0,[32.001,54.3807]]],[426,[25.79709,33.25211,0,[33.001,58.06653]]],[169,[24.8694,28.13553,0,[32.00098,56.64184]]],[442,[26.94112,32.64535,0,[33.001,58.5284]]],[125,[14.6132,19.97878,0,[32.001,52.93136]]],[445,[23.17129,28.31721,0,[33.001,61.35969]]],[102,[25.88415,29.72764,0,[32.001,56.06164]]],[456,[25.91473,34.59303,0,[33.001,59.13533]]],[131,[25.32581,29.94691,0,[32.001,55.93287]]],[354,[26.36862,29.42377,0,[33.001,58.26372]]],[429,[23.0975,30.07146,0,[33.00099,59.13348]]],[146,[25.9654,29.20153,0,[32.001,57.12536]]],[91,[21.61374,25.8239,0,[32.001,53.94087]]],[117,[26.47037,30.001,0,[32.001,56.44563]]],[460,[24.82243,29.82719,0,[33.001,59.86365]]],[444,[23.68804,29.63471,0,[33.00099,60.82189]]],[92,[21.03998,24.35049,0,[32.001,53.6104]]],[75,[22.74426,27.44377,0,[32.001,54.78387]]],[427,[26.47725,31.56993,0,[33.00099,59.37319]]],[48,[25.62398,27.2143,0,[32.001,53.9453]]],[428,[23.70766,30.8468,0,[33.00099,59.72715]]],[90,[23.26508,27.00407,0,[32.001,54.17884]]],[211,[7.408975,14.62202,0,[32.001,52.91291]]],[457,[27.58056,33.15392,0,[33.001,59.31275]]],[140,[12.78346,19.06124,0,[32.001,53.39831]]],[410,[28.0319,33.75275,0,[33.001,58.42212]]],[443,[23.11458,30.39311,0,[33.001,60.24236]]],[118,[24.21022,28.82377,0,[32.001,55.56279]]],[440,[27.47787,35.28858,0,[33.001,58.23375]]],[73,[25.78705,29.52216,0,[32.001,54.98795]]],[374,[13.93605,22.07229,0,[33.001,61.19377]]],[175,[11.66453,18.78048,0,[32.001,53.76051]]],[472,[27.04478,33.09847,0,[33.001,59.61122]]],[153,[13.34702,19.96157,0,[32.001,53.74231]]],[316,[26.51484,28.17502,0,[32.001,57.51673]]],[59,[26.25509,29.73027,0,[32.001,54.28519]]],[470,[28.35551,36.8958,0,[33.00099,59.3868]]],[330,[29.23686,30.25855,0,[33.001,58.35373]]],[475,[24.88801,29.92048,0,[33.001,60.9587]]],[87,[26.35694,30.68483,0,[32.001,55.38163]]],[177,[8.666485,16.27343,0,[32.001,52.76292]]],[88,[23.80588,29.02317,0,[32.001,54.86879]]],[517,[30.06396,36.32144,0,[33.001,59.8433]]],[285,[28.43226,28.86033,0,[32.001,57.40295]]],[72,[26.89819,30.82717,0,[32.001,54.98476]]],[473,[27.18689,31.99854,0,[33.001,60.70166]]],[43,[27.41624,31.6934,0,[32.001,54.50481]]],[225,[27.81189,29.33704,0,[32.001,57.51813]]],[271,[28.66528,29.66728,0,[33.001,58.43024]]],[96,[18.97086,20.63445,0,[32.001,52.70235]]],[487,[27.77878,34.49561,0,[33.001,60.33736]]],[471,[28.94999,35.33051,0,[33.001,59.37328]]],[455,[30.08593,36.94399,0,[33.001,58.08171]]],[166,[11.12851,17.88143,0,[32.001,52.85299]]],[504,[29.46655,34.27675,0,[33.001,59.85813]]],[45,[26.83627,29.7938,0,[32.001,53.90891]]],[44,[27.97798,30.92301,0,[32.001,54.3095]]],[301,[29.08076,28.53986,0,[32.001,57.42052]]],[168,[7.973226,15.25504,0,[32.001,51.89786]]],[201,[27.09039,27.96132,0,[32.001,57.14281]]],[505,[26.5713,31.99133,0,[33.00099,60.49649]]],[86,[26.99978,31.81554,0,[32.001,56.04913]]],[486,[29.73699,36.50823,0,[33.001,58.90453]]],[116,[28.13834,30.85284,0,[32.001,56.47834]]],[127,[12.33077,17.81569,0,[32.001,52.73861]]],[489,[28.02738,31.82399,0,[33.001,61.32921]]],[94,[18.40469,22.90594,0,[32.001,52.90676]]],[503,[30.47222,36.50011,0,[33.00099,58.97571]]],[158,[27.57249,29.99081,0,[32.001,56.59244]]],[32,[29.62298,29.61745,0,[32.001,54.09189]]],[490,[25.47543,30.32496,0,[33.001,60.94636]]],[488,[28.95479,33.29887,0,[33.001,60.45763]]],[255,[29.70102,29.06569,0,[32.001,56.99391]]],[61,[25.00139,27.9488,0,[32.001,53.88686]]],[71,[27.50813,31.96415,0,[32.001,55.54129]]],[492,[30.27215,30.21085,0,[33.001,60.92443]]],[479,[27.40476,26.7629,0,[33.001,61.75336]]],[530,[30.63226,36.578,0,[33.00099,60.09834]]],[420,[18.76027,21.74312,0,[33.001,62.14109]]],[123,[16.76247,22.14713,0,[32.001,53.04247]]],[60,[22.68152,27.72801,0,[32.001,53.70169]]],[531,[31.14868,37.51539,0,[33.00099,59.67175]]],[520,[32.35444,34.40384,0,[33.001,59.74017]]],[212,[28.7709,28.342,0,[32.001,56.486]]],[58,[28.06723,31.7146,0,[32.001,55.39339]]],[518,[29.65272,34.63447,0,[33.001,60.92984]]],[386,[30.69004,33.8059,0,[32.001,57.43947]]],[142,[9.66788,16.58941,0,[32.001,52.03619]]],[62,[29.05694,27.60962,0,[32.001,54.07797]]],[397,[30.11156,32.92452,0,[32.001,57.76066]]],[77,[23.83415,26.05967,0,[32.00099,53.78918]]],[431,[21.44832,26.71507,0,[33.001,61.14538]]],[425,[31.05006,36.0146,0,[33.00099,58.5556]]],[57,[28.52515,32.06515,0,[32.001,54.36508]]],[78,[19.53813,23.74068,0,[32.00099,53.30687]]],[501,[28.40278,37.22564,0,[33.00099,60.49306]]],[101,[28.63354,31.43566,0,[32.001,55.4321]]],[4,[30.19298,30.52235,0,[32.001,52.38649]]],[76,[22.13106,26.00213,0,[32.001,53.27242]]],[108,[17.83981,22.72534,0,[32.001,53.11761]]],[507,[31.13194,31.61656,0,[33.00099,60.80117]]],[107,[20.09435,23.42952,0,[32.001,52.92622]]],[389,[17.71135,25.52495,0,[33.00099,61.34208]]],[519,[31.73415,34.65757,0,[33.001,59.76764]]],[70,[29.25494,33.2346,0,[32.001,55.13205]]],[33,[28.25732,28.88203,0,[32.001,53.34771]]],[510,[31.89419,28.65593,0,[33.001,61.98373]]],[435,[20.29418,22.48366,0,[33.001,62.14571]]],[240,[30.2669,30.1275,0,[32.001,56.68491]]],[56,[30.50609,33.08253,0,[32.001,55.64504]]],[521,[31.80717,32.3068,0,[33.001,60.8681]]],[113,[13.52762,17.82654,0,[32.001,52.70514]]],[540,[32.18145,39.69939,0,[33.001,58.66491]]],[157,[7.326609,14.58819,0,[32.001,51.84025]]],[115,[29.30547,32.25658,0,[32.001,56.22587]]],[351,[9.247029,18.0139,0,[33.001,61.8556]]],[449,[21.43866,24.18238,0,[33.001,62.23629]]],[534,[32.42126,33.58578,0,[33.001,60.85018]]],[522,[32.92173,33.96972,0,[33.001,59.41301]]],[74,[24.44986,28.43043,0,[32.001,54.5049]]],[100,[29.84902,32.47384,0,[32.001,55.85116]]],[463,[22.25036,25.79296,0,[33.001,62.92985]]],[380,[16.55124,23.86555,0,[33.00099,61.62301]]],[548,[32.56838,43.09791,0,[32.001,57.4665]]],[29,[31.21282,33.54071,0,[32.001,55.47771]]],[523,[33.73377,31.76069,0,[33.00098,60.71371]]],[109,[17.30783,21.46894,0,[32.001,52.74237]]],[485,[32.15231,38.98165,0,[32.001,56.75372]]],[46,[30.59044,29.77842,0,[32.001,54.53613]]],[367,[13.16075,21.10139,0,[33.001,61.44833]]],[474,[26.00443,31.09375,0,[33.00098,60.23072]]],[28,[31.73794,34.14703,0,[32.00099,54.81075]]],[533,[33.362,37.08331,0,[33.00098,58.50946]]],[82,[20.85686,21.15605,0,[32.001,52.60203]]],[476,[24.32896,28.50219,0,[33.00099,61.60449]]],[545,[34.98089,34.49683,0,[33.00098,60.23471]]],[41,[32.31454,34.8368,0,[32.001,55.10378]]],[42,[30.0438,32.97533,0,[32.001,54.81597]]],[516,[31.60649,38.78555,0,[33.001,58.6898]]],[553,[33.50332,38.44823,0,[33.00098,59.62116]]],[352,[8.554124,16.8567,0,[33.001,62.12989]]],[145,[30.91011,31.92514,0,[32.001,56.40844]]],[500,[31.23182,39.54851,0,[32.001,57.64872]]],[532,[32.74071,37.87869,0,[33.001,58.37172]]],[315,[31.45682,30.23836,0,[32.001,56.61141]]],[154,[11.73658,18.49255,0,[32.001,52.64831]]],[524,[33.03721,30.38291,0,[33.00099,60.51548]]],[549,[34.27468,42.9953,0,[32.001,56.94023]]],[12,[30.77452,29.99334,0,[32.001,53.38824]]],[529,[31.7868,39.60217,0,[32.001,57.60239]]],[110,[16.84097,20.08535,0,[32.001,51.92938]]],[546,[33.89567,32.6782,0,[33.00098,61.83802]]],[541,[33.29226,39.3712,0,[32.00099,57.73388]]],[85,[32.59092,34.72548,0,[32.001,56.04826]]],[554,[34.264,40.36282,0,[33.00098,60.04696]]],[126,[12.90613,18.72705,0,[32.001,52.10774]]],[65,[23.31957,24.03123,0,[32.001,53.06868]]],[543,[34.02423,37.34783,0,[33.00098,58.92197]]],[270,[33.01726,30.98708,0,[32.001,56.71337]]],[547,[35.68945,36.85613,0,[33.001,59.22517]]],[403,[17.17918,24.32815,0,[33.001,61.79785]]],[527,[36.20818,38.1764,0,[32.001,57.89499]]],[20,[30.1978,30.3851,0,[32.001,53.5785]]],[21,[31.67319,30.85052,0,[32.001,53.74852]]],[536,[34.34747,29.18609,0,[33.00099,62.81129]]],[551,[34.72242,41.57923,0,[33.00098,59.06035]]],[7,[33.0998,33.89782,0,[32.001,53.97829]]],[55,[31.88407,34.9309,0,[32.001,55.82857]]],[138,[15.63185,20.92222,0,[32.001,53.02234]]],[93,[20.05377,22.91808,0,[32.001,51.83478]]],[480,[27.981,25.45619,0,[33.001,62.40842]]],[477,[26.06847,27.83657,0,[33.00099,61.38859]]],[513,[36.44428,28.04017,0,[33.00099,60.61013]]],[143,[8.677469,15.26648,0,[32.001,51.6787]]],[36,[25.78605,26.00389,0,[32.001,52.86674]]],[493,[28.57874,28.57356,0,[33.00099,61.77284]]],[79,[21.51019,23.6697,0,[32.001,52.87048]]],[515,[33.65142,40.65992,0,[32.001,56.8455]]],[535,[33.17287,31.44698,0,[33.00099,61.64491]]],[63,[22.12408,25.09457,0,[32.001,52.17439]]],[434,[19.63095,23.37964,0,[33.001,62.52232]]],[141,[10.70216,17.48467,0,[32.001,52.04066]]],[419,[16.58795,22.60145,0,[33.00099,62.92969]]],[509,[31.31113,29.51326,0,[33.00099,61.90684]]],[31,[31.1435,30.71293,0,[32.001,54.33315]]],[491,[26.687,29.61358,0,[33.001,61.63031]]],[544,[35.26009,36.72171,0,[33.00099,58.3031]]],[66,[23.90096,23.45212,0,[32.001,52.70249]]],[446,[22.70137,26.88713,0,[33.001,62.06308]]],[498,[34.54746,27.58643,0,[33.00098,61.29464]]],[124,[16.18003,20.61171,0,[32.001,52.69363]]],[9,[32.3703,32.84429,0,[32.001,54.01168]]],[144,[10.1845,14.27235,0,[32.001,51.56396]]],[111,[15.12159,20.12378,0,[32.001,52.33763]]],[418,[18.10073,23.46003,0,[33.001,62.23211]]],[506,[29.15939,31.31598,0,[33.001,61.48737]]],[537,[35.12848,32.6218,0,[33.001,62.11538]]],[538,[35.46907,42.1819,0,[32.001,57.80959]]],[508,[29.96014,29.90026,0,[33.001,61.9478]]],[81,[21.46864,21.83092,0,[32.001,51.78366]]],[112,[14.11352,18.95097,0,[32.001,52.30409]]],[67,[22.77753,22.24305,0,[32.001,52.62756]]],[462,[23.76041,26.84107,0,[33.00099,61.94263]]],[525,[36.99226,32.37344,0,[32.05069,57.99937]]],[451,[25.5473,23.17394,0,[33.001,62.05802]]],[47,[27.47254,28.17459,0,[32.001,53.43822]]],[129,[12.09961,15.47929,0,[32.001,51.73619]]],[450,[23.23631,23.30246,0,[33.001,62.53237]]],[97,[15.63734,19.70737,0,[32.001,51.84308]]],[494,[28.76607,27.21641,0,[33.00099,62.93941]]],[433,[19.23059,24.72717,0,[33.001,61.50531]]],[512,[32.50695,26.75081,0,[33.001,61.96359]]],[550,[34.83942,42.67563,0,[32.001,57.1568]]],[542,[33.95037,38.33226,0,[32.001,57.81894]]],[64,[24.42426,25.58633,0,[32.00099,53.34734]]],[437,[20.85712,20.53992,0,[33.001,62.93572]]],[40,[33.32522,36.85847,0,[32.001,55.81057]]],[495,[30.66688,28.36564,0,[33.00099,61.84365]]],[51,[24.52971,24.02721,0,[32.00099,52.15064]]],[552,[36.00243,42.35698,0,[32.00099,56.66491]]],[27,[34.3475,36.6901,0,[32.00099,54.90083]]],[514,[35.64298,35.26786,0,[33.001,60.57872]]],[19,[32.8761,32.64054,0,[32.001,54.99904]]],[465,[26.2664,24.77234,0,[33.00099,62.60561]]],[98,[14.62774,18.46808,0,[32.001,51.74583]]],[526,[36.87076,38.14216,0,[32.00096,56.64408]]],[95,[18.03002,21.36967,0,[32.001,52.00442]]],[496,[31.0784,27.0868,0,[33.001,62.95055]]],[49,[26.32649,26.81084,0,[32.00099,53.16297]]],[114,[13.63808,16.55834,0,[32.001,51.62572]]],[528,[34.68573,42.75251,0,[32.00099,55.90683]]],[128,[11.34282,16.4844,0,[32.001,51.81454]]],[452,[24.4466,21.87372,0,[33.001,62.77345]]],[50,[25.06844,25.27983,0,[32.001,52.81899]]],[84,[18.74688,19.04736,0,[32.001,51.72089]]],[497,[32.03696,24.7924,0,[33.001,63.11329]]],[484,[33.54808,24.22768,0,[33.00099,62.77678]]],[35,[27.71195,26.81671,0,[32.001,52.44516]]],[376,[10.93605,19.28908,0,[33.001,62.18828]]],[439,[20.10262,18.7735,0,[33.001,63.30485]]],[404,[16.04871,22.92149,0,[33.001,62.15306]]],[8,[34.00566,33.92473,0,[32.001,53.8277]]],[68,[20.70672,20.30946,0,[32.001,51.58392]]],[499,[36.44264,32.51652,0,[33.00099,59.13659]]],[341,[7.909145,15.55218,0,[33.001,62.40048]]],[80,[19.4614,21.9583,0,[32.001,52.08166]]],[424,[17.74533,17.74362,0,[33.001,63.1212]]],[502,[33.94098,39.54042,0,[32.001,55.80452]]],[53,[23.33113,22.31684,0,[32.001,51.95343]]],[327,[8.105788,15.55153,0,[33.001,61.35474]]],[478,[24.95696,27.01721,0,[33.001,62.0631]]],[24,[28.43392,26.42874,0,[32.001,52.29407]]],[539,[35.33654,42.46799,0,[32.00099,56.30975]]],[54,[23.95806,21.64698,0,[32.001,51.61473]]],[369,[9.729132,18.42936,0,[33.001,62.50732]]],[464,[23.79691,24.97543,0,[33.001,63.07749]]],[481,[30.265,26.41705,0,[33.001,62.93245]]],[99,[16.30522,17.79846,0,[32.001,51.63589]]],[69,[22.62552,20.2763,0,[32.001,51.58915]]],[375,[13.63158,20.69464,0,[33.001,62.12574]]],[406,[14.99132,20.82786,0,[33.001,61.95058]]],[511,[32.8459,27.70362,0,[33.001,62.9393]]],[30,[33.59033,34.1868,0,[32.001,54.74513]]],[469,[29.52406,22.39557,0,[33.001,63.53275]]],[2,[35.55804,33.46944,0,[32.00094,53.44202]]],[438,[18.36628,19.47659,0,[33.001,63.3177]]],[395,[11.67111,18.37294,0,[33.001,63.23696]]],[39,[25.80838,23.24185,0,[32.001,51.76435]]],[13,[29.01988,28.25632,0,[32.001,51.87873]]],[83,[17.45541,19.59524,0,[32.001,51.6781]]],[482,[29.44689,24.82716,0,[33.001,62.44399]]],[483,[28.15037,23.44137,0,[33.001,63.47517]]],[396,[10.17571,17.13424,0,[33.001,63.36657]]],[130,[35.78067,34.60088,0,[32.00093,54.84092]]],[25,[27.1579,25.82059,0,[32.001,51.80941]]],[405,[15.40093,21.67197,0,[33.001,62.87185]]],[436,[21.62072,21.49135,0,[33.001,63.28656]]],[453,[22.83949,20.42853,0,[33.001,63.36103]]],[37,[26.40902,25.25867,0,[32.001,52.01762]]],[382,[14.36371,21.72823,0,[33.001,62.00307]]],[1,[34.35275,33.67944,0,[32.00099,52.5009]]],[23,[29.56935,28.31209,0,[32.001,52.98897]]],[300,[36.49329,31.67643,0,[32.00093,55.30243]]],[16,[33.56791,34.77238,0,[32.001,53.19672]]],[383,[12.06473,20.73675,0,[33.001,62.17719]]],[14,[30.80038,28.88054,0,[32.001,52.26818]]],[26,[29.65558,25.0746,0,[32.001,51.88123]]],[422,[17.19919,20.03643,0,[33.001,62.89514]]],[18,[35.05727,34.63474,0,[32.001,54.79248]]],[6,[32.03629,29.71307,0,[32.001,51.91366]]],[360,[10.87708,19.67374,0,[33.001,61.09174]]],[34,[26.94344,27.29697,0,[32.001,52.81897]]],[423,[15.95466,18.62056,0,[33.001,63.29586]]],[454,[25.03266,20.35379,0,[33.001,63.26126]]],[17,[34.77002,33.94558,0,[32.00095,53.42983]]],[409,[14.79156,17.50252,0,[33.001,63.03625]]],[384,[11.49865,19.40935,0,[33.001,62.16438]]],[408,[10.83993,18.12198,0,[33.001,63.26159]]],[15,[31.33815,27.4637,0,[32.001,51.7832]]],[467,[25.7577,22.50494,0,[33.001,63.10556]]],[468,[27.44793,22.08013,0,[33.001,62.93861]]],[3,[33.58163,32.12356,0,[32.001,52.07658]]],[392,[14.06534,21.81273,0,[33.001,63.0028]]],[393,[13.37171,20.62817,0,[33.001,63.09482]]],[22,[28.96072,28.51418,0,[32.001,52.98945]]],[52,[25.2236,23.53179,0,[32.001,51.77713]]],[466,[26.85238,23.90742,0,[33.001,62.80872]]],[359,[12.14764,20.75793,0,[33.001,61.03136]]],[38,[28.01307,24.11157,0,[32.001,51.50187]]],[342,[7.349484,14.6282,0,[33.001,62.915]]],[407,[12.5628,19.35678,0,[33.001,63.17206]]],[10,[32.13306,31.86002,0,[32.001,52.99443]]],[394,[12.6996,20.23964,0,[33.001,62.08175]]],[0,[32.78005,33.14018,0,[32.001,53.06558]]],[362,[9.04478,17.11648,0,[33.001,63.09413]]],[421,[19.10984,20.60086,0,[33.001,63.06784]]],[358,[12.70011,21.97805,0,[33.001,60.75873]]],[5,[32.82328,32.07115,0,[32.001,51.95295]]],[329,[6.760245,13.48545,0,[33.001,62.09718]]],[11,[31.38792,31.5477,0,[32.001,52.87822]]],[328,[7.337335,14.55906,0,[33.001,61.395]]],[385,[10.37306,18.18067,0,[33.001,62.2935]]],[353,[8.3833,15.80833,0,[33.001,63.17591]]]
1:[284,[30.71824,61.40355,0,[81.00098,59.85242]]],[269,[30.73392,61.41489,0,[81.00099,58.39178]]],[254,[31.17071,62.2318,0,[81.75008,57.00019]]],[268,[31.37667,62.53149,0,[81.00099,58.0891]]],[283,[31.40955,62.55483,0,[81.00095,59.78619]]],[267,[31.92367,63.61031,0,[81.00095,59.02462]]],[253,[32.09334,63.66618,0,[82.00098,56.91439]]],[252,[32.28506,63.84572,0,[81.00095,57.4497]]],[282,[32.50515,64.05982,0,[81.00092,58.7641]]],[239,[32.78655,63.30719,0,[82.00095,56.46683]]],[298,[32.28156,62.31681,0,[80.45493,60.00041]]],[236,[32.9338,64.83693,0,[81.001,57.21627]]],[266,[33.08186,64.66217,0,[81.00092,58.47245]]],[296,[33.18423,64.91086,0,[81.00094,59.97281]]],[237,[33.52408,65.06213,0,[82.00095,56.34397]]],[281,[33.6848,65.03251,0,[81.001,58.34629]]],[297,[33.84723,64.00061,0,[81.001,59.61882]]],[251,[33.59466,65.17136,0,[81.001,57.21174]]],[299,[33.42152,60.44162,0,[80.00098,60.72544]]],[311,[34.26766,65.74585,0,[81.00097,58.78963]]],[265,[34.37454,65.91409,0,[81.001,57.60187]]],[312,[33.98554,63.54818,0,[80.00099,60.00746]]],[222,[34.27851,66.1747,0,[82.00095,56.24798]]],[295,[34.8142,66.03239,0,[81.001,58.66194]]],[235,[34.93172,66.97398,0,[82.001,56.37535]]],[310,[35.25179,66.45996,0,[81.00096,59.56454]]],[250,[35.2023,66.24022,0,[81.00098,57.74163]]],[326,[34.57431,64.44257,0,[80.001,60.58086]]],[280,[35.65144,66.40386,0,[81.00098,58.6242]]],[294,[35.86729,67.13765,0,[81.00098,59.77789]]],[210,[35.59516,66.49387,0,[82.00098,56.84458]]],[264,[35.98079,67.11011,0,[81.001,57.33336]]],[279,[36.25046,67.45483,0,[81.00098,58.42988]]],[325,[35.35051,65.18491,0,[80.00097,60.66012]]],[309,[36.47128,67.61317,0,[81.00095,59.65414]]],[238,[35.8983,63.91858,0,[82.00095,55.95963]]],[234,[36.65664,66.96861,0,[81.00098,57.35998]]],[249,[36.86224,67.43338,0,[81.00099,58.65194]]],[324,[36.21066,66.48833,0,[80.00095,60.4966]]],[221,[36.69012,67.54655,0,[82.00099,56.34282]]],[338,[37.25875,68.0002,0,[81.00095,59.82616]]],[220,[37.2671,67.62405,0,[81.00097,57.33966]]],[293,[37.50196,68.39801,0,[81.00094,58.76628]]],[207,[37.90504,68.39727,0,[81.001,57.77037]]],[340,[37.25536,65.00981,0,[80.00095,60.37835]]],[263,[38.14446,68.04015,0,[81.00092,58.8796]]],[209,[37.55738,67.66644,0,[82.00097,56.36565]]],[191,[38.43196,67.92988,0,[81.91977,57.00036]]],[233,[38.61468,68.06398,0,[81.00098,58.14557]]],[278,[38.8217,68.85149,0,[81.00098,59.26294]]],[323,[38.25243,68.41737,0,[80.86529,60.00042]]],[208,[38.60174,67.64532,0,[81.10754,57.00021]]],[198,[38.44446,68.96523,0,[82.00089,55.93879]]],[349,[39.39293,69.42516,0,[81.00097,59.2929]]],[248,[39.35896,68.88999,0,[81.00098,58.06411]]],[339,[38.28915,66.13324,0,[80.00099,60.52151]]],[223,[39.34584,65.91405,0,[82.00093,56.18432]]],[337,[39.89256,69.48601,0,[81.00098,58.7431]]],[348,[40.06667,70.5631,0,[81.00098,59.87181]]],[219,[39.32468,68.71458,0,[81.16461,57.00023]]],[350,[39.03944,67.70821,0,[80.00095,60.27425]]],[308,[40.48905,69.06817,0,[81.00098,58.62417]]],[232,[40.06439,69.40716,0,[81.001,57.68397]]],[322,[40.89657,70.05767,0,[81.00097,59.62092]]],[368,[40.03834,68.30492,0,[80.00095,60.44369]]],[199,[40.27725,68.67748,0,[82.00093,56.00864]]],[218,[41.00319,69.70049,0,[81.00097,57.05306]]],[292,[41.12654,69.49641,0,[81.00095,58.18569]]],[307,[41.52663,70.09347,0,[81.0009,59.36093]]],[262,[41.62529,69.41332,0,[81.00099,57.43052]]],[336,[40.80968,69.51362,0,[80.00098,60.30159]]],[197,[41.28781,69.76041,0,[82.00098,56.24713]]],[277,[42.08898,69.97388,0,[81.00095,58.21296]]],[321,[42.11588,71.00378,0,[81.00094,59.34606]]],[184,[42.32749,69.12029,0,[81.36697,57.00033]]],[247,[42.68635,69.92704,0,[81.00098,57.9988]]],[335,[41.71054,70.47534,0,[80.00098,60.33823]]],[167,[42.19321,69.29467,0,[82.00093,56.19886]]],[291,[42.73346,70.56031,0,[81.00097,59.24886]]],[183,[43.15687,70.098,0,[81.69748,57.00039]]],[306,[43.42371,71.32536,0,[81.00098,59.16064]]],[224,[42.94989,65.45,0,[82.00094,55.95855]]],[357,[42.45029,70.90918,0,[80.00094,60.18824]]],[261,[43.29509,70.56071,0,[81.00099,58.0611]]],[366,[43.90149,71.56487,0,[81.00098,59.90062]]],[246,[44.07941,70.9957,0,[81.00098,58.7735]]],[205,[43.89971,71.20067,0,[81.001,57.6839]]],[206,[43.98625,70.71575,0,[82.001,56.98909]]],[314,[43.64423,62.05872,0,[80.00099,60.77766]]],[365,[44.53805,72.65972,0,[81.00098,59.71131]]],[231,[44.66017,70.68346,0,[81.001,58.12844]]],[276,[45.10407,71.18021,0,[81.00097,58.88955]]],[196,[44.91275,71.53555,0,[81.91061,57.00056]]],[346,[45.38122,72.81544,0,[81.00096,59.99175]]],[381,[44.33573,70.85201,0,[80.00097,60.68782]]],[217,[45.44125,71.07286,0,[81.00098,58.05444]]],[188,[45.04243,70.73228,0,[81.00099,57.14148]]],[260,[45.87965,71.63361,0,[81.00099,58.88051]]],[391,[45.22959,71.70235,0,[80.00095,60.72088]]],[290,[46.2863,71.6161,0,[81.00095,59.80914]]],[195,[46.1685,71.28734,0,[81.00095,58.01581]]],[181,[45.96074,71.76228,0,[81.29784,57.0006]]],[176,[43.91719,69.67653,0,[82.001,55.81073]]],[275,[46.72456,72.44651,0,[81.00096,58.8119]]],[245,[46.82407,72.61928,0,[81.00095,57.75642]]],[320,[46.922,72.61675,0,[81.00095,59.96235]]],[190,[46.29572,69.81612,0,[82.00097,56.08577]]],[356,[45.93086,72.37833,0,[80.001,60.59324]]],[259,[47.41177,73.07691,0,[81.00093,58.65725]]],[305,[47.51207,72.73845,0,[81.00092,59.83845]]],[230,[47.42341,71.89936,0,[81.00093,57.45763]]],[189,[47.23378,70.95689,0,[82.00092,56.95727]]],[244,[48.03075,73.4823,0,[81.00095,58.53981]]],[390,[46.8017,73.16151,0,[80.00099,60.64997]]],[373,[48.06467,73.02612,0,[81.00094,59.66071]]],[229,[48.14265,72.92581,0,[81.00084,57.54666]]],[182,[48.30959,72.8925,0,[82.00084,56.89793]]],[216,[48.71782,72.57789,0,[81.00088,58.94143]]],[204,[48.8751,72.43105,0,[81.00092,57.62747]]],[364,[48.43266,73.7972,0,[80.41172,60.00053]]],[163,[49.1652,73.09583,0,[82.00093,56.86213]]],[319,[49.37801,73.73441,0,[81.00092,58.7032]]],[334,[49.36214,72.97459,0,[81.00093,59.7972]]],[174,[47.54174,71.27919,0,[82.00095,56.0262]]],[215,[49.44757,73.50401,0,[81.00099,57.2688]]],[333,[49.89373,74.09566,0,[81.001,58.22375]]],[345,[50.0529,74.02035,0,[81.00096,59.48628]]],[200,[48.68803,69.65894,0,[82.00095,55.77928]]],[171,[50.14643,73.24364,0,[81.00098,57.24197]]],[304,[50.49763,73.91975,0,[81.00095,58.32355]]],[379,[49.06786,73.94523,0,[80.00093,60.59502]]],[355,[50.72335,74.71406,0,[81.00095,59.47353]]],[180,[50.10627,73.59076,0,[82.00092,56.18351]]],[289,[51.03695,73.43356,0,[81.00095,58.06877]]],[228,[50.73468,74.04695,0,[81.001,57.04325]]],[288,[51.33723,74.42051,0,[81.00095,59.27858]]],[347,[47.78131,72.37067,0,[80.001,60.64194]]],[388,[50.42749,75.04361,0,[80.00094,60.31791]]],[193,[51.64164,73.92877,0,[81.00096,58.07837]]],[194,[51.70498,73.25694,0,[81.243,57.00029]]],[258,[51.91117,74.16714,0,[81.00098,59.25962]]],[203,[50.81976,74.43693,0,[82.001,56.16931]]],[274,[52.23204,73.97628,0,[81.00095,58.11478]]],[371,[51.06521,73.8521,0,[80.00098,60.28967]]],[401,[52.49752,76.36272,0,[81.00097,59.52743]]],[172,[51.59936,73.68207,0,[82.00094,56.24136]]],[186,[52.40943,74.16721,0,[81.18289,57.00032]]],[313,[51.72327,63.71669,0,[80.00099,60.57085]]],[214,[52.86487,75.0463,0,[81.00098,58.56116]]],[370,[53.11781,76.33228,0,[81.00098,59.73149]]],[202,[52.90149,75.37948,0,[81.00098,57.40084]]],[179,[53.48526,74.20184,0,[81.00095,58.24789]]],[187,[52.40184,75.0649,0,[82.00096,56.23882]]],[402,[52.42474,73.98443,0,[80.00095,60.55215]]],[318,[53.68839,74.95622,0,[81.00094,59.48682]]],[161,[53.51595,74.23303,0,[81.05719,57.00028]]],[165,[53.11201,71.16735,0,[82.00095,56.31866]]],[135,[54.1809,74.85707,0,[81.00094,58.19835]]],[344,[54.25223,76.06805,0,[81.00091,59.40362]]],[378,[53.24451,74.94727,0,[80.00092,60.33622]]],[149,[54.16615,75.08045,0,[81.00098,57.03481]]],[164,[53.76146,72.34174,0,[82.00096,56.1339]]],[147,[54.75669,76.75756,0,[81.00098,58.14662]]],[273,[54.86777,74.67415,0,[81.00098,59.33987]]],[417,[54.02484,73.7849,0,[80.00091,60.23821]]],[136,[54.84915,74.12844,0,[81.1469,57.00027]]],[150,[54.62753,75.72054,0,[82.00098,56.11477]]],[243,[55.38972,74.82766,0,[81.00097,58.07373]]],[317,[55.61278,75.74236,0,[81.00095,59.28989]]],[121,[55.83803,75.70058,0,[81.68171,57.00025]]],[303,[54.70634,73.95853,0,[80.00098,60.19912]]],[257,[56.11713,75.34028,0,[81.00099,58.5566]]],[173,[55.50185,73.84457,0,[82.00097,56.14684]]],[332,[55.34763,74.33224,0,[80.00095,60.14763]]],[192,[56.04616,76.57372,0,[81.001,57.43431]]],[287,[56.51399,75.85217,0,[81.00098,59.55225]]],[178,[56.7065,75.59943,0,[81.00099,58.02829]]],[372,[49.72729,73.2534,0,[80.00098,60.41718]]],[343,[57.23146,77.61191,0,[81.00095,58.76555]]],[151,[56.3488,75.0286,0,[82.00095,56.24982]]],[185,[57.35768,75.01938,0,[81.00097,57.67249]]],[134,[57.11229,76.55106,0,[81.50947,57.00026]]],[400,[57.10233,77.16894,0,[81.00095,59.77028]]],[363,[57.88956,76.33001,0,[81.00098,59.65829]]],[137,[58.123,75.40362,0,[81.9987,57.00026]]],[448,[56.91523,74.70566,0,[80.001,60.60167]]],[272,[57.87007,76.16747,0,[81.001,58.36131]]],[106,[57.0478,76.58788,0,[82.00094,56.07166]]],[416,[58.59567,76.02126,0,[81.00098,59.79299]]],[412,[58.46635,79.77891,0,[81.00099,58.68248]]],[120,[58.16698,76.20497,0,[81.00096,57.11509]]],[361,[55.99621,68.8996,0,[80.00099,60.50287]]],[242,[59.16544,76.12164,0,[81.00098,58.49111]]],[398,[59.32943,79.9643,0,[81.00097,59.62528]]],[432,[58.44332,74.57096,0,[80.00098,60.64289]]],[156,[58.10635,69.70364,0,[82.00088,55.89713]]],[227,[58.75364,75.66573,0,[81.001,57.57034]]],[256,[59.90057,76.76273,0,[81.00099,58.6469]]],[160,[59.73549,75.94498,0,[81.001,57.58636]]],[302,[60.06528,76.2485,0,[81.00096,59.74017]]],[387,[57.62875,77.0187,0,[80.00098,60.55485]]],[148,[59.5937,77.00666,0,[81.66798,57.00014]]],[119,[60.49254,77.34122,0,[81.00098,58.32642]]],[411,[60.64337,80.58941,0,[81.00097,59.50031]]],[413,[59.14538,77.9977,0,[80.00095,60.47799]]],[162,[60.61037,77.51924,0,[81.94872,57.00065]]],[226,[61.14566,77.00441,0,[81.00096,58.42902]]],[377,[61.3255,78.77607,0,[81.00096,59.59938]]],[133,[60.70882,78.13818,0,[81.00095,57.26561]]],[155,[59.13243,71.37397,0,[82.00098,56.49321]]],[414,[60.3483,76.66211,0,[80.00096,60.41222]]],[159,[61.76379,77.40555,0,[81.001,58.44147]]],[170,[61.44866,75.72338,0,[81.00098,57.16827]]],[399,[62.00744,79.44608,0,[81.00097,59.45204]]],[105,[59.73766,77.64571,0,[82.00099,55.92763]]],[152,[61.89714,74.68023,0,[82.00099,56.19649]]],[447,[61.0209,76.08648,0,[80.00096,60.44378]]],[132,[62.50711,78.467,0,[81.00098,58.34863]]],[331,[62.67113,76.89064,0,[81.00097,59.50068]]],[213,[62.09539,76.83981,0,[81.00099,57.35742]]],[430,[61.68892,77.31463,0,[80.001,60.50221]]],[458,[63.17198,80.49667,0,[81.00094,58.29231]]],[441,[63.2848,82.10048,0,[81.00094,59.48508]]],[104,[62.7324,78.14912,0,[81.03426,57.00042]]],[139,[61.15915,73.43832,0,[82.00093,56.20862]]],[122,[62.65658,76.3213,0,[82.00099,56.33593]]],[415,[59.76439,76.87749,0,[80.00099,60.66029]]],[286,[63.8175,77.22194,0,[81.001,58.30423]]],[459,[63.94948,80.35683,0,[81.001,59.43102]]],[89,[63.33136,78.85925,0,[81.00096,57.19798]]],[241,[64.40512,77.93378,0,[81.00098,58.5218]]],[461,[62.95521,77.23563,0,[80.001,60.42461]]],[103,[63.3962,79.83456,0,[82.00095,56.24468]]],[426,[64.61456,82.13138,0,[81.00096,59.69827]]],[169,[63.88879,77.99097,0,[81.001,57.08064]]],[442,[65.07647,81.32265,0,[81.00096,58.79751]]],[125,[64.12475,74.48933,0,[82.00097,56.19334]]],[445,[63.67534,78.35535,0,[80.001,60.48346]]],[102,[65.13952,79.684,0,[81.00096,57.73099]]],[456,[65.28749,83.65813,0,[81.00095,59.9452]]],[131,[64.50343,79.89269,0,[81.00099,57.39085]]],[354,[65.82758,78.54647,0,[81.00098,59.29054]]],[429,[62.28767,78.4425,0,[80.00097,60.42159]]],[146,[65.73942,79.34631,0,[81.00099,58.17256]]],[91,[65.69637,78.42931,0,[81.78805,57.00044]]],[117,[66.45928,79.99195,0,[81.00097,58.78448]]],[460,[66.40092,80.43315,0,[81.00097,59.86127]]],[444,[65.32818,80.04388,0,[80.00092,60.44156]]],[92,[65.93178,77.16155,0,[81.0349,57.00024]]],[75,[66.47912,79.73908,0,[81.00097,57.70176]]],[427,[67.03277,81.56085,0,[81.00093,59.54108]]],[48,[67.06925,78.63952,0,[81.00093,58.34991]]],[428,[66.25922,81.29026,0,[80.00095,60.5835]]],[90,[67.15615,79.07561,0,[81.00089,57.29508]]],[211,[65.09551,70.14799,0,[82.00097,56.16396]]],[457,[67.92342,83.21568,0,[81.00099,59.79628]]],[140,[67.17852,74.07906,0,[82.00093,56.87005]]],[410,[67.74724,83.06208,0,[81.00099,58.69161]]],[443,[64.34519,80.04264,0,[80.00095,60.56982]]],[118,[67.88046,81.14562,0,[81.001,57.428]]],[440,[68.60317,84.43262,0,[81.00097,59.19878]]],[73,[68.47942,80.82537,0,[81.00097,58.07101]]],[374,[67.73415,73.01559,0,[80.001,60.70219]]],[175,[66.36909,74.01963,0,[82.00098,56.05245]]],[472,[68.23202,82.61275,0,[80.00096,60.04827]]],[153,[68.72587,76.13006,0,[81.49977,57.00042]]],[316,[69.23234,78.4806,0,[81.00096,58.82433]]],[59,[69.07963,80.85779,0,[81.00096,57.69294]]],[470,[69.55114,86.65807,0,[81.00096,59.90385]]],[330,[69.92481,79.41119,0,[81.001,58.89174]]],[475,[68.79268,80.41394,0,[80.001,60.60332]]],[87,[69.79374,81.19313,0,[81.001,57.7839]]],[177,[68.27197,73.06277,0,[82.00098,56.5326]]],[88,[69.70819,82.34502,0,[81.83098,57.00043]]],[517,[70.30849,86.23536,0,[81.00096,59.93394]]],[285,[70.67101,78.8849,0,[81.00098,59.17392]]],[72,[70.45538,81.46478,0,[81.00099,58.09592]]],[473,[66.89786,81.16095,0,[80.00099,60.32411]]],[43,[70.51711,83.92762,0,[81.90607,57.0005]]],[225,[71.14195,79.20194,0,[81.00092,58.55148]]],[271,[71.29785,78.76742,0,[81.00092,59.73699]]],[96,[71.25883,75.56188,0,[82.00095,56.98978]]],[487,[70.28539,84.20245,0,[80.00095,60.51585]]],[471,[71.94875,85.05357,0,[81.00099,59.67282]]],[455,[71.76574,85.95488,0,[81.00099,58.57074]]],[166,[69.0163,74.36028,0,[82.00093,55.97647]]],[504,[71.00518,83.82397,0,[80.00091,60.49492]]],[45,[71.2284,81.34949,0,[81.00094,57.5411]]],[44,[72.00378,82.00574,0,[81.00092,57.45364]]],[301,[72.56688,78.49931,0,[81.00093,59.73663]]],[168,[71.96906,72.16446,0,[81.92417,57.0004]]],[201,[72.48585,77.86546,0,[81.00091,58.59492]]],[505,[69.43884,81.72945,0,[80.00098,60.75334]]],[86,[72.95698,82.00741,0,[81.001,57.50408]]],[486,[73.31162,85.93391,0,[81.00094,59.66006]]],[116,[73.38037,80.96204,0,[81.00092,58.59587]]],[127,[70.59158,74.10422,0,[82.0008,55.81979]]],[489,[72.30315,81.82449,0,[80.00094,60.53882]]],[94,[72.91413,77.0555,0,[81.96258,57.00051]]],[503,[74.02641,85.79109,0,[81.00095,59.5291]]],[158,[74.02628,80.35513,0,[81.00096,58.37951]]],[32,[73.92407,81.04361,0,[81.00096,57.23267]]],[490,[71.62861,81.09843,0,[80.00098,60.6188]]],[488,[74.80286,85.22111,0,[81.00095,59.75695]]],[255,[74.65768,79.05664,0,[81.00096,58.6126]]],[61,[73.7813,81.85735,0,[81.9136,57.0005]]],[71,[74.63525,83.10043,0,[81.00096,57.50284]]],[492,[75.46707,80.92278,0,[81.00093,59.75234]]],[479,[73.72948,78.20385,0,[80.00094,60.33591]]],[530,[75.38258,87.13671,0,[81.00094,58.61427]]],[420,[74.45694,75.10507,0,[80.00095,60.60964]]],[123,[74.63089,77.56171,0,[82.00098,56.29291]]],[60,[72.20636,81.59998,0,[82.00091,55.86611]]],[531,[76.03483,87.84509,0,[81.00095,58.41061]]],[520,[76.1564,84.95332,0,[81.00095,59.58105]]],[212,[75.24893,78.36299,0,[81.00094,57.46682]]],[58,[75.83752,82.48822,0,[81.00099,57.28963]]],[518,[75.26086,85.35158,0,[80.00093,60.50688]]],[386,[76.64407,84.07395,0,[81.00098,58.32491]]],[142,[73.52621,74.76268,0,[82.00098,55.7732]]],[62,[76.45501,81.79443,0,[82.00084,56.52132]]],[397,[76.85852,83.05943,0,[81.00098,59.45245]]],[77,[76.6699,80.34275,0,[81.00096,57.24203]]],[431,[75.96812,79.93806,0,[80.001,60.40021]]],[425,[77.47562,85.62481,0,[81.00094,59.6633]]],[57,[77.31419,83.98111,0,[81.00094,58.48561]]],[78,[77.15215,79.11215,0,[82.00092,56.05424]]],[501,[76.57359,89.93658,0,[80.00097,60.37706]]],[101,[78.02345,82.13351,0,[81.00095,58.2463]]],[4,[77.93839,83.68071,0,[81.00098,57.0736]]],[76,[77.37173,80.09151,0,[81.00094,57.42159]]],[108,[75.37712,79.40981,0,[82.00095,56.76001]]],[507,[78.12508,83.16446,0,[81.00093,59.41313]]],[107,[75.63833,78.06788,0,[82.00095,55.83076]]],[389,[73.07222,78.25865,0,[80.00094,60.47376]]],[519,[78.75771,84.87292,0,[81.00092,58.6521]]],[70,[78.65926,84.42891,0,[81.00092,57.42925]]],[33,[78.39666,83.21367,0,[82.00089,56.17413]]],[510,[78.95531,81.12426,0,[81.00091,59.90976]]],[435,[78.06919,76.06089,0,[80.00086,60.14447]]],[240,[79.50508,80.80312,0,[81.00092,57.85255]]],[56,[79.84986,85.61789,0,[81.73947,57.00039]]],[521,[79.64205,83.9791,0,[81.0009,59.06213]]],[113,[79.22993,74.08267,0,[82.00096,56.5053]]],[540,[80.21696,89.84394,0,[81.00096,58.81147]]],[157,[77.8465,73.86069,0,[82.00095,56.60736]]],[115,[80.10705,83.24097,0,[81.00096,57.66716]]],[351,[77.37903,69.2898,0,[80.00092,60.37863]]],[449,[79.40258,78.22079,0,[80.35219,60.0005]]],[534,[80.65824,85.84474,0,[81.00095,59.78889]]],[522,[80.99204,84.66933,0,[81.00099,58.74945]]],[74,[80.01923,84.99682,0,[82.00089,55.95171]]],[100,[80.73672,83.76346,0,[81.00099,57.71966]]],[463,[81.39098,80.18401,0,[81.00096,59.77636]]],[380,[80.00845,74.82735,0,[80.00095,60.49163]]],[548,[81.55583,93.8288,0,[81.00097,58.50211]]],[29,[81.48721,84.86134,0,[81.00096,57.41706]]],[523,[81.93967,82.47229,0,[81.00096,59.55433]]],[109,[80.7487,78.06836,0,[82.00094,56.90723]]],[485,[82.19998,89.79412,0,[81.00097,58.25959]]],[46,[81.49005,84.4047,0,[82.00092,56.94269]]],[367,[81.40711,74.52325,0,[80.00098,60.62962]]],[474,[82.53767,87.81703,0,[81.00098,59.49246]]],[28,[82.3438,86.54858,0,[81.00079,57.22697]]],[533,[83.07021,87.91817,0,[81.00095,58.52435]]],[82,[82.3637,77.2969,0,[82.0008,56.81357]]],[476,[82.13996,80.97385,0,[80.00097,60.46881]]],[545,[83.16915,85.6978,0,[81.00095,59.67932]]],[41,[83.09979,86.6282,0,[81.00084,57.05894]]],[42,[80.96567,86.96043,0,[82.00097,55.87822]]],[516,[83.68052,89.10031,0,[81.00097,58.57955]]],[553,[83.77246,89.32794,0,[81.00096,59.7107]]],[352,[80.70151,69.27382,0,[80.001,60.61371]]],[145,[83.77144,83.98454,0,[81.00098,57.41491]]],[500,[84.26543,91.35497,0,[81.00091,58.52773]]],[532,[84.50984,88.04459,0,[81.00091,59.75512]]],[315,[84.47074,81.87994,0,[81.00089,57.63365]]],[154,[83.40633,77.06215,0,[82.00085,56.52126]]],[524,[82.83669,80.98174,0,[80.001,60.583]]],[549,[85.10082,94.60873,0,[81.00094,58.42255]]],[12,[84.89706,85.4374,0,[82.0008,56.96687]]],[529,[85.09341,90.92039,0,[81.00093,59.51672]]],[110,[85.01112,76.89876,0,[81.00095,57.17063]]],[546,[84.27809,84.74635,0,[80.00092,60.51774]]],[541,[85.72129,91.0257,0,[81.00095,58.55679]]],[85,[85.76708,86.75402,0,[81.00094,57.49515]]],[554,[85.8035,90.83249,0,[81.00095,59.69913]]],[126,[83.86844,76.89197,0,[82.00098,55.76454]]],[65,[86.14097,81.54562,0,[82.00096,56.70611]]],[543,[86.40893,87.81823,0,[81.00094,59.17476]]],[270,[86.42426,82.82533,0,[81.00095,58.06495]]],[547,[84.93456,86.83779,0,[80.001,60.33527]]],[403,[83.51903,78.5651,0,[80.00096,60.53778]]],[527,[87.05312,90.00681,0,[81.00094,58.97897]]],[20,[86.57316,85.04229,0,[81.38119,57.00035]]],[21,[87.04418,84.05853,0,[81.00092,57.84943]]],[536,[86.70947,83.96143,0,[80.61227,60.00035]]],[551,[87.66104,93.06162,0,[81.00092,59.59921]]],[7,[87.7384,86.84393,0,[81.00096,58.40512]]],[55,[86.57034,88.55282,0,[82.00095,56.02222]]],[138,[87.39355,79.92007,0,[81.43849,57.00042]]],[93,[87.80295,79.88863,0,[81.00098,57.1927]]],[480,[88.22068,81.85247,0,[81.00092,59.40192]]],[477,[87.01387,82.3965,0,[80.0009,60.26138]]],[513,[88.35578,81.68477,0,[81.00094,58.27391]]],[143,[87.27328,74.965,0,[82.00092,56.1189]]],[36,[88.46651,83.20529,0,[81.00095,57.14759]]],[493,[88.8055,86.67473,0,[81.00097,59.42023]]],[79,[88.04117,81.50351,0,[82.00095,56.22938]]],[515,[89.01759,92.82652,0,[81.00096,58.20892]]],[535,[85.80803,84.65701,0,[80.00096,60.27146]]],[63,[89.40195,83.44049,0,[81.5592,57.00024]]],[434,[89.45432,80.33805,0,[81.00092,59.57316]]],[141,[88.78629,77.48676,0,[82.00095,56.27129]]],[419,[88.44957,76.86098,0,[80.00096,60.33142]]],[509,[89.77436,87.6218,0,[81.00095,58.75726]]],[31,[89.64706,86.92973,0,[81.00096,57.55922]]],[491,[90.17416,88.19547,0,[81.00098,59.88344]]],[544,[90.34042,88.83218,0,[81.00098,58.50183]]],[66,[90.35388,83.45544,0,[81.00099,57.35136]]],[446,[87.72617,81.6931,0,[80.00096,60.35823]]],[498,[90.85151,81.88053,0,[81.00096,59.29118]]],[124,[89.75896,81.5228,0,[82.00093,56.10865]]],[9,[90.96722,88.42812,0,[81.00093,57.99127]]],[144,[90.59693,75.36206,0,[82.001,56.4588]]],[111,[91.36536,80.26624,0,[81.50313,57.00032]]],[418,[89.2437,79.41032,0,[80.0009,60.39987]]],[506,[91.42461,91.03722,0,[81.00091,59.28729]]],[537,[91.55725,90.07338,0,[81.00095,57.88787]]],[538,[91.95516,94.41304,0,[81.00095,58.96202]]],[508,[90.9843,87.64481,0,[80.001,60.12214]]],[81,[92.06349,80.94941,0,[81.59753,57.00033]]],[112,[91.41819,80.08689,0,[82.00095,56.0627]]],[67,[92.26609,80.50317,0,[81.00094,57.71374]]],[462,[91.63412,86.67388,0,[80.0009,60.02911]]],[525,[92.59495,85.49845,0,[81.001,59.12681]]],[451,[90.23952,79.27737,0,[80.00092,60.22062]]],[47,[92.90046,85.37952,0,[81.001,57.55559]]],[129,[92.26549,78.5097,0,[82.0009,56.03362]]],[450,[93.20609,79.76396,0,[81.00094,59.57438]]],[97,[93.1173,81.38818,0,[82.00096,56.67138]]],[494,[93.36421,88.18875,0,[81.00094,58.56662]]],[433,[92.60328,76.91747,0,[80.001,60.578]]],[512,[93.89143,85.66727,0,[81.00098,59.70535]]],[550,[93.74459,95.41617,0,[81.00098,57.80512]]],[542,[94.20097,91.55323,0,[81.00097,58.68193]]],[64,[93.9639,85.35242,0,[82.00098,56.96356]]],[437,[93.3487,79.86358,0,[80.00097,60.64294]]],[40,[94.37495,90.41175,0,[81.00097,57.41389]]],[495,[94.6609,89.77346,0,[81.00094,59.81065]]],[51,[93.67405,83.7599,0,[82.00098,55.89978]]],[552,[94.7901,95.86624,0,[81.00096,58.46074]]],[27,[95.10333,92.01259,0,[81.00097,57.13436]]],[514,[95.26093,92.6768,0,[81.00095,59.47435]]],[19,[95.37806,87.01326,0,[81.00097,58.24827]]],[465,[94.1123,85.3342,0,[80.00095,60.57112]]],[98,[95.07032,83.86009,0,[82.00099,56.56018]]],[526,[95.85637,93.70231,0,[81.00096,59.1649]]],[95,[95.68616,82.85001,0,[81.00098,57.27752]]],[496,[95.50232,87.06042,0,[80.00095,60.07212]]],[49,[96.24215,86.76498,0,[81.00094,58.02116]]],[114,[95.81815,79.39577,0,[82.00097,56.20486]]],[528,[96.51231,96.70364,0,[81.0009,59.31329]]],[128,[96.55937,82.32343,0,[82.00098,56.47388]]],[452,[94.9798,81.64446,0,[80.001,60.31197]]],[50,[96.93347,85.37581,0,[81.00098,58.01609]]],[84,[96.61098,82.0754,0,[81.04784,57.00019]]],[497,[97.08263,86.02526,0,[81.00089,59.19722]]],[484,[97.5838,86.7791,0,[81.00098,57.70238]]],[35,[97.28801,89.7702,0,[82.00095,56.14042]]],[376,[96.08992,77.54343,0,[80.0009,60.14896]]],[439,[97.67322,78.73119,0,[81.00098,58.99361]]],[404,[97.37742,81.48003,0,[80.00096,60.01911]]],[8,[98.18783,90.61421,0,[81.00098,58.07529]]],[68,[97.88695,85.76075,0,[82.00098,56.7627]]],[499,[98.38054,87.99269,0,[81.00097,59.31182]]],[341,[96.76048,69.617,0,[80.00098,60.19184]]],[80,[98.46627,84.19975,0,[81.00098,57.1461]]],[424,[98.9603,78.72436,0,[81.00099,59.59926]]],[502,[98.90258,93.19836,0,[81.001,58.26897]]],[53,[98.52892,84.27193,0,[82.00099,56.42994]]],[327,[98.13662,69.80897,0,[80.00095,60.44097]]],[478,[99.4687,92.13509,0,[81.00097,59.03653]]],[24,[99.13799,87.18202,0,[81.00096,57.03081]]],[539,[99.6772,98.96859,0,[81.00095,57.88855]]],[54,[99.37742,86.8595,0,[82.00096,56.18098]]],[369,[98.9417,76.06731,0,[80.00098,60.33474]]],[464,[100.0581,87.7318,0,[81.00092,59.43141]]],[481,[100.2863,92.01227,0,[81.00095,58.44388]]],[99,[100.1798,81.48119,0,[81.20462,57.00045]]],[69,[100.1183,85.14932,0,[82.00091,56.21201]]],[375,[99.83696,78.46307,0,[80.001,60.31982]]],[406,[100.8511,78.32542,0,[81.00097,59.41824]]],[511,[100.8144,92.48402,0,[81.00099,58.06036]]],[30,[101.1909,93.75842,0,[82.00099,56.9386]]],[469,[101.4329,87.7787,0,[81.00095,58.59857]]],[2,[101.346,90.51142,0,[81.00096,57.30346]]],[438,[101.6394,81.12849,0,[81.00094,59.87136]]],[395,[100.5815,77.46973,0,[80.00095,60.30032]]],[39,[102.1791,85.61475,0,[81.00095,58.02482]]],[13,[102.1115,91.47364,0,[81.37022,57.00032]]],[83,[101.5926,87.30175,0,[82.00094,56.19829]]],[482,[102.1803,91.49723,0,[81.00092,59.20339]]],[483,[102.7453,89.13801,0,[81.00099,58.92263]]],[396,[101.7191,75.34071,0,[80.00095,60.20664]]],[130,[102.7699,90.89971,0,[81.001,57.56453]]],[25,[102.4367,92.45758,0,[82.00094,56.07391]]],[405,[102.5265,83.73289,0,[80.13041,60.00025]]],[436,[103.3634,84.25532,0,[81.001,58.93673]]],[453,[103.816,85.32291,0,[81.00099,59.75251]]],[37,[103.2268,90.64643,0,[82.00095,56.54519]]],[382,[103.0813,77.43428,0,[80.00098,60.59948]]],[1,[103.8819,92.49584,0,[81.001,58.17321]]],[23,[103.3493,87.60274,0,[81.001,57.67031]]],[300,[104.3251,89.25253,0,[81.00098,59.11075]]],[16,[104.4655,95.99754,0,[81.00085,57.58876]]],[383,[103.8316,81.69096,0,[80.00099,60.27027]]],[14,[103.8296,89.30628,0,[82.00098,56.12363]]],[26,[105.0386,88.17469,0,[81.97767,57.00035]]],[422,[105.0126,89.97665,0,[81.00097,59.50276]]],[18,[105.1499,92.73232,0,[81.00098,58.44947]]],[6,[105.2901,90.14195,0,[81.26247,57.00039]]],[360,[104.5818,73.43597,0,[80.00095,60.41288]]],[34,[105.268,94.30046,0,[82.00089,56.03855]]],[423,[105.6345,82.79623,0,[81.00096,59.86472]]],[454,[105.7812,85.8987,0,[81.00098,58.6364]]],[17,[105.8219,94.47926,0,[81.00096,57.45099]]],[409,[106.369,91.02599,0,[81.00098,58.522]]],[384,[105.6945,74.44366,0,[80.00098,60.03449]]],[408,[106.7887,78.10715,0,[81.00098,59.47819]]],[15,[106.2798,90.83377,0,[82.00095,56.37384]]],[467,[106.3866,90.28113,0,[81.00099,57.07067]]],[468,[107.3381,92.19798,0,[81.00096,58.73967]]],[3,[106.8716,92.57457,0,[81.00099,57.84441]]],[392,[106.7798,82.8223,0,[80.00098,60.06886]]],[393,[107.8357,90.95921,0,[81.00097,59.62239]]],[22,[107.0396,89.56226,0,[82.0009,56.13301]]],[52,[107.6622,86.72621,0,[81.00098,57.43159]]],[466,[108.1169,97.12294,0,[81.00096,58.38988]]],[359,[107.6583,76.01994,0,[80.001,60.67043]]],[38,[107.8883,90.84863,0,[82.001,56.44678]]],[342,[108.5172,76.94847,0,[81.00095,59.79813]]],[407,[108.7597,87.88481,0,[81.00099,58.63911]]],[10,[108.8995,95.18367,0,[81.001,57.34019]]],[394,[109.1267,77.66763,0,[81.00097,59.94328]]],[0,[109.0036,96.38288,0,[82.00098,56.50702]]],[362,[109.619,81.41394,0,[81.00098,59.20538]]],[421,[109.4477,96.39972,0,[81.00098,58.02237]]],[358,[109.2202,81.29169,0,[80.00097,60.35666]]],[5,[110.1205,94.99318,0,[82.00098,56.73833]]],[329,[110.2974,72.57673,0,[81.001,59.33227]]],[11,[110.1172,95.18204,0,[81.00099,57.82296]]],[328,[110.3499,73.03085,0,[80.001,60.4194]]],[385,[111.1277,78.11531,0,[81.001,58.93854]]],[353,[110.8079,85.35751,0,[81.00098,57.5703]]]

Travel Distances:
[284,91.94269],[269,91.93015],[254,91.77793],[268,93.62909],[283,93.53081],[267,93.72018],[253,93.24236],[252,95.22793],[282,94.94763],[239,93.40244],[298,93.62062],[236,94.89252],[266,94.32631],[296,96.26915],[237,95.61137],[281,95.56314],[297,94.22799],[251,95.56711],[299,91.20818],[311,97.03712],[265,96.95512],[312,95.29539],[222,97.06631],[295,96.1061],[235,96.41135],[310,95.83828],[250,97.64641],[326,96.66192],[280,96.93169],[294,97.13135],[210,96.59339],[264,96.9925],[279,98.74652],[325,97.65975],[309,98.29106],[238,94.68237],[234,97.48032],[249,97.4162],[324,97.48215],[221,98.7893],[338,99.24008],[220,98.84667],[293,99.16972],[207,98.30022],[340,96.0207],[263,97.54137],[209,99.54636],[191,98.68768],[233,98.52408],[278,99.02112],[323,98.94051],[208,97.94175],[198,100.7994],[349,100.41],[248,99.94285],[339,98.37455],[223,96.32088],[337,99.34829],[348,100.0103],[219,100.5035],[350,100.1272],[308,99.6692],[232,100.365],[322,100.0508],[368,99.17905],[199,100.438],[218,101.4461],[292,100.7643],[307,100.8447],[262,99.80264],[336,100.8183],[197,99.81496],[277,99.70691],[321,100.4538],[184,99.92947],[247,100.3978],[335,102.075],[167,99.74126],[291,100.6781],[183,99.45113],[306,102.3434],[224,96.37508],[357,102.8843],[261,101.1721],[366,101.5299],[246,100.6367],[205,102.621],[206,101.8079],[314,93.89375],[365,103.2024],[231,100.9125],[276,100.7013],[196,103.2455],[346,103.7324],[381,103.0173],[217,101.8492],[188,101.8794],[260,101.7365],[391,104.2411],[290,102.7111],[195,102.5075],[181,102.9919],[176,100.7775],[275,102.4853],[245,102.6235],[320,102.4517],[190,101.4012],[356,105.0296],[259,103.9047],[305,103.1688],[230,102.401],[189,100.978],[244,103.1461],[390,105.7749],[373,104.0294],[229,104.0004],[182,103.3972],[216,102.7917],[204,102.2265],[364,106.1102],[163,104.0275],[319,104.4155],[334,103.4295],[174,102.2996],[215,104.0138],[333,104.038],[345,105.399],[200,101.2572],[171,104.472],[304,104.6014],[379,106.3008],[355,104.8899],[180,103.6554],[289,103.0119],[228,105.8715],[288,105.5288],[347,105.2069],[388,106.7365],[193,104.2955],[194,103.4748],[258,103.9648],[203,106.8111],[274,105.2726],[371,106.3385],[401,107.0083],[172,104.6118],[186,105.0031],[313,94.82359],[214,104.9887],[370,105.7412],[202,107.0076],[179,104.8944],[187,106.6311],[402,105.6843],[318,105.288],[161,104.7215],[165,101.3838],[135,106.2409],[344,107.1826],[378,107.292],[149,106.1493],[164,103.2501],[147,106.9086],[273,104.4445],[417,104.7709],[136,105.6402],[150,107.1131],[243,105.6675],[317,105.9587],[121,105.4093],[303,105.2851],[257,104.847],[173,103.6281],[332,106.429],[192,107.6999],[287,106.2539],[178,105.9658],[372,106.412],[343,108.717],[151,106.8072],[185,106.0373],[134,107.7196],[400,108.0701],[363,106.2339],[137,104.7574],[448,105.549],[272,107.5804],[106,107.6642],[416,106.3463],[412,110.0297],[120,107.0854],[361,100.6112],[242,107.2812],[398,110.9827],[432,106.5656],[156,101.2807],[227,106.8347],[256,106.7233],[160,105.7825],[302,105.6338],[387,109.9254],[148,108.096],[119,107.9766],[411,110.8292],[413,109.3693],[162,107.2174],[226,108.4196],[377,109.7454],[133,109.4968],[155,102.7374],[414,108.4401],[159,107.4962],[170,105.9074],[399,110.82],[105,109.8839],[152,105.617],[447,108.5728],[132,109.269],[331,107.2069],[213,107.3728],[430,108.479],[458,111.9098],[441,113.0994],[104,109.4076],[139,105.4501],[122,106.934],[415,109.3439],[286,107.3475],[459,110.1666],[89,111.0064],[241,108.6639],[461,109.51],[103,111.233],[426,112.5563],[169,108.5637],[442,110.8983],[125,104.4442],[445,111.1575],[102,111.0269],[456,114.4844],[131,111.4388],[354,108.7314],[429,110.4909],[146,109.2315],[91,109.9424],[117,110.835],[460,111.1472],[444,111.7959],[92,108.158],[75,109.692],[427,113.0351],[48,109.6206],[428,113.5994],[90,109.7824],[211,101.4484],[457,113.1213],[140,103.8114],[410,112.7332],[443,113.5384],[118,112.6667],[440,115.112],[73,111.3813],[374,104.2888],[175,104.4485],[472,113.1107],[153,105.8614],[316,107.9025],[59,111.9729],[470,117.0988],[330,109.3832],[475,111.5654],[87,111.057],[177,105.7121],[88,113.6384],[517,117.1516],[285,109.362],[72,111.8284],[473,113.5288],[43,113.8973],[225,110.4833],[271,109.8815],[96,106.2381],[487,116.1895],[471,114.6661],[455,115.8702],[166,105.0416],[504,114.5489],[45,113.5196],[44,112.9727],[301,108.7893],[168,102.1067],[201,107.7698],[505,113.2622],[86,113.7226],[486,116.8163],[116,111.5875],[127,105.1767],[489,113.5401],[94,106.7681],[503,115.2616],[158,111.6873],[32,112.3607],[490,113.8439],[488,115.2918],[255,109.1483],[61,111.8835],[71,114.8951],[492,111.7203],[479,110.5751],[530,117.7292],[420,106.5354],[123,107.6513],[60,112.8724],[531,117.5498],[520,116.0597],[212,110.0986],[58,113.4765],[518,117.5242],[386,114.077],[142,105.8935],[62,111.2984],[397,112.7128],[77,112.0628],[431,112.6233],[425,116.1884],[57,114.4708],[78,109.2706],[501,121.3041],[101,111.6441],[4,115.0442],[76,111.7137],[108,111.7539],[507,113.5926],[107,109.4789],[389,111.1877],[519,115.0068],[70,114.3215],[33,112.8806],[510,112.3115],[435,108.3929],[240,111.5841],[56,115.6084],[521,114.0318],[113,105.4461],[540,121.1537],[157,106.6803],[115,114.5803],[351,102.4137],[449,109.8642],[534,115.9969],[522,114.5112],[74,115.2498],[100,115.5582],[463,111.087],[380,107.4916],[548,124.5192],[29,115.3669],[523,112.2607],[109,108.4742],[485,121.1772],[46,115.5483],[367,106.7063],[474,118.3211],[28,117.0868],[533,117.5864],[82,107.2722],[476,111.6722],[545,116.8793],[41,117.9158],[42,117.7681],[516,119.457],[553,119.1702],[352,100.917],[145,115.8753],[500,122.4421],[532,118.5824],[315,112.6115],[154,108.1902],[524,112.6291],[549,124.2358],[12,114.8708],[529,122.2606],[110,108.3078],[546,116.741],[541,121.3262],[85,116.9486],[554,120.6054],[126,107.2669],[65,112.2092],[543,118.84],[270,113.7902],[547,118.7878],[403,110.7568],[527,119.711],[20,115.0079],[21,115.674],[536,115.3512],[551,123.5964],[7,117.1228],[55,119.6189],[138,110.6123],[93,111.6746],[480,113.1321],[477,115.0078],[513,112.6702],[143,106.5734],[36,113.8032],[493,116.5566],[79,111.6297],[515,122.4468],[535,118.4881],[63,114.2514],[434,110.9127],[141,108.0384],[419,108.3881],[509,117.8643],[31,119.0293],[491,119.4003],[544,119.7969],[66,114.2622],[446,114.2405],[498,111.9725],[124,112.4625],[9,118.291],[144,106.6467],[111,111.2377],[418,111.6798],[506,121.9029],[537,120.6397],[538,124.1648],[508,118.503],[81,112.3925],[112,111.9441],[67,111.4376],[462,118.4974],[525,115.7184],[451,111.007],[47,115.0684],[129,108.8892],[450,111.1433],[97,112.2108],[494,119.146],[433,108.491],[512,115.5273],[550,125.6688],[542,121.0037],[64,116.8465],[437,111.8454],[40,121.3736],[495,120.1176],[51,114.3509],[552,126.0155],[27,123.6238],[514,123.6973],[19,117.8852],[465,117.5184],[98,114.6903],[526,123.6017],[95,113.0534],[496,117.6681],[49,117.896],[114,110.8352],[528,127.3419],[128,112.4375],[452,113.0771],[50,115.2281],[84,112.185],[497,117.3088],[484,117.5061],[35,120.5265],[376,109.4144],[439,108.9995],[404,112.2747],[8,122.0043],[68,116.8665],[499,118.8755],[341,101.7885],[80,114.6721],[424,108.5097],[502,123.0159],[53,116.0896],[327,102.1406],[478,122.7819],[24,118.334],[539,129.355],[54,117.1318],[369,106.9223],[464,119.1097],[481,123.1704],[99,112.7752],[69,115.9667],[375,109.7453],[406,108.2053],[511,122.5628],[30,124.9299],[469,118.572],[2,121.5287],[438,111.57],[395,108.9757],[39,115.1355],[13,122.8353],[83,118.9032],[482,122.7292],[483,119.3512],[396,106.9615],[130,121.1373],[25,122.5823],[405,114.2886],[436,115.2603],[453,115.6344],[37,121.1957],[382,108.6537],[1,122.3478],[23,117.7427],[300,120.3481],[16,126.8023],[383,113.3451],[14,119.7801],[26,117.5049],[422,119.8247],[18,122.1539],[6,121.1551],[360,105.4613],[34,124.6772],[423,113.1362],[454,116.0059],[17,124.4111],[409,121.7619],[384,106.3113],[408,108.362],[15,121.6293],[467,121.056],[468,123.4334],[3,124.1242],[392,114.8576],[393,121.1938],[22,120.1449],[52,117.0805],[466,126.8131],[359,108.164],[38,121.7786],[342,107.6238],[407,118.0953],[10,127.0344],[394,109.108],[0,127.746],[362,112.1192],[421,127.0333],[358,112.0119],[5,124.4049],[329,103.7679],[11,126.3992],[328,104.1468],[385,107.7027],[353,115.3459]

Finish Times:
[284,47.2807],[269,47.3207],[254,47.68071],[268,48.08072],[283,48.16072],[267,48.52073],[253,48.56073],[252,49.00074],[282,49.20074],[239,49.44075],[298,49.44075],[236,49.76076],[266,49.80076],[296,50.00076],[237,50.40077],[281,50.40077],[297,50.48077],[251,50.76078],[299,50.88078],[311,50.96078],[265,51.24079],[312,51.24079],[222,51.4808],[295,51.5608],[235,51.88081],[310,51.92081],[250,52.08081],[326,52.16081],[280,52.36082],[294,52.60082],[210,52.68082],[264,52.92083],[279,52.96083],[325,53.04083],[309,53.28084],[238,53.52084],[234,53.56084],[249,53.64085],[324,53.84085],[221,54.04086],[338,54.04086],[220,54.24086],[293,54.28086],[207,54.80087],[340,54.80087],[263,54.88087],[209,54.96088],[191,55.16088],[233,55.44089],[278,55.60089],[323,55.60089],[208,55.72089],[198,56.0809],[349,56.1209],[248,56.24091],[339,56.24091],[223,56.64091],[337,56.68092],[348,56.84092],[219,57.00092],[350,57.04092],[308,57.32093],[232,57.36093],[322,57.64094],[368,57.88094],[199,57.96095],[218,58.04095],[292,58.04095],[307,58.28095],[262,58.64096],[336,58.72096],[197,58.76096],[277,58.80096],[321,58.92097],[184,59.32098],[247,59.44098],[335,59.60098],[167,59.64098],[291,59.64098],[183,59.80099],[306,60.08099],[224,60.281],[357,60.361],[261,60.441],[366,60.60101],[246,60.80101],[205,61.20102],[206,61.28102],[314,61.32102],[365,61.32102],[231,61.64103],[276,61.84103],[196,62.00104],[346,62.12104],[381,62.24104],[217,62.32104],[188,62.44105],[260,62.56105],[391,63.00106],[290,63.04106],[195,63.12106],[181,63.24107],[176,63.56107],[275,63.60107],[245,63.80108],[320,63.80108],[190,63.96108],[356,64.12109],[259,64.24109],[305,64.40109],[230,64.6011],[189,64.7611],[244,64.8011],[390,65.08111],[373,65.16111],[229,65.28111],[182,65.44112],[216,65.52112],[204,65.88113],[364,66.08113],[163,66.16113],[319,66.28114],[334,66.52114],[174,66.60114],[215,66.60114],[333,66.68114],[345,66.96115],[200,67.04115],[171,67.24116],[304,67.32116],[379,67.32116],[355,67.64117],[180,67.92117],[289,67.92117],[228,68.08118],[288,68.08118],[347,68.28118],[388,68.44118],[193,68.52119],[194,68.72119],[258,68.84119],[203,68.9612],[274,69.1612],[371,69.2412],[401,69.2812],[172,69.44121],[186,69.56121],[313,69.68121],[214,69.72121],[370,69.88122],[202,70.12122],[179,70.36123],[187,70.44123],[402,70.44123],[318,70.48123],[161,70.72124],[165,70.76124],[135,70.96124],[344,71.12125],[378,71.24125],[149,71.36125],[164,71.40125],[147,71.64126],[273,71.76126],[417,71.88126],[136,72.08127],[150,72.16127],[243,72.28127],[317,72.56128],[121,72.72128],[303,72.72128],[257,72.88129],[173,72.92129],[332,73.24129],[192,73.4813],[287,73.4813],[178,73.6813],[372,73.6813],[343,74.08131],[151,74.20132],[185,74.20132],[134,74.24132],[400,74.40132],[363,74.68133],[137,74.76133],[448,74.88133],[272,75.00134],[106,75.36134],[416,75.44135],[412,75.48135],[120,75.52135],[361,75.60135],[242,76.08136],[398,76.08136],[432,76.24136],[156,76.32137],[227,76.36137],[256,76.64137],[160,76.92138],[302,76.92138],[387,77.12138],[148,77.40139],[119,77.44139],[411,77.52139],[413,77.6814],[162,77.8414],[226,78.0014],[377,78.16141],[133,78.32141],[155,78.48141],[414,78.48141],[159,78.56142],[170,78.72142],[399,78.96143],[105,79.00143],[152,79.24143],[447,79.24143],[132,79.28143],[331,79.52144],[213,79.64144],[430,79.76144],[458,79.96145],[441,80.16145],[104,80.24146],[139,80.28146],[122,80.44146],[415,80.48146],[286,80.68147],[459,80.80147],[89,81.00147],[241,81.24148],[461,81.28148],[103,81.40148],[426,81.40148],[169,81.56149],[442,81.84149],[125,81.88149],[445,81.96149],[102,82.0815],[456,82.2815],[131,82.3215],[354,82.52151],[429,82.76151],[146,82.84151],[91,83.16152],[117,83.24152],[460,83.24152],[444,83.44153],[92,83.60153],[75,83.84154],[427,83.96154],[48,84.16154],[428,84.28155],[90,84.48155],[211,84.52155],[457,84.68156],[140,84.76156],[410,84.80156],[443,84.96156],[118,85.20157],[440,85.24157],[73,85.44157],[374,85.76158],[175,85.88158],[472,85.88158],[153,85.92159],[316,85.92159],[59,86.20159],[470,86.4416],[330,86.6816],[475,86.88161],[87,86.92161],[177,87.00161],[88,87.08161],[517,87.16161],[285,87.36162],[72,87.52162],[473,87.64162],[43,87.72163],[225,88.08163],[271,88.08163],[96,88.28164],[487,88.36164],[471,88.76165],[455,88.80165],[166,88.84165],[504,88.88165],[45,89.12166],[44,89.24166],[301,89.48167],[168,89.56167],[201,89.68167],[505,89.88168],[86,90.00168],[486,90.20168],[116,90.40169],[127,90.44169],[489,90.44169],[94,90.7617],[503,90.9217],[158,90.9617],[32,91.1217],[490,91.28171],[488,91.56171],[255,91.60172],[61,91.76172],[71,91.96172],[492,92.16173],[479,92.24173],[530,92.40173],[420,92.48174],[123,92.60174],[60,92.68174],[531,92.80174],[520,93.08175],[212,93.12175],[58,93.24175],[518,93.24175],[386,93.64176],[142,93.68176],[62,93.84177],[397,93.84177],[77,93.96177],[431,94.16177],[425,94.36178],[57,94.48178],[78,94.68179],[501,94.68179],[101,94.92179],[4,95.04179],[76,95.08179],[108,95.08179],[507,95.4818],[107,95.56181],[389,95.56181],[519,95.56181],[70,95.84181],[33,95.88181],[510,96.04182],[435,96.28182],[240,96.32182],[56,96.56183],[521,96.68183],[113,97.00184],[540,97.00184],[157,97.04184],[115,97.16184],[351,97.24184],[449,97.40185],[534,97.56185],[522,97.76186],[74,97.80186],[100,98.08186],[463,98.20187],[380,98.24187],[548,98.24187],[29,98.52187],[523,98.72188],[109,98.80188],[485,98.96188],[46,99.00188],[367,99.20189],[474,99.32189],[28,99.6819],[533,99.8019],[82,99.92191],[476,99.92191],[545,100.0819],[41,100.3619],[42,100.5219],[516,100.5219],[553,100.6819],[352,100.7219],[145,101.0819],[500,101.1219],[532,101.4019],[315,101.4419],[154,101.4819],[524,101.5219],[549,101.8419],[12,101.922],[529,102.002],[110,102.242],[546,102.402],[541,102.442],[85,102.642],[554,102.762],[126,102.882],[65,103.162],[543,103.162],[270,103.242],[547,103.562],[403,103.602],[527,103.802],[20,103.882],[21,104.002],[536,104.362],[551,104.402],[7,104.522],[55,104.562],[138,104.562],[93,104.962],[480,105.042],[477,105.122],[513,105.202],[143,105.402],[36,105.642],[493,105.722],[79,105.802],[515,105.842],[535,106.002],[63,106.162],[434,106.4021],[141,106.4821],[419,106.6021],[509,106.6021],[31,107.0021],[491,107.0021],[544,107.1221],[66,107.3621],[446,107.5221],[498,107.6021],[124,107.6421],[9,107.7621],[144,108.0421],[111,108.1621],[418,108.2021],[506,108.2021],[537,108.4421],[538,108.7621],[508,108.8821],[81,109.0021],[112,109.0021],[67,109.2821],[462,109.2821],[525,109.4421],[451,109.8021],[47,109.9221],[129,109.9221],[450,109.9621],[97,110.1621],[494,110.1621],[433,110.6021],[512,110.6822],[550,110.6822],[542,110.8822],[64,111.1622],[437,111.3222],[40,111.3622],[495,111.4422],[51,111.5622],[552,111.6022],[27,112.1222],[514,112.1222],[19,112.2422],[465,112.3222],[98,112.4422],[526,112.6422],[95,112.7622],[496,112.8822],[49,113.1222],[114,113.2022],[528,113.3222],[128,113.6422],[452,113.6422],[50,113.7622],[84,113.8422],[497,114.0822],[484,114.4022],[35,114.4822],[376,114.4822],[439,114.4822],[404,114.7622],[8,115.0023],[68,115.0023],[499,115.1223],[341,115.3623],[80,115.7223],[424,115.7223],[502,115.7623],[53,116.0423],[327,116.0823],[478,116.2823],[24,116.4023],[539,116.5223],[54,116.8423],[369,116.9223],[464,116.9623],[481,117.0823],[99,117.1623],[69,117.4423],[375,117.6823],[406,117.6823],[511,117.6823],[30,118.0423],[469,118.2823],[2,118.4023],[438,118.4423],[395,118.6423],[39,118.9223],[13,119.0423],[83,119.0423],[482,119.0823],[483,119.5224],[396,119.6424],[130,119.7224],[25,119.8024],[405,119.8024],[436,120.1224],[453,120.4024],[37,120.4824],[382,120.6024],[1,120.7624],[23,120.8024],[300,121.0424],[16,121.2824],[383,121.4824],[14,121.5624],[26,121.6824],[422,121.7624],[18,121.9224],[6,122.2024],[360,122.4024],[34,122.5224],[423,122.5224],[454,122.6424],[17,122.9224],[409,123.2824],[384,123.3624],[408,123.4824],[15,123.5224],[467,123.6424],[468,124.0025],[3,124.0425],[392,124.2425],[393,124.4825],[22,124.5225],[52,124.6825],[466,124.8025],[359,125.2025],[38,125.2425],[342,125.2425],[407,125.5625],[10,125.9625],[394,125.9625],[0,126.1625],[362,126.2425],[421,126.3625],[358,126.7625],[5,126.8425],[329,126.9625],[11,127.1225],[328,127.4825],[385,127.8025],[353,127.9225]

Stuck Times:
[284,0],[269,0],[254,0],[268,0],[283,0],[267,0],[253,0],[252,0],[282,0],[239,1],[298,1],[236,0],[266,0],[296,0],[237,0],[281,0],[297,2],[251,0],[299,3],[311,0],[265,0],[312,3],[222,0],[295,1],[235,0],[310,0],[250,0],[326,2],[280,1],[294,0],[210,2],[264,0],[279,0],[325,2],[309,0],[238,4],[234,1],[249,0],[324,2],[221,2],[338,1],[220,1],[293,0],[207,1],[340,5],[263,2],[209,2],[191,3],[233,3],[278,2],[323,0],[208,5],[198,3],[349,2],[248,2],[339,4],[223,6],[337,3],[348,1],[219,3],[350,3],[308,4],[232,4],[322,3],[368,3],[199,7],[218,2],[292,4],[307,4],[262,5],[336,3],[197,5],[277,4],[321,4],[184,8],[247,6],[335,2],[167,6],[291,4],[183,6],[306,5],[224,10],[357,3],[261,6],[366,3],[246,5],[205,7],[206,7],[314,14],[365,5],[231,8],[276,8],[196,7],[346,8],[381,3],[217,8],[188,9],[260,9],[391,6],[290,9],[195,9],[181,6],[176,10],[275,8],[245,10],[320,9],[190,12],[356,9],[259,8],[305,9],[230,11],[189,10],[244,9],[390,8],[373,12],[229,11],[182,9],[216,12],[204,11],[364,12],[163,14],[319,13],[334,13],[174,12],[215,15],[333,13],[345,13],[200,16],[171,13],[304,15],[379,11],[355,12],[180,11],[289,14],[228,15],[288,15],[347,11],[388,14],[193,15],[194,14],[258,15],[203,11],[274,18],[371,14],[401,17],[172,16],[186,16],[313,22],[214,16],[370,16],[202,15],[179,17],[187,14],[402,18],[318,19],[161,18],[165,19],[135,20],[344,19],[378,16],[149,18],[164,20],[147,18],[273,21],[417,21],[136,21],[150,19],[243,20],[317,19],[121,21],[303,22],[257,21],[173,22],[332,23],[192,20],[287,25],[178,22],[372,19],[343,21],[151,22],[185,23],[134,21],[400,22],[363,23],[137,24],[448,22],[272,23],[106,22],[416,26],[412,19],[120,25],[361,24],[242,25],[398,23],[432,26],[156,24],[227,23],[256,24],[160,28],[302,25],[387,25],[148,24],[119,27],[411,23],[413,24],[162,25],[226,26],[377,28],[133,26],[155,25],[414,30],[159,28],[170,29],[399,23],[105,27],[152,26],[447,25],[132,28],[331,28],[213,25],[430,26],[458,27],[441,28],[104,29],[139,25],[122,29],[415,27],[286,29],[459,30],[89,29],[241,30],[461,26],[103,29],[426,28],[169,30],[442,30],[125,29],[445,26],[102,31],[456,31],[131,28],[354,31],[429,29],[146,30],[91,29],[117,33],[460,29],[444,29],[92,30],[75,33],[427,34],[48,32],[428,28],[90,32],[211,34],[457,30],[140,33],[410,31],[443,28],[118,32],[440,29],[73,35],[374,30],[175,32],[472,36],[153,35],[316,33],[59,34],[470,29],[330,36],[475,33],[87,35],[177,33],[88,36],[517,32],[285,36],[72,39],[473,33],[43,33],[225,38],[271,39],[96,36],[487,33],[471,37],[455,33],[166,36],[504,33],[45,36],[44,34],[301,38],[168,38],[201,40],[505,37],[86,39],[486,38],[116,39],[127,38],[489,36],[94,35],[503,36],[158,37],[32,40],[490,36],[488,39],[255,39],[61,37],[71,42],[492,41],[479,41],[530,38],[420,42],[123,39],[60,38],[531,37],[520,37],[212,42],[58,44],[518,37],[386,40],[142,40],[62,43],[397,42],[77,43],[431,40],[425,41],[57,42],[78,42],[501,39],[101,47],[4,46],[76,43],[108,41],[507,43],[107,43],[389,41],[519,40],[70,46],[33,45],[510,47],[435,46],[240,45],[56,46],[521,44],[113,47],[540,40],[157,44],[115,46],[351,46],[449,46],[534,44],[522,43],[74,43],[100,47],[463,47],[380,44],[548,41],[29,44],[523,50],[109,45],[485,47],[46,47],[367,47],[474,43],[28,48],[533,45],[82,52],[476,44],[545,48],[41,47],[42,46],[516,45],[553,46],[352,51],[145,50],[500,45],[532,47],[315,49],[154,48],[524,52],[549,43],[12,51],[529,45],[110,51],[546,51],[541,47],[85,49],[554,48],[126,51],[65,54],[543,51],[270,51],[547,51],[403,49],[527,46],[20,53],[21,54],[536,55],[551,50],[7,53],[55,50],[138,52],[93,51],[480,55],[477,50],[513,55],[143,53],[36,55],[493,54],[79,54],[515,48],[535,55],[63,54],[434,55],[141,51],[419,55],[509,54],[31,57],[491,52],[544,57],[66,57],[446,54],[498,60],[124,54],[9,57],[144,56],[111,56],[418,56],[506,56],[537,54],[538,52],[508,57],[81,58],[112,56],[67,61],[462,56],[525,59],[451,59],[47,59],[129,60],[450,60],[97,58],[494,59],[433,59],[512,62],[550,54],[542,57],[64,58],[437,63],[40,58],[495,59],[51,61],[552,56],[27,59],[514,61],[19,61],[465,63],[98,60],[526,58],[95,61],[496,63],[49,63],[114,62],[528,54],[128,63],[452,65],[50,64],[84,66],[497,66],[484,65],[35,63],[376,62],[439,66],[404,62],[8,62],[68,65],[499,62],[341,67],[80,64],[424,67],[502,60],[53,66],[327,68],[478,62],[24,66],[539,61],[54,66],[369,64],[464,63],[481,64],[99,68],[69,69],[375,65],[406,67],[511,65],[30,64],[469,70],[2,70],[438,69],[395,66],[39,70],[13,69],[83,69],[482,68],[483,70],[396,69],[130,66],[25,68],[405,65],[436,70],[453,67],[37,68],[382,71],[1,68],[23,72],[300,73],[16,66],[383,68],[14,71],[26,74],[422,69],[18,69],[6,72],[360,72],[34,68],[423,71],[454,73],[17,68],[409,73],[384,73],[408,71],[15,75],[467,72],[468,75],[3,74],[392,69],[393,70],[22,72],[52,75],[466,72],[359,75],[38,76],[342,75],[407,70],[10,73],[394,75],[0,72],[362,72],[421,73],[358,73],[5,78],[329,79],[11,73],[328,79],[385,75],[353,73]

