Experiment Name: Custom-RoughWalls2
Method Used: RegionalFlowGraph
Run Number: 1
Preparation Time: 53.4873ms
Pathfinding Time: 0.7614ms
Finish Time: 128.3625ms
Finish Time 90%: 119.2823ms
Repaths: 0
Soft Repaths: 0

Gates Data:
0:[269,[6.160627,12.31735,0,[32.00099,56.91792]]],[284,[6.661288,13.31445,0,[33.001,58.02615]]],[254,[6.181928,12.35759,0,[32.00098,55.6221]]],[268,[6.728635,13.43959,0,[32.00099,56.77207]]],[283,[6.738364,13.45854,0,[32.00099,57.88391]]],[253,[6.776361,13.5334,0,[32.00099,55.65107]]],[282,[7.818541,15.56746,0,[33.001,58.14203]]],[267,[7.256283,14.46441,0,[32.001,57.13291]]],[299,[6.675931,13.33656,0,[33.001,59.31631]]],[298,[7.244844,14.44926,0,[33.001,58.93328]]],[266,[7.773444,15.50084,0,[32.001,57.47261]]],[252,[7.379932,14.71589,0,[32.001,56.0837]]],[296,[8.332002,16.59308,0,[33.001,58.70835]]],[297,[7.785484,15.47302,0,[33.001,59.23255]]],[251,[8.019019,15.81317,0,[32.001,56.44385]]],[281,[8.26539,15.71437,0,[32.001,57.98326]]],[295,[9.102997,17.62334,0,[33.00099,58.85773]]],[238,[6.76658,13.50935,0,[32.00098,54.44233]]],[265,[8.517717,16.56705,0,[32.001,57.00976]]],[235,[8.538429,16.63718,0,[32.001,55.9048]]],[280,[8.937948,16.96363,0,[32.001,57.94846]]],[237,[7.308095,14.54895,0,[32.001,55.01918]]],[311,[8.685571,16.81659,0,[33.001,59.58726]]],[250,[9.060347,17.08271,0,[32.001,56.87444]]],[294,[9.973061,18.77495,0,[33.001,58.32765]]],[210,[7.917901,15.72387,0,[32.001,54.25113]]],[221,[9.20489,17.04123,0,[32.001,55.84876]]],[236,[7.858497,15.56251,0,[32.001,55.4022]]],[310,[9.632917,18.02557,0,[33.001,59.20582]]],[239,[6.232966,12.46034,0,[32.00098,54.13896]]],[325,[9.220756,17.80794,0,[33.001,59.99426]]],[234,[9.725043,17.69913,0,[32.001,56.23207]]],[223,[7.328938,14.61716,0,[32.001,53.93591]]],[264,[9.584445,17.64568,0,[32.001,57.29904]]],[222,[8.367494,15.79624,0,[32.001,54.85572]]],[293,[10.73167,19.8667,0,[33.001,58.10096]]],[209,[8.919495,16.90689,0,[32.001,54.90967]]],[220,[10.56412,18.17805,0,[32.001,56.23483]]],[324,[10.06393,18.917,0,[33.001,59.92078]]],[198,[9.318874,17.9442,0,[32.001,54.10266]]],[208,[9.621097,17.97862,0,[32.001,55.01341]]],[249,[10.13491,18.24072,0,[32.001,56.97335]]],[309,[10.40664,19.18089,0,[33.001,59.04784]]],[326,[8.439889,16.7187,0,[33.001,60.54922]]],[199,[8.768433,16.87077,0,[32.001,53.86508]]],[279,[10.66493,18.15296,0,[32.001,57.30813]]],[263,[11.12091,18.85593,0,[32.001,56.67961]]],[323,[11.3099,20.34538,0,[33.001,58.38463]]],[197,[11.02324,19.44188,0,[32.001,55.59237]]],[338,[10.94859,19.6411,0,[33.001,59.14413]]],[278,[11.26155,19.40978,0,[32.001,57.75489]]],[207,[10.14619,19.13049,0,[32.001,55.51535]]],[339,[9.620871,17.94134,0,[33.00099,60.86513]]],[233,[11.58038,18.90085,0,[32.001,55.99525]]],[292,[12.26347,19.99222,0,[32.001,57.57472]]],[248,[11.72281,19.44547,0,[32.001,57.03638]]],[262,[12.74683,20.04252,0,[32.001,56.95681]]],[337,[11.75481,20.64812,0,[33.001,59.07094]]],[350,[10.62948,19.56295,0,[33.001,60.13548]]],[184,[10.12814,18.05798,0,[32.001,54.4175]]],[232,[12.22955,20.06281,0,[32.001,56.49065]]],[277,[13.27289,20.67291,0,[32.001,57.37627]]],[307,[13.29486,21.53002,0,[33.00099,58.12522]]],[166,[11.01754,18.57425,0,[32.001,54.10307]]],[190,[10.6226,18.45365,0,[32.001,54.88913]]],[340,[8.969394,16.88042,0,[33.001,61.0083]]],[335,[13.90837,22.64172,0,[33.001,59.55989]]],[321,[13.84706,22.39318,0,[33.001,58.46228]]],[219,[12.07085,19.42716,0,[32.001,55.45039]]],[291,[13.85075,21.21099,0,[32.001,57.85158]]],[308,[12.2996,20.32896,0,[33.001,58.16718]]],[218,[13.27786,20.52408,0,[32.001,56.2771]]],[351,[9.314632,17.8732,0,[33.001,61.94081]]],[224,[6.765331,13.52142,0,[32.00098,52.99255]]],[306,[14.39323,22.59487,0,[33.00099,59.02085]]],[183,[12.58922,19.60944,0,[32.001,54.85018]]],[348,[12.30602,21.90064,0,[33.001,59.25574]]],[359,[11.83064,21.03335,0,[33.001,60.17484]]],[247,[13.77912,20.58721,0,[32.001,56.80265]]],[231,[14.35326,21.12422,0,[32.001,56.91566]]],[261,[14.40924,21.13658,0,[32.001,57.97931]]],[206,[12.73087,20.46531,0,[32.001,55.87486]]],[182,[13.13787,20.26908,0,[32.001,54.11958]]],[314,[6.699326,13.38329,0,[33.001,60.67688]]],[246,[14.92249,21.6274,0,[32.001,57.38086]]],[196,[13.21397,20.4517,0,[32.001,55.19815]]],[367,[12.38623,21.34933,0,[33.001,60.35268]]],[205,[13.8984,21.47585,0,[32.001,55.73713]]],[322,[12.82508,21.27604,0,[33.001,58.70261]]],[188,[13.77487,20.85772,0,[32.001,54.70951]]],[230,[15.48949,22.12436,0,[32.001,56.23486]]],[352,[8.553479,16.90159,0,[33.001,61.8716]]],[346,[14.94559,24.06493,0,[33.001,59.01523]]],[349,[11.27772,20.59115,0,[33.001,60.05451]]],[191,[9.807505,17.01086,0,[32.001,53.5536]]],[195,[14.45749,21.58388,0,[32.00099,55.82561]]],[217,[14.90941,21.67015,0,[32.001,56.31805]]],[356,[15.52596,24.37966,0,[33.001,59.6064]]],[189,[11.46842,19.71475,0,[32.001,54.92045]]],[336,[13.34592,21.7111,0,[33.00099,59.24273]]],[357,[14.49441,23.28192,0,[33.00099,60.11267]]],[276,[15.44014,22.62478,0,[33.001,58.51341]]],[260,[15.47835,22.24612,0,[32.001,57.32779]]],[347,[13.36299,22.66173,0,[33.00099,60.37785]]],[290,[15.99587,23.38661,0,[33.001,58.33072]]],[181,[14.33082,21.50163,0,[32.001,54.82198]]],[187,[15.17976,22.13184,0,[32.001,55.34452]]],[216,[16.47277,22.65234,0,[32.001,55.97899]]],[364,[16.07355,25.1964,0,[33.00099,59.44734]]],[275,[16.01677,22.92615,0,[32.001,57.68773]]],[358,[12.85814,22.18075,0,[33.001,59.80633]]],[175,[12.60739,19.03649,0,[32.001,53.76941]]],[180,[15.74154,22.8566,0,[32.00099,55.18228]]],[320,[16.54131,23.75085,0,[33.001,58.7762]]],[151,[15.47859,22.25782,0,[32.00099,54.23774]]],[245,[15.99867,22.76687,0,[32.001,56.61227]]],[373,[14.49969,23.11293,0,[33.00099,61.20134]]],[173,[13.71217,21.01721,0,[32.001,53.65221]]],[289,[17.0976,23.59889,0,[32.001,57.35838]]],[259,[16.54837,23.44622,0,[32.001,57.04459]]],[389,[16.61761,26.05194,0,[33.001,59.86939]]],[365,[15.04743,23.73906,0,[33.001,60.11198]]],[162,[14.87668,22.73794,0,[32.001,54.46722]]],[229,[17.01156,23.35665,0,[32.001,56.24255]]],[244,[17.56805,23.97423,0,[32.001,56.66949]]],[334,[17.09617,24.23773,0,[33.001,59.15758]]],[392,[15.10019,22.72272,0,[33.001,61.22872]]],[228,[18.23791,24.55499,0,[32.001,56.9196]]],[305,[17.05175,24.01236,0,[33.001,58.05475]]],[273,[19.32471,25.27606,0,[32.001,57.26266]]],[138,[16.0412,21.55703,0,[32.001,54.05922]]],[379,[17.34224,25.53062,0,[33.001,60.19395]]],[366,[13.93386,22.50117,0,[33.001,60.66093]]],[194,[17.39845,22.66752,0,[32.001,54.57156]]],[319,[17.61736,24.89131,0,[33.001,58.52221]]],[390,[16.83021,24.66391,0,[33.001,60.89454]]],[204,[16.91118,22.67391,0,[32.00099,55.14107]]],[304,[18.2789,25.07899,0,[33.00099,58.77123]]],[274,[17.77523,24.11769,0,[32.001,57.63383]]],[391,[16.1722,23.78721,0,[33.001,60.61295]]],[345,[17.84522,25.3111,0,[33.001,59.56517]]],[203,[18.03354,23.78708,0,[32.001,55.9144]]],[172,[16.29024,22.52092,0,[32.00099,55.01139]]],[258,[18.75748,24.64754,0,[32.001,57.29786]]],[372,[15.61534,24.43557,0,[33.001,60.71659]]],[193,[18.52773,23.89821,0,[32.001,55.42938]]],[137,[18.3184,22.22896,0,[32.001,53.43813]]],[288,[18.82942,25.66845,0,[33.001,58.03984]]],[388,[18.4021,27.10261,0,[33.00099,59.86448]]],[202,[18.85819,25.19232,0,[32.001,56.24954]]],[215,[17.48765,23.876,0,[32.001,55.61732]]],[136,[18.6111,23.47097,0,[32.001,54.35207]]],[401,[18.95001,26.77368,0,[33.001,60.20287]]],[185,[19.45631,24.8683,0,[32.001,56.13951]]],[402,[18.41836,25.51352,0,[33.00099,60.96455]]],[179,[20.1115,23.95012,0,[32.001,55.91481]]],[125,[15.5021,20.19186,0,[32.00099,53.11873]]],[430,[19.63194,26.95346,0,[33.001,61.52685]]],[333,[18.92986,25.08955,0,[33.001,59.10693]]],[327,[7.973341,15.54363,0,[33.001,61.37134]]],[155,[10.38642,17.74085,0,[32.001,53.37774]]],[148,[19.13158,25.6313,0,[32.001,55.26572]]],[134,[20.67754,26.05359,0,[32.001,55.78321]]],[414,[19.50818,27.52879,0,[33.001,60.45168]]],[186,[18.0007,23.3757,0,[32.001,54.81738]]],[107,[20.32106,24.33925,0,[32.001,54.89466]]],[200,[8.043385,15.65599,0,[32.001,53.1741]]],[318,[19.49195,25.76853,0,[33.001,58.30049]]],[380,[17.86488,24.47229,0,[33.001,60.7202]]],[121,[20.95047,24.88556,0,[32.001,54.76971]]],[403,[17.34395,24.27514,0,[33.001,61.38]]],[371,[19.48195,25.981,0,[33.001,59.37121]]],[355,[20.04293,26.02632,0,[33.00099,58.18438]]],[122,[19.32104,23.51467,0,[32.001,54.2329]]],[92,[20.56672,24.35473,0,[32.001,53.87526]]],[214,[19.86468,25.02172,0,[32.001,56.88774]]],[303,[20.08344,25.13417,0,[32.001,57.86626]]],[192,[20.47625,26.55715,0,[32.001,56.78289]]],[106,[21.78337,24.64148,0,[32.001,53.96728]]],[399,[20.0363,28.61969,0,[33.00099,59.28982]]],[161,[16.69328,23.78007,0,[32.00099,54.13406]]],[344,[21.11292,27.02268,0,[33.001,58.94801]]],[243,[20.63432,25.05294,0,[32.001,57.82211]]],[135,[19.74916,24.73964,0,[32.001,55.06633]]],[176,[12.01842,18.40441,0,[32.001,54.36863]]],[412,[21.38808,29.8298,0,[33.001,59.94354]]],[257,[21.69848,26.60102,0,[33.001,58.08639]]],[164,[12.09786,19.97933,0,[32.001,53.27884]]],[312,[7.897956,15.61656,0,[33.001,60.28227]]],[227,[21.01815,25.73158,0,[32.001,56.99042]]],[370,[21.78812,27.51738,0,[33.001,59.18084]]],[443,[22.45856,29.84793,0,[33.001,60.34025]]],[256,[22.09105,26.88608,0,[32.001,57.12407]]],[170,[21.22442,25.25479,0,[32.001,55.97676]]],[242,[21.54763,26.14994,0,[32.001,57.15677]]],[400,[20.12461,27.47515,0,[33.00099,60.40284]]],[363,[22.33761,27.13237,0,[33.001,59.22435]]],[178,[21.78269,25.92377,0,[32.001,56.13826]]],[226,[22.35995,26.89675,0,[32.001,56.11897]]],[302,[23.29021,26.48719,0,[32.001,57.30555]]],[387,[22.87009,28.7165,0,[33.001,59.59677]]],[413,[20.80363,28.96546,0,[33.001,60.05993]]],[241,[22.86282,27.39648,0,[32.001,56.56783]]],[272,[22.59476,26.28314,0,[32.001,57.53099]]],[431,[21.05943,26.46761,0,[33.001,62.05475]]],[171,[22.05043,24.21648,0,[32.001,55.14505]]],[286,[23.87971,27.05775,0,[32.001,57.28465]]],[287,[22.30114,26.62908,0,[33.001,58.11683]]],[160,[21.50234,25.2315,0,[32.001,54.96921]]],[317,[23.53944,27.15543,0,[33.00099,58.35127]]],[378,[20.55662,27.28851,0,[33.001,59.03434]]],[354,[24.12563,28.8015,0,[33.001,58.32487]]],[332,[22.83185,26.55711,0,[33.001,58.48913]]],[343,[23.40498,28.35595,0,[33.001,59.38057]]],[225,[24.50355,28.6474,0,[32.001,57.22581]]],[213,[23.2121,26.24784,0,[32.001,55.70967]]],[201,[23.63339,27.17518,0,[32.001,56.3502]]],[331,[24.71256,28.25675,0,[33.001,58.21406]]],[316,[25.38701,28.80237,0,[33.001,58.09578]]],[120,[22.4027,25.99496,0,[32.001,54.21814]]],[432,[22.23094,25.57393,0,[33.001,61.4657]]],[169,[24.74776,27.42875,0,[32.001,56.1828]]],[271,[25.11031,27.90746,0,[32.001,57.02152]]],[147,[22.69751,27.30544,0,[32.001,55.1328]]],[445,[23.78905,27.81976,0,[33.001,60.55638]]],[93,[21.16684,23.96075,0,[32.001,53.74837]]],[159,[25.35032,27.42428,0,[32.001,56.0426]]],[301,[25.54927,27.87184,0,[32.001,57.72227]]],[119,[23.27617,26.91911,0,[32.001,54.6457]]],[428,[21.24048,29.51822,0,[33.001,60.97674]]],[133,[23.80725,27.52255,0,[32.001,55.23347]]],[167,[9.198517,16.61943,0,[32.001,52.86874]]],[118,[24.3886,28.01985,0,[32.00099,55.20325]]],[397,[26.1083,31.98849,0,[32.001,57.64164]]],[158,[25.80341,29.84276,0,[32.001,56.70639]]],[103,[23.77856,27.73315,0,[32.001,54.10455]]],[429,[20.6622,28.21553,0,[33.001,61.10101]]],[77,[24.88986,26.31507,0,[32.001,54.07269]]],[377,[24.50288,28.9339,0,[33.001,59.22958]]],[132,[24.18587,28.58488,0,[32.001,56.31359]]],[143,[9.749495,15.85573,0,[32.001,52.49381]]],[411,[23.95537,31.38865,0,[33.001,59.36866]]],[63,[25.41122,25.77912,0,[32.001,53.69099]]],[440,[26.39904,34.52018,0,[33.00099,58.74654]]],[101,[24.95493,30.54217,0,[32.001,55.15747]]],[165,[11.56036,19.32035,0,[32.001,53.80743]]],[330,[25.08643,29.42069,0,[33.00099,59.04026]]],[105,[22.93991,25.692,0,[32.001,53.77664]]],[315,[27.27857,29.37955,0,[32.001,57.54113]]],[473,[26.66924,31.73871,0,[33.00099,59.78906]]],[104,[24.33853,26.74996,0,[32.00099,54.11203]]],[456,[27.48959,35.48898,0,[33.001,58.49342]]],[211,[7.341692,14.60467,0,[32.001,52.85787]]],[461,[24.03211,27.53477,0,[33.001,61.60604]]],[442,[24.87448,31.69067,0,[33.00099,60.15292]]],[471,[28.08874,35.03836,0,[33.00099,58.56501]]],[177,[8.593571,16.24407,0,[32.001,52.85112]]],[470,[26.94844,35.57725,0,[33.001,58.64947]]],[458,[24.32792,30.87751,0,[33.00099,60.32417]]],[75,[26.03305,27.77803,0,[32.001,54.39124]]],[427,[21.90701,30.52631,0,[33.001,60.47957]]],[487,[28.72381,35.18139,0,[33.00099,59.01514]]],[398,[25.83514,31.09107,0,[33.001,58.79683]]],[174,[13.18749,19.7351,0,[32.001,53.0222]]],[62,[27.71495,27.40384,0,[32.001,53.83341]]],[102,[25.48166,28.76903,0,[32.001,54.77518]]],[488,[27.75391,33.6409,0,[33.001,59.49425]]],[433,[20.19394,24.72925,0,[33.001,61.61533]]],[374,[12.84442,21.98922,0,[33.001,61.06996]]],[154,[10.92654,18.64097,0,[32.001,53.01844]]],[59,[27.09227,29.69789,0,[32.001,53.79713]]],[163,[14.31403,21.30523,0,[32.001,53.75753]]],[503,[28.85417,35.41612,0,[33.00099,60.1481]]],[486,[29.28502,36.83671,0,[33.00098,58.95817]]],[441,[25.52098,32.86467,0,[33.00099,59.8101]]],[48,[25.92014,26.78175,0,[32.001,53.16246]]],[87,[25.85903,30.58111,0,[32.001,55.55771]]],[86,[26.39945,32.01759,0,[32.001,55.51943]]],[530,[30.6301,36.40523,0,[33.00099,60.27225]]],[89,[27.92585,28.49655,0,[32.001,54.82386]]],[168,[7.862235,15.32344,0,[32.001,52.14312]]],[474,[28.30662,31.70492,0,[33.00099,59.67043]]],[518,[31.13456,36.41434,0,[33.00098,59.42556]]],[489,[30.02771,33.17524,0,[33.001,59.95567]]],[142,[10.29821,16.69962,0,[32.001,52.12794]]],[285,[26.67587,28.81074,0,[32.001,57.5224]]],[457,[25.36914,31.83423,0,[33.00099,60.832]]],[491,[29.44473,31.27495,0,[33.00098,60.07782]]],[515,[30.90174,42.04677,0,[33.001,58.36952]]],[108,[19.95444,23.30583,0,[32.001,53.95013]]],[131,[26.37474,30.53253,0,[32.001,56.61945]]],[502,[29.85241,38.33153,0,[33.001,58.92089]]],[478,[27.18452,27.48189,0,[33.00099,60.77226]]],[490,[27.22053,31.25089,0,[33.00099,59.67889]]],[117,[26.94337,30.52211,0,[32.001,55.49611]]],[505,[30.06416,31.89498,0,[33.001,61.0488]]],[74,[26.6563,29.10461,0,[32.001,54.51625]]],[507,[29.23847,30.03021,0,[33.00099,61.05642]]],[375,[12.10249,20.79443,0,[33.001,61.25577]]],[212,[27.00527,28.64015,0,[32.001,56.57191]]],[501,[31.53189,39.2938,0,[33.001,58.48281]]],[140,[14.4,19.22613,0,[32.001,52.67741]]],[425,[27.99518,34.29588,0,[32.001,57.78833]]],[130,[28.31044,33.39618,0,[32.001,56.88724]]],[393,[13.98832,21.60453,0,[33.001,61.81185]]],[146,[27.49181,29.97749,0,[32.001,55.87216]]],[504,[28.40669,33.17562,0,[33.00099,60.801]]],[88,[27.35788,29.22867,0,[32.001,54.78132]]],[72,[28.0733,31.50272,0,[32.001,55.88475]]],[386,[28.62555,31.65379,0,[32.001,57.77838]]],[150,[17.20046,23.16795,0,[32.001,53.56705]]],[472,[26.09312,32.88148,0,[33.001,59.81323]]],[255,[27.71301,28.90376,0,[32.001,56.8648]]],[156,[8.50968,15.85064,0,[32.001,51.78238]]],[517,[30.46025,37.55517,0,[33.00099,59.17505]]],[540,[32.35783,40.28458,0,[33.00099,59.60317]]],[57,[28.50196,32.23287,0,[32.001,55.07941]]],[485,[29.18775,37.63446,0,[32.001,57.88282]]],[61,[26.45325,27.42401,0,[32.001,53.4985]]],[531,[31.25069,36.04517,0,[33.00098,60.56044]]],[361,[10.2256,18.49316,0,[33.001,60.99911]]],[116,[28.70611,32.09605,0,[32.001,56.09691]]],[529,[31.78663,39.31999,0,[33.001,59.46063]]],[115,[29.09347,34.31322,0,[32.001,56.82891]]],[405,[15.71668,22.34887,0,[33.001,61.83212]]],[141,[11.48174,18.19245,0,[32.001,52.74416]]],[532,[32.7572,34.71756,0,[33.001,60.49533]]],[410,[31.43206,35.68126,0,[32.001,57.71766]]],[79,[20.61396,23.04259,0,[32.001,52.77209]]],[71,[29.49865,33.36325,0,[32.001,55.98959]]],[70,[30.12085,35.19138,0,[32.001,56.29232]]],[541,[33.05403,38.20433,0,[33.001,59.34627]]],[506,[30.73502,31.16951,0,[33.00099,61.39252]]],[60,[28.36518,28.98048,0,[32.001,54.01948]]],[149,[17.81281,24.43937,0,[32.001,53.81194]]],[100,[29.68134,34.98462,0,[32.001,57.01863]]],[534,[33.43891,33.97853,0,[33.001,60.24694]]],[522,[30.21654,30.68518,0,[33.001,62.1146]]],[47,[28.97615,28.78637,0,[32.001,54.09]]],[139,[14.88114,20.48436,0,[32.001,53.37192]]],[56,[30.66445,35.35682,0,[32.001,56.44076]]],[523,[32.30786,31.40458,0,[33.001,61.25268]]],[516,[32.40694,40.86267,0,[33.00099,58.52964]]],[124,[16.35941,21.07194,0,[32.001,53.11022]]],[128,[10.87682,16.39085,0,[32.001,51.91954]]],[73,[29.07647,29.69555,0,[32.001,55.2806]]],[524,[33.12151,30.25709,0,[33.001,61.46761]]],[33,[29.5098,29.16446,0,[32.001,53.52938]]],[426,[23.22948,31.80738,0,[33.001,60.47435]]],[500,[30.29676,40.13518,0,[33.00099,58.09066]]],[152,[13.84129,20.86013,0,[32.001,52.58741]]],[40,[31.22249,36.99879,0,[32.001,56.6896]]],[551,[33.787,38.82355,0,[33.001,59.13632]]],[519,[31.83466,34.23602,0,[33.001,60.5689]]],[46,[30.09323,30.13912,0,[32.001,54.15273]]],[41,[29.96019,34.01741,0,[32.001,55.24891]]],[23,[30.9115,29.67281,0,[32.00099,53.16012]]],[528,[32.23304,43.77709,0,[32.001,57.62267]]],[123,[18.9304,22.12916,0,[32.001,53.40152]]],[404,[16.28528,23.19011,0,[33.001,61.74381]]],[240,[30.81172,30.55742,0,[32.001,57.48595]]],[44,[30.66178,32.59709,0,[32.00099,54.23944]]],[157,[7.323654,14.53482,0,[32.001,51.76202]]],[447,[22.85719,26.05274,0,[33.001,61.26473]]],[533,[30.85328,31.99977,0,[33.001,62.57243]]],[43,[31.08076,34.43767,0,[32.001,55.60551]]],[82,[18.62864,21.04736,0,[32.001,52.52852]]],[97,[16.90887,19.92546,0,[32.001,52.64681]]],[449,[20.46338,23.96928,0,[33.001,62.61227]]],[459,[24.68077,29.64429,0,[33.00099,61.28959]]],[546,[34.08066,37.01469,0,[33.00098,60.14565]]],[535,[33.75682,31.53117,0,[33.001,61.48059]]],[144,[9.453184,14.26918,0,[32.001,51.62184]]],[381,[13.43439,22.80668,0,[33.001,61.48825]]],[91,[22.39792,25.10463,0,[32.00099,53.11594]]],[27,[30.53765,36.67834,0,[32.00099,55.34923]]],[476,[27.76134,29.14032,0,[33.001,60.61024]]],[544,[34.43656,37.90594,0,[33.00097,59.22662]]],[78,[21.79388,23.8946,0,[32.001,52.8691]]],[406,[14.64857,21.28513,0,[33.00099,62.30127]]],[32,[31.47688,29.55091,0,[32.001,53.49291]]],[513,[34.47935,35.84611,0,[33.00098,61.1581]]],[85,[31.82564,34.71827,0,[32.001,56.84672]]],[542,[33.25225,41.51046,0,[33.001,58.33825]]],[153,[12.61411,19.52939,0,[32.001,52.68461]]],[109,[17.63052,21.39197,0,[32.001,52.79742]]],[417,[16.87162,23.89225,0,[33.001,62.05539]]],[18,[32.69654,33.26352,0,[32.00098,54.65023]]],[475,[26.57339,29.31081,0,[33.00099,60.84838]]],[341,[7.861156,15.5525,0,[33.001,62.46003]]],[270,[32.93405,31.06493,0,[32.001,57.25941]]],[81,[21.21564,21.57428,0,[32.001,52.60658]]],[526,[35.13783,33.01284,0,[33.00098,60.57787]]],[58,[31.63915,34.21092,0,[32.001,55.83058]]],[300,[30.25933,30.22727,0,[32.001,57.34667]]],[446,[25.21059,26.82079,0,[33.00099,61.84249]]],[129,[11.55843,15.43688,0,[32.001,51.64641]]],[17,[32.15404,32.97469,0,[32.001,53.8508]]],[376,[10.5411,19.37858,0,[33.001,61.96724]]],[31,[31.27613,32.31014,0,[32.001,54.55472]]],[511,[32.68306,28.55142,0,[33.00099,62.21706]]],[114,[14.43912,16.82996,0,[32.001,51.58712]]],[29,[32.22643,35.22583,0,[32.001,55.67335]]],[90,[23.52495,26.15098,0,[32.001,53.17628]]],[536,[35.70576,31.82276,0,[33.00099,61.68999]]],[113,[12.55382,17.24839,0,[32.001,51.60516]]],[444,[21.68731,28.61245,0,[33.00098,61.85127]]],[111,[14.96497,19.77028,0,[32.001,52.26385]]],[543,[34.89097,37.83508,0,[32.21703,57.99974]]],[30,[31.86491,32.40845,0,[32.001,54.7866]]],[553,[34.68035,42.25699,0,[33.00099,58.15428]]],[463,[24.54805,25.98665,0,[33.001,62.38588]]],[80,[19.26693,21.78336,0,[32.001,52.06358]]],[539,[33.7502,44.02246,0,[32.001,57.13975]]],[126,[13.14665,18.77515,0,[32.001,51.92599]]],[520,[31.37956,32.33241,0,[33.00098,61.73203]]],[8,[33.50067,35.05973,0,[32.001,55.26217]]],[7,[33.96022,37.53242,0,[32.001,55.98492]]],[480,[26.63616,25.38973,0,[33.00099,61.96807]]],[512,[35.85952,30.55541,0,[33.001,60.06349]]],[460,[25.94899,28.71691,0,[33.001,60.84994]]],[127,[12.04902,17.84761,0,[32.001,52.18443]]],[16,[32.88346,37.21345,0,[32.001,55.6596]]],[494,[27.26897,26.97423,0,[33.00099,61.89299]]],[510,[31.92104,28.59937,0,[33.001,62.32437]]],[94,[20.0557,22.50242,0,[32.001,52.86804]]],[112,[13.73083,18.56927,0,[32.001,51.55286]]],[418,[15.9072,22.85718,0,[33.001,62.94332]]],[28,[33.30774,36.06194,0,[32.001,56.42184]]],[96,[18.08189,20.91956,0,[32.001,52.09715]]],[477,[27.84768,28.00447,0,[33.001,61.72227]]],[42,[34.58226,35.77027,0,[32.001,55.51415]]],[521,[29.62427,30.68207,0,[33.00098,62.04588]]],[547,[35.68128,47.70614,0,[32.00097,56.08417]]],[483,[34.87877,23.9585,0,[33.00098,62.38768]]],[549,[35.21352,44.02092,0,[32.00098,55.25753]]],[99,[16.64337,17.75504,0,[32.001,51.71066]]],[95,[19.47058,21.76527,0,[32.001,53.08844]]],[416,[17.84526,25.10204,0,[33.001,61.95659]]],[550,[35.03471,42.41747,0,[32.001,56.6747]]],[19,[34.10749,33.09846,0,[32.001,54.74112]]],[68,[19.88966,20.88861,0,[32.001,51.81916]]],[469,[32.49722,21.47742,0,[33.001,63.24756]]],[435,[18.4124,22.96553,0,[33.00099,62.06589]]],[545,[35.47598,39.40807,0,[32.00099,57.53399]]],[10,[33.34771,32.64674,0,[32.001,53.10532]]],[51,[24.11266,23.75334,0,[32.001,52.00359]]],[145,[34.40191,33.59784,0,[32.001,56.90808]]],[464,[23.40197,25.30777,0,[33.001,61.69731]]],[35,[26.88919,26.95971,0,[32.001,52.76551]]],[448,[21.73108,25.12384,0,[33.00099,63.03109]]],[39,[25.67797,23.17552,0,[32.001,51.80342]]],[55,[32.5057,36.9513,0,[32.001,56.61031]]],[83,[17.44579,19.50066,0,[32.001,51.77648]]],[394,[12.41189,19.89648,0,[33.001,62.1991]]],[468,[33.31973,24.03932,0,[33.001,62.83084]]],[110,[16.01419,20.4772,0,[32.001,52.25906]]],[9,[33.98871,32.80247,0,[32.00099,53.5324]]],[465,[22.66167,24.2001,0,[33.001,62.31705]]],[548,[33.94353,44.57106,0,[33.001,58.04571]]],[98,[15.49215,18.53176,0,[32.001,51.82746]]],[69,[20.77466,20.22609,0,[32.001,51.70361]]],[66,[23.52335,22.65637,0,[32.001,52.05611]]],[497,[31.40516,26.32579,0,[33.001,63.1595]]],[508,[29.01277,28.83779,0,[33.001,62.06251]]],[53,[22.95663,21.49929,0,[32.001,51.6136]]],[84,[18.72194,18.94035,0,[32.001,51.46621]]],[499,[36.62117,37.35613,0,[33.001,58.0997]]],[484,[37.62375,27.24657,0,[32.67924,57.99965]]],[552,[36.0535,44.42487,0,[32.00099,54.5508]]],[407,[13.5097,20.10641,0,[33.001,62.88132]]],[466,[23.89305,23.37551,0,[33.001,62.79725]]],[65,[22.32899,23.29087,0,[32.001,52.03102]]],[527,[35.07716,41.32792,0,[33.00098,59.28928]]],[537,[36.53896,34.71489,0,[33.00095,60.85675]]],[64,[24.13185,24.88092,0,[32.001,53.10625]]],[382,[12.99057,21.47185,0,[33.001,62.16873]]],[498,[36.71497,35.14153,0,[33.00097,59.45587]]],[438,[17.95526,19.7993,0,[33.001,63.10905]]],[49,[24.72024,25.61712,0,[32.001,53.00385]]],[509,[30.28856,28.08332,0,[33.001,63.21249]]],[54,[24.7265,21.8041,0,[32.001,51.89215]]],[76,[22.98194,25.54979,0,[32.001,52.6979]]],[26,[28.59659,25.26883,0,[32.001,51.96922]]],[419,[15.22043,21.98419,0,[33.001,62.33488]]],[462,[26.00656,26.80415,0,[33.001,61.9439]]],[514,[35.86321,39.8007,0,[33.001,58.77515]]],[24,[27.95365,26.72215,0,[32.001,51.90702]]],[439,[22.42447,18.77401,0,[33.001,63.30643]]],[421,[16.5705,20.45087,0,[33.001,63.01597]]],[434,[19.10034,23.71331,0,[33.001,62.3756]]],[493,[28.12143,27.73647,0,[33.001,62.88771]]],[15,[30.10575,26.89564,0,[32.001,51.65735]]],[525,[34.12917,29.2098,0,[33.001,62.60474]]],[50,[25.28824,24.88267,0,[32.001,52.62794]]],[424,[19.22652,17.69274,0,[33.001,63.47114]]],[451,[21.00343,22.55616,0,[33.001,63.16074]]],[538,[36.33452,44.14121,0,[32.001,56.8576]]],[482,[28.69342,24.66003,0,[33.001,63.24008]]],[481,[26.79975,24.36517,0,[33.001,63.09845]]],[22,[30.67849,27.50643,0,[32.00099,52.04826]]],[423,[15.35467,18.38802,0,[33.001,63.42712]]],[21,[33.35599,31.12696,0,[32.001,54.21773]]],[6,[33.21968,30.58225,0,[32.001,52.01886]]],[454,[24.91138,20.25283,0,[33.001,63.29673]]],[467,[26.11186,22.3234,0,[33.001,63.03954]]],[360,[10.93289,19.72422,0,[33.001,61.13721]]],[492,[28.44964,29.23323,0,[33.00099,61.91394]]],[436,[17.33568,22.02894,0,[33.001,62.83629]]],[455,[35.44605,39.77428,0,[32.00093,53.74445]]],[45,[29.53127,30.78334,0,[32.001,54.62061]]],[25,[26.74193,25.79434,0,[32.001,51.71896]]],[368,[11.51152,20.05559,0,[33.001,61.10503]]],[495,[27.55692,25.78689,0,[33.00099,62.95667]]],[37,[27.46066,25.6406,0,[32.001,52.89186]]],[38,[27.34749,24.66115,0,[32.001,51.82858]]],[4,[29.81521,31.46033,0,[32.001,52.58684]]],[496,[29.44636,25.89479,0,[33.00099,63.17477]]],[450,[19.68368,23.2766,0,[33.001,62.62358]]],[67,[21.71157,21.48053,0,[32.001,51.78143]]],[554,[36.65213,43.91512,0,[32.00099,55.529]]],[36,[28.76017,26.64917,0,[32.001,53.056]]],[452,[23.25848,21.80059,0,[33.001,62.85782]]],[409,[14.66386,17.46829,0,[33.001,63.44426]]],[3,[31.9066,31.11431,0,[32.001,51.71141]]],[20,[32.73752,31.24624,0,[32.00097,53.38324]]],[479,[25.47294,25.67878,0,[33.00099,62.88264]]],[437,[18.61731,21.10673,0,[33.00099,63.17889]]],[415,[18.97521,26.17436,0,[33.001,61.29821]]],[14,[29.23861,28.19695,0,[32.001,52.23589]]],[385,[9.621102,17.81276,0,[33.001,63.20467]]],[11,[32.55531,30.73935,0,[32.00099,52.30411]]],[342,[7.336972,14.5931,0,[33.001,62.9627]]],[0,[34.6969,36.90287,0,[32.00099,54.04718]]],[2,[34.83833,33.95842,0,[32.00098,52.6387]]],[395,[11.67324,18.98099,0,[33.001,62.19444]]],[396,[11.43721,17.28299,0,[33.001,63.1978]]],[422,[12.81622,19.04783,0,[33.001,63.2534]]],[5,[31.29846,31.91287,0,[32.001,52.24062]]],[353,[8.352471,15.84517,0,[33.001,63.01588]]],[384,[10.4006,18.99128,0,[33.001,63.02101]]],[52,[26.21338,23.9118,0,[32.001,52.21984]]],[34,[28.09749,27.9521,0,[32.001,52.9807]]],[420,[14.1415,21.00451,0,[33.001,62.9017]]],[369,[9.906299,18.50949,0,[33.001,62.08899]]],[362,[8.958987,16.99923,0,[33.001,62.95247]]],[13,[30.31077,29.64371,0,[32.001,53.10582]]],[328,[7.322249,14.54944,0,[33.001,61.42815]]],[383,[11.08288,20.34171,0,[33.001,62.30171]]],[408,[12.08513,18.11573,0,[33.001,63.08563]]],[12,[31.96125,29.16197,0,[32.001,52.79351]]],[313,[7.285437,14.51548,0,[33.001,60.16172]]],[329,[6.760519,13.47944,0,[33.001,62.1301]]],[1,[33.9717,34.18268,0,[32.00099,52.28035]]],[453,[20.06962,20.55922,0,[33.001,63.49681]]]
1:[269,[30.71834,61.39281,0,[81.00099,58.36668]]],[284,[30.71043,61.3928,0,[81.00098,59.84114]]],[254,[31.22668,62.36682,0,[81.90825,57.0002]]],[268,[31.36724,62.51807,0,[81.00097,58.16412]]],[283,[31.37599,62.54942,0,[81.00096,59.75623]]],[253,[32.02415,63.65755,0,[82.00098,56.8828]]],[282,[32.17159,63.74459,0,[81.00099,59.19394]]],[267,[31.98521,63.62676,0,[81.001,57.98988]]],[299,[31.72912,60.43174,0,[80.00099,60.54387]]],[298,[32.72093,63.03668,0,[81.00099,59.64836]]],[266,[32.72522,64.72132,0,[81.001,58.23846]]],[252,[32.77347,64.91837,0,[82.001,56.87353]]],[296,[33.3266,64.98273,0,[81.00097,59.29486]]],[297,[32.68099,62.72369,0,[80.00099,60.44213]]],[251,[33.10222,65.20073,0,[81.00097,57.06575]]],[281,[33.42639,65.19186,0,[81.00097,58.16093]]],[295,[33.91297,65.88593,0,[81.00098,59.83269]]],[238,[33.51471,64.56231,0,[82.00096,56.1771]]],[265,[34.02242,65.69818,0,[81.00098,58.63538]]],[235,[34.12865,65.82944,0,[81.00098,57.38171]]],[280,[34.65563,66.10136,0,[81.00099,59.34671]]],[237,[34.24005,65.45135,0,[82.00097,56.55702]]],[311,[33.86452,64.22937,0,[80.00098,60.4267]]],[250,[34.70773,66.23558,0,[81.00099,58.14364]]],[294,[35.21339,66.97533,0,[81.00096,59.79409]]],[210,[35.23212,65.9799,0,[81.65134,57.00039]]],[221,[35.37404,66.48871,0,[81.00098,58.66766]]],[236,[35.43832,65.075,0,[81.00098,57.54024]]],[310,[35.86011,66.63621,0,[81.00098,59.50623]]],[239,[34.95974,63.38562,0,[82.00099,56.09833]]],[325,[35.06322,65.34852,0,[80.00095,60.52306]]],[234,[36.05481,67.08069,0,[81.00098,58.33339]]],[223,[36.08224,65.40826,0,[82.00095,56.2739]]],[264,[36.63789,67.1715,0,[81.00096,58.91239]]],[222,[36.36916,66.01453,0,[81.49097,57.00017]]],[293,[36.52055,68.06474,0,[80.79467,60.00026]]],[209,[36.66147,66.52834,0,[81.00095,57.65715]]],[220,[37.27273,67.50489,0,[81.00094,58.26928]]],[324,[37.29963,67.73667,0,[81.00093,59.47483]]],[198,[37.1981,68.5751,0,[82.00095,56.36343]]],[208,[37.29964,67.38427,0,[81.00095,57.0099]]],[249,[37.84997,67.94045,0,[81.00099,58.14496]]],[309,[37.91235,67.89808,0,[81.00098,59.40166]]],[326,[36.70395,64.96554,0,[80.001,60.40517]]],[199,[38.08308,68.19476,0,[82.00095,56.23425]]],[279,[38.0481,67.77977,0,[81.00095,57.00208]]],[263,[38.53247,68.14499,0,[81.00095,58.21319]]],[323,[38.49665,68.86801,0,[81.00093,59.35389]]],[197,[38.76017,68.849,0,[81.00098,57.01568]]],[338,[39.18727,68.52805,0,[81.00095,59.57168]]],[278,[39.17854,68.94756,0,[81.00093,58.33954]]],[207,[38.91394,70.00154,0,[82.00096,56.19231]]],[339,[38.26503,66.24934,0,[80.00092,60.23833]]],[233,[39.46124,68.43497,0,[81.22789,57.0001]]],[292,[39.86544,69.31629,0,[81.001,58.91135]]],[248,[39.81827,68.74077,0,[81.001,57.71143]]],[262,[40.50391,69.43188,0,[81.00095,58.33633]]],[337,[40.44711,69.1492,0,[81.00093,59.57347]]],[350,[39.22998,67.8567,0,[80.00098,60.13366]]],[184,[40.03296,69.33186,0,[82.00084,56.06379]]],[232,[40.42263,69.39323,0,[81.00097,57.14958]]],[277,[41.08652,69.9474,0,[81.0009,57.90086]]],[307,[41.06566,69.91602,0,[81.00092,59.21856]]],[166,[41.36543,69.55375,0,[81.60583,57.00039]]],[190,[40.84274,69.44119,0,[82.00098,56.20269]]],[340,[35.67837,64.76974,0,[80.00097,60.41793]]],[335,[41.74552,71.07735,0,[81.00098,59.45282]]],[321,[41.66599,70.77876,0,[81.001,58.12339]]],[219,[42.10633,69.93219,0,[81.73583,57.00036]]],[291,[42.28051,70.57507,0,[81.00089,58.91001]]],[308,[40.67495,67.97221,0,[80.00096,60.23978]]],[218,[42.31142,69.89105,0,[81.00095,57.57528]]],[351,[40.00917,67.09383,0,[80.00092,60.3436]]],[224,[41.68164,65.25266,0,[82.00093,56.04943]]],[306,[42.80841,70.95594,0,[81.001,58.73978]]],[183,[42.51464,70.40282,0,[82.00092,56.01801]]],[348,[43.12521,70.76958,0,[81.00097,59.71871]]],[359,[41.72621,69.22872,0,[80.00097,60.02979]]],[247,[42.99912,70.09363,0,[81.00099,57.50622]]],[231,[43.52031,70.5293,0,[81.00096,58.38771]]],[261,[43.67507,70.46606,0,[81.00096,59.5599]]],[206,[43.11603,71.31124,0,[82.00098,56.81756]]],[182,[43.55838,70.13018,0,[81.00099,57.05804]]],[314,[42.33687,62.10466,0,[80.00099,60.61781]]],[246,[44.19655,70.85567,0,[81.00097,59.01039]]],[196,[44.10162,70.35825,0,[81.00096,57.81237]]],[367,[43.08098,69.60582,0,[80.00093,60.4403]]],[205,[43.66874,72.05543,0,[82.001,56.22685]]],[322,[44.74996,70.43688,0,[81.00098,59.7861]]],[188,[44.75755,71.62585,0,[81.69698,57.00028]]],[230,[44.82241,71.51176,0,[81.00099,58.57538]]],[352,[37.45216,65.54641,0,[80.00095,60.43775]]],[346,[45.36461,72.67045,0,[81.00098,59.34172]]],[349,[43.66398,69.47087,0,[80.001,60.35951]]],[191,[44.45953,68.69143,0,[82.00097,56.15702]]],[195,[44.93571,71.18853,0,[81.00099,57.44694]]],[217,[45.47821,71.45717,0,[81.00099,58.03157]]],[356,[45.96326,73.23376,0,[81.001,58.68796]]],[189,[45.33771,71.19657,0,[82.00098,56.16604]]],[336,[46.20367,71.48792,0,[81.00095,59.7812]]],[357,[44.9931,70.90086,0,[80.00099,60.2701]]],[276,[46.06015,71.45203,0,[81.00097,57.57446]]],[260,[46.571,71.81967,0,[81.00098,58.59871]]],[347,[45.84645,71.0043,0,[80.001,60.63908]]],[290,[46.87576,71.97717,0,[81.00098,59.66993]]],[181,[46.08363,72.32088,0,[82.00098,56.87248]]],[187,[46.91421,73.18692,0,[81.91226,57.00046]]],[216,[46.96919,71.87096,0,[81.001,57.84646]]],[364,[47.45967,73.90643,0,[81.00098,59.7817]]],[275,[47.53647,72.42772,0,[81.00096,58.72213]]],[358,[44.28183,70.07648,0,[80.00097,60.6829]]],[175,[46.42339,70.45353,0,[82.00093,55.91274]]],[180,[47.67392,72.18943,0,[81.00097,57.37186]]],[320,[48.14431,72.29154,0,[81.00098,59.61057]]],[151,[47.64744,73.4789,0,[82.00097,56.9972]]],[245,[48.15362,72.12027,0,[81.00098,58.30817]]],[373,[47.28595,71.62991,0,[80.00097,60.64788]]],[173,[48.60395,73.01588,0,[81.95016,57.00079]]],[289,[48.72998,73.03762,0,[81.00097,58.97236]]],[259,[48.99412,73.07956,0,[81.00094,57.99356]]],[389,[48.75574,74.78625,0,[80.63933,60.00027]]],[365,[46.53139,71.73051,0,[80.00098,60.61066]]],[162,[47.47215,74.49377,0,[82.00098,55.91576]]],[229,[49.20755,73.51155,0,[81.66234,57.00021]]],[244,[49.5467,73.48949,0,[81.00097,58.78633]]],[334,[49.68964,73.32919,0,[81.00095,59.96984]]],[392,[48.95558,71.59285,0,[80.00099,60.58886]]],[228,[49.46851,73.87341,0,[81.00095,57.32883]]],[305,[50.33937,72.49366,0,[81.00095,58.76458]]],[273,[50.10843,74.60461,0,[81.00095,57.6473]]],[138,[49.26028,72.91909,0,[82.00095,55.99981]]],[379,[50.26145,74.84165,0,[81.00093,59.79532]]],[366,[47.95081,71.52625,0,[80.001,60.49068]]],[194,[50.72297,73.47881,0,[81.58115,57.00045]]],[319,[50.91072,73.96104,0,[81.001,58.53093]]],[390,[50.98656,74.31364,0,[81.001,59.67075]]],[204,[50.26565,73.57208,0,[82.00092,56.32297]]],[304,[51.52813,73.86933,0,[81.00097,58.93007]]],[274,[51.07346,73.8743,0,[81.00093,57.53198]]],[391,[50.00946,71.99287,0,[80.00093,60.57335]]],[345,[51.58926,74.27222,0,[80.76325,60.00027]]],[203,[51.71647,73.6303,0,[81.00098,57.85619]]],[172,[51.09171,74.04556,0,[82.00092,56.10754]]],[258,[52.22253,73.97776,0,[81.00096,58.73526]]],[372,[50.77362,73.58729,0,[80.001,60.57335]]],[193,[52.39487,74.0696,0,[81.00093,57.77595]]],[137,[52.36973,73.64063,0,[81.76797,57.00036]]],[288,[52.80777,74.39962,0,[81.00098,59.19807]]],[388,[52.34591,76.1581,0,[81.00095,59.8819]]],[202,[53.06492,74.92968,0,[81.00095,57.94738]]],[215,[51.85204,75.49911,0,[82.00095,56.99109]]],[136,[53.27476,74.43987,0,[81.63373,57.00027]]],[401,[53.2607,76.0252,0,[80.91947,60.00026]]],[185,[53.43409,74.50704,0,[81.00095,59.02576]]],[402,[52.31993,73.74622,0,[80.00097,60.5847]]],[179,[53.62745,73.90619,0,[81.00097,57.70286]]],[125,[51.76654,72.34304,0,[82.00094,55.84555]]],[430,[54.07242,76.62432,0,[81.00094,59.736]]],[333,[54.06615,74.03219,0,[81.00096,58.62629]]],[327,[53.22334,66.09423,0,[80.00096,60.66222]]],[155,[54.17771,71.07959,0,[82.00095,56.87513]]],[148,[54.32619,76.15051,0,[81.00093,57.53872]]],[134,[54.68042,76.32513,0,[81.00092,58.73279]]],[414,[54.69912,76.82536,0,[81.00093,59.84862]]],[186,[53.29598,75.44697,0,[82.00095,56.02126]]],[107,[55.00547,74.77118,0,[81.00092,57.70811]]],[200,[54.37122,68.78217,0,[82.00089,55.89233]]],[318,[55.41504,74.46395,0,[81.00093,58.909]]],[380,[53.83871,73.34177,0,[80.001,60.59521]]],[121,[55.58818,75.48827,0,[81.00093,57.5529]]],[403,[51.66371,73.25906,0,[80.00098,60.71537]]],[371,[55.30223,74.34373,0,[80.68392,60.00032]]],[355,[56.10258,74.75246,0,[81.00094,59.32214]]],[122,[55.04355,75.31153,0,[81.9022,57.00032]]],[92,[56.2148,75.91425,0,[82.00084,56.89454]]],[214,[56.20674,74.5755,0,[81.00095,58.20005]]],[303,[56.76412,74.67439,0,[81.00092,59.1325]]],[192,[56.86189,76.26626,0,[81.00092,57.9885]]],[106,[56.39469,75.33636,0,[81.15146,57.00033]]],[399,[55.66754,76.64861,0,[80.00093,60.31334]]],[161,[55.42904,77.40737,0,[82.00095,56.01622]]],[344,[57.37656,75.77149,0,[81.00096,59.61746]]],[243,[57.48196,74.64268,0,[81.00098,58.39122]]],[135,[57.41269,76.99557,0,[81.72712,57.00047]]],[176,[56.67553,72.08524,0,[82.00095,56.06005]]],[412,[57.93293,79.1801,0,[81.001,59.38888]]],[257,[58.05242,75.27795,0,[81.00096,58.05424]]],[164,[57.58842,73.66145,0,[82.0009,56.04813]]],[312,[56.83655,64.65715,0,[80.001,60.63868]]],[227,[57.63436,75.38319,0,[81.001,57.09187]]],[370,[58.5613,77.07121,0,[81.00092,59.08595]]],[443,[58.15655,78.72429,0,[80.19141,60.00042]]],[256,[58.63207,76.41637,0,[81.00095,57.65482]]],[170,[58.34422,76.04848,0,[82.00092,56.08773]]],[242,[59.2231,75.91972,0,[81.00091,58.12206]]],[400,[54.53023,76.03681,0,[80.00093,60.59239]]],[363,[59.15014,76.35,0,[81.00089,59.17636]]],[178,[59.03928,76.59777,0,[82.00097,56.80075]]],[226,[59.27866,76.81774,0,[81.1208,57.00037]]],[302,[59.79737,76.02762,0,[81.00098,58.14602]]],[387,[59.8079,78.7467,0,[81.00095,59.45134]]],[413,[57.53891,77.18681,0,[80.00099,60.52973]]],[241,[59.85215,77.00572,0,[81.00098,57.01102]]],[272,[60.40555,75.8908,0,[81.00095,58.80209]]],[431,[58.73065,76.01247,0,[80.00098,60.13726]]],[171,[59.56192,75.29576,0,[82.00092,56.15978]]],[286,[60.48412,76.83044,0,[81.00093,57.4501]]],[287,[60.3117,74.89215,0,[80.5341,60.00034]]],[160,[60.30206,77.03226,0,[82.00094,56.16918]]],[317,[61.03389,75.8852,0,[81.00096,58.6998]]],[378,[56.38906,75.33138,0,[80.24442,60.00039]]],[354,[61.03748,77.67256,0,[81.00096,57.19121]]],[332,[61.78105,76.04176,0,[81.00094,59.094]]],[343,[60.89602,77.45462,0,[80.35127,60.00011]]],[225,[61.59983,78.38749,0,[81.00096,57.82821]]],[213,[61.00571,77.5294,0,[82.00098,56.54941]]],[201,[61.84547,78.54726,0,[82.00089,56.48815]]],[331,[62.32405,77.19002,0,[81.00095,58.2411]]],[316,[62.40644,77.71241,0,[81.00095,59.38758]]],[120,[62.10281,77.45671,0,[81.00097,57.06762]]],[432,[61.46341,75.61444,0,[80.00089,60.02461]]],[169,[62.89669,77.21705,0,[81.00099,57.83995]]],[271,[63.1573,77.758,0,[81.00095,58.98896]]],[147,[62.53195,78.95755,0,[82.00096,56.15709]]],[445,[62.80938,78.01036,0,[80.72285,60.00027]]],[93,[63.27924,76.59212,0,[82.00095,56.95456]]],[159,[63.62246,77.26051,0,[81.00098,58.16802]]],[301,[63.74678,77.83743,0,[81.00098,59.50172]]],[119,[63.48957,77.84468,0,[81.07758,57.0002]]],[428,[59.41859,78.98778,0,[80.00092,60.33757]]],[133,[64.18621,78.282,0,[81.00096,58.26895]]],[167,[63.56209,70.24673,0,[82.00095,56.10174]]],[118,[64.12319,78.91306,0,[81.00095,57.11276]]],[397,[64.37588,81.59481,0,[81.00095,59.52007]]],[158,[64.7778,79.69403,0,[81.00099,58.51803]]],[103,[64.34394,80.03355,0,[82.00094,56.26827]]],[429,[62.9908,77.73408,0,[80.00098,60.43325]]],[77,[64.77462,76.9252,0,[81.00098,57.25758]]],[377,[65.16046,78.74457,0,[81.00093,59.5738]]],[132,[65.36376,79.64071,0,[81.00091,58.43287]]],[143,[65.03653,70.44466,0,[82.00093,56.29117]]],[411,[64.32333,79.79626,0,[80.00096,60.39628]]],[63,[65.41982,77.08833,0,[81.00096,57.16971]]],[440,[65.92204,84.16396,0,[81.00093,59.69752]]],[101,[65.92265,80.79791,0,[81.00096,58.34853]]],[165,[66.01451,73.53757,0,[81.00097,57.02104]]],[330,[65.12781,78.85629,0,[80.00089,60.26266]]],[105,[65.78352,78.56763,0,[82.00096,56.2295]]],[315,[66.49394,79.10076,0,[81.00096,58.09805]]],[473,[66.53419,81.89299,0,[81.00094,59.38265]]],[104,[67.03605,80.30666,0,[81.77576,57.00035]]],[456,[67.13935,85.03964,0,[81.00095,58.83228]]],[211,[66.65652,70.23425,0,[82.00096,56.10501]]],[461,[66.07024,77.81794,0,[80.00094,60.31892]]],[442,[66.87339,82.09554,0,[80.44747,60.00025]]],[471,[67.15991,83.99799,0,[81.00097,57.55649]]],[177,[67.45251,72.52877,0,[82.00093,56.21296]]],[470,[67.73404,86.2319,0,[81.00099,58.52541]]],[458,[67.89643,82.60644,0,[81.00099,59.65316]]],[75,[67.81804,79.12318,0,[81.001,57.24777]]],[427,[67.36389,80.20856,0,[80.00098,60.6481]]],[487,[68.33354,84.21971,0,[81.00095,58.22873]]],[398,[68.52679,82.36279,0,[81.00095,59.44078]]],[174,[68.07753,74.57059,0,[82.00096,56.33492]]],[62,[68.48787,79.07253,0,[81.00096,57.05191]]],[102,[68.95508,79.77807,0,[81.001,58.09213]]],[488,[69.19096,83.51715,0,[81.00094,59.24584]]],[433,[63.60151,74.88547,0,[80.001,60.50333]]],[374,[68.59689,74.90913,0,[80.001,60.49977]]],[154,[68.81772,74.69119,0,[82.00097,56.19203]]],[59,[69.68185,81.03986,0,[81.001,58.02531]]],[163,[69.10615,75.45689,0,[81.00098,57.05869]]],[503,[70.24802,84.22013,0,[81.00097,59.81764]]],[486,[70.14987,85.70274,0,[81.00098,58.67488]]],[441,[67.9981,82.71079,0,[80.001,60.26852]]],[48,[70.21544,80.15202,0,[82.00091,56.87747]]],[87,[70.26456,81.13235,0,[81.00094,57.15307]]],[86,[70.7933,82.30667,0,[81.00094,58.21328]]],[530,[70.77706,85.74887,0,[81.00091,59.47079]]],[89,[70.98195,80.35145,0,[81.00091,57.01111]]],[168,[69.62846,71.69234,0,[82.00098,56.07811]]],[474,[69.22946,80.90291,0,[80.13221,60.00037]]],[518,[71.35159,86.46201,0,[81.00093,59.23705]]],[489,[71.44991,82.45932,0,[81.00095,58.05209]]],[142,[71.16242,72.46854,0,[82.00095,56.17542]]],[285,[71.80818,79.5837,0,[81.22378,57.00032]]],[457,[71.98913,83.70663,0,[81.00098,59.64052]]],[491,[70.8008,79.57452,0,[80.00099,60.34072]]],[515,[72.07131,91.61243,0,[81.00096,58.53049]]],[108,[71.92072,77.60125,0,[82.00096,56.08556]]],[131,[72.31987,81.09694,0,[81.00098,57.51373]]],[502,[72.71482,87.84718,0,[81.00095,58.58821]]],[478,[72.61607,79.10497,0,[81.00093,59.66945]]],[490,[70.17007,80.6625,0,[80.00094,60.51713]]],[117,[72.89433,81.08186,0,[81.00099,57.12338]]],[505,[73.26011,82.33482,0,[81.00095,58.21442]]],[74,[72.82607,81.16787,0,[82.00099,56.46886]]],[507,[73.35555,80.90459,0,[81.00093,59.51923]]],[375,[71.59081,72.04015,0,[80.00098,60.6084]]],[212,[73.86226,79.03309,0,[81.001,58.46635]]],[501,[73.97574,88.85029,0,[81.00099,59.62828]]],[140,[73.53973,74.89103,0,[82.00096,56.25269]]],[425,[73.61138,85.02602,0,[81.001,57.26699]]],[130,[74.44819,83.75287,0,[81.00093,59.17871]]],[393,[73.04309,73.84657,0,[80.00092,60.40412]]],[146,[74.25,80.92464,0,[81.00095,57.61454]]],[504,[73.90327,83.85929,0,[80.00099,60.29443]]],[88,[74.21436,81.71644,0,[82.00094,56.3041]]],[72,[74.92548,82.60507,0,[81.00098,57.90338]]],[386,[74.99788,82.25906,0,[81.00098,59.0093]]],[150,[75.21854,77.95805,0,[81.39964,57.00039]]],[472,[72.35591,84.80412,0,[80.00092,60.46831]]],[255,[75.60149,79.84305,0,[81.00095,58.26046]]],[156,[74.92693,72.42664,0,[82.00098,56.65598]]],[517,[74.51313,86.33225,0,[80.00097,60.07759]]],[540,[75.68031,90.67848,0,[81.00095,59.51685]]],[57,[75.61243,84.41161,0,[81.00095,57.00776]]],[485,[76.18945,88.03571,0,[81.00098,58.19374]]],[61,[75.61685,81.90752,0,[82.00093,56.10509]]],[531,[76.29362,86.81714,0,[81.00096,59.4086]]],[361,[75.19915,71.11813,0,[80.00096,60.47766]]],[116,[76.30705,83.9884,0,[81.00098,57.01078]]],[529,[76.84503,89.35812,0,[81.00097,58.99711]]],[115,[76.83951,84.70293,0,[81.00097,57.82766]]],[405,[75.93828,75.72837,0,[80.001,60.33706]]],[141,[76.43905,74.84734,0,[82.00097,56.18014]]],[532,[76.492,84.49481,0,[80.01147,60.00026]]],[410,[77.50056,86.57014,0,[81.00088,59.30404]]],[79,[77.313,78.2146,0,[82.00092,56.20579]]],[71,[77.491,84.63534,0,[81.00089,58.10008]]],[70,[78.04806,86.43154,0,[81.00094,57.90839]]],[541,[78.14474,88.82563,0,[81.00095,59.24781]]],[506,[77.1572,81.10678,0,[80.00093,60.25904]]],[60,[77.5078,83.19858,0,[81.40475,57.00038]]],[149,[78.37151,80.31068,0,[81.49194,57.00036]]],[100,[78.66926,85.51565,0,[81.00099,58.26481]]],[534,[78.86225,84.9371,0,[81.00099,59.35684]]],[522,[77.95974,81.37646,0,[80.001,60.18203]]],[47,[78.73041,82.10365,0,[81.00099,57.09538]]],[139,[78.21091,76.94313,0,[82.00095,56.12314]]],[56,[79.32169,86.46588,0,[81.00098,58.1604]]],[523,[79.42882,83.19737,0,[81.00096,59.85155]]],[516,[79.76926,91.18581,0,[81.00097,59.09457]]],[124,[79.4616,76.90968,0,[81.13884,57.00027]]],[128,[79.4252,73.15196,0,[82.00096,56.17754]]],[73,[80.05106,82.82767,0,[81.00094,57.95642]]],[524,[79.64331,80.103,0,[80.00098,60.03841]]],[33,[80.28662,83.49225,0,[81.1955,57.00039]]],[426,[79.18342,83.02574,0,[80.00095,60.67129]]],[500,[80.4737,89.82499,0,[81.00091,59.15492]]],[152,[80.37669,78.02488,0,[82.00092,56.16727]]],[40,[80.90591,87.93175,0,[81.00099,58.2201]]],[551,[81.25886,89.61739,0,[81.00092,59.34687]]],[519,[80.28217,86.22849,0,[80.051,60.0005]]],[46,[80.8261,84.5145,0,[81.001,57.10369]]],[41,[81.657,86.6393,0,[81.00097,58.19167]]],[23,[81.46182,83.59147,0,[81.00098,57.03178]]],[528,[81.87111,94.52298,0,[81.00097,59.34332]]],[123,[81.20527,79.21243,0,[82.00094,56.18442]]],[404,[80.94312,77.22948,0,[80.00099,60.20096]]],[240,[82.43195,81.24593,0,[81.00098,58.74397]]],[44,[82.26324,87.0433,0,[81.00099,57.60537]]],[157,[82.04142,74.16981,0,[82.00093,56.0868]]],[447,[81.73109,80.2227,0,[80.00097,60.11421]]],[533,[82.97581,85.80421,0,[81.00099,59.16624]]],[43,[83.052,86.0413,0,[81.00095,58.09214]]],[82,[82.9828,77.50287,0,[81.19924,57.0002]]],[97,[82.76807,76.77272,0,[82.00099,56.48116]]],[449,[82.37387,77.20813,0,[80.00097,60.22845]]],[459,[83.56952,85.13185,0,[81.00099,59.52606]]],[546,[83.64049,88.40126,0,[81.001,58.11829]]],[535,[84.0929,84.26205,0,[81.00098,58.89458]]],[144,[83.65767,74.57381,0,[82.00098,56.16547]]],[381,[83.25982,76.39371,0,[80.00098,60.48266]]],[91,[83.85503,81.07924,0,[81.31219,57.00014]]],[27,[84.30005,89.14731,0,[81.00098,57.89185]]],[476,[84.53201,84.45282,0,[81.00097,59.83522]]],[544,[84.83535,89.58916,0,[81.00099,58.57536]]],[78,[84.90884,81.21956,0,[81.83761,57.00025]]],[406,[84.2003,75.10493,0,[80.00095,60.70925]]],[32,[84.9752,83.63676,0,[81.00099,57.53569]]],[513,[85.14458,88.09095,0,[81.00095,59.60624]]],[85,[85.60041,85.83378,0,[81.00094,58.35462]]],[542,[85.78296,91.83444,0,[81.00094,59.52143]]],[153,[85.71522,78.80319,0,[81.58853,57.00044]]],[109,[84.56255,79.25584,0,[82.00097,56.06301]]],[417,[84.96426,78.26496,0,[80.001,60.35979]]],[18,[86.08562,85.92875,0,[81.00095,57.66388]]],[475,[86.36005,88.03276,0,[81.00098,59.55917]]],[341,[85.60566,69.80317,0,[80.001,60.59927]]],[270,[86.56194,82.27618,0,[81.00098,58.54873]]],[81,[86.69602,79.79624,0,[82.00095,56.93982]]],[526,[87.0444,86.13515,0,[81.00097,59.49568]]],[58,[87.1696,86.35651,0,[81.00098,57.99192]]],[300,[87.53763,81.98669,0,[81.00096,59.02353]]],[446,[86.3249,83.2271,0,[80.00094,60.22985]]],[129,[85.684,75.78876,0,[82.00093,56.00846]]],[17,[86.75124,88.3869,0,[81.00098,57.05421]]],[376,[87.01602,72.5722,0,[80.00097,60.31553]]],[31,[87.84721,86.87007,0,[81.00097,58.08094]]],[511,[88.09466,83.94543,0,[81.00096,59.65874]]],[114,[87.58443,76.08123,0,[81.18787,57.00028]]],[29,[88.44533,86.99393,0,[81.00097,58.40932]]],[90,[88.38277,83.77722,0,[81.55302,57.0005]]],[536,[88.68153,87.17132,0,[81.00097,59.55563]]],[113,[86.73771,78.83511,0,[82.00092,55.87599]]],[444,[87.6636,82.71568,0,[80.00099,60.64372]]],[111,[88.09279,80.13876,0,[82.00092,56.05825]]],[543,[89.03333,88.43172,0,[81.00095,58.23792]]],[30,[88.67854,86.46167,0,[81.001,57.20153]]],[553,[89.28655,92.8951,0,[81.00094,59.52625]]],[463,[88.32154,80.6724,0,[80.00095,60.47546]]],[80,[89.63531,81.03507,0,[81.00098,57.69603]]],[539,[89.74023,94.67708,0,[81.00098,58.79064]]],[126,[88.85439,81.69527,0,[82.00091,56.14451]]],[520,[90.02789,91.84829,0,[81.00095,59.85429]]],[8,[90.27187,87.38081,0,[81.00095,57.77877]]],[7,[89.83288,90.14066,0,[82.00098,56.90978]]],[480,[89.00155,80.93017,0,[80.00094,60.41507]]],[512,[90.51062,82.76272,0,[81.00095,58.91085]]],[460,[90.83022,87.35812,0,[80.97528,60.00033]]],[127,[90.84747,81.22255,0,[82.00095,56.98527]]],[16,[91.12825,90.56237,0,[81.00098,58.45035]]],[494,[89.87452,84.45172,0,[80.00098,60.61651]]],[510,[91.44338,88.70722,0,[81.00098,59.53376]]],[94,[90.90233,82.28465,0,[81.001,57.36253]]],[112,[89.76386,82.05579,0,[82.00098,55.81718]]],[418,[90.74765,76.88482,0,[80.00097,60.62168]]],[28,[91.99023,87.9096,0,[81.001,58.38081]]],[96,[90.74909,80.93262,0,[82.00095,55.81609]]],[477,[92.10802,87.67696,0,[81.00097,59.51282]]],[42,[91.67296,88.98213,0,[81.001,57.45906]]],[521,[91.36052,89.13106,0,[80.00098,60.46242]]],[547,[92.68637,100.8511,0,[81.00095,58.31811]]],[483,[92.75702,81.55568,0,[81.00095,59.48412]]],[549,[92.58597,97.61993,0,[81.00095,57.17768]]],[99,[91.80012,82.24727,0,[82.00098,56.11516]]],[95,[92.62538,83.07304,0,[82.00098,56.6347]]],[416,[92.05457,81.38252,0,[80.00095,60.28654]]],[550,[93.31403,95.39675,0,[81.00087,58.99361]]],[19,[93.29153,88.46392,0,[81.00089,57.8334]]],[68,[93.64923,87.71245,0,[81.66966,57.00048]]],[469,[93.8866,81.82213,0,[81.00099,59.16024]]],[435,[92.66987,78.9705,0,[80.00095,60.20808]]],[545,[93.93538,92.46764,0,[81.001,58.01304]]],[10,[93.23615,88.50298,0,[82.00091,56.11004]]],[51,[94.2403,82.75104,0,[81.39304,57.00036]]],[145,[94.59468,85.68216,0,[81.00093,58.573]]],[464,[94.5277,84.68639,0,[81.00092,59.68219]]],[35,[94.69719,84.6137,0,[81.00098,57.24671]]],[448,[93.40071,80.7599,0,[80.00097,60.26368]]],[39,[94.14767,88.14226,0,[82.00095,56.13137]]],[55,[95.14482,90.23146,0,[81.00094,58.27375]]],[83,[95.03221,86.91978,0,[82.00094,56.2999]]],[394,[94.50065,73.76281,0,[80.00095,60.22333]]],[468,[95.52465,85.28089,0,[81.00092,59.42371]]],[110,[95.33908,83.2653,0,[81.00097,57.06112]]],[9,[95.76139,88.64976,0,[81.00095,58.10149]]],[465,[95.27007,80.1027,0,[80.0009,60.21392]]],[548,[96.23577,97.68607,0,[81.00093,59.13863]]],[98,[95.71721,82.08632,0,[82.00096,56.1061]]],[69,[96.34703,83.48171,0,[81.84033,57.0004]]],[66,[96.37543,81.15705,0,[81.00089,57.73482]]],[497,[95.89799,86.69623,0,[80.00095,60.02503]]],[508,[97.04469,90.57204,0,[81.00094,59.24875]]],[53,[97.09451,86.04574,0,[81.80869,57.00042]]],[84,[96.63559,84.91508,0,[82.00092,56.05027]]],[499,[96.99792,88.94209,0,[81.00099,58.04782]]],[484,[97.75352,79.17648,0,[81.00094,58.85454]]],[552,[97.5127,100.0326,0,[81.00096,57.60169]]],[407,[96.67838,77.57891,0,[80.00096,60.2332]]],[466,[97.78434,84.61317,0,[80.97495,60.00035]]],[65,[97.76609,86.28284,0,[82.00096,56.75088]]],[527,[98.31982,94.89941,0,[81.00096,58.02787]]],[537,[98.49457,89.92418,0,[81.00095,59.17671]]],[64,[98.31885,84.60919,0,[81.39045,57.00028]]],[382,[97.86182,76.3299,0,[80.00098,60.20858]]],[498,[98.9374,87.06673,0,[81.001,58.15902]]],[438,[98.97483,78.49509,0,[80.93748,60.00029]]],[49,[98.90839,90.20467,0,[81.00098,57.02686]]],[509,[99.46494,93.95591,0,[81.00093,58.95429]]],[54,[98.27879,86.04996,0,[82.00097,56.07299]]],[76,[99.54858,86.94363,0,[81.00096,57.67256]]],[26,[99.31998,87.63324,0,[82.00095,56.12625]]],[419,[99.09186,77.80616,0,[80.00094,60.1303]]],[462,[100.0516,88.05325,0,[81.00095,59.11716]]],[514,[100.1356,95.88979,0,[81.00098,57.77475]]],[24,[100.1963,91.14147,0,[82.00094,56.63903]]],[439,[100.5817,79.51335,0,[81.00098,58.67107]]],[421,[99.84038,78.8495,0,[80.00098,60.12604]]],[434,[100.894,84.89107,0,[81.00098,59.797]]],[493,[100.8608,92.20452,0,[81.00098,57.53673]]],[15,[100.8485,88.89979,0,[82.001,56.63637]]],[525,[101.302,90.14703,0,[81.00096,58.66186]]],[50,[101.6199,84.14871,0,[81.00098,57.46162]]],[424,[100.9428,78.33249,0,[80.001,60.028]]],[451,[101.8829,85.35096,0,[81.00098,59.1931]]],[538,[101.5872,102.2498,0,[82.00098,56.51119]]],[482,[102.1567,89.46066,0,[81.00099,58.08762]]],[481,[102.623,92.63788,0,[81.00098,59.15267]]],[22,[102.3114,90.24762,0,[82.00092,56.4165]]],[423,[101.7559,79.40509,0,[80.00095,60.09839]]],[21,[102.7626,88.23843,0,[81.00096,57.91834]]],[6,[103.0009,91.38383,0,[82.00096,56.87561]]],[454,[103.1885,84.28209,0,[81.00098,59.52641]]],[467,[103.4461,93.88488,0,[81.00099,58.40736]]],[360,[102.655,72.97013,0,[80.001,60.59194]]],[492,[103.3425,96.3139,0,[81.00099,57.27008]]],[436,[103.7743,96.2979,0,[81.00098,59.49899]]],[455,[104.1002,99.44757,0,[81.00095,58.28621]]],[45,[103.9637,91.4875,0,[81.001,57.14454]]],[25,[103.5734,89.25479,0,[82.00095,56.18853]]],[368,[103.4327,76.07178,0,[80.00098,60.47797]]],[495,[104.376,89.01281,0,[81.00093,59.53234]]],[37,[104.6766,86.44464,0,[81.00098,58.31342]]],[38,[104.3392,85.31857,0,[82.00095,56.26099]]],[4,[104.5846,91.39286,0,[81.00098,57.11628]]],[496,[105.0454,94.59084,0,[81.00095,59.34606]]],[450,[104.2744,85.06596,0,[80.00091,60.24154]]],[67,[105.2386,86.88696,0,[81.00095,57.69143]]],[554,[105.6708,100.3674,0,[81.00097,58.82354]]],[36,[105.0239,87.80846,0,[82.00095,56.11134]]],[452,[105.0231,87.55709,0,[80.00094,60.06111]]],[409,[106.1747,94.17216,0,[81.00095,59.62541]]],[3,[105.8107,94.36263,0,[82.00089,56.81681]]],[20,[105.9326,91.25911,0,[81.001,57.5026]]],[479,[106.4071,94.30322,0,[81.00095,58.53654]]],[437,[106.865,89.93141,0,[80.94707,60.00026]]],[415,[105.8939,80.6881,0,[80.00099,60.49819]]],[14,[106.428,91.82173,0,[82.00093,56.45057]]],[385,[106.9665,85.09486,0,[81.001,58.47626]]],[11,[106.8029,90.54913,0,[81.00099,57.30621]]],[342,[107.4206,80.90633,0,[81.00098,59.38088]]],[0,[107.4247,96.82396,0,[81.00099,57.3737]]],[2,[107.2496,95.34644,0,[82.00097,56.34204]]],[395,[107.241,73.64407,0,[80.00096,60.3917]]],[396,[107.88,89.50594,0,[81.001,58.1374]]],[422,[108.0042,77.82034,0,[81.00093,59.34008]]],[5,[108.1264,95.76857,0,[82.00093,56.25929]]],[353,[108.6574,85.39331,0,[81.00085,59.30639]]],[384,[108.0157,84.8401,0,[80.00086,60.05728]]],[52,[108.6731,87.44185,0,[81.00089,57.99786]]],[34,[108.4818,89.77258,0,[81.5272,57.00035]]],[420,[109.2612,91.07687,0,[81.00098,57.33803]]],[369,[109.3404,84.09797,0,[81.00097,58.54032]]],[362,[109.4522,75.42508,0,[81.00095,59.7333]]],[13,[109.5904,91.23653,0,[82.00098,56.36236]]],[328,[109.3445,74.36439,0,[80.00098,60.44772]]],[383,[110.2935,83.7758,0,[81.00098,58.53441]]],[408,[110.5785,78.58168,0,[81.00098,59.67231]]],[12,[109.9582,92.02038,0,[81.001,57.51874]]],[313,[110.5149,74.2077,0,[80.001,60.47583]]],[329,[111.1578,78.30913,0,[81.00099,58.25735]]],[1,[110.607,95.77646,0,[82.00098,56.50652]]],[453,[111.6988,87.36806,0,[81.00099,59.49598]]]

Travel Distances:
[269,91.93762],[284,91.9446],[254,91.80222],[268,93.73527],[283,93.61117],[253,93.43307],[282,93.38357],[267,93.45874],[299,92.79296],[298,93.43519],[266,95.21351],[252,94.86218],[296,96.23899],[297,95.08271],[251,96.73938],[281,96.01325],[295,95.92647],[238,95.00652],[265,95.42903],[235,97.23183],[280,96.70122],[237,96.10833],[311,95.76392],[250,96.58437],[294,98.32923],[210,97.25644],[221,97.54745],[236,95.59694],[310,96.56358],[239,93.99931],[325,96.61784],[234,96.81201],[223,96.56528],[264,97.76842],[222,96.51786],[293,98.83235],[209,96.91385],[220,98.85401],[324,99.0498],[198,99.39074],[208,98.50754],[249,98.00355],[309,97.84652],[326,96.20643],[199,99.45068],[279,99.20126],[263,98.8955],[323,99.54294],[197,99.07232],[338,98.04797],[278,100.2337],[207,101.4481],[339,98.02965],[233,99.18505],[292,99.44366],[248,98.84505],[262,100.3123],[337,99.91615],[350,99.87997],[184,100.3071],[232,100.2073],[277,99.6355],[307,101.3548],[166,100.4235],[190,100.6114],[340,97.22582],[335,101.3553],[321,101.08],[219,101.3513],[291,101.7351],[308,100.3781],[218,100.7909],[351,99.53934],[224,96.26485],[306,100.8737],[183,100.2893],[348,100.3857],[359,100.0945],[247,101.6186],[231,101.1935],[261,100.9262],[206,101.4606],[182,100.4856],[314,93.58076],[246,100.2199],[196,101.6834],[367,101.9175],[205,102.9314],[322,100.5159],[188,101.6236],[230,101.455],[352,99.52338],[346,103.4318],[349,101.5437],[191,100.1309],[195,102.4596],[217,102.1324],[356,102.7577],[189,103.0518],[336,102.7324],[357,103.5577],[276,102.986],[260,102.2882],[347,102.3112],[290,101.8479],[181,102.5967],[187,102.7641],[216,103.1542],[364,104.4525],[275,102.8808],[358,102.2128],[175,101.4844],[180,102.3724],[320,103.5492],[151,104.8255],[245,103.4148],[373,103.9595],[173,103.2298],[289,103.0143],[259,102.7898],[389,104.586],[365,105.0395],[162,106.4603],[229,104.3207],[244,103.9815],[334,103.7249],[392,102.7256],[228,104.1046],[305,103.6615],[273,105.9039],[138,103.9577],[379,105.3812],[366,103.4125],[194,103.4269],[319,103.8494],[390,103.9165],[204,104.9964],[304,104.5476],[274,105.0975],[391,104.2645],[345,104.7567],[203,103.5973],[172,104.1311],[258,103.437],[372,106.0838],[193,104.8538],[137,104.1606],[288,104.5352],[388,106.4481],[202,104.5479],[215,107.49],[136,105.5889],[401,107.0339],[185,105.0604],[402,105.6693],[179,104.4387],[125,102.6891],[430,106.1657],[333,105.5422],[327,98.45618],[155,101.4667],[148,106.593],[134,106.5402],[414,108.5529],[186,107.6298],[107,106.0689],[200,99.93539],[318,105.2887],[380,105.5227],[121,105.7104],[403,104.9411],[371,106.069],[355,106.0748],[122,106.8967],[92,106.5771],[214,105.2673],[303,104.834],[192,106.1426],[106,105.5343],[399,107.8271],[161,109.6115],[344,106.6674],[243,105.3067],[135,107.232],[176,102.6366],[412,108.8017],[257,106.7818],[164,104.8667],[312,97.3227],[227,106.7195],[370,107.3327],[443,109.8315],[256,106.5053],[170,108.1284],[242,107.2184],[400,109.943],[363,107.5732],[178,107.1831],[226,107.6547],[302,106.0352],[387,108.699],[413,108.6925],[241,108.5097],[272,106.7256],[431,108.2603],[171,106.7584],[286,107.2683],[287,105.3992],[160,106.8836],[317,105.3359],[378,108.6864],[354,109.169],[332,106.2577],[343,108.4725],[225,108.7466],[213,107.8311],[201,109.6118],[331,108.2221],[316,108.6558],[120,108.5599],[432,107.7337],[169,107.0653],[271,107.3368],[147,110.7254],[445,109.8302],[93,107.3139],[159,107.887],[301,107.9407],[119,108.2296],[428,110.2428],[133,109.6552],[167,102.2426],[118,110.0682],[397,112.187],[158,109.8725],[103,110.375],[429,109.1224],[77,106.9557],[377,109.9554],[132,110.5845],[143,101.2888],[411,111.5742],[63,107.847],[440,113.9821],[101,110.6853],[165,105.0582],[330,111.1504],[105,109.7353],[315,109.7535],[473,112.3163],[104,109.8692],[456,114.4562],[211,101.9208],[461,110.5754],[442,113.7105],[471,115.0535],[177,102.7506],[470,116.4485],[458,112.4738],[75,109.1104],[427,112.6168],[487,115.1193],[398,112.7983],[174,105.3546],[62,109.8238],[102,111.4335],[488,114.8092],[433,108.6109],[374,106.6357],[154,105.9872],[59,111.513],[163,106.4594],[503,113.6012],[486,116.9326],[441,115.4333],[48,110.9809],[87,111.9461],[86,112.3484],[530,115.9281],[89,111.9192],[168,103.4477],[474,113.3376],[518,117.4047],[489,113.3149],[142,102.8109],[285,109.7097],[457,113.3496],[491,110.5157],[515,121.1999],[108,108.4838],[131,112.0092],[502,118.1385],[478,109.3497],[490,112.3807],[117,112.692],[505,113.5092],[74,112.5529],[507,111.9367],[375,104.0733],[212,108.977],[501,118.6642],[140,104.9709],[425,115.3392],[130,114.5628],[393,106.1813],[146,111.8963],[504,115.4661],[88,112.4038],[72,112.6203],[386,111.9615],[150,109.284],[472,117.966],[255,110.5248],[156,103.5877],[517,118.0863],[540,120.8291],[57,114.549],[485,119.2424],[61,113.7139],[531,117.7545],[361,103.4896],[116,114.8561],[529,119.3893],[115,114.5733],[405,106.7726],[141,106.7067],[532,116.3466],[410,117.3214],[79,108.853],[71,115.346],[70,116.0788],[541,120.2303],[506,113.6545],[60,114.8531],[149,111.0373],[100,115.8406],[534,114.9704],[522,112.4526],[47,112.0134],[139,108.6017],[56,117.5322],[523,113.7646],[516,121.3936],[124,107.1867],[128,103.2131],[73,112.447],[524,112.19],[33,114.4159],[426,115.2301],[500,120.2959],[152,108.3996],[40,117.7283],[551,120.921],[519,118.9468],[46,116.3938],[41,117.1377],[23,114.1972],[528,124.3886],[123,109.7006],[404,108.2799],[240,112.2789],[44,118.1643],[157,105.1149],[447,111.9239],[533,115.7476],[43,115.8742],[82,108.9818],[97,108.2385],[449,109.2831],[459,115.6239],[546,118.8799],[535,113.9164],[144,106.6475],[381,108.7922],[91,112.4461],[27,120.2404],[476,115.2392],[544,119.7001],[78,110.8149],[406,105.8306],[32,115.2567],[513,119.4807],[85,116.3293],[542,122.0017],[153,108.6994],[109,109.6701],[417,109.4401],[18,117.299],[475,119.0012],[341,101.4806],[270,112.3736],[81,109.4251],[526,115.8803],[58,117.4247],[300,112.7109],[446,115.5481],[129,107.47],[17,119.6628],[376,103.4944],[31,116.702],[511,113.348],[114,108.1338],[29,117.4655],[90,114.3889],[536,117.2757],[113,110.147],[444,114.146],[111,112.093],[543,119.8537],[30,118.1729],[553,123.747],[463,112.5986],[80,111.4325],[539,124.775],[126,112.23],[520,121.2643],[8,118.5388],[7,120.9066],[480,113.3636],[512,113.3543],[460,117.3274],[127,110.6005],[16,120.0783],[494,117.3691],[510,119.544],[94,113.4201],[112,113.7613],[418,108.5272],[28,117.7755],[96,111.0728],[477,117.1967],[42,120.6709],[521,121.2375],[547,131.3642],[483,111.8177],[549,128.0813],[99,112.7986],[95,114.043],[416,114.1308],[550,126.6659],[19,119.732],[68,117.8072],[469,111.6437],[435,110.1389],[545,122.3156],[10,120.4396],[51,113.8027],[145,116.2351],[464,114.9966],[35,114.8382],[448,112.4445],[39,118.5905],[55,119.6696],[83,117.7978],[394,105.8186],[468,115.9767],[110,114.1919],[9,118.8861],[465,112.7772],[548,128.8495],[98,113.5385],[69,114.2462],[66,112.1787],[497,117.8942],[508,120.2033],[53,115.3351],[84,114.8921],[499,118.551],[484,109.3949],[552,130.5142],[407,109.163],[466,114.6415],[65,116.1262],[527,126.0859],[537,120.8132],[64,115.5849],[382,107.99],[498,117.0772],[438,109.9146],[49,122.0569],[509,124.8102],[54,117.4662],[76,117.6651],[26,117.8347],[419,108.8406],[462,117.6042],[514,127.255],[24,121.8472],[439,110.1096],[421,110.3279],[434,114.6055],[493,122.2318],[15,120.3821],[525,121.3422],[50,114.849],[424,109.7983],[451,115.3584],[538,132.3595],[482,120.8785],[481,123.2811],[22,121.0845],[423,111.1954],[21,118.3996],[6,120.6886],[454,113.6587],[467,124.7086],[360,104.9774],[492,127.3319],[436,126.4971],[455,129.1277],[45,121.2703],[25,121.1313],[368,108.3164],[495,119.8529],[37,116.8153],[38,115.6535],[4,121.851],[496,124.0922],[450,117.7469],[67,118.0248],[554,130.8979],[36,118.7747],[452,118.5859],[409,123.6513],[3,123.7913],[20,122.9527],[479,125.3827],[437,119.8929],[415,112],[14,121.9078],[385,114.8831],[11,120.6951],[342,111.6731],[0,127.6753],[2,125.7599],[395,104.6086],[396,119.2647],[422,107.4147],[5,126.8952],[353,115.6077],[384,116.2445],[52,117.883],[34,121.6937],[420,122.259],[369,114.9901],[362,106.3563],[13,121.3573],[328,104.7418],[383,115.018],[408,109.2344],[12,123.4775],[313,104.6421],[329,107.8569],[1,126.912],[453,117.7426]

Finish Times:
[269,47.3207],[284,47.3207],[254,47.64071],[268,48.00072],[283,48.00072],[253,48.56073],[282,48.72073],[267,48.76073],[299,49.00074],[298,49.36075],[266,49.40075],[252,49.48075],[296,49.96076],[297,50.04076],[251,50.24077],[281,50.28077],[295,50.60078],[238,50.76078],[265,50.76078],[235,51.12079],[280,51.32079],[237,51.40079],[311,51.5208],[250,51.5608],[294,51.96081],[210,52.04081],[221,52.08081],[236,52.52082],[310,52.64082],[239,52.68082],[325,52.72083],[234,52.76083],[223,53.20084],[264,53.28084],[222,53.40084],[293,53.44084],[209,53.48084],[220,53.96085],[324,54.00085],[198,54.28086],[208,54.28086],[249,54.68087],[309,54.68087],[326,54.84087],[199,55.20088],[279,55.20088],[263,55.24088],[323,55.36089],[197,55.76089],[338,55.8409],[278,56.0009],[207,56.0409],[339,56.48091],[233,56.52091],[292,56.60091],[248,56.72092],[262,57.28093],[337,57.28093],[350,57.28093],[184,57.40093],[232,57.56094],[277,57.84094],[307,58.00095],[166,58.12095],[190,58.24095],[340,58.28095],[335,58.52096],[321,58.60096],[219,59.00097],[291,59.08097],[308,59.12097],[218,59.32098],[351,59.36098],[224,59.56098],[306,59.68098],[183,59.84099],[348,59.84099],[359,59.92099],[247,60.08099],[231,60.321],[261,60.441],[206,60.68101],[182,60.72101],[314,60.80101],[246,60.92101],[196,61.04102],[367,61.16102],[205,61.44102],[322,61.56103],[188,61.60103],[230,61.68103],[352,61.88103],[346,62.20104],[349,62.20104],[191,62.28104],[195,62.28104],[217,62.36105],[356,62.88106],[189,62.96106],[336,63.00106],[357,63.04106],[276,63.08106],[260,63.44107],[347,63.68108],[290,63.72108],[181,63.76108],[187,63.80108],[216,64.08109],[364,64.32109],[275,64.40109],[358,64.5211],[175,64.6411],[180,64.7611],[320,65.00111],[151,65.08111],[245,65.08111],[373,65.16111],[173,65.56112],[289,65.60112],[259,65.88113],[389,65.92113],[365,66.16113],[162,66.20113],[229,66.36114],[244,66.40114],[334,66.40114],[392,66.72115],[228,66.80115],[305,67.04115],[273,67.08115],[138,67.36116],[379,67.44116],[366,67.68117],[194,67.76117],[319,67.76117],[390,67.84117],[204,68.24118],[304,68.28118],[274,68.36118],[391,68.36118],[345,68.52119],[203,68.76119],[172,68.8812],[258,68.8812],[372,69.2012],[193,69.36121],[137,69.44121],[288,69.52121],[388,69.56121],[202,69.92122],[215,70.04122],[136,70.12122],[401,70.16122],[185,70.36123],[402,70.44123],[179,70.56123],[125,70.80124],[430,70.92124],[333,70.96124],[327,71.16125],[155,71.36125],[148,71.52126],[134,71.56126],[414,71.96127],[186,72.04127],[107,72.12127],[200,72.20127],[318,72.20127],[380,72.28127],[121,72.64128],[403,72.88129],[371,72.96129],[355,73.00129],[122,73.12129],[92,73.20129],[214,73.4013],[303,73.6013],[192,73.76131],[106,73.88131],[399,73.88131],[161,73.96131],[344,74.24132],[243,74.28132],[135,74.36132],[176,74.88133],[412,74.88133],[257,74.96133],[164,75.04134],[312,75.04134],[227,75.24134],[370,75.48135],[443,75.64135],[256,75.68135],[170,76.04136],[242,76.04136],[400,76.04136],[363,76.16136],[178,76.24136],[226,76.40137],[302,76.68137],[387,76.68137],[413,76.72137],[241,77.20139],[272,77.20139],[431,77.20139],[171,77.24139],[286,77.56139],[287,77.6814],[160,77.9214],[317,77.9214],[378,78.0414],[354,78.20141],[332,78.52142],[343,78.52142],[225,78.56142],[213,78.88142],[201,79.04143],[331,79.16143],[316,79.28143],[120,79.32143],[432,79.48144],[169,79.80145],[271,79.88145],[147,80.04145],[445,80.08145],[93,80.12145],[159,80.44146],[301,80.60146],[119,80.80147],[428,80.92147],[133,81.00147],[167,81.04147],[118,81.36148],[397,81.40148],[158,81.60149],[103,81.72149],[429,81.76149],[77,81.84149],[377,82.0415],[132,82.2015],[143,82.3615],[411,82.48151],[63,82.52151],[440,82.72151],[101,82.80151],[165,83.24152],[330,83.28152],[105,83.32153],[315,83.36153],[473,83.44153],[104,83.76154],[456,83.92154],[211,84.08154],[461,84.12154],[442,84.20155],[471,84.24155],[177,84.56155],[470,84.56155],[458,84.72156],[75,84.92156],[427,85.16157],[487,85.24157],[398,85.44157],[174,85.56158],[62,85.68158],[102,85.96159],[488,85.96159],[433,86.00159],[374,86.28159],[154,86.4816],[59,86.5216],[163,86.6016],[503,86.92161],[486,87.00161],[441,87.16161],[48,87.20161],[87,87.48162],[86,87.60162],[530,87.60162],[89,88.00163],[168,88.04163],[474,88.16164],[518,88.16164],[489,88.24164],[142,88.56165],[285,88.76165],[457,88.84165],[491,88.88165],[515,88.92165],[108,89.44167],[131,89.44167],[502,89.48167],[478,89.52167],[490,89.72167],[117,90.00168],[505,90.08168],[74,90.16168],[507,90.24168],[375,90.56169],[212,90.68169],[501,90.72169],[140,90.7617],[425,90.7617],[130,91.20171],[393,91.20171],[146,91.36171],[504,91.40171],[88,91.48171],[72,91.80172],[386,91.84172],[150,92.16173],[472,92.24173],[255,92.36173],[156,92.40173],[517,92.48174],[540,92.56174],[57,92.88174],[485,93.04175],[61,93.08175],[531,93.20175],[361,93.24175],[116,93.52176],[529,93.60176],[115,93.80177],[405,93.92177],[141,94.04177],[532,94.24178],[410,94.28178],[79,94.44178],[71,94.48178],[70,94.92179],[541,94.96179],[506,95.00179],[60,95.3218],[149,95.3618],[100,95.4818],[534,95.60181],[522,95.80181],[47,95.92181],[139,96.04182],[56,96.08182],[523,96.44183],[516,96.48183],[124,96.64183],[128,96.80183],[73,96.88184],[524,97.16184],[33,97.36185],[426,97.40185],[500,97.40185],[152,97.64185],[40,97.84186],[551,98.00186],[519,98.04186],[46,98.16187],[41,98.40187],[23,98.56187],[528,98.72188],[123,98.80188],[404,98.92188],[240,99.08189],[44,99.20189],[157,99.24189],[447,99.44189],[533,99.7219],[43,99.8019],[82,100.1219],[97,100.1219],[449,100.3219],[459,100.3619],[546,100.4419],[535,100.7619],[144,100.9619],[381,101.0419],[91,101.1219],[27,101.1619],[476,101.2019],[544,101.5619],[78,101.882],[406,101.922],[32,101.962],[513,101.962],[85,102.362],[542,102.602],[153,102.722],[109,102.762],[417,102.882],[18,103.002],[475,103.082],[341,103.402],[270,103.562],[81,103.682],[526,103.762],[58,104.242],[300,104.282],[446,104.282],[129,104.322],[17,104.482],[376,104.762],[31,104.882],[511,104.922],[114,105.042],[29,105.442],[90,105.442],[536,105.562],[113,105.602],[444,105.602],[111,105.962],[543,105.962],[30,106.042],[553,106.2421],[463,106.4821],[80,106.5621],[539,106.5621],[126,106.6421],[520,106.9221],[8,107.1621],[7,107.2021],[480,107.2021],[512,107.2821],[460,107.6821],[127,107.8821],[16,107.9221],[494,108.0021],[510,108.2021],[94,108.2821],[112,108.4021],[418,108.4821],[28,108.7221],[96,108.8421],[477,108.8421],[42,109.1221],[521,109.2821],[547,109.3621],[483,109.5621],[549,109.5621],[99,109.8821],[95,110.0821],[416,110.0821],[550,110.0821],[19,110.1621],[68,110.6822],[469,110.7622],[435,110.8022],[545,110.8022],[10,111.1622],[51,111.2422],[145,111.3622],[464,111.5222],[35,111.6422],[448,111.6422],[39,111.6822],[55,111.9222],[83,112.2022],[394,112.2822],[468,112.2822],[110,112.3622],[9,112.5622],[465,112.9622],[548,113.0822],[98,113.1222],[69,113.1622],[66,113.2422],[497,113.7622],[508,113.8022],[53,113.8822],[84,113.8822],[499,113.8822],[484,114.4822],[552,114.5222],[407,114.6422],[466,114.6422],[65,114.7622],[527,115.1223],[537,115.2023],[64,115.3623],[382,115.4823],[498,115.7223],[438,116.0023],[49,116.0423],[509,116.2823],[54,116.3223],[76,116.4823],[26,116.8423],[419,116.8423],[462,116.8423],[514,116.9623],[24,117.1223],[439,117.2823],[421,117.6023],[434,117.7623],[493,117.7623],[15,117.9623],[525,118.0423],[50,118.5223],[424,118.5223],[451,118.6023],[538,118.7223],[482,118.9623],[481,119.2823],[22,119.3624],[423,119.3624],[21,119.6024],[6,119.8424],[454,119.9224],[467,120.2424],[360,120.3224],[492,120.4024],[436,120.5624],[455,120.8024],[45,120.9224],[25,120.9624],[368,121.2424],[495,121.2424],[37,121.4824],[38,121.5624],[4,121.6824],[496,121.8824],[450,122.0024],[67,122.2024],[554,122.3624],[36,122.4424],[452,122.8024],[409,122.8824],[3,122.9224],[20,122.9624],[479,123.0824],[437,123.6424],[415,123.6824],[14,123.7225],[385,123.7225],[11,123.7625],[342,124.2025],[0,124.4025],[2,124.5225],[395,124.7625],[396,124.8425],[422,124.8425],[5,125.0425],[353,125.5225],[384,125.5625],[52,125.6025],[34,126.0025],[420,126.1625],[369,126.2025],[362,126.3225],[13,126.4825],[328,126.8825],[383,127.0825],[408,127.2425],[12,127.4025],[313,127.8425],[329,127.8825],[1,128.0025],[453,128.3625]

Stuck Times:
[269,0],[284,0],[254,0],[268,0],[283,0],[253,0],[282,0],[267,0],[299,1],[298,1],[266,0],[252,0],[296,0],[297,1],[251,0],[281,0],[295,0],[238,1],[265,0],[235,0],[280,0],[237,1],[311,1],[250,0],[294,0],[210,2],[221,1],[236,4],[310,1],[239,4],[325,1],[234,1],[223,3],[264,1],[222,2],[293,0],[209,3],[220,0],[324,3],[198,2],[208,3],[249,1],[309,3],[326,4],[199,4],[279,2],[263,2],[323,2],[197,2],[338,3],[278,2],[207,3],[339,5],[233,1],[292,1],[248,4],[262,2],[337,4],[350,3],[184,6],[232,4],[277,5],[307,2],[166,6],[190,6],[340,8],[335,1],[321,1],[219,8],[291,3],[308,4],[218,5],[351,9],[224,9],[306,2],[183,7],[348,5],[359,6],[247,7],[231,6],[261,8],[206,8],[182,9],[314,13],[246,6],[196,8],[367,6],[205,6],[322,9],[188,9],[230,8],[352,10],[346,5],[349,10],[191,10],[195,8],[217,10],[356,5],[189,9],[336,10],[357,7],[276,9],[260,9],[347,11],[290,10],[181,11],[187,11],[216,11],[364,5],[275,10],[358,9],[175,9],[180,10],[320,9],[151,9],[245,11],[373,12],[173,9],[289,13],[259,12],[389,10],[365,10],[162,11],[229,12],[244,13],[334,10],[392,16],[228,11],[305,15],[273,12],[138,12],[379,12],[366,15],[194,15],[319,15],[390,16],[204,15],[304,17],[274,15],[391,16],[345,15],[203,17],[172,13],[258,15],[372,16],[193,18],[137,16],[288,18],[388,13],[202,17],[215,14],[136,17],[401,16],[185,18],[402,16],[179,18],[125,15],[430,17],[333,21],[327,23],[155,18],[148,19],[134,18],[414,16],[186,17],[107,19],[200,20],[318,22],[380,21],[121,21],[403,20],[371,21],[355,23],[122,19],[92,21],[214,21],[303,20],[192,21],[106,22],[399,18],[161,14],[344,22],[243,25],[135,22],[176,19],[412,20],[257,21],[164,20],[312,26],[227,22],[370,22],[443,22],[256,23],[170,21],[242,25],[400,22],[363,25],[178,21],[226,23],[302,23],[387,25],[413,24],[241,23],[272,26],[431,23],[171,23],[286,23],[287,28],[160,28],[317,26],[378,26],[354,24],[332,27],[343,27],[225,26],[213,25],[201,28],[331,27],[316,25],[120,29],[432,24],[169,29],[271,27],[147,28],[445,25],[93,28],[159,30],[301,25],[119,29],[428,24],[133,31],[167,29],[118,30],[397,28],[158,29],[103,29],[429,27],[77,33],[377,33],[132,33],[143,32],[411,31],[63,31],[440,29],[101,30],[165,30],[330,29],[105,31],[315,31],[473,31],[104,32],[456,28],[211,34],[461,30],[442,30],[471,28],[177,33],[470,29],[458,30],[75,34],[427,35],[487,30],[398,31],[174,32],[62,35],[102,35],[488,31],[433,32],[374,33],[154,33],[59,38],[163,35],[503,35],[486,31],[441,33],[48,37],[87,37],[86,37],[530,33],[89,36],[168,37],[474,34],[518,31],[489,36],[142,38],[285,35],[457,36],[491,37],[515,26],[108,36],[131,38],[502,30],[478,39],[490,35],[117,38],[505,39],[74,40],[507,40],[375,38],[212,43],[501,34],[140,41],[425,35],[130,37],[393,40],[146,41],[504,36],[88,40],[72,41],[386,39],[150,40],[472,35],[255,41],[156,41],[517,36],[540,38],[57,38],[485,36],[61,42],[531,38],[361,42],[116,39],[529,38],[115,41],[405,42],[141,41],[532,40],[410,43],[79,43],[71,40],[70,41],[541,40],[506,46],[60,43],[149,43],[100,42],[534,43],[522,45],[47,47],[139,44],[56,42],[523,46],[516,40],[124,45],[128,47],[73,49],[524,47],[33,47],[426,43],[500,41],[152,45],[40,40],[551,43],[519,46],[46,48],[41,46],[23,48],[528,41],[123,48],[404,48],[240,50],[44,48],[157,50],[447,45],[533,50],[43,45],[82,51],[97,50],[449,50],[459,47],[546,45],[535,52],[144,49],[381,46],[91,49],[27,43],[476,50],[544,46],[78,49],[406,50],[32,52],[513,51],[85,49],[542,50],[153,49],[109,49],[417,48],[18,53],[475,53],[341,55],[270,52],[81,51],[526,53],[58,50],[300,54],[446,53],[129,54],[17,50],[376,55],[31,52],[511,57],[114,54],[29,52],[90,52],[536,58],[113,51],[444,49],[111,53],[543,54],[30,54],[553,53],[463,55],[80,55],[539,45],[126,52],[520,55],[8,56],[7,54],[480,57],[512,57],[460,55],[127,56],[16,55],[494,58],[510,56],[94,56],[112,52],[418,55],[28,56],[96,55],[477,59],[42,56],[521,56],[547,47],[483,60],[549,50],[99,60],[95,56],[416,55],[550,53],[19,61],[68,60],[469,64],[435,59],[545,56],[10,60],[51,64],[145,63],[464,59],[35,60],[448,57],[39,60],[55,59],[83,61],[394,60],[468,64],[110,58],[9,58],[465,62],[548,55],[98,60],[69,64],[66,65],[497,66],[508,61],[53,64],[84,63],[499,62],[484,68],[552,55],[407,60],[466,66],[65,64],[527,59],[537,64],[64,67],[382,63],[498,68],[438,67],[49,64],[509,62],[54,66],[76,66],[26,65],[419,64],[462,64],[514,63],[24,66],[439,70],[421,68],[434,63],[493,64],[15,70],[525,69],[50,70],[424,70],[451,68],[538,61],[482,67],[481,69],[22,71],[423,69],[21,70],[6,69],[454,70],[467,68],[360,71],[492,61],[436,65],[455,63],[45,70],[25,72],[368,70],[495,68],[37,72],[38,73],[4,69],[496,68],[450,72],[67,71],[554,65],[36,73],[452,73],[409,69],[3,72],[20,70],[479,69],[437,73],[415,70],[14,72],[385,71],[11,74],[342,75],[0,70],[2,71],[395,75],[396,74],[422,74],[5,71],[353,70],[384,68],[52,78],[34,75],[420,70],[369,71],[362,77],[13,78],[328,79],[383,70],[408,77],[12,77],[313,79],[329,77],[1,75],[453,77]

