Experiment Name: Custom-SmallerMap-3
Method Used: FlowGraph
Run Number: 2
Preparation Time: 38.6442ms
Pathfinding Time: 11.0739ms
Finish Time: 72.80128ms
Finish Time 90%: 69.80122ms
Repaths: 0
Soft Repaths: 0

Gates Data:
8:[145,[14.19592,28.37397,0,[89.66573,73.0009]]],[158,[13.54508,27.08045,0,[91.41463,73.00081]]],[146,[14.20161,28.36837,0,[90.78732,73.00089]]],[130,[14.80978,29.50477,0,[88.54776,73.00098]]],[159,[14.04244,28.05222,0,[91.99953,73.72089]]],[131,[14.84582,29.4463,0,[89.60717,73.00098]]],[169,[13.52653,27.04633,0,[92.49044,74.00081]]],[117,[15.50028,30.62758,0,[89.97496,73.00095]]],[116,[15.46011,30.70413,0,[88.90715,73.00096]]],[132,[14.82888,29.44131,0,[90.69385,73.00097]]],[115,[16.05869,30.72126,0,[88.41191,73.00099]]],[147,[14.26667,28.44146,0,[91.86617,73.0009]]],[102,[16.12346,31.45757,0,[90.36703,73.00099]]],[101,[16.34613,31.53044,0,[89.3522,73.001]]],[118,[15.58303,30.75526,0,[91.03775,73.00095]]],[103,[16.54713,31.8456,0,[90.88513,73.0009]]],[100,[16.85502,31.77181,0,[88.45373,73.00098]]],[133,[14.85591,29.55951,0,[91.76834,73.00097]]],[119,[15.88841,30.77784,0,[91.76344,73.00093]]],[86,[17.0794,32.56214,0,[89.36781,73.001]]],[85,[17.54124,32.96128,0,[88.49132,73.001]]],[87,[17.25517,32.44566,0,[90.36247,73.001]]],[170,[13.62032,27.08425,0,[93.62013,74.00084]]],[71,[17.74445,33.69959,0,[89.4727,73.00099]]],[104,[17.04018,31.85387,0,[91.39095,73.00099]]],[88,[18.00065,33.09041,0,[90.42173,73.001]]],[89,[17.61221,32.6977,0,[91.47653,73.00097]]],[72,[18.4384,34.01197,0,[89.44379,73.001]]],[74,[19.20429,34.58935,0,[90.39657,73.00099]]],[160,[14.27185,28.40155,0,[92.97784,74.00089]]],[70,[18.21264,34.32561,0,[88.45161,73.001]]],[73,[18.6051,34.29096,0,[90.45845,73.001]]],[120,[17.42774,32.32527,0,[92.33645,74.00099]]],[59,[19.90417,36.29727,0,[89.69762,73.00092]]],[58,[19.26954,36.35911,0,[89.33788,73.001]]],[122,[18.78212,33.48201,0,[91.61099,73.0009]]],[42,[20.45344,36.8191,0,[88.77208,73.001]]],[57,[18.89702,35.67306,0,[88.52761,73.00097]]],[121,[18.07991,32.9157,0,[92.36465,74.001]]],[90,[19.5475,34.09818,0,[91.18419,73.00096]]],[56,[19.76093,35.46133,0,[88.53956,73.00099]]],[135,[16.53362,30.98891,0,[91.99957,73.2562]]],[178,[12.94367,25.81002,0,[94.3987,74.00069]]],[150,[16.08268,30.87413,0,[92.93719,74.00098]]],[91,[20.20844,35.32848,0,[90.53082,73.00099]]],[154,[20.45712,35.98159,0,[91.44617,73.00092]]],[184,[21.46273,37.96719,0,[91.99969,73.99861]]],[41,[20.77835,37.36117,0,[89.75627,73.001]]],[176,[20.69532,36.09756,0,[92.06042,74.00088]]],[175,[21.06855,35.5341,0,[93.08867,74.00095]]],[165,[20.34914,33.26298,0,[93.3272,74.00089]]],[177,[21.5176,37.77965,0,[91.47497,73.00098]]],[134,[15.8563,30.69711,0,[92.03267,74.00095]]],[123,[21.3511,36.95169,0,[90.45042,73.00095]]],[183,[22.24472,37.28258,0,[91.43744,73.00095]]],[172,[20.17237,28.1588,0,[94.54649,74.00089]]],[137,[17.48989,32.16539,0,[93.41704,74.00099]]],[106,[20.02329,33.91737,0,[92.06432,74.00098]]],[140,[22.33253,38.2154,0,[90.14038,73.00096]]],[167,[23.03237,38.40914,0,[90.89634,73.00097]]],[182,[22.06859,38.10509,0,[92.395,74.00094]]],[162,[15.56908,29.43289,0,[94.05272,74.00098]]],[136,[16.8331,31.6536,0,[92.85378,74.00092]]],[181,[23.131,35.45988,0,[92.03609,74.00096]]],[171,[13.95059,27.41807,0,[94.56351,74.00091]]],[166,[19.74478,35.07985,0,[93.22124,74.00098]]],[174,[21.77605,32.30476,0,[93.7265,74.00085]]],[164,[19.35496,31.54438,0,[94.29997,74.00098]]],[55,[21.24004,36.27222,0,[88.657,73.001]]],[173,[22.52485,32.33665,0,[93.66666,74.0008]]],[148,[14.89602,29.47969,0,[92.46198,74.00091]]],[105,[18.20499,33.03564,0,[91.45435,73.001]]],[40,[22.69151,38.94115,0,[88.93695,73.00099]]],[152,[18.07514,31.9441,0,[93.50134,74.001]]],[149,[15.32697,30.05737,0,[93.09105,74.00098]]],[107,[23.63135,38.07497,0,[89.79499,73.00099]]],[161,[14.65959,28.71082,0,[93.87333,74.00091]]],[153,[19.01415,33.40326,0,[93.4698,74.00098]]],[75,[21.76146,37.22855,0,[89.26434,73.00096]]],[139,[19.32714,35.2558,0,[92.44411,74.00099]]],[151,[16.30373,30.82938,0,[93.98923,74.00099]]],[179,[18.31279,26.91023,0,[94.61237,74.00092]]],[180,[20.9924,28.6545,0,[94.37354,74.00087]]],[138,[18.65193,33.88559,0,[92.63718,74.001]]],[163,[16.93196,30.27002,0,[93.93291,74.00087]]]
6:[145,[26.40337,52.55503,0,[70.87788,79.99962]]],[158,[27.69453,55.03841,0,[69.99908,80.47752]]],[146,[27.35571,54.15928,0,[70.99907,79.64719]]],[130,[27.16954,53.10189,0,[70.99905,78.68725]]],[159,[28.48298,56.03796,0,[69.99908,80.58805]]],[131,[27.9925,54.77417,0,[70.99906,79.79631]]],[169,[29.21019,57.08141,0,[69.99902,80.67182]]],[117,[28.64747,55.73524,0,[70.99904,79.64271]]],[116,[28.11185,54.52312,0,[70.99905,78.55803]]],[132,[29.17387,56.39462,0,[70.99907,79.80273]]],[115,[28.82297,54.27494,0,[70.99905,78.42267]]],[147,[29.95712,57.50705,0,[69.99911,80.30077]]],[102,[29.78902,57.33224,0,[70.99905,79.47147]]],[101,[29.52693,55.84404,0,[70.99907,78.49146]]],[118,[30.65645,58.91473,0,[69.9991,80.41376]]],[103,[30.40052,58.2701,0,[70.99908,79.56178]]],[100,[30.3553,55.49618,0,[70.99906,78.46303]]],[133,[30.91113,59.09995,0,[70.82964,79.99962]]],[119,[31.66865,59.06011,0,[70.83042,79.99957]]],[86,[31.387,57.87967,0,[70.99905,79.14239]]],[85,[31.01891,56.62174,0,[70.99903,78.45247]]],[87,[32.24051,58.5585,0,[70.99905,79.4147]]],[170,[32.35293,58.48264,0,[69.9991,80.67336]]],[71,[31.95371,58.41351,0,[70.99905,78.33308]]],[104,[32.73753,59.76187,0,[70.73265,79.99957]]],[88,[33.01363,59.81832,0,[70.99901,78.9492]]],[89,[33.31419,61.01002,0,[70.85213,79.99963]]],[72,[32.68383,59.12025,0,[70.99908,78.24184]]],[74,[33.88034,60.35085,0,[70.99908,79.18504]]],[160,[34.13802,59.4914,0,[69.99902,80.62198]]],[70,[33.59737,57.99076,0,[70.99905,78.30769]]],[73,[34.40119,61.8439,0,[70.52225,79.99974]]],[120,[35.21162,62.31368,0,[69.999,80.45802]]],[59,[34.64664,62.34422,0,[70.99907,79.14983]]],[58,[34.40639,60.65652,0,[70.99904,78.27898]]],[122,[35.10034,61.75644,0,[70.99901,79.69055]]],[42,[35.68682,61.98878,0,[70.99905,78.84671]]],[57,[35.25688,59.36297,0,[70.99903,78.30526]]],[121,[35.96346,62.45612,0,[70.99912,79.67486]]],[90,[36.60284,62.18459,0,[70.99907,79.84373]]],[56,[36.30934,59.17023,0,[70.99902,78.14734]]],[135,[36.055,61.52024,0,[69.999,80.34071]]],[178,[37.38841,60.30603,0,[69.99902,80.41593]]],[150,[38.03936,63.0454,0,[69.999,80.10822]]],[91,[36.75788,62.80626,0,[70.9991,78.62792]]],[154,[37.19756,63.56721,0,[70.99901,79.23172]]],[184,[37.92838,65.26031,0,[70.99902,79.26526]]],[41,[37.65527,63.15894,0,[70.99904,78.25771]]],[176,[38.31649,64.4232,0,[70.99901,79.97073]]],[175,[38.8089,65.10179,0,[70.99905,78.952]]],[165,[39.1203,63.77196,0,[70.999,79.78941]]],[177,[38.41232,64.54243,0,[70.99903,78.32933]]],[134,[40.13631,60.75277,0,[69.99901,80.65041]]],[123,[39.36213,62.00122,0,[70.99902,78.31175]]],[183,[39.66656,64.83669,0,[70.99902,79.1793]]],[172,[40.59222,61.07368,0,[70.99901,78.95681]]],[137,[40.13531,64.83372,0,[70.999,79.73456]]],[106,[40.97703,64.41499,0,[70.80207,79.99975]]],[140,[40.16243,64.17616,0,[70.999,78.26524]]],[167,[41.1741,65.25047,0,[70.99903,78.20091]]],[182,[41.36576,67.22978,0,[70.99905,79.14698]]],[162,[41.61538,63.8876,0,[70.9991,79.97003]]],[136,[42.19353,65.38664,0,[70.99902,79.03595]]],[181,[41.92808,64.08649,0,[70.99905,78.14593]]],[171,[42.37274,63.14006,0,[70.90419,79.99963]]],[166,[42.97179,69.20868,0,[70.99906,79.09406]]],[174,[42.69571,64.82828,0,[70.99903,78.1898]]],[164,[43.49798,66.37462,0,[70.55898,79.9996]]],[55,[43.55776,60.2134,0,[70.99903,78.2607]]],[173,[43.78828,62.97066,0,[70.99908,79.13951]]],[148,[43.21722,61.4901,0,[69.99902,80.63796]]],[105,[44.41102,64.47803,0,[69.99901,80.16521]]],[40,[44.40868,64.27472,0,[70.99902,78.34827]]],[152,[44.4003,70.68401,0,[70.99902,79.53976]]],[149,[45.02283,63.17541,0,[69.99902,80.46976]]],[107,[45.04155,66.90129,0,[70.99902,78.42697]]],[161,[45.11332,65.7983,0,[70.99902,79.5518]]],[153,[45.7045,69.54092,0,[70.99904,79.6889]]],[75,[45.78003,63.49711,0,[70.99905,78.48293]]],[139,[45.70763,67.1629,0,[69.99903,80.4302]]],[151,[46.36314,72.70751,0,[70.99909,79.77094]]],[179,[46.54756,65.38081,0,[70.99909,78.51092]]],[180,[47.23975,65.33453,0,[70.99905,79.10092]]],[138,[46.52734,68.73577,0,[69.99911,80.54785]]],[163,[47.63556,69.90714,0,[69.99907,80.25546]]]
5:[43,[25.61807,51.2089,1,[58.99902,49.04963]]],[28,[25.0614,50.104,1,[58.99903,48.43395]]],[44,[26.14025,52.22426,1,[58.99905,49.76748]]],[27,[24.48426,48.93607,1,[58.99902,47.38912]]],[30,[26.01806,52.01555,1,[58.99905,47.92222]]],[29,[25.52809,51.03632,1,[58.99901,47.24858]]],[45,[26.5567,53.05357,1,[58.99905,48.64543]]],[60,[26.74302,53.27404,1,[58.99906,49.83595]]],[16,[25.5218,51.01562,1,[57.99902,46.52399]]],[32,[27.104,54.06747,1,[58.99907,47.60902]]],[31,[26.53042,53.02724,1,[58.99904,47.20256]]],[18,[26.55338,53.0818,1,[57.99904,46.64288]]],[46,[27.1415,54.1383,1,[58.99908,48.74898]]],[19,[27.07617,54.11487,1,[57.99906,45.94482]]],[20,[27.62263,55.21648,1,[57.99906,46.75139]]],[8,[26.557,53.07042,1,[57.99904,45.04076]]],[47,[27.60053,54.97864,1,[58.99905,47.29878]]],[33,[28.13093,56.02873,1,[57.99908,46.33397]]],[17,[26.01315,52.00518,1,[57.99903,45.61306]]],[63,[28.40475,56.57307,1,[58.51109,47.0004]]],[48,[28.67166,57.06104,1,[57.99907,46.06213]]],[9,[27.14379,54.222,1,[57.99906,44.29445]]],[49,[29.25906,58.21793,1,[57.99906,46.89277]]],[10,[27.65586,55.26546,1,[57.99906,45.31711]]],[64,[28.71944,57.24462,1,[58.99905,47.6874]]],[13,[29.23024,58.41171,2,[57.99905,42.84849]]],[21,[28.18149,56.13203,1,[57.99907,45.0606]]],[7,[26.04239,52.04995,1,[57.99903,43.93163]]],[62,[27.70293,55.15184,1,[58.9991,48.6036]]],[80,[29.30768,58.39085,1,[58.99907,47.89615]]],[12,[28.67434,57.30463,1,[57.99903,41.99473]]],[35,[29.17685,58.29711,1,[57.99907,45.62079]]],[0,[26.59227,53.10001,1,[57.99904,43.0945]]],[79,[28.98948,57.46347,1,[58.99907,49.00175]]],[52,[31.00847,61.48694,2,[57.99905,45.07288]]],[24,[29.75444,59.44584,2,[57.99905,43.82613]]],[3,[28.60463,57.16245,1,[57.30405,41.00023]]],[50,[29.77917,59.20921,1,[57.99905,46.05712]]],[65,[29.57842,58.75484,1,[58.54973,47.00034]]],[37,[30.37263,60.43283,2,[57.99904,44.05128]]],[11,[28.13494,56.22858,1,[57.99905,43.90155]]],[81,[29.94327,59.48491,1,[58.99905,47.17241]]],[83,[31.66575,62.93163,2,[57.9991,46.07136]]],[34,[28.67712,57.12982,1,[57.99904,44.70823]]],[38,[31.05171,61.70858,2,[57.99905,43.92249]]],[78,[28.19746,56.21287,1,[58.9991,47.91682]]],[14,[29.88744,59.70908,2,[57.99904,42.67014]]],[2,[27.72389,55.38043,1,[57.99901,42.96748]]],[66,[30.38029,60.41037,1,[57.99903,46.29344]]],[95,[29.92977,58.47382,1,[58.99906,48.2583]]],[99,[32.37487,64.13309,2,[58.12827,47.0004]]],[68,[31.75681,62.92278,2,[57.99908,45.00827]]],[25,[30.49734,60.64722,2,[57.99903,42.8431]]],[5,[29.50654,58.94586,2,[57.99903,41.51929]]],[23,[29.18392,58.33024,1,[57.99906,44.226]]],[26,[31.20968,62.17277,2,[57.99904,42.7036]]],[97,[31.15092,60.61093,1,[58.99912,47.83348]]],[111,[30.50586,59.64726,1,[58.99908,49.2178]]],[84,[32.4261,64.34602,2,[57.99906,45.92113]]],[53,[31.7965,62.79734,2,[57.99906,43.76311]]],[22,[28.65132,57.21622,1,[57.99903,43.28894]]],[4,[29.45161,58.82635,1,[56.99903,40.80069]]],[15,[30.65394,61.21819,2,[57.99903,41.65993]]],[1,[27.25553,54.44776,1,[57.99902,41.93363]]],[112,[31.25946,60.88724,1,[58.99921,48.94423]]],[67,[30.98997,61.57261,2,[57.99905,46.18396]]],[93,[28.40388,56.26862,1,[58.9991,49.09509]]],[69,[32.47625,64.35513,2,[57.99906,44.75573]]],[108,[32.29543,57.17322,1,[58.99913,49.06326]]],[54,[32.43306,64.30476,2,[57.99904,43.30778]]],[6,[30.71108,61.35445,2,[56.99903,40.78639]]],[128,[32.58157,62.44416,1,[58.99907,47.58015]]],[129,[33.22604,64.98532,2,[57.99907,45.70761]]],[76,[29.1466,54.78959,1,[58.99906,50.25549]]],[98,[31.4909,62.29336,2,[58.54644,47.00047]]],[114,[33.10321,64.89938,2,[57.99907,44.25229]]],[143,[33.04177,63.5283,1,[57.99911,46.68441]]],[39,[31.83764,63.38541,2,[57.99904,42.14812]]],[113,[31.82293,61.8184,2,[58.99909,47.86201]]],[77,[28.02121,55.46547,1,[58.99911,49.99656]]],[126,[33.09885,60.06887,1,[58.99923,48.8007]]],[124,[33.92083,58.6449,1,[58.99901,47.18306]]],[51,[30.37259,60.28982,2,[57.99903,45.19031]]],[36,[29.75151,59.29662,2,[57.99905,44.94498]]],[127,[33.61792,61.13152,1,[58.99905,48.2512]]],[142,[34.44785,61.43507,1,[58.99908,48.51421]]],[82,[30.56258,60.63553,2,[58.97081,47.00033]]],[144,[33.84631,65.15174,2,[57.99901,44.73913]]],[157,[33.18784,63.30943,1,[58.89355,47.00024]]],[92,[30.84222,55.86213,1,[58.99917,50.51133]]],[110,[33.62661,59.24455,1,[58.99928,50.29309]]],[125,[35.40788,60.37516,1,[58.99901,48.44528]]],[156,[33.96507,63.92953,1,[57.99901,46.08303]]],[96,[30.52047,59.42851,1,[58.99907,48.08641]]],[109,[32.19724,58.01399,1,[58.99903,50.44279]]],[155,[34.80053,61.34998,1,[58.99902,47.38651]]],[141,[35.1389,60.29804,1,[58.99903,49.75717]]],[61,[27.38679,54.43737,1,[58.99907,49.96679]]],[94,[29.73504,57.45986,1,[58.99912,49.18398]]],[168,[34.73704,65.78558,1,[57.999,45.9657]]]
3:[43,[43.94311,87.69359,1,[48.09181,80.00098]]],[28,[45.76118,91.27525,1,[48.00058,82.74129]]],[44,[44.65021,87.86067,1,[48.9203,80.00097]]],[27,[46.88513,93.26882,1,[48.00071,83.30659]]],[30,[45.96913,91.67055,1,[48.00039,81.79649]]],[29,[47.31569,93.86848,1,[48.00062,82.823]]],[45,[45.92465,91.07874,1,[48.00034,80.52792]]],[60,[45.33479,88.66457,1,[48.96579,80.00095]]],[16,[48.27385,96.06352,1,[48.00057,83.38882]]],[32,[46.31956,92.00169,1,[48.11443,80.00095]]],[31,[47.61407,94.67871,1,[48.00081,81.84647]]],[18,[49.10891,97.61446,1,[48.00054,83.50457]]],[46,[45.31546,88.62506,1,[49.00027,78.45559]]],[19,[48.4288,96.54115,1,[48.00078,82.10645]]],[20,[46.95503,93.46095,1,[48.03522,80.00096]]],[8,[49.47939,98.53661,1,[48.00078,82.73473]]],[47,[45.77113,90.70847,1,[49.00024,77.9399]]],[33,[48.0037,95.58519,1,[48.00075,80.59573]]],[17,[50.30367,99.54242,1,[48.00058,83.17002]]],[63,[47.13884,93.35323,1,[49.00054,78.81847]]],[48,[48.87618,97.30254,1,[48.00046,80.62461]]],[9,[50.98791,101.498,1,[48.00087,83.20998]]],[49,[48.30956,95.95116,1,[49.00064,79.78598]]],[10,[49.80766,98.32385,1,[48.00087,81.60242]]],[64,[49.10389,94.94604,1,[49.00055,79.81813]]],[21,[50.79102,100.5782,1,[48.00087,81.9672]]],[7,[51.73712,101.9983,1,[48.00077,83.37058]]],[62,[47.28093,88.45707,1,[49.00037,76.74736]]],[80,[49.57676,97.04735,1,[48.26946,80.0008]]],[35,[50.22265,99.65513,1,[48.00085,80.65454]]],[0,[52.44164,102.805,1,[48.00064,83.28193]]],[79,[48.09711,90.93526,1,[49.0004,76.79449]]],[50,[51.4533,101.2922,1,[48.00071,81.72083]]],[65,[49.67061,96.94463,1,[49.00053,79.13339]]],[11,[53.17157,104.7282,1,[48.00054,82.97203]]],[81,[50.73276,98.85303,1,[48.16155,80.00089]]],[34,[52.33714,101.8655,1,[48.00077,81.87057]]],[78,[48.61692,89.4323,1,[49.00047,76.07724]]],[2,[54.21766,106.8842,1,[48.00055,83.45332]]],[66,[51.65482,101.7073,1,[48.00084,80.61436]]],[95,[50.17931,95.00999,1,[49.0005,78.7313]]],[23,[53.28064,105.179,1,[48.00066,81.85911]]],[97,[52.44051,100.2574,1,[48.00078,80.61832]]],[111,[51.55082,96.83576,1,[49.00083,79.81793]]],[22,[54.15249,106.8176,1,[48.00071,82.22558]]],[1,[54.95218,108.5376,1,[48.00082,82.992]]],[112,[53.04414,97.47735,1,[48.21125,80.00082]]],[93,[52.32153,92.85394,1,[49.00078,79.86189]]],[108,[54.00596,96.16333,1,[48.00073,80.93787]]],[128,[55.72972,105.3778,1,[48.00052,83.04002]]],[76,[54.3741,91.94122,1,[48.0004,80.47806]]],[143,[56.8379,107.8415,1,[48.00071,83.44718]]],[77,[53.60815,91.19917,1,[49.0004,79.40604]]],[126,[55.94915,101.3764,1,[48.00082,82.00144]]],[124,[56.76467,102.2578,1,[48.00081,82.11588]]],[127,[55.15587,100.4236,1,[48.0007,80.7244]]],[142,[55.98642,100.8427,1,[48.00067,80.73792]]],[157,[57.68578,108.7804,1,[48.00074,83.23977]]],[92,[54.47068,91.68993,1,[49.00039,79.57152]]],[110,[55.57702,95.94074,1,[48.91576,80.00081]]],[125,[56.6537,100.0319,1,[48.00059,80.50081]]],[156,[58.6109,111.1209,1,[48.00068,83.1011]]],[96,[53.85032,93.62673,1,[49.00036,76.91535]]],[109,[56.33115,95.29124,1,[49.00059,79.84541]]],[155,[57.60308,104.3353,1,[48.00082,81.91386]]],[141,[58.22239,99.29335,1,[48.00081,81.26737]]],[61,[54.67955,87.40371,1,[49.00041,76.74033]]],[94,[57.35454,94.5821,1,[48.56183,80.00086]]],[168,[59.26579,111.506,1,[48.00056,82.50813]]]
2:[13,[59.85768,119.5703,2,[31.41563,95.00098]]],[12,[60.53042,119.9608,1,[31.62715,95.00093]]],[52,[61.10893,120.261,2,[31.46209,95.001]]],[24,[61.36102,119.1424,2,[32.39045,95.001]]],[3,[60.08131,120.0643,1,[29.75655,94.001]]],[37,[61.07183,120.8793,2,[30.36399,95.001]]],[83,[61.80891,121.0715,2,[31.60387,95.001]]],[38,[61.6726,122.4585,2,[30.44873,95.001]]],[14,[60.74094,121.0181,2,[29.21873,94.00098]]],[99,[62.48321,121.2768,2,[32.04164,95.00098]]],[68,[62.36906,122.5428,2,[30.8256,95.001]]],[25,[61.4404,122.2823,2,[29.37017,94.001]]],[5,[61.16135,122.0801,2,[28.2076,94.001]]],[26,[62.05057,123.6167,2,[29.70547,94.001]]],[84,[63.07273,122.526,2,[31.74026,95.00096]]],[53,[63.10746,123.9274,2,[30.61919,95.00097]]],[4,[62.15375,122.7852,1,[28.53124,94.001]]],[15,[62.70471,124.3258,2,[29.34767,94.001]]],[67,[63.85226,119.947,2,[31.73771,95.001]]],[69,[63.88089,124.1639,2,[30.53962,95.001]]],[54,[63.28124,125.2084,2,[29.46913,94.001]]],[6,[62.81785,125.4311,2,[28.17581,94.001]]],[129,[64.4968,123.7508,2,[31.05198,95.00098]]],[98,[64.95061,119.8239,2,[32.20862,95.00093]]],[114,[63.98586,124.7108,2,[29.49736,94.00099]]],[39,[63.57359,126.3024,2,[28.35579,94.001]]],[113,[65.1838,119.4256,2,[31.07777,95.00099]]],[51,[65.79466,119.7278,2,[31.97357,95.00092]]],[36,[65.16045,122.0273,2,[29.99986,94.41992]]],[82,[66.01018,120.2233,2,[30.54647,95.00099]]],[144,[64.77494,125.2135,2,[29.02966,94.00092]]]

Travel Distances:
[145,89.52776],[158,91.45916],[146,93.24382],[130,92.22922],[159,92.62002],[131,92.5344],[169,94.04572],[117,94.28779],[116,93.72372],[132,95.82176],[115,93.63062],[147,94.66138],[102,95.46152],[101,96.17847],[118,96.95276],[103,96.67439],[100,94.20348],[133,96.34305],[119,97.27662],[86,96.80855],[85,96.02041],[87,97.79484],[170,96.2618],[71,98.18298],[104,97.07815],[88,97.50576],[89,99.6162],[72,98.9836],[74,98.38741],[160,95.51382],[70,98.25572],[73,99.99989],[120,98.94054],[59,100.1196],[58,101.1146],[122,100.3775],[42,100.2873],[57,98.06853],[121,101.6511],[90,100.7688],[56,98.32947],[43,111.4839],[135,99.51215],[178,98.55185],[28,112.5753],[44,112.2465],[150,99.85809],[91,102.5764],[27,114.5824],[154,103.9355],[30,115.4043],[184,104.4132],[29,114.6286],[41,102.9864],[45,116.5017],[176,104.6418],[60,115.5159],[175,105.1858],[16,116.7433],[165,103.0193],[32,117.1965],[177,106.7652],[31,118.8062],[18,118.4443],[46,117.4528],[134,99.74653],[123,102.7481],[183,104.9932],[19,119.0599],[20,119.2414],[8,120.7924],[47,120.8255],[33,121.1631],[172,101.5327],[137,105.571],[17,120.0771],[106,103.6482],[63,120.903],[140,104.8404],[48,123.2367],[167,106.3569],[182,108.0761],[9,122.2796],[49,123.0557],[10,121.8296],[162,103.6858],[64,120.5116],[136,104.7785],[13,125.8317],[181,105.9228],[21,124.5561],[7,123.2221],[62,119.5954],[80,123.389],[171,102.9356],[12,124.574],[35,124.5768],[0,122.7319],[166,109.1124],[79,122.6237],[52,125.9897],[174,106.9564],[24,124.2916],[3,127.8928],[50,125.0507],[65,124.9581],[164,106.7675],[37,126.6341],[11,125.4604],[81,124.4038],[83,125.208],[34,124.2887],[55,100.7363],[173,102.9115],[38,129.0306],[78,122.0848],[14,129.5002],[2,127.6698],[148,101.5197],[105,104.1797],[66,127.3846],[95,123.2052],[99,126.0079],[68,127.7388],[25,129.3686],[40,105.1004],[152,110.9045],[5,131.5587],[23,129.0381],[26,131.3943],[97,126.6333],[111,125.3063],[149,103.3424],[84,127.7524],[53,129.5636],[107,107.8932],[161,106.5745],[22,129.6311],[4,130.4398],[15,130.8539],[1,128.8068],[153,109.2288],[112,123.2088],[67,125.7311],[93,121.9029],[69,130.3598],[75,105.2392],[108,121.5014],[54,132.5659],[139,106.6992],[6,133.7444],[128,126.4124],[151,112.9396],[129,128.6738],[179,105.1646],[76,116.3293],[180,106.2015],[98,125.4752],[114,132.6366],[143,129.2034],[39,134.9893],[138,108.3071],[113,124.9596],[77,119.6672],[126,124.8719],[163,108.033],[124,123.9788],[51,124.0176],[36,129.6471],[127,127.9354],[142,126.6955],[82,125.9366],[144,133.6068],[157,129.7491],[92,120.6636],[110,122.6986],[125,124.5136],[156,132.9023],[96,125.8659],[109,122.4276],[155,128.3641],[141,124.2986],[61,119.9771],[94,121.6902],[168,133.0704]

Finish Times:
[145,46.84069],[158,47.48071],[146,47.96072],[130,48.52073],[159,48.52073],[131,48.84074],[169,49.36075],[117,49.48075],[116,49.80076],[132,49.96076],[115,50.40077],[147,50.40077],[102,50.68078],[101,51.04079],[118,51.08079],[103,51.4808],[100,51.7608],[133,51.7608],[119,52.28082],[86,52.32082],[85,52.56082],[87,53.04083],[170,53.04083],[71,53.24084],[104,53.72085],[88,53.92085],[89,54.16086],[72,54.36086],[74,54.80087],[160,54.88087],[70,55.20088],[73,55.36089],[120,55.76089],[59,55.9209],[58,56.0009],[122,56.24091],[42,56.60091],[57,56.84092],[121,57.00092],[90,57.56094],[56,57.60094],[43,57.88094],[135,58.04095],[178,58.20095],[28,58.52096],[44,58.80096],[150,58.80096],[91,58.88097],[27,59.20097],[154,59.24097],[30,59.48098],[184,59.76099],[29,59.80099],[41,59.84099],[45,60.201],[176,60.241],[60,60.361],[175,60.361],[16,60.521],[165,60.68101],[32,60.92101],[177,61.00101],[31,61.04102],[18,61.28102],[46,61.44102],[134,61.52103],[123,61.56103],[183,61.60103],[19,61.68103],[20,61.76103],[8,62.12104],[47,62.12104],[33,62.28104],[172,62.28104],[137,62.40105],[17,62.72105],[106,62.72105],[63,62.76105],[140,62.76105],[48,62.96106],[167,63.28107],[182,63.36107],[9,63.44107],[49,63.44107],[10,63.52107],[162,63.88108],[64,63.92108],[136,63.92108],[13,63.96108],[181,64.00108],[21,64.12109],[7,64.20109],[62,64.5211],[80,64.5611],[171,64.5611],[12,64.6411],[35,64.6811],[0,64.8811],[166,64.8811],[79,65.16111],[52,65.20111],[174,65.20111],[24,65.24111],[3,65.28111],[50,65.28111],[65,65.28111],[164,65.44112],[37,65.56112],[11,65.60112],[81,65.84113],[83,65.88113],[34,65.92113],[55,65.92113],[173,65.92113],[38,66.00113],[78,66.12113],[14,66.16113],[2,66.36114],[148,66.40114],[105,66.44114],[66,66.52114],[95,66.52114],[99,66.52114],[68,66.56114],[25,66.60114],[40,66.72115],[152,66.76115],[5,67.00115],[23,67.04115],[26,67.12115],[97,67.12115],[111,67.24116],[149,67.24116],[84,67.28116],[53,67.36116],[107,67.44116],[161,67.48116],[22,67.56116],[4,67.72117],[15,67.80117],[1,67.88117],[153,67.88117],[112,67.92117],[67,68.00117],[93,68.00117],[69,68.12118],[75,68.20118],[108,68.28118],[54,68.44118],[139,68.44118],[6,68.56119],[128,68.60119],[151,68.60119],[129,68.64119],[179,68.64119],[76,68.9212],[180,69.0012],[98,69.0412],[114,69.0412],[143,69.1212],[39,69.2012],[138,69.32121],[113,69.40121],[77,69.48121],[126,69.48121],[163,69.72121],[124,69.80122],[51,69.84122],[36,69.96122],[127,69.96122],[142,70.12122],[82,70.36123],[144,70.36123],[157,70.48123],[92,70.56123],[110,70.72124],[125,70.84124],[156,71.24125],[96,71.48125],[109,71.52126],[155,71.56126],[141,72.00127],[61,72.16127],[94,72.40128],[168,72.80128]

Stuck Times:
[145,0],[158,0],[146,0],[130,0],[159,0],[131,0],[169,0],[117,0],[116,0],[132,0],[115,0],[147,1],[102,0],[101,0],[118,0],[103,0],[100,0],[133,1],[119,0],[86,0],[85,0],[87,0],[170,1],[71,0],[104,0],[88,0],[89,0],[72,0],[74,0],[160,4],[70,1],[73,0],[120,2],[59,1],[58,1],[122,0],[42,0],[57,3],[121,2],[90,2],[56,2],[43,0],[135,7],[178,8],[28,0],[44,0],[150,4],[91,0],[27,0],[154,0],[30,0],[184,0],[29,0],[41,0],[45,0],[176,2],[60,0],[175,3],[16,0],[165,4],[32,0],[177,1],[31,0],[18,0],[46,0],[134,10],[123,3],[183,3],[19,0],[20,0],[8,0],[47,0],[33,0],[172,8],[137,5],[17,0],[106,5],[63,0],[140,3],[48,0],[167,4],[182,6],[9,0],[49,0],[10,0],[162,10],[64,0],[136,8],[13,0],[181,9],[21,0],[7,0],[62,4],[80,0],[171,10],[12,0],[35,0],[0,0],[166,5],[79,0],[52,0],[174,6],[24,2],[3,0],[50,0],[65,0],[164,8],[37,0],[11,0],[81,0],[83,0],[34,1],[55,8],[173,13],[38,0],[78,4],[14,0],[2,0],[148,14],[105,10],[66,0],[95,0],[99,0],[68,0],[25,0],[40,9],[152,7],[5,0],[23,0],[26,0],[97,0],[111,1],[149,15],[84,0],[53,0],[107,8],[161,13],[22,0],[4,0],[15,0],[1,0],[153,8],[112,0],[67,1],[93,4],[69,0],[75,11],[108,3],[54,0],[139,13],[6,0],[128,0],[151,9],[129,0],[179,12],[76,7],[180,18],[98,5],[114,0],[143,0],[39,0],[138,13],[113,1],[77,10],[126,1],[163,13],[124,3],[51,6],[36,2],[127,1],[142,1],[82,4],[144,0],[157,0],[92,8],[110,4],[125,2],[156,0],[96,5],[109,8],[155,2],[141,6],[61,10],[94,9],[168,2]

