Experiment Name: Custom-LimitedOverflow
Method Used: FlowGraph
Run Number: 3
Preparation Time: 27.8221ms
Pathfinding Time: 2.7275ms
Finish Time: 75.40134ms
Finish Time 90%: 71.84126ms
Repaths: 0
Soft Repaths: 0

Gates Data:
0:[114,[6.65484,13.30525,0,[33.001,60.59164]]],[99,[6.144325,12.28372,0,[32.001,59.39026]]],[98,[6.715482,13.38453,0,[32.001,59.59096]]],[84,[6.169532,12.30185,0,[32.001,58.16184]]],[83,[6.742807,13.43106,0,[32.001,58.43151]]],[113,[7.263948,14.43249,0,[33.001,60.79744]]],[97,[7.296738,14.49661,0,[32.001,59.86172]]],[112,[7.843713,15.58307,0,[33.001,61.1549]]],[129,[6.68828,13.35944,0,[33.001,61.79321]]],[111,[8.516829,16.66937,0,[33.001,60.61106]]],[127,[8.333412,15.60227,0,[33.001,61.6961]]],[82,[7.639626,14.55189,0,[32.001,58.82824]]],[96,[8.066708,15.60577,0,[32.001,59.50788]]],[95,[9.065188,17.67406,0,[33.001,60.12532]]],[126,[8.98793,16.63696,0,[33.001,61.22577]]],[128,[7.299364,14.44996,0,[33.001,62.01616]]],[67,[8.143961,14.68254,0,[32.001,58.12111]]],[80,[9.657873,17.94729,0,[33.001,60.08705]]],[81,[8.652051,15.68422,0,[32.001,59.02552]]],[110,[9.621561,17.78557,0,[33.001,61.18184]]],[66,[9.251422,16.08919,0,[32.001,58.88995]]],[65,[9.669147,17.2422,0,[32.001,59.72966]]],[52,[9.459803,14.93427,0,[32.001,57.8487]]],[64,[9.872086,18.08469,0,[32.001,58.69485]]],[79,[10.28292,17.94975,0,[32.001,59.56682]]],[94,[10.53671,18.83018,0,[33.001,60.55014]]],[109,[10.21289,18.92028,0,[33.001,61.40495]]],[108,[11.08444,20.00442,0,[33.001,60.75945]]],[63,[10.56737,19.02222,0,[32.001,58.63214]]],[50,[10.1946,16.89,0,[32.001,57.7851]]],[93,[10.88167,18.83026,0,[32.001,59.75029]]],[124,[10.81707,18.8444,0,[33.001,61.83188]]],[107,[11.86025,21.0756,0,[33.001,60.49573]]],[78,[11.32045,18.82112,0,[32.001,59.00413]]],[51,[10.98668,16.57622,0,[32.001,57.91931]]],[92,[11.81183,19.88554,0,[32.001,59.83747]]],[123,[12.11077,20.13233,0,[33.001,61.75021]]],[141,[9.393397,16.70321,0,[33.001,62.18951]]],[106,[12.58954,22.30446,0,[33.001,60.83621]]],[62,[12.39652,20.55801,0,[32.001,59.47214]]],[125,[10.02655,17.72217,0,[33.001,62.42868]]],[68,[7.302845,13.64309,0,[32.001,57.94825]]],[48,[11.98978,19.16099,0,[32.001,58.72167]]],[121,[13.12768,22.30663,0,[33.001,61.16213]]],[91,[13.32535,22.06082,0,[33.001,60.1361]]],[77,[13.14623,20.2113,0,[32.001,59.22538]]],[139,[12.66436,19.48696,0,[33.001,62.21291]]],[105,[13.84448,23.25082,0,[33.001,60.56223]]],[69,[8.728652,12.81695,0,[32.001,57.91851]]],[76,[14.31071,22.34552,0,[33.001,60.01108]]],[47,[13.82977,20.85596,0,[32.001,58.91338]]],[138,[13.64553,20.54453,0,[33.001,61.59201]]],[143,[8.795189,14.53994,0,[33.001,62.28175]]],[90,[14.84928,23.53683,0,[33.001,60.84193]]],[75,[14.35003,22.51747,0,[32.001,59.6508]]],[53,[11.65587,14.76386,0,[32.001,57.85262]]],[38,[13.31537,16.97795,0,[32.001,58.16549]]],[120,[14.3471,23.28585,0,[33.001,61.29214]]],[74,[15.4276,24.63098,0,[33.001,60.1231]]],[142,[13.21291,16.29392,0,[33.001,62.28268]]],[34,[14.81655,20.87321,0,[32.001,59.00224]]],[89,[15.9455,24.78223,0,[33.001,60.73826]]],[61,[15.46486,21.82618,0,[32.001,59.39791]]],[104,[15.39127,24.59323,0,[33.001,61.28307]]],[36,[14.29975,18.91985,0,[32.001,58.31113]]],[88,[16.50655,25.69968,0,[33.001,61.37736]]],[59,[16.51103,24.995,0,[33.001,60.05171]]],[35,[16.01338,21.02028,0,[32.001,58.7048]]],[122,[11.53552,20.96485,0,[33.001,61.41465]]],[37,[15.48475,19.00908,0,[32.001,58.13441]]],[151,[17.08607,22.19519,0,[33.001,61.07959]]],[135,[16.03859,23.76466,0,[33.001,62.04992]]],[73,[16.61401,24.84689,0,[32.001,59.98965]]],[46,[16.58932,22.52301,0,[32.001,58.89651]]],[60,[17.71814,24.74088,0,[33.001,60.08547]]],[49,[12.55278,18.82326,0,[32.001,58.18484]]],[119,[17.67288,24.76222,0,[33.001,61.18895]]],[24,[17.14891,20.90313,0,[32.001,58.98399]]],[39,[14.88552,16.98027,0,[32.001,57.89428]]],[32,[17.73261,23.70336,0,[32.001,59.47872]]],[118,[18.2439,25.73098,0,[33.001,60.81746]]],[144,[17.04302,16.28517,0,[33.001,62.18019]]],[22,[18.25884,23.0584,0,[32.001,58.85277]]],[103,[18.80748,25.85829,0,[33.001,60.19938]]],[45,[18.84534,24.20635,0,[32.001,59.69188]]],[102,[18.79817,26.99394,0,[33.001,61.50984]]],[23,[17.75423,22.06896,0,[32.001,58.14392]]],[101,[19.38351,28.08432,0,[33.001,60.95975]]],[54,[13.82033,15.09197,0,[32.001,57.73019]]],[58,[19.91783,27.13437,0,[33.001,60.13902]]],[133,[18.26743,26.23989,0,[33.001,62.11533]]],[20,[19.34587,25.44446,0,[32.001,58.95267]]],[117,[20.49507,27.93283,0,[33.001,60.87412]]],[14,[18.77921,22.16891,0,[32.001,58.44419]]],[30,[19.91478,26.21611,0,[32.001,59.52987]]],[147,[19.96885,27.39201,0,[33.001,61.25414]]],[29,[20.43453,26.7542,0,[32.001,59.01652]]],[100,[21.00137,29.99221,0,[33.001,60.19297]]],[149,[20.99206,26.00976,0,[33.001,61.37952]]],[44,[21.02365,24.94566,0,[32.001,59.7657]]],[21,[19.88261,24.51281,0,[32.001,58.17799]]],[87,[22.10678,27.36942,0,[33.001,60.15049]]],[28,[21.20729,29.15229,0,[32.001,58.71221]]],[132,[21.57491,29.90142,0,[33.001,61.01563]]],[136,[19.33912,23.63939,0,[33.001,62.23673]]],[33,[21.76307,24.07235,0,[32.001,59.08981]]],[131,[22.6563,30.67753,0,[33.001,60.44176]]],[161,[20.70983,25.82605,0,[33.001,62.34221]]],[72,[22.34921,26.45802,0,[32.001,59.39576]]],[13,[21.54459,23.60908,0,[32.001,57.8278]]],[148,[22.15375,27.94596,0,[33.001,61.26322]]],[85,[23.46535,29.63504,0,[33.001,60.02863]]],[160,[23.23428,29.66453,0,[33.001,61.03114]]],[31,[22.10328,25.17588,0,[32.001,58.18235]]],[41,[22.85285,28.69864,0,[32.001,58.92864]]],[163,[22.73451,24.64574,0,[33.001,61.61481]]],[43,[23.4765,26.76864,0,[32.001,59.36424]]],[146,[24.00928,31.71143,0,[33.001,60.65719]]],[17,[23.38272,28.91444,0,[32.001,58.14246]]],[115,[24.62864,33.5915,0,[33.001,60.06261]]],[42,[24.08394,27.56741,0,[32.001,58.96331]]],[159,[23.83115,31.75773,0,[33.001,61.75288]]],[145,[24.67194,34.47643,0,[33.001,61.15834]]],[12,[20.61283,24.2183,0,[32.001,57.96058]]],[86,[24.752,27.56111,0,[32.001,59.64791]]],[130,[25.34698,35.11498,0,[33.001,60.85976]]],[18,[24.67214,27.63571,0,[32.001,58.43852]]],[173,[24.40836,26.62876,0,[33.001,62.13226]]],[116,[25.99212,32.511,0,[33.001,60.29099]]],[27,[25.44531,30.49234,0,[32.001,59.17322]]],[169,[25.14765,33.14693,0,[33.001,61.98804]]],[15,[19.22544,21.24359,0,[32.001,57.78908]]],[9,[25.23132,27.36097,0,[32.001,58.05748]]],[56,[26.10882,30.43777,0,[32.001,59.56533]]],[158,[26.72975,36.2093,0,[33.001,60.76318]]],[153,[15.43924,20.39578,0,[33.001,62.39046]]],[171,[23.32528,28.28031,0,[33.001,62.19345]]],[8,[25.90384,28.79839,0,[32.001,58.29644]]],[57,[27.24993,29.39526,0,[33.001,60.32328]]],[178,[26.20039,34.51727,0,[33.001,61.32236]]],[1,[26.62358,30.58484,0,[32.001,59.12659]]],[137,[14.72404,21.23665,0,[33.001,62.23539]]],[170,[27.84628,38.09369,0,[33.001,60.89165]]],[71,[27.27104,28.66575,0,[32.001,59.55307]]],[26,[17.12912,19.01526,0,[32.001,57.87458]]],[172,[27.27351,31.23469,0,[33.001,61.61656]]],[181,[28.39318,31.38566,0,[33.001,61.72502]]],[70,[28.41226,31.04724,0,[33.001,60.50319]]],[2,[27.20382,28.42424,0,[32.001,58.27746]]],[16,[27.92739,30.71396,0,[32.001,59.24474]]],[164,[26.67759,26.66828,0,[33.001,62.06036]]],[180,[28.97205,35.32987,0,[33.001,60.0468]]],[0,[28.59938,30.92216,0,[32.001,58.85163]]],[174,[27.82883,27.46298,0,[33.001,62.26824]]],[10,[24.08581,25.65112,0,[32.001,57.8571]]],[182,[29.30062,32.60415,0,[33.001,60.98933]]],[55,[29.13382,32.82855,0,[32.001,59.85695]]],[6,[28.0176,24.75526,0,[32.001,58.07537]]],[40,[29.44438,31.65615,0,[32.001,58.93111]]],[157,[29.88516,25.15199,0,[33.001,61.05434]]],[176,[28.95957,26.0536,0,[33.001,62.11224]]],[184,[30.32937,35.10443,0,[33.001,60.27957]]],[152,[30.31349,26.07615,0,[33.001,61.96689]]],[25,[16.53333,19.8321,0,[32.001,57.79712]]],[140,[11.31096,18.23418,0,[33.001,62.44631]]],[183,[30.86231,30.37041,0,[33.001,60.79107]]],[179,[30.15413,38.13328,0,[32.001,59.31881]]],[134,[17.65151,24.7745,0,[33.001,62.2946]]],[177,[30.9211,32.56377,0,[32.001,59.8856]]],[166,[31.25521,24.30901,0,[33.001,61.70319]]],[19,[22.67125,26.05956,0,[32.001,57.88137]]],[167,[32.15649,28.93311,0,[33.001,60.10917]]],[7,[30.67257,31.85456,0,[32.001,58.4625]]],[165,[29.5633,22.45863,0,[33.001,62.10111]]],[156,[32.26268,23.36029,0,[33.001,61.51223]]],[168,[32.89868,29.72219,0,[33.001,60.46516]]],[175,[25.90066,24.6146,0,[33.001,62.26143]]],[3,[29.91103,31.12566,0,[32.001,58.11186]]],[155,[14.05616,18.17045,0,[33.001,62.33799]]],[5,[31.55439,29.43787,0,[32.001,58.7011]]],[154,[20.09316,19.82912,0,[33.001,62.33117]]],[162,[21.49224,26.74272,0,[33.001,62.26522]]],[4,[29.01485,27.81486,0,[32.001,58.03355]]],[11,[26.50452,25.64011,0,[32.001,58.02032]]],[150,[22.30881,23.90693,0,[33.001,62.33088]]]
1:[114,[34.16872,68.32679,0,[88.001,61.41373]]],[99,[33.66856,67.32332,0,[87.001,59.69278]]],[98,[34.73486,69.40692,0,[88.001,60.37768]]],[84,[33.88367,67.61474,0,[87.001,58.2602]]],[83,[34.3561,68.51978,0,[87.001,58.95462]]],[113,[34.9492,69.62901,0,[88.001,61.66536]]],[97,[34.89823,69.55483,0,[87.001,59.35016]]],[112,[35.45649,70.64801,0,[88.001,60.64045]]],[129,[35.52063,68.77634,0,[88.001,61.94109]]],[111,[36.0377,71.69015,0,[88.001,60.17658]]],[127,[36.08764,70.89031,0,[88.001,61.49208]]],[82,[35.2418,69.68121,0,[87.001,58.08337]]],[96,[35.60256,70.63987,0,[87.001,58.96447]]],[95,[36.16544,71.69848,0,[87.001,59.54911]]],[126,[36.62257,71.74093,0,[88.001,60.73234]]],[128,[36.67604,70.49027,0,[88.001,61.95039]]],[67,[36.14472,70.16312,0,[87.001,58.07151]]],[80,[37.20415,72.99393,0,[88.001,60.75629]]],[81,[36.60592,71.00636,0,[87.001,58.7077]]],[110,[37.34552,72.88329,0,[88.001,62.03553]]],[66,[36.99804,71.16286,0,[87.001,59.66929]]],[65,[37.84857,73.33892,0,[88.001,60.91739]]],[52,[37.19851,70.22208,0,[87.001,58.10958]]],[64,[37.57827,73.23194,0,[87.001,59.02107]]],[79,[37.92448,73.0104,0,[87.001,59.96065]]],[94,[38.40725,74.01825,0,[88.001,61.22205]]],[109,[38.32637,74.33234,0,[88.001,62.32502]]],[108,[38.95042,75.37766,0,[88.001,60.64322]]],[63,[38.3341,74.20319,0,[87.001,58.91299]]],[50,[38.06745,72.36595,0,[87.001,57.93854]]],[93,[38.73055,73.85687,0,[87.001,59.66803]]],[124,[39.28954,74.70655,0,[88.001,61.52453]]],[107,[39.60499,76.11727,0,[88.001,60.49684]]],[78,[39.18672,73.89384,0,[87.001,58.86124]]],[51,[38.82713,71.88416,0,[87.001,58.00644]]],[92,[39.53076,74.91323,0,[87.001,59.7313]]],[123,[40.01819,75.28587,0,[88.001,61.2432]]],[141,[39.67978,72.19077,0,[88.001,62.28633]]],[106,[40.49285,77.3573,0,[88.001,60.62651]]],[62,[40.15213,75.71001,0,[87.001,59.46404]]],[125,[40.39117,74.17258,0,[88.001,62.13132]]],[68,[39.64841,73.37872,0,[87.001,58.13761]]],[48,[40.1913,74.44455,0,[87.001,58.33757]]],[121,[40.91225,77.42262,0,[88.001,61.5512]]],[91,[41.17241,77.09052,0,[88.001,60.4249]]],[77,[40.86081,75.26525,0,[87.001,59.28221]]],[139,[41.46136,75.43681,0,[88.001,62.27056]]],[105,[41.71564,78.38639,0,[88.001,61.12346]]],[69,[40.7558,70.94688,0,[87.001,58.11483]]],[76,[41.92911,77.3855,0,[88.001,60.09704]]],[47,[41.52165,75.91759,0,[87.001,59.00651]]],[138,[42.32259,76.31848,0,[88.001,61.17472]]],[143,[42.04809,71.6743,0,[88.001,62.14543]]],[90,[42.57487,78.69286,0,[88.001,60.18108]]],[75,[42.09512,77.54852,0,[87.001,59.06655]]],[53,[41.48615,72.01538,0,[87.001,57.90361]]],[38,[42.12986,72.23627,0,[87.001,57.93738]]],[120,[43.03048,78.8896,0,[88.001,61.08399]]],[74,[42.66378,78.66782,0,[87.001,59.89093]]],[142,[42.77932,72.55672,0,[88.001,62.08274]]],[34,[42.68427,75.96719,0,[87.001,58.69928]]],[89,[43.65257,79.9044,0,[88.001,60.59747]]],[61,[43.21315,76.83862,0,[87.001,59.3176]]],[104,[43.59344,79.81468,0,[88.001,61.86241]]],[36,[43.1018,74.34765,0,[87.001,57.97292]]],[88,[44.20404,80.90724,0,[88.001,61.08547]]],[59,[44.35012,80.0349,0,[88.001,60.02511]]],[35,[43.82121,76.20967,0,[87.001,58.92293]]],[122,[44.14612,78.04936,0,[88.001,62.17931]]],[37,[43.72047,74.37352,0,[87.001,57.84101]]],[151,[44.85818,77.28413,0,[88.001,61.16763]]],[135,[44.78934,79.24923,0,[88.001,62.31497]]],[73,[45.06602,80.94756,0,[88.001,60.1366]]],[46,[44.50701,77.99789,0,[87.001,59.03328]]],[60,[45.59617,79.76832,0,[88.001,60.7296]]],[49,[44.44093,75.4101,0,[87.001,57.93223]]],[119,[45.4327,80.03814,0,[88.001,61.87788]]],[24,[45.15818,76.03849,0,[87.001,59.41965]]],[39,[45.29487,73.98432,0,[87.001,58.2003]]],[32,[45.7395,78.73759,0,[87.001,59.50438]]],[118,[46.18888,80.93689,0,[88.001,60.68512]]],[144,[46.15826,72.11954,0,[88.001,61.87941]]],[22,[45.94146,78.08028,0,[87.001,58.34227]]],[103,[46.82514,80.8936,0,[88.001,60.66554]]],[45,[46.48339,79.25165,0,[87.001,59.56302]]],[102,[46.80008,82.22095,0,[88.001,61.82493]]],[23,[46.93204,77.87807,0,[87.001,58.91749]]],[101,[47.60022,83.3159,0,[88.001,61.1179]]],[54,[46.63201,73.12493,0,[87.001,57.98476]]],[58,[47.72753,82.24735,0,[88.001,60.03262]]],[133,[47.46836,82.22786,0,[88.001,62.19893]]],[20,[47.53753,80.56147,0,[87.001,59.10738]]],[117,[48.26851,83.13277,0,[88.001,61.07599]]],[14,[47.49662,77.38004,0,[87.001,57.97943]]],[30,[48.49358,82.29784,0,[88.001,60.04461]]],[147,[48.23237,82.8531,0,[88.001,62.22498]]],[29,[48.17775,81.86495,0,[87.001,58.94563]]],[100,[49.03874,85.07198,0,[88.001,60.72132]]],[149,[48.9598,81.27989,0,[88.00099,61.93618]]],[44,[48.7148,80.00549,0,[87.001,59.40234]]],[21,[48.37729,79.72217,0,[87.001,57.91358]]],[87,[49.23231,81.41414,0,[87.001,59.86695]]],[28,[48.99299,84.28742,0,[87.001,58.22155]]],[132,[49.77371,84.95795,0,[88.001,61.03784]]],[136,[49.56289,79.42168,0,[88.00099,62.10961]]],[33,[49.50087,79.09737,0,[87.001,58.87878]]],[131,[50.38528,85.86217,0,[88.001,60.34857]]],[161,[50.28342,81.62465,0,[88.001,61.92601]]],[72,[50.24858,81.52159,0,[87.001,59.18778]]],[13,[49.9998,79.41847,0,[87.001,58.05554]]],[148,[50.84624,83.32668,0,[88.001,61.39276]]],[85,[51.1251,84.71292,0,[88.001,60.11775]]],[160,[51.5238,84.96642,0,[88.001,60.926]]],[31,[50.68682,80.39267,0,[87.001,58.16146]]],[41,[51.07487,83.80661,0,[87.001,59.12916]]],[163,[51.49019,80.15811,0,[88.001,62.15102]]],[43,[51.49409,81.85622,0,[87.001,59.9117]]],[146,[52.13841,86.88685,0,[88.001,61.06792]]],[17,[51.5932,84.0847,0,[87.001,58.48557]]],[115,[52.67823,88.68137,0,[88.001,60.50073]]],[42,[52.14199,82.63922,0,[87.001,59.37601]]],[159,[52.28619,87.1058,0,[88.001,62.14672]]],[145,[52.84796,89.76511,0,[88.001,61.68282]]],[12,[52.11034,79.95213,0,[87.001,58.07417]]],[86,[53.36952,83.68054,0,[88.001,60.06282]]],[130,[53.39968,90.26894,0,[88.001,61.1623]]],[18,[52.72875,82.80168,0,[87.001,58.9975]]],[173,[53.46786,82.50867,0,[88.001,62.26658]]],[116,[53.93791,87.62737,0,[88.001,60.13365]]],[27,[53.39614,85.57117,0,[87.001,59.05088]]],[169,[54.02846,88.73026,0,[88.001,61.22546]]],[15,[52.80327,79.07989,0,[87.001,57.90608]]],[9,[53.41532,82.69942,0,[87.001,57.9411]]],[56,[53.98193,85.50187,0,[87.001,59.22806]]],[158,[54.51542,91.42098,0,[88.001,60.37369]]],[153,[54.14991,76.65891,0,[88.001,62.30938]]],[171,[54.59526,84.92075,0,[88.001,61.54425]]],[8,[54.02493,83.91441,0,[87.001,58.11843]]],[57,[54.57097,83.46849,0,[87.001,59.87511]]],[178,[55.12527,90.10542,0,[88.001,61.03682]]],[1,[54.81214,85.66555,0,[87.001,58.86968]]],[137,[55.04727,85.49706,0,[88.001,62.24177]]],[170,[55.68548,93.20072,0,[88.001,60.65339]]],[71,[55.26299,83.72808,0,[87.001,59.5215]]],[26,[54.61339,76.91948,0,[87.001,57.84253]]],[172,[55.66497,86.41342,0,[88.001,61.9831]]],[181,[56.23599,86.56472,0,[88.001,61.16749]]],[70,[56.35121,86.08146,0,[88.001,60.09129]]],[2,[55.43949,83.62296,0,[87.001,58.12926]]],[16,[55.84676,85.88571,0,[87.001,58.986]]],[164,[56.32967,82.05356,0,[88.001,62.27907]]],[180,[56.91156,90.38811,0,[88.001,60.46996]]],[0,[56.46508,86.10449,0,[87.001,59.18462]]],[174,[56.90472,83.47899,0,[88.001,61.84016]]],[10,[56.08449,82.78866,0,[87.001,57.96127]]],[182,[57.37039,87.66928,0,[88.001,61.13819]]],[55,[57.01897,87.86556,0,[87.001,59.95311]]],[6,[56.80217,80.06598,0,[87.001,58.08321]]],[40,[57.22695,86.72594,0,[87.001,58.91229]]],[157,[57.94468,80.36231,0,[88.001,60.77718]]],[176,[57.68191,81.77036,0,[88.001,62.05632]]],[184,[57.73386,89.27637,0,[87.001,59.56265]]],[152,[58.50886,81.51054,0,[88.001,61.05325]]],[25,[57.55806,82.9047,0,[87.001,57.98706]]],[140,[58.30561,84.03102,0,[88.001,62.16317]]],[183,[58.74137,85.59033,0,[88.001,60.00617]]],[179,[58.12047,93.24961,0,[87.001,58.54695]]],[134,[58.98321,90.66806,0,[88.001,61.83673]]],[177,[58.65793,87.63106,0,[87.001,59.26149]]],[166,[59.2755,79.88491,0,[88.001,60.66356]]],[19,[58.6921,86.93347,0,[87.001,58.02418]]],[167,[59.26346,82.98792,0,[87.001,59.58026]]],[7,[59.27768,87.13058,0,[87.001,58.32077]]],[165,[59.68953,78.43666,0,[88.001,61.7991]]],[156,[60.02383,78.62337,0,[88.001,60.6874]]],[168,[60.06582,83.93861,0,[87.001,59.78017]]],[175,[60.45203,82.66951,0,[88.001,61.6828]]],[3,[59.92584,87.66761,0,[87.001,58.46214]]],[155,[60.97868,90.5211,0,[88.001,60.59383]]],[5,[60.60366,84.57413,0,[87.001,58.97216]]],[154,[61.21219,78.82076,0,[88.001,61.8504]]],[162,[61.72678,91.525,0,[88.001,61.04826]]],[4,[61.417,88.05644,0,[87.001,59.73984]]],[11,[61.29721,86.57084,0,[87.001,58.41336]]],[150,[62.42069,86.55464,0,[88.001,60.96931]]]

Travel Distances:
[114,91.98901],[99,91.98388],[98,91.93641],[84,91.83039],[83,93.80244],[113,93.7226],[97,93.75565],[112,93.73104],[129,91.66861],[111,95.61153],[127,94.70191],[82,95.17236],[96,95.43128],[95,95.36336],[126,94.48396],[128,95.05732],[67,95.84839],[80,96.57027],[81,95.7843],[110,96.11258],[66,95.15884],[65,95.63924],[52,95.7717],[64,98.07004],[79,97.15802],[94,97.17595],[109,97.63342],[108,99.47121],[63,99.52956],[50,98.2013],[93,98.39304],[124,98.11199],[107,98.90328],[78,97.5108],[51,96.18375],[92,99.84325],[123,99.21975],[141,96.72737],[106,100.3696],[62,99.39819],[125,97.30101],[68,98.02138],[48,100.022],[121,101.5614],[91,100.7292],[77,99.52634],[139,98.48105],[105,100.9478],[69,95.28471],[76,101.5095],[47,100.8601],[138,99.63223],[143,95.45531],[90,101.536],[75,101.3421],[53,97.00243],[38,97.87684],[120,102.7889],[74,103.3289],[142,96.8597],[34,100.582],[89,102.5895],[61,100.3924],[104,102.5988],[36,100.0884],[88,104.4269],[59,103.2637],[35,100.4895],[122,101.596],[37,98.8071],[151,99.51426],[135,103.4856],[73,104.777],[46,102.9451],[60,102.5322],[49,100.4201],[119,103.0021],[24,99.70467],[39,99.35857],[32,103.2154],[118,104.5038],[144,95.66685],[22,102.156],[103,103.1723],[45,104.267],[102,106.4435],[23,101.9734],[101,106.0623],[54,97.80978],[58,104.736],[133,105.0627],[20,105.3839],[117,106.5089],[14,102.284],[30,105.2],[147,106.2164],[29,105.4781],[100,108.9412],[149,105.273],[44,104.556],[21,104.8927],[87,104.8654],[28,108.2494],[132,107.3021],[136,104.0502],[33,104.0422],[131,109.0648],[161,104.8833],[72,105.0144],[13,105.3847],[148,107.4761],[85,108.4352],[160,107.8733],[31,104.9383],[41,107.6512],[163,102.9435],[43,106.8307],[146,110.5093],[17,108.8819],[115,111.2585],[42,106.3353],[159,110.3322],[145,113.9335],[12,105.5625],[86,106.9111],[130,113.3992],[18,107.3002],[173,105.3324],[116,111.7159],[27,110.748],[169,112.6223],[15,105.3665],[9,107.7938],[56,109.4999],[158,114.3529],[153,100.0266],[171,107.6251],[8,107.7994],[57,108.2991],[178,113.7675],[1,110.0201],[137,109.1698],[170,115.7927],[71,107.184],[26,101.5494],[172,108.9518],[181,109.9858],[70,109.328],[2,108.7097],[16,110.1276],[164,105.2242],[180,112.5415],[0,111.1492],[174,107.4815],[10,108.4369],[182,110.8367],[55,111.8195],[6,104.4231],[40,110.2595],[157,104.406],[176,106.2124],[184,113.8015],[152,104.4287],[25,107.716],[140,107.2869],[183,108.0714],[179,116.9991],[134,114.5249],[177,112.2456],[166,103.2818],[19,111.4936],[167,106.4375],[7,112.517],[165,102.8728],[156,102.5364],[168,107.8033],[175,105.5988],[3,111.7713],[155,114.5258],[5,109.3446],[154,102.2665],[162,114.0555],[4,113.2157],[11,111.9424],[150,109.6973]

Finish Times:
[114,47.1607],[99,47.2407],[98,47.72071],[84,47.84071],[83,48.00072],[113,48.04072],[97,48.44073],[112,48.48073],[129,48.88074],[111,49.04074],[127,49.16074],[82,49.20074],[96,49.24075],[95,49.68076],[126,49.68076],[128,50.00076],[67,50.20077],[80,50.20077],[81,50.32077],[110,50.48077],[66,50.56078],[65,50.84078],[52,51.20079],[64,51.24079],[79,51.4408],[94,51.4808],[109,51.7208],[108,51.96081],[63,52.04081],[50,52.16081],[93,52.28082],[124,52.44082],[107,52.60082],[78,52.88083],[51,52.92083],[92,53.04083],[123,53.12083],[141,53.16084],[106,53.48084],[62,53.68085],[125,53.80085],[68,53.84085],[48,53.96085],[121,54.00085],[91,54.16086],[77,54.48087],[139,54.68087],[105,54.72087],[69,54.80087],[76,54.96088],[47,55.28088],[138,55.44089],[143,55.52089],[90,55.56089],[75,55.68089],[53,55.72089],[38,56.1209],[120,56.1209],[74,56.1609],[142,56.2009],[34,56.36091],[89,56.68092],[61,56.76092],[104,56.80092],[36,57.08092],[88,57.32093],[59,57.40093],[35,57.48093],[122,57.72094],[37,57.76094],[151,57.88094],[135,58.08095],[73,58.12095],[46,58.28095],[60,58.60096],[49,58.64096],[119,58.64096],[24,58.76096],[39,59.24097],[32,59.28098],[118,59.28098],[144,59.60098],[22,59.64098],[103,59.84099],[45,60.04099],[102,60.04099],[23,60.60101],[101,60.68101],[54,60.72101],[58,60.76101],[133,60.92101],[20,61.20102],[117,61.32102],[14,61.52103],[30,61.56103],[147,61.60103],[29,61.92104],[100,62.04104],[149,62.16104],[44,62.28104],[21,62.56105],[87,62.76105],[28,62.80106],[132,62.88106],[136,63.08106],[33,63.12106],[131,63.40107],[161,63.64108],[72,63.84108],[13,63.96108],[148,63.96108],[85,64.12109],[160,64.5611],[31,64.6011],[41,64.6811],[163,64.8411],[43,65.00111],[146,65.28111],[17,65.36111],[115,65.72112],[42,65.76112],[159,65.76112],[145,66.00113],[12,66.28114],[86,66.40114],[130,66.44114],[18,66.56114],[173,66.84115],[116,66.96115],[27,67.04115],[169,67.12115],[15,67.32116],[9,67.40116],[56,67.56116],[158,67.56116],[153,67.84117],[171,67.84117],[8,67.88117],[57,68.08118],[178,68.20118],[1,68.56119],[137,68.64119],[170,68.68119],[71,68.84119],[26,68.8812],[172,68.8812],[181,69.36121],[70,69.40121],[2,69.48121],[16,69.60121],[164,69.88122],[180,69.92122],[0,70.08122],[174,70.20123],[10,70.40123],[182,70.48123],[55,70.52123],[6,70.76124],[40,70.88124],[157,70.96124],[176,71.20125],[184,71.28125],[152,71.60126],[25,71.64126],[140,71.64126],[183,71.76126],[179,71.84126],[134,72.28127],[177,72.28127],[166,72.32127],[19,72.68128],[167,72.80128],[7,73.00129],[165,73.00129],[156,73.04129],[168,73.6013],[175,73.6413],[3,73.72131],[155,74.00131],[5,74.20132],[154,74.44132],[162,74.72133],[4,74.96133],[11,75.08134],[150,75.40134]

Stuck Times:
[114,0],[99,0],[98,0],[84,0],[83,0],[113,0],[97,0],[112,0],[129,1],[111,0],[127,0],[82,0],[96,0],[95,0],[126,0],[128,1],[67,0],[80,0],[81,0],[110,0],[66,0],[65,0],[52,2],[64,0],[79,0],[94,0],[109,0],[108,0],[63,0],[50,1],[93,0],[124,1],[107,0],[78,1],[51,3],[92,2],[123,1],[141,3],[106,0],[62,2],[125,2],[68,3],[48,2],[121,0],[91,0],[77,2],[139,2],[105,0],[69,6],[76,1],[47,4],[138,4],[143,8],[90,1],[75,1],[53,5],[38,7],[120,1],[74,2],[142,7],[34,5],[89,4],[61,4],[104,1],[36,6],[88,3],[59,4],[35,6],[122,4],[37,7],[151,6],[135,4],[73,4],[46,6],[60,6],[49,7],[119,7],[24,8],[39,9],[32,7],[118,7],[144,10],[22,8],[103,8],[45,8],[102,7],[23,7],[101,6],[54,11],[58,7],[133,7],[20,8],[117,7],[14,10],[30,9],[147,8],[29,9],[100,7],[149,9],[44,10],[21,8],[87,9],[28,7],[132,7],[136,11],[33,11],[131,8],[161,12],[72,12],[13,13],[148,9],[85,11],[160,9],[31,13],[41,11],[163,11],[43,11],[146,11],[17,9],[115,7],[42,11],[159,9],[145,10],[12,14],[86,14],[130,7],[18,13],[173,13],[116,10],[27,11],[169,11],[15,16],[9,14],[56,13],[158,8],[153,16],[171,13],[8,14],[57,16],[178,8],[1,15],[137,11],[170,10],[71,14],[26,19],[172,14],[181,15],[70,15],[2,16],[16,17],[164,18],[180,13],[0,17],[174,15],[10,17],[182,15],[55,16],[6,17],[40,17],[157,21],[176,17],[184,16],[152,21],[25,20],[140,19],[183,18],[179,13],[134,14],[177,16],[166,21],[19,18],[167,21],[7,18],[165,22],[156,25],[168,23],[175,23],[3,18],[155,19],[5,19],[154,27],[162,19],[4,19],[11,19],[150,23]

