Experiment Name: Custom-LimitedOverflow
Method Used: FlowField
Run Number: 6
Preparation Time: 0.0007ms
Pathfinding Time: 34.5556ms
Finish Time: 73.88131ms
Finish Time 90%: 70.72124ms
Repaths: 0
Soft Repaths: 0

Gates Data:
0:[114,[6.165392,12.2935,0,[32.001,59.99903]]],[129,[6.688608,13.3171,0,[33.001,61.07911]]],[99,[6.153695,12.28553,0,[32.001,58.91793]]],[113,[7.253557,14.42238,0,[33.001,60.69416]]],[98,[6.776936,13.45247,0,[32.001,59.5345]]],[84,[6.177528,12.29636,0,[32.001,57.82656]]],[144,[6.735404,13.38581,0,[33.001,62.1641]]],[83,[6.785577,13.48121,0,[32.001,58.36059]]],[112,[7.788929,15.49568,0,[33.001,60.36593]]],[97,[7.332353,14.52912,0,[32.001,59.25529]]],[127,[7.972342,15.65691,0,[33.001,61.41126]]],[128,[7.421493,14.48646,0,[33.001,61.78094]]],[111,[7.864112,15.56061,0,[32.001,59.90411]]],[82,[7.826913,14.61438,0,[32.001,58.78655]]],[68,[7.353901,13.63985,0,[32.001,58.00301]]],[126,[8.553061,16.77249,0,[33.001,60.94334]]],[96,[8.419311,15.67935,0,[32.001,59.98109]]],[142,[8.461616,15.5627,0,[33.001,62.03657]]],[67,[8.381724,14.84165,0,[32.001,58.88383]]],[110,[9.102305,17.6439,0,[33.001,61.03552]]],[95,[9.483552,17.74298,0,[33.001,60.249]]],[69,[8.136621,12.56549,0,[32.001,57.8614]]],[81,[8.97275,15.89874,0,[32.001,59.13581]]],[109,[10.09266,18.70802,0,[33.001,61.06824]]],[66,[8.831044,15.85445,0,[32.001,58.0434]]],[80,[9.518161,16.97716,0,[32.001,59.9942]]],[125,[9.625009,18.06687,0,[33.001,61.63886]]],[65,[9.586401,16.8865,0,[32.001,58.91566]]],[124,[10.64439,19.1154,0,[33.001,60.87496]]],[94,[10.06378,17.8685,0,[32.001,59.77222]]],[140,[10.39912,17.78351,0,[33.001,61.99695]]],[78,[10.74225,19.05758,0,[32.001,59.85399]]],[79,[10.405,17.89285,0,[32.001,58.89331]]],[52,[9.405613,14.96594,0,[32.001,57.87957]]],[108,[11.22916,19.77038,0,[33.001,60.96184]]],[64,[11.11723,18.26764,0,[32.001,59.00732]]],[93,[11.7813,20.02485,0,[33.001,60.29355]]],[141,[9.126069,16.69822,0,[33.001,62.13708]]],[123,[11.7916,20.22328,0,[33.001,61.52945]]],[63,[11.75812,19.36248,0,[32.001,59.59143]]],[51,[10.82414,16.60656,0,[32.001,58.00493]]],[122,[12.38518,21.29372,0,[33.001,60.77569]]],[62,[11.67845,20.14219,0,[32.001,58.32971]]],[77,[12.29243,20.06194,0,[32.001,59.32554]]],[92,[12.94048,21.05767,0,[33.001,60.46555]]],[137,[12.98135,21.30996,0,[33.001,61.71295]]],[50,[10.02297,17.07596,0,[32.001,58.0755]]],[76,[13.4966,22.19302,0,[33.001,60.01997]]],[107,[13.55792,20.93018,0,[33.001,61.1156]]],[49,[12.86487,18.50801,0,[32.001,58.96128]]],[91,[14.04206,22.14594,0,[33.001,60.23273]]],[48,[13.51581,19.58752,0,[32.001,59.12926]]],[151,[13.68466,21.51023,0,[33.001,62.20329]]],[53,[12.25798,14.68044,0,[32.001,58.14067]]],[121,[14.17914,22.50576,0,[33.001,61.30501]]],[106,[14.62867,22.12615,0,[33.001,60.1376]]],[61,[14.08532,21.48376,0,[32.001,59.03819]]],[139,[11.11008,18.91224,0,[33.001,62.06413]]],[34,[13.58416,19.87746,0,[32.001,58.02773]]],[90,[14.6726,22.25643,0,[32.001,59.87771]]],[135,[15.38609,23.34491,0,[33.001,60.90249]]],[75,[14.64601,22.24098,0,[32.001,58.74896]]],[136,[14.83359,22.36145,0,[33.001,61.15854]]],[105,[15.89718,23.0375,0,[33.001,60.38851]]],[120,[15.97316,23.50509,0,[33.001,61.49046]]],[74,[15.20435,23.38441,0,[32.001,59.36351]]],[36,[13.02958,17.54068,0,[32.001,57.91444]]],[89,[16.42533,24.49212,0,[33.001,60.00784]]],[138,[12.41048,20.26599,0,[33.001,62.00071]]],[47,[15.7257,21.18923,0,[32.001,58.98696]]],[104,[16.64469,24.20084,0,[33.001,61.00734]]],[35,[15.14186,19.95868,0,[32.001,58.14493]]],[73,[17.11315,25.66578,0,[33.001,60.01439]]],[150,[15.35778,22.77556,0,[33.001,62.0782]]],[60,[16.33701,22.88112,0,[32.001,59.06616]]],[88,[17.38763,25.77963,0,[33.001,60.95753]]],[59,[17.0497,23.72829,0,[32.001,59.18437]]],[46,[14.21507,21.22836,0,[32.001,57.95028]]],[87,[17.43003,25.96127,0,[32.001,59.99301]]],[149,[17.03147,23.95594,0,[33.001,61.81982]]],[33,[16.28054,21.5903,0,[32.001,57.97229]]],[134,[17.99299,24.76638,0,[33.001,61.08914]]],[44,[17.62156,23.83281,0,[32.001,58.82457]]],[58,[18.1661,24.9311,0,[32.001,59.80433]]],[119,[18.52558,25.14625,0,[33.001,60.85566]]],[163,[17.72026,22.05962,0,[33.001,62.0547]]],[103,[19.18322,25.73341,0,[33.001,60.13456]]],[38,[15.68796,16.25492,0,[32.001,57.88824]]],[45,[16.94749,22.80054,0,[32.001,58.08317]]],[148,[18.50653,25.3344,0,[33.001,61.96626]]],[30,[18.73969,24.70645,0,[32.001,59.03558]]],[133,[19.08577,26.01151,0,[33.001,61.21273]]],[118,[19.64535,26.57785,0,[33.001,60.76643]]],[32,[18.21309,22.33625,0,[32.001,58.72364]]],[43,[19.20691,25.02815,0,[32.001,59.65235]]],[153,[19.17248,19.95274,0,[33.001,62.30521]]],[147,[20.19731,27.41658,0,[33.001,61.21256]]],[117,[20.30583,27.33002,0,[33.001,60.12144]]],[29,[19.71247,25.82157,0,[32.001,59.03749]]],[132,[20.80801,28.24949,0,[33.001,60.78457]]],[161,[19.75113,25.12596,0,[33.001,61.88722]]],[72,[20.52337,26.11097,0,[32.001,59.72487]]],[31,[19.22301,24.30277,0,[32.001,58.32615]]],[18,[20.27774,25.31773,0,[32.001,58.72756]]],[172,[20.68711,25.58251,0,[33.001,61.99819]]],[160,[21.35331,26.89866,0,[33.001,60.96832]]],[102,[21.08294,25.52109,0,[32.001,59.98785]]],[37,[17.95499,17.58409,0,[32.001,57.76559]]],[42,[21.05989,26.50109,0,[32.001,58.8919]]],[101,[22.0765,27.85322,0,[33.001,61.08241]]],[183,[21.36783,26.56509,0,[33.001,62.05429]]],[28,[21.71773,26.85149,0,[32.001,58.9139]]],[19,[19.81495,25.03983,0,[32.001,57.92805]]],[146,[22.64989,29.15194,0,[33.001,61.00893]]],[86,[22.21341,27.75742,0,[32.001,59.93357]]],[171,[21.95318,26.14007,0,[33.001,62.1634]]],[56,[22.27082,27.56107,0,[32.001,58.84948]]],[131,[23.23443,29.06047,0,[33.001,60.5854]]],[54,[21.50133,16.48457,0,[32.001,57.90217]]],[71,[22.7588,27.22285,0,[32.001,59.3934]]],[157,[23.18252,31.05661,0,[33.001,61.74774]]],[182,[23.84315,30.53555,0,[33.001,61.03972]]],[100,[23.3064,28.24315,0,[32.001,59.93293]]],[17,[23.30212,27.20515,0,[32.001,58.81516]]],[22,[18.70487,21.30244,0,[32.001,57.90435]]],[170,[24.35115,30.24822,0,[33.001,60.44616]]],[168,[22.57693,28.13556,0,[33.001,62.09607]]],[41,[23.83881,28.34719,0,[32.001,59.32736]]],[20,[22.26373,23.0771,0,[32.001,57.7627]]],[116,[24.99317,29.8279,0,[33.001,60.0012]]],[10,[24.36473,26.4223,0,[32.001,58.94543]]],[177,[23.81493,28.43235,0,[33.001,62.15432]]],[8,[20.76233,26.3168,0,[32.001,57.96146]]],[180,[24.45641,30.92106,0,[33.001,61.65008]]],[115,[25.5247,32.22035,0,[33.001,60.79137]]],[7,[25.08938,29.20419,0,[32.001,59.68288]]],[152,[16.41799,21.06648,0,[33.001,62.17736]]],[159,[24.94365,30.0823,0,[33.001,61.09084]]],[40,[26.12269,30.634,0,[33.001,60.04554]]],[23,[24.96191,22.40589,0,[32.001,58.59686]]],[12,[25.60015,25.24692,0,[32.001,58.93314]]],[154,[25.0684,30.86671,0,[33.001,62.1804]]],[179,[26.10192,30.33488,0,[33.001,61.16144]]],[145,[26.63122,30.74599,0,[33.001,60.58205]]],[16,[26.17455,30.22851,0,[32.001,59.38284]]],[39,[25.39693,20.21553,0,[32.001,57.8951]]],[178,[27.18292,32.64669,0,[33.001,61.56565]]],[70,[27.20577,30.29395,0,[33.001,60.36985]]],[25,[26.16312,23.65703,0,[32.001,58.17371]]],[184,[25.6814,33.20298,0,[33.001,61.89817]]],[14,[23.74224,23.33726,0,[32.001,58.07094]]],[55,[27.43191,30.37253,0,[32.001,59.35925]]],[169,[27.77617,32.71573,0,[33.001,60.48068]]],[9,[26.77917,27.3196,0,[32.001,59.24603]]],[24,[24.38618,20.46929,0,[32.001,57.84977]]],[130,[28.00761,31.02822,0,[32.001,59.91435]]],[155,[28.41631,31.7778,0,[33.001,60.998]]],[0,[28.03508,29.80136,0,[32.001,58.79952]]],[174,[27.83409,26.83154,0,[33.001,61.69131]]],[167,[29.05796,35.21205,0,[33.001,60.96581]]],[27,[28.58647,31.66683,0,[32.001,59.69288]]],[156,[14.59222,16.04698,0,[33.001,62.15767]]],[4,[27.55116,26.3405,0,[32.001,58.11584]]],[5,[28.51599,26.48173,0,[32.001,58.25085]]],[158,[29.7719,33.18983,0,[33.001,60.11503]]],[11,[29.15133,28.10925,0,[32.001,59.04291]]],[176,[28.5957,24.87981,0,[33.001,62.05261]]],[175,[29.80685,32.87454,0,[33.001,61.20564]]],[1,[29.80564,30.59164,0,[32.001,59.34291]]],[15,[26.92518,23.62926,0,[32.001,58.16354]]],[173,[29.49529,30.38062,0,[33.001,62.12061]]],[26,[29.15475,23.28326,0,[32.001,57.94217]]],[143,[30.46321,37.40079,0,[33.001,60.43616]]],[3,[29.85824,28.34517,0,[32.001,58.21918]]],[2,[30.57149,29.36703,0,[32.001,59.60088]]],[164,[30.43148,31.13613,0,[33.001,61.64252]]],[165,[31.0973,33.59394,0,[33.001,61.01161]]],[21,[22.88582,24.36704,0,[32.001,58.07409]]],[13,[30.82675,27.03347,0,[32.001,58.43832]]],[166,[26.60951,33.94875,0,[33.001,61.81656]]],[85,[31.15709,32.51859,0,[32.001,59.99184]]],[6,[31.49256,31.03318,0,[32.001,58.78698]]],[181,[31.84233,29.42072,0,[33.001,61.26483]]],[162,[32.353,33.21845,0,[33.001,60.11975]]]
1:[114,[34.18624,68.30582,0,[88.001,60.41661]]],[129,[34.23511,68.37968,0,[88.001,61.56432]]],[99,[33.6859,67.31513,0,[87.001,59.29653]]],[113,[34.86788,69.45724,0,[88.001,60.58646]]],[98,[34.29005,68.45551,0,[87.001,59.41311]]],[84,[33.82289,67.44873,0,[87.001,58.18267]]],[144,[34.96052,68.78336,0,[88.001,61.68898]]],[83,[34.43598,68.49885,0,[87.001,58.17474]]],[112,[35.39762,70.50726,0,[88.001,60.01803]]],[97,[34.92306,69.54652,0,[87.001,58.91632]]],[127,[35.68325,70.73743,0,[88.001,60.96283]]],[128,[35.68634,69.61192,0,[88.001,62.05541]]],[111,[35.48035,70.58501,0,[87.001,59.9966]]],[82,[35.55165,69.79317,0,[87.001,58.90071]]],[68,[35.22089,68.9095,0,[87.001,57.95574]]],[126,[36.32475,71.7812,0,[88.001,61.00066]]],[96,[36.62819,71.69376,0,[88.001,60.08647]]],[142,[36.47531,70.70058,0,[88.001,62.05915]]],[67,[36.18112,69.88352,0,[87.001,58.99858]]],[110,[37.02227,72.73879,0,[88.001,61.50201]]],[95,[37.15764,72.77921,0,[88.001,60.41735]]],[69,[36.02567,67.83153,0,[87.001,57.93747]]],[81,[36.72532,70.90401,0,[87.001,59.26559]]],[109,[37.6955,73.75005,0,[88.001,60.87759]]],[66,[36.73375,70.91439,0,[87.001,58.09698]]],[80,[37.25379,71.98572,0,[87.001,59.77721]]],[125,[37.7646,73.18149,0,[88.001,61.96819]]],[65,[37.3799,71.94832,0,[87.001,58.69166]]],[124,[38.26723,74.13985,0,[88.001,60.60695]]],[94,[37.8321,72.88474,0,[87.001,59.41291]]],[140,[38.45041,72.94395,0,[88.001,61.66311]]],[78,[38.32518,74.06322,0,[87.001,59.97483]]],[79,[38.2308,72.91869,0,[87.001,58.54064]]],[52,[37.75162,70.36507,0,[87.001,57.88516]]],[108,[39.05317,74.83686,0,[88.001,60.98041]]],[64,[38.73061,73.27995,0,[87.001,59.21174]]],[93,[39.49629,75.05557,0,[88.001,60.31038]]],[141,[39.219,72.895,0,[88.001,62.02543]]],[123,[39.81863,75.31824,0,[88.001,61.56575]]],[63,[39.38269,74.38464,0,[87.001,59.34944]]],[51,[38.81038,71.6986,0,[87.001,58.04876]]],[122,[40.0681,76.37135,0,[88.001,60.53926]]],[62,[39.39538,75.17834,0,[87.001,58.23002]]],[77,[39.96607,75.11612,0,[87.001,59.48014]]],[92,[40.61531,76.09995,0,[88.001,60.72972]]],[137,[40.60864,76.39607,0,[88.001,61.97449]]],[50,[39.98615,73.17178,0,[87.001,58.22347]]],[76,[40.75414,76.5501,0,[87.31628,60]]],[107,[41.14149,75.95226,0,[88.001,61.26779]]],[49,[40.55576,73.61023,0,[87.001,58.83218]]],[91,[41.65952,77.16938,0,[88.001,60.51828]]],[48,[41.11205,74.61874,0,[87.001,59.33482]]],[151,[41.65924,76.75594,0,[88.001,61.89229]]],[53,[40.96742,69.86871,0,[87.001,58.07367]]],[121,[42.22417,77.60232,0,[88.001,61.12403]]],[106,[42.37932,77.18815,0,[88.001,60.08024]]],[61,[41.68927,76.50802,0,[87.001,59.05689]]],[139,[42.34869,74.80295,0,[88.001,62.20421]]],[34,[41.62463,74.92069,0,[87.001,57.96464]]],[90,[42.40815,77.28582,0,[87.001,59.59706]]],[135,[43.03842,78.43582,0,[88.001,60.70308]]],[75,[42.34149,77.27118,0,[87.001,58.44901]]],[136,[42.98603,77.44372,0,[88.001,61.84293]]],[105,[43.62899,78.08451,0,[88.001,60.01881]]],[120,[43.68348,78.63603,0,[88.001,61.10972]]],[74,[42.96767,78.40054,0,[87.001,58.97842]]],[36,[42.84912,73.1278,0,[87.001,57.89932]]],[89,[44.22164,79.53773,0,[88.001,60.10469]]],[138,[43.79473,76.03662,0,[88.001,62.19136]]],[47,[43.66894,76.34675,0,[87.001,59.01294]]],[104,[44.40088,79.2113,0,[88.001,61.1419]]],[35,[43.49507,75.07394,0,[87.001,57.97015]]],[73,[44.82696,80.67949,0,[88.001,60.06946]]],[150,[44.60874,78.1554,0,[88.001,62.16695]]],[60,[44.27345,77.91595,0,[87.001,58.98584]]],[88,[45.10379,80.79436,0,[88.001,61.00346]]],[59,[44.85019,78.76352,0,[87.001,59.19718]]],[46,[44.32631,77.00594,0,[87.001,57.89602]]],[87,[45.69671,81.97143,0,[88.001,60.04267]]],[149,[45.33186,79.00754,0,[88.001,62.02029]]],[33,[44.92342,76.89622,0,[87.001,58.08843]]],[134,[45.68693,79.83829,0,[88.001,61.13452]]],[44,[45.45704,78.88982,0,[87.001,58.9439]]],[58,[45.79371,79.96021,0,[87.001,59.81944]]],[119,[46.23787,80.1535,0,[88.001,60.92407]]],[163,[46.05087,77.42998,0,[88.001,62.04113]]],[103,[46.77275,80.74487,0,[88.001,60.44008]]],[38,[45.62325,72.58723,0,[87.001,57.88618]]],[45,[46.09304,78.25381,0,[87.001,58.61885]]],[148,[46.74685,80.48605,0,[88.001,61.71096]]],[30,[46.48674,79.76765,0,[87.001,59.40825]]],[133,[47.29681,81.12669,0,[88.001,60.9931]]],[118,[47.00784,80.69484,0,[87.001,59.96654]]],[32,[46.65607,77.64098,0,[87.001,58.07965]]],[43,[47.11656,80.1221,0,[87.001,58.88111]]],[153,[47.55482,75.35827,0,[88.001,62.00314]]],[147,[47.91973,82.44236,0,[88.001,61.00663]]],[117,[47.63645,81.33836,0,[87.001,59.99777]]],[29,[47.77481,80.85522,0,[87.001,58.92064]]],[132,[48.60078,83.2897,0,[88.001,61.11059]]],[161,[48.2871,80.25388,0,[88.001,62.08675]]],[72,[48.79189,82.14671,0,[88.001,60.06895]]],[31,[47.50423,79.38468,0,[87.001,57.95161]]],[18,[48.33266,80.4389,0,[87.001,59.02399]]],[172,[49.04994,80.70926,0,[88.001,62.07582]]],[160,[49.32547,81.96558,0,[88.001,61.06903]]],[102,[48.88252,80.55751,0,[87.001,59.99733]]],[37,[48.40288,73.27156,0,[87.001,57.92374]]],[42,[48.92816,81.53607,0,[87.001,58.90324]]],[57,[49.46537,81.6704,0,[87.001,59.91405]]],[101,[49.97365,83.03835,0,[88.001,61.01865]]],[183,[49.78554,81.73789,0,[88.001,62.05978]]],[28,[49.54806,81.88557,0,[87.001,58.83077]]],[19,[49.15783,80.44991,0,[87.001,57.88861]]],[146,[50.53082,84.20598,0,[88.001,60.76608]]],[86,[50.03713,82.79006,0,[87.001,59.6587]]],[171,[50.57002,81.68338,0,[88.001,61.8882]]],[56,[50.30898,82.66047,0,[87.001,58.69293]]],[131,[51.09171,84.08484,0,[88.001,60.7791]]],[54,[49.8767,71.57248,0,[87.001,57.93546]]],[71,[50.63691,82.25095,0,[87.001,59.64417]]],[157,[51.29246,86.16712,0,[88.001,61.95811]]],[182,[51.66127,85.58892,0,[88.001,61.0498]]],[100,[51.17422,83.25903,0,[87.001,59.95518]]],[17,[51.09825,82.30957,0,[87.001,58.8314]]],[22,[50.73494,78.42121,0,[87.001,57.97281]]],[170,[52.19806,85.27631,0,[88.001,60.58662]]],[168,[52.05155,83.40981,0,[88.001,61.84341]]],[41,[51.6765,83.39122,0,[87.001,59.3145]]],[20,[51.56042,78.61754,0,[87.001,58.09448]]],[116,[52.72968,84.84802,0,[88.001,60.28678]]],[10,[52.28155,81.50031,0,[87.001,59.16637]]],[177,[52.63507,83.93511,0,[88.001,61.75251]]],[8,[52.30219,83.11806,0,[87.001,58.05136]]],[180,[53.13486,86.42017,0,[88.001,61.14218]]],[115,[53.35712,87.29522,0,[88.001,60.11262]]],[7,[52.85378,84.23678,0,[87.001,59.02337]]],[152,[53.52876,81.40198,0,[88.001,62.03405]]],[159,[53.81375,85.27169,0,[88.001,61.04443]]],[40,[54.00328,85.64615,0,[88.001,60.00737]]],[23,[53.03395,77.46091,0,[87.001,57.96678]]],[12,[53.46872,80.31742,0,[87.001,58.90682]]],[154,[54.28013,86.2466,0,[88.001,62.03203]]],[179,[54.48507,85.37385,0,[88.001,61.0149]]],[145,[54.10167,84.79359,0,[87.001,59.91726]]],[16,[54.11558,85.25892,0,[87.001,58.82162]]],[39,[53.75699,75.57075,0,[87.001,57.9372]]],[178,[55.0752,87.79156,0,[88.001,61.01003]]],[70,[54.68767,84.33427,0,[87.001,59.95422]]],[25,[54.72372,78.86024,0,[87.001,58.8642]]],[184,[55.08223,88.68884,0,[88.001,62.10231]]],[14,[54.49509,79.32793,0,[87.001,57.8602]]],[55,[55.75901,86.4062,0,[88.001,60.25199]]],[169,[55.65872,87.74691,0,[88.001,61.34118]]],[9,[55.27295,82.39595,0,[87.001,59.14852]]],[24,[55.20552,77.36771,0,[87.001,58.01374]]],[130,[56.32798,87.05145,0,[88.001,60.04588]]],[155,[56.36005,86.83759,0,[88.001,61.13742]]],[0,[55.83394,84.81665,0,[87.001,58.97998]]],[174,[56.08765,81.9493,0,[88.001,62.11147]]],[167,[56.90672,90.27151,0,[88.001,60.7721]]],[27,[56.36171,86.68504,0,[87.001,59.67778]]],[156,[56.91262,77.17896,0,[88.001,61.88984]]],[4,[55.90088,81.4305,0,[87.001,57.87752]]],[5,[56.41095,81.5566,0,[87.001,58.55611]]],[158,[57.41861,88.24166,0,[88.001,60.35262]]],[11,[56.99215,83.18777,0,[87.001,59.15686]]],[176,[57.54466,80.26596,0,[88.001,61.68459]]],[175,[57.95588,87.99049,0,[88.001,60.80293]]],[1,[57.50636,85.60583,0,[87.001,59.61526]]],[15,[56.91076,79.83672,0,[87.001,58.00597]]],[173,[58.28674,85.56747,0,[88.001,61.76149]]],[26,[57.53367,78.49129,0,[87.001,58.25325]]],[143,[58.53343,92.43998,0,[88.001,60.41991]]],[3,[58.02037,83.45986,0,[87.001,59.04471]]],[2,[58.54894,84.39083,0,[87.001,59.50079]]],[164,[58.9505,86.26614,0,[88.001,61.75325]]],[165,[59.20473,88.63626,0,[88.001,60.62099]]],[21,[58.46219,83.53816,0,[87.001,58.15026]]],[13,[59.08698,82.13026,0,[87.001,58.69649]]],[166,[59.74221,90.82653,0,[88.001,61.40466]]],[85,[59.77255,88.42773,0,[87.87659,59.99998]]],[6,[59.78017,86.06395,0,[87.001,58.87991]]],[181,[60.43624,84.53386,0,[88.001,61.00032]]],[162,[60.31689,87.25526,0,[87.001,59.81944]]]

Travel Distances:
[114,91.93044],[129,91.8903],[99,91.94196],[113,91.71385],[98,91.86543],[84,91.78589],[144,92.7997],[83,93.5556],[112,93.70906],[97,93.69077],[127,93.34771],[128,92.14458],[111,95.56522],[82,94.63474],[68,94.38125],[126,95.04388],[96,94.42337],[142,93.6656],[67,95.4942],[110,96.61999],[95,96.45386],[69,93.73013],[81,95.42638],[109,96.33846],[66,95.35019],[80,95.43622],[125,97.57893],[65,97.17726],[124,97.57613],[94,97.21411],[140,95.98965],[78,97.40969],[79,98.44385],[52,96.80023],[108,98.71145],[64,97.78905],[93,98.06089],[141,96.39512],[123,97.62788],[63,99.60564],[51,98.02148],[122,100.2306],[62,100.3593],[77,99.16354],[92,98.85048],[137,99.17024],[50,99.04814],[76,100.9911],[107,99.63725],[49,98.4908],[91,99.78359],[48,98.35397],[151,99.26226],[53,93.87797],[121,101.064],[106,100.3981],[61,101.0884],[139,97.59224],[34,99.56933],[90,102.4414],[135,102.3239],[75,102.5787],[136,100.9091],[105,100.7906],[120,101.1807],[74,102.4256],[36,99.33718],[89,103.0693],[138,99.81413],[47,100.9618],[104,102.2181],[35,99.93195],[73,102.9457],[150,102.3644],[60,103.3302],[88,104.2979],[59,103.0348],[46,102.3156],[87,104.4644],[149,101.8537],[33,100.9726],[134,102.0977],[44,103.9423],[58,104.162],[119,103.3107],[163,100.6419],[103,102.8942],[38,99.25655],[45,104.0365],[148,104.4442],[30,104.6887],[133,104.2439],[118,104.5517],[32,102.1407],[43,103.7383],[153,97.75231],[147,106.2452],[117,105.9399],[29,105.1872],[132,105.9428],[161,103.3011],[72,104.4477],[31,104.2582],[18,105.6468],[172,104.2551],[160,105.136],[102,104.6719],[37,98.30059],[42,105.5802],[57,106.6667],[101,106.9609],[183,105.8367],[28,106.7034],[19,105.9788],[146,107.0405],[86,106.6722],[171,104.2059],[56,107.975],[131,107.8073],[54,97.64816],[71,106.9404],[157,109.2098],[182,108.1189],[100,106.8131],[17,106.0415],[22,104.8204],[170,108.8012],[168,106.9284],[41,107.9182],[20,103.3532],[116,107.268],[10,104.9024],[177,108.1985],[8,108.456],[180,109.8381],[115,110.4772],[7,108.4821],[152,104.0056],[159,107.4562],[40,109.5175],[23,103.3019],[12,105.2932],[154,109.3221],[179,108.2701],[145,108.4685],[16,110.8999],[39,101.9482],[178,111.5275],[70,108.8659],[25,103.3129],[184,112.2864],[14,104.2208],[55,108.8391],[169,110.2715],[9,105.7993],[24,102.7913],[130,110.3202],[155,110.0044],[0,109.0968],[174,105.2977],[167,114.3367],[27,111.8737],[156,101.1225],[4,107.4816],[5,106.6888],[158,111.3365],[11,107.1701],[176,102.9466],[175,111.9983],[1,110.5546],[15,105.8567],[173,108.7142],[26,103.299],[143,115.2746],[3,107.4074],[2,109.1363],[164,110.0672],[165,112.1226],[21,108.5573],[13,105.9198],[166,113.1732],[85,110.746],[6,110.4764],[181,107.4518],[162,110.592]

Finish Times:
[114,47.2007],[129,47.2807],[99,47.3607],[113,47.84071],[98,47.88071],[84,47.92072],[144,48.08072],[83,48.40073],[112,48.40073],[97,48.56073],[127,48.72073],[128,48.92074],[111,49.00074],[82,49.24075],[68,49.32075],[126,49.36075],[96,49.68076],[142,49.72076],[67,50.00076],[110,50.12077],[95,50.16077],[69,50.36077],[81,50.36077],[109,50.72078],[66,50.80078],[80,50.80078],[125,51.04079],[65,51.20079],[124,51.28079],[94,51.4408],[140,51.5608],[78,51.84081],[79,52.04081],[52,52.08081],[108,52.08081],[64,52.40082],[93,52.48082],[141,52.48082],[123,52.88083],[63,52.96083],[51,53.08083],[122,53.08083],[62,53.24084],[77,53.56084],[92,53.60085],[137,53.72085],[50,54.08086],[76,54.12086],[107,54.16086],[49,54.24086],[91,54.68087],[48,54.76087],[151,54.88087],[53,54.92088],[121,55.28088],[106,55.40089],[61,55.44089],[139,55.76089],[34,55.8809],[90,56.0009],[135,56.0409],[75,56.24091],[136,56.36091],[105,56.68092],[120,56.72092],[74,56.76092],[36,57.20093],[89,57.24093],[138,57.24093],[47,57.36093],[104,57.48093],[35,57.60094],[73,57.88094],[150,58.00095],[60,58.08095],[88,58.24095],[59,58.48096],[46,58.68096],[87,58.76096],[149,58.84097],[33,58.92097],[134,58.92097],[44,59.16097],[58,59.44098],[119,59.44098],[163,59.64098],[103,59.92099],[38,59.96099],[45,59.96099],[148,60.12099],[30,60.161],[133,60.441],[118,60.60101],[32,60.84101],[43,60.92101],[153,60.92101],[147,61.08102],[117,61.28102],[29,61.68103],[132,61.72103],[161,61.72103],[72,61.84103],[31,61.88103],[18,62.04104],[172,62.36105],[160,62.40105],[102,62.52105],[37,62.64105],[42,62.76105],[57,63.00106],[101,63.08106],[183,63.24107],[28,63.32107],[19,63.44107],[146,63.56107],[86,63.60107],[171,63.84108],[56,64.12109],[131,64.12109],[54,64.20109],[71,64.24109],[157,64.6811],[182,64.7211],[100,64.7611],[17,64.8811],[22,65.00111],[170,65.24111],[168,65.32111],[41,65.40112],[20,65.68112],[116,65.80112],[10,65.84113],[177,66.12113],[8,66.16113],[180,66.32114],[115,66.40114],[7,66.52114],[152,66.92115],[159,66.92115],[40,67.08115],[23,67.12115],[12,67.24116],[154,67.56116],[179,67.56116],[145,67.76117],[16,68.00117],[39,68.12118],[178,68.16118],[70,68.24118],[25,68.48119],[184,68.48119],[14,68.76119],[55,68.76119],[169,68.84119],[9,68.8812],[24,69.2412],[130,69.36121],[155,69.44121],[0,69.56121],[174,69.60121],[167,69.96122],[27,70.00122],[156,70.16122],[4,70.32123],[5,70.32123],[158,70.48123],[11,70.72124],[176,70.72124],[175,71.00124],[1,71.08125],[15,71.32125],[173,71.48125],[26,71.52126],[143,71.56126],[3,71.68126],[2,72.20127],[164,72.20127],[165,72.24127],[21,72.40128],[13,72.80128],[166,72.84129],[85,72.92129],[6,73.4813],[181,73.5213],[162,73.88131]

Stuck Times:
[114,0],[129,0],[99,0],[113,0],[98,0],[84,0],[144,0],[83,0],[112,0],[97,0],[127,0],[128,0],[111,0],[82,0],[68,0],[126,0],[96,0],[142,0],[67,0],[110,0],[95,0],[69,2],[81,0],[109,0],[66,0],[80,0],[125,0],[65,1],[124,0],[94,1],[140,0],[78,0],[79,0],[52,2],[108,1],[64,1],[93,2],[141,2],[123,1],[63,2],[51,3],[122,2],[62,0],[77,2],[92,2],[137,1],[50,1],[76,3],[107,4],[49,3],[91,4],[48,4],[151,2],[53,5],[121,4],[106,5],[61,3],[139,4],[34,4],[90,5],[135,4],[75,4],[136,5],[105,5],[120,6],[74,5],[36,9],[89,6],[138,4],[47,7],[104,6],[35,7],[73,5],[150,5],[60,7],[88,5],[59,6],[46,5],[87,5],[149,6],[33,8],[134,7],[44,6],[58,6],[119,7],[163,8],[103,6],[38,10],[45,8],[148,7],[30,7],[133,6],[118,7],[32,9],[43,7],[153,10],[147,8],[117,6],[29,8],[132,6],[161,9],[72,10],[31,9],[18,9],[172,9],[160,9],[102,12],[37,14],[42,9],[57,9],[101,8],[183,11],[28,11],[19,10],[146,10],[86,10],[171,10],[56,11],[131,10],[54,16],[71,11],[157,7],[182,10],[100,10],[17,12],[22,13],[170,10],[168,8],[41,12],[20,14],[116,10],[10,14],[177,12],[8,12],[180,12],[115,9],[7,13],[152,16],[159,11],[40,13],[23,16],[12,16],[154,8],[179,14],[145,13],[16,13],[39,18],[178,12],[70,15],[25,17],[184,10],[14,16],[55,13],[169,13],[9,16],[24,20],[130,14],[155,17],[0,17],[174,18],[167,10],[27,15],[156,22],[4,16],[5,18],[158,16],[11,19],[176,17],[175,14],[1,17],[15,20],[173,17],[26,21],[143,13],[3,21],[2,21],[164,16],[165,16],[21,19],[13,21],[166,13],[85,18],[6,20],[181,21],[162,18]

