Experiment Name: Custom-LimitedOverflow
Method Used: PathFollowingLowerNumberOfPaths
Run Number: 7
Preparation Time: 0.0003ms
Pathfinding Time: 2.8937ms
Finish Time: 76.12136ms
Finish Time 90%: 72.36127ms
Repaths: 0
Soft Repaths: 0

Gates Data:
0:[114,[6.649698,13.29568,0,[33.001,60.53731]]],[99,[6.144821,12.2827,0,[32.001,59.29713]]],[113,[7.244769,14.42391,0,[33.001,60.42231]]],[84,[6.17404,12.30469,0,[32.001,58.09459]]],[129,[6.669375,13.332,0,[33.001,61.7667]]],[98,[6.729311,13.37884,0,[32.001,59.30748]]],[128,[7.289371,14.48319,0,[33.001,61.53945]]],[112,[7.324848,14.54952,0,[32.001,59.99436]]],[127,[7.843961,15.57172,0,[33.001,61.12278]]],[144,[7.63758,13.44123,0,[33.001,62.4344]]],[97,[7.302802,14.44697,0,[32.001,58.88544]]],[111,[8.444313,16.68448,0,[33.001,60.60272]]],[142,[8.208624,15.57054,0,[33.001,61.99822]]],[96,[7.920595,15.53471,0,[32.001,59.36953]]],[110,[9.022492,17.85937,0,[33.001,60.11237]]],[126,[8.893217,16.64416,0,[33.001,61.2824]]],[81,[8.546664,15.83205,0,[32.001,58.99613]]],[83,[6.752323,13.40923,0,[32.001,58.18562]]],[140,[9.460313,17.69749,0,[33.001,61.18935]]],[125,[9.630313,17.74031,0,[33.001,60.13823]]],[82,[7.852308,14.68292,0,[32.001,58.17818]]],[95,[9.136337,16.79314,0,[32.001,59.02434]]],[141,[8.840035,16.6307,0,[33.001,62.38926]]],[109,[10.20011,18.87507,0,[33.001,60.93285]]],[94,[9.732031,17.67219,0,[32.001,59.72377]]],[80,[9.18517,16.97005,0,[32.001,57.92397]]],[108,[10.82456,19.96373,0,[33.001,60.07119]]],[123,[10.83042,19.93536,0,[33.001,61.18715]]],[68,[7.263891,13.51743,0,[32.001,57.7602]]],[79,[10.62544,18.00456,0,[32.001,59.09316]]],[107,[11.39683,21.04585,0,[33.001,60.83823]]],[93,[11.09195,19.00506,0,[32.001,59.79034]]],[66,[10.05666,16.14095,0,[32.001,58.82928]]],[124,[10.31331,18.82104,0,[33.001,62.16541]]],[69,[9.751148,13.18842,0,[32.001,57.91299]]],[138,[11.5294,19.72812,0,[33.001,61.97979]]],[92,[12.1534,21.17546,0,[33.001,60.96745]]],[78,[11.75481,19.58968,0,[32.001,59.72117]]],[65,[11.27974,17.8472,0,[32.001,58.5197]]],[77,[12.73177,21.6999,0,[33.001,60.28569]]],[152,[12.80429,20.47163,0,[33.001,61.43547]]],[53,[10.66133,14.93092,0,[32.001,57.95166]]],[64,[12.58559,18.76483,0,[32.001,59.35392]]],[106,[13.24291,22.38242,0,[33.001,60.75951]]],[62,[13.1346,21.11338,0,[32.001,59.94988]]],[51,[12.09139,17.26493,0,[32.001,58.8479]]],[63,[13.19904,20.05132,0,[32.001,58.80424]]],[67,[8.490612,15.11357,0,[32.001,57.89207]]],[122,[12.22274,21.09892,0,[33.001,62.22069]]],[76,[14.34865,23.15342,0,[33.001,60.64048]]],[61,[13.71006,22.25058,0,[32.001,59.40208]]],[49,[12.57901,18.91368,0,[32.001,58.04441]]],[75,[14.35284,22.53967,0,[32.001,59.88583]]],[91,[13.81494,22.7792,0,[33.001,61.11035]]],[50,[14.4502,19.53795,0,[32.001,58.74946]]],[90,[15.47876,23.40671,0,[33.001,60.65678]]],[48,[14.98029,21.64316,0,[32.001,59.4072]]],[121,[14.93048,22.42881,0,[33.001,61.11259]]],[47,[16.04826,23.90075,0,[33.001,60.09416]]],[54,[11.88075,14.58087,0,[32.001,57.83292]]],[37,[15.57476,19.2938,0,[32.001,58.95732]]],[136,[14.34073,22.27522,0,[33.001,62.01206]]],[38,[14.94988,18.29512,0,[32.001,58.08294]]],[104,[16.6834,24.61463,0,[33.001,60.58791]]],[105,[16.20938,23.75197,0,[33.001,61.16277]]],[46,[16.10572,23.60044,0,[32.001,59.42106]]],[52,[13.96698,17.27071,0,[32.001,58.21146]]],[45,[17.22569,25.66899,0,[33.001,60.15991]]],[120,[15.67295,23.7177,0,[33.001,61.84071]]],[31,[17.29972,25.26935,0,[32.001,59.0454]]],[39,[13.44722,16.45641,0,[32.001,57.81614]]],[119,[17.82559,25.80556,0,[33.001,60.22052]]],[135,[17.37176,24.48739,0,[33.001,61.26494]]],[89,[17.91554,23.92968,0,[32.001,59.86758]]],[35,[16.68923,21.10456,0,[32.001,59.04483]]],[134,[18.48395,25.76008,0,[33.001,60.96932]]],[151,[16.8782,22.31338,0,[33.001,61.79533]]],[33,[18.44559,23.79539,0,[32.001,59.3837]]],[103,[19.0175,26.03511,0,[33.001,60.6488]]],[34,[17.85665,22.85493,0,[32.001,58.75726]]],[32,[18.98359,25.09423,0,[32.001,58.92165]]],[60,[19.57956,24.55862,0,[33.001,60.01413]]],[149,[17.97729,24.71917,0,[33.001,61.39912]]],[36,[16.18852,19.97859,0,[32.001,58.18959]]],[153,[16.36312,19.59954,0,[33.001,62.22632]]],[88,[19.72355,26.3471,0,[33.001,61.08316]]],[23,[18.3977,22.74594,0,[32.001,58.0863]]],[59,[19.66868,25.0828,0,[32.001,59.70406]]],[74,[20.78095,25.89173,0,[33.001,60.27363]]],[118,[19.16425,26.13449,0,[33.001,61.8827]]],[139,[10.9139,18.78607,0,[33.001,62.28762]]],[21,[20.27892,24.57357,0,[32.001,58.98694]]],[132,[20.28893,28.30528,0,[33.001,60.94272]]],[15,[17.54455,21.08845,0,[32.001,57.8385]]],[58,[20.80924,26.24013,0,[32.001,59.47857]]],[137,[13.75553,21.02191,0,[33.001,62.27488]]],[102,[20.92849,28.09071,0,[33.001,61.56342]]],[86,[21.41856,28.93026,0,[33.001,60.54924]]],[25,[19.54496,21.4988,0,[32.001,58.555]]],[44,[21.42757,25.45515,0,[32.001,59.21374]]],[73,[21.97681,27.30563,0,[33.001,60.29605]]],[117,[22.0997,28.85179,0,[33.001,61.36778]]],[148,[18.59985,26.45443,0,[33.001,62.09034]]],[101,[22.59212,29.87881,0,[33.001,60.40047]]],[14,[19.05699,22.58447,0,[32.001,57.81457]]],[43,[22.0583,26.30248,0,[32.001,59.29006]]],[22,[20.99684,24.13008,0,[32.001,58.44257]]],[133,[21.53246,28.23755,0,[33.001,61.62022]]],[155,[9.764211,16.89933,0,[33.001,62.1082]]],[87,[22.71648,27.59569,0,[32.001,59.71063]]],[116,[22.87469,31.33504,0,[33.001,61.35479]]],[26,[15.64109,18.83891,0,[32.001,57.85391]]],[115,[23.45281,32.84879,0,[33.001,60.69939]]],[150,[15.10118,22.78471,0,[33.001,62.17461]]],[72,[23.30026,26.88329,0,[32.001,59.13655]]],[170,[23.69097,30.63703,0,[33.001,61.70104]]],[145,[24.79393,34.86923,0,[33.001,60.82636]]],[146,[24.20127,33.45784,0,[33.001,61.04479]]],[30,[22.58755,27.01638,0,[32.001,58.63296]]],[12,[20.07332,24.67094,0,[32.001,57.93226]]],[100,[23.70343,30.48681,0,[32.001,59.93809]]],[131,[22.47602,31.52834,0,[33.001,62.18915]]],[181,[25.57028,36.15691,0,[33.001,60.2172]]],[71,[24.55701,28.85388,0,[32.001,59.81652]]],[179,[24.86344,32.23456,0,[33.001,62.04832]]],[18,[24.06062,27.5877,0,[32.001,59.00962]]],[20,[21.75557,26.65905,0,[32.001,58.32269]]],[180,[25.47882,34.15581,0,[33.001,61.30968]]],[169,[25.60542,36.10983,0,[32.001,59.90149]]],[19,[25.49772,27.30025,0,[32.001,58.82715]]],[11,[23.141,26.24684,0,[32.001,57.99733]]],[130,[26.70861,36.36806,0,[33.001,60.01546]]],[182,[24.31317,29.74939,0,[33.001,62.20441]]],[183,[26.17585,32.36918,0,[33.001,60.99376]]],[41,[26.09435,29.01318,0,[32.001,58.87662]]],[13,[21.33676,23.87532,0,[32.001,57.59305]]],[173,[27.37778,30.31943,0,[33.001,61.16177]]],[178,[27.36862,39.27219,0,[33.001,60.04722]]],[171,[26.18576,29.21213,0,[33.001,62.09078]]],[42,[24.91706,28.12784,0,[32.001,58.97514]]],[184,[26.78584,38.21258,0,[33.001,61.13212]]],[57,[27.934,30.04851,0,[33.001,60.11605]]],[40,[27.25063,31.28977,0,[32.001,58.9915]]],[177,[26.81712,27.8865,0,[33.001,62.29502]]],[167,[27.97903,35.80714,0,[33.001,61.22863]]],[24,[16.837,20.62847,0,[32.001,57.94768]]],[168,[28.51589,40.54231,0,[33.001,60.85765]]],[154,[13.20385,17.81201,0,[33.001,62.17037]]],[29,[27.89689,27.88678,0,[32.001,59.45988]]],[70,[29.02366,33.59155,0,[33.001,60.16388]]],[176,[29.26492,35.1309,0,[33.001,61.29545]]],[5,[22.2392,24.66797,0,[32.001,57.77522]]],[16,[27.85253,31.53468,0,[32.001,58.25404]]],[56,[29.72249,32.07259,0,[33.001,60.43861]]],[174,[27.63545,25.28132,0,[33.001,62.16828]]],[27,[28.55687,31.4965,0,[32.001,59.0332]]],[156,[28.89873,26.05027,0,[33.001,62.1548]]],[17,[25.64854,27.54715,0,[32.001,57.77194]]],[10,[29.23867,28.10967,0,[32.001,58.09544]]],[55,[29.92912,32.69133,0,[32.001,59.706]]],[158,[30.30808,39.49243,0,[33.001,61.00359]]],[0,[29.25378,31.07444,0,[32.001,59.26395]]],[166,[29.85259,31.26803,0,[33.001,61.87275]]],[157,[30.9838,32.59277,0,[33.001,60.79612]]],[163,[30.7433,28.82682,0,[33.001,62.04103]]],[4,[30.6647,33.53408,0,[32.001,59.50387]]],[85,[26.68225,30.83553,0,[32.001,58.93581]]],[28,[26.38523,28.28642,0,[32.001,57.88541]]],[161,[19.76288,25.40637,0,[33.001,62.19504]]],[172,[31.98118,31.71959,0,[33.001,61.30452]]],[1,[29.99512,29.69915,0,[32.001,58.40065]]],[8,[28.40824,27.81808,0,[32.001,57.95452]]],[162,[21.84181,23.49236,0,[33.001,62.51931]]],[147,[20.45196,28.24592,0,[33.001,62.12149]]],[165,[31.35611,30.56659,0,[32.001,59.89484]]],[3,[30.89342,31.50896,0,[32.001,58.32296]]],[9,[27.15165,27.41866,0,[32.001,57.89301]]],[160,[25.5313,27.60048,0,[33.001,62.41597]]],[159,[23.25927,29.44789,0,[33.001,62.39315]]],[6,[24.92756,24.22736,0,[32.001,57.86633]]],[7,[24.33944,29.09223,0,[32.001,58.04668]]],[2,[31.7893,30.41675,0,[32.001,58.73288]]],[164,[17.70619,21.51655,0,[33.001,62.37676]]],[175,[34.96885,33.71267,0,[33.001,60.00056]]],[143,[28.34772,23.86686,0,[33.001,62.23398]]]
1:[114,[34.19011,68.36185,0,[88.001,60.97739]]],[99,[33.65652,67.29966,0,[87.001,59.52199]]],[113,[34.7505,69.43159,0,[88.001,60.1486]]],[84,[33.8105,67.47242,0,[87.001,58.15866]]],[129,[34.64209,68.7646,0,[88.001,61.94584]]],[98,[34.29541,68.4426,0,[87.001,58.79983]]],[128,[35.0628,69.74812,0,[88.001,61.20885]]],[112,[34.87525,69.58302,0,[87.001,59.53334]]],[127,[35.55964,70.62834,0,[88.001,60.69616]]],[144,[35.61913,68.87888,0,[88.001,62.08937]]],[97,[34.97457,69.67162,0,[87.001,58.26009]]],[111,[36.14302,71.70419,0,[88.001,60.18085]]],[142,[36.22473,70.77322,0,[88.001,61.31343]]],[96,[35.59226,70.62722,0,[87.001,59.07666]]],[110,[36.71131,73.01309,0,[88.001,60.34631]]],[126,[36.56531,71.74226,0,[88.001,62.18236]]],[81,[36.30329,71.20354,0,[87.001,59.16486]]],[83,[35.61509,68.95697,0,[87.001,57.9635]]],[140,[37.02326,72.7122,0,[88.001,61.37565]]],[125,[37.36971,72.75314,0,[88.001,60.22005]]],[82,[36.47685,70.05853,0,[87.001,57.98965]]],[95,[36.87415,71.8905,0,[87.001,58.9816]]],[141,[37.53789,72.77567,0,[88.001,62.20456]]],[109,[37.8131,73.89143,0,[88.001,61.07903]]],[94,[37.50313,72.73824,0,[87.001,59.6503]]],[80,[37.37115,72.52814,0,[87.001,58.17192]]],[108,[38.47616,74.99578,0,[88.001,60.76498]]],[123,[38.4073,74.9841,0,[88.001,62.07258]]],[68,[37.93893,70.6509,0,[87.001,58.5129]]],[79,[38.21876,73.13538,0,[87.001,59.67117]]],[107,[39.0358,76.07294,0,[88.001,61.19546]]],[93,[39.34158,75.05466,0,[88.001,60.26444]]],[66,[38.74445,71.73233,0,[87.001,59.09187]]],[124,[39.1062,74.03938,0,[88.001,62.33176]]],[69,[38.61143,69.1377,0,[87.001,58.00802]]],[138,[39.68138,74.96888,0,[88.001,62.14993]]],[92,[39.93252,76.28849,0,[88.001,61.15813]]],[78,[39.98684,75.79661,0,[88.001,60.05182]]],[65,[39.39733,73.15481,0,[87.001,58.9681]]],[77,[40.5764,76.75153,0,[88.001,60.63492]]],[152,[40.51606,75.64396,0,[88.001,61.89505]]],[53,[39.42815,70.43739,0,[87.001,57.86774]]],[64,[40.18368,73.87,0,[87.001,59.40929]]],[106,[41.16452,77.42985,0,[88.001,61.52819]]],[62,[41.29481,77.16022,0,[88.001,60.36047]]],[51,[40.20755,72.51253,0,[87.001,58.19736]]],[63,[41.03896,75.46473,0,[87.001,59.31751]]],[67,[40.78316,72.67003,0,[87.001,58.23501]]],[122,[41.70604,77.34332,0,[88.001,62.07854]]],[76,[41.95699,78.26799,0,[88.001,60.73893]]],[61,[41.6954,77.30415,0,[87.001,59.44195]]],[49,[41.51707,75.00854,0,[87.001,58.20796]]],[75,[42.56891,78.60205,0,[88.001,60.42401]]],[91,[42.39474,78.11563,0,[88.001,61.7525]]],[50,[42.24824,74.66113,0,[87.001,58.95983]]],[90,[43.15106,78.52137,0,[88.001,60.94371]]],[48,[42.77018,76.70045,0,[87.001,59.60082]]],[121,[43.25647,77.68192,0,[88.001,62.15024]]],[47,[43.72556,78.96416,0,[88.001,60.77125]]],[54,[42.62375,71.98434,0,[87.001,58.11686]]],[37,[43.41853,74.67532,0,[87.001,59.46017]]],[136,[43.9673,78.01701,0,[88.00047,62]]],[38,[43.33282,73.70496,0,[87.001,58.23335]]],[104,[44.3384,79.72635,0,[88.001,60.53609]]],[105,[44.57883,78.96888,0,[88.001,61.7313]]],[46,[44.25417,78.66829,0,[87.001,59.54851]]],[52,[44.02237,74.67641,0,[87.001,58.40004]]],[45,[45.0592,80.72806,0,[88.001,60.69935]]],[120,[45.10925,79.60954,0,[88.001,62.07378]]],[31,[44.90565,80.28367,0,[87.001,59.37042]]],[39,[44.60988,73.90592,0,[87.001,58.22441]]],[119,[45.76505,80.9038,0,[88.001,60.33838]]],[135,[45.66969,79.5905,0,[88.001,61.56075]]],[89,[45.63305,79.02121,0,[87.001,59.10301]]],[35,[45.24266,76.35709,0,[87.001,58.13545]]],[134,[46.33571,81.08675,0,[88.001,60.50684]]],[151,[46.4231,77.96459,0,[88.001,61.83422]]],[33,[46.34102,78.91576,0,[87.001,59.65335]]],[103,[46.9254,81.23021,0,[88.001,60.96101]]],[34,[46.41248,78.00494,0,[87.001,58.41467]]],[32,[47.00626,80.36279,0,[87.001,59.22373]]],[60,[47.74109,79.63365,0,[88.001,60.26615]]],[149,[47.43236,80.73885,0,[88.001,61.67516]]],[36,[46.95643,75.42931,0,[87.0007,58]]],[153,[48.00949,76.21236,0,[88.001,61.72889]]],[88,[48.26702,81.65392,0,[88.001,60.48494]]],[23,[47.56708,78.16005,0,[87.001,58.20208]]],[59,[47.84854,80.24565,0,[87.001,59.16739]]],[74,[48.24726,79.99612,0,[87.001,59.93818]]],[118,[48.64173,81.57121,0,[88.001,61.29055]]],[139,[48.53922,74.65737,0,[88.001,62.37531]]],[21,[48.47713,79.89726,0,[87.001,58.86594]]],[132,[49.13527,83.37812,0,[88.001,60.7976]]],[15,[48.17998,77.72307,0,[87.001,57.92123]]],[58,[48.85262,81.39188,0,[87.001,59.70085]]],[137,[49.24273,78.02645,0,[88.001,62.23321]]],[102,[49.62158,83.16694,0,[88.001,61.35603]]],[86,[49.87563,83.96375,0,[88.001,60.35112]]],[25,[48.86232,76.89312,0,[87.001,58.05101]]],[44,[49.32744,80.69627,0,[87.001,59.00411]]],[73,[49.8114,81.38529,0,[87.001,59.5563]]],[117,[50.3528,83.9355,0,[88.001,61.12468]]],[148,[50.07118,82.76381,0,[88.001,62.20846]]],[101,[50.80986,84.89896,0,[88.001,60.15567]]],[14,[49.48196,78.71971,0,[87.001,57.93998]]],[43,[50.32023,81.55071,0,[87.001,58.96658]]],[22,[50.07091,79.60703,0,[87.001,57.98453]]],[133,[51.0132,83.99133,0,[88.001,61.20024]]],[155,[50.89239,76.38377,0,[88.001,62.28685]]],[87,[50.90321,82.62981,0,[87.001,59.65355]]],[116,[51.52188,86.7117,0,[88.001,60.81442]]],[26,[50.94948,78.4975,0,[87.001,58.48859]]],[115,[52.05041,87.96716,0,[88.001,60.16243]]],[150,[51.72237,80.73207,0,[88.001,62.21809]]],[72,[51.47182,82.10902,0,[87.001,59.05215]]],[170,[52.03476,85.96906,0,[88.001,61.28506]]],[145,[52.66462,89.91274,0,[88.001,60.17898]]],[146,[52.60817,88.52003,0,[88.001,61.27785]]],[30,[51.84682,82.4405,0,[87.001,58.12397]]],[12,[51.32673,82.33774,0,[87.001,57.70147]]],[100,[52.1485,85.5667,0,[87.001,59.09206]]],[131,[52.47852,87.79005,0,[88.001,62.35501]]],[181,[53.22332,91.20039,0,[88.001,60.99482]]],[71,[52.82432,84.01534,0,[87.001,59.90628]]],[179,[53.20378,87.48637,0,[88.001,62.19038]]],[18,[52.78766,82.84498,0,[87.001,58.79028]]],[20,[52.42735,83.04773,0,[87.001,57.90314]]],[180,[53.81372,89.32618,0,[88.001,61.72166]]],[169,[53.99434,92.23741,0,[88.001,60.57266]]],[19,[53.50207,82.52287,0,[87.001,59.35933]]],[11,[53.3343,82.23598,0,[87.001,58.15361]]],[130,[54.64278,91.44244,0,[88.001,60.08968]]],[182,[54.42299,85.99822,0,[88.001,62.10101]]],[183,[54.74165,87.45068,0,[88.001,61.17953]]],[41,[54.24249,84.19662,0,[87.001,59.01716]]],[13,[53.96253,81.59238,0,[87.001,58.05683]]],[173,[55.24231,85.45651,0,[88.001,60.5802]]],[178,[54.82109,93.34677,0,[87.001,59.41535]]],[171,[55.25058,84.58704,0,[88.001,62.02579]]],[42,[54.71135,83.60384,0,[87.001,58.20361]]],[184,[55.79477,93.57703,0,[88.001,61.13513]]],[57,[55.91777,85.09708,0,[88.001,60.04878]]],[40,[55.45434,86.45829,0,[87.001,58.91948]]],[177,[55.93008,83.62408,0,[88.001,62.23743]]],[167,[56.48978,90.97953,0,[88.001,61.08592]]],[24,[55.24611,81.85727,0,[87.001,57.88066]]],[168,[56.3389,95.33247,0,[87.71747,59.99997]]],[154,[56.51817,77.13017,0,[88.001,62.18327]]],[29,[56.11231,82.95748,0,[87.001,58.94825]]],[70,[56.58989,87.63876,0,[87.001,59.9586]]],[176,[57.10566,90.19119,0,[88.001,61.0427]]],[5,[56.01036,82.61645,0,[87.001,57.87584]]],[16,[56.76916,87.0164,0,[87.001,58.88632]]],[56,[57.66536,87.14157,0,[88.001,60.59154]]],[174,[57.14326,80.73177,0,[88.001,62.16538]]],[27,[57.26748,86.97832,0,[87.001,59.43786]]],[156,[57.70764,81.44379,0,[88.001,61.84832]]],[17,[56.88856,84.4535,0,[87.001,57.80165]]],[10,[57.44048,83.4199,0,[87.001,58.23922]]],[55,[58.37439,88.75828,0,[88.001,60.06076]]],[158,[58.27214,94.52224,0,[88.001,61.14869]]],[0,[57.95658,86.13091,0,[87.001,59.01011]]],[166,[58.3255,86.40275,0,[88.001,62.24569]]],[157,[58.98712,87.69405,0,[88.001,60.74646]]],[163,[58.96796,84.13184,0,[88.001,62.01815]]],[4,[58.8222,88.66145,0,[87.001,59.85946]]],[85,[58.57225,87.73405,0,[87.001,58.86195]]],[28,[58.16665,86.10258,0,[87.001,57.90911]]],[161,[59.54488,87.68013,0,[88.001,61.49474]]],[172,[59.91916,86.84291,0,[88.001,60.44803]]],[1,[59.39316,85.2029,0,[87.001,59.15259]]],[8,[59.02491,83.675,0,[87.001,58.08076]]],[162,[60.12554,82.75035,0,[88.001,62.03296]]],[147,[60.48086,93.08006,0,[88.001,61.02295]]],[165,[60.80508,86.70633,0,[88.001,60.06937]]],[3,[60.08952,87.16848,0,[87.001,59.08325]]],[9,[59.82532,84.78034,0,[87.001,58.05261]]],[160,[60.97748,88.16411,0,[88.001,61.85291]]],[159,[61.34645,93.69527,0,[88.001,60.82515]]],[6,[60.97559,86.79688,0,[87.001,59.3847]]],[7,[60.7358,88.22422,0,[87.001,58.25251]]],[2,[62.0086,86.94215,0,[88.001,60.11168]]],[164,[62.02856,89.63444,0,[88.001,61.53439]]],[175,[62.00829,87.76755,0,[87.001,58.93823]]],[143,[63.0845,85.14458,0,[88.001,60.20767]]]

Travel Distances:
[114,91.97952],[99,91.9841],[113,91.92992],[84,91.82936],[129,91.45232],[98,93.84471],[128,93.61457],[112,93.82845],[127,93.50264],[144,91.57947],[97,93.70519],[111,95.41357],[142,94.31468],[96,95.42243],[110,95.58752],[126,94.56106],[81,94.59519],[83,93.53336],[140,96.64192],[125,96.01021],[82,95.06074],[95,96.06413],[141,95.61934],[109,96.25565],[94,97.72225],[80,97.74425],[108,98.04028],[123,98.1516],[68,94.74868],[79,96.69621],[107,99.98901],[93,98.36269],[66,96.2277],[124,97.79502],[69,93.85177],[138,97.54139],[92,98.41965],[78,99.80955],[65,98.32671],[77,99.59492],[152,98.57578],[53,95.51421],[64,97.49638],[106,101.0891],[62,100.5671],[51,98.07963],[63,99.37914],[67,97.04626],[122,99.77256],[76,102.3416],[61,101.9013],[49,99.89251],[75,101.4459],[91,101.124],[50,100.146],[90,102.199],[48,101.1503],[121,101.0676],[47,101.4868],[54,96.65173],[37,99.81775],[136,102.003],[38,98.9995],[104,103.0395],[105,101.7698],[46,102.153],[52,98.6205],[45,104.5692],[120,103.1919],[31,104.4476],[39,98.62998],[119,103.3576],[135,101.9696],[89,103.6952],[35,101.6889],[134,104.3722],[151,100.9144],[33,102.2247],[103,105.2489],[34,103.1745],[32,104.3369],[60,102.1457],[149,103.8103],[36,101.4578],[153,100.0999],[88,105.0516],[23,103.0038],[59,104.5404],[74,103.4092],[118,104.1382],[139,99.35506],[21,104.9274],[132,106.9563],[15,103.3097],[58,105.6517],[137,101.3865],[102,105.6945],[86,106.169],[25,103.0904],[44,106.0103],[73,105.7458],[117,107.1299],[148,106.2593],[101,107.2298],[14,105.6612],[43,106.8128],[22,105.3865],[133,107.8346],[155,100.3908],[87,106.7975],[116,109.5405],[26,102.5772],[115,111.8222],[150,105.1938],[72,107.1249],[170,109.7307],[145,112.5245],[146,111.1426],[30,106.6885],[12,107.6126],[100,109.1887],[131,110.6502],[181,114.6549],[71,108.297],[179,110.8805],[18,107.1967],[20,107.9616],[180,113.5155],[169,116.1928],[19,107.487],[11,107.4891],[130,114.1372],[182,108.8845],[183,109.8444],[41,109.6842],[13,107.5699],[173,108.9285],[178,117.6827],[171,107.9509],[42,108.1529],[184,115.9306],[57,109.2031],[40,111.4858],[177,107.6386],[167,113.9294],[24,107.1584],[168,118.5928],[154,99.88236],[29,108.6587],[70,112.3673],[176,113.8696],[5,108.4367],[16,111.4397],[56,109.7414],[174,104.2172],[27,110.3597],[156,103.856],[17,110.6193],[10,108.4582],[55,111.9351],[158,117.8656],[0,110.146],[166,109.5082],[157,111.7002],[163,107.957],[4,113.0053],[85,112.5615],[28,111.6611],[161,110.4634],[172,110.8761],[1,110.4017],[8,109.549],[162,106.2776],[147,116.0861],[165,109.0804],[3,110.9714],[9,111.0667],[160,112.029],[159,116.9751],[6,110.8344],[7,112.7077],[2,110.8864],[164,113.4904],[175,111.7466],[143,108.975]

Finish Times:
[114,47.2007],[99,47.2407],[113,47.76071],[84,47.88071],[129,47.88071],[98,48.00072],[128,48.08072],[112,48.48073],[127,48.56073],[144,48.76073],[97,48.92074],[111,49.16074],[142,49.24075],[96,49.36075],[110,49.72076],[126,49.80076],[81,49.92076],[83,49.92076],[140,50.04076],[125,50.36077],[82,50.52077],[95,50.60078],[141,50.72078],[109,50.80078],[94,51.04079],[80,51.4408],[108,51.4808],[123,51.5208],[68,51.7208],[79,51.7608],[107,52.08081],[93,52.36082],[66,52.44082],[124,52.48082],[69,52.72083],[138,52.84083],[92,52.92083],[78,53.04083],[65,53.24084],[77,53.56084],[152,53.64085],[53,53.76085],[64,53.80085],[106,54.20086],[62,54.28086],[51,54.32086],[63,54.64087],[67,54.64087],[122,54.92088],[76,54.96088],[61,55.28088],[49,55.52089],[75,55.56089],[91,55.56089],[50,56.0009],[90,56.2009],[48,56.32091],[121,56.60091],[47,56.72092],[54,56.80092],[37,57.00092],[136,57.16093],[38,57.20093],[104,57.32093],[105,57.64094],[46,57.80094],[52,57.84094],[45,58.08095],[120,58.40096],[31,58.60096],[39,58.76096],[119,58.80096],[135,58.84097],[89,59.28098],[35,59.32098],[134,59.36098],[151,59.68098],[33,59.88099],[103,60.00099],[34,60.201],[32,60.64101],[60,60.72101],[149,60.80101],[36,61.16102],[153,61.16102],[88,61.32102],[23,61.44102],[59,61.44102],[74,61.80103],[118,61.84103],[139,62.12104],[21,62.20104],[132,62.20104],[15,62.40105],[58,62.40105],[137,62.68105],[102,62.80106],[86,62.88106],[25,62.96106],[44,63.08106],[73,63.36107],[117,63.44107],[148,63.52107],[101,63.84108],[14,63.96108],[43,64.00108],[22,64.04108],[133,64.16109],[155,64.32109],[87,64.48109],[116,64.6011],[26,64.8811],[115,65.08111],[150,65.08111],[72,65.12111],[170,65.20111],[145,65.72112],[146,65.72112],[30,65.80112],[12,65.84113],[100,65.84113],[131,65.84113],[181,66.28114],[71,66.40114],[179,66.48114],[18,66.60114],[20,66.80115],[180,66.96115],[169,67.00115],[19,67.16116],[11,67.40116],[130,67.68117],[182,67.76117],[183,67.80117],[41,68.00117],[13,68.24118],[173,68.24118],[178,68.44118],[171,68.48119],[42,68.64119],[184,68.84119],[57,68.9612],[40,69.2412],[177,69.32121],[167,69.52121],[24,69.56121],[168,69.64121],[154,69.72121],[29,70.08122],[70,70.16122],[176,70.20123],[5,70.48123],[16,70.48123],[56,70.68124],[174,70.76124],[27,70.88124],[156,70.92124],[17,71.12125],[10,71.28125],[55,71.40125],[158,71.40125],[0,71.64126],[166,71.80126],[157,72.00127],[163,72.24127],[4,72.36127],[85,72.36127],[28,72.40128],[161,72.60128],[172,73.00129],[1,73.08129],[8,73.16129],[162,73.3613],[147,73.4813],[165,73.84131],[3,73.88131],[9,74.08131],[160,74.12132],[159,74.36132],[6,74.60133],[7,74.76133],[2,75.04134],[164,75.08134],[175,75.68135],[143,76.12136]

Stuck Times:
[114,0],[99,0],[113,0],[84,0],[129,0],[98,0],[128,0],[112,0],[127,0],[144,0],[97,0],[111,0],[142,0],[96,0],[110,0],[126,0],[81,0],[83,0],[140,0],[125,0],[82,0],[95,0],[141,0],[109,0],[94,0],[80,0],[108,0],[123,0],[68,2],[79,1],[107,0],[93,0],[66,3],[124,1],[69,4],[138,1],[92,0],[78,1],[65,1],[77,0],[152,2],[53,3],[64,3],[106,0],[62,2],[51,4],[63,3],[67,3],[122,1],[76,1],[61,1],[49,4],[75,3],[91,1],[50,6],[90,4],[48,5],[121,5],[47,6],[54,7],[37,8],[136,4],[38,8],[104,6],[105,6],[46,5],[52,7],[45,6],[120,4],[31,7],[39,10],[119,6],[135,6],[89,9],[35,9],[134,6],[151,8],[33,9],[103,5],[34,10],[32,9],[60,10],[149,5],[36,12],[153,10],[88,8],[23,10],[59,9],[74,11],[118,8],[139,11],[21,11],[132,7],[15,12],[58,9],[137,10],[102,8],[86,8],[25,12],[44,10],[73,11],[117,8],[148,10],[101,8],[14,11],[43,12],[22,13],[133,10],[155,14],[87,11],[116,8],[26,14],[115,7],[150,12],[72,13],[170,9],[145,8],[146,8],[30,12],[12,11],[100,9],[131,8],[181,7],[71,13],[179,8],[18,13],[20,11],[180,11],[169,6],[19,15],[11,14],[130,10],[182,11],[183,10],[41,16],[13,15],[173,13],[178,8],[171,14],[42,16],[184,7],[57,16],[40,15],[177,14],[167,11],[24,17],[168,6],[154,20],[29,16],[70,15],[176,11],[5,19],[16,16],[56,16],[174,18],[27,15],[156,18],[17,17],[10,18],[55,17],[158,13],[0,17],[166,16],[157,16],[163,17],[4,17],[85,18],[28,18],[161,17],[172,19],[1,20],[8,20],[162,21],[147,17],[165,21],[3,19],[9,22],[160,17],[159,18],[6,22],[7,18],[2,22],[164,19],[175,20],[143,21]

