Experiment Name: Custom-LimitedOverflow
Method Used: PathFollowingLowerNumberOfPaths
Run Number: 9
Preparation Time: 0.0003ms
Pathfinding Time: 4.027ms
Finish Time: 75.72135ms
Finish Time 90%: 72.16127ms
Repaths: 0
Soft Repaths: 0

Gates Data:
0:[114,[6.648741,13.29371,0,[33.001,60.45217]]],[99,[6.143586,12.28072,0,[32.001,59.21698]]],[129,[6.668465,13.33002,0,[33.001,61.70215]]],[98,[6.71664,13.38959,0,[32.001,59.65063]]],[113,[7.240987,14.4466,0,[33.001,60.83438]]],[83,[6.739774,13.4116,0,[32.001,58.45407]]],[84,[6.172287,12.30351,0,[32.001,58.01875]]],[112,[7.829954,15.57254,0,[33.001,60.28202]]],[127,[7.862083,15.61189,0,[33.001,61.4832]]],[97,[7.304574,14.46424,0,[32.001,59.12243]]],[111,[8.471831,16.68136,0,[33.001,60.17325]]],[96,[7.985853,15.52754,0,[32.001,59.06034]]],[142,[8.420174,15.60118,0,[33.001,61.28583]]],[126,[9.012954,16.66124,0,[33.001,60.97218]]],[68,[7.226929,13.53116,0,[32.001,57.9075]]],[110,[8.573405,16.78834,0,[32.001,59.79134]]],[82,[7.805393,14.66969,0,[32.001,58.00283]]],[128,[7.314561,14.52839,0,[33.001,62.01997]]],[125,[9.640503,17.74353,0,[33.001,60.75492]]],[95,[9.350054,16.76977,0,[32.001,59.74197]]],[140,[9.517748,17.70766,0,[33.001,61.81978]]],[109,[10.31946,18.85769,0,[33.001,60.30528]]],[67,[8.435409,15.09106,0,[32.001,58.04769]]],[81,[8.842581,15.74638,0,[32.001,58.81779]]],[141,[9.00628,16.66104,0,[33.001,62.26015]]],[123,[10.85914,19.86153,0,[33.001,61.0812]]],[80,[9.873661,17.07082,0,[32.001,59.1882]]],[94,[10.36581,17.80895,0,[32.001,59.96099]]],[124,[10.29516,18.7877,0,[33.001,61.39294]]],[66,[9.386486,16.02142,0,[32.001,58.65931]]],[108,[11.39466,20.0959,0,[33.001,60.28127]]],[93,[10.97938,18.88607,0,[32.001,59.18283]]],[79,[10.40577,17.89509,0,[32.001,58.85568]]],[122,[11.6911,20.97415,0,[33.001,61.19968]]],[107,[12.26525,21.08149,0,[33.001,61.02671]]],[92,[12.0161,20.8775,0,[33.001,60.03927]]],[137,[12.26926,20.90913,0,[33.001,62.146]]],[65,[9.88488,17.20327,0,[32.001,57.98761]]],[106,[12.26565,21.20386,0,[32.001,59.97855]]],[78,[11.60765,19.20794,0,[32.001,58.95604]]],[69,[9.288404,13.09197,0,[32.001,57.59493]]],[77,[12.1649,20.35827,0,[32.001,58.8961]]],[121,[12.8681,22.17088,0,[33.001,61.05901]]],[91,[13.3693,22.32732,0,[33.001,60.29728]]],[51,[12.31598,17.05596,0,[32.001,57.83746]]],[62,[13.38048,21.03998,0,[32.001,59.94649]]],[63,[12.77515,19.94752,0,[32.001,59.18]]],[53,[10.49839,14.95646,0,[32.001,57.76505]]],[105,[13.47878,23.36299,0,[33.001,61.37623]]],[49,[13.56488,19.32836,0,[32.001,58.90572]]],[90,[14.09203,23.47989,0,[33.001,61.07791]]],[76,[13.94722,21.99229,0,[32.001,59.88425]]],[119,[14.69029,24.45399,0,[33.001,60.85328]]],[150,[14.67394,22.74649,0,[33.001,61.9685]]],[47,[14.38704,21.36156,0,[32.001,59.23969]]],[52,[13.01922,17.02803,0,[32.001,58.17936]]],[61,[14.88494,22.75352,0,[32.001,59.97553]]],[75,[15.25444,24.22457,0,[33.001,61.11031]]],[104,[15.80449,24.86412,0,[33.001,61.01564]]],[50,[14.04245,18.84283,0,[32.001,58.3283]]],[60,[16.17371,24.87894,0,[33.001,60.16982]]],[120,[14.07468,23.3629,0,[33.001,62.27733]]],[45,[15.51591,23.82371,0,[32.001,59.11169]]],[134,[16.47739,24.60334,0,[33.001,61.32549]]],[64,[11.03491,18.33347,0,[32.001,58.07695]]],[59,[16.72451,26.19641,0,[33.001,60.0542]]],[149,[15.98115,24.17937,0,[33.001,62.11357]]],[48,[14.89475,20.48672,0,[32.001,58.76389]]],[74,[17.46313,25.35073,0,[33.001,60.38118]]],[46,[16.93198,23.53035,0,[32.001,59.26199]]],[151,[12.85036,21.16995,0,[33.001,62.15491]]],[89,[17.02727,25.11405,0,[33.001,61.07565]]],[35,[16.32365,20.82443,0,[32.001,58.96128]]],[43,[17.69811,26.23866,0,[32.001,59.80581]]],[118,[18.03868,26.13347,0,[33.001,61.04512]]],[36,[17.50073,20.39382,0,[32.001,58.55016]]],[147,[18.65462,27.31381,0,[33.001,61.13443]]],[54,[11.5916,14.58894,0,[32.001,57.84835]]],[88,[18.85619,26.80959,0,[33.001,60.09416]]],[155,[18.54733,19.45176,0,[33.001,62.27552]]],[103,[19.33632,26.81544,0,[33.001,60.85112]]],[138,[11.14787,19.721,0,[33.001,62.03241]]],[26,[16.01569,18.79214,0,[32.001,58.03185]]],[33,[18.23756,23.69893,0,[32.001,58.9983]]],[135,[15.2802,23.69459,0,[33.001,62.29189]]],[58,[18.88523,25.90965,0,[32.001,59.5029]]],[117,[19.21542,27.95365,0,[33.001,62.0901]]],[144,[8.35087,13.48054,0,[33.001,62.41343]]],[34,[19.38226,23.15495,0,[32.001,58.66942]]],[133,[17.62057,26.2473,0,[33.001,61.87482]]],[73,[19.55397,25.73887,0,[32.001,59.69085]]],[38,[14.55607,17.64021,0,[32.001,57.86133]]],[86,[20.55441,29.63868,0,[33.001,60.18949]]],[153,[19.87901,22.29327,0,[33.001,61.80667]]],[24,[16.80159,20.39764,0,[32.001,58.04226]]],[72,[20.05302,27.33471,0,[32.001,59.00562]]],[87,[20.05197,27.94083,0,[33.001,60.77104]]],[71,[20.64634,29.00285,0,[32.001,59.79383]]],[102,[21.0051,28.19099,0,[33.001,60.98838]]],[37,[15.37384,18.35498,0,[32.001,57.95752]]],[101,[21.65784,31.16619,0,[33.001,60.45229]]],[164,[20.47486,23.4929,0,[33.001,61.47996]]],[15,[18.02234,21.0986,0,[32.001,57.92987]]],[132,[21.96116,29.78577,0,[33.001,61.37685]]],[152,[11.72674,20.07787,0,[33.001,62.29523]]],[44,[21.13704,26.02885,0,[32.001,59.23753]]],[85,[21.70919,30.37141,0,[32.001,59.97102]]],[21,[20.61995,25.10314,0,[32.001,58.54735]]],[116,[22.4681,32.21687,0,[33.001,60.94931]]],[162,[21.41817,25.60306,0,[33.001,61.85212]]],[31,[22.27547,26.37288,0,[32.001,59.01528]]],[100,[22.89334,33.20935,0,[33.001,60.09501]]],[22,[21.66184,25.03262,0,[32.001,58.86961]]],[172,[22.59983,27.47717,0,[33.001,62.06175]]],[161,[23.04515,28.28889,0,[33.001,61.19232]]],[32,[22.8928,26.26282,0,[32.001,58.99911]]],[56,[23.46997,29.58321,0,[33.001,60.13435]]],[131,[24.05312,34.21269,0,[33.001,60.1159]]],[160,[23.71734,29.48396,0,[33.001,61.23531]]],[14,[19.44845,22.96001,0,[32.001,57.60011]]],[13,[21.11275,23.85141,0,[32.001,57.9877]]],[146,[24.44305,33.49749,0,[33.001,61.23344]]],[55,[24.66931,31.10443,0,[33.001,60.20214]]],[30,[24.07404,26.80802,0,[32.001,59.09763]]],[130,[25.23984,36.81175,0,[33.001,60.01362]]],[170,[23.36445,31.91836,0,[33.001,62.13747]]],[57,[23.48124,28.12242,0,[32.001,58.88231]]],[171,[24.94559,31.72046,0,[33.001,62.11729]]],[159,[24.17747,32.7156,0,[33.001,62.28919]]],[39,[13.52583,16.73002,0,[32.001,57.73227]]],[179,[25.16786,36.55317,0,[33.001,61.1053]]],[19,[22.3103,25.71227,0,[32.001,57.90939]]],[42,[24.70174,28.7638,0,[32.001,58.91687]]],[178,[25.82184,36.36883,0,[33.001,61.17619]]],[143,[20.25787,16.44186,0,[33.001,62.59988]]],[115,[25.29883,34.58799,0,[32.001,59.95736]]],[169,[26.38292,36.62228,0,[33.001,60.38883]]],[11,[23.94202,24.83334,0,[32.001,57.96262]]],[41,[25.56811,28.54014,0,[32.001,58.97831]]],[181,[25.57664,35.54654,0,[33.001,62.20959]]],[70,[26.91386,33.668,0,[33.001,60.0845]]],[180,[26.6335,35.03061,0,[33.001,61.43896]]],[145,[27.17255,36.92035,0,[33.001,61.10443]]],[10,[26.02262,27.01829,0,[32.001,57.95782]]],[23,[18.71086,21.99054,0,[32.001,58.16692]]],[1,[26.13243,29.67188,0,[32.001,59.0849]]],[177,[26.31218,29.0884,0,[33.001,62.34348]]],[40,[27.57193,33.22328,0,[33.001,60.03066]]],[28,[27.63236,28.72258,0,[32.001,59.74688]]],[12,[21.66009,24.23488,0,[32.001,57.76745]]],[174,[21.98936,24.36405,0,[33.001,62.48957]]],[8,[26.73726,28.86745,0,[32.001,59.0428]]],[158,[28.52988,38.02893,0,[33.001,60.85657]]],[27,[28.19676,32.10474,0,[32.001,59.531]]],[184,[27.83402,39.36968,0,[33.001,61.17168]]],[25,[20.13766,21.40275,0,[32.001,57.89293]]],[17,[29.22755,30.83184,0,[33.001,60.43686]]],[2,[28.54193,29.49726,0,[32.001,58.51287]]],[167,[29.00829,33.40647,0,[33.001,61.75699]]],[7,[29.15452,32.48436,0,[32.001,59.38496]]],[166,[29.75611,32.44983,0,[33.001,61.52808]]],[0,[26.67046,29.26238,0,[32.001,57.93497]]],[139,[10.58012,18.71618,0,[33.001,62.34407]]],[168,[29.94677,36.64272,0,[32.001,59.45828]]],[9,[24.56986,28.18319,0,[32.001,57.84374]]],[176,[30.03418,31.10595,0,[33.001,60.45371]]],[165,[30.54987,32.91657,0,[32.001,59.84332]]],[175,[30.67587,30.40989,0,[33.001,60.95669]]],[5,[29.12846,25.99044,0,[32.001,58.1262]]],[29,[25.22703,28.41455,0,[32.001,58.0742]]],[182,[30.32113,27.81257,0,[33.001,62.04197]]],[156,[31.25019,26.44553,0,[32.001,59.98458]]],[157,[28.29521,26.907,0,[33.001,62.14184]]],[16,[30.75945,32.24063,0,[32.001,58.51009]]],[173,[31.4273,33.28054,0,[33.001,61.27862]]],[154,[9.99218,17.77332,0,[33.001,62.33236]]],[20,[23.06787,25.49372,0,[32.001,57.90751]]],[4,[29.8988,31.6521,0,[32.001,58.23479]]],[183,[27.38441,32.822,0,[33.001,62.228]]],[6,[31.59419,28.86872,0,[32.001,58.69952]]],[148,[16.90722,25.03478,0,[33.001,62.20432]]],[18,[27.35641,28.11688,0,[32.001,58.5536]]],[163,[20.8678,24.74084,0,[33.001,62.3378]]],[3,[27.88614,27.40404,0,[32.001,58.20647]]],[136,[13.43702,22.16261,0,[33.001,62.47854]]]
1:[114,[34.1687,68.32484,0,[88.001,60.53357]]],[99,[33.66577,67.31824,0,[87.001,59.07463]]],[129,[34.3391,68.53594,0,[88.001,61.81274]]],[98,[34.73115,69.40061,0,[88.001,60.05872]]],[113,[34.88363,69.52566,0,[88.001,61.28537]]],[83,[34.48055,68.65573,0,[87.001,58.99846]]],[84,[34.12444,67.71952,0,[87.001,58.06932]]],[112,[35.41895,70.62952,0,[88.001,60.07653]]],[127,[35.51358,70.84399,0,[88.001,61.5262]]],[97,[35.05404,69.59074,0,[87.001,58.58078]]],[111,[36.00554,71.72066,0,[88.001,60.67294]]],[96,[35.5876,70.65604,0,[87.001,59.4033]]],[142,[36.0896,70.6444,0,[88.001,62.11451]]],[126,[36.5804,71.66663,0,[88.001,60.94044]]],[68,[35.58991,69.7932,0,[87.001,58.06088]]],[110,[36.17439,71.82342,0,[87.001,59.77317]]],[82,[36.20073,70.30711,0,[87.001,58.63626]]],[128,[36.82638,70.91136,0,[88.001,61.9423]]],[125,[37.19091,72.76563,0,[88.001,60.59045]]],[95,[36.96522,71.83856,0,[87.001,59.56231]]],[140,[37.57788,72.7674,0,[88.001,61.39434]]],[109,[37.94371,73.86832,0,[88.001,60.31766]]],[67,[36.66423,70.80627,0,[87.001,58.01747]]],[81,[37.16695,70.94321,0,[87.001,58.53085]]],[141,[37.85023,71.83311,0,[88.001,62.3587]]],[123,[38.43617,74.87519,0,[88.001,61.23588]]],[80,[37.80585,72.31619,0,[87.001,59.04457]]],[94,[38.56347,73.93201,0,[88.001,60.03511]]],[124,[38.62104,73.92324,0,[88.001,62.29094]]],[66,[37.64012,71.63018,0,[87.001,57.91393]]],[108,[39.08694,75.14272,0,[88.001,60.89472]]],[93,[38.71324,74.17693,0,[87.001,59.61635]]],[79,[38.4379,73.38133,0,[87.001,58.37373]]],[122,[39.31868,76.09428,0,[88.001,62.05357]]],[107,[39.86281,76.14232,0,[88.001,60.79701]]],[92,[39.33931,74.92254,0,[87.001,59.57669]]],[137,[40.05663,76.22167,0,[88.001,62.04638]]],[65,[39.04387,73.28148,0,[87.001,58.33689]]],[106,[40.43008,77.25925,0,[88.001,60.93143]]],[78,[39.88462,74.78675,0,[87.001,59.33564]]],[69,[39.74287,70.36903,0,[87.001,58.15099]]],[77,[40.86435,76.69011,0,[88.001,60.18626]]],[121,[40.68122,77.34663,0,[88.001,62.25889]]],[91,[41.09171,77.45584,0,[88.001,61.39556]]],[51,[40.59441,72.74177,0,[87.001,59.05188]]],[62,[41.62363,77.09901,0,[88.001,60.95189]]],[63,[41.0961,75.00835,0,[87.001,59.83348]]],[53,[40.73729,72.20402,0,[87.001,57.96861]]],[105,[41.72647,78.73862,0,[88.001,62.20062]]],[49,[41.32522,74.39642,0,[87.001,58.68779]]],[90,[42.19088,78.68325,0,[88.001,60.95626]]],[76,[41.74298,77.02116,0,[87.001,59.74314]]],[119,[42.78815,79.53748,0,[88.001,60.68204]]],[150,[42.4965,77.93765,0,[88.001,61.95706]]],[47,[42.14724,76.50255,0,[87.001,58.89099]]],[52,[41.76846,72.42606,0,[87.001,57.96239]]],[61,[42.66362,77.86368,0,[87.001,59.8527]]],[75,[43.08296,79.36967,0,[88.001,61.89463]]],[104,[43.50263,79.91486,0,[88.001,61.03549]]],[50,[42.75922,74.61684,0,[87.001,58.72712]]],[60,[43.29697,78.93694,0,[87.001,59.97302]]],[120,[43.87731,79.4987,0,[88.001,62.07563]]],[45,[43.44251,78.95223,0,[87.001,58.87345]]],[134,[44.29918,79.79514,0,[88.001,60.76982]]],[64,[43.11111,75.04581,0,[87.001,57.86406]]],[59,[44.09873,80.31571,0,[87.001,59.59132]]],[149,[44.6044,79.5521,0,[88.001,61.82716]]],[48,[44.0561,76.08369,0,[87.001,58.26262]]],[74,[45.09414,80.44324,0,[88.001,60.69626]]],[46,[44.78022,78.54564,0,[87.001,59.55756]]],[151,[45.25647,77.8015,0,[88.001,61.92759]]],[89,[45.7259,80.96895,0,[88.001,60.99278]]],[35,[44.94997,75.90612,0,[87.001,58.47382]]],[43,[45.40965,81.33085,0,[87.001,59.89677]]],[118,[46.05413,81.30467,0,[88.001,61.99456]]],[36,[45.6694,75.45849,0,[87.001,58.92012]]],[147,[46.40847,82.44495,0,[88.001,60.41901]]],[54,[45.4216,72.67127,0,[87.001,57.87813]]],[88,[46.22008,80.83887,0,[87.001,59.36789]]],[155,[46.71043,75.06581,0,[88.001,61.33833]]],[103,[47.08127,81.88005,0,[88.001,60.39716]]],[138,[46.83218,74.86971,0,[88.001,62.40174]]],[26,[46.07195,74.29242,0,[87.001,58.00208]]],[33,[46.62278,78.79501,0,[87.001,58.41671]]],[135,[47.30769,79.84831,0,[88.001,61.39758]]],[58,[46.84226,81.00973,0,[87.001,59.43121]]],[117,[47.75144,83.44952,0,[88.001,60.2277]]],[144,[47.57282,74.72546,0,[88.001,62.37305]]],[34,[47.28793,78.4001,0,[87.001,58.76522]]],[133,[47.96043,82.42249,0,[88.001,61.27552]]],[73,[47.73404,80.77643,0,[87.001,59.48752]]],[38,[47.0473,75.15218,0,[87.001,57.72166]]],[86,[48.54359,84.69468,0,[88.001,60.52968]]],[153,[48.27543,77.72791,0,[88.001,62.34326]]],[24,[47.74014,76.01539,0,[87.001,57.95413]]],[72,[48.19874,82.38995,0,[87.001,58.60498]]],[87,[48.70978,83.07175,0,[88.001,61.64321]]],[71,[48.50135,84.02539,0,[87.001,59.60122]]],[102,[49.28149,83.33611,0,[88.001,60.59346]]],[37,[48.97584,78.72512,0,[87.001,58.91346]]],[101,[49.23037,85.2224,0,[87.001,59.9294]]],[164,[49.29752,78.82256,0,[88.001,61.70291]]],[15,[48.76326,79.61523,0,[87.001,57.89197]]],[132,[49.98531,84.99395,0,[88.001,61.02268]]],[152,[49.77551,78.07962,0,[88.001,62.24478]]],[44,[49.63979,81.207,0,[87.001,59.00702]]],[85,[49.96645,85.58714,0,[87.09662,59.99999]]],[21,[49.56627,80.54973,0,[87.001,57.90603]]],[116,[50.67529,87.24448,0,[88.001,60.99621]]],[162,[50.36888,80.92467,0,[88.00099,62.08736]]],[31,[50.40624,81.57941,0,[87.001,59.31655]]],[100,[51.19799,88.32806,0,[88.001,60.31889]]],[22,[50.31788,80.3715,0,[87.001,58.18573]]],[172,[50.96611,82.6316,0,[88.001,62.25838]]],[161,[51.39886,83.35133,0,[88.001,61.44138]]],[32,[50.95818,81.40865,0,[87.001,59.12878]]],[56,[51.82949,84.69056,0,[88.001,60.67759]]],[131,[51.45409,88.27566,0,[87.001,59.60755]]],[160,[51.91162,84.71889,0,[88.001,62.00688]]],[14,[50.87321,80.00416,0,[87.001,57.97146]]],[13,[51.49211,80.46721,0,[87.001,58.29239]]],[146,[52.41477,88.61772,0,[88.001,61.19844]]],[55,[52.58735,86.14874,0,[88.001,60.14299]]],[30,[52.02375,81.90718,0,[87.001,59.06778]]],[130,[52.6608,90.91383,0,[87.001,59.94662]]],[170,[52.54001,87.30154,0,[88.001,62.28008]]],[57,[52.56958,83.47354,0,[87.001,58.84077]]],[171,[53.24162,87.42192,0,[88.001,61.06859]]],[159,[53.11692,88.2032,0,[88.001,62.1606]]],[39,[52.05933,77.38621,0,[87.001,57.89715]]],[179,[53.74576,91.83142,0,[88.001,60.28797]]],[19,[52.78413,81.35686,0,[87.001,57.82906]]],[42,[53.14003,84.06071,0,[87.001,59.03629]]],[178,[54.02542,91.63282,0,[88.001,61.24187]]],[143,[53.73283,76.94504,0,[88.001,62.20281]]],[115,[53.69582,89.80297,0,[87.001,59.5491]]],[169,[54.50404,91.72651,0,[88.001,60.58758]]],[11,[53.47744,80.3884,0,[87.001,58.05029]]],[41,[54.04413,83.71734,0,[87.001,58.60458]]],[181,[54.51523,91.21236,0,[88.001,62.03061]]],[70,[54.39767,87.7208,0,[87.001,59.70517]]],[180,[54.9942,90.39676,0,[88.001,61.36678]]],[145,[55.38183,92.04644,0,[88.001,60.45037]]],[10,[54.78999,82.85342,0,[87.001,58.78404]]],[23,[54.49028,81.5125,0,[87.001,57.84391]]],[1,[55.21246,84.95431,0,[87.001,59.51235]]],[177,[55.59353,85.19917,0,[88.001,61.68935]]],[40,[56.01401,88.40198,0,[88.001,60.89273]]],[28,[55.75607,83.99079,0,[87.001,59.85809]]],[12,[55.35647,82.1642,0,[87.001,58.19743]]],[174,[56.09133,80.20113,0,[88.00099,62.17948]]],[8,[56.04779,84.23703,0,[87.001,58.905]]],[158,[56.68998,93.11424,0,[88.001,60.91383]]],[27,[56.45858,87.13705,0,[87.001,59.85386]]],[184,[56.71434,94.5745,0,[88.001,62.11511]]],[25,[56.24272,81.09799,0,[87.001,57.86361]]],[17,[57.41182,85.89059,0,[88.001,60.70796]]],[2,[56.71919,84.61438,0,[87.001,58.8302]]],[167,[57.40286,88.56718,0,[88.001,61.89251]]],[7,[57.25974,87.55965,0,[87.001,59.43234]]],[166,[58.03319,87.74209,0,[88.001,60.5672]]],[0,[57.12647,85.54942,0,[87.001,58.04556]]],[139,[58.13474,86.67635,0,[88.001,61.85453]]],[168,[57.95378,91.7487,0,[87.001,59.49081]]],[9,[57.8295,88.01649,0,[87.001,58.26613]]],[176,[58.59262,86.18776,0,[88.001,60.84063]]],[165,[59.17408,89.1206,0,[88.001,60.45763]]],[175,[58.9874,85.53474,0,[88.001,61.81849]]],[5,[58.5503,81.35208,0,[87.001,59.21906]]],[29,[58.74913,88.04134,0,[87.001,58.15829]]],[182,[59.71293,83.25831,0,[88.001,61.16772]]],[156,[59.79,82.47304,0,[88.001,60.06379]]],[157,[59.55463,82.09039,0,[88.001,62.25223]]],[16,[59.42509,87.92046,0,[87.001,59.03552]]],[173,[60.42474,88.66053,0,[88.001,60.24062]]],[154,[60.34068,90.51451,0,[88.001,61.61926]]],[20,[59.41387,87.29145,0,[87.001,57.92731]]],[4,[60.08081,87.75661,0,[87.001,58.80999]]],[183,[61.10207,95.53192,0,[88.001,60.82598]]],[6,[60.63589,84.61223,0,[87.001,59.56332]]],[148,[61.11397,90.60914,0,[88.001,62.03234]]],[18,[60.58821,84.96778,0,[87.001,58.1626]]],[163,[61.80367,89.83447,0,[88.001,60.55172]]],[3,[61.26762,87.56483,0,[87.001,58.90576]]],[136,[62.6635,91.21526,0,[88.001,60.1124]]]

Travel Distances:
[114,91.98495],[99,91.98415],[129,91.84175],[98,91.93723],[113,91.7499],[83,93.68309],[84,93.43962],[112,93.78876],[127,93.8034],[97,93.46674],[111,95.69868],[96,95.47487],[142,94.41911],[126,94.48447],[68,94.48901],[110,95.47057],[82,95.87773],[128,95.06127],[125,96.36736],[95,95.90501],[140,95.58842],[109,95.9797],[67,97.41048],[81,96.57373],[141,96.0452],[123,97.98428],[80,96.69204],[94,96.79996],[124,96.62165],[66,96.1347],[108,98.94368],[93,98.7365],[79,98.48035],[122,99.42303],[107,98.41389],[92,100.234],[137,100.0889],[65,99.1078],[106,100.3936],[78,98.95905],[69,94.74562],[77,98.90422],[121,101.8979],[91,101.2562],[51,97.54629],[62,99.8452],[63,98.81481],[53,96.67453],[105,101.2155],[49,99.71117],[90,102.2701],[76,101.5266],[119,101.9514],[150,100.9059],[47,100.1994],[52,96.80902],[61,102.532],[75,103.1009],[104,102.8893],[50,99.07382],[60,102.3349],[120,103.5711],[45,104.0465],[134,103.1677],[64,100.7325],[59,104.106],[149,102.2492],[48,101.8261],[74,104.2273],[46,102.9739],[151,101.0525],[89,103.499],[35,99.99937],[43,106.4969],[118,104.9391],[36,100.1066],[147,105.5793],[54,97.76457],[88,104.3925],[155,97.55868],[103,105.6745],[138,98.96551],[26,100.0653],[33,103.5254],[135,103.0764],[58,105.2328],[117,105.9121],[144,99.26451],[34,103.7154],[133,106.3405],[73,105.2685],[38,100.8523],[86,107.5694],[153,100.9299],[24,100.396],[72,105.969],[87,105.4123],[71,108.9998],[102,106.7298],[37,102.7555],[101,108.7379],[164,102.0139],[15,106.0176],[132,108.9342],[152,102.0657],[44,105.9041],[85,109.6364],[21,105.3438],[116,109.6974],[162,105.7905],[31,106.7559],[100,111.8856],[22,105.7126],[172,106.24],[161,106.2472],[32,105.4481],[56,108.7481],[131,113.2185],[160,108.7252],[14,106.1231],[13,105.4442],[146,111.653],[55,108.8829],[30,105.8064],[130,115.5179],[170,111.9832],[57,108.2637],[171,110.8702],[159,111.8257],[39,103.1494],[179,114.2604],[19,105.6863],[42,109.62],[178,115.4874],[143,101.2703],[115,114.3861],[169,114.6193],[11,105.3205],[41,107.6182],[181,113.9829],[70,112.9037],[180,114.2912],[145,115.2595],[10,107.2652],[23,106.4562],[1,108.5143],[177,107.8784],[40,112.3326],[28,108.4493],[12,107.2178],[174,103.5413],[8,108.13],[158,115.6423],[27,112.1988],[184,118.5634],[25,106.5465],[17,109.0108],[2,109.1562],[167,111.4044],[7,111.0193],[166,111.6548],[0,111.1973],[139,110.2179],[168,115.825],[9,112.3008],[176,108.9761],[165,112.7544],[175,109.4664],[5,106.2304],[29,112.5142],[182,105.6969],[156,104.8461],[157,106.6071],[16,113.0231],[173,111.7757],[154,113.6487],[20,112.3234],[4,111.5776],[183,119.3007],[6,109.3055],[148,114.2158],[18,109.6516],[163,112.2207],[3,111.0184],[136,113.8885]

Finish Times:
[114,47.1607],[99,47.3207],[129,47.4407],[98,47.76071],[113,47.88071],[83,48.16072],[84,48.20072],[112,48.44073],[127,48.52073],[97,48.92074],[111,49.00074],[96,49.20074],[142,49.28075],[126,49.60075],[68,49.72076],[110,49.72076],[82,49.96076],[128,50.08076],[125,50.20077],[95,50.56078],[140,50.64078],[109,50.92078],[67,51.00079],[81,51.00079],[141,51.16079],[123,51.4408],[80,51.5208],[94,51.6008],[124,51.84081],[66,51.88081],[108,52.08081],[93,52.28082],[79,52.32082],[122,52.40082],[107,52.88083],[92,53.04083],[137,53.20084],[65,53.24084],[106,53.44084],[78,53.52084],[69,53.72085],[77,53.88085],[121,54.00085],[91,54.16086],[51,54.28086],[62,54.60087],[63,54.64087],[53,54.88087],[105,54.92088],[49,55.08088],[90,55.24088],[76,55.28088],[119,55.8009],[150,55.8009],[47,55.8409],[52,55.8409],[61,56.2009],[75,56.24091],[104,56.52091],[50,56.60091],[60,56.84092],[120,57.08092],[45,57.16093],[134,57.28093],[64,57.32093],[59,57.64094],[149,57.72094],[48,57.96095],[74,58.12095],[46,58.40096],[151,58.56096],[89,58.76096],[35,58.88097],[43,58.96097],[118,59.40098],[36,59.44098],[147,59.44098],[54,59.72099],[88,59.80099],[155,59.80099],[103,60.08099],[138,60.241],[26,60.321],[33,60.441],[135,60.441],[58,60.481],[117,60.76101],[144,61.04102],[34,61.12102],[133,61.12102],[73,61.28102],[38,61.44102],[86,61.56103],[153,61.80103],[24,61.92104],[72,61.92104],[87,61.92104],[71,62.04104],[102,62.32104],[37,62.72105],[101,62.76105],[164,62.80106],[15,63.00106],[132,63.00106],[152,63.12106],[44,63.36107],[85,63.44107],[21,63.76108],[116,63.80108],[162,64.00108],[31,64.04108],[100,64.20109],[22,64.32109],[172,64.40109],[161,64.5611],[32,64.8011],[56,64.96111],[131,65.12111],[160,65.24111],[14,65.48112],[13,65.52112],[146,65.52112],[55,65.64112],[30,65.88113],[130,66.20113],[170,66.20113],[57,66.28114],[171,66.28114],[159,66.32114],[39,66.48114],[179,66.80115],[19,66.88115],[42,66.96115],[178,67.12115],[143,67.16116],[115,67.28116],[169,67.56116],[11,67.72117],[41,67.80117],[181,67.92117],[70,67.96117],[180,68.12118],[145,68.40118],[10,68.56119],[23,68.72119],[1,68.80119],[177,68.84119],[40,69.0812],[28,69.2812],[12,69.44121],[174,69.56121],[8,69.76122],[158,69.76122],[27,70.00122],[184,70.36123],[25,70.40123],[17,70.44123],[2,70.48123],[167,70.64124],[7,70.88124],[166,71.04124],[0,71.20125],[139,71.36125],[168,71.48125],[9,71.64126],[176,71.64126],[165,72.16127],[175,72.16127],[5,72.20127],[29,72.76128],[182,72.76128],[156,72.88129],[157,72.96129],[16,73.24129],[173,73.4413],[154,73.4813],[20,73.6813],[4,73.72131],[183,74.12132],[6,74.20132],[148,74.32132],[18,74.52132],[163,74.80133],[3,74.88133],[136,75.72135]

Stuck Times:
[114,0],[99,0],[129,0],[98,0],[113,0],[83,0],[84,0],[112,0],[127,0],[97,0],[111,0],[96,0],[142,0],[126,0],[68,0],[110,0],[82,0],[128,1],[125,0],[95,0],[140,0],[109,0],[67,0],[81,0],[141,1],[123,0],[80,0],[94,0],[124,1],[66,1],[108,0],[93,0],[79,0],[122,0],[107,1],[92,1],[137,1],[65,1],[106,1],[78,0],[69,6],[77,1],[121,1],[91,2],[51,4],[62,2],[63,2],[53,4],[105,1],[49,4],[90,2],[76,3],[119,2],[150,3],[47,3],[52,5],[61,4],[75,3],[104,3],[50,6],[60,4],[120,4],[45,4],[134,4],[64,4],[59,4],[149,6],[48,6],[74,5],[46,6],[151,5],[89,3],[35,8],[43,4],[118,5],[36,10],[147,5],[54,10],[88,5],[155,11],[103,7],[138,8],[26,11],[33,9],[135,7],[58,7],[117,5],[144,12],[34,11],[133,8],[73,8],[38,12],[86,7],[153,11],[24,12],[72,8],[87,7],[71,8],[102,8],[37,11],[101,5],[164,11],[15,11],[132,9],[152,9],[44,11],[85,7],[21,11],[116,6],[162,10],[31,12],[100,6],[22,11],[172,9],[161,11],[32,12],[56,9],[131,6],[160,11],[14,12],[13,15],[146,9],[55,12],[30,13],[130,6],[170,7],[57,12],[171,9],[159,7],[39,16],[179,5],[19,14],[42,13],[178,7],[143,14],[115,7],[169,6],[11,16],[41,14],[181,6],[70,13],[180,10],[145,7],[10,16],[23,19],[1,15],[177,14],[40,13],[28,17],[12,17],[174,18],[8,15],[158,10],[27,14],[184,5],[25,18],[17,16],[2,17],[167,11],[7,15],[166,16],[0,16],[139,15],[168,12],[9,17],[176,15],[165,17],[175,20],[5,20],[29,18],[182,21],[156,22],[157,19],[16,19],[173,18],[154,14],[20,19],[4,21],[183,14],[6,21],[148,17],[18,22],[163,17],[3,20],[136,19]

