Experiment Name: Custom-Plains-1
Method Used: FlowField
Run Number: 1
Preparation Time: 0.0003ms
Pathfinding Time: 73.0175ms
Finish Time: 60.60101ms
Finish Time 90%: 58.16095ms
Repaths: 0
Soft Repaths: 0

Gates Data:

Travel Distances:
[408,79.9929],[432,79.99506],[382,79.99329],[454,79.99408],[381,79.95142],[407,79.9438],[431,79.98879],[355,79.98486],[356,79.99258],[406,81.96539],[354,81.92964],[380,81.90101],[430,81.97224],[453,81.97678],[329,81.97429],[379,81.92245],[330,81.98931],[353,81.85431],[328,81.96027],[405,81.96836],[352,81.86786],[429,81.9921],[378,81.94595],[327,83.86359],[404,83.9679],[452,83.96854],[305,83.96937],[304,83.95743],[326,83.93906],[306,83.98116],[351,83.80515],[377,83.95561],[428,83.98237],[303,83.91827],[350,83.88485],[403,83.98706],[302,83.86322],[282,83.97955],[451,83.97837],[283,83.97139],[325,83.8503],[376,83.98016],[349,85.88556],[324,85.76916],[280,85.94248],[284,85.97641],[301,85.89176],[402,85.89486],[427,85.95563],[281,85.87108],[300,85.86721],[267,85.97867],[375,85.69453],[348,85.64211],[450,85.96359],[268,85.95404],[323,85.6656],[279,85.90038],[265,85.95544],[278,85.91508],[401,85.9773],[347,85.92908],[374,85.96078],[299,85.62193],[426,85.97016],[266,85.92977],[322,85.7905],[269,87.97343],[252,87.96148],[298,87.78713],[264,87.73156],[373,87.69794],[263,87.71884],[346,87.73759],[400,87.61924],[449,87.94257],[250,87.8606],[253,87.94913],[321,87.30067],[425,87.83574],[277,87.41539],[251,87.85782],[276,87.67893],[345,87.91331],[372,87.94977],[237,87.94803],[320,87.80291],[262,87.92202],[254,87.97726],[248,87.95206],[399,89.93729],[297,88.68891],[249,89.92625],[448,89.89447],[238,89.9005],[261,89.84464],[275,89.5404],[398,89.62603],[514,89.94518],[344,89.54198],[235,89.84297],[424,89.9246],[319,89.38994],[247,89.94872],[296,89.05564],[499,89.80078],[233,89.86771],[236,89.92007],[260,89.45131],[246,89.89425],[371,88.71912],[295,89.31673],[527,89.99078],[239,89.95256],[513,89.88993],[234,89.83482],[274,89.30566],[343,89.30434],[484,91.45325],[221,91.76188],[232,91.50836],[273,91.31099],[498,91.54994],[219,91.70809],[245,91.43568],[469,91.39802],[223,91.95219],[259,91.2281],[318,90.53948],[526,91.95231],[370,90.49432],[512,91.75791],[538,91.98801],[220,91.52758],[222,91.77267],[258,91.44555],[483,91.02819],[230,91.70126],[294,90.36246],[497,91.3693],[202,91.69746],[447,91.04122],[468,90.9307],[244,91.55891],[231,91.36542],[243,91.82834],[224,91.89952],[525,91.86165],[511,93.68625],[342,92.54108],[537,93.82015],[272,92.52728],[446,92.88125],[218,93.63511],[482,93.01556],[203,93.64069],[467,93.1619],[547,93.97759],[229,93.7338],[200,93.8186],[317,91.86078],[422,93.10076],[216,93.87573],[228,93.70342],[257,92.73054],[496,93.41006],[204,93.92272],[466,93.43536],[510,93.54797],[524,93.81645],[480,93.52351],[423,91.81315],[217,93.53193],[536,93.8741],[201,93.66306],[293,91.66586],[445,92.43962],[215,93.80949],[199,93.8702],[242,94.93454],[495,94.64783],[546,95.92773],[397,94.01714],[444,94.9081],[197,95.6592],[509,95.54288],[481,93.82068],[523,95.72087],[183,95.71497],[271,94.0379],[465,94.61078],[535,95.774],[198,95.57594],[181,95.76877],[421,93.93288],[227,95.1931],[443,94.85346],[316,93.65202],[493,95.61115],[494,94.52763],[545,95.82788],[554,95.96782],[256,94.12299],[180,95.59177],[479,94.57285],[508,95.52062],[214,95.28148],[396,93.606],[419,95.18709],[522,95.65168],[182,95.88826],[184,95.91969],[464,94.75777],[534,95.96563],[292,93.34879],[196,95.84692],[420,94.16782],[241,96.72832],[442,96.75126],[162,97.7926],[395,95.80596],[492,97.44422],[478,96.5127],[507,97.08349],[178,97.80355],[463,96.59111],[255,95.84389],[521,97.26526],[393,96.72219],[418,96.96532],[226,97.24608],[533,97.50815],[441,96.72104],[544,97.96509],[553,97.94833],[368,96.32005],[164,97.8804],[195,97.49727],[476,97.66595],[543,97.73322],[392,97.00037],[394,96.11362],[417,96.85965],[477,96.2741],[163,97.83645],[179,97.8121],[240,96.79554],[491,97.68202],[506,97.42453],[177,97.71023],[462,96.40984],[520,97.84631],[369,95.63116],[391,96.84644],[366,98.27712],[367,98.66714],[440,98.15627],[225,99.03709],[461,99.23502],[532,99.7129],[213,98.52836],[365,98.56415],[475,99.70303],[339,98.63453],[416,98.3968],[439,99.16444],[270,96.47746],[490,99.77244],[551,99.87363],[505,99.67286],[159,99.78547],[161,99.88799],[338,98.78262],[415,99.24955],[364,98.34128],[542,99.72048],[552,99.95295],[314,99.14386],[340,98.91876],[176,99.61654],[519,99.82853],[389,99.12323],[438,99.43324],[460,99.36203],[194,98.70045],[337,98.49708],[313,99.22492],[474,99.92358],[504,99.60224],[315,101.6898],[390,99.52757],[414,101.2507],[341,101.1516],[531,101.5955],[312,100.5945],[363,99.90084],[388,100.8766],[160,100.857],[193,101.8698],[291,100.6546],[437,101.7716],[518,101.824],[362,100.596],[158,100.8996],[489,101.2352],[336,100.1157],[541,101.9125],[211,100.8726],[387,101.6239],[459,101.5739],[175,101.6308],[335,100.7407],[413,101.5846],[157,101.9663],[212,99.66171],[550,101.9589],[174,101.4787],[290,99.90542],[503,101.7851],[530,101.8251],[192,100.8452],[311,100.3054],[361,100.805],[334,102.7456],[436,103.4143],[156,103.0651],[289,101.487],[473,103.4176],[191,102.83],[310,102.3704],[458,103.385],[412,103.258],[517,103.791],[143,103.9394],[142,103.8683],[155,103.1429],[540,103.9068],[386,102.9382],[210,101.527],[173,102.3673],[209,102.3583],[309,102.5391],[488,103.4257],[144,103.9777],[190,102.5079],[360,102.3152],[549,103.9277],[141,103.6744],[172,102.592],[435,103.1627],[529,103.8883],[457,103.2752],[385,103.6777],[472,103.3318],[128,103.6255],[140,103.1914],[288,101.4596],[502,105.7258],[127,105.4402],[171,104.3369],[359,104.6379],[154,103.9244],[287,103.846],[129,105.9266],[153,104.2395],[170,104.7697],[487,105.1371],[126,105.2849],[411,104.8098],[189,103.9334],[539,105.8513],[332,105.5072],[434,105.5277],[471,105.1301],[110,105.4005],[333,103.3531],[112,105.665],[113,105.9445],[139,104.3729],[152,103.9812],[208,103.4291],[111,105.88],[501,105.6333],[548,105.9287],[516,105.7749],[138,104.2532],[151,104.5118],[308,104.363],[95,105.822],[169,104.4126],[358,105.282],[486,105.3252],[125,105.595],[207,105.8089],[384,107.7502],[456,106.821],[114,107.9728],[97,107.6653],[124,106.0398],[96,107.4453],[123,106.1411],[137,106.0607],[98,107.9356],[188,105.3135],[94,107.7109],[286,104.9144],[136,106.7226],[206,107.2165],[500,107.7177],[109,106.1912],[515,107.8623],[108,106.2078],[285,107.1648],[80,107.4445],[82,107.2094],[470,107.4194],[528,107.9075],[83,107.7243],[107,106.697],[150,105.8533],[410,106.7409],[122,106.0251],[149,106.7382],[79,107.4372],[168,106.6098],[93,108.3148],[187,108.3659],[81,108.9896],[92,108.9093],[67,109.7756],[307,109.1338],[99,109.974],[186,109.6726],[433,109.2718],[65,109.0851],[78,108.8598],[84,109.8651],[121,108.1147],[135,108.1188],[91,109.1167],[106,108.3115],[134,109.2576],[68,109.8004],[148,109.366],[485,109.6757],[66,109.5271],[77,109.0879],[64,109.1525],[357,109.3308],[50,109.5826],[76,109.3331],[205,109.4365],[167,109.107],[455,109.6078],[52,109.8345],[63,108.6571],[105,108.2172],[120,107.9588],[90,108.6597],[49,111.3973],[119,110.9873],[409,111.3705],[75,111.0583],[62,110.8239],[48,110.8475],[51,111.3655],[133,111.5973],[69,111.9667],[36,111.5543],[53,111.855],[61,110.954],[147,111.5811],[166,111.8614],[331,110.1361],[89,110.7403],[104,110.1737],[47,111.1687],[38,111.8897],[118,111.4188],[34,111.3925],[74,110.9724],[103,111.1812],[60,110.8652],[35,111.3893],[46,111.1673],[37,111.3891],[132,111.724],[24,111.5636],[383,110.505],[33,111.638],[73,111.1764],[88,110.818],[45,112.797],[54,113.9443],[102,113.5208],[39,113.8212],[59,112.8156],[185,113.4945],[146,113.9453],[22,113.2313],[87,113.5497],[117,113.3218],[32,113.2167],[25,113.8778],[23,113.3543],[31,113.1215],[44,112.7406],[58,112.9883],[131,113.8816],[14,113.8974],[21,113.1358],[72,113.1468],[101,113.6569],[43,112.924],[12,113.3267],[30,113.0462],[19,113.2316],[71,113.889],[116,113.6451],[165,113.9235],[26,113.954],[20,115.0188],[57,115.0083],[13,115.4771],[145,115.8913],[15,115.9162],[42,115.0964],[86,115.3844],[11,114.9968],[18,115.0573],[6,115.8271],[29,114.6615],[9,115.1233],[56,115.6052],[130,115.6753],[10,115.1409],[100,115.7033],[41,115.3312],[4,115.0561],[70,115.7454],[28,114.938],[3,115.3617],[8,114.9236],[5,115.6219],[17,114.6126],[1,117.1476],[115,117.1111],[40,117.9092],[85,117.3662],[2,117.0646],[27,117.3813],[55,117.5742],[16,116.8613],[0,116.9945],[7,116.5374]

Finish Times:
[408,41.16056],[432,41.20056],[382,41.28056],[454,41.56057],[381,41.60057],[407,41.64057],[431,41.68057],[355,41.76057],[356,41.76057],[406,42.00058],[354,42.04058],[380,42.08058],[430,42.20058],[453,42.20058],[329,42.36059],[379,42.36059],[330,42.48059],[353,42.48059],[328,42.52059],[405,42.52059],[352,42.6806],[429,42.8006],[378,42.8806],[327,42.9606],[404,42.9606],[452,42.9606],[305,43.0006],[304,43.0406],[326,43.12061],[306,43.28061],[351,43.28061],[377,43.28061],[428,43.44061],[303,43.48061],[350,43.52061],[403,43.52061],[302,43.56062],[282,43.64062],[451,43.68062],[283,43.72062],[325,43.76062],[376,43.80062],[349,43.96062],[324,44.00063],[280,44.08063],[284,44.08063],[301,44.12063],[402,44.12063],[427,44.12063],[281,44.16063],[300,44.28063],[267,44.32063],[375,44.36063],[348,44.44064],[450,44.44064],[268,44.48064],[323,44.48064],[279,44.64064],[265,44.72064],[278,44.72064],[401,44.72064],[347,44.80064],[374,44.80064],[299,44.84064],[426,44.84064],[266,44.88065],[322,44.88065],[269,44.96065],[252,45.12065],[298,45.12065],[264,45.24065],[373,45.24065],[263,45.28065],[346,45.28065],[400,45.28065],[449,45.28065],[250,45.32066],[253,45.32066],[321,45.44066],[425,45.44066],[277,45.48066],[251,45.52066],[276,45.68066],[345,45.68066],[372,45.72066],[237,45.80067],[320,45.80067],[262,45.84067],[254,45.88067],[248,45.92067],[399,45.96067],[297,46.00067],[249,46.04067],[448,46.08067],[238,46.12067],[261,46.12067],[275,46.12067],[398,46.12067],[514,46.20068],[344,46.28068],[235,46.32068],[424,46.32068],[319,46.36068],[247,46.44068],[296,46.44068],[499,46.44068],[233,46.56068],[236,46.64069],[260,46.64069],[246,46.68069],[371,46.68069],[295,46.72069],[527,46.72069],[239,46.76069],[513,46.76069],[234,46.88069],[274,46.88069],[343,46.92069],[484,47.00069],[221,47.0807],[232,47.0807],[273,47.0807],[498,47.1207],[219,47.2007],[245,47.2407],[469,47.2407],[223,47.2807],[259,47.2807],[318,47.3207],[526,47.3207],[370,47.3607],[512,47.4007],[538,47.4407],[220,47.48071],[222,47.48071],[258,47.48071],[483,47.56071],[230,47.68071],[294,47.68071],[497,47.68071],[202,47.72071],[447,47.72071],[468,47.76071],[244,47.80071],[231,47.84071],[243,47.84071],[224,47.92072],[525,47.92072],[511,47.96072],[342,48.00072],[537,48.00072],[272,48.08072],[446,48.08072],[218,48.12072],[482,48.12072],[203,48.16072],[467,48.20072],[547,48.20072],[229,48.24072],[200,48.32072],[317,48.36073],[422,48.36073],[216,48.40073],[228,48.40073],[257,48.44073],[496,48.44073],[204,48.52073],[466,48.56073],[510,48.56073],[524,48.56073],[480,48.60073],[423,48.64073],[217,48.68073],[536,48.68073],[201,48.72073],[293,48.76073],[445,48.76073],[215,48.80074],[199,48.92074],[242,48.96074],[495,48.96074],[546,48.96074],[397,49.00074],[444,49.00074],[197,49.04074],[509,49.04074],[481,49.08074],[523,49.08074],[183,49.16074],[271,49.16074],[465,49.16074],[535,49.16074],[198,49.28075],[181,49.32075],[421,49.32075],[227,49.36075],[443,49.36075],[316,49.40075],[493,49.52075],[494,49.52075],[545,49.52075],[554,49.52075],[256,49.56075],[180,49.60075],[479,49.60075],[508,49.60075],[214,49.64075],[396,49.64075],[419,49.64075],[522,49.76076],[182,49.80076],[184,49.80076],[464,49.80076],[534,49.80076],[292,49.84076],[196,49.88076],[420,49.92076],[241,49.96076],[442,50.00076],[162,50.04076],[395,50.04076],[492,50.04076],[478,50.08076],[507,50.08076],[178,50.20077],[463,50.20077],[255,50.24077],[521,50.24077],[393,50.28077],[418,50.28077],[226,50.32077],[533,50.32077],[441,50.40077],[544,50.40077],[553,50.40077],[368,50.44077],[164,50.48077],[195,50.48077],[476,50.56078],[543,50.56078],[392,50.60078],[394,50.64078],[417,50.64078],[477,50.64078],[163,50.68078],[179,50.68078],[240,50.68078],[491,50.68078],[506,50.72078],[177,50.84078],[462,50.84078],[520,50.84078],[369,50.88078],[391,50.92078],[366,50.96078],[367,51.00079],[440,51.08079],[225,51.12079],[461,51.12079],[532,51.12079],[213,51.16079],[365,51.20079],[475,51.20079],[339,51.28079],[416,51.28079],[439,51.28079],[270,51.32079],[490,51.32079],[551,51.32079],[505,51.36079],[159,51.40079],[161,51.4408],[338,51.5208],[415,51.5208],[364,51.5608],[542,51.5608],[552,51.6008],[314,51.6408],[340,51.6408],[176,51.6808],[519,51.6808],[389,51.7208],[438,51.7208],[460,51.7608],[194,51.84081],[337,51.84081],[313,51.88081],[474,51.92081],[504,51.92081],[315,51.96081],[390,51.96081],[414,51.96081],[341,52.04081],[531,52.12081],[312,52.16081],[363,52.20081],[388,52.20081],[160,52.24081],[193,52.24081],[291,52.24081],[437,52.28082],[518,52.32082],[362,52.40082],[158,52.44082],[489,52.44082],[336,52.48082],[541,52.48082],[211,52.52082],[387,52.52082],[459,52.52082],[175,52.56082],[335,52.60082],[413,52.64082],[157,52.68082],[212,52.68082],[550,52.68082],[174,52.76083],[290,52.76083],[503,52.76083],[530,52.76083],[192,52.92083],[311,52.92083],[361,52.92083],[334,52.96083],[436,53.04083],[156,53.12083],[289,53.12083],[473,53.12083],[191,53.16084],[310,53.16084],[458,53.16084],[412,53.24084],[517,53.24084],[143,53.32084],[142,53.36084],[155,53.36084],[540,53.36084],[386,53.44084],[210,53.48084],[173,53.52084],[209,53.52084],[309,53.52084],[488,53.52084],[144,53.56084],[190,53.64085],[360,53.64085],[549,53.68085],[141,53.72085],[172,53.72085],[435,53.72085],[529,53.72085],[457,53.76085],[385,53.80085],[472,53.80085],[128,53.92085],[140,53.92085],[288,53.92085],[502,53.96085],[127,54.00085],[171,54.04086],[359,54.04086],[154,54.08086],[287,54.12086],[129,54.20086],[153,54.20086],[170,54.20086],[487,54.20086],[126,54.28086],[411,54.32086],[189,54.36086],[539,54.36086],[332,54.44086],[434,54.44086],[471,54.44086],[110,54.48087],[333,54.48087],[112,54.56087],[113,54.56087],[139,54.60087],[152,54.60087],[208,54.60087],[111,54.64087],[501,54.68087],[548,54.68087],[516,54.72087],[138,54.76087],[151,54.76087],[308,54.84087],[95,54.88087],[169,54.92088],[358,54.92088],[486,54.92088],[125,54.96088],[207,54.96088],[384,55.00088],[456,55.04088],[114,55.08088],[97,55.16088],[124,55.16088],[96,55.20088],[123,55.20088],[137,55.20088],[98,55.28088],[188,55.28088],[94,55.32088],[286,55.32088],[136,55.36089],[206,55.40089],[500,55.40089],[109,55.52089],[515,55.52089],[108,55.56089],[285,55.56089],[80,55.60089],[82,55.60089],[470,55.64089],[528,55.64089],[83,55.72089],[107,55.72089],[150,55.72089],[410,55.76089],[122,55.8009],[149,55.8009],[79,55.8809],[168,55.8809],[93,55.9609],[187,55.9609],[81,56.0009],[92,56.0409],[67,56.0809],[307,56.0809],[99,56.1609],[186,56.1609],[433,56.1609],[65,56.2009],[78,56.2009],[84,56.2009],[121,56.24091],[135,56.28091],[91,56.32091],[106,56.36091],[134,56.40091],[68,56.44091],[148,56.44091],[485,56.44091],[66,56.48091],[77,56.48091],[64,56.52091],[357,56.60091],[50,56.64091],[76,56.64091],[205,56.64091],[167,56.68092],[455,56.72092],[52,56.76092],[63,56.76092],[105,56.80092],[120,56.84092],[90,56.92092],[49,56.96092],[119,56.96092],[409,56.96092],[75,57.00092],[62,57.04092],[48,57.08092],[51,57.08092],[133,57.08092],[69,57.16093],[36,57.20093],[53,57.20093],[61,57.28093],[147,57.32093],[166,57.32093],[331,57.32093],[89,57.36093],[104,57.36093],[47,57.44093],[38,57.48093],[118,57.48093],[34,57.52094],[74,57.52094],[103,57.52094],[60,57.60094],[35,57.68094],[46,57.68094],[37,57.76094],[132,57.76094],[24,57.84094],[383,57.84094],[33,57.92094],[73,57.92094],[88,57.92094],[45,57.96095],[54,58.00095],[102,58.00095],[39,58.04095],[59,58.04095],[185,58.04095],[146,58.08095],[22,58.16095],[87,58.20095],[117,58.24095],[32,58.28095],[25,58.32095],[23,58.36095],[31,58.36095],[44,58.36095],[58,58.40096],[131,58.44096],[14,58.52096],[21,58.52096],[72,58.52096],[101,58.56096],[43,58.68096],[12,58.76096],[30,58.80096],[19,58.84097],[71,58.84097],[116,58.84097],[165,58.84097],[26,58.92097],[20,58.96097],[57,58.96097],[13,59.04097],[145,59.04097],[15,59.08097],[42,59.08097],[86,59.16097],[11,59.20097],[18,59.20097],[6,59.32098],[29,59.32098],[9,59.36098],[56,59.36098],[130,59.36098],[10,59.48098],[100,59.48098],[41,59.60098],[4,59.72099],[70,59.72099],[28,59.80099],[3,59.84099],[8,59.84099],[5,59.92099],[17,59.92099],[1,60.00099],[115,60.12099],[40,60.161],[85,60.161],[2,60.241],[27,60.321],[55,60.481],[16,60.521],[0,60.561],[7,60.60101]

Stuck Times:
[408,0],[432,0],[382,0],[454,0],[381,0],[407,0],[431,0],[355,0],[356,0],[406,0],[354,0],[380,0],[430,0],[453,0],[329,0],[379,0],[330,0],[353,0],[328,0],[405,0],[352,0],[429,0],[378,0],[327,0],[404,0],[452,0],[305,0],[304,0],[326,0],[306,0],[351,0],[377,0],[428,0],[303,0],[350,0],[403,0],[302,0],[282,0],[451,0],[283,0],[325,0],[376,0],[349,0],[324,0],[280,0],[284,0],[301,0],[402,0],[427,0],[281,0],[300,0],[267,0],[375,0],[348,0],[450,0],[268,0],[323,0],[279,0],[265,0],[278,0],[401,0],[347,0],[374,0],[299,0],[426,0],[266,0],[322,0],[269,0],[252,0],[298,0],[264,0],[373,0],[263,0],[346,0],[400,0],[449,0],[250,0],[253,0],[321,0],[425,0],[277,0],[251,0],[276,0],[345,0],[372,0],[237,0],[320,0],[262,0],[254,0],[248,0],[399,0],[297,0],[249,0],[448,0],[238,0],[261,0],[275,0],[398,0],[514,0],[344,0],[235,0],[424,0],[319,0],[247,0],[296,0],[499,0],[233,0],[236,0],[260,0],[246,0],[371,0],[295,0],[527,0],[239,0],[513,0],[234,0],[274,0],[343,0],[484,0],[221,0],[232,0],[273,0],[498,0],[219,0],[245,0],[469,0],[223,0],[259,0],[318,0],[526,0],[370,0],[512,0],[538,0],[220,0],[222,0],[258,0],[483,0],[230,0],[294,0],[497,0],[202,0],[447,0],[468,0],[244,0],[231,0],[243,0],[224,0],[525,0],[511,0],[342,0],[537,0],[272,0],[446,0],[218,0],[482,0],[203,0],[467,0],[547,0],[229,0],[200,0],[317,0],[422,0],[216,0],[228,0],[257,0],[496,0],[204,0],[466,0],[510,0],[524,0],[480,0],[423,0],[217,0],[536,0],[201,0],[293,0],[445,0],[215,0],[199,0],[242,0],[495,0],[546,0],[397,0],[444,0],[197,0],[509,0],[481,0],[523,0],[183,0],[271,0],[465,0],[535,0],[198,0],[181,0],[421,0],[227,0],[443,0],[316,0],[493,0],[494,0],[545,0],[554,0],[256,0],[180,0],[479,0],[508,0],[214,0],[396,0],[419,0],[522,0],[182,0],[184,0],[464,0],[534,0],[292,0],[196,0],[420,0],[241,0],[442,0],[162,0],[395,0],[492,0],[478,0],[507,0],[178,0],[463,0],[255,0],[521,0],[393,0],[418,0],[226,0],[533,0],[441,0],[544,0],[553,0],[368,0],[164,0],[195,0],[476,0],[543,0],[392,0],[394,0],[417,0],[477,0],[163,0],[179,0],[240,0],[491,0],[506,0],[177,0],[462,0],[520,0],[369,0],[391,0],[366,0],[367,0],[440,0],[225,0],[461,0],[532,0],[213,0],[365,0],[475,0],[339,0],[416,0],[439,0],[270,0],[490,0],[551,0],[505,0],[159,0],[161,0],[338,0],[415,0],[364,0],[542,0],[552,0],[314,0],[340,0],[176,0],[519,0],[389,0],[438,0],[460,0],[194,0],[337,0],[313,0],[474,0],[504,0],[315,0],[390,0],[414,0],[341,0],[531,0],[312,0],[363,0],[388,0],[160,0],[193,0],[291,0],[437,0],[518,0],[362,0],[158,0],[489,0],[336,0],[541,0],[211,0],[387,0],[459,0],[175,0],[335,0],[413,0],[157,0],[212,0],[550,0],[174,0],[290,0],[503,0],[530,0],[192,0],[311,0],[361,0],[334,0],[436,0],[156,0],[289,0],[473,0],[191,0],[310,0],[458,0],[412,0],[517,0],[143,0],[142,0],[155,0],[540,0],[386,0],[210,0],[173,0],[209,0],[309,0],[488,0],[144,0],[190,0],[360,0],[549,0],[141,0],[172,0],[435,0],[529,0],[457,0],[385,0],[472,0],[128,0],[140,0],[288,0],[502,0],[127,0],[171,0],[359,0],[154,0],[287,0],[129,0],[153,0],[170,0],[487,0],[126,0],[411,0],[189,0],[539,0],[332,0],[434,0],[471,0],[110,0],[333,0],[112,0],[113,0],[139,0],[152,0],[208,0],[111,0],[501,0],[548,0],[516,0],[138,0],[151,0],[308,0],[95,0],[169,0],[358,0],[486,0],[125,0],[207,0],[384,0],[456,0],[114,0],[97,0],[124,0],[96,0],[123,0],[137,0],[98,0],[188,0],[94,0],[286,0],[136,0],[206,0],[500,0],[109,0],[515,0],[108,0],[285,0],[80,0],[82,0],[470,0],[528,0],[83,0],[107,0],[150,0],[410,0],[122,0],[149,0],[79,0],[168,0],[93,0],[187,0],[81,0],[92,0],[67,0],[307,0],[99,0],[186,0],[433,0],[65,0],[78,0],[84,0],[121,0],[135,0],[91,0],[106,0],[134,0],[68,0],[148,0],[485,0],[66,0],[77,0],[64,0],[357,0],[50,0],[76,0],[205,0],[167,0],[455,0],[52,0],[63,0],[105,0],[120,0],[90,0],[49,0],[119,0],[409,0],[75,0],[62,0],[48,0],[51,0],[133,0],[69,0],[36,0],[53,0],[61,0],[147,0],[166,0],[331,0],[89,0],[104,0],[47,0],[38,0],[118,0],[34,0],[74,0],[103,0],[60,0],[35,0],[46,0],[37,0],[132,0],[24,0],[383,0],[33,0],[73,0],[88,0],[45,0],[54,0],[102,0],[39,0],[59,0],[185,0],[146,0],[22,0],[87,0],[117,0],[32,0],[25,0],[23,0],[31,0],[44,0],[58,0],[131,0],[14,0],[21,0],[72,0],[101,0],[43,0],[12,0],[30,0],[19,0],[71,0],[116,0],[165,0],[26,0],[20,0],[57,0],[13,0],[145,0],[15,0],[42,0],[86,0],[11,0],[18,0],[6,0],[29,0],[9,0],[56,0],[130,0],[10,0],[100,0],[41,0],[4,0],[70,0],[28,0],[3,0],[8,0],[5,0],[17,0],[1,0],[115,0],[40,0],[85,0],[2,0],[27,0],[55,0],[16,0],[0,0],[7,0]

