Experiment Name: Custom-Plains-1
Method Used: PathFollowingLowerNumberOfPaths
Run Number: 8
Preparation Time: 0.0004ms
Pathfinding Time: 11.5352ms
Finish Time: 61.08102ms
Finish Time 90%: 59.16097ms
Repaths: 0
Soft Repaths: 0

Gates Data:

Travel Distances:
[407,81.03346],[432,79.90977],[408,83.2019],[353,83.62368],[380,82.19718],[431,82.17742],[454,81.77182],[352,83.75275],[327,83.66191],[381,83.21792],[379,82.7365],[406,83.83183],[430,83.69286],[326,85.8331],[325,85.81605],[303,85.44895],[453,83.26962],[351,84.87918],[378,84.34643],[354,85.23193],[302,85.73188],[301,85.7606],[405,83.52561],[324,85.81144],[281,85.73556],[377,84.54427],[350,86.95461],[404,85.72659],[382,87.75267],[452,85.6022],[279,87.81636],[300,87.78862],[429,85.14604],[328,87.20266],[299,87.74943],[280,87.68761],[349,86.55923],[376,86.20553],[266,87.61445],[323,86.99964],[428,85.63851],[451,85.88958],[375,86.23927],[278,87.79523],[277,87.74979],[403,85.40315],[298,87.67144],[348,86.58852],[264,89.56089],[304,88.9383],[402,87.45955],[265,89.68346],[322,89.02458],[355,89.78439],[427,87.61089],[401,88.31942],[426,88.48357],[251,89.49118],[262,89.73422],[276,90.02345],[374,88.45827],[297,89.90927],[450,87.27821],[263,89.64424],[347,88.83459],[249,89.7492],[425,89.07942],[282,89.16114],[449,87.76775],[400,88.93359],[321,89.39604],[448,88.617],[373,91.01651],[250,91.59366],[260,91.7497],[261,91.68163],[329,91.57898],[499,93.62736],[247,91.65611],[346,91.32607],[514,93.86691],[275,91.05849],[356,92.17644],[399,90.7168],[424,91.15385],[236,91.5259],[248,91.73151],[372,90.45043],[484,93.11259],[345,90.75309],[245,91.92397],[296,90.69393],[234,91.75066],[246,91.7569],[259,91.64218],[469,92.68005],[320,90.96022],[447,92.51463],[232,91.67661],[423,92.7258],[498,93.70026],[267,90.96666],[513,93.85128],[398,91.40127],[527,95.81289],[244,94.07179],[274,92.90224],[371,92.90687],[483,95.27753],[235,93.70968],[233,93.50384],[468,94.8692],[295,92.72936],[230,93.49796],[231,93.60873],[422,95.13522],[446,94.69034],[397,94.38367],[512,95.56861],[526,95.78791],[305,93.4645],[497,95.09686],[258,93.56998],[220,93.55068],[237,92.9048],[218,93.47126],[273,93.37082],[344,92.42815],[538,95.79291],[482,94.69873],[229,93.75073],[319,92.45608],[511,95.69164],[445,95.21639],[216,93.70222],[396,94.54249],[219,95.3842],[370,95.34843],[525,97.81028],[243,95.63713],[496,97.16253],[283,95.03416],[257,95.60374],[467,96.24968],[222,94.728],[343,95.21625],[217,95.38416],[221,94.72364],[537,97.86189],[294,94.4417],[421,96.52348],[228,95.96698],[395,97.07063],[481,96.70548],[510,97.45818],[199,95.47212],[215,95.91216],[547,97.85924],[369,95.86595],[524,97.48377],[242,96.11212],[444,96.7448],[330,95.53931],[272,95.12496],[495,97.12122],[252,94.54994],[318,94.43979],[536,97.55486],[198,95.50839],[466,96.24088],[201,94.8057],[394,98.82876],[227,98.23948],[293,96.88203],[368,98.50262],[509,99.41913],[546,99.76781],[480,98.48728],[214,98.17274],[223,96.05405],[420,98.09943],[200,96.63995],[256,97.56178],[342,96.7189],[523,99.54626],[443,98.44942],[197,96.53708],[494,99.00809],[306,96.19377],[317,96.40853],[554,99.81105],[465,98.06017],[367,98.28476],[535,99.67429],[393,98.48662],[241,98.35013],[253,96.29511],[180,96.66628],[271,97.23528],[340,98.70443],[202,96.1087],[213,98.68227],[419,98.02409],[479,98.61271],[508,99.59295],[203,96.10735],[522,99.74761],[341,97.86839],[196,96.99483],[255,98.22348],[442,98.5528],[545,101.8027],[182,98.01357],[292,98.44691],[366,100.0066],[493,101.0622],[339,100.4758],[534,101.5804],[464,100.0437],[392,100.3225],[178,98.35606],[225,100.1424],[315,100.0716],[238,98.50987],[240,98.80661],[418,99.92168],[226,100.1252],[268,99.16047],[544,101.6919],[478,100.4087],[507,101.5648],[184,98.03851],[316,98.69874],[224,98.27687],[338,100.391],[441,100.3227],[521,101.7166],[157,100.7591],[179,98.46757],[195,99.67188],[365,99.90037],[270,98.29449],[284,100.2453],[314,99.76945],[492,101.096],[391,100.2309],[463,100.0326],[553,101.8161],[533,101.7999],[143,101.617],[211,100.0809],[175,101.9444],[417,101.6501],[177,100.8748],[477,102.2924],[506,103.5278],[552,103.7614],[144,103.2336],[193,101.1747],[254,100.6103],[337,102.2488],[543,103.8031],[313,101.4952],[440,102.0006],[156,102.6525],[181,100.4036],[520,103.6979],[269,101.5064],[364,101.6179],[161,99.73109],[174,101.7632],[291,100.9563],[491,103.0301],[390,101.8905],[142,103.5141],[212,102.5337],[462,101.8089],[192,101.3944],[204,100.8553],[532,103.7569],[155,102.4612],[312,101.2472],[416,101.6024],[173,101.9909],[128,103.6376],[290,100.8074],[505,103.63],[336,101.7996],[476,102.3322],[141,105.0085],[154,104.371],[176,103.8117],[210,102.9059],[363,103.172],[439,103.8828],[162,102.3423],[542,105.6517],[519,105.7193],[551,105.7896],[191,103.1207],[129,105.3893],[389,103.478],[490,104.9581],[127,105.1947],[140,105.0271],[239,103.2685],[289,102.7903],[461,103.6519],[183,102.2611],[311,103.0673],[113,105.6968],[172,103.7813],[335,103.6085],[531,105.7903],[209,103.0986],[415,103.2552],[504,105.6396],[126,104.803],[139,105.13],[190,103.3384],[194,104.4994],[475,104.1133],[362,103.0998],[159,101.8444],[438,103.705],[125,104.898],[171,103.8856],[208,103.0642],[114,105.3947],[288,102.6392],[518,105.6769],[189,103.3582],[388,103.4674],[541,107.7971],[111,107.2606],[112,107.3043],[153,105.2646],[489,106.9074],[550,107.7724],[170,105.5189],[163,104.125],[460,105.4269],[310,104.5657],[414,105.0394],[109,107.0538],[110,107.2898],[530,107.6717],[152,104.9328],[207,104.9777],[188,105.0952],[334,105.1137],[503,107.7952],[98,107.3781],[138,105.5459],[158,104.887],[437,105.6035],[474,106.0192],[97,107.1755],[169,105.4942],[96,107.0202],[164,103.5035],[124,105.4071],[361,104.7802],[95,106.6334],[99,107.8618],[287,104.2453],[151,104.9232],[517,107.7876],[459,105.598],[540,107.6843],[187,105.218],[309,104.5931],[137,105.4627],[94,108.3305],[387,107.0415],[549,109.811],[488,109.0469],[160,106.3321],[168,107.3311],[123,107.0223],[333,106.9587],[81,109.5089],[80,109.0707],[82,109.7774],[473,108.3102],[150,106.591],[206,106.6012],[79,109.0541],[83,109.9235],[436,107.8675],[286,106.1048],[108,107.4172],[136,107.0653],[360,106.5052],[529,109.7264],[122,106.7934],[167,107.444],[308,106.5075],[502,109.7772],[66,109.1468],[78,108.6282],[149,106.59],[487,109.2078],[67,109.5047],[413,106.498],[458,108.0211],[65,108.8452],[186,106.7179],[107,107.2276],[135,106.9477],[359,107.4371],[205,106.7454],[548,109.8333],[68,109.8022],[121,106.7213],[84,111.9311],[435,109.9531],[64,110.5964],[93,108.7296],[285,108.1099],[134,109.1641],[386,108.4846],[516,111.6893],[539,111.6902],[50,111.4511],[106,108.828],[120,108.706],[472,110.5748],[51,111.686],[105,108.9568],[147,109.2928],[148,108.3434],[332,108.4334],[457,110.4887],[49,111.3074],[63,110.0319],[501,111.7624],[92,108.5362],[52,111.8539],[166,108.8305],[412,108.5171],[385,109.0945],[91,108.7026],[104,108.6166],[90,108.5492],[48,110.7783],[133,108.3536],[411,109.3089],[36,111.6546],[77,109.0055],[76,109.1039],[119,108.0344],[185,108.8296],[53,113.8764],[35,113.5458],[69,113.9463],[434,112.5337],[132,111.0602],[37,113.78],[471,112.6507],[486,113.2021],[528,113.8013],[75,110.4202],[62,111.4739],[307,110.2901],[515,113.7878],[61,111.3271],[89,110.3535],[60,111.207],[34,112.8059],[38,113.9333],[103,110.2646],[146,110.5369],[384,111.8347],[410,112.6314],[88,110.8643],[118,110.0211],[24,113.7502],[47,111.0639],[74,110.4301],[45,111.5499],[23,113.7311],[165,110.6636],[59,111.064],[33,112.4584],[433,113.3351],[456,112.8893],[58,111.3386],[117,110.6328],[22,114.91],[39,115.7957],[54,115.9311],[46,112.7044],[72,113.3838],[358,112.4083],[25,115.909],[383,114.639],[485,115.3802],[44,113.1821],[32,114.0481],[87,113.2217],[131,112.6412],[43,113.3373],[73,111.8565],[500,115.7987],[14,115.8613],[29,114.2144],[13,115.8696],[21,114.4157],[145,113.2525],[31,112.894],[409,114.6868],[19,114.1876],[102,111.7948],[455,115.4451],[56,114.0866],[12,114.9008],[42,113.5555],[331,113.7343],[30,112.8788],[20,114.0039],[101,112.6919],[17,114.0803],[26,115.9435],[116,114.139],[470,114.8409],[57,114.3187],[100,116.2908],[15,117.9304],[18,115.7189],[71,114.8481],[6,117.7789],[11,116.0793],[5,117.7992],[28,115.4818],[9,115.7246],[8,115.7484],[357,115.8963],[55,115.8886],[41,114.9688],[130,116.2385],[7,116.3259],[86,114.2785],[10,115.6622],[115,115.8661],[85,116.1373],[4,116.5511],[1,115.5263],[70,114.5722],[16,115.6029],[2,117.3052],[0,117.6896],[3,117.8281],[40,117.1341],[27,116.8908]

Finish Times:
[407,43.76062],[432,43.84062],[408,44.08063],[353,44.20063],[380,44.32063],[431,44.48064],[454,44.52064],[352,44.68064],[327,44.72064],[381,44.72064],[379,44.88065],[406,44.96065],[430,45.08065],[326,45.12065],[325,45.20065],[303,45.24065],[453,45.24065],[351,45.40066],[378,45.40066],[354,45.48066],[302,45.60066],[301,45.64066],[405,45.64066],[324,45.76067],[281,45.80067],[377,45.84067],[350,45.96067],[404,45.96067],[382,46.00067],[452,46.00067],[279,46.20068],[300,46.20068],[429,46.24068],[328,46.28068],[299,46.32068],[280,46.36068],[349,46.36068],[376,46.44068],[266,46.48068],[323,46.52068],[428,46.64069],[451,46.68069],[375,46.72069],[278,46.76069],[277,46.80069],[403,46.80069],[298,46.88069],[348,46.88069],[264,46.96069],[304,46.96069],[402,47.00069],[265,47.0407],[322,47.0807],[355,47.2007],[427,47.2407],[401,47.2807],[426,47.3207],[251,47.3607],[262,47.4007],[276,47.4007],[374,47.4007],[297,47.48071],[450,47.48071],[263,47.56071],[347,47.56071],[249,47.68071],[425,47.68071],[282,47.72071],[449,47.76071],[400,47.80071],[321,47.88071],[448,47.92072],[373,47.96072],[250,48.00072],[260,48.00072],[261,48.00072],[329,48.08072],[499,48.12072],[247,48.16072],[346,48.16072],[514,48.16072],[275,48.20072],[356,48.24072],[399,48.24072],[424,48.28072],[236,48.36073],[248,48.36073],[372,48.36073],[484,48.36073],[345,48.48073],[245,48.52073],[296,48.52073],[234,48.68073],[246,48.68073],[259,48.72073],[469,48.72073],[320,48.76073],[447,48.76073],[232,48.80074],[423,48.84074],[498,48.84074],[267,48.88074],[513,48.88074],[398,48.92074],[527,49.00074],[244,49.08074],[274,49.08074],[371,49.08074],[483,49.08074],[235,49.12074],[233,49.16074],[468,49.20074],[295,49.24075],[230,49.28075],[231,49.32075],[422,49.36075],[446,49.36075],[397,49.44075],[512,49.48075],[526,49.48075],[305,49.52075],[497,49.52075],[258,49.56075],[220,49.60075],[237,49.60075],[218,49.64075],[273,49.64075],[344,49.64075],[538,49.64075],[482,49.76076],[229,49.84076],[319,49.84076],[511,49.84076],[445,49.88076],[216,49.92076],[396,49.92076],[219,49.96076],[370,50.00076],[525,50.04076],[243,50.08076],[496,50.08076],[283,50.12077],[257,50.16077],[467,50.16077],[222,50.20077],[343,50.20077],[217,50.24077],[221,50.24077],[537,50.24077],[294,50.40077],[421,50.40077],[228,50.44077],[395,50.44077],[481,50.44077],[510,50.48077],[199,50.56078],[215,50.56078],[547,50.56078],[369,50.60078],[524,50.60078],[242,50.64078],[444,50.64078],[330,50.68078],[272,50.72078],[495,50.72078],[252,50.76078],[318,50.76078],[536,50.80078],[198,50.84078],[466,50.84078],[201,50.92078],[394,50.96078],[227,51.04079],[293,51.04079],[368,51.04079],[509,51.04079],[546,51.04079],[480,51.08079],[214,51.12079],[223,51.12079],[420,51.12079],[200,51.16079],[256,51.16079],[342,51.20079],[523,51.20079],[443,51.28079],[197,51.32079],[494,51.32079],[306,51.4408],[317,51.4408],[554,51.4408],[465,51.4808],[367,51.5208],[535,51.5208],[393,51.5608],[241,51.6008],[253,51.6008],[180,51.6408],[271,51.6408],[340,51.6408],[202,51.6808],[213,51.6808],[419,51.7208],[479,51.7208],[508,51.7208],[203,51.8008],[522,51.8008],[341,51.84081],[196,51.92081],[255,51.92081],[442,51.92081],[545,52.00081],[182,52.04081],[292,52.04081],[366,52.04081],[493,52.04081],[339,52.08081],[534,52.08081],[464,52.12081],[392,52.16081],[178,52.24081],[225,52.24081],[315,52.28082],[238,52.32082],[240,52.32082],[418,52.32082],[226,52.36082],[268,52.36082],[544,52.36082],[478,52.40082],[507,52.40082],[184,52.48082],[316,52.48082],[224,52.56082],[338,52.56082],[441,52.56082],[521,52.56082],[157,52.64082],[179,52.64082],[195,52.64082],[365,52.64082],[270,52.68082],[284,52.68082],[314,52.76083],[492,52.76083],[391,52.80083],[463,52.80083],[553,52.80083],[533,52.84083],[143,52.88083],[211,52.92083],[175,52.96083],[417,53.00083],[177,53.04083],[477,53.08083],[506,53.08083],[552,53.08083],[144,53.12083],[193,53.12083],[254,53.12083],[337,53.12083],[543,53.20084],[313,53.24084],[440,53.24084],[156,53.28084],[181,53.28084],[520,53.28084],[269,53.32084],[364,53.32084],[161,53.36084],[174,53.36084],[291,53.36084],[491,53.44084],[390,53.48084],[142,53.52084],[212,53.52084],[462,53.52084],[192,53.56084],[204,53.56084],[532,53.60085],[155,53.64085],[312,53.72085],[416,53.72085],[173,53.76085],[128,53.80085],[290,53.80085],[505,53.80085],[336,53.84085],[476,53.84085],[141,53.96085],[154,53.96085],[176,53.96085],[210,53.96085],[363,53.96085],[439,53.96085],[162,54.04086],[542,54.04086],[519,54.08086],[551,54.08086],[191,54.16086],[129,54.20086],[389,54.20086],[490,54.20086],[127,54.24086],[140,54.24086],[239,54.24086],[289,54.28086],[461,54.28086],[183,54.32086],[311,54.32086],[113,54.36086],[172,54.40086],[335,54.40086],[531,54.40086],[209,54.44086],[415,54.44086],[504,54.56087],[126,54.60087],[139,54.60087],[190,54.60087],[194,54.60087],[475,54.64087],[362,54.68087],[159,54.76087],[438,54.76087],[125,54.84087],[171,54.84087],[208,54.84087],[114,54.88087],[288,54.88087],[518,54.88087],[189,54.92088],[388,54.92088],[541,54.96088],[111,55.00088],[112,55.00088],[153,55.00088],[489,55.00088],[550,55.00088],[170,55.08088],[163,55.12088],[460,55.12088],[310,55.20088],[414,55.20088],[109,55.24088],[110,55.24088],[530,55.24088],[152,55.28088],[207,55.36089],[188,55.40089],[334,55.40089],[503,55.40089],[98,55.48089],[138,55.48089],[158,55.52089],[437,55.52089],[474,55.52089],[97,55.56089],[169,55.56089],[96,55.60089],[164,55.60089],[124,55.64089],[361,55.64089],[95,55.68089],[99,55.68089],[287,55.68089],[151,55.72089],[517,55.8009],[459,55.8409],[540,55.8409],[187,55.8809],[309,55.8809],[137,55.9209],[94,55.9609],[387,55.9609],[549,55.9609],[488,56.0009],[160,56.0409],[168,56.0409],[123,56.0809],[333,56.0809],[81,56.1209],[80,56.1609],[82,56.1609],[473,56.1609],[150,56.2009],[206,56.2009],[79,56.28091],[83,56.28091],[436,56.28091],[286,56.32091],[108,56.36091],[136,56.36091],[360,56.40091],[529,56.40091],[122,56.48091],[167,56.52091],[308,56.52091],[502,56.52091],[66,56.68092],[78,56.68092],[149,56.68092],[487,56.68092],[67,56.72092],[413,56.72092],[458,56.72092],[65,56.76092],[186,56.76092],[107,56.80092],[135,56.80092],[359,56.84092],[205,56.88092],[548,56.88092],[68,56.92092],[121,56.92092],[84,56.96092],[435,57.00092],[64,57.04092],[93,57.08092],[285,57.08092],[134,57.12093],[386,57.12093],[516,57.12093],[539,57.20093],[50,57.24093],[106,57.24093],[120,57.24093],[472,57.28093],[51,57.36093],[105,57.36093],[147,57.36093],[148,57.36093],[332,57.36093],[457,57.36093],[49,57.40093],[63,57.44093],[501,57.44093],[92,57.52094],[52,57.56094],[166,57.56094],[412,57.60094],[385,57.64094],[91,57.68094],[104,57.68094],[90,57.80094],[48,57.84094],[133,57.84094],[411,57.84094],[36,57.88094],[77,57.88094],[76,57.92094],[119,57.92094],[185,57.92094],[53,57.96095],[35,58.00095],[69,58.00095],[434,58.00095],[132,58.04095],[37,58.08095],[471,58.08095],[486,58.08095],[528,58.12095],[75,58.16095],[62,58.20095],[307,58.20095],[515,58.20095],[61,58.24095],[89,58.28095],[60,58.32095],[34,58.36095],[38,58.40096],[103,58.40096],[146,58.40096],[384,58.40096],[410,58.44096],[88,58.52096],[118,58.56096],[24,58.60096],[47,58.60096],[74,58.60096],[45,58.64096],[23,58.68096],[165,58.68096],[59,58.72096],[33,58.76096],[433,58.76096],[456,58.76096],[58,58.92097],[117,58.92097],[22,58.96097],[39,58.96097],[54,58.96097],[46,59.00097],[72,59.00097],[358,59.00097],[25,59.04097],[383,59.04097],[485,59.04097],[44,59.08097],[32,59.16097],[87,59.16097],[131,59.20097],[43,59.28098],[73,59.28098],[500,59.28098],[14,59.32098],[29,59.32098],[13,59.36098],[21,59.36098],[145,59.36098],[31,59.44098],[409,59.48098],[19,59.52098],[102,59.52098],[455,59.52098],[56,59.64098],[12,59.68098],[42,59.68098],[331,59.68098],[30,59.76099],[20,59.80099],[101,59.84099],[17,59.88099],[26,59.88099],[116,59.88099],[470,59.92099],[57,59.96099],[100,59.96099],[15,60.00099],[18,60.00099],[71,60.00099],[6,60.08099],[11,60.08099],[5,60.161],[28,60.161],[9,60.281],[8,60.321],[357,60.321],[55,60.361],[41,60.441],[130,60.441],[7,60.481],[86,60.481],[10,60.521],[115,60.60101],[85,60.64101],[4,60.72101],[1,60.76101],[70,60.84101],[16,60.88101],[2,61.00101],[0,61.04102],[3,61.04102],[40,61.04102],[27,61.08102]

Stuck Times:
[407,1],[432,2],[408,1],[353,1],[380,2],[431,2],[454,2],[352,1],[327,1],[381,1],[379,2],[406,2],[430,2],[326,1],[325,1],[303,1],[453,2],[351,2],[378,2],[354,1],[302,1],[301,1],[405,2],[324,1],[281,1],[377,2],[350,2],[404,2],[382,0],[452,2],[279,1],[300,1],[429,2],[328,1],[299,1],[280,1],[349,2],[376,2],[266,1],[323,2],[428,2],[451,2],[375,2],[278,1],[277,1],[403,2],[298,1],[348,2],[264,1],[304,1],[402,2],[265,1],[322,2],[355,0],[427,2],[401,2],[426,2],[251,1],[262,1],[276,1],[374,2],[297,1],[450,2],[263,1],[347,2],[249,1],[425,1],[282,1],[449,2],[400,1],[321,2],[448,1],[373,1],[250,1],[260,1],[261,1],[329,0],[499,0],[247,1],[346,1],[514,0],[275,1],[356,0],[399,2],[424,0],[236,1],[248,1],[372,2],[484,0],[345,2],[245,1],[296,2],[234,1],[246,1],[259,1],[469,0],[320,2],[447,0],[232,1],[423,0],[498,0],[267,1],[513,0],[398,0],[527,0],[244,0],[274,1],[371,1],[483,0],[235,1],[233,1],[468,0],[295,2],[230,1],[231,1],[422,0],[446,0],[397,0],[512,0],[526,0],[305,0],[497,0],[258,0],[220,1],[237,2],[218,1],[273,0],[344,1],[538,0],[482,0],[229,1],[319,1],[511,0],[445,0],[216,1],[396,0],[219,1],[370,0],[525,0],[243,0],[496,0],[283,0],[257,0],[467,0],[222,2],[343,0],[217,1],[221,2],[537,0],[294,1],[421,0],[228,0],[395,0],[481,0],[510,0],[199,1],[215,1],[547,0],[369,0],[524,0],[242,0],[444,0],[330,0],[272,0],[495,0],[252,1],[318,0],[536,0],[198,1],[466,0],[201,2],[394,0],[227,0],[293,0],[368,0],[509,0],[546,0],[480,0],[214,0],[223,2],[420,0],[200,2],[256,0],[342,0],[523,0],[443,0],[197,1],[494,0],[306,1],[317,1],[554,0],[465,0],[367,0],[535,0],[393,0],[241,0],[253,1],[180,2],[271,0],[340,0],[202,2],[213,0],[419,0],[479,0],[508,0],[203,2],[522,0],[341,0],[196,1],[255,0],[442,0],[545,0],[182,2],[292,0],[366,0],[493,0],[339,0],[534,0],[464,0],[392,0],[178,1],[225,0],[315,0],[238,2],[240,0],[418,0],[226,0],[268,1],[544,0],[478,0],[507,0],[184,2],[316,0],[224,2],[338,0],[441,0],[521,0],[157,0],[179,2],[195,0],[365,0],[270,0],[284,0],[314,0],[492,0],[391,0],[463,0],[553,0],[533,0],[143,0],[211,0],[175,0],[417,0],[177,0],[477,0],[506,0],[552,0],[144,0],[193,0],[254,1],[337,0],[543,0],[313,0],[440,0],[156,0],[181,2],[520,0],[269,0],[364,0],[161,2],[174,0],[291,0],[491,0],[390,0],[142,0],[212,0],[462,0],[192,0],[204,1],[532,0],[155,0],[312,0],[416,0],[173,0],[128,0],[290,0],[505,0],[336,0],[476,0],[141,0],[154,0],[176,0],[210,0],[363,0],[439,0],[162,2],[542,0],[519,0],[551,0],[191,0],[129,0],[389,0],[490,0],[127,0],[140,0],[239,0],[289,0],[461,0],[183,2],[311,0],[113,0],[172,0],[335,0],[531,0],[209,0],[415,0],[504,0],[126,0],[139,0],[190,0],[194,0],[475,0],[362,0],[159,2],[438,0],[125,0],[171,0],[208,0],[114,0],[288,0],[518,0],[189,0],[388,0],[541,0],[111,0],[112,0],[153,0],[489,0],[550,0],[170,0],[163,3],[460,0],[310,0],[414,0],[109,0],[110,0],[530,0],[152,0],[207,0],[188,0],[334,0],[503,0],[98,0],[138,0],[158,1],[437,0],[474,0],[97,0],[169,0],[96,0],[164,3],[124,0],[361,0],[95,0],[99,0],[287,0],[151,0],[517,0],[459,0],[540,0],[187,0],[309,0],[137,0],[94,0],[387,0],[549,0],[488,0],[160,1],[168,0],[123,0],[333,0],[81,0],[80,0],[82,0],[473,0],[150,0],[206,0],[79,0],[83,0],[436,0],[286,0],[108,0],[136,0],[360,0],[529,0],[122,0],[167,0],[308,0],[502,0],[66,0],[78,0],[149,0],[487,0],[67,0],[413,0],[458,0],[65,0],[186,0],[107,0],[135,0],[359,0],[205,0],[548,0],[68,0],[121,0],[84,0],[435,0],[64,0],[93,0],[285,0],[134,0],[386,0],[516,0],[539,0],[50,0],[106,0],[120,0],[472,0],[51,0],[105,0],[147,0],[148,0],[332,0],[457,0],[49,0],[63,0],[501,0],[92,0],[52,0],[166,0],[412,0],[385,0],[91,0],[104,0],[90,0],[48,0],[133,0],[411,0],[36,0],[77,0],[76,0],[119,0],[185,0],[53,0],[35,0],[69,0],[434,0],[132,0],[37,0],[471,0],[486,0],[528,0],[75,0],[62,0],[307,0],[515,0],[61,0],[89,0],[60,0],[34,0],[38,0],[103,0],[146,0],[384,0],[410,0],[88,0],[118,1],[24,0],[47,0],[74,0],[45,0],[23,0],[165,0],[59,0],[33,0],[433,0],[456,0],[58,0],[117,0],[22,0],[39,0],[54,0],[46,0],[72,0],[358,0],[25,0],[383,0],[485,0],[44,0],[32,0],[87,0],[131,0],[43,0],[73,0],[500,0],[14,0],[29,0],[13,0],[21,0],[145,0],[31,0],[409,0],[19,0],[102,1],[455,0],[56,0],[12,0],[42,0],[331,0],[30,0],[20,0],[101,0],[17,0],[26,0],[116,0],[470,0],[57,0],[100,0],[15,0],[18,0],[71,0],[6,0],[11,0],[5,0],[28,0],[9,0],[8,0],[357,1],[55,0],[41,0],[130,0],[7,0],[86,0],[10,0],[115,0],[85,0],[4,0],[1,0],[70,0],[16,0],[2,0],[0,0],[3,0],[40,0],[27,0]

