Experiment Name: Custom-Plains-1
Method Used: RegionalFlowGraph
Run Number: 5
Preparation Time: 53.5508ms
Pathfinding Time: 4.8683ms
Finish Time: 60.161ms
Finish Time 90%: 57.80094ms
Repaths: 0
Soft Repaths: 0

Gates Data:

Travel Distances:
[382,79.97005],[408,79.97429],[356,79.96002],[432,79.98661],[381,79.95246],[355,79.96608],[407,79.95181],[354,81.95007],[330,81.89103],[380,81.94183],[431,81.97739],[454,81.98888],[329,81.76901],[406,81.96442],[353,81.96556],[379,81.95159],[328,81.84867],[430,81.98231],[305,81.94715],[306,81.91385],[352,81.9197],[405,83.94353],[453,83.9798],[327,83.86028],[304,83.94024],[378,83.94733],[351,83.96065],[326,83.84758],[429,83.97355],[303,83.8953],[404,83.97306],[283,83.93748],[377,83.96896],[282,83.94129],[284,83.91545],[350,83.97266],[452,83.98506],[302,83.80273],[325,83.93833],[281,83.94753],[403,85.95197],[428,85.95754],[280,85.90912],[376,85.95283],[268,85.90733],[324,85.89878],[349,85.9645],[267,85.88627],[301,85.38129],[269,85.89697],[279,85.91509],[266,85.89914],[323,85.88904],[348,85.96245],[375,85.95925],[451,85.98188],[265,85.9101],[300,85.39365],[402,85.95455],[427,85.97324],[252,87.91644],[299,87.71412],[253,87.91098],[278,87.48674],[374,87.83012],[347,87.84303],[251,87.68706],[322,87.57733],[250,87.63639],[401,87.72421],[264,87.6375],[254,87.89381],[298,87.60571],[426,87.95925],[450,87.96759],[400,87.76307],[373,87.74774],[346,87.71304],[425,87.86817],[276,87.82684],[249,87.78072],[321,87.51595],[277,87.32268],[263,87.46503],[235,89.85542],[236,89.89844],[237,89.90395],[424,89.80707],[399,89.48526],[297,89.26059],[372,89.46274],[238,89.87527],[345,89.44929],[448,89.87631],[514,89.84314],[275,89.74592],[449,89.92453],[248,89.31368],[261,89.8306],[320,89.09403],[262,89.39146],[499,89.37584],[398,89.32196],[234,89.90129],[371,89.11313],[296,88.98641],[239,89.86237],[221,89.89611],[344,89.01855],[222,89.91775],[274,91.27532],[498,91.85171],[247,91.25929],[513,91.94463],[246,91.38358],[223,91.88228],[319,90.55698],[483,91.7343],[484,90.53405],[469,90.73504],[527,91.98787],[260,91.3929],[233,91.35675],[295,90.62952],[447,90.88423],[220,91.80445],[273,91.24308],[370,90.01964],[512,91.72987],[231,91.5865],[482,91.57378],[224,91.85583],[468,90.7926],[497,91.61128],[526,91.82221],[245,91.15182],[202,91.89348],[232,91.33089],[343,89.91096],[446,90.97087],[538,91.99156],[259,90.98766],[203,93.83038],[318,91.58051],[422,92.90743],[219,93.19405],[496,93.44688],[511,93.45171],[525,93.60829],[481,93.37147],[230,93.56252],[423,91.74701],[244,93.06195],[537,93.75208],[467,92.49391],[294,91.54331],[217,93.64812],[342,91.56171],[445,92.60645],[258,92.726],[204,93.86263],[200,93.93157],[421,92.85679],[495,93.78119],[547,93.97211],[218,93.30669],[480,93.49554],[465,93.69337],[510,93.74735],[317,91.23647],[524,93.94925],[229,93.26287],[396,92.06746],[466,92.39375],[201,93.88316],[243,92.7486],[216,95.3908],[272,93.29969],[536,95.92361],[444,94.18822],[397,92.9341],[420,94.51815],[479,95.49277],[494,95.68583],[183,95.8682],[198,95.5443],[293,92.62827],[509,95.67406],[464,95.59232],[199,95.82388],[523,95.82257],[228,95.01014],[546,95.96549],[443,94.37],[257,93.84084],[395,93.68878],[316,92.64516],[535,95.82953],[215,95.16415],[271,93.10582],[181,95.89761],[419,94.47792],[478,95.67252],[463,95.79012],[493,95.92128],[184,95.86597],[197,95.45609],[393,94.69157],[508,95.86076],[368,93.70934],[441,95.56319],[545,95.74214],[292,94.36588],[179,97.84108],[182,97.78798],[242,95.78257],[256,95.96767],[442,96.17403],[522,97.95107],[554,97.9348],[477,97.43715],[214,97.08839],[270,95.45402],[369,94.30099],[394,95.05898],[418,96.32237],[492,97.7048],[462,97.52981],[180,97.80988],[507,97.54297],[534,97.9535],[196,97.34467],[440,97.2101],[340,96.37556],[392,96.30165],[241,95.72109],[367,95.15031],[521,97.74878],[164,97.83467],[255,96.25282],[417,96.34534],[162,97.90545],[178,97.79194],[476,97.39448],[491,97.66824],[544,97.96906],[227,96.00872],[339,96.26756],[553,97.94318],[506,97.48233],[366,96.91304],[391,97.97126],[341,97.20806],[533,99.75331],[461,99.20811],[520,99.64906],[439,98.92779],[240,97.8618],[195,99.386],[314,98.44762],[364,97.98071],[365,97.64294],[160,99.8504],[475,99.54446],[163,99.82616],[532,99.63729],[226,97.91673],[416,97.90991],[338,98.22146],[490,99.73568],[213,98.20103],[438,99.18273],[460,99.48173],[291,98.85091],[337,98.12749],[390,97.79924],[505,99.56116],[315,98.2606],[543,99.94578],[542,99.79349],[177,99.54712],[313,98.5497],[415,98.54504],[474,99.87314],[519,99.85723],[161,99.86516],[225,100.387],[290,100.5179],[363,99.65565],[552,101.8683],[312,99.87852],[389,100.0994],[437,101.4573],[489,101.8513],[175,101.2448],[176,101.4574],[212,100.611],[414,100.6231],[504,101.7469],[531,101.6803],[193,100.8096],[362,100.177],[157,101.411],[336,99.59007],[211,100.5921],[459,101.3341],[388,100.3599],[192,100.6588],[144,101.7811],[159,101.747],[518,101.9256],[335,100.1802],[473,101.8065],[550,101.8287],[361,100.374],[413,101.1657],[541,101.8074],[156,100.7011],[289,99.49599],[142,101.7879],[155,101.0351],[387,100.9616],[503,101.847],[158,103.0791],[174,101.7871],[194,102.356],[488,103.6236],[334,101.9869],[436,103.2843],[143,103.3276],[311,100.7468],[530,103.684],[360,102.6973],[551,103.8448],[129,103.9069],[173,101.9009],[412,103.1401],[458,103.255],[141,102.8841],[127,103.277],[288,101.2444],[309,102.303],[517,103.8433],[140,103.1354],[191,101.5839],[386,102.7882],[502,103.8733],[128,102.7651],[154,102.0481],[435,103.3423],[472,103.6996],[540,103.9249],[113,103.9126],[310,100.929],[333,102.3777],[210,100.5802],[529,103.9119],[153,102.3523],[385,103.5116],[111,103.5069],[126,102.4198],[549,105.8553],[114,105.9394],[125,104.6014],[287,103.444],[457,105.0936],[112,104.9446],[516,105.8817],[172,102.8149],[190,103.1368],[359,104.2226],[487,105.5806],[139,104.0417],[411,104.9233],[471,105.6319],[97,105.8925],[286,103.9603],[209,102.4198],[95,105.5824],[98,105.9125],[110,104.4037],[138,104.1505],[171,103.0584],[332,105.0587],[96,105.3432],[539,105.9072],[434,105.3911],[109,104.7811],[501,105.8775],[152,103.2065],[170,103.6329],[308,103.8723],[486,105.7161],[99,105.962],[208,103.0857],[124,103.7967],[358,105.4246],[548,105.899],[80,107.1831],[82,107.6358],[456,107.5376],[528,107.6229],[81,107.6142],[137,105.8802],[79,107.4604],[108,106.062],[83,107.6304],[189,104.3507],[207,105.5848],[65,107.8614],[384,107.6841],[94,106.1005],[285,106.1795],[123,105.1909],[151,105.085],[307,106.8905],[470,107.8822],[64,107.7469],[84,107.8489],[93,106.1981],[67,107.3975],[500,107.8993],[66,107.2781],[169,105.6596],[63,107.6907],[92,106.5939],[122,105.6627],[150,105.6696],[331,107.458],[410,107.3082],[68,107.6021],[188,105.3377],[50,107.5969],[515,107.9017],[78,108.0126],[107,107.1323],[136,106.9325],[49,109.5054],[168,109.1712],[51,109.6114],[77,108.4257],[357,109.6755],[48,109.417],[52,109.7835],[120,109.1],[135,108.6396],[187,109.2035],[433,109.7361],[36,109.7552],[106,107.4292],[76,108.6217],[69,109.9413],[121,107.2719],[149,108.6273],[62,108.4862],[485,109.743],[35,109.8417],[53,109.8938],[34,109.6426],[91,107.4826],[37,109.797],[47,109.1393],[61,108.6965],[119,109.0168],[134,108.6061],[206,109.3843],[148,109.7353],[383,109.7971],[105,107.8173],[38,111.8818],[24,111.8579],[60,110.8643],[167,111.581],[104,110.337],[22,111.8478],[46,110.7377],[90,109.524],[133,111.5737],[23,111.8279],[33,111.1198],[455,111.8206],[45,110.9629],[103,111.2824],[39,111.921],[89,110.1546],[25,111.9332],[32,111.2432],[118,111.529],[54,111.938],[75,109.2994],[147,111.7458],[409,110.8659],[14,111.946],[186,111.6792],[21,111.4118],[31,111.2901],[74,109.9323],[88,111.0231],[12,111.8799],[132,111.8204],[20,111.4941],[166,111.9164],[44,110.9622],[102,113.5896],[13,113.7047],[19,113.4305],[73,112.4926],[59,111.6744],[26,113.7249],[87,113.3997],[117,113.5932],[30,112.8194],[15,113.9306],[10,113.4536],[11,113.4996],[6,113.8987],[185,113.9252],[205,113.9188],[146,113.9526],[43,112.4573],[58,112.2354],[72,113.0129],[9,113.6069],[101,113.7248],[131,113.9407],[4,113.9416],[18,113.0829],[42,112.7428],[86,113.6352],[29,112.6281],[116,113.8104],[57,114.4511],[2,115.695],[5,115.5113],[1,115.8304],[8,115.1444],[17,114.8486],[28,114.9498],[100,115.8978],[41,115.3022],[165,115.9341],[3,115.7112],[71,114.7251],[130,115.9142],[145,115.938],[40,115.9077],[16,115.183],[56,114.1714],[0,115.4491],[85,115.513],[7,114.97],[115,115.7842],[70,116.5203],[55,116.3945],[27,116.4852]

Finish Times:
[382,41.36057],[408,41.40057],[356,41.56057],[432,41.64057],[381,41.76057],[355,41.84058],[407,41.92058],[354,42.16058],[330,42.20058],[380,42.20058],[431,42.20058],[454,42.28059],[329,42.40059],[406,42.44059],[353,42.52059],[379,42.64059],[328,42.7206],[430,42.8006],[305,42.9206],[306,42.9206],[352,42.9206],[405,42.9606],[453,43.0406],[327,43.0806],[304,43.12061],[378,43.12061],[351,43.36061],[326,43.44061],[429,43.44061],[303,43.48061],[404,43.48061],[283,43.56062],[377,43.60062],[282,43.68062],[284,43.72062],[350,43.76062],[452,43.84062],[302,43.88062],[325,43.88062],[281,43.92062],[403,44.08063],[428,44.12063],[280,44.16063],[376,44.16063],[268,44.24063],[324,44.24063],[349,44.24063],[267,44.36063],[301,44.36063],[269,44.48064],[279,44.56064],[266,44.60064],[323,44.72064],[348,44.72064],[375,44.72064],[451,44.72064],[265,44.80064],[300,44.80064],[402,44.80064],[427,44.84064],[252,44.96065],[299,45.04065],[253,45.08065],[278,45.12065],[374,45.16065],[347,45.20065],[251,45.24065],[322,45.24065],[250,45.28065],[401,45.32066],[264,45.36066],[254,45.44066],[298,45.52066],[426,45.52066],[450,45.56066],[400,45.60066],[373,45.68066],[346,45.72066],[425,45.76067],[276,45.80067],[249,45.84067],[321,45.84067],[277,45.88067],[263,45.92067],[235,46.00067],[236,46.00067],[237,46.04067],[424,46.04067],[399,46.08067],[297,46.16068],[372,46.16068],[238,46.24068],[345,46.24068],[448,46.24068],[514,46.36068],[275,46.40068],[449,46.40068],[248,46.44068],[261,46.48068],[320,46.48068],[262,46.52068],[499,46.52068],[398,46.60069],[234,46.64069],[371,46.68069],[296,46.76069],[239,46.80069],[221,46.84069],[344,46.84069],[222,46.92069],[274,46.96069],[498,47.00069],[247,47.0407],[513,47.0407],[246,47.0807],[223,47.1207],[319,47.1207],[483,47.1207],[484,47.1207],[469,47.1607],[527,47.1607],[260,47.2007],[233,47.2407],[295,47.3207],[447,47.3607],[220,47.52071],[273,47.56071],[370,47.56071],[512,47.56071],[231,47.60071],[482,47.60071],[224,47.64071],[468,47.64071],[497,47.64071],[526,47.64071],[245,47.68071],[202,47.76071],[232,47.80071],[343,47.80071],[446,47.84071],[538,47.88071],[259,47.92072],[203,48.00072],[318,48.00072],[422,48.00072],[219,48.08072],[496,48.12072],[511,48.12072],[525,48.12072],[481,48.16072],[230,48.20072],[423,48.20072],[244,48.24072],[537,48.24072],[467,48.28072],[294,48.36073],[217,48.40073],[342,48.40073],[445,48.40073],[258,48.48073],[204,48.52073],[200,48.60073],[421,48.64073],[495,48.64073],[547,48.64073],[218,48.68073],[480,48.68073],[465,48.72073],[510,48.72073],[317,48.76073],[524,48.76073],[229,48.80074],[396,48.80074],[466,48.84074],[201,48.88074],[243,48.92074],[216,49.00074],[272,49.04074],[536,49.04074],[444,49.08074],[397,49.12074],[420,49.20074],[479,49.20074],[494,49.20074],[183,49.24075],[198,49.24075],[293,49.24075],[509,49.24075],[464,49.28075],[199,49.32075],[523,49.32075],[228,49.40075],[546,49.44075],[443,49.48075],[257,49.52075],[395,49.52075],[316,49.56075],[535,49.56075],[215,49.60075],[271,49.60075],[181,49.68076],[419,49.68076],[478,49.72076],[463,49.76076],[493,49.76076],[184,49.88076],[197,49.88076],[393,49.88076],[508,49.88076],[368,49.92076],[441,49.92076],[545,49.92076],[292,49.96076],[179,50.00076],[182,50.04076],[242,50.04076],[256,50.08076],[442,50.08076],[522,50.12077],[554,50.12077],[477,50.24077],[214,50.28077],[270,50.28077],[369,50.28077],[394,50.28077],[418,50.28077],[492,50.28077],[462,50.32077],[180,50.36077],[507,50.36077],[534,50.40077],[196,50.52077],[440,50.52077],[340,50.60078],[392,50.60078],[241,50.64078],[367,50.64078],[521,50.64078],[164,50.68078],[255,50.68078],[417,50.72078],[162,50.80078],[178,50.80078],[476,50.80078],[491,50.80078],[544,50.80078],[227,50.88078],[339,50.88078],[553,50.88078],[506,50.92078],[366,50.96078],[391,50.96078],[341,51.00079],[533,51.00079],[461,51.04079],[520,51.12079],[439,51.16079],[240,51.20079],[195,51.24079],[314,51.24079],[364,51.28079],[365,51.28079],[160,51.32079],[475,51.32079],[163,51.36079],[532,51.36079],[226,51.40079],[416,51.40079],[338,51.4408],[490,51.4408],[213,51.5608],[438,51.6008],[460,51.6008],[291,51.6408],[337,51.6408],[390,51.6408],[505,51.6408],[315,51.6808],[543,51.6808],[542,51.7208],[177,51.8008],[313,51.84081],[415,51.84081],[474,51.88081],[519,51.88081],[161,51.92081],[225,51.96081],[290,51.96081],[363,51.96081],[552,51.96081],[312,52.04081],[389,52.04081],[437,52.12081],[489,52.12081],[175,52.20081],[176,52.20081],[212,52.24081],[414,52.24081],[504,52.24081],[531,52.24081],[193,52.32082],[362,52.32082],[157,52.36082],[336,52.36082],[211,52.40082],[459,52.44082],[388,52.48082],[192,52.52082],[144,52.56082],[159,52.56082],[518,52.60082],[335,52.68082],[473,52.68082],[550,52.68082],[361,52.72083],[413,52.72083],[541,52.72083],[156,52.80083],[289,52.80083],[142,52.88083],[155,52.88083],[387,52.88083],[503,52.92083],[158,52.96083],[174,52.96083],[194,52.96083],[488,52.96083],[334,53.04083],[436,53.04083],[143,53.08083],[311,53.08083],[530,53.08083],[360,53.12083],[551,53.12083],[129,53.24084],[173,53.24084],[412,53.28084],[458,53.32084],[141,53.36084],[127,53.40084],[288,53.40084],[309,53.40084],[517,53.40084],[140,53.44084],[191,53.48084],[386,53.48084],[502,53.56084],[128,53.60085],[154,53.64085],[435,53.64085],[472,53.64085],[540,53.68085],[113,53.76085],[310,53.76085],[333,53.76085],[210,53.80085],[529,53.84085],[153,53.88085],[385,53.88085],[111,53.92085],[126,53.92085],[549,53.96085],[114,54.04086],[125,54.04086],[287,54.04086],[457,54.04086],[112,54.12086],[516,54.12086],[172,54.16086],[190,54.16086],[359,54.16086],[487,54.16086],[139,54.28086],[411,54.32086],[471,54.36086],[97,54.40086],[286,54.40086],[209,54.44086],[95,54.48087],[98,54.48087],[110,54.48087],[138,54.48087],[171,54.52087],[332,54.60087],[96,54.64087],[539,54.64087],[434,54.68087],[109,54.72087],[501,54.76087],[152,54.80087],[170,54.80087],[308,54.80087],[486,54.80087],[99,54.84087],[208,54.84087],[124,54.92088],[358,54.92088],[548,54.92088],[80,55.00088],[82,55.04088],[456,55.04088],[528,55.04088],[81,55.08088],[137,55.08088],[79,55.12088],[108,55.16088],[83,55.20088],[189,55.20088],[207,55.24088],[65,55.28088],[384,55.28088],[94,55.36089],[285,55.36089],[123,55.40089],[151,55.40089],[307,55.40089],[470,55.52089],[64,55.56089],[84,55.60089],[93,55.60089],[67,55.64089],[500,55.64089],[66,55.68089],[169,55.68089],[63,55.72089],[92,55.76089],[122,55.76089],[150,55.76089],[331,55.76089],[410,55.76089],[68,55.8409],[188,55.8409],[50,55.8809],[515,55.9209],[78,56.0409],[107,56.0809],[136,56.0809],[49,56.1209],[168,56.1209],[51,56.1609],[77,56.1609],[357,56.2009],[48,56.24091],[52,56.24091],[120,56.24091],[135,56.24091],[187,56.32091],[433,56.36091],[36,56.40091],[106,56.40091],[76,56.44091],[69,56.52091],[121,56.52091],[149,56.52091],[62,56.56091],[485,56.56091],[35,56.60091],[53,56.60091],[34,56.68092],[91,56.72092],[37,56.76092],[47,56.80092],[61,56.80092],[119,56.80092],[134,56.80092],[206,56.80092],[148,56.84092],[383,56.84092],[105,56.88092],[38,56.96092],[24,57.00092],[60,57.08092],[167,57.08092],[104,57.12093],[22,57.16093],[46,57.16093],[90,57.16093],[133,57.16093],[23,57.24093],[33,57.24093],[455,57.24093],[45,57.40093],[103,57.40093],[39,57.44093],[89,57.44093],[25,57.48093],[32,57.48093],[118,57.48093],[54,57.52094],[75,57.56094],[147,57.60094],[409,57.60094],[14,57.64094],[186,57.64094],[21,57.72094],[31,57.76094],[74,57.76094],[88,57.76094],[12,57.80094],[132,57.80094],[20,57.88094],[166,57.88094],[44,57.92094],[102,57.96095],[13,58.04095],[19,58.08095],[73,58.08095],[59,58.16095],[26,58.20095],[87,58.24095],[117,58.24095],[30,58.28095],[15,58.32095],[10,58.40096],[11,58.40096],[6,58.44096],[185,58.44096],[205,58.44096],[146,58.48096],[43,58.52096],[58,58.52096],[72,58.52096],[9,58.56096],[101,58.60096],[131,58.60096],[4,58.64096],[18,58.64096],[42,58.84097],[86,58.84097],[29,58.88097],[116,58.88097],[57,58.96097],[2,59.08097],[5,59.16097],[1,59.20097],[8,59.20097],[17,59.24097],[28,59.24097],[100,59.24097],[41,59.28098],[165,59.28098],[3,59.32098],[71,59.32098],[130,59.36098],[145,59.40098],[40,59.68098],[16,59.72099],[56,59.72099],[0,59.84099],[85,59.84099],[7,59.88099],[115,59.88099],[70,60.08099],[55,60.12099],[27,60.161]

Stuck Times:
[382,0],[408,0],[356,0],[432,0],[381,0],[355,0],[407,0],[354,0],[330,0],[380,0],[431,0],[454,0],[329,0],[406,0],[353,0],[379,0],[328,0],[430,0],[305,0],[306,0],[352,0],[405,0],[453,0],[327,0],[304,0],[378,0],[351,0],[326,0],[429,0],[303,0],[404,0],[283,0],[377,0],[282,0],[284,0],[350,0],[452,0],[302,0],[325,0],[281,0],[403,0],[428,0],[280,0],[376,0],[268,0],[324,0],[349,0],[267,0],[301,0],[269,0],[279,0],[266,0],[323,0],[348,0],[375,0],[451,0],[265,0],[300,0],[402,0],[427,0],[252,0],[299,0],[253,0],[278,0],[374,0],[347,0],[251,0],[322,0],[250,0],[401,0],[264,0],[254,0],[298,0],[426,0],[450,0],[400,0],[373,0],[346,0],[425,0],[276,0],[249,0],[321,0],[277,0],[263,0],[235,0],[236,0],[237,0],[424,0],[399,0],[297,0],[372,0],[238,0],[345,0],[448,0],[514,0],[275,0],[449,0],[248,0],[261,0],[320,0],[262,0],[499,0],[398,0],[234,0],[371,0],[296,0],[239,0],[221,0],[344,0],[222,0],[274,0],[498,0],[247,0],[513,0],[246,0],[223,0],[319,0],[483,0],[484,0],[469,0],[527,0],[260,0],[233,0],[295,0],[447,0],[220,0],[273,0],[370,0],[512,0],[231,0],[482,0],[224,0],[468,0],[497,0],[526,0],[245,0],[202,0],[232,0],[343,0],[446,0],[538,0],[259,0],[203,0],[318,0],[422,0],[219,0],[496,0],[511,0],[525,0],[481,0],[230,0],[423,0],[244,0],[537,0],[467,0],[294,0],[217,0],[342,0],[445,0],[258,0],[204,0],[200,0],[421,0],[495,0],[547,0],[218,0],[480,0],[465,0],[510,0],[317,0],[524,0],[229,0],[396,0],[466,0],[201,0],[243,0],[216,0],[272,0],[536,0],[444,0],[397,0],[420,0],[479,0],[494,0],[183,0],[198,0],[293,0],[509,0],[464,0],[199,0],[523,0],[228,0],[546,0],[443,0],[257,0],[395,0],[316,0],[535,0],[215,0],[271,0],[181,0],[419,0],[478,0],[463,0],[493,0],[184,0],[197,0],[393,0],[508,0],[368,0],[441,0],[545,0],[292,0],[179,0],[182,0],[242,0],[256,0],[442,0],[522,0],[554,0],[477,0],[214,0],[270,0],[369,0],[394,0],[418,0],[492,0],[462,0],[180,0],[507,0],[534,0],[196,0],[440,0],[340,0],[392,0],[241,0],[367,0],[521,0],[164,0],[255,0],[417,0],[162,0],[178,0],[476,0],[491,0],[544,0],[227,0],[339,0],[553,0],[506,0],[366,0],[391,0],[341,0],[533,0],[461,0],[520,0],[439,0],[240,0],[195,0],[314,0],[364,0],[365,0],[160,0],[475,0],[163,0],[532,0],[226,0],[416,0],[338,0],[490,0],[213,0],[438,0],[460,0],[291,0],[337,0],[390,0],[505,0],[315,0],[543,0],[542,0],[177,0],[313,0],[415,0],[474,0],[519,0],[161,0],[225,0],[290,0],[363,0],[552,0],[312,0],[389,0],[437,0],[489,0],[175,0],[176,0],[212,0],[414,0],[504,0],[531,0],[193,0],[362,0],[157,0],[336,0],[211,0],[459,0],[388,0],[192,0],[144,0],[159,0],[518,0],[335,0],[473,0],[550,0],[361,0],[413,0],[541,0],[156,0],[289,0],[142,0],[155,0],[387,0],[503,0],[158,0],[174,0],[194,0],[488,0],[334,0],[436,0],[143,0],[311,0],[530,0],[360,0],[551,0],[129,0],[173,0],[412,0],[458,0],[141,0],[127,0],[288,0],[309,0],[517,0],[140,0],[191,0],[386,0],[502,0],[128,0],[154,0],[435,0],[472,0],[540,0],[113,0],[310,0],[333,0],[210,0],[529,0],[153,0],[385,0],[111,0],[126,0],[549,0],[114,0],[125,0],[287,0],[457,0],[112,0],[516,0],[172,0],[190,0],[359,0],[487,0],[139,0],[411,0],[471,0],[97,0],[286,0],[209,0],[95,0],[98,0],[110,0],[138,0],[171,0],[332,0],[96,0],[539,0],[434,0],[109,0],[501,0],[152,0],[170,0],[308,0],[486,0],[99,0],[208,0],[124,0],[358,0],[548,0],[80,0],[82,0],[456,0],[528,0],[81,0],[137,0],[79,0],[108,0],[83,0],[189,0],[207,0],[65,0],[384,0],[94,0],[285,0],[123,0],[151,0],[307,0],[470,0],[64,0],[84,0],[93,0],[67,0],[500,0],[66,0],[169,0],[63,0],[92,0],[122,0],[150,0],[331,0],[410,0],[68,0],[188,0],[50,0],[515,0],[78,0],[107,0],[136,0],[49,0],[168,0],[51,0],[77,0],[357,0],[48,0],[52,0],[120,0],[135,0],[187,0],[433,0],[36,0],[106,0],[76,0],[69,0],[121,0],[149,0],[62,0],[485,0],[35,0],[53,0],[34,0],[91,0],[37,0],[47,0],[61,0],[119,0],[134,0],[206,0],[148,0],[383,0],[105,0],[38,0],[24,0],[60,0],[167,0],[104,0],[22,0],[46,0],[90,0],[133,0],[23,0],[33,0],[455,0],[45,0],[103,0],[39,0],[89,0],[25,0],[32,0],[118,0],[54,0],[75,0],[147,0],[409,0],[14,0],[186,0],[21,0],[31,0],[74,0],[88,0],[12,0],[132,0],[20,0],[166,0],[44,0],[102,0],[13,0],[19,0],[73,0],[59,0],[26,0],[87,0],[117,0],[30,0],[15,0],[10,0],[11,0],[6,0],[185,0],[205,0],[146,0],[43,0],[58,0],[72,0],[9,0],[101,0],[131,0],[4,0],[18,0],[42,0],[86,0],[29,0],[116,0],[57,0],[2,0],[5,0],[1,0],[8,0],[17,0],[28,0],[100,0],[41,0],[165,0],[3,0],[71,0],[130,0],[145,0],[40,0],[16,0],[56,0],[0,0],[85,0],[7,0],[115,0],[70,0],[55,0],[27,0]

