Experiment Name: Custom-ShortestPathNotTheBest4
Method Used: FlowField
Run Number: 2
Preparation Time: 0.0003ms
Pathfinding Time: 27.3792ms
Finish Time: 65.12111ms
Finish Time 90%: 59.24097ms
Repaths: 0
Soft Repaths: 0

Gates Data:
4:[391,[12.17407,23.37028,0,[77.999,76.24255]]],[400,[12.18491,24.11414,0,[76.999,77.29769]]],[381,[13.14229,25.73411,0,[77.999,76.75106]]],[380,[13.57027,24.3018,0,[77.999,75.96631]]],[392,[13.14219,25.94491,0,[76.999,77.40189]]],[368,[14.09602,26.68338,0,[77.99901,76.52415]]],[401,[13.00156,25.95689,0,[76.999,78.83884]]],[379,[14.49835,24.31014,0,[77.999,75.67525]]],[382,[14.31373,28.08086,0,[76.99901,77.4313]]],[369,[14.868,27.66701,0,[77.999,76.50336]]],[393,[13.8159,27.38196,0,[76.999,78.17252]]],[383,[14.97973,29.15308,0,[76.999,77.4649]]],[394,[14.53142,28.60702,0,[76.99901,78.5919]]],[370,[15.55857,28.56709,0,[77.999,75.86615]]],[371,[15.41119,30.14307,0,[77.999,76.99454]]],[384,[15.51395,30.58482,0,[76.99902,77.82796]]],[402,[14.29293,28.54285,0,[75.99903,79.37165]]],[395,[15.07721,29.96035,0,[76.99903,78.9336]]],[356,[15.9945,31.01604,0,[77.999,76.75291]]],[385,[16.23219,31.84449,0,[76.99903,77.86255]]],[355,[16.45321,29.63981,0,[77.99901,75.93019]]],[396,[15.73862,31.28031,0,[76.99902,78.99588]]],[367,[17.04776,26.23881,0,[77.99902,75.85924]]],[403,[15.00731,29.91903,0,[75.99907,79.82189]]],[372,[16.95346,32.68493,0,[76.999,77.3848]]],[341,[16.96703,31.93871,0,[77.999,76.96992]]],[397,[16.48404,32.79996,0,[76.80975,78.99969]]],[339,[17.65037,29.64999,0,[77.999,75.9847]]],[404,[15.81238,31.41713,0,[75.99904,79.8367]]],[340,[18.06086,32.69897,0,[76.99905,77.19228]]],[357,[17.59653,33.66385,0,[76.99901,77.9975]]],[386,[16.97154,33.27563,0,[76.999,78.55843]]],[326,[18.11377,33.26308,0,[77.99901,76.80579]]],[405,[16.6035,32.81506,0,[75.99905,79.94789]]],[324,[18.40656,31.27566,0,[77.99902,75.75787]]],[342,[18.61169,34.62019,0,[76.99902,77.86705]]],[358,[18.08033,35.13813,0,[76.99903,78.7646]]],[325,[18.89924,32.03512,0,[77.999,76.25906]]],[327,[19.13728,35.97222,0,[76.99904,77.13609]]],[373,[18.01198,35.49907,0,[75.99907,79.09346]]],[343,[19.21733,36.11596,0,[76.99902,78.35317]]],[310,[19.53914,34.32933,0,[77.99902,76.78423]]],[323,[19.47236,30.32264,0,[77.99902,75.71683]]],[398,[18.20438,35.3406,0,[75.99909,80.01965]]],[311,[19.70951,37.03835,0,[76.99901,77.59457]]],[374,[19.13583,36.92305,0,[76.23158,78.99976]]],[309,[20.10786,32.82428,0,[77.99901,76.81098]]],[354,[20.1376,28.2965,0,[77.99901,75.70942]]],[359,[19.99824,37.85403,0,[75.99905,79.13089]]],[295,[20.33299,37.55019,0,[76.999,77.78955]]],[406,[17.37685,34.1759,0,[75.99902,79.78044]]],[390,[20.82525,23.25638,0,[77.999,75.72477]]],[293,[20.79596,33.52176,0,[77.999,76.82373]]],[387,[18.87467,36.42514,0,[75.99902,79.95496]]],[328,[20.01057,37.75342,0,[76.999,78.73003]]],[294,[20.91671,35.97614,0,[76.99901,77.60518]]],[279,[21.537,35.91538,0,[77.81329,76.99973]]],[322,[21.42417,31.22342,0,[77.99903,75.94315]]],[296,[20.95467,38.77505,0,[76.99901,78.70067]]],[280,[21.50638,38.25804,0,[76.99905,77.70121]]],[407,[19.59853,35.78964,0,[75.99905,80.18562]]],[308,[21.98469,31.39852,0,[77.999,75.99616]]],[265,[22.47025,39.00077,0,[76.99903,77.17303]]],[313,[21.59405,39.49939,0,[76.99902,78.84705]]],[307,[22.43137,33.33055,0,[77.99901,76.6656]]],[312,[21.10188,39.47126,0,[75.99907,79.43465]]],[281,[22.13089,39.65993,0,[76.99903,78.20979]]],[353,[22.60217,27.22472,0,[77.99901,75.57285]]],[292,[23.19452,36.82691,0,[76.99903,77.46379]]],[345,[22.58624,40.21246,0,[75.99905,79.15717]]],[291,[23.0294,34.22816,0,[77.99902,76.64033]]],[266,[22.73315,40.40232,0,[76.99901,78.3187]]],[399,[20.55453,37.4843,0,[75.99902,80.06548]]],[306,[23.26475,31.98835,0,[77.99902,75.52914]]],[277,[24.04466,37.64587,0,[76.9991,77.09251]]],[250,[23.6216,41.85938,0,[76.99905,78.13335]]],[297,[23.14739,41.21281,0,[75.99904,79.26504]]],[320,[23.68006,30.71144,0,[77.99904,76.17651]]],[344,[21.33738,39.32061,0,[75.99908,80.34901]]],[304,[24.20423,32.09999,0,[77.99902,76.47398]]],[282,[23.48151,41.60255,0,[76.48856,78.99973]]],[305,[24.57669,34.15119,0,[76.99902,77.34767]]],[329,[21.96837,40.09791,0,[75.99901,79.77351]]],[321,[24.55892,29.54713,0,[77.99901,75.50658]]],[290,[24.6921,35.17305,0,[77.999,76.94404]]],[278,[24.36554,38.9497,0,[76.99902,78.44386]]],[289,[25.07633,33.3074,0,[77.99903,75.99891]]],[264,[24.98336,39.58859,0,[76.99902,78.08106]]],[276,[25.42147,35.85043,0,[77.99902,76.83682]]],[330,[24.06752,40.81947,0,[76.54139,78.99969]]],[263,[25.57234,39.30957,0,[76.99905,77.54916]]],[388,[22.91125,38.19328,0,[75.99904,80.39857]]],[268,[25.23487,42.59052,0,[76.70359,78.99961]]],[365,[25.7645,26.54043,0,[77.99901,75.74298]]],[262,[26.13357,37.98344,0,[77.99903,76.81062]]],[249,[26.29078,41.73369,0,[76.99903,77.57706]]],[267,[24.99986,43.41955,0,[75.99905,79.24665]]],[251,[25.80154,42.32354,0,[76.99904,78.43853]]],[261,[26.42089,36.11716,0,[77.99902,75.71769]]],[248,[26.72739,39.88047,0,[77.99902,76.80338]]],[246,[27.01814,38.59864,0,[77.99903,75.76316]]],[233,[26.96525,44.08682,0,[76.99903,77.66563]]],[360,[25.46664,40.18769,0,[75.9991,80.00813]]],[252,[26.48114,43.59792,0,[76.99902,78.57085]]],[247,[27.3373,39.65687,0,[77.99905,76.96403]]],[232,[27.62369,43.48836,0,[76.99905,77.79152]]],[285,[27.02683,44.97803,0,[76.99903,78.74554]]],[260,[27.60088,36.25819,0,[77.99904,75.83315]]],[389,[24.51817,39.94429,0,[75.99908,80.36871]]],[245,[28.0222,38.4257,0,[77.94425,76.99982]]],[275,[28.19322,34.37952,0,[77.99902,75.90607]]],[283,[26.21706,44.96276,0,[75.99905,79.27573]]],[269,[26.92951,44.71908,0,[75.99901,79.5548]]],[231,[28.261,43.12196,0,[76.99902,77.90388]]],[274,[28.57656,34.16249,0,[77.99901,76.84863]]],[236,[27.72516,46.16535,0,[76.99906,78.93389]]],[335,[28.83475,29.21592,0,[77.99901,75.77707]]],[215,[28.94934,45.67894,0,[76.99902,77.82265]]],[375,[23.98557,39.15263,0,[75.99909,79.90861]]],[244,[29.14922,37.578,0,[77.99901,76.83677]]],[350,[29.46603,27.64224,0,[77.999,75.80497]]],[216,[28.46947,46.37497,0,[76.86591,78.99979]]],[230,[29.51707,41.73347,0,[76.99901,77.84673]]],[331,[27.70955,42.98503,0,[75.999,79.79514]]],[259,[29.94102,35.0271,0,[77.99901,76.42572]]],[229,[30.16056,41.43323,0,[76.99902,77.27532]]],[234,[29.06437,45.85628,0,[76.99901,78.88594]]],[243,[30.3678,34.95514,0,[77.99901,75.55225]]],[346,[28.51446,42.69798,0,[75.999,79.80651]]],[226,[30.62145,37.60069,0,[77.999,76.50841]]],[228,[30.80917,39.89998,0,[76.99901,77.3635]]],[197,[30.20462,47.14744,0,[76.99902,78.35168]]],[315,[29.32983,44.59848,0,[75.99901,79.83834]]],[211,[31.34846,41.90169,0,[77.4254,76.99969]]],[214,[30.78347,44.5597,0,[76.99901,78.4703]]],[257,[31.04182,34.65296,0,[77.99905,75.69627]]],[217,[29.63377,47.27141,0,[76.99903,78.98936]]],[227,[31.5364,38.95004,0,[77.99901,76.11787]]],[194,[32.15666,44.76878,0,[76.99905,77.01333]]],[212,[31.41871,43.39238,0,[76.99905,78.02651]]],[362,[30.6473,42.41062,0,[75.99904,79.29264]]],[242,[32.12018,36.66869,0,[77.99902,75.71154]]],[270,[29.99554,47.04743,0,[75.99902,79.90425]]],[196,[31.70128,47.93736,0,[76.42943,78.99957]]],[210,[32.20502,41.27871,0,[77.99902,76.7817]]],[213,[32.07539,44.44984,0,[76.99905,78.16254]]],[179,[32.7231,47.48971,0,[76.99902,77.70718]]],[199,[31.24432,49.6956,0,[75.99906,79.35825]]],[225,[32.75325,39.38999,0,[77.999,76.09199]]],[235,[32.48476,48.20325,0,[76.2427,78.99961]]],[178,[33.30911,46.25613,0,[76.99904,77.15999]]],[195,[32.80833,47.47082,0,[76.99902,78.75652]]],[208,[33.36296,41.49006,0,[77.999,76.85918]]],[284,[26.25349,44.39892,0,[75.99905,80.36858]]],[298,[31.8968,44.56217,0,[75.99923,79.96678]]],[180,[33.40968,49.9676,0,[76.99905,78.35045]]],[338,[33.31659,30.9388,0,[77.999,75.71096]]],[240,[33.85532,36.45352,0,[77.999,76.22041]]],[192,[34.49912,46.29024,0,[76.99902,77.17405]]],[361,[33.39354,43.2345,0,[75.99909,79.47656]]],[333,[34.01012,48.07391,0,[76.99901,77.95633]]],[337,[34.36403,30.42486,0,[77.99901,75.541]]],[241,[34.46532,38.05105,0,[77.99901,76.61463]]],[314,[30.62118,43.55959,0,[75.99908,80.47749]]],[271,[34.08751,50.69832,0,[75.99906,79.02951]]],[181,[35.09609,49.69459,0,[76.99907,77.63271]]],[189,[35.01577,41.98003,0,[77.99905,76.98858]]],[223,[34.98157,37.81731,0,[77.999,75.86877]]],[162,[34.54153,49.16714,0,[76.99902,78.36102]]],[224,[35.58498,39.21806,0,[77.99902,76.10298]]],[182,[35.10912,51.99078,0,[76.99911,78.73373]]],[299,[32.69151,46.14998,0,[75.99905,80.29614]]],[193,[36.09331,44.52882,0,[76.99904,77.10316]]],[209,[36.1655,41.70682,0,[77.99902,76.70446]]],[237,[35.25098,50.92001,0,[75.99913,79.39398]]],[366,[36.19579,26.46504,0,[77.99902,75.59633]]],[163,[35.82002,50.89939,0,[76.99902,78.21404]]],[164,[34.68174,53.35353,0,[75.99902,79.12904]]],[176,[36.59109,49.49771,0,[76.99902,77.65372]]],[191,[36.71526,45.24774,0,[77.99902,76.85236]]],[376,[36.01331,44.60023,0,[75.99905,79.10327]]],[253,[33.68896,48.57048,0,[75.99909,80.27552]]],[287,[36.81788,33.66988,0,[77.99902,75.748]]],[175,[37.17263,51.68003,0,[76.99902,77.76153]]],[204,[37.56012,41.84687,0,[77.4072,76.99989]]],[336,[37.38798,30.49119,0,[77.99901,75.92953]]],[198,[34.50141,51.1138,0,[75.99903,80.2858]]],[348,[36.51228,45.46319,0,[76.99902,78.73597]]],[206,[37.89199,47.26748,0,[76.99902,78.01208]]],[273,[37.82738,33.51194,0,[77.999,76.94776]]],[288,[37.97297,34.77084,0,[77.999,75.87139]]],[377,[37.28331,44.34028,0,[76.99903,78.80534]]],[220,[36.61924,52.07654,0,[75.99906,79.3495]]],[272,[38.55599,34.19755,0,[77.999,75.96978]]],[190,[38.55541,45.13065,0,[76.99906,77.67815]]],[256,[39.0128,38.53328,0,[77.2633,76.99967]]],[219,[38.35113,51.54496,0,[76.35739,78.99931]]],[188,[39.05709,50.66505,0,[76.99905,78.17312]]],[238,[37.37835,52.11841,0,[75.99907,79.41572]]],[351,[39.15667,29.34861,0,[77.99901,75.67944]]],[318,[39.24921,34.94888,0,[77.99901,76.75671]]],[222,[39.64382,42.37074,0,[76.99901,77.72486]]],[300,[37.57788,47.34818,0,[75.99947,80.26694]]],[317,[39.18423,48.942,0,[76.11931,78.99969]]],[352,[39.74266,28.10987,0,[77.999,75.83004]]],[302,[40.00548,34.58258,0,[77.99902,76.7813]]],[207,[40.23783,44.1871,0,[76.99901,77.64466]]],[201,[39.50994,52.58147,0,[76.99901,78.83939]]],[218,[35.71772,50.37993,0,[75.99915,80.35696]]],[334,[40.39236,32.42602,0,[77.99901,75.83473]]],[221,[40.86242,43.78448,0,[77.45493,76.9998]]],[202,[40.78571,48.43228,0,[76.99902,77.97691]]],[173,[40.21348,48.80133,0,[76.99901,78.75833]]],[200,[39.71951,54.85971,0,[75.99901,79.73518]]],[319,[41.00074,30.84092,0,[77.99903,76.03139]]],[286,[41.54886,39.10827,0,[77.311,76.99981]]],[187,[41.38539,51.73477,0,[76.99903,78.04781]]],[177,[41.11956,54.13814,0,[76.46899,78.99969]]],[254,[40.47544,54.5956,0,[75.99901,79.68957]]],[258,[41.61988,33.77373,0,[77.999,76.02515]]],[349,[42.19456,36.32103,0,[77.44749,76.99972]]],[239,[42.06404,44.22918,0,[76.99905,77.9874]]],[255,[41.85598,52.28295,0,[76.51689,78.99969]]],[332,[38.87352,46.51123,0,[75.99915,80.12851]]],[378,[42.36981,27.14832,0,[77.999,76.01914]]],[364,[43.09779,33.91132,0,[76.99905,77.16757]]],[363,[42.56922,49.34201,0,[76.521,78.99974]]],[303,[43.1971,33.76078,0,[77.99901,76.48128]]],[347,[41.10522,47.37252,0,[75.99905,80.00937]]],[205,[42.97096,48.96415,0,[76.999,78.4328]]],[316,[41.90155,51.17038,0,[75.99907,79.98498]]],[301,[43.47562,52.06037,0,[75.99911,79.42702]]]
2:[391,[23.99249,46.95877,0,[56.9992,66.09989]]],[400,[23.41572,46.5048,0,[56.99922,67.99318]]],[381,[24.98692,49.38632,0,[57.25471,65.99942]]],[380,[25.22474,47.49253,0,[57.99921,64.54796]]],[392,[24.47008,48.57175,0,[56.9992,67.59673]]],[368,[25.75616,49.96402,0,[57.99921,65.11404]]],[401,[24.62542,48.79361,0,[56.99919,68.89735]]],[379,[26.42568,48.00539,0,[57.99918,63.32885]]],[382,[25.958,51.33068,0,[57.08083,65.99934]]],[369,[26.70364,51.26689,0,[57.99921,64.33067]]],[393,[25.43979,50.43738,0,[56.99926,67.53902]]],[383,[26.23051,51.56654,0,[57.93956,65.99934]]],[394,[26.43208,52.12786,0,[56.9993,66.89783]]],[370,[27.56332,52.25801,0,[57.99917,63.47232]]],[371,[27.14249,53.56226,0,[57.9992,65.31929]]],[384,[27.27012,54.03021,0,[56.99922,66.20972]]],[402,[25.75594,50.81955,0,[56.99919,68.67142]]],[395,[26.81177,53.26299,0,[56.99916,67.85648]]],[356,[27.93088,54.73149,0,[57.99918,64.43385]]],[385,[27.68629,54.67341,0,[57.87108,65.99939]]],[355,[28.58261,53.71407,0,[57.99916,62.95677]]],[396,[27.74915,55.03918,0,[56.99924,67.05188]]],[367,[28.83032,49.68912,0,[57.99918,63.90909]]],[403,[26.95416,52.45557,0,[56.99917,68.9108]]],[372,[28.61688,55.76546,0,[57.13622,65.99931]]],[341,[28.70539,55.27381,0,[57.99923,65.29619]]],[397,[28.39116,55.96456,0,[56.99931,67.37206]]],[339,[29.62082,53.34794,0,[57.99924,63.59122]]],[404,[27.68336,54.02538,0,[56.99916,68.90753]]],[340,[29.33349,55.16667,0,[57.99924,65.57369]]],[357,[29.54839,57.24516,0,[56.99928,66.20269]]],[386,[28.87996,56.52132,0,[56.99915,67.79205]]],[326,[30.06964,56.91759,0,[57.99912,64.55415]]],[405,[28.38017,55.12479,0,[56.99913,69.1921]]],[324,[30.47144,55.11122,0,[57.99911,63.09072]]],[342,[30.20316,57.72469,0,[57.41566,65.99932]]],[358,[29.90216,58.54533,0,[56.9992,67.20742]]],[325,[30.87747,55.73598,0,[57.99916,63.78269]]],[327,[30.57457,58.42263,0,[57.99916,65.39661]]],[373,[29.22945,57.47827,0,[56.9992,68.71072]]],[343,[31.09523,59.72038,0,[56.99921,66.26262]]],[310,[31.39252,57.94851,0,[57.99915,64.45125]]],[323,[31.63852,54.19172,0,[57.99915,62.99119]]],[398,[29.94023,58.1512,0,[56.99917,68.65961]]],[311,[31.15554,59.4445,0,[57.99918,65.97396]]],[374,[30.79858,59.66673,0,[56.99921,67.61121]]],[309,[31.98175,56.4503,0,[57.99921,64.69185]]],[354,[32.23939,52.13538,0,[57.99918,63.16435]]],[359,[31.69602,60.85592,0,[56.99928,66.82197]]],[295,[31.96892,60.65365,0,[57.71272,65.99932]]],[406,[30.55466,56.92495,0,[56.9992,69.10661]]],[390,[32.89841,47.04882,0,[57.99915,63.15231]]],[293,[32.7492,57.16332,0,[57.99918,64.57184]]],[387,[31.42709,59.36621,0,[56.99926,68.43291]]],[328,[32.33888,61.81905,0,[56.99927,66.97437]]],[294,[32.54778,58.6577,0,[57.73343,65.9994]]],[279,[33.21051,59.07682,0,[57.99925,65.21575]]],[322,[33.58566,55.08967,0,[57.99916,63.18123]]],[296,[32.79199,61.9232,0,[56.99921,67.53017]]],[280,[33.49515,61.59532,0,[57.01603,65.99929]]],[407,[31.93759,58.78535,0,[56.99915,68.89919]]],[308,[33.93184,54.92493,0,[57.99921,63.82885]]],[265,[33.73978,61.4258,0,[57.99923,65.61624]]],[313,[33.48327,62.92886,0,[56.99928,67.51675]]],[307,[34.41493,56.9846,0,[57.99919,64.40526]]],[312,[32.63724,61.53361,0,[56.99918,69.00281]]],[281,[34.29739,63.38208,0,[56.99929,66.08451]]],[353,[34.71505,51.10018,0,[57.99915,62.94463]]],[292,[34.54881,59.35101,0,[57.99923,65.71854]]],[345,[34.07037,62.85452,0,[56.99932,67.7891]]],[291,[35.08072,57.93038,0,[57.99921,64.24039]]],[266,[34.89008,64.10978,0,[56.99928,66.32902]]],[399,[33.38294,60.68959,0,[56.99921,69.04514]]],[306,[35.45852,55.88626,0,[57.99918,62.80824]]],[277,[35.33105,60.12055,0,[57.99923,65.21928]]],[250,[35.52739,65.35432,0,[57.13433,65.9993]]],[297,[34.85721,64.16948,0,[56.99923,67.67892]]],[320,[35.95593,54.5793,0,[57.99918,63.29171]]],[344,[34.13745,62.11982,0,[56.99926,69.09962]]],[304,[36.07105,55.50487,0,[57.99917,64.53001]]],[282,[35.5755,64.72146,0,[56.99926,67.27721]]],[305,[36.00903,56.92148,0,[57.42667,65.99934]]],[329,[34.91823,63.2791,0,[56.99918,69.10547]]],[321,[36.75339,53.31062,0,[57.99915,62.98934]]],[290,[36.44341,58.42965,0,[57.99918,65.33907]]],[278,[36.18319,62.1745,0,[56.99921,67.25885]]],[289,[37.03182,56.85494,0,[57.9992,63.77058]]],[264,[36.88689,63.02887,0,[56.99919,66.23073]]],[276,[37.3955,59.47919,0,[57.9992,64.53349]]],[330,[35.56802,63.18134,0,[56.99915,68.90603]]],[263,[37.00724,61.75115,0,[57.91401,65.99935]]],[388,[36.37312,61.70665,0,[56.99926,68.27914]]],[268,[37.22182,66.185,0,[56.99931,66.98593]]],[365,[37.92788,50.43639,0,[57.99917,63.00819]]],[262,[38.07835,61.71291,0,[57.99916,64.37821]]],[249,[37.62883,64.22586,0,[57.9992,65.9225]]],[267,[36.69191,65.52496,0,[56.99913,69.07278]]],[251,[37.91742,65.85432,0,[56.99921,66.64321]]],[261,[38.62634,60.02269,0,[57.99913,62.92056]]],[248,[38.48787,63.2743,0,[57.9992,65.12516]]],[246,[39.00089,62.1873,0,[57.99919,63.52608]]],[233,[38.62961,67.29898,0,[57.25256,65.99937]]],[360,[37.5067,63.20589,0,[56.99923,68.2188]]],[252,[38.34843,66.93147,0,[56.99925,67.29832]]],[247,[39.31462,63.4259,0,[57.9992,64.35904]]],[232,[39.03439,66.13393,0,[57.99922,65.7826]]],[285,[39.27699,68.81904,0,[56.99923,66.40044]]],[260,[39.83012,60.24554,0,[57.99915,62.84372]]],[389,[37.77251,63.00713,0,[56.99916,69.16217]]],[245,[39.79753,61.86993,0,[57.9992,65.15061]]],[275,[40.20379,58.05748,0,[57.99921,63.55342]]],[283,[38.67449,67.61422,0,[56.99927,68.10957]]],[269,[39.52875,67.97025,0,[56.99932,67.19337]]],[231,[40.02563,66.47188,0,[57.36406,65.99928]]],[274,[40.52975,57.85429,0,[57.9992,64.56681]]],[236,[40.02922,69.80477,0,[56.99931,67.41863]]],[335,[41.01234,53.18684,0,[57.99915,62.96689]]],[215,[40.68015,68.8408,0,[57.29043,65.9994]]],[375,[38.89901,64.01463,0,[56.99918,69.10629]]],[244,[40.95068,60.97441,0,[57.99918,65.17117]]],[350,[41.57734,51.42567,0,[57.9992,63.26491]]],[216,[40.61737,69.92712,0,[56.99924,67.44631]]],[230,[41.41466,65.32073,0,[56.99929,66.01912]]],[331,[39.65395,65.45166,0,[56.9991,69.0908]]],[259,[41.84219,58.71588,0,[57.99923,64.18211]]],[229,[41.48415,63.92995,0,[57.99927,65.70877]]],[234,[41.26623,69.3744,0,[56.99933,67.48329]]],[243,[42.52021,58.82939,0,[57.99915,62.85393]]],[346,[40.43008,65.38609,0,[56.99919,68.97725]]],[226,[42.52622,61.27283,0,[57.9992,64.18703]]],[228,[42.09241,62.34665,0,[57.99924,65.80033]]],[197,[42.18317,70.78934,0,[56.99924,66.37878]]],[315,[41.09477,67.02113,0,[56.99928,69.13186]]],[211,[42.78363,64.65722,0,[57.99918,65.3431]]],[214,[42.75356,68.15649,0,[56.99929,66.73716]]],[257,[43.31437,58.5945,0,[57.99915,62.83068]]],[217,[41.89327,70.72529,0,[56.99922,67.79449]]],[227,[43.44973,62.49987,0,[57.99915,63.89564]]],[194,[43.48188,67.26484,0,[57.99918,65.21401]]],[212,[43.40525,66.75227,0,[57.19101,65.99943]]],[362,[42.73775,65.06439,0,[56.99934,67.92377]]],[242,[44.28282,60.55803,0,[57.99915,62.95777]]],[270,[41.82381,69.71246,0,[56.99918,69.1909]]],[196,[43.49443,70.91588,0,[56.99921,67.4739]]],[210,[44.19392,65.03809,0,[57.99919,64.27467]]],[213,[44.12171,68.11472,0,[56.99929,66.04086]]],[179,[44.15466,70.15092,0,[57.99926,65.62571]]],[199,[42.91539,71.82166,0,[56.99916,69.08192]]],[225,[45.00952,63.53034,0,[57.9992,62.97205]]],[235,[44.13573,71.07886,0,[56.99929,67.36509]]],[178,[44.97948,69.29217,0,[57.99922,64.30848]]],[195,[44.89351,71.48723,0,[57.06269,65.99934]]],[208,[45.13211,64.77482,0,[57.99921,65.53587]]],[284,[43.62204,69.50353,0,[56.99916,68.98541]]],[298,[44.50885,67.66483,0,[56.99926,68.036]]],[180,[45.45374,73.49274,0,[56.99925,66.20926]]],[338,[45.77234,54.90526,0,[57.99912,62.99154]]],[240,[45.78712,59.92627,0,[57.99915,64.24771]]],[192,[45.78597,68.65546,0,[57.99916,65.66387]]],[361,[45.26768,66.2254,0,[56.99927,67.54073]]],[333,[46.10517,71.49986,0,[56.99926,66.35567]]],[337,[46.55174,54.21165,0,[57.99913,62.97121]]],[241,[46.47868,61.64948,0,[57.99916,64.346]]],[314,[44.74648,67.40566,0,[56.99917,69.11273]]],[271,[45.72588,73.05231,0,[56.99919,67.92544]]],[181,[46.62128,72.65034,0,[57.41217,65.99941]]],[189,[46.83505,65.37717,0,[57.99917,65.10014]]],[223,[47.27431,61.69474,0,[57.99916,63.02436]]],[162,[46.48428,72.38564,0,[56.99922,67.24072]]],[224,[47.55142,62.7664,0,[57.99917,63.86745]]],[182,[47.36496,76.06056,0,[56.99924,66.09058]]],[299,[45.50197,68.87707,0,[56.9992,69.28542]]],[193,[47.36926,66.99889,0,[57.99922,65.55511]]],[209,[48.09186,65.41612,0,[57.99917,64.30938]]],[237,[47.03881,73.87701,0,[56.99931,67.62089]]],[366,[48.38274,50.39412,0,[57.99914,62.83325]]],[163,[47.94345,74.50824,0,[56.99924,66.43444]]],[164,[46.26954,75.52728,0,[56.99918,68.86504]]],[176,[47.94001,72.06658,0,[57.99924,65.96341]]],[191,[48.65965,68.98488,0,[57.99927,64.57151]]],[376,[47.80563,67.2945,0,[56.99928,67.70232]]],[253,[46.93652,72.05242,0,[56.99916,69.08058]]],[287,[49.01944,57.53448,0,[57.99921,63.00927]]],[175,[48.99214,75.18394,0,[56.99921,66.07216]]],[204,[48.9895,64.64001,0,[57.99919,65.50838]]],[336,[49.44894,54.11666,0,[57.99917,63.71827]]],[198,[47.79422,74.30179,0,[56.9992,69.09088]]],[348,[48.62437,68.87949,0,[56.99923,67.47766]]],[206,[49.71967,70.76334,0,[57.17939,65.99939]]],[273,[49.71433,56.99121,0,[57.99914,64.94226]]],[288,[50.23187,58.74852,0,[57.99916,62.95057]]],[377,[49.37759,67.8618,0,[56.99926,67.3797]]],[220,[48.55183,74.49368,0,[56.99909,68.9744]]],[272,[50.48545,57.79389,0,[57.99918,63.81072]]],[190,[50.22682,68.11588,0,[57.33466,65.99938]]],[256,[50.48908,61.26577,0,[57.99919,65.15136]]],[219,[50.04766,74.35005,0,[56.99926,67.40848]]],[188,[50.92534,74.30421,0,[56.99923,66.12466]]],[238,[49.29033,74.58949,0,[56.99918,68.78241]]],[351,[51.26606,53.2316,0,[57.99915,63.13161]]],[318,[51.26935,58.64686,0,[57.99915,64.49288]]],[222,[51.06176,64.97362,0,[57.89722,65.9994]]],[300,[49.909,69.84679,0,[56.99912,69.01447]]],[317,[50.79469,71.80936,0,[56.99928,67.42581]]],[352,[51.97383,52.0697,0,[57.99912,63.06068]]],[302,[51.82626,58.07729,0,[57.99925,64.94525]]],[207,[51.9862,67.5233,0,[57.18886,65.99934]]],[201,[51.4709,75.96752,0,[56.99924,67.34991]]],[218,[50.72822,73.87513,0,[56.99918,68.98769]]],[334,[52.51527,56.21727,0,[57.99923,63.28297]]],[221,[52.54127,66.91435,0,[57.99918,64.69228]]],[202,[52.38128,71.34987,0,[57.6442,65.99939]]],[173,[52.28395,72.4425,0,[56.99927,67.15828]]],[200,[51.51521,77.22256,0,[56.99916,68.71506]]],[319,[53.25218,54.71961,0,[57.99918,63.26466]]],[286,[53.14219,62.10857,0,[57.99924,64.94477]]],[187,[53.19101,75.19273,0,[57.22017,65.99927]]],[177,[52.91854,77.14487,0,[56.9992,67.4365]]],[254,[52.15898,77.15598,0,[56.99925,68.84052]]],[258,[53.99108,57.6748,0,[57.99919,63.24866]]],[349,[53.86548,59.45217,0,[57.99917,64.76978]]],[239,[53.73302,67.29472,0,[57.54914,65.9994]]],[255,[53.77154,75.5467,0,[56.99923,67.07556]]],[332,[52.92889,69.83775,0,[56.99917,68.83675]]],[378,[54.70128,50.88372,0,[57.99914,63.63849]]],[364,[54.34264,56.33305,0,[57.99921,65.73192]]],[363,[54.6326,72.71074,0,[56.99926,66.71666]]],[303,[55.29319,57.54814,0,[57.99927,64.22334]]],[347,[53.71406,70.24709,0,[56.9992,68.5244]]],[205,[55.07792,72.23628,0,[57.77965,65.99929]]],[316,[54.48437,73.92664,0,[56.99923,68.42172]]],[301,[55.45966,75.37093,0,[56.99934,66.9324]]]
5:[56,[4.078046,6.974228,0,[81.9993,32.14916]]],[40,[2.548765,4.905698,0,[81.85056,32.99915]]],[27,[2.506556,5.007557,0,[82.50439,31.99923]]],[57,[4.254351,7.338752,0,[82.81256,31.99927]]],[42,[3.519126,6.414354,0,[82.99938,31.81658]]],[71,[4.968659,7.930259,0,[82.38423,31.9991]]],[41,[3.118021,5.956251,0,[82.3551,31.99914]]],[58,[5.141482,8.571074,0,[82.99935,31.12397]]],[43,[4.590227,7.955548,0,[82.99933,30.68604]]],[72,[5.494078,8.407734,0,[82.66823,31.99912]]],[30,[4.439088,8.162572,0,[83.72346,29.99925]]],[44,[5.327997,9.18189,0,[83.34335,29.99924]]],[29,[4.107427,7.598211,0,[82.99928,30.14529]]],[28,[3.180948,6.165166,0,[82.99949,31.08539]]],[60,[5.825146,10.30903,0,[83.71226,29.99917]]],[31,[4.843368,9.3991,0,[83.99934,28.69545]]],[59,[6.155677,9.940955,0,[82.99928,30.53777]]],[18,[3.862838,7.377858,0,[83.99942,29.62199]]],[16,[2.764316,5.520293,0,[82.99932,30.75451]]],[61,[6.320635,11.18546,0,[83.99926,29.88156]]],[75,[7.04379,11.47437,0,[83.12337,29.99938]]],[45,[5.150063,9.685504,0,[83.99937,29.30489]]],[8,[3.658892,7.232017,0,[83.99942,28.56903]]],[17,[3.316576,6.515578,0,[83.53005,29.99913]]],[55,[4.238141,6.031456,0,[81.67587,32.99905]]],[74,[7.241004,10.56406,0,[82.99936,30.8328]]],[19,[4.574033,9.042538,0,[83.99928,28.05091]]],[46,[5.874078,10.93251,0,[83.9994,28.91497]]],[7,[2.754097,5.502108,0,[83.99931,29.79678]]],[88,[7.414896,10.1883,0,[82.99926,31.71738]]],[89,[8.305457,11.65196,0,[82.99927,30.99219]]],[47,[6.563896,11.6364,0,[83.99927,28.54176]]],[20,[4.932581,9.528773,0,[84.8085,27.99924]]],[105,[9.108179,13.13802,0,[82.99921,30.45584]]],[90,[8.198164,12.63513,0,[82.99928,30.07018]]],[0,[3.254519,6.503242,0,[84.41528,27.99922]]],[91,[8.660938,13.34148,0,[83.45441,29.9993]]],[62,[7.088445,11.98711,0,[83.99924,29.37786]]],[32,[5.640296,10.7264,0,[84.33101,27.99922]]],[102,[9.126215,10.94011,0,[82.99963,31.43579]]],[76,[7.441627,12.04419,0,[83.71143,29.99922]]],[92,[9.211723,13.41535,0,[83.87558,29.99937]]],[9,[3.834575,7.647724,0,[84.88387,27.99919]]],[48,[7.259779,12.87056,0,[83.99923,28.11621]]],[33,[6.144356,10.96748,0,[84.60492,27.99932]]],[77,[8.188881,12.60267,0,[83.99929,29.57898]]],[106,[10.07697,14.07148,0,[83.46818,29.99931]]],[118,[9.875133,11.59356,0,[82.57468,31.99917]]],[10,[4.580615,8.918925,0,[84.99932,27.44753]]],[34,[6.574098,11.68349,0,[84.9993,27.92968]]],[78,[8.989309,13.86018,0,[83.99928,29.1675]]],[79,[9.805454,14.76601,0,[83.99921,28.80305]]],[11,[5.512672,9.870297,0,[84.99924,26.9276]]],[119,[10.58123,12.18842,0,[82.99941,31.43362]]],[63,[8.071012,13.45657,0,[83.99931,28.67408]]],[1,[3.913991,7.796818,0,[84.99937,26.74884]]],[65,[9.568048,15.57599,0,[84.11263,27.9994]]],[103,[10.2724,11.81916,0,[82.99939,30.78176]]],[21,[6.023238,10.50495,0,[84.99926,27.11067]]],[117,[9.266373,11.11513,0,[82.19757,31.99906]]],[64,[8.930413,14.54146,0,[83.99928,28.15819]]],[104,[11.21178,13.33173,0,[83.16943,29.99936]]],[2,[4.751818,9.014469,0,[84.99932,26.1183]]],[35,[7.794995,13.01488,0,[84.15241,27.9993]]],[50,[8.970751,14.22478,0,[84.99929,27.57941]]],[49,[8.266968,13.13083,0,[84.74793,27.99928]]],[133,[10.89627,12.10023,0,[82.3231,31.99909]]],[134,[11.31678,12.56326,0,[82.99947,31.9291]]],[23,[7.262411,11.99564,0,[84.99926,27.57125]]],[107,[10.41759,14.11633,0,[83.99928,29.96805]]],[3,[5.390455,9.694703,0,[85.26761,25.99936]]],[135,[12.56981,13.9125,0,[82.99941,30.84398]]],[122,[12.33924,15.22338,0,[82.99934,30.08333]]],[24,[7.924394,13.01065,0,[84.99928,27.3834]]],[22,[6.759863,11.78228,0,[84.99929,26.6049]]],[120,[11.50112,13.78873,0,[82.99926,30.70832]]],[93,[10.30153,14.99478,0,[83.99928,29.03968]]],[123,[12.65377,15.16611,0,[83.73494,29.9992]]],[137,[13.42736,15.53728,0,[83.10617,29.99927]]],[12,[6.322399,11.18572,0,[85.38203,25.99932]]],[121,[11.54005,14.34946,0,[83.8038,29.99932]]],[94,[11.23037,15.40717,0,[83.99924,29.29705]]],[150,[13.15996,14.27677,0,[82.9994,31.31196]]],[108,[12.19054,15.31713,0,[83.99934,29.56152]]],[67,[11.6841,17.30025,0,[84.17062,27.99933]]],[36,[8.791843,14.29648,0,[84.99931,26.77345]]],[51,[9.719513,14.65228,0,[84.99927,27.96293]]],[149,[12.26305,13.21482,0,[82.5061,31.99911]]],[109,[13.35588,15.91185,0,[83.99933,29.36795]]],[81,[12.00738,16.50955,0,[83.99937,28.67491]]],[4,[7.491975,10.91592,0,[84.99929,26.12241]]],[80,[11.07828,15.98267,0,[83.99926,28.39193]]],[96,[13.12215,17.71286,0,[83.99924,28.60112]]],[136,[14.27002,15.21564,0,[82.99935,30.1842]]],[52,[10.85503,15.72877,0,[84.9993,27.82124]]],[13,[8.117369,12.38338,0,[84.99928,26.04359]]],[166,[13.30077,14.37294,0,[82.31944,31.99903]]],[138,[13.64527,15.91438,0,[83.98629,29.99921]]],[124,[14.41262,16.37517,0,[83.99929,29.56433]]],[53,[11.74364,16.94183,0,[84.99925,27.3231]]],[66,[10.44045,16.03834,0,[84.45235,27.9993]]],[37,[9.772505,14.92588,0,[84.99928,26.79559]]],[152,[14.89731,15.29879,0,[82.99931,31.09155]]],[111,[14.35672,18.22207,0,[83.99925,28.4394]]],[153,[14.91464,16.42453,0,[83.20186,29.99925]]],[95,[13.91285,17.22408,0,[84.21938,27.99926]]],[25,[10.63597,14.3573,0,[84.99928,27.01669]]],[139,[15.16358,16.73444,0,[83.99933,29.63692]]],[154,[16.01742,17.29334,0,[82.99934,30.66574]]],[155,[15.72299,17.97202,0,[83.10203,29.99926]]],[98,[13.11351,18.7191,0,[84.93908,27.99933]]],[5,[8.582628,11.92755,0,[85.38663,25.99926]]],[97,[12.79238,18.74569,0,[84.11327,27.99924]]],[151,[14.17104,14.22792,0,[82.99931,31.38548]]],[84,[14.03801,19.4526,0,[84.99923,27.29935]]],[156,[16.7426,18.66129,0,[82.9994,30.64687]]],[113,[15.06359,20.26244,0,[83.99932,28.04245]]],[82,[12.03362,17.10958,0,[84.87283,27.99921]]],[168,[15.04563,15.00669,0,[82.70313,31.99917]]],[125,[15.88996,16.7525,0,[83.99932,29.6291]]],[170,[15.77674,16.51541,0,[82.78539,31.99913]]],[14,[9.540938,13.42849,0,[85.17056,25.99928]]],[83,[12.83232,18.09756,0,[84.99934,27.32898]]],[68,[13.8802,18.36381,0,[84.99931,26.42792]]],[38,[11.61654,16.05954,0,[84.99927,26.41194]]],[172,[17.58867,19.0798,0,[82.99941,30.60765]]],[141,[16.42364,17.78724,0,[83.63803,29.99923]]],[140,[17.25747,17.85876,0,[83.55421,29.99923]]],[169,[16.51592,16.62664,0,[82.83556,31.99913]]],[110,[15.63951,18.02081,0,[83.99931,28.08595]]],[15,[11.12823,14.40379,0,[85.3436,25.99935]]],[145,[17.99594,23.45245,0,[83.99938,28.56858]]],[126,[17.1579,18.71914,0,[83.99937,29.05123]]],[128,[16.21447,20.43089,0,[83.99926,28.19887]]],[142,[17.82465,19.49802,0,[83.97941,29.99919]]],[129,[16.47655,21.44538,0,[84.9547,27.99927]]],[112,[14.38679,18.46247,0,[84.99928,27.82482]]],[184,[14.39507,14.78829,0,[81.83179,32.99916]]],[39,[12.8052,17.52642,0,[84.99939,26.20671]]],[127,[16.81018,19.56067,0,[83.99931,28.52493]]],[157,[18.55543,19.77396,0,[82.99939,30.09068]]],[131,[15.19664,22.18644,0,[84.99931,27.60184]]],[85,[7.983699,8.830568,0,[81.99949,32.18641]]],[144,[17.50581,21.52848,0,[84.68976,27.99925]]],[171,[17.36621,18.24919,0,[82.85851,31.99911]]],[115,[16.17881,22.31458,0,[84.99928,26.22094]]],[26,[12.25387,15.81127,0,[85.19005,25.99933]]],[130,[15.81334,21.72216,0,[84.9993,27.70448]]],[54,[13.42746,18.66225,0,[85.12437,25.99937]]],[160,[18.8081,23.81102,0,[83.99924,28.61938]]],[100,[8.218273,9.305527,0,[81.77689,32.99906]]],[186,[15.42875,15.79942,0,[81.99941,32.68924]]],[147,[17.46776,24.76944,0,[84.9993,26.83068]]],[174,[18.31188,19.51509,0,[82.99951,31.64422]]],[70,[6.043356,7.571795,0,[81.41509,32.999]]],[114,[15.3953,21.68365,0,[84.99929,26.17583]]],[87,[6.716849,9.679179,0,[82.5608,31.99919]]],[69,[14.73927,19.97676,0,[84.99921,26.09537]]],[161,[18.23835,24.27856,0,[84.98253,27.99932]]],[185,[18.13684,17.08811,0,[81.9995,32.29846]]],[183,[16.27466,15.37379,0,[81.99952,32.7384]]],[101,[8.297711,9.954398,0,[82.74624,31.99923]]],[99,[16.87496,21.39071,0,[84.99935,26.37355]]],[158,[19.8009,21.93416,0,[82.99948,30.16091]]],[203,[17.07574,16.3665,0,[81.99955,32.70401]]],[116,[9.414456,10.24659,0,[81.78117,32.99906]]],[148,[12.04292,12.46339,0,[81.8307,32.99912]]],[143,[18.83493,21.34527,0,[83.94766,29.99928]]],[165,[13.31083,13.53629,0,[81.92546,32.99905]]],[146,[18.26229,25.07099,0,[84.99924,26.72151]]],[132,[10.91615,11.30243,0,[81.96013,32.99911]]],[167,[14.48989,14.98771,0,[82.34304,31.99921]]],[159,[19.03686,23.2015,0,[82.39816,31.99915]]],[73,[6.22386,9.076286,0,[82.99939,31.53465]]],[86,[6.298656,9.296358,0,[82.00293,31.9992]]]
1:[56,[19.5479,36.63717,0,[53.99903,27.12744]]],[40,[18.78766,35.0307,0,[53.999,26.90724]]],[27,[18.08845,36.03922,0,[53.49375,26.00025]]],[57,[20.27133,37.66534,0,[53.99906,27.19386]]],[42,[19.49102,37.85425,0,[53.40105,26.00017]]],[71,[21.0148,37.72264,0,[53.99907,27.24983]]],[41,[18.95834,37.39674,0,[52.999,25.75309]]],[58,[20.62226,39.01199,0,[53.999,26.13154]]],[43,[19.94516,38.30494,0,[53.96994,26.00007]]],[72,[21.24308,39.19805,0,[53.99902,26.11715]]],[30,[20.69763,40.35965,0,[52.99901,25.04783]]],[44,[21.32702,40.92265,0,[52.99903,25.17915]]],[29,[20.01742,39.07025,0,[52.99902,24.95242]]],[28,[19.29171,38.24341,0,[52.99901,24.72328]]],[60,[21.94308,42.38296,0,[52.999,25.07779]]],[31,[21.07708,41.67328,0,[52.99903,23.92105]]],[59,[21.84491,40.35954,0,[53.94224,26.0001]]],[18,[20.31372,40.06602,0,[52.99901,23.81791]]],[16,[18.82777,37.62411,0,[52.999,23.57887]]],[61,[22.68919,43.67699,0,[52.99902,25.08738]]],[75,[22.46311,41.74117,0,[53.99902,26.04576]]],[45,[21.67849,42.22551,0,[52.99901,23.93477]]],[8,[20.07075,39.98052,0,[52.99901,22.39352]]],[17,[19.66122,39.03662,0,[52.999,23.57915]]],[55,[21.69992,36.26463,0,[53.99903,27.26401]]],[74,[23.52195,42.36601,0,[52.99903,25.64779]]],[19,[20.78835,41.42965,0,[52.999,22.79056]]],[46,[22.27229,43.2808,0,[52.99902,23.98373]]],[7,[19.40439,38.78611,0,[52.999,22.11846]]],[88,[23.38036,40.89636,0,[53.99903,26.42068]]],[89,[23.95585,41.9992,0,[53.999,26.12565]]],[47,[22.83421,44.03469,0,[52.99901,23.61943]]],[20,[21.56028,42.69978,0,[52.99901,22.74659]]],[105,[24.61788,43.16262,0,[53.99902,26.36992]]],[90,[24.09517,44.04551,0,[52.99906,25.24881]]],[0,[20.55336,41.07221,0,[51.99902,21.05816]]],[91,[24.91498,45.05886,0,[52.99902,25.46542]]],[62,[23.33617,44.30077,0,[52.99903,24.49562]]],[32,[22.16708,43.47617,0,[52.99902,22.636]]],[102,[25.25856,41.70351,0,[53.99903,26.39597]]],[76,[23.95512,44.68872,0,[52.99901,23.9774]]],[92,[25.54239,45.49063,0,[52.99903,25.53469]]],[9,[21.24465,42.44139,0,[51.99903,21.69979]]],[48,[23.468,45.13154,0,[52.99902,23.20311]]],[33,[22.84202,44.24986,0,[52.99901,22.32289]]],[77,[24.59045,45.06612,0,[52.99902,24.42301]]],[106,[26.12207,45.84417,0,[52.99906,25.31986]]],[118,[25.88813,42.13615,0,[53.999,26.18726]]],[10,[21.98555,43.62092,0,[51.99902,21.71066]]],[34,[23.50503,45.36398,0,[52.99904,22.01962]]],[78,[25.32966,46.08194,0,[52.99903,24.40239]]],[79,[25.9698,46.87252,0,[52.99901,24.14539]]],[11,[22.80894,44.37329,0,[51.99903,21.63582]]],[119,[26.91482,43.84598,0,[52.99901,25.99392]]],[63,[24.5695,46.05188,0,[52.99902,23.29978]]],[1,[21.46571,42.82743,0,[51.99906,20.56042]]],[65,[25.79178,47.86402,0,[52.99901,23.03113]]],[103,[26.6607,43.66102,0,[52.99901,24.79467]]],[21,[23.57634,45.48839,0,[51.99905,21.28777]]],[117,[26.61522,41.00608,0,[53.99902,26.99103]]],[64,[25.16727,46.7752,0,[52.99903,23.26033]]],[104,[27.31563,44.8745,0,[52.99905,25.30548]]],[2,[22.24128,43.84234,0,[51.99906,20.54463]]],[35,[24.13251,45.65054,0,[52.99902,22.42484]]],[50,[26.04838,48.08075,0,[52.63874,22.00035]]],[49,[25.13314,46.55945,0,[52.99903,22.13363]]],[133,[27.06029,42.43214,0,[53.99905,26.16898]]],[134,[27.61642,43.53356,0,[53.999,26.10744]]],[23,[24.97063,46.86676,0,[51.99905,21.72414]]],[107,[27.09013,46.87106,0,[52.99904,24.12231]]],[3,[23.02937,44.80378,0,[51.99907,20.35316]]],[135,[28.31859,44.40065,0,[53.99902,26.07583]]],[122,[28.45299,46.74583,0,[52.99902,25.29474]]],[24,[25.77115,47.83861,0,[51.99905,21.34638]]],[22,[24.2206,46.55587,0,[51.99908,21.01942]]],[120,[27.87647,45.52347,0,[52.99901,25.16656]]],[93,[26.60567,47.4672,0,[52.99901,23.40838]]],[123,[29.04658,47.59684,0,[52.99907,25.15114]]],[137,[29.36241,46.78653,0,[53.31383,26.00035]]],[12,[24.50676,46.99178,0,[51.9991,20.25445]]],[121,[28.23793,47.03767,0,[52.99902,24.16366]]],[94,[27.6473,47.8989,0,[52.99901,24.07153]]],[150,[30.14464,46.60289,0,[52.99908,25.57885]]],[108,[28.90855,48.19114,0,[52.99903,24.00842]]],[67,[28.0309,49.88301,0,[52.99902,23.02974]]],[36,[26.50557,49.13094,0,[51.99906,21.18486]]],[51,[26.47722,47.97853,0,[52.99901,22.27342]]],[149,[29.18249,43.92959,0,[53.99909,27.05623]]],[109,[29.75762,48.43816,0,[52.99903,24.52765]]],[81,[28.65651,49.4381,0,[52.99904,22.88293]]],[4,[25.16595,45.8842,0,[51.9991,20.42734]]],[80,[27.38467,48.48567,0,[52.99902,22.94371]]],[96,[29.49725,50.26134,0,[52.99903,23.41262]]],[136,[30.73122,46.96672,0,[52.99905,25.4467]]],[52,[28.21734,50.00397,0,[52.49085,22.00023]]],[13,[25.88227,47.3524,0,[51.99909,20.18409]]],[166,[29.59263,44.88686,0,[53.99903,26.38793]]],[138,[30.4371,48.82108,0,[52.99905,24.31789]]],[124,[31.17634,49.16983,0,[52.99907,24.16074]]],[53,[29.04984,51.39322,0,[52.19979,22.00035]]],[66,[27.7539,50.14992,0,[52.03406,22.00024]]],[37,[27.15126,49.39069,0,[51.99907,21.33386]]],[152,[30.7725,45.8747,0,[53.99901,26.19434]]],[111,[30.87905,50.78688,0,[52.99901,23.06411]]],[153,[31.2851,48.21996,0,[52.99907,25.33139]]],[95,[30.24043,49.76219,0,[52.99905,23.1617]]],[25,[28.12581,49.21645,0,[51.99902,21.05564]]],[139,[31.73653,49.47893,0,[52.99902,23.77767]]],[154,[32.04574,48.30198,0,[53.69942,26.00033]]],[155,[31.82171,49.5149,0,[52.99902,25.06887]]],[98,[30.05938,52.42751,0,[52.99904,22.01103]]],[5,[26.7309,47.63803,0,[51.99905,20.1421]]],[97,[29.26629,51.57639,0,[52.99903,22.27943]]],[151,[30.18855,44.94669,0,[53.99907,26.26129]]],[84,[30.98024,53.18214,0,[52.66877,22.00016]]],[156,[32.94679,50.45123,0,[52.99903,25.57664]]],[113,[31.46975,52.90123,0,[52.99904,22.52051]]],[82,[29.95621,52.42525,0,[51.99905,21.49767]]],[168,[31.33286,45.78043,0,[53.99903,26.05124]]],[125,[32.33809,49.33049,0,[52.99904,24.74299]]],[170,[32.6489,47.31402,0,[53.99903,26.46667]]],[14,[27.52361,48.4992,0,[51.99905,20.44332]]],[83,[30.77892,53.34898,0,[51.99907,21.364]]],[68,[31.51859,53.03284,0,[51.99907,21.2719]]],[38,[29.19331,50.91552,0,[51.99908,21.01107]]],[172,[33.37656,49.62687,0,[53.99904,26.23781]]],[141,[32.98919,50.37546,0,[52.99902,24.41119]]],[140,[33.50691,50.0946,0,[52.99903,25.41756]]],[169,[33.2649,47.66975,0,[53.9991,27.33427]]],[6,[28.53036,48.92168,0,[51.99907,20.38852]]],[110,[32.0737,50.51194,0,[52.99903,22.597]]],[15,[29.40974,50.2319,0,[51.9991,20.12626]]],[145,[34.39459,55.84496,0,[52.99902,23.98854]]],[126,[33.72689,51.46194,0,[52.99902,24.14381]]],[128,[32.53011,52.86833,0,[52.99903,23.51405]]],[142,[34.16277,52.07744,0,[52.99906,25.23313]]],[129,[33.59192,55.37774,0,[52.99904,22.34732]]],[112,[32.15682,53.63517,0,[51.99907,21.65219]]],[184,[32.30396,44.93304,0,[53.99907,27.24979]]],[39,[30.89365,53.18265,0,[51.99904,20.14314]]],[127,[33.22053,52.25478,0,[52.99904,23.27919]]],[157,[34.78643,51.38418,0,[52.99901,25.0286]]],[131,[32.82078,57.03875,0,[51.99903,21.6715]]],[85,[25.4382,38.5172,0,[53.99903,27.54255]]],[144,[34.19728,54.83036,0,[52.99902,22.82801]]],[171,[33.97102,49.33294,0,[53.999,26.02844]]],[115,[33.82837,57.07858,0,[51.99905,21.33368]]],[26,[30.10154,51.03068,0,[51.99912,20.2841]]],[130,[32.8237,55.43541,0,[52.99902,22.1752]]],[54,[31.72231,54.11303,0,[51.99904,20.20811]]],[160,[35.22831,55.9869,0,[52.99903,24.05902]]],[100,[27.34789,39.34447,0,[53.99905,27.4357]]],[186,[34.08826,45.76382,0,[53.9991,27.24639]]],[147,[34.88613,59.47786,0,[51.99902,21.85657]]],[174,[35.68219,52.23071,0,[52.99904,25.35336]]],[70,[24.67144,37.63081,0,[53.99903,27.53488]]],[114,[33.15727,56.64482,0,[51.9991,20.53438]]],[87,[22.99608,40.17643,0,[53.99901,27.13859]]],[69,[32.44005,55.03338,0,[51.99906,20.49741]]],[161,[35.03313,57.57745,0,[52.99902,22.65521]]],[185,[34.81044,48.02691,0,[53.59832,26.00015]]],[183,[34.85956,45.53058,0,[53.99902,27.21248]]],[101,[26.06719,40.04775,0,[53.99909,27.35631]]],[99,[34.43805,56.28141,0,[51.99904,20.68386]]],[158,[36.40116,53.72422,0,[52.99903,24.9182]]],[203,[35.32497,46.77395,0,[53.99906,26.48129]]],[116,[27.95423,40.46035,0,[53.999,27.05862]]],[148,[30.07541,42.57182,0,[53.99914,27.35485]]],[143,[35.9404,54.61655,0,[52.999,23.54473]]],[165,[30.79309,43.72981,0,[53.99903,27.42258]]],[146,[35.5533,59.44905,0,[51.99902,21.30826]]],[132,[28.59953,41.68634,0,[53.99902,27.19105]]],[167,[31.48907,45.04055,0,[53.99907,27.26722]]],[159,[35.96198,53.75401,0,[53.999,26.13503]]],[73,[22.33386,39.51241,0,[53.99907,27.2133]]],[86,[23.8728,38.66769,0,[53.99902,27.42853]]]
0:[56,[32.44751,62.11355,0,[32.69622,40.00099]]],[40,[31.84763,61.02478,0,[31.99961,39.60079]]],[27,[31.22387,62.26353,0,[31.28917,39.00092]]],[57,[33.22515,62.90261,0,[32.71229,40.00099]]],[42,[32.43916,63.6639,0,[31.80545,39.00096]]],[71,[34.13054,62.70859,0,[33.05761,40.001]]],[41,[31.80776,63.0665,0,[30.99944,38.01294]]],[58,[34.00396,65.50848,0,[32.01292,40.001]]],[43,[33.06087,64.40348,0,[31.71684,39.00095]]],[72,[34.83302,65.33607,0,[32.82499,40.00097]]],[30,[33.87748,66.5882,0,[31.34694,39.00089]]],[44,[34.29931,66.62067,0,[31.95483,39.00097]]],[29,[33.1403,65.12711,0,[30.87012,38.00091]]],[28,[32.59713,64.79881,0,[30.79355,38.0009]]],[60,[35.02432,68.34882,0,[31.77382,39.001]]],[31,[34.58128,68.53821,0,[30.99961,38.39686]]],[59,[35.78084,66.82721,0,[32.86603,40.001]]],[18,[33.90415,66.99895,0,[30.74751,38.00087]]],[16,[33.20791,66.34351,0,[29.33911,38.00093]]],[61,[35.94162,69.58932,0,[31.70481,39.00089]]],[75,[36.57267,67.94482,0,[32.81264,40.001]]],[45,[35.54489,69.79778,0,[31.052,39.00098]]],[8,[34.52901,68.80082,0,[29.76744,38.00095]]],[17,[33.83218,67.3276,0,[29.50038,38.00087]]],[55,[37.38108,61.33187,0,[33.2985,40.00097]]],[74,[36.58852,67.84261,0,[31.97757,39.00097]]],[19,[35.09753,69.72668,0,[29.95619,38.00099]]],[46,[35.8039,69.87226,0,[30.99956,38.01631]]],[7,[34.61699,69.17279,0,[28.47018,38.00096]]],[88,[37.62485,67.32216,0,[32.15289,40.00097]]],[89,[38.12646,67.85326,0,[32.84412,40.001]]],[47,[36.70932,71.39005,0,[30.99973,38.58529]]],[20,[35.81768,71.07385,0,[29.85824,38.00091]]],[105,[38.69312,68.68195,0,[33.25484,40.00097]]],[90,[37.67178,69.76279,0,[31.89384,39.00094]]],[0,[35.52645,70.95528,0,[28.64704,38.00099]]],[91,[38.70573,71.25184,0,[32.13058,40.00098]]],[62,[37.4352,71.16803,0,[30.99969,38.91652]]],[32,[36.6195,71.84097,0,[30.02635,38.00096]]],[102,[39.45375,67.19419,0,[33.29935,40.00098]]],[76,[38.26924,71.93684,0,[31.19961,39.00098]]],[92,[39.26855,71.43477,0,[32.3028,40.00099]]],[9,[36.19236,71.73354,0,[28.46904,38.001]]],[48,[37.61264,72.64201,0,[30.5211,38.00092]]],[33,[37.20952,72.81637,0,[30.00606,38.00095]]],[77,[38.78053,71.6653,0,[31.45022,39.00092]]],[106,[39.84942,71.98019,0,[32.28334,40.00097]]],[118,[40.29263,68.22723,0,[32.97425,40.001]]],[10,[36.7647,72.70016,0,[28.87219,38.00096]]],[34,[38.23039,73.99509,0,[30.1888,38.001]]],[78,[39.39406,72.83788,0,[31.38613,39.00097]]],[79,[39.87577,73.46861,0,[31.84934,39.00097]]],[11,[37.57647,73.50095,0,[28.95866,38.00097]]],[119,[40.827,70.0872,0,[32.47946,40.001]]],[63,[38.67455,73.27596,0,[30.70604,38.00091]]],[1,[37.17073,73.63264,0,[27.99994,37.91656]]],[65,[39.62694,75.18375,0,[30.99977,38.01721]]],[103,[40.58467,70.67887,0,[31.44591,39.001]]],[21,[38.27382,74.65947,0,[29.0846,38.001]]],[117,[41.4282,67.23515,0,[32.87076,40.00099]]],[64,[39.32393,74.4842,0,[30.1951,38.00097]]],[104,[41.11332,70.91598,0,[31.68303,39.00099]]],[2,[37.95575,74.62765,0,[27.99976,37.85659]]],[35,[38.98822,74.63041,0,[29.37794,38.0009]]],[50,[40.39959,76.34849,0,[30.53164,38.001]]],[49,[39.97068,75.52206,0,[29.88494,38.00097]]],[133,[42.17622,68.77155,0,[32.89814,40.001]]],[134,[41.64859,69.97292,0,[31.93355,39.00097]]],[23,[39.69689,75.98048,0,[29.02117,38.00098]]],[107,[40.93018,73.52431,0,[30.83604,38.0009]]],[3,[38.74474,75.71594,0,[28.20012,38.001]]],[135,[42.98756,70.70206,0,[33.09372,40.001]]],[122,[42.80783,73.42884,0,[32.06731,40.001]]],[24,[40.57344,77.17267,0,[29.29698,38.00099]]],[22,[39.39484,76.65633,0,[28.10279,38.00098]]],[120,[42.20132,72.44672,0,[31.0581,39.001]]],[93,[41.13782,75.7337,0,[29.72855,38.001]]],[123,[43.46915,74.24313,0,[32.13877,40.001]]],[137,[43.75221,72.33638,0,[33.08379,40.001]]],[12,[40.21421,78.0899,0,[28.25275,38.001]]],[121,[42.80178,74.27657,0,[31.20761,39.00098]]],[94,[41.64411,75.41391,0,[30.18146,38.00097]]],[150,[44.1705,73.10536,0,[32.29177,40.001]]],[108,[43.44753,75.435,0,[31.41262,39.00099]]],[67,[42.28939,77.79356,0,[30.3234,38.00098]]],[36,[41.41925,78.79981,0,[28.72963,38.001]]],[51,[41.94839,77.57117,0,[29.09856,38.00097]]],[149,[44.63262,70.24476,0,[32.96942,40.001]]],[109,[44.08416,75.4264,0,[31.58028,39.001]]],[81,[42.88426,77.34751,0,[30.5123,38.00097]]],[4,[40.98026,77.01097,0,[28.10364,38.00099]]],[80,[42.52727,77.57288,0,[29.22776,38.00098]]],[96,[43.56585,77.89711,0,[30.61633,38.00099]]],[136,[45.08644,73.69178,0,[32.20683,40.001]]],[52,[43.15518,79.02254,0,[29.45668,38.00099]]],[13,[41.66984,78.29308,0,[27.99995,37.51922]]],[166,[45.72283,71.67328,0,[32.72615,40.00099]]],[138,[44.75611,76.21306,0,[31.04071,39.00099]]],[124,[45.23983,76.15191,0,[31.53632,39.001]]],[53,[43.80607,80.11528,0,[29.58565,38.001]]],[66,[43.11632,79.88905,0,[28.35442,38.00098]]],[37,[42.53307,79.59583,0,[28.04502,38.00099]]],[152,[46.73596,72.44563,0,[32.70312,40.00099]]],[111,[44.92967,78.48951,0,[30.57266,38.00093]]],[153,[45.77216,74.07808,0,[31.84672,39.00096]]],[95,[44.44411,77.85892,0,[30.09152,38.00099]]],[25,[44.19362,79.39449,0,[28.72682,38.001]]],[139,[45.44156,76.36812,0,[30.99972,38.04181]]],[154,[47.29265,75.54645,0,[32.19961,40.00096]]],[155,[46.49685,76.42519,0,[31.15707,39.001]]],[98,[45.17294,81.78765,0,[29.54367,38.001]]],[5,[43.11624,78.54931,0,[27.91527,37.00099]]],[97,[44.72971,81.1781,0,[28.97597,38.00098]]],[151,[47.86578,71.78147,0,[32.7314,40.001]]],[84,[45.70871,81.9733,0,[29.89826,38.00096]]],[156,[47.26683,77.28383,0,[31.44428,39.00099]]],[113,[46.25861,81.30412,0,[30.24015,38.001]]],[82,[45.56637,82.23026,0,[28.72933,38.001]]],[168,[48.58554,72.85653,0,[32.69162,40.00098]]],[125,[46.82433,76.50726,0,[30.39778,38.00096]]],[170,[47.83266,74.03207,0,[31.54933,39.00094]]],[14,[44.02246,79.23275,0,[27.84996,37.001]]],[83,[46.14532,83.01352,0,[28.92399,38.001]]],[68,[46.65205,82.37299,0,[29.33159,38.00099]]],[38,[44.99058,81.13123,0,[27.99981,37.73244]]],[172,[49.12601,77.27786,0,[32.12796,40.00098]]],[141,[47.41081,77.52323,0,[30.5703,38.00098]]],[140,[48.39282,77.06897,0,[31.06061,39.001]]],[169,[49.70026,74.28237,0,[32.78659,40.00098]]],[6,[45.39329,80.14563,0,[27.85863,37.001]]],[110,[47.24388,79.73646,0,[29.47443,38.001]]],[15,[46.02464,80.86758,0,[27.99819,37.001]]],[145,[49.19226,83.40701,0,[31.51693,39.00099]]],[126,[48.41501,78.86436,0,[30.64303,38.001]]],[128,[47.98389,81.36384,0,[29.99004,38.00099]]],[142,[49.92779,78.63803,0,[31.99992,39.39005]]],[129,[49.16725,84.06242,0,[30.83652,38.001]]],[112,[47.78313,83.60073,0,[28.96839,38.001]]],[184,[50.78069,72.55445,0,[32.67434,40.001]]],[39,[47.05518,84.40868,0,[28.37883,38.001]]],[127,[48.8713,81.25378,0,[29.8952,38.001]]],[157,[50.22015,78.71873,0,[31.24236,39.00099]]],[131,[48.40857,86.80714,0,[29.16,38.001]]],[85,[51.39719,64.35114,0,[33.24076,40.00099]]],[144,[49.83128,83.24676,0,[30.16247,38.00098]]],[171,[50.7198,76.70589,0,[31.89234,39.001]]],[115,[49.50835,86.66002,0,[29.35688,38.00099]]],[26,[47.0979,82.33948,0,[27.99191,37.001]]],[130,[49.03325,86.17984,0,[28.79209,38.001]]],[54,[48.36986,86.2623,0,[28.02279,38.001]]],[160,[50.3686,83.52744,0,[30.52424,38.001]]],[100,[52.31438,71.57012,0,[33.14058,40.001]]],[186,[51.89151,74.01138,0,[32.06762,40.001]]],[147,[50.26869,88.71894,0,[29.25368,38.001]]],[174,[50.87963,78.50812,0,[30.96806,38.00094]]],[70,[51.9834,71.76865,0,[31.92619,39.00098]]],[114,[49.97995,88.05067,0,[28.25384,38.00099]]],[87,[53.08667,72.96047,0,[32.62852,40.00099]]],[69,[48.88217,85.86127,0,[27.95727,37.001]]],[161,[50.92805,86.93394,0,[29.53689,38.001]]],[185,[51.48549,75.44751,0,[30.98666,38.00097]]],[183,[52.63639,73.99035,0,[31.21608,39.001]]],[101,[53.88414,67.50451,0,[33.04309,40.00096]]],[99,[50.77699,87.59192,0,[28.2836,38.001]]],[158,[51.48476,81.688,0,[29.77172,38.00098]]],[203,[52.14906,76.03682,0,[29.99388,38.001]]],[116,[53.16868,75.87292,0,[31.67274,39.00099]]],[148,[54.38035,73.84615,0,[32.02154,40.001]]],[143,[52.13633,84.59275,0,[28.62959,38.001]]],[165,[52.83739,75.80968,0,[30.45562,38.00099]]],[146,[51.48285,89.91303,0,[28.42472,38.00099]]],[132,[53.7096,76.9511,0,[30.99964,38.48707]]],[167,[55.01182,73.94935,0,[32.55361,40.001]]],[159,[52.80062,83.94205,0,[29.07651,38.00099]]],[73,[54.64228,77.95236,0,[31.32612,39.00099]]],[86,[53.74148,77.88193,0,[29.72854,38.00093]]]

Travel Distances:
[391,62.95076],[400,63.50568],[381,65.39324],[380,63.03836],[392,65.58479],[368,64.43792],[401,65.38206],[379,63.07647],[382,67.36172],[369,65.83614],[393,66.84762],[383,67.05968],[56,65.15251],[40,65.30327],[394,69.09589],[27,69.74871],[370,66.94111],[371,69.23948],[384,69.33735],[402,68.51762],[57,66.31374],[42,68.74571],[395,69.28053],[356,68.78382],[385,71.25027],[71,66.37772],[355,68.35714],[396,71.35584],[41,71.40454],[58,69.45139],[367,63.99104],[43,70.24196],[403,69.69616],[372,70.44033],[72,69.59475],[341,71.67154],[397,72.93301],[30,72.78033],[44,71.70795],[339,67.91675],[404,71.6536],[340,70.45911],[29,72.73992],[357,71.96225],[386,72.4704],[28,73.57909],[60,74.07034],[326,72.42744],[405,73.57052],[324,69.86124],[31,75.25033],[59,70.31268],[18,75.14469],[342,73.20686],[358,74.54222],[16,75.89297],[325,69.87978],[327,73.07424],[61,75.61749],[75,72.08802],[45,76.60476],[373,76.11897],[8,77.69886],[343,75.48036],[310,73.09071],[323,68.66381],[398,75.75291],[17,77.39532],[55,64.32869],[74,72.61946],[311,75.01308],[19,77.21289],[46,76.19254],[374,75.41703],[309,72.40446],[354,67.40144],[7,79.83691],[88,71.91734],[359,77.19135],[89,71.5089],[295,76.63046],[47,77.88352],[406,75.07832],[20,79.19834],[390,60.95682],[293,71.59075],[105,71.09988],[387,75.97592],[90,74.33488],[328,76.94057],[294,75.29281],[0,81.84559],[91,75.6339],[62,78.02268],[32,80.55712],[279,74.62277],[322,69.64239],[102,70.09706],[296,78.1441],[76,77.35535],[280,76.39116],[407,76.29775],[92,74.79482],[308,68.88388],[9,81.30824],[265,77.89062],[48,81.20588],[33,82.34797],[77,77.92499],[106,76.08334],[313,79.70827],[118,71.50791],[307,72.02122],[312,79.69095],[281,78.55022],[353,65.3203],[10,83.10739],[34,81.42375],[78,77.88061],[79,77.54153],[292,74.18873],[11,84.08829],[119,74.22411],[345,80.3547],[291,73.52117],[266,80.0761],[399,79.42911],[63,81.54559],[306,70.49072],[1,85.16482],[277,75.41758],[65,81.88188],[103,75.4749],[21,83.87928],[117,70.04345],[250,80.19158],[297,80.14647],[320,68.32255],[64,83.57256],[344,81.30175],[104,76.44746],[304,71.14009],[2,86.57183],[35,84.57085],[282,81.29981],[305,72.75993],[50,83.46165],[49,83.3681],[133,71.91658],[329,81.00277],[321,67.53017],[290,73.37337],[134,74.4714],[23,84.41686],[278,77.63262],[289,70.63183],[107,81.45666],[264,79.19953],[3,88.13837],[135,74.35479],[122,77.63916],[276,74.64478],[24,85.99165],[330,81.30225],[22,87.65837],[263,77.5759],[388,78.56374],[120,77.9901],[268,81.60159],[365,64.30885],[93,83.35455],[123,77.27412],[137,74.63029],[262,77.49286],[12,89.18265],[249,80.81056],[121,80.52408],[94,83.80272],[267,83.71404],[150,76.71857],[251,81.78162],[261,74.43622],[248,78.24944],[108,80.48565],[67,85.03006],[36,87.93491],[246,75.99532],[233,81.979],[51,87.51341],[149,74.1063],[360,81.45088],[109,81.02527],[252,83.93118],[81,85.2785],[4,88.95976],[247,78.69291],[232,82.00134],[285,84.20547],[80,86.35681],[96,84.51276],[136,77.033],[260,74.25211],[52,86.46259],[13,88.89067],[389,80.45415],[245,78.25603],[275,73.45393],[283,85.37559],[269,84.69601],[166,75.37413],[138,82.50467],[124,81.54025],[231,82.26317],[53,88.31758],[66,89.56385],[274,72.63351],[37,90.43615],[236,85.54678],[152,74.7953],[335,66.88019],[111,84.57854],[153,78.16784],[215,83.39301],[375,81.27832],[95,86.69393],[244,76.95551],[25,88.97665],[350,65.97863],[139,83.26337],[154,78.88508],[216,86.39886],[230,80.41644],[155,81.27869],[331,83.3825],[98,89.38504],[259,72.95532],[5,90.06544],[229,78.75943],[97,91.43604],[151,75.6275],[234,86.54006],[84,90.34562],[156,82.67767],[243,73.44847],[346,83.84615],[113,88.65215],[226,76.08545],[228,78.08488],[197,86.22557],[82,91.0482],[168,75.473],[125,82.63049],[170,78.23117],[14,91.12895],[315,86.25486],[211,80.99355],[83,92.63682],[214,84.58389],[257,73.6595],[217,88.07462],[68,90.82087],[227,77.52975],[38,92.8066],[172,80.92036],[141,84.56445],[140,82.12325],[194,82.19923],[212,81.70156],[362,81.2859],[169,76.67942],[6,93.22332],[110,89.03152],[15,92.66254],[242,75.7283],[270,88.71818],[145,88.93588],[196,87.70671],[210,80.40214],[213,83.70777],[126,85.89022],[128,89.22874],[142,82.59666],[179,85.47056],[199,89.3355],[225,77.15077],[235,86.61597],[129,91.63319],[178,85.04415],[195,87.58813],[112,93.92152],[184,76.43201],[39,95.93649],[127,89.37956],[157,84.07053],[208,80.47602],[131,95.83426],[284,87.51945],[298,84.34985],[180,88.44723],[338,68.91137],[85,66.89641],[240,74.13113],[144,89.5546],[171,80.83334],[115,95.53153],[192,85.02708],[361,83.46943],[26,95.82761],[130,96.05268],[54,97.33372],[160,90.53925],[333,87.19582],[100,74.65108],[337,68.61943],[186,77.81288],[241,76.42009],[314,85.23255],[147,96.14561],[271,89.33575],[181,87.37329],[174,86.37635],[189,81.65745],[70,77.44172],[114,97.92019],[87,76.63298],[223,76.61163],[162,88.96037],[69,97.97191],[224,77.52264],[161,95.0331],[182,91.26719],[299,87.13258],[185,82.32114],[193,82.19391],[183,78.67951],[101,71.51487],[209,81.05421],[237,91.17545],[366,65.32353],[163,90.54269],[164,94.06258],[99,97.99072],[158,90.616],[203,83.62639],[116,81.11044],[176,87.70564],[191,83.55656],[148,76.93594],[376,83.19219],[253,89.28857],[143,94.22079],[165,83.86678],[287,72.99239],[146,100.8976],[175,91.10316],[204,80.61853],[336,68.92028],[132,83.34522],[167,77.50408],[198,92.14809],[348,85.06911],[159,91.81377],[206,85.30843],[273,71.47448],[73,83.90199],[86,86.23009],[288,73.8362],[377,84.65756],[220,92.83393],[272,72.62852],[190,83.62497],[256,76.25699],[219,89.80224],[188,90.41137],[238,93.30228],[351,68.42223],[318,74.02884],[222,80.5974],[300,87.35709],[317,87.79353],[352,65.8195],[302,74.34217],[207,83.45229],[201,92.53956],[218,91.91925],[334,70.68738],[221,81.72572],[202,86.43176],[173,89.46297],[200,95.70263],[319,69.72171],[286,77.76276],[187,90.70485],[177,92.95531],[254,94.31306],[258,71.13794],[349,73.66137],[239,83.71613],[255,91.58977],[332,87.50112],[378,65.22964],[364,71.62839],[363,89.14191],[303,72.87463],[347,88.13916],[205,88.02702],[316,90.26032],[301,91.89545]

Finish Times:
[391,33.08038],[400,33.32038],[381,34.1604],[380,34.2004],[392,34.2004],[368,34.88042],[401,34.92042],[379,35.08042],[382,35.12042],[369,35.60043],[393,35.64043],[383,35.68044],[56,35.72044],[40,35.76044],[394,35.96044],[27,36.20045],[370,36.36045],[371,36.36045],[384,36.48045],[402,36.48045],[57,36.52045],[42,36.76046],[395,36.84046],[356,36.92046],[385,37.08047],[71,37.24047],[355,37.32047],[396,37.32047],[41,37.48048],[58,37.56048],[367,37.64048],[43,37.72048],[403,37.72048],[372,37.80048],[72,38.00049],[341,38.00049],[397,38.16049],[30,38.3205],[44,38.4805],[339,38.5205],[404,38.6005],[340,38.6405],[29,38.76051],[357,38.76051],[386,38.76051],[28,38.84051],[60,39.04051],[326,39.20052],[405,39.24052],[324,39.28052],[31,39.36052],[59,39.36052],[18,39.40052],[342,39.48052],[358,39.64053],[16,39.68053],[325,39.68053],[327,39.92053],[61,39.96053],[75,39.96053],[45,40.08054],[373,40.16054],[8,40.20054],[343,40.32054],[310,40.36054],[323,40.40054],[398,40.40054],[17,40.44054],[55,40.60055],[74,40.60055],[311,40.64055],[19,40.84055],[46,40.84055],[374,40.92056],[309,41.04056],[354,41.04056],[7,41.16056],[88,41.20056],[359,41.20056],[89,41.28056],[295,41.32056],[47,41.48057],[406,41.52057],[20,41.64057],[390,41.68057],[293,41.76057],[105,41.84058],[387,41.84058],[90,41.88058],[328,41.88058],[294,42.00058],[0,42.12058],[91,42.16058],[62,42.32059],[32,42.40059],[279,42.40059],[322,42.48059],[102,42.56059],[296,42.60059],[76,42.6806],[280,42.6806],[407,42.7206],[92,42.7606],[308,42.8006],[9,42.9206],[265,43.0406],[48,43.12061],[33,43.24061],[77,43.28061],[106,43.32061],[313,43.32061],[118,43.36061],[307,43.40061],[312,43.40061],[281,43.52061],[353,43.52061],[10,43.64062],[34,43.80062],[78,43.84062],[79,43.92062],[292,43.92062],[11,44.00063],[119,44.00063],[345,44.08063],[291,44.12063],[266,44.20063],[399,44.20063],[63,44.32063],[306,44.40063],[1,44.52064],[277,44.52064],[65,44.56064],[103,44.56064],[21,44.60064],[117,44.64064],[250,44.68064],[297,44.80064],[320,44.80064],[64,44.96065],[344,44.96065],[104,45.08065],[304,45.16065],[2,45.28065],[35,45.28065],[282,45.28065],[305,45.28065],[50,45.32066],[49,45.48066],[133,45.52066],[329,45.56066],[321,45.64066],[290,45.72066],[134,45.76067],[23,45.88067],[278,45.88067],[289,45.92067],[107,46.04067],[264,46.04067],[3,46.12067],[135,46.16068],[122,46.32068],[276,46.40068],[24,46.44068],[330,46.44068],[22,46.48068],[263,46.48068],[388,46.60069],[120,46.64069],[268,46.72069],[365,46.72069],[93,46.80069],[123,46.84069],[137,46.88069],[262,47.0407],[12,47.0807],[249,47.1207],[121,47.2007],[94,47.2407],[267,47.3207],[150,47.4007],[251,47.4007],[261,47.52071],[248,47.64071],[108,47.68071],[67,47.72071],[36,47.76071],[246,47.80071],[233,47.84071],[51,48.00072],[149,48.08072],[360,48.12072],[109,48.16072],[252,48.16072],[81,48.20072],[4,48.24072],[247,48.28072],[232,48.40073],[285,48.56073],[80,48.60073],[96,48.64073],[136,48.64073],[260,48.68073],[52,48.84074],[13,48.88074],[389,48.88074],[245,48.96074],[275,49.04074],[283,49.08074],[269,49.12074],[166,49.20074],[138,49.24075],[124,49.28075],[231,49.32075],[53,49.48075],[66,49.56075],[274,49.60075],[37,49.80076],[236,49.80076],[152,49.84076],[335,49.84076],[111,49.88076],[153,49.88076],[215,49.92076],[375,49.92076],[95,50.00076],[244,50.16077],[25,50.40077],[350,50.40077],[139,50.44077],[154,50.48077],[216,50.48077],[230,50.52077],[155,50.64078],[331,50.68078],[98,50.72078],[259,50.76078],[5,50.84078],[229,50.92078],[97,51.08079],[151,51.08079],[234,51.12079],[84,51.24079],[156,51.28079],[243,51.28079],[346,51.28079],[113,51.32079],[226,51.4408],[228,51.4808],[197,51.5608],[82,51.7608],[168,51.7608],[125,51.88081],[170,51.88081],[14,51.92081],[315,51.96081],[211,52.04081],[83,52.12081],[214,52.12081],[257,52.12081],[217,52.20081],[68,52.24081],[227,52.28082],[38,52.32082],[172,52.36082],[141,52.56082],[140,52.64082],[194,52.68082],[212,52.68082],[362,52.76083],[169,52.92083],[6,52.96083],[110,53.00083],[15,53.04083],[242,53.08083],[270,53.08083],[145,53.20084],[196,53.24084],[210,53.24084],[213,53.28084],[126,53.44084],[128,53.56084],[142,53.60085],[179,53.64085],[199,53.68085],[225,53.88085],[235,53.88085],[129,54.00085],[178,54.04086],[195,54.04086],[112,54.08086],[184,54.12086],[39,54.28086],[127,54.28086],[157,54.40086],[208,54.40086],[131,54.44086],[284,54.48087],[298,54.52087],[180,54.68087],[338,54.68087],[85,54.72087],[240,54.80087],[144,54.84087],[171,54.92088],[115,55.12088],[192,55.12088],[361,55.12088],[26,55.16088],[130,55.20088],[54,55.32088],[160,55.36089],[333,55.36089],[100,55.44089],[337,55.44089],[186,55.52089],[241,55.52089],[314,55.68089],[147,55.76089],[271,55.76089],[181,55.8809],[174,55.9609],[189,55.9609],[70,56.0809],[114,56.2009],[87,56.24091],[223,56.24091],[162,56.36091],[69,56.40091],[224,56.40091],[161,56.52091],[182,56.52091],[299,56.52091],[185,56.60091],[193,56.68092],[183,56.76092],[101,57.00092],[209,57.08092],[237,57.08092],[366,57.12093],[163,57.20093],[164,57.20093],[99,57.24093],[158,57.24093],[203,57.32093],[116,57.40093],[176,57.60094],[191,57.72094],[148,57.76094],[376,57.80094],[253,57.84094],[143,57.96095],[165,57.96095],[287,57.96095],[146,58.08095],[175,58.12095],[204,58.24095],[336,58.36095],[132,58.40096],[167,58.40096],[198,58.56096],[348,58.56096],[159,58.64096],[206,58.84097],[273,58.84097],[73,59.12097],[86,59.12097],[288,59.16097],[377,59.24097],[220,59.32098],[272,59.36098],[190,59.44098],[256,59.64098],[219,59.92099],[188,60.04099],[238,60.04099],[351,60.08099],[318,60.281],[222,60.561],[300,60.60101],[317,60.60101],[352,60.76101],[302,60.96101],[207,61.16102],[201,61.32102],[218,61.44102],[334,61.44102],[221,61.60103],[202,61.76103],[173,62.00104],[200,62.04104],[319,62.16104],[286,62.24104],[187,62.36105],[177,62.76105],[254,62.80106],[258,62.92106],[349,62.92106],[239,63.04106],[255,63.48107],[332,63.52107],[378,63.52107],[364,63.68108],[363,64.12109],[303,64.20109],[347,64.24109],[205,64.44109],[316,64.8411],[301,65.12111]

Stuck Times:
[391,0],[400,0],[381,0],[380,0],[392,0],[368,0],[401,0],[379,0],[382,0],[369,0],[393,0],[383,0],[56,0],[40,1],[394,0],[27,0],[370,0],[371,0],[384,0],[402,0],[57,0],[42,0],[395,0],[356,0],[385,0],[71,0],[355,0],[396,0],[41,0],[58,0],[367,2],[43,0],[403,0],[372,0],[72,0],[341,0],[397,0],[30,0],[44,0],[339,0],[404,0],[340,0],[29,0],[357,0],[386,0],[28,0],[60,0],[326,0],[405,0],[324,1],[31,0],[59,0],[18,0],[342,0],[358,0],[16,0],[325,0],[327,0],[61,0],[75,0],[45,0],[373,0],[8,0],[343,0],[310,0],[323,1],[398,0],[17,0],[55,5],[74,1],[311,0],[19,0],[46,0],[374,0],[309,0],[354,4],[7,0],[88,3],[359,0],[89,3],[295,0],[47,0],[406,1],[20,0],[390,8],[293,0],[105,2],[387,0],[90,1],[328,0],[294,0],[0,0],[91,1],[62,0],[32,0],[279,0],[322,0],[102,5],[296,0],[76,0],[280,0],[407,2],[92,2],[308,3],[9,0],[265,0],[48,0],[33,0],[77,1],[106,2],[313,0],[118,5],[307,1],[312,0],[281,0],[353,8],[10,0],[34,0],[78,0],[79,0],[292,0],[11,0],[119,5],[345,0],[291,1],[266,0],[399,2],[63,0],[306,4],[1,0],[277,0],[65,0],[103,6],[21,0],[117,5],[250,0],[297,0],[320,5],[64,0],[344,0],[104,5],[304,4],[2,0],[35,0],[282,0],[305,0],[50,0],[49,0],[133,6],[329,0],[321,4],[290,1],[134,6],[23,0],[278,0],[289,4],[107,3],[264,0],[3,0],[135,7],[122,5],[276,2],[24,0],[330,1],[22,0],[263,0],[388,1],[120,5],[268,1],[365,12],[93,2],[123,6],[137,6],[262,1],[12,0],[249,1],[121,3],[94,3],[267,0],[150,8],[251,1],[261,2],[248,1],[108,4],[67,2],[36,0],[246,0],[233,0],[51,1],[149,7],[360,4],[109,5],[252,0],[81,2],[4,1],[247,2],[232,1],[285,2],[80,1],[96,2],[136,9],[260,3],[52,2],[13,1],[389,3],[245,2],[275,7],[283,1],[269,1],[166,7],[138,6],[124,7],[231,1],[53,1],[66,1],[274,8],[37,1],[236,2],[152,10],[335,18],[111,5],[153,8],[215,0],[375,3],[95,4],[244,5],[25,3],[350,20],[139,9],[154,10],[216,0],[230,3],[155,8],[331,5],[98,3],[259,10],[5,2],[229,2],[97,3],[151,11],[234,3],[84,4],[156,9],[243,11],[346,6],[113,5],[226,7],[228,7],[197,1],[82,3],[168,11],[125,7],[170,9],[14,2],[315,4],[211,5],[83,3],[214,3],[257,13],[217,2],[68,4],[227,9],[38,3],[172,9],[141,9],[140,10],[194,3],[212,4],[362,7],[169,10],[6,5],[110,5],[15,3],[242,12],[270,3],[145,9],[196,3],[210,6],[213,5],[126,8],[128,5],[142,11],[179,4],[199,1],[225,9],[235,7],[129,5],[178,4],[195,3],[112,4],[184,10],[39,1],[127,8],[157,11],[208,7],[131,5],[284,6],[298,6],[180,3],[338,16],[85,16],[240,15],[144,9],[171,8],[115,5],[192,8],[361,13],[26,4],[130,4],[54,1],[160,10],[333,3],[100,18],[337,16],[186,11],[241,15],[314,7],[147,4],[271,7],[181,5],[174,10],[189,11],[70,13],[114,4],[87,16],[223,14],[162,6],[69,2],[224,16],[161,8],[182,5],[299,7],[185,13],[193,7],[183,11],[101,20],[209,15],[237,9],[366,22],[163,8],[164,4],[99,7],[158,11],[203,13],[116,14],[176,8],[191,12],[148,18],[376,15],[253,6],[143,11],[165,11],[287,23],[146,5],[175,6],[204,15],[336,23],[132,14],[167,15],[198,5],[348,13],[159,8],[206,10],[273,19],[73,14],[86,12],[288,18],[377,13],[220,7],[272,25],[190,14],[256,21],[219,13],[188,11],[238,11],[351,26],[318,20],[222,19],[300,13],[317,13],[352,27],[302,28],[207,17],[201,13],[218,9],[334,26],[221,19],[202,11],[173,11],[200,10],[319,30],[286,24],[187,12],[177,12],[254,12],[258,24],[349,26],[239,21],[255,16],[332,19],[378,33],[364,31],[363,21],[303,27],[347,20],[205,16],[316,19],[301,18]

