Experiment Name: Custom-ShortestPathNotTheBest4
Method Used: FlowField
Run Number: 5
Preparation Time: 0.0003ms
Pathfinding Time: 34.5924ms
Finish Time: 65.12111ms
Finish Time 90%: 59.08097ms
Repaths: 0
Soft Repaths: 0

Gates Data:
4:[400,[11.58137,22.97961,0,[77.999,76.96387]]],[391,[12.25801,23.45422,0,[77.999,76.49224]]],[380,[13.39178,24.26465,0,[77.999,75.88477]]],[381,[13.01629,25.58213,0,[77.999,76.77052]]],[392,[13.28225,26.14212,0,[76.999,77.82325]]],[368,[14.0091,26.64778,0,[77.99902,76.10785]]],[382,[14.19897,27.92239,0,[76.99902,77.08911]]],[401,[13.48964,26.93246,0,[75.999,79.04182]]],[393,[13.88665,27.41219,0,[76.999,78.26326]]],[379,[14.77079,24.39923,0,[77.999,75.74821]]],[369,[14.5578,27.5415,0,[77.999,76.76725]]],[383,[14.81928,28.94283,0,[76.999,77.76095]]],[354,[15.27113,28.48433,0,[77.999,76.40343]]],[402,[14.27206,28.50278,0,[75.99902,79.4574]]],[370,[15.47247,30.11335,0,[76.99901,77.43234]]],[367,[15.7505,25.93254,0,[77.999,75.77245]]],[371,[16.07493,31.28181,0,[76.99904,77.33354]]],[394,[14.51279,28.66997,0,[76.999,78.73848]]],[355,[16.02346,29.77406,0,[77.99904,76.71738]]],[395,[15.29327,30.29675,0,[76.68375,78.99979]]],[384,[15.66048,30.54929,0,[76.99901,78.44962]]],[340,[16.54993,30.16054,0,[77.99901,75.76796]]],[341,[16.62174,31.72406,0,[77.99902,76.84092]]],[356,[16.7384,32.53128,0,[76.99903,77.60107]]],[403,[15.01028,29.93403,0,[75.99903,79.85404]]],[385,[16.28594,31.8818,0,[76.99902,78.49023]]],[325,[17.25298,32.116,0,[77.99902,75.86797]]],[357,[17.19431,32.25123,0,[77.95512,76.99982]]],[372,[17.27584,33.1815,0,[76.99905,77.95282]]],[397,[17.03325,33.44316,0,[76.31262,78.99958]]],[396,[16.38956,32.37855,0,[75.99903,79.41116]]],[342,[18.10741,33.33264,0,[77.33652,76.99973]]],[358,[17.85412,34.76675,0,[76.999,78.03268]]],[353,[17.87226,27.56828,0,[77.999,75.96127]]],[386,[17.63262,34.12875,0,[76.35857,78.99973]]],[404,[15.77225,31.38285,0,[75.99904,80.03081]]],[326,[18.61949,33.94703,0,[77.46867,76.99991]]],[309,[18.51456,32.83348,0,[77.999,75.92279]]],[343,[18.44144,35.31337,0,[76.99902,78.05993]]],[373,[18.4167,35.8817,0,[76.17148,78.99966]]],[323,[19.25745,30.41898,0,[77.99902,75.89702]]],[405,[16.86207,32.93624,0,[75.99909,80.09876]]],[310,[18.92772,34.19164,0,[77.999,76.90868]]],[327,[19.04852,36.26609,0,[76.99905,78.04979]]],[406,[17.56341,34.23973,0,[75.99908,80.18478]]],[311,[19.62348,37.04251,0,[76.99901,77.8483]]],[351,[19.85246,27.77276,0,[77.999,76.09226]]],[308,[20.12222,33.68743,0,[77.02078,76.99968]]],[344,[19.50785,37.52225,0,[76.65869,78.99976]]],[295,[20.21743,37.50407,0,[76.99903,78.0794]]],[293,[20.76314,35.8941,0,[76.99902,77.43656]]],[337,[20.50349,30.11469,0,[77.99901,76.56791]]],[359,[19.01686,36.81715,0,[76.33637,78.9997]]],[339,[20.40943,28.84976,0,[77.99901,75.5423]]],[322,[21.32152,33.12248,0,[77.31421,76.99978]]],[407,[19.17214,35.96098,0,[75.99902,80.0944]]],[328,[20.28843,38.57079,0,[76.30206,78.99976]]],[312,[20.80849,38.2627,0,[76.99902,78.50999]]],[321,[21.06595,30.73344,0,[77.99904,75.96004]]],[336,[21.7336,28.95897,0,[77.999,75.95419]]],[360,[21.00191,38.83043,0,[75.99906,79.29942]]],[306,[21.52707,33.41416,0,[77.999,76.99978]]],[398,[18.33962,35.32005,0,[75.99908,80.15766]]],[294,[21.40471,37.17605,0,[76.99902,78.06433]]],[305,[22.12197,32.08952,0,[77.99902,76.83884]]],[320,[22.38132,29.74987,0,[77.99901,75.73267]]],[329,[21.64444,40.2069,0,[75.99908,79.1231]]],[279,[22.58737,37.62731,0,[76.99902,77.77784]]],[307,[22.02185,35.66101,0,[76.99902,78.09135]]],[292,[22.7266,34.58233,0,[77.999,76.65175]]],[265,[23.19037,39.95551,0,[76.99905,77.59705]]],[350,[23.09636,27.70115,0,[77.99905,75.72461]]],[387,[20,36.83823,0,[75.99906,79.8741]]],[280,[22.8527,39.19123,0,[76.99902,78.68403]]],[278,[23.38108,37.05638,0,[77.71685,76.99976]]],[291,[23.61123,33.32011,0,[77.99902,76.0735]]],[266,[23.48323,41.41732,0,[76.99908,78.53181]]],[281,[22.82649,40.97333,0,[75.99905,79.00306]]],[296,[22.15173,40.15141,0,[76.17567,78.99982]]],[277,[24.06107,35.81702,0,[77.94743,76.99966]]],[267,[24.06208,41.60933,0,[76.99905,77.62631]]],[282,[23.66557,42.35971,0,[75.99908,79.26125]]],[290,[24.21187,32.06972,0,[77.99904,75.75672]]],[374,[20.62855,37.60247,0,[75.99902,80.33144]]],[262,[24.59829,35.62101,0,[77.999,76.67025]]],[249,[24.72591,41.4531,0,[76.99907,77.66322]]],[298,[24.22521,41.54227,0,[76.99908,78.74799]]],[263,[25.45593,37.85772,0,[76.99904,77.35686]]],[314,[24.26983,42.48563,0,[75.9991,79.27155]]],[275,[25.2051,34.51564,0,[77.99903,76.50507]]],[276,[24.85529,33.12298,0,[77.999,75.65518]]],[388,[23.02716,38.16308,0,[75.99904,79.93929]]],[264,[25.11338,39.25933,0,[76.99905,78.4345]]],[247,[26.06295,40.14838,0,[76.99909,77.27985]]],[248,[25.74278,41.57594,0,[76.99902,78.376]]],[283,[25.24016,43.46855,0,[75.99905,79.13819]]],[289,[25.6747,31.96392,0,[77.99901,75.60076]]],[399,[21.87593,37.77886,0,[75.99918,80.12009]]],[261,[25.93833,35.67471,0,[77.999,76.57266]]],[246,[26.83426,39.43326,0,[76.99903,77.06985]]],[250,[25.89944,43.82771,0,[75.99905,79.1629]]],[233,[26.39627,42.68135,0,[76.99905,78.11776]]],[297,[24.60076,42.24094,0,[75.99918,80.08846]]],[230,[26.86059,38.95965,0,[77.999,76.63512]]],[274,[26.51035,33.66082,0,[77.99901,75.73131]]],[268,[26.52293,44.41308,0,[76.13296,78.99963]]],[231,[27.52135,41.47639,0,[76.99906,77.37157]]],[234,[27.03265,44.05944,0,[76.99906,78.31924]]],[229,[27.44409,39.57417,0,[77.99901,75.87123]]],[390,[27.90033,24.43862,0,[77.999,76.6125]]],[251,[27.20277,44.25339,0,[75.99906,79.05958]]],[345,[25.28014,40.70397,0,[75.99908,80.26559]]],[214,[28.09646,42.66179,0,[76.99905,77.41786]]],[217,[27.73311,45.90017,0,[76.99905,78.47274]]],[213,[28.44209,41.32875,0,[77.99901,76.81437]]],[324,[28.28027,31.82364,0,[77.99902,75.61589]]],[215,[28.65611,43.52388,0,[76.99901,77.7589]]],[235,[27.87335,46.76509,0,[75.99905,79.16837]]],[330,[26.1134,42.17255,0,[75.99907,80.09339]]],[304,[28.93225,31.05569,0,[77.999,75.94824]]],[232,[28.2968,42.97028,0,[76.99902,78.76636]]],[180,[29.13442,45.2739,0,[77.99902,76.93842]]],[196,[29.25041,45.54221,0,[76.99902,77.69516]]],[313,[23.72766,41.29597,0,[75.99909,80.38835]]],[259,[29.59033,35.59269,0,[77.99901,75.7923]]],[197,[29.96394,46.43307,0,[76.99902,77.67178]]],[216,[28.99331,44.95277,0,[76.99901,78.87437]]],[260,[29.79321,37.40248,0,[77.99901,76.78851]]],[346,[26.86754,42.13485,0,[75.99904,80.18648]]],[236,[29.61016,46.19986,0,[76.99902,78.67921]]],[243,[30.39971,36.91853,0,[77.99901,76.86407]]],[245,[30.36002,37.36487,0,[77.99901,75.76839]]],[284,[29.42093,45.19678,0,[75.99902,80.02286]]],[219,[30.54576,47.98573,0,[76.99903,77.74756]]],[315,[27.97582,43.82986,0,[75.9991,80.17018]]],[366,[30.93276,26.84179,0,[77.999,75.96342]]],[198,[30.24372,47.86864,0,[76.99903,78.83918]]],[179,[31.349,46.28103,0,[77.50705,76.99969]]],[212,[31.1214,42.77923,0,[76.99905,77.81961]]],[252,[28.74169,46.02688,0,[75.99906,79.79903]]],[218,[30.95505,48.04291,0,[76.99902,78.99953]]],[194,[32.12809,45.87423,0,[76.99905,77.20329]]],[228,[31.51585,39.04158,0,[77.99904,76.04089]]],[319,[32.01411,31.41192,0,[77.99904,76.47632]]],[164,[31.63996,50.3821,0,[76.99906,78.22355]]],[195,[32.70493,44.26294,0,[76.99905,77.21654]]],[253,[31.97976,48.49908,0,[75.99921,79.04207]]],[317,[30.91812,46.62959,0,[75.99904,79.57947]]],[288,[32.49366,33.09729,0,[77.99902,75.5972]]],[181,[32.36912,49.53104,0,[76.99905,78.32471]]],[244,[32.64631,37.87936,0,[77.99903,76.60773]]],[227,[33.26376,42.84357,0,[76.99906,77.41943]]],[270,[32.59219,48.45179,0,[75.99905,79.10775]]],[178,[32.94968,49.23496,0,[76.99903,78.5466]]],[273,[33.21858,34.08984,0,[77.99903,75.77186]]],[211,[33.25393,41.36893,0,[77.99903,76.87054]]],[299,[30.15843,45.37592,0,[75.999,79.744]]],[177,[33.82199,47.87583,0,[76.99902,77.87994]]],[193,[34.1438,43.76604,0,[77.42759,76.9997]]],[331,[33.2266,46.42953,0,[75.99906,79.34711]]],[242,[33.93334,37.56773,0,[77.999,75.97274]]],[300,[31.30672,45.998,0,[75.99914,80.37152]]],[226,[34.51385,39.67516,0,[77.99901,76.27484]]],[199,[34.38229,49.16198,0,[76.99904,78.06482]]],[201,[33.672,51.10387,0,[76.91545,78.9998]]],[192,[34.93628,46.34443,0,[76.99901,77.27003]]],[347,[32.31097,44.27871,0,[75.99905,80.248]]],[258,[35.03362,35.70275,0,[77.99903,75.73009]]],[161,[34.96904,52.03051,0,[76.99901,78.3833]]],[220,[34.69566,50.8601,0,[76.23592,78.99972]]],[210,[35.09048,42.06595,0,[77.99902,76.90268]]],[176,[35.55145,50.09597,0,[76.99903,77.79964]]],[377,[35.4822,45.35756,0,[75.99907,79.15285]]],[257,[35.60037,35.76779,0,[77.999,76.04975]]],[225,[36.34834,40.2612,0,[77.02344,76.99977]]],[375,[33.44087,41.35748,0,[75.99926,80.17601]]],[241,[36.19395,36.31522,0,[77.99902,76.2016]]],[237,[34.26579,49.97498,0,[75.99909,80.05383]]],[209,[36.10221,45.20665,0,[76.99902,78.09366]]],[223,[36.66637,38.57824,0,[77.999,76.83266]]],[208,[36.85963,42.46341,0,[76.999,77.70845]]],[301,[35.58683,48.46877,0,[76.92265,78.9998]]],[338,[36.73385,28.69268,0,[77.999,75.65354]]],[285,[35.74007,50.39604,0,[75.99912,80.13799]]],[224,[37.75689,41.46796,0,[76.99902,77.07885]]],[352,[37.23145,27.46535,0,[77.99902,76.19987]]],[207,[37.39932,44.3184,0,[76.99903,78.11577]]],[182,[36.75467,50.82829,0,[76.999,78.82776]]],[255,[36.70107,51.66874,0,[75.99903,79.01949]]],[365,[38.08253,29.14021,0,[77.50546,76.9997]]],[175,[37.98042,52.83952,0,[76.99902,78.18561]]],[378,[37.86205,26.34908,0,[77.999,75.93056]]],[162,[37.88891,52.26456,0,[76.04234,78.99971]]],[269,[34.99434,47.23007,0,[75.99902,80.18978]]],[240,[38.9962,38.11018,0,[76.999,77.11329]]],[364,[38.52942,29.4914,0,[77.999,75.97797]]],[205,[38.58137,43.80854,0,[76.99901,78.03265]]],[316,[37.13759,49.08654,0,[75.99901,79.89505]]],[334,[39.12627,33.26915,0,[77.99902,76.74289]]],[163,[38.44103,53.06652,0,[76.2413,78.99961]]],[222,[39.53914,40.99969,0,[76.99902,77.64822]]],[272,[39.24242,34.86148,0,[77.99903,75.62064]]],[361,[36.36788,47.18137,0,[75.99903,80.09082]]],[221,[40.10774,43.71597,0,[77.0575,76.99964]]],[206,[39.17528,45.79026,0,[76.99902,78.67326]]],[287,[39.84718,33.71896,0,[77.999,76.01216]]],[238,[37.84918,51.87073,0,[75.99906,80.12502]]],[333,[39.99474,47.88834,0,[76.99902,78.25019]]],[187,[40.36859,46.8963,0,[77.74561,76.99985]]],[332,[40.21942,47.16217,0,[75.99906,79.05141]]],[348,[39.18071,51.08688,0,[75.99908,79.1343]]],[204,[40.64004,44.1877,0,[76.99902,78.028]]],[335,[40.56052,29.66929,0,[77.99901,76.0085]]],[303,[41.18813,31.95984,0,[77.99901,75.9435]]],[239,[41.38486,41.46542,0,[77.63549,76.99986]]],[363,[40.84818,50.6395,0,[76.16918,78.99974]]],[389,[38.56116,46.02707,0,[75.99909,80.09465]]],[189,[41.30579,47.23486,0,[76.99901,77.79344]]],[256,[41.86576,34.89532,0,[77.999,75.86377]]],[302,[41.85735,35.53962,0,[77.999,76.96604]]],[191,[41.1605,48.96497,0,[76.99902,78.93728]]],[362,[40.39984,48.68164,0,[75.99903,80.08714]]],[202,[42.24062,46.5106,0,[76.99905,77.88448]]],[349,[42.59384,30.43097,0,[77.99902,76.15611]]],[286,[43.01095,40.42223,0,[76.99909,77.40528]]],[190,[41.9184,51.87503,0,[76.999,78.96784]]],[200,[39.51928,53.72562,0,[75.99906,80.02171]]],[188,[42.77761,48.64758,0,[76.99903,78.729]]],[318,[43.21495,33.95872,0,[77.99902,76.78947]]],[254,[42.04959,52.79964,0,[75.99906,79.90375]]],[271,[42.91994,50.92961,0,[75.99905,79.66789]]],[376,[41.22784,46.33075,0,[75.99903,79.93212]]]
2:[400,[23.19307,46.14053,0,[56.99924,67.99764]]],[391,[24.09409,47.07901,0,[56.99932,66.19646]]],[380,[25.10562,47.63123,0,[57.9992,64.22277]]],[381,[24.63868,48.80124,0,[57.77315,65.9994]]],[392,[24.79475,49.11446,0,[56.99919,67.17116]]],[368,[25.65465,49.77884,0,[57.9992,64.87682]]],[382,[25.70229,50.8877,0,[57.16384,65.99937]]],[401,[24.62544,48.94389,0,[56.99919,68.69885]]],[393,[25.52774,50.53809,0,[56.99925,67.45456]]],[379,[26.55622,47.81205,0,[57.99917,63.88784]]],[369,[26.06981,50.52243,0,[57.99921,65.96001]]],[383,[26.33155,51.91664,0,[56.99927,67.01926]]],[354,[26.96842,51.83089,0,[57.99918,64.79457]]],[402,[25.59324,50.88202,0,[56.9992,68.76353]]],[370,[27.13421,53.40802,0,[56.99924,66.00259]]],[367,[27.77044,49.73002,0,[57.99915,63.15272]]],[371,[27.33893,53.75535,0,[57.99923,65.67332]]],[394,[26.32881,51.48838,0,[56.99921,68.58219]]],[355,[27.90623,53.4834,0,[57.9992,64.25466]]],[395,[27.08522,53.59049,0,[56.99928,67.60573]]],[384,[27.80549,54.46669,0,[56.99927,66.18569]]],[340,[28.66397,54.04079,0,[57.99916,62.99772]]],[341,[28.52657,55.39228,0,[57.99918,64.44106]]],[356,[27.97955,54.95093,0,[57.9992,65.90147]]],[403,[26.93588,52.48358,0,[56.99918,69.1176]]],[385,[28.18779,55.2296,0,[56.99921,66.80965]]],[325,[29.33516,56.00971,0,[57.99918,63.16462]]],[357,[29.03845,55.83372,0,[57.99924,64.92506]]],[372,[28.99167,56.52599,0,[57.25944,65.99942]]],[397,[28.68511,56.35813,0,[56.99921,67.28918]]],[396,[27.75255,54.6479,0,[56.99918,68.32645]]],[342,[29.67901,56.28303,0,[57.99918,64.8594]]],[358,[29.59459,57.96032,0,[57.36106,65.9994]]],[353,[29.97833,51.45155,0,[57.99916,63.23249]]],[386,[29.36766,57.0273,0,[56.99925,67.29602]]],[404,[28.25188,54.20597,0,[56.99923,68.8909]]],[326,[30.11325,56.84297,0,[57.99924,65.5024]]],[309,[30.52786,56.4451,0,[57.99918,63.67598]]],[343,[30.3633,59.02715,0,[56.99926,66.19253]]],[373,[29.90336,58.5661,0,[56.99917,67.8727]]],[323,[31.3617,54.33252,0,[57.9991,63.1629]]],[405,[29.00475,55.42651,0,[56.99926,68.95417]]],[310,[30.84582,57.7639,0,[57.99915,64.83484]]],[327,[30.77096,59.46226,0,[56.99926,66.70982]]],[406,[29.76367,56.7977,0,[56.99913,69.28693]]],[311,[31.16915,59.92179,0,[57.63106,65.99937]]],[351,[31.79106,51.46407,0,[57.99915,63.62811]]],[308,[31.61217,56.26279,0,[57.99918,65.01512]]],[344,[31.33444,60.83549,0,[56.99923,67.00158]]],[295,[32.0296,60.86403,0,[56.99921,66.47639]]],[293,[31.99462,58.24107,0,[57.9992,65.91827]]],[337,[32.42415,53.70797,0,[57.99918,64.31505]]],[359,[30.60851,59.16204,0,[56.99928,68.38991]]],[339,[32.62441,52.66777,0,[57.99915,62.9696]]],[322,[32.78943,55.97409,0,[57.99922,65.06269]]],[407,[31.18616,58.70114,0,[56.99925,68.64767]]],[328,[32.13229,61.49002,0,[56.99934,67.52511]]],[312,[32.98103,62.27821,0,[57.0844,65.99931]]],[321,[33.31924,54.64671,0,[57.99916,63.16817]]],[336,[33.6359,52.47826,0,[57.99919,63.9284]]],[360,[32.64069,61.65394,0,[56.99936,67.8439]]],[306,[33.27576,56.72346,0,[57.99922,65.64791]]],[398,[31.71369,58.14518,0,[56.99914,69.22232]]],[294,[33.62977,60.66009,0,[56.99925,66.25368]]],[305,[33.98397,55.65852,0,[57.99919,64.77824]]],[320,[34.46738,53.53066,0,[57.99917,63.12514]]],[329,[33.22962,62.67845,0,[56.99923,67.8504]]],[279,[34.08627,60.54552,0,[57.65595,65.99934]]],[307,[34.04361,58.91494,0,[56.99926,67.07729]]],[292,[34.64301,58.21424,0,[57.99916,64.36612]]],[265,[34.51561,62.37356,0,[57.98122,65.99947]]],[350,[35.23289,51.61362,0,[57.99914,62.93855]]],[387,[32.85646,59.62906,0,[56.99917,69.27276]]],[280,[34.79176,62.82354,0,[56.99917,66.72443]]],[278,[35.13359,60.34988,0,[57.99919,64.83601]]],[291,[35.69629,57.13698,0,[57.99919,63.31876]]],[266,[35.54261,65.17774,0,[56.99931,66.1048]]],[281,[34.82099,63.46026,0,[56.9992,67.90456]]],[296,[33.91573,62.74028,0,[56.99924,68.44082]]],[277,[36.02598,59.61535,0,[57.99915,64.19024]]],[267,[35.53926,64.18721,0,[57.99925,65.66174]]],[282,[35.695,65.28052,0,[56.99923,67.18696]]],[290,[36.52413,56.04498,0,[57.99913,62.81402]]],[374,[34.21865,60.6818,0,[56.99924,69.37571]]],[262,[36.64217,59.48386,0,[57.99927,64.23743]]],[249,[36.19968,64.13795,0,[57.9993,65.81303]]],[298,[36.46199,65.48949,0,[56.99929,66.35984]]],[263,[36.80068,60.37089,0,[57.99917,65.77528]]],[314,[36.08498,65.18049,0,[56.99934,67.91113]]],[275,[37.28147,58.17617,0,[57.99919,64.13993]]],[276,[37.30096,57.06514,0,[57.99915,62.738]]],[388,[35.15134,60.75999,0,[56.99924,68.901]]],[264,[37.04968,62.95627,0,[56.99926,66.45115]]],[247,[37.5262,62.81604,0,[57.99923,65.13503]]],[248,[37.7116,65.2872,0,[57.15548,65.99934]]],[283,[36.83066,66.03748,0,[56.99922,67.88953]]],[289,[38.07029,55.84415,0,[57.99917,62.84593]]],[399,[35.88157,61.10863,0,[56.99916,69.33842]]],[261,[38.20453,59.46459,0,[57.99921,63.85738]]],[246,[38.10849,61.85874,0,[57.99924,65.30118]]],[250,[37.64362,66.6997,0,[56.99923,67.3113]]],[233,[38.39112,66.10848,0,[57.12428,65.99931]]],[297,[36.69192,64.82269,0,[56.99912,69.31801]]],[230,[38.89537,62.63734,0,[57.99916,64.16055]]],[274,[39.06257,57.5838,0,[57.99923,62.87822]]],[268,[38.16631,66.93643,0,[56.99937,67.59744]]],[231,[38.8779,64.10183,0,[57.9992,65.30754]]],[234,[39.12256,67.84845,0,[56.99924,66.05552]]],[229,[39.73862,63.47855,0,[57.99915,63.10505]]],[390,[39.75402,48.02831,0,[57.99918,64.34055]]],[251,[38.79041,66.90659,0,[56.99918,67.69965]]],[345,[37.43006,63.53118,0,[56.9991,68.99338]]],[214,[39.35923,65.03918,0,[57.99922,65.89658]]],[217,[39.70675,69.46649,0,[56.99927,66.51707]]],[213,[40.23883,64.84119,0,[57.99923,64.95678]]],[324,[40.53093,55.63455,0,[57.99913,62.99703]]],[215,[40.33493,66.78869,0,[57.38293,65.99933]]],[235,[39.59239,69.32566,0,[56.99923,67.7608]]],[330,[38.13422,64.58781,0,[56.99919,69.08084]]],[304,[40.98843,54.78363,0,[57.9992,63.49813]]],[232,[40.34537,66.60406,0,[56.99927,67.22615]]],[180,[40.94077,68.79999,0,[57.99919,64.94892]]],[196,[41.01921,68.75574,0,[57.19747,65.99936]]],[313,[38.87961,65.27233,0,[56.99909,69.2531]]],[259,[41.73005,59.42889,0,[57.99915,63.07412]]],[197,[41.32052,69.02623,0,[57.99926,65.83875]]],[216,[40.93431,68.34203,0,[56.99921,67.38187]]],[260,[41.76791,61.17173,0,[57.9992,64.27554]]],[346,[39.90713,65.42764,0,[56.9992,68.86785]]],[236,[41.92022,70.31374,0,[56.99937,66.15186]]],[243,[42.16579,60.27798,0,[57.99922,65.21152]]],[245,[42.52504,61.31786,0,[57.99916,62.97163]]],[284,[41.48589,68.335,0,[56.99942,67.87241]]],[219,[42.53905,71.46967,0,[56.99926,66.1255]]],[315,[40.56093,66.53931,0,[56.99915,69.12141]]],[366,[42.92067,50.53148,0,[57.99918,63.54113]]],[198,[42.15416,71.23955,0,[56.99929,67.78268]]],[179,[43.01731,69.49389,0,[57.99915,64.66244]]],[212,[42.76561,65.52938,0,[57.77234,65.9994]]],[252,[41.60064,68.75414,0,[56.99917,69.17856]]],[218,[42.93166,71.67361,0,[56.9992,67.08984]]],[194,[43.36437,68.28091,0,[57.99925,65.65655]]],[228,[43.74958,63.01596,0,[57.99915,63.05281]]],[319,[43.8717,55.04587,0,[57.9992,64.08225]]],[164,[43.68337,73.97912,0,[56.99925,66.30173]]],[195,[43.96959,66.66019,0,[57.99918,65.50542]]],[253,[43.46829,71.13265,0,[56.99925,67.75141]]],[317,[42.61065,69.03956,0,[56.99921,68.73559]]],[288,[44.68889,56.92439,0,[57.99915,62.90283]]],[181,[44.28563,73.05288,0,[56.99924,66.23239]]],[244,[44.61609,61.51009,0,[57.99918,64.20374]]],[227,[44.55365,65.31464,0,[57.99924,65.68682]]],[270,[44.08739,70.79282,0,[56.99932,67.76314]]],[178,[44.94866,73.02643,0,[56.99929,66.21194]]],[273,[45.427,57.95218,0,[57.99913,63.02189]]],[211,[45.29611,65.0471,0,[57.99918,64.42716]]],[299,[43.31942,68.24495,0,[56.99922,69.1954]]],[177,[45.56269,71.25169,0,[57.1279,65.99934]]],[193,[45.61507,66.62521,0,[57.99921,65.25]]],[331,[44.91886,69.23902,0,[56.99922,67.55315]]],[242,[46.13176,61.48675,0,[57.99916,63.07357]]],[300,[44.12991,68.94676,0,[56.99927,69.00642]]],[226,[46.43475,63.38019,0,[57.99923,63.9123]]],[199,[46.28691,72.81517,0,[57.0055,65.99926]]],[201,[45.59852,74.45803,0,[56.99926,67.51334]]],[192,[46.28608,68.91328,0,[57.99931,65.42959]]],[347,[44.82111,67.1498,0,[56.99915,69.0893]]],[258,[47.22456,59.61974,0,[57.99916,62.9852]]],[161,[46.93987,75.8211,0,[56.99926,66.12599]]],[220,[46.27553,73.62245,0,[56.99928,67.59715]]],[210,[47.19759,65.90039,0,[57.99921,64.30845]]],[176,[46.98978,72.73146,0,[57.99924,65.84324]]],[377,[47.2927,68.65466,0,[56.99937,66.90539]]],[257,[47.97909,59.96817,0,[57.99915,62.88685]]],[225,[47.71029,62.77927,0,[57.99916,65.1944]]],[375,[45.59569,63.98212,0,[56.9992,69.08534]]],[241,[48.14998,59.9794,0,[57.99917,63.80251]]],[237,[46.54779,73.00298,0,[56.99923,68.67616]]],[209,[48.01707,68.65414,0,[57.20824,65.9994]]],[223,[48.42278,62.02831,0,[57.99921,64.92498]]],[208,[48.59723,65.63301,0,[57.20385,65.99928]]],[301,[47.78221,71.75112,0,[56.9992,67.39036]]],[338,[48.96981,52.61494,0,[57.99917,62.94525]]],[285,[47.24726,72.92593,0,[56.99922,68.92767]]],[224,[49.02627,63.93407,0,[57.99924,65.2702]]],[352,[49.31498,51.1893,0,[57.99921,63.66633]]],[207,[49.2949,67.90415,0,[57.00946,65.9993]]],[182,[48.66334,74.15831,0,[56.99923,67.45773]]],[255,[47.8928,73.54996,0,[56.99918,68.77473]]],[365,[49.83667,52.46284,0,[57.9992,64.40868]]],[175,[49.48741,75.59083,0,[57.99922,65.92632]]],[378,[50.1847,50.4127,0,[57.99916,62.84436]]],[162,[49.67059,75.37057,0,[56.99923,66.6675]]],[269,[48.50465,70.39756,0,[56.99918,69.0666]]],[240,[50.30067,60.65559,0,[57.9992,65.21638]]],[364,[50.64994,53.2276,0,[57.99916,63.48703]]],[205,[50.51743,67.46777,0,[56.99922,66.01879]]],[316,[49.28323,72.08432,0,[56.99926,68.08692]]],[334,[51.00314,56.82524,0,[57.99916,64.53358]]],[163,[50.23363,75.94434,0,[56.9993,67.42389]]],[222,[50.97915,63.83804,0,[57.52565,65.99943]]],[272,[51.4233,58.67093,0,[57.99913,63.01081]]],[361,[49.44996,70.12434,0,[56.99917,69.10269]]],[221,[51.46299,66.31677,0,[57.99921,65.09496]]],[206,[51.09439,69.14006,0,[56.9993,67.13201]]],[287,[51.95409,57.49731,0,[57.99919,63.44685]]],[238,[50.28394,74.71021,0,[56.99918,68.66196]]],[333,[51.75687,71.25858,0,[57.39762,65.99934]]],[187,[52.19482,70.32845,0,[57.9992,64.69831]]],[332,[51.86438,70.04267,0,[56.99925,67.13549]]],[348,[50.96859,73.06283,0,[56.99918,68.67764]]],[204,[52.26618,67.05612,0,[57.73621,65.99934]]],[335,[52.76553,53.72369,0,[57.99914,63.03959]]],[303,[53.05797,55.51656,0,[57.99921,63.8574]]],[239,[53.03014,64.62886,0,[57.99923,65.15614]]],[363,[52.50692,73.50285,0,[56.99924,67.11167]]],[389,[51.6225,69.14176,0,[56.99923,68.84727]]],[189,[53.23825,70.66283,0,[57.1717,65.99933]]],[256,[53.93172,58.71776,0,[57.99916,63.24149]]],[302,[53.79782,59.14225,0,[57.99919,64.72247]]],[191,[53.33438,72.74716,0,[56.99928,67.17572]]],[362,[52.41471,71.46116,0,[56.99921,68.55828]]],[202,[53.78626,69.4604,0,[57.56536,65.99937]]],[349,[54.75599,54.31464,0,[57.99918,63.37908]]],[286,[54.45258,63.235,0,[57.99922,65.06983]]],[190,[54.02223,75.39032,0,[56.99929,67.14254]]],[200,[53.10083,76.92362,0,[56.99928,68.77198]]],[188,[54.70817,72.30299,0,[57.45817,65.99931]]],[318,[55.3351,57.89129,0,[57.99919,64.04851]]],[254,[53.89492,75.23051,0,[56.99916,68.75372]]],[271,[54.98814,74.39719,0,[56.99935,66.90213]]],[376,[55.22,70.47622,0,[56.99926,68.0398]]]
5:[40,[2.596714,4.918806,0,[81.81413,32.99916]]],[42,[3.778232,6.455068,0,[82.99947,31.76474]]],[41,[3.207114,5.950198,0,[82.37035,31.99907]]],[27,[2.527681,5.046919,0,[82.44267,31.99924]]],[58,[4.829978,8.668978,0,[82.99939,31.01488]]],[29,[4.095785,7.548967,0,[82.99926,30.20893]]],[59,[5.551057,9.80107,0,[82.99927,30.70504]]],[43,[4.691097,8.407053,0,[82.99934,30.15312]]],[28,[3.18678,6.084404,0,[82.99947,31.19617]]],[44,[5.206187,9.084681,0,[83.49532,29.99928]]],[74,[5.950222,10.08843,0,[82.9994,31.30265]]],[18,[3.756056,7.262428,0,[83.99935,29.71722]]],[60,[5.64513,10.27217,0,[83.87726,29.99927]]],[30,[4.326424,8.180697,0,[83.99935,29.75242]]],[90,[6.805974,12.11306,0,[82.99935,30.60055]]],[17,[3.339237,6.60547,0,[83.39454,29.99915]]],[75,[6.358037,11.32569,0,[83.43349,29.99914]]],[16,[2.718246,5.432447,0,[82.9993,30.87535]]],[56,[4.121283,6.872283,0,[81.99936,32.19125]]],[45,[5.240057,9.92854,0,[83.99931,29.0556]]],[8,[3.610419,7.161642,0,[83.99939,28.63437]]],[76,[6.786098,11.96216,0,[83.87962,29.99924]]],[46,[6.050876,11.22633,0,[83.99921,28.58083]]],[19,[4.481832,8.863252,0,[83.99927,28.2637]]],[73,[5.171121,8.724445,0,[82.79452,31.99936]]],[91,[7.535817,13.3611,0,[82.99928,30.1829]]],[31,[5.116432,9.872096,0,[83.9993,28.14945]]],[7,[2.740807,5.475336,0,[83.99931,29.83477]]],[61,[6.634918,11.98912,0,[83.99948,28.89934]]],[89,[7.84795,11.68278,0,[82.9994,30.78064]]],[55,[4.354486,5.988192,0,[81.67275,32.99906]]],[9,[3.850692,7.685148,0,[84.8187,27.99923]]],[32,[5.666509,10.68019,0,[84.41103,27.99927]]],[77,[7.460629,12.49982,0,[83.99927,29.66289]]],[87,[8.057358,9.746378,0,[82.9994,31.87957]]],[33,[6.038146,10.71964,0,[84.99245,27.99938]]],[10,[4.456537,8.680367,0,[84.99926,27.73587]]],[86,[7.506691,9.108391,0,[82.64079,31.99919]]],[105,[8.709989,13.29302,0,[82.99941,30.12772]]],[0,[3.235243,6.464504,0,[84.47115,27.99923]]],[103,[8.984743,11.55057,0,[82.9994,31.09052]]],[62,[7.349806,12.64087,0,[83.9993,28.55393]]],[20,[5.091019,9.699787,0,[84.9993,27.65272]]],[102,[9.14546,10.51965,0,[82.92061,31.99924]]],[64,[9.555223,13.67369,0,[83.99926,29.49814]]],[106,[9.17376,13.98272,0,[83.43365,29.99929]]],[1,[3.917506,7.800739,0,[84.99935,26.74574]]],[92,[8.009635,13.42309,0,[83.72442,29.99926]]],[88,[6.67983,9.881965,0,[82.99952,31.86627]]],[104,[9.932217,12.90881,0,[82.99936,30.46288]]],[21,[5.929574,10.58576,0,[84.99934,27.00645]]],[49,[9.461663,13.32209,0,[83.99924,28.52253]]],[93,[8.611346,14.4612,0,[83.99944,29.65565]]],[117,[10.48393,11.05552,0,[82.72828,31.99924]]],[119,[10.01138,12.15975,0,[82.99926,31.47815]]],[47,[6.71371,11.63641,0,[84.64915,27.99914]]],[107,[9.947201,14.065,0,[83.93468,29.99922]]],[2,[4.714658,8.842531,0,[84.99926,26.33827]]],[78,[8.416417,14.14786,0,[83.99933,28.71651]]],[120,[11.04137,13.6996,0,[82.99927,30.68361]]],[133,[11.49776,12.15101,0,[82.37405,31.99905]]],[63,[8.057611,13.89551,0,[83.99931,28.18717]]],[121,[10.74176,14.68431,0,[82.99929,30.05384]]],[11,[5.482928,10.44769,0,[84.99931,26.14032]]],[35,[9.05352,12.99884,0,[84.24678,27.99933]]],[118,[11.33265,12.17776,0,[82.99938,31.33761]]],[94,[10.66964,15.3081,0,[83.9993,29.52369]]],[48,[7.270589,12.35604,0,[84.96239,27.99928]]],[149,[12.58783,13.35833,0,[82.32021,31.99906]]],[50,[10.12601,14.60328,0,[84.10464,27.9994]]],[22,[6.738951,11.67575,0,[84.99921,26.76007]]],[134,[12.23575,13.14607,0,[82.99935,31.48575]]],[122,[11.81269,15.3849,0,[83.30726,29.99922]]],[116,[10.28722,10.32869,0,[81.74111,32.99908]]],[13,[8.086015,11.73589,0,[84.99926,27.05397]]],[23,[8.173067,11.80258,0,[84.91692,27.99931]]],[79,[10.51017,15.06012,0,[83.99932,28.49698]]],[136,[13.14835,14.80418,0,[82.99924,30.71824]]],[3,[6.434635,9.684714,0,[85.36461,25.99937]]],[135,[12.39358,14.57718,0,[82.99929,30.22688]]],[85,[8.351802,8.410825,0,[81.40103,32.999]]],[36,[9.36073,13.58502,0,[84.99927,27.83472]]],[95,[11.08958,16.02212,0,[83.81337,29.99931]]],[137,[12.84054,15.51885,0,[83.44478,29.99929]]],[151,[13.18133,13.9307,0,[82.99927,31.74706]]],[34,[7.378086,12.59886,0,[84.99938,26.73379]]],[153,[14.00571,15.15313,0,[82.99932,31.51977]]],[111,[11.89122,17.70345,0,[83.99937,29.14247]]],[51,[10.19055,15.05846,0,[84.99921,27.33437]]],[37,[9.82389,15.32573,0,[84.99928,26.29132]]],[123,[13.58558,15.49784,0,[83.47557,29.99928]]],[138,[14.15551,16.28232,0,[82.99928,30.26501]]],[148,[12.59095,12.39107,0,[81.88523,32.99913]]],[108,[12.23243,15.29475,0,[83.9993,29.67042]]],[24,[8.939631,13.21783,0,[84.99924,27.21873]]],[109,[13.55761,16.33084,0,[83.9993,29.08783]]],[12,[8.294486,11.25765,0,[85.424,25.99932]]],[80,[11.25258,16.29725,0,[84.02091,27.99931]]],[139,[14.54872,16.56073,0,[83.53713,29.9993]]],[155,[14.90139,17.26013,0,[82.99934,30.60162]]],[112,[13.03061,18.51169,0,[83.99926,29.00092]]],[128,[14.85739,19.77121,0,[83.9993,28.76404]]],[124,[14.00935,16.42837,0,[83.99931,29.66247]]],[97,[12.8283,18.79465,0,[83.99929,28.10025]]],[96,[11.55021,17.4544,0,[83.9993,28.6241]]],[152,[14.45161,14.69039,0,[82.57632,31.99914]]],[82,[12.14925,17.40247,0,[84.4127,27.99932]]],[125,[14.96855,16.76378,0,[83.99928,29.79047]]],[5,[9.11418,12.40532,0,[85.17281,25.99932]]],[110,[14.55577,18.28326,0,[83.99931,28.08328]]],[98,[13.26667,19.18033,0,[84.52402,27.99932]]],[167,[15.29325,14.86276,0,[81.99947,32.31851]]],[67,[12.15824,17.01861,0,[84.99928,27.071]]],[141,[15.69412,18.16714,0,[83.09019,29.99927]]],[81,[11.33659,16.18536,0,[84.99928,27.99826]]],[114,[15.59449,20.88839,0,[83.99928,28.23089]]],[83,[12.57505,18.20875,0,[84.99929,27.5509]]],[65,[10.45187,15.13647,0,[84.99934,27.99488]]],[171,[17.00095,17.55254,0,[82.93794,31.99918]]],[157,[16.72287,18.73937,0,[83.52374,29.99919]]],[140,[16.14003,17.77357,0,[82.99931,30.42719]]],[66,[11.33406,16.53421,0,[84.99931,26.89829]]],[156,[17.79471,18.9085,0,[82.99943,30.18166]]],[113,[13.90751,20.04263,0,[84.40913,27.99929]]],[142,[16.03925,18.64976,0,[83.99931,29.90005]]],[126,[15.71038,17.99263,0,[83.99931,29.33365]]],[14,[10.49268,13.60646,0,[85.06632,25.99935]]],[172,[18.07335,18.32833,0,[82.99938,31.17476]]],[99,[16.19698,20.62171,0,[84.23969,27.99929]]],[127,[17.17442,19.55034,0,[83.99928,28.93248]]],[25,[11.16801,14.92284,0,[84.99928,26.04244]]],[53,[13.86854,17.41951,0,[84.9993,27.11581]]],[129,[16.79813,21.297,0,[83.99932,28.38662]]],[84,[14.7847,19.41447,0,[84.88054,27.99929]]],[158,[18.22366,20.76939,0,[83.61792,29.99924]]],[166,[13.90593,13.79126,0,[81.58885,32.99925]]],[68,[15.4915,18.14543,0,[84.99929,27.61971]]],[145,[17.46684,22.63501,0,[84.57937,27.99931]]],[143,[17.38055,20.38126,0,[83.99937,29.81203]]],[4,[13.10784,13.38134,0,[85.01794,25.99929]]],[132,[11.56229,11.45296,0,[81.73306,32.9992]]],[38,[13.33588,16.57808,0,[84.99926,26.93514]]],[115,[16.39257,22.04333,0,[84.99928,27.24785]]],[52,[12.14908,16.68315,0,[85.07563,25.99928]]],[174,[18.90007,21.13441,0,[83.55611,29.99916]]],[144,[18.23786,22.44653,0,[84.11949,27.99922]]],[39,[14.35198,17.24828,0,[84.99931,27.52671]]],[170,[15.08806,16.43967,0,[82.99929,31.5476]]],[6,[15.44721,15.11285,0,[84.9993,26.38965]]],[173,[19.69896,21.94929,0,[83.28641,29.99913]]],[159,[19.44909,24.67318,0,[83.99938,28.34311]]],[160,[18.55321,23.62672,0,[83.99934,28.70018]]],[15,[13.96057,15.06842,0,[85.34919,25.99928]]],[165,[15.67507,13.80436,0,[81.9171,32.99919]]],[169,[18.57587,17.04887,0,[82.9995,31.49273]]],[146,[18.74497,24.72376,0,[84.99933,27.83888]]],[130,[16.72393,21.63682,0,[84.99931,27.86378]]],[70,[7.200306,7.728454,0,[81.99914,32.34255]]],[150,[13.96468,14.13898,0,[82.04548,31.99919]]],[131,[17.89309,23.15863,0,[84.99932,26.61054]]],[186,[18.0267,16.65523,0,[82.02377,31.99918]]],[26,[14.84595,16.71416,0,[85.0471,25.99928]]],[100,[10.20702,10.17778,0,[81.99926,32.03923]]],[57,[4.63016,7.503117,0,[82.46513,31.9992]]],[54,[16.3685,19.2745,0,[84.99925,26.1251]]],[147,[18.43595,24.48085,0,[84.99936,26.93157]]],[183,[16.8144,15.46087,0,[81.99948,32.79982]]],[72,[6.132684,8.514292,0,[82.35508,31.99908]]],[69,[17.34389,20.37507,0,[84.99931,26.21293]]],[184,[16.51206,15.66609,0,[82.36848,31.99916]]],[203,[19.278,17.43144,0,[82.9443,31.99908]]],[154,[16.73785,16.62868,0,[82.99946,30.93964]]],[71,[5.245151,7.433853,0,[81.99923,32.73983]]],[185,[18.8609,17.83104,0,[82.04363,31.99909]]],[168,[15.6032,14.7548,0,[82.86398,31.99912]]],[101,[8.641275,10.19427,0,[82.09334,31.99902]]]
1:[40,[19.26597,35.08762,0,[53.99906,26.97576]]],[42,[19.81947,37.23615,0,[53.99902,26.61285]]],[41,[18.68847,36.23415,0,[53.999,26.34133]]],[27,[17.99375,35.60609,0,[53.83583,26.00004]]],[58,[20.41727,39.12502,0,[53.99901,26.1661]]],[29,[19.83216,38.88755,0,[52.99902,25.6503]]],[59,[21.05472,40.04542,0,[53.99906,26.23224]]],[43,[20.5076,39.86225,0,[52.99902,25.39755]]],[28,[19.20387,37.98619,0,[52.99901,25.0924]]],[44,[21.32116,40.94051,0,[52.99904,25.31441]]],[74,[21.67313,40.91341,0,[53.99901,26.16752]]],[18,[20.12307,39.84758,0,[52.99901,24.27135]]],[60,[21.90613,42.46791,0,[52.99901,25.14651]]],[30,[20.89547,40.83718,0,[52.999,24.32507]]],[90,[22.31626,42.66286,0,[53.99903,26.03408]]],[17,[19.51905,38.81515,0,[52.999,23.82911]]],[75,[22.53719,43.43871,0,[52.99902,25.11401]]],[16,[18.79389,37.54623,0,[52.999,23.86008]]],[56,[20.76979,36.55088,0,[53.99903,27.38713]]],[45,[21.60539,42.30255,0,[52.99901,23.99288]]],[8,[19.96664,39.80669,0,[52.999,22.77071]]],[76,[23.27054,44.58261,0,[52.99904,25.15833]]],[46,[22.24794,43.38767,0,[52.99903,23.916]]],[19,[20.67871,41.20319,0,[52.999,23.17586]]],[73,[22.31771,39.06903,0,[53.99906,27.20932]]],[91,[22.96773,43.70072,0,[53.999,26.0563]]],[31,[21.37854,42.30493,0,[52.99901,22.80283]]],[7,[19.38101,38.73702,0,[52.999,22.1193]]],[61,[22.98421,44.55139,0,[52.999,24.0181]]],[89,[23.6412,42.40901,0,[53.99901,26.07728]]],[55,[24.21923,36.0013,0,[53.9991,27.05447]]],[9,[21.14383,42.24751,0,[51.99903,21.99185]]],[32,[22.10258,43.47994,0,[52.99903,22.65965]]],[77,[23.89928,45.02692,0,[52.99901,25.08862]]],[87,[24.55633,40.77433,0,[53.99902,26.22456]]],[33,[22.78027,44.11047,0,[52.99901,22.86332]]],[10,[21.90265,43.45135,0,[51.99902,21.75481]]],[86,[25.05066,39.77934,0,[53.99906,27.32789]]],[105,[24.63883,44.80571,0,[52.99901,25.34464]]],[0,[20.50092,40.97276,0,[51.99902,21.25783]]],[103,[25.18753,42.0905,0,[53.99903,26.121]]],[62,[23.69736,45.15449,0,[52.99901,23.94499]]],[20,[22.61166,44.56926,0,[51.99905,21.72919]]],[102,[25.7552,41.28658,0,[53.999,26.29917]]],[64,[25.8963,45.94345,0,[52.99901,24.90837]]],[106,[25.32459,45.84111,0,[52.99902,25.32269]]],[1,[21.3775,42.66,0,[51.99905,20.67956]]],[92,[24.46924,46.03687,0,[52.999,24.016]]],[88,[23.60873,40.59272,0,[53.99902,27.27913]]],[104,[26.44401,44.5184,0,[52.99904,25.52661]]],[21,[23.34851,45.22263,0,[51.99905,21.86383]]],[49,[25.69964,45.57569,0,[52.999,23.79033]]],[93,[25.11337,47.15445,0,[52.99902,24.18659]]],[117,[27.06259,42.17805,0,[53.69146,26.00038]]],[119,[26.39078,42.89935,0,[53.99905,26.2425]]],[47,[23.49767,44.92024,0,[52.99902,22.76615]]],[107,[26.54376,46.88395,0,[52.99903,24.31389]]],[2,[22.22427,43.72649,0,[51.99907,20.46962]]],[78,[24.91483,46.85193,0,[52.999,22.97265]]],[120,[27.60396,45.70816,0,[52.99908,25.307]]],[133,[28.06859,42.61869,0,[53.99904,26.05332]]],[63,[24.36283,46.42523,0,[52.99901,22.50924]]],[121,[26.97723,46.30588,0,[52.99903,25.23624]]],[11,[23.05593,45.33813,0,[51.99906,20.55368]]],[35,[25.66845,45.7261,0,[52.999,22.61118]]],[118,[28.17549,44.08294,0,[52.99903,25.33681]]],[94,[27.28165,48.14877,0,[52.99908,24.13931]]],[48,[24.91339,47.34418,0,[51.99903,21.42732]]],[149,[28.87711,43.71861,0,[53.99901,26.2691]]],[50,[26.35621,46.94855,0,[52.99903,23.18324]]],[22,[24.094,46.22062,0,[51.99905,21.69571]]],[134,[28.98172,45.23952,0,[52.99901,25.52209]]],[122,[28.12321,47.39926,0,[52.99903,24.20561]]],[116,[28.5384,40.51686,0,[53.99903,27.13819]]],[13,[25.8746,46.67765,0,[51.99903,20.98985]]],[23,[25.70907,46.5723,0,[51.99902,21.99753]]],[79,[26.98631,47.81993,0,[52.99902,22.97143]]],[136,[29.73051,46.52348,0,[52.99903,25.64531]]],[3,[24.20907,44.9551,0,[51.99907,20.49099]]],[135,[28.68596,46.23534,0,[52.99901,24.48711]]],[85,[27.13924,38.64206,0,[53.99908,27.28527]]],[36,[26.37733,47.22129,0,[52.99904,22.08608]]],[95,[27.81911,48.94874,0,[52.99901,23.17948]]],[137,[29.34726,47.67138,0,[52.99902,24.63263]]],[151,[29.55497,44.71073,0,[53.99904,26.50713]]],[34,[25.23717,47.96189,0,[51.9991,20.3608]]],[153,[30.30009,46.03104,0,[53.99907,26.4625]]],[111,[28.51938,50.41352,0,[52.99902,23.03477]]],[51,[27.13289,48.73182,0,[52.97445,22.00042]]],[37,[27.31935,50.1092,0,[51.9991,21.26637]]],[123,[30.04609,47.89957,0,[52.99906,24.64627]]],[138,[30.35319,47.95793,0,[52.99906,25.82389]]],[148,[30.16022,42.64931,0,[53.99911,27.46058]]],[108,[29.05987,48.08007,0,[52.99902,23.53193]]],[24,[26.59633,48.08929,0,[51.99905,21.29909]]],[109,[30.36168,49.36532,0,[52.99902,23.41653]]],[12,[26.23842,46.75631,0,[51.99906,20.14605]]],[80,[27.69339,48.97395,0,[52.99901,22.05968]]],[139,[30.93651,48.72084,0,[52.99902,25.53239]]],[155,[30.84939,47.88745,0,[53.99902,26.23145]]],[112,[29.73533,51.2388,0,[52.99902,23.57728]]],[128,[31.26464,52.36661,0,[52.99906,24.34631]]],[124,[30.64441,49.30058,0,[52.99902,24.47639]]],[97,[29.47622,51.36838,0,[52.999,22.52044]]],[96,[28.44961,50.76418,0,[52.6394,22.00018]]],[152,[30.96721,45.16512,0,[53.99902,27.36241]]],[82,[29.18533,51.14575,0,[52.50826,22.00041]]],[125,[31.55902,49.49027,0,[52.99906,25.50848]]],[5,[26.98935,47.74511,0,[51.99907,20.05175]]],[110,[31.03116,50.979,0,[52.99906,23.1777]]],[98,[30.42887,52.50006,0,[52.99903,22.36279]]],[167,[32.39664,45.28524,0,[53.99906,27.01109]]],[67,[29.88293,52.24014,0,[51.99909,21.06935]]],[141,[31.43158,48.83154,0,[53.99905,26.28512]]],[81,[29.02364,51.40971,0,[51.99908,21.13626]]],[114,[31.91383,53.38017,0,[52.99902,24.01385]]],[83,[30.46789,53.12057,0,[51.99903,21.80075]]],[65,[28.26538,50.46012,0,[51.99902,21.12844]]],[171,[33.73325,48.61519,0,[53.99901,26.0363]]],[157,[33.07689,50.80147,0,[52.99908,25.85995]]],[140,[32.08252,48.64053,0,[53.79451,26.00031]]],[66,[29.24748,51.92962,0,[51.99907,20.24325]]],[156,[33.83179,50.56054,0,[52.99901,25.22751]]],[113,[31.06874,53.56046,0,[52.99906,22.06302]]],[142,[32.73579,51.48387,0,[52.99902,24.80506]]],[126,[32.15034,50.64943,0,[52.99905,25.14804]]],[14,[28.24009,48.55669,0,[51.99907,20.07725]]],[172,[34.5275,49.35283,0,[53.71455,26.00028]]],[99,[32.62822,53.29491,0,[52.99902,23.67239]]],[127,[33.48431,51.85019,0,[52.99901,24.25231]]],[25,[30.10671,51.20803,0,[51.99912,20.16958]]],[53,[31.8177,52.92127,0,[51.99908,21.42712]]],[129,[33.23755,53.78576,0,[52.99901,23.16049]]],[84,[31.7064,53.05826,0,[52.99902,22.90105]]],[158,[34.50976,52.93702,0,[52.99903,25.06853]]],[166,[34.42168,43.96002,0,[53.99909,27.15928]]],[68,[32.46636,51.80872,0,[52.99902,22.53412]]],[145,[34.01414,55.52745,0,[52.99903,22.60927]]],[143,[34.22421,53.30326,0,[52.99903,23.8764]]],[4,[31.42755,48.71921,0,[51.99908,20.26264]]],[132,[29.31455,41.46575,0,[53.9991,27.43147]]],[38,[31.03075,51.54111,0,[51.9991,21.35382]]],[115,[33.52005,55.93972,0,[52.58722,22.00012]]],[52,[30.74691,52.38815,0,[51.99902,20.21485]]],[174,[35.29267,53.35717,0,[52.99906,25.10799]]],[144,[34.72336,55.13417,0,[52.99902,22.76081]]],[39,[32.46648,52.31491,0,[51.99901,21.89982]]],[170,[31.79529,47.3273,0,[53.99905,27.47851]]],[6,[33.21669,49.82364,0,[51.9991,21.59288]]],[173,[36.02801,53.89712,0,[52.99906,25.43434]]],[159,[35.86654,56.85374,0,[52.99901,24.04643]]],[160,[34.94498,55.96154,0,[52.99901,23.93823]]],[15,[32.1497,51.11572,0,[51.9991,20.27901]]],[165,[35.27648,44.07301,0,[53.9991,27.27649]]],[169,[35.02612,48.07996,0,[53.99906,26.03428]]],[146,[35.52319,58.02169,0,[52.999,22.75765]]],[130,[34.41123,56.43324,0,[51.99905,21.4753]]],[70,[25.80347,37.62136,0,[53.99901,27.48221]]],[150,[33.75381,43.76724,0,[53.99903,27.29402]]],[131,[35.18987,57.47757,0,[51.99906,21.77185]]],[186,[36.63902,47.97233,0,[52.99901,25.41828]]],[26,[32.87723,51.79493,0,[51.999,20.43032]]],[100,[27.47669,39.94087,0,[53.99902,26.29738]]],[57,[21.59523,37.55795,0,[53.99905,27.43037]]],[54,[33.77958,53.93959,0,[51.99902,20.58864]]],[147,[35.8661,59.01433,0,[51.999,21.31524]]],[183,[36.6405,46.38278,0,[53.99902,26.57742]]],[72,[22.98696,38.83536,0,[53.999,27.23897]]],[69,[34.81305,55.1114,0,[51.99905,20.48562]]],[184,[35.85063,45.87991,0,[53.99901,26.66165]]],[203,[36.76707,50.88153,0,[52.99901,23.90296]]],[154,[33.11514,47.30391,0,[53.99906,26.09891]]],[71,[26.52321,37.67344,0,[53.99906,27.44309]]],[185,[37.33615,49.72633,0,[52.99904,25.39002]]],[168,[33.04169,45.82695,0,[53.9991,27.17539]]],[101,[27.90413,40.06041,0,[53.99901,27.22576]]]
0:[40,[32.18756,60.71405,0,[32.55319,40.00099]]],[42,[32.87978,63.00917,0,[32.56869,40.00092]]],[41,[31.93057,62.60126,0,[31.55986,39.00089]]],[27,[31.21704,62.01358,0,[30.99949,38.07755]]],[58,[33.59908,65.00149,0,[32.79327,40.00095]]],[29,[32.71019,64.508,0,[31.71756,39.00092]]],[59,[34.35324,65.68825,0,[33.01982,40.00097]]],[43,[33.34901,65.4117,0,[31.96919,39.00092]]],[28,[32.34586,64.22694,0,[30.84401,38.0009]]],[44,[34.36728,66.88615,0,[31.99977,39.56815]]],[74,[35.23799,66.69031,0,[32.98064,40.001]]],[18,[33.87659,67.07893,0,[30.99959,38.95739]]],[60,[34.92279,68.3055,0,[31.99956,39.39833]]],[30,[34.56073,67.87189,0,[31.11786,39.00094]]],[90,[36.04889,68.65086,0,[32.86609,40.001]]],[17,[33.46101,66.64109,0,[30.10133,38.00092]]],[75,[35.67545,69.52658,0,[31.99966,39.54641]]],[16,[33.03258,65.99112,0,[29.39926,38.00095]]],[56,[36.68428,61.46355,0,[33.28458,40.00096]]],[45,[35.2322,69.44658,0,[31.13446,39.00096]]],[8,[34.11686,67.98507,0,[30.24948,38.00094]]],[76,[36.62954,70.9818,0,[32.16509,40.00098]]],[46,[35.99849,70.50477,0,[31.33369,39.00091]]],[19,[34.71417,69.02804,0,[30.22381,38.00088]]],[73,[37.47569,64.24583,0,[33.24936,40.00098]]],[91,[37.23195,70.48043,0,[32.32174,40.00099]]],[31,[35.3097,69.91724,0,[30.77661,38.00092]]],[7,[34.42804,68.78673,0,[28.86782,38.00095]]],[61,[36.76309,71.51694,0,[31.46042,39.00094]]],[89,[37.94299,69.09796,0,[32.33664,40.00098]]],[55,[38.36273,61.47802,0,[33.28016,40.00098]]],[9,[35.42231,70.58826,0,[29.55162,38.00094]]],[32,[36.11705,71.13408,0,[30.80228,38.00094]]],[77,[37.42418,71.23189,0,[31.45819,39.00098]]],[87,[38.55279,67.48507,0,[32.14628,40.00098]]],[33,[36.79033,71.76678,0,[30.69559,38.00091]]],[10,[36.0947,71.76784,0,[29.69183,38.00095]]],[86,[39.30283,65.08869,0,[33.27206,40.00098]]],[105,[38.06871,71.11784,0,[31.23498,39.00098]]],[0,[35.48084,70.87869,0,[28.33949,38.00096]]],[103,[39.07643,68.80159,0,[32.36101,40.00098]]],[62,[37.41388,72.08772,0,[30.6095,38.00093]]],[20,[36.92794,73.1051,0,[29.44921,38.00091]]],[102,[39.97996,67.36985,0,[32.83567,40.00097]]],[64,[39.5925,72.55572,0,[31.9998,39.78617]]],[106,[38.79181,72.09581,0,[31.50814,39.00096]]],[1,[36.54323,72.88799,0,[28.464,38.00095]]],[92,[38.11067,72.98154,0,[30.79599,38.00097]]],[88,[40.63315,65.86311,0,[33.25449,40.00095]]],[104,[40.40782,71.13994,0,[32.05344,40.001]]],[21,[37.68612,73.74921,0,[29.38503,38.00094]]],[49,[39.62169,73.08695,0,[31.24092,39.00098]]],[93,[38.75024,74.04385,0,[30.81012,38.00095]]],[117,[40.97583,68.80662,0,[32.04565,40.00094]]],[119,[41.3286,68.8256,0,[33.09674,40.001]]],[47,[38.2289,73.5256,0,[29.64085,38.00097]]],[107,[40.28218,74.14741,0,[31.06198,39.001]]],[2,[37.52787,74.22807,0,[28.30149,38.00097]]],[78,[39.44967,74.94134,0,[30.40774,38.00097]]],[120,[41.58636,72.20026,0,[32.06531,40.001]]],[133,[42.00623,68.85416,0,[32.92884,40.001]]],[63,[38.89002,75.34383,0,[29.64754,38.00095]]],[121,[40.82762,72.72988,0,[31.23627,39.00092]]],[11,[38.35869,75.8064,0,[28.3179,38.00098]]],[35,[40.17354,74.13054,0,[30.04824,38.00098]]],[118,[41.94073,70.1789,0,[31.9998,39.29201]]],[94,[41.44699,75.26848,0,[31.20885,39.00099]]],[48,[39.5753,76.52341,0,[29.2653,38.00097]]],[149,[42.68888,69.86179,0,[33.14408,40.001]]],[50,[40.64875,74.44779,0,[30.49861,38.00092]]],[22,[39.01229,75.74706,0,[28.41025,38.00097]]],[134,[43.02647,71.90767,0,[32.24462,40.001]]],[122,[42.27166,74.84113,0,[31.1977,39.001]]],[116,[43.53052,66.22562,0,[32.95422,40.001]]],[13,[40.82813,76.0585,0,[29.15354,38.00097]]],[23,[40.31261,75.67984,0,[28.75631,38.00098]]],[79,[41.44533,75.50679,0,[30.55263,38.00095]]],[136,[43.25851,72.02216,0,[31.97465,39.001]]],[3,[39.78802,75.8794,0,[28.09472,38.00098]]],[135,[42.88388,73.59278,0,[31.16426,39.001]]],[85,[44.22303,64.01659,0,[33.35035,40.00099]]],[36,[41.3027,76.30561,0,[29.56449,38.00095]]],[95,[42.16485,77.03459,0,[30.24878,38.001]]],[137,[43.44603,74.58168,0,[30.99994,38.78777]]],[151,[44.33407,71.48773,0,[32.24207,40.00099]]],[34,[41.02858,79.06387,0,[28.01027,38.00099]]],[153,[44.94926,72.48443,0,[33.03714,40.001]]],[111,[42.76674,78.62701,0,[30.18031,38.00098]]],[51,[41.93066,78.05755,0,[29.31737,38.00094]]],[37,[42.50498,79.9546,0,[28.98972,38.001]]],[123,[44.06203,74.50285,0,[31.33865,39.00098]]],[138,[44.63924,74.1305,0,[31.99989,39.3573]]],[148,[45.60175,68.90318,0,[32.96964,40.001]]],[108,[43.38376,75.94063,0,[30.03935,38.00099]]],[24,[41.63462,77.95683,0,[28.36572,38.00096]]],[109,[44.76821,77.35881,0,[31.01953,39.00099]]],[12,[41.79817,77.54288,0,[27.99994,37.17756]]],[80,[43.1101,78.9736,0,[29.13282,38.00099]]],[139,[45.14473,74.43049,0,[31.8297,39.001]]],[155,[46.21034,74.86073,0,[32.804,40.001]]],[112,[43.80588,78.47466,0,[30.57293,38.00092]]],[128,[45.84197,79.35844,0,[31.70154,39.001]]],[124,[44.86812,75.58251,0,[30.96012,38.00084]]],[97,[44.55812,79.96977,0,[30.08146,38.00098]]],[96,[43.7111,80.3709,0,[28.91446,38.00098]]],[152,[46.8623,71.2659,0,[32.70967,40.00098]]],[82,[44.14634,80.02599,0,[29.44345,38.00097]]],[125,[46.44709,76.16889,0,[31.35153,39.001]]],[5,[43.11745,79.26711,0,[28.01625,38.00099]]],[110,[45.59245,78.61534,0,[30.56516,38.00098]]],[98,[45.20934,81.11198,0,[29.85796,38.001]]],[167,[47.64206,71.22305,0,[32.96848,40.001]]],[67,[44.91197,81.82897,0,[28.99977,38.00004]]],[141,[46.9351,75.53486,0,[31.88729,39.00097]]],[81,[44.43408,81.54747,0,[28.33561,38.00097]]],[114,[46.25786,80.84319,0,[30.40718,38.001]]],[83,[45.72191,82.12011,0,[29.2914,38.001]]],[65,[43.36403,80.2373,0,[27.97032,37.00099]]],[171,[48.44197,75.01976,0,[33.03716,40.001]]],[157,[47.92172,77.03941,0,[31.99986,39.64486]]],[140,[47.3767,76.21101,0,[31.07603,39.001]]],[66,[45.55645,83.20263,0,[28.23573,38.001]]],[156,[48.85441,77.43166,0,[32.23545,40.001]]],[113,[46.29084,82.97652,0,[29.28255,38.001]]],[142,[48.06723,78.59538,0,[31.32867,39.001]]],[126,[46.86003,77.72993,0,[30.16473,38.00092]]],[14,[44.44258,79.61415,0,[27.91709,37.001]]],[172,[49.40791,75.69401,0,[32.81503,40.00098]]],[99,[47.4065,80.93913,0,[30.51724,38.00098]]],[127,[48.78425,79.30971,0,[31.54486,39.001]]],[25,[46.21032,82.5174,0,[28.08262,38.001]]],[53,[46.9204,82.24726,0,[29.02654,38.00092]]],[129,[48.04753,81.82114,0,[30.58687,38.001]]],[84,[47.47699,82.10628,0,[29.39012,38.00098]]],[158,[49.86082,80.14268,0,[32.0406,40.001]]],[166,[50.3487,70.65833,0,[32.72179,40.00099]]],[68,[48.08484,81.20987,0,[29.49003,38.001]]],[145,[48.74129,83.84287,0,[30.92412,38.001]]],[143,[49.79956,81.22343,0,[31.04314,39.001]]],[132,[50.96105,67.25231,0,[33.2428,40.00095]]],[38,[46.82971,81.59694,0,[28.01122,38.00092]]],[115,[48.79182,85.24915,0,[29.85226,38.001]]],[52,[46.8801,83.30153,0,[27.83937,37.001]]],[174,[50.2037,79.87822,0,[31.7984,39.001]]],[144,[49.45547,83.83211,0,[30.05327,38.001]]],[39,[48.64424,82.08231,0,[28.80776,38.001]]],[170,[51.9532,73.45049,0,[33.15918,40.00099]]],[6,[49.2615,79.89742,0,[29.04341,38.001]]],[173,[51.38549,80.50204,0,[32.37383,40.001]]],[159,[50.83819,84.50122,0,[31.27201,39.001]]],[160,[49.95937,83.45706,0,[30.52116,38.00095]]],[15,[48.03315,81.96713,0,[27.78196,37.001]]],[165,[52.24952,71.30894,0,[32.20391,40.001]]],[169,[51.41566,75.78551,0,[31.37205,39.00099]]],[146,[50.72751,86.70832,0,[30.35269,38.001]]],[130,[49.88493,85.98626,0,[29.05508,38.001]]],[70,[52.86904,67.63885,0,[32.90647,40.001]]],[150,[52.16858,72.88366,0,[31.3928,39.001]]],[131,[50.40412,86.55907,0,[29.47769,38.001]]],[186,[51.30943,75.16194,0,[30.47925,38.00099]]],[26,[49.13108,83.32596,0,[27.9999,37.43347]]],[100,[53.76865,71.46674,0,[32.91773,40.001]]],[57,[52.72934,71.80642,0,[31.92514,39.001]]],[54,[50.19012,85.18027,0,[28.06687,38.001]]],[147,[51.21273,88.88227,0,[29.23878,38.001]]],[183,[51.93745,74.34952,0,[30.1152,38.00096]]],[72,[53.54542,75.64301,0,[31.71245,39.001]]],[69,[50.81454,86.18935,0,[28.36693,38.001]]],[184,[52.4773,74.9699,0,[30.82675,38.001]]],[203,[51.96058,80.21349,0,[28.73306,38.00096]]],[154,[54.23566,76.58626,0,[31.79171,39.001]]],[71,[53.30267,73.03072,0,[30.36668,38.001]]],[185,[52.65126,78.13443,0,[29.39641,38.001]]],[168,[54.92912,73.22929,0,[31.96162,39.00074]]],[101,[54.05951,72.75272,0,[30.51237,38.001]]]

Travel Distances:
[400,63.60853],[391,62.85893],[380,63.40872],[381,65.51281],[392,65.47664],[368,64.46327],[382,65.46935],[401,67.29082],[393,67.36761],[379,62.54448],[369,66.36916],[40,64.30776],[383,67.16226],[354,67.87499],[402,69.52008],[42,67.1506],[370,69.08298],[41,68.6704],[367,64.06198],[371,69.0565],[394,68.58452],[27,69.52452],[355,67.62373],[58,67.72733],[395,69.28939],[384,70.67154],[29,71.04114],[340,68.40413],[341,70.30851],[59,68.90422],[356,70.74169],[403,70.15497],[43,70.65283],[385,70.73299],[28,71.49103],[325,71.05508],[44,72.04879],[357,71.73062],[372,72.48927],[74,70.08055],[397,72.84723],[396,72.27463],[18,73.27351],[342,70.87808],[60,72.35094],[358,72.69757],[353,65.16375],[386,74.02834],[404,72.78124],[30,74.63834],[90,72.50425],[17,75.64685],[326,72.57133],[309,71.14455],[75,74.11911],[343,74.27383],[16,75.89426],[56,64.01816],[45,74.9407],[373,74.50087],[323,69.54354],[405,74.53548],[310,73.90757],[8,77.71336],[76,75.61147],[327,75.71095],[46,76.39908],[19,77.47191],[73,67.21289],[406,74.64149],[311,75.24628],[351,65.68813],[91,73.97971],[308,70.90457],[31,78.84429],[344,78.00415],[7,79.83611],[61,77.87508],[89,73.18134],[295,76.72891],[293,74.20726],[337,68.69946],[359,76.95782],[55,64.57088],[339,67.05017],[9,79.66192],[32,78.83494],[77,76.29758],[322,70.32084],[407,75.4315],[328,78.92487],[87,72.1749],[312,78.26163],[33,80.10158],[321,69.69564],[10,81.48222],[86,68.37896],[105,76.88935],[336,67.08907],[360,78.09018],[0,81.86152],[103,72.51456],[306,72.1553],[398,75.73228],[62,79.17738],[294,77.08016],[20,83.19772],[305,71.64647],[102,71.26193],[64,77.22128],[106,78.42493],[320,68.33523],[329,79.97586],[279,76.33988],[1,83.70155],[92,80.69215],[307,74.65138],[292,72.75505],[88,68.47038],[104,74.30235],[21,82.33201],[265,79.24533],[49,79.74704],[350,66.93824],[387,78.57653],[280,79.17809],[93,82.47117],[278,75.91134],[117,72.80924],[119,71.96199],[291,71.51046],[47,82.89683],[107,79.53394],[266,80.04089],[2,85.11619],[281,79.48094],[296,79.7329],[277,73.51923],[78,83.88175],[120,76.85896],[133,72.69352],[267,80.58944],[63,85.38151],[121,78.96736],[282,81.64954],[290,70.60744],[374,78.8766],[262,74.14378],[11,87.03756],[249,79.55475],[298,80.48086],[35,81.75578],[118,74.04251],[94,80.15347],[48,85.26185],[149,73.86668],[50,82.73444],[263,76.62064],[314,82.51503],[275,73.44978],[276,71.87067],[388,79.27114],[22,87.54418],[264,78.66012],[134,75.53386],[122,80.24331],[116,68.90269],[247,77.62532],[13,84.33083],[23,85.01987],[248,79.73204],[79,82.48444],[283,83.82511],[289,71.30016],[399,80.37802],[136,77.38195],[261,74.66238],[3,88.16902],[135,79.72369],[85,67.33927],[246,77.54832],[250,83.02231],[36,85.46136],[95,84.6412],[233,81.09027],[137,79.64491],[151,74.51055],[297,82.24449],[230,76.63017],[274,72.95535],[34,90.91333],[153,76.24989],[268,84.28899],[111,86.92957],[231,80.12296],[51,88.03996],[234,83.43585],[37,88.83182],[123,80.20395],[138,78.59964],[229,77.60417],[390,62.40139],[148,71.59069],[251,82.99812],[345,81.15204],[214,80.18368],[108,83.10989],[24,90.51237],[217,85.87374],[109,83.73906],[12,89.55105],[80,88.65553],[139,79.76543],[213,80.33575],[155,78.15938],[324,70.19095],[112,86.55197],[215,82.09682],[235,85.94863],[330,82.68223],[128,83.40453],[304,68.51567],[124,81.43689],[97,86.71775],[232,83.78613],[180,84.86271],[96,90.90009],[152,74.99287],[196,84.6282],[82,89.38933],[313,83.8181],[125,81.12333],[5,90.9326],[110,85.2605],[98,88.60098],[259,73.5441],[197,84.34583],[216,84.0485],[260,75.43423],[346,82.57277],[167,73.58545],[67,91.73016],[141,81.29125],[236,86.16907],[81,92.56201],[114,88.18605],[83,90.53515],[243,75.90852],[245,75.9209],[65,93.33829],[171,77.87507],[157,80.9524],[284,84.87711],[219,86.29141],[315,84.45441],[140,81.34476],[366,64.31757],[66,93.99023],[198,88.76212],[179,85.3831],[156,81.64935],[113,92.29111],[142,84.37749],[212,81.72251],[126,85.93013],[14,92.44135],[252,86.72842],[218,87.52384],[172,78.4489],[194,83.53468],[228,77.05734],[99,87.9596],[127,83.70015],[319,69.17903],[164,88.53742],[25,94.02602],[53,92.35925],[129,89.37538],[195,82.67646],[84,91.03445],[158,84.28501],[253,87.8891],[317,87.0463],[288,71.25632],[181,88.33228],[166,73.78561],[244,76.17579],[68,88.80444],[145,90.17896],[227,80.13992],[143,87.38613],[4,89.65456],[132,71.02403],[270,88.17046],[38,93.86644],[178,88.9805],[115,93.43311],[273,72.7962],[52,95.24553],[211,80.25806],[299,86.81355],[174,84.60706],[144,90.8437],[177,86.02384],[193,81.29576],[331,85.01383],[39,90.70279],[170,77.34232],[242,76.85223],[300,87.84418],[6,89.28612],[173,84.8456],[159,90.65464],[226,78.37927],[199,88.14051],[201,91.00578],[160,91.25723],[15,93.72837],[192,84.15357],[165,74.49042],[169,80.61932],[347,84.45596],[146,95.16328],[258,74.87486],[130,96.13265],[161,91.90138],[220,90.93241],[70,71.37688],[210,81.3072],[150,78.25539],[176,88.70313],[131,95.43023],[186,82.37343],[26,94.93988],[377,83.9925],[257,73.589],[100,73.80877],[225,77.2534],[375,81.31252],[57,77.88273],[241,75.47392],[54,96.69146],[147,98.20177],[237,91.11828],[183,82.4142],[209,84.50946],[72,80.37665],[223,77.09865],[69,96.12034],[184,81.59131],[208,80.34981],[301,87.55571],[338,66.39967],[203,88.24674],[285,90.02797],[154,81.88048],[224,79.84499],[352,66.2774],[71,80.30815],[185,86.37503],[207,83.18422],[182,90.6028],[255,91.12836],[365,66.68828],[168,77.12553],[175,92.45171],[378,65.64213],[101,80.55582],[162,91.92358],[269,88.86455],[240,76.01959],[364,67.67391],[205,82.37611],[316,88.68513],[334,72.65318],[163,92.91293],[222,79.85188],[272,73.45226],[361,88.35876],[221,81.32021],[206,84.58661],[287,71.27816],[238,91.40595],[333,87.66585],[187,85.80346],[332,86.08773],[348,90.46486],[204,82.4008],[335,67.89283],[303,71.21252],[239,80.54279],[363,90.18866],[389,87.27783],[189,86.05344],[256,72.52359],[302,73.44833],[191,89.9014],[362,90.03445],[202,85.74166],[349,68.64019],[286,78.31025],[190,91.03205],[200,94.04288],[188,88.61831],[318,73.13142],[254,92.59386],[271,89.67661],[376,87.77918]

Finish Times:
[400,33.08038],[391,33.24038],[380,33.9604],[381,34.0004],[392,34.3604],[368,34.72041],[382,34.84042],[401,35.12042],[393,35.24043],[379,35.40043],[369,35.48043],[40,35.56043],[383,35.88044],[354,36.00044],[402,36.04044],[42,36.20045],[370,36.24045],[41,36.28045],[367,36.52045],[371,36.64046],[394,36.76046],[27,36.80046],[355,36.84046],[58,36.88046],[395,36.88046],[384,37.04047],[29,37.08047],[340,37.44048],[341,37.48048],[59,37.52048],[356,37.52048],[403,37.60048],[43,37.64048],[385,37.68048],[28,37.88049],[325,38.08049],[44,38.12049],[357,38.12049],[372,38.20049],[74,38.4005],[397,38.4005],[396,38.4405],[18,38.4805],[342,38.76051],[60,38.80051],[358,38.80051],[353,38.92051],[386,39.08051],[404,39.08051],[30,39.12051],[90,39.16051],[17,39.20052],[326,39.40052],[309,39.44052],[75,39.52052],[343,39.52052],[16,39.56052],[56,39.72053],[45,39.88053],[373,39.88053],[323,39.96053],[405,39.96053],[310,40.00053],[8,40.08054],[76,40.08054],[327,40.24054],[46,40.44054],[19,40.52055],[73,40.56055],[406,40.56055],[311,40.64055],[351,40.64055],[91,40.72055],[308,40.76055],[31,40.96056],[344,40.96056],[7,41.00056],[61,41.20056],[89,41.28056],[295,41.32056],[293,41.40057],[337,41.44057],[359,41.44057],[55,41.52057],[339,41.52057],[9,41.64057],[32,41.64057],[77,41.76057],[322,41.92058],[407,41.92058],[328,41.96058],[87,42.00058],[312,42.08058],[33,42.20058],[321,42.20058],[10,42.32059],[86,42.40059],[105,42.48059],[336,42.48059],[360,42.56059],[0,42.60059],[103,42.60059],[306,42.60059],[398,42.7606],[62,42.9206],[294,42.9606],[20,43.0406],[305,43.0406],[102,43.0806],[64,43.20061],[106,43.24061],[320,43.24061],[329,43.24061],[279,43.40061],[1,43.60062],[92,43.64062],[307,43.64062],[292,43.68062],[88,43.72062],[104,43.84062],[21,43.92062],[265,44.00063],[49,44.04063],[350,44.04063],[387,44.04063],[280,44.24063],[93,44.28063],[278,44.28063],[117,44.40063],[119,44.44064],[291,44.48064],[47,44.64064],[107,44.68064],[266,44.68064],[2,44.80064],[281,44.88065],[296,44.88065],[277,44.92065],[78,44.96065],[120,45.12065],[133,45.12065],[267,45.12065],[63,45.16065],[121,45.32066],[282,45.40066],[290,45.40066],[374,45.52066],[262,45.60066],[11,45.64066],[249,45.64066],[298,45.72066],[35,45.76067],[118,45.76067],[94,45.84067],[48,45.88067],[149,45.96067],[50,46.20068],[263,46.20068],[314,46.20068],[275,46.24068],[276,46.24068],[388,46.28068],[22,46.32068],[264,46.40068],[134,46.52068],[122,46.56068],[116,46.68069],[247,46.72069],[13,46.76069],[23,46.84069],[248,46.88069],[79,46.92069],[283,46.96069],[289,46.96069],[399,47.0407],[136,47.1607],[261,47.2007],[3,47.2407],[135,47.2407],[85,47.3207],[246,47.3607],[250,47.4407],[36,47.48071],[95,47.60071],[233,47.60071],[137,47.84071],[151,47.84071],[297,47.84071],[230,47.88071],[274,48.00072],[34,48.08072],[153,48.08072],[268,48.08072],[111,48.16072],[231,48.16072],[51,48.28072],[234,48.28072],[37,48.48073],[123,48.48073],[138,48.48073],[229,48.64073],[390,48.72073],[148,48.76073],[251,48.76073],[345,48.76073],[214,48.80074],[108,48.84074],[24,49.08074],[217,49.08074],[109,49.16074],[12,49.24075],[80,49.24075],[139,49.24075],[213,49.32075],[155,49.40075],[324,49.40075],[112,49.44075],[215,49.52075],[235,49.52075],[330,49.60075],[128,49.84076],[304,49.84076],[124,49.88076],[97,49.92076],[232,50.00076],[180,50.04076],[96,50.12077],[152,50.16077],[196,50.20077],[82,50.28077],[313,50.36077],[125,50.44077],[5,50.48077],[110,50.56078],[98,50.64078],[259,50.64078],[197,50.72078],[216,50.76078],[260,50.76078],[346,50.76078],[167,50.88078],[67,51.04079],[141,51.08079],[236,51.20079],[81,51.24079],[114,51.32079],[83,51.36079],[243,51.36079],[245,51.40079],[65,51.4408],[171,51.5608],[157,51.6008],[284,51.6408],[219,51.6808],[315,51.6808],[140,51.84081],[366,51.84081],[66,51.96081],[198,51.96081],[179,52.04081],[156,52.08081],[113,52.20081],[142,52.24081],[212,52.28082],[126,52.32082],[14,52.36082],[252,52.56082],[218,52.64082],[172,52.68082],[194,52.68082],[228,52.72083],[99,52.76083],[127,52.76083],[319,52.80083],[164,52.92083],[25,53.12083],[53,53.12083],[129,53.12083],[195,53.24084],[84,53.32084],[158,53.32084],[253,53.44084],[317,53.44084],[288,53.48084],[181,53.52084],[166,53.56084],[244,53.56084],[68,53.68085],[145,53.68085],[227,53.88085],[143,54.04086],[4,54.12086],[132,54.12086],[270,54.12086],[38,54.16086],[178,54.16086],[115,54.24086],[273,54.24086],[52,54.28086],[211,54.32086],[299,54.32086],[174,54.60087],[144,54.72087],[177,54.72087],[193,54.84087],[331,54.84087],[39,54.88087],[170,55.00088],[242,55.04088],[300,55.04088],[6,55.12088],[173,55.16088],[159,55.24088],[226,55.32088],[199,55.40089],[201,55.40089],[160,55.52089],[15,55.60089],[192,55.60089],[165,55.64089],[169,55.76089],[347,55.8409],[146,56.0009],[258,56.0009],[130,56.0809],[161,56.0809],[220,56.1209],[70,56.2009],[210,56.2009],[150,56.36091],[176,56.40091],[131,56.44091],[186,56.48091],[26,56.60091],[377,56.76092],[257,56.88092],[100,56.92092],[225,56.92092],[375,56.92092],[57,56.96092],[241,57.04092],[54,57.08092],[147,57.08092],[237,57.08092],[183,57.16093],[209,57.24093],[72,57.52094],[223,57.52094],[69,57.60094],[184,57.68094],[208,57.76094],[301,57.76094],[338,57.76094],[203,57.88094],[285,57.88094],[154,58.12095],[224,58.20095],[352,58.20095],[71,58.24095],[185,58.44096],[207,58.44096],[182,58.48096],[255,58.68096],[365,58.80096],[168,58.92097],[175,58.96097],[378,59.00097],[101,59.08097],[162,59.08097],[269,59.24097],[240,59.48098],[364,59.48098],[205,59.64098],[316,59.64098],[334,60.04099],[163,60.161],[222,60.241],[272,60.281],[361,60.481],[221,60.60101],[206,60.80101],[287,60.80101],[238,60.88101],[333,61.00101],[187,61.28102],[332,61.52103],[348,61.60103],[204,61.64103],[335,61.64103],[303,61.96104],[239,62.16104],[363,62.16104],[389,62.28104],[189,62.44105],[256,62.72105],[302,62.84106],[191,63.00106],[362,63.00106],[202,63.12106],[349,63.48107],[286,63.56107],[190,63.72108],[200,63.76108],[188,64.08109],[318,64.16109],[254,64.44109],[271,64.7211],[376,65.12111]

Stuck Times:
[400,0],[391,0],[380,0],[381,0],[392,0],[368,0],[382,0],[401,0],[393,0],[379,0],[369,0],[40,1],[383,0],[354,0],[402,0],[42,0],[370,0],[41,0],[367,0],[371,0],[394,0],[27,0],[355,0],[58,0],[395,0],[384,0],[29,0],[340,0],[341,0],[59,0],[356,0],[403,0],[43,0],[385,0],[28,0],[325,0],[44,0],[357,0],[372,0],[74,0],[397,0],[396,0],[18,0],[342,0],[60,0],[358,0],[353,2],[386,0],[404,0],[30,0],[90,0],[17,0],[326,0],[309,0],[75,0],[343,0],[16,0],[56,3],[45,0],[373,0],[323,0],[405,0],[310,0],[8,0],[76,0],[327,0],[46,0],[19,0],[73,2],[406,0],[311,0],[351,2],[91,0],[308,1],[31,0],[344,0],[7,0],[61,0],[89,1],[295,0],[293,0],[337,0],[359,0],[55,5],[339,5],[9,0],[32,0],[77,0],[322,0],[407,0],[328,0],[87,4],[312,0],[33,0],[321,0],[10,0],[86,5],[105,1],[336,2],[360,0],[0,0],[103,3],[306,0],[398,1],[62,0],[294,0],[20,0],[305,0],[102,5],[64,0],[106,1],[320,1],[329,0],[279,0],[1,0],[92,0],[307,0],[292,1],[88,4],[104,3],[21,0],[265,0],[49,0],[350,7],[387,1],[280,0],[93,0],[278,1],[117,8],[119,4],[291,2],[47,0],[107,1],[266,0],[2,0],[281,0],[296,0],[277,1],[78,0],[120,4],[133,7],[267,0],[63,0],[121,4],[282,0],[290,2],[374,1],[262,1],[11,0],[249,0],[298,0],[35,0],[118,8],[94,1],[48,0],[149,7],[50,1],[263,0],[314,0],[275,3],[276,2],[388,2],[22,0],[264,0],[134,7],[122,5],[116,10],[247,1],[13,2],[23,0],[248,0],[79,0],[283,0],[289,3],[399,1],[136,6],[261,2],[3,0],[135,6],[85,11],[246,2],[250,0],[36,1],[95,1],[233,0],[137,6],[151,6],[297,0],[230,1],[274,6],[34,0],[153,8],[268,1],[111,2],[231,2],[51,0],[234,1],[37,0],[123,7],[138,7],[229,2],[390,15],[148,8],[251,1],[345,3],[214,2],[108,5],[24,0],[217,0],[109,5],[12,2],[80,2],[139,7],[213,0],[155,7],[324,12],[112,2],[215,2],[235,0],[330,3],[128,5],[304,13],[124,6],[97,2],[232,2],[180,0],[96,2],[152,9],[196,1],[82,2],[313,3],[125,7],[5,0],[110,5],[98,2],[259,10],[197,2],[216,1],[260,8],[346,5],[167,11],[67,3],[141,8],[236,3],[81,2],[114,4],[83,2],[243,11],[245,9],[65,0],[171,10],[157,7],[284,4],[219,3],[315,3],[140,8],[366,15],[66,0],[198,2],[179,4],[156,10],[113,2],[142,7],[212,3],[126,7],[14,3],[252,3],[218,4],[172,10],[194,4],[228,10],[99,6],[127,8],[319,15],[164,3],[25,3],[53,5],[129,7],[195,6],[84,4],[158,10],[253,6],[317,6],[288,15],[181,4],[166,11],[244,13],[68,8],[145,6],[227,7],[143,7],[4,6],[132,17],[270,7],[38,4],[178,4],[115,6],[273,19],[52,3],[211,9],[299,8],[174,9],[144,9],[177,4],[193,9],[331,10],[39,7],[170,13],[242,16],[300,5],[6,8],[173,10],[159,9],[226,14],[199,9],[201,5],[160,8],[15,6],[192,7],[165,13],[169,11],[347,10],[146,6],[258,19],[130,6],[161,4],[220,9],[70,17],[210,15],[150,13],[176,5],[131,6],[186,10],[26,7],[377,13],[257,21],[100,17],[225,17],[375,14],[57,16],[241,25],[54,8],[147,6],[237,7],[183,13],[209,12],[72,15],[223,19],[69,9],[184,11],[208,15],[301,11],[338,22],[203,12],[285,9],[154,16],[224,20],[352,22],[71,15],[185,11],[207,15],[182,10],[255,9],[365,24],[168,19],[175,6],[378,27],[101,17],[162,9],[269,11],[240,25],[364,26],[205,16],[316,13],[334,22],[163,8],[222,21],[272,28],[361,13],[221,20],[206,19],[287,27],[238,14],[333,16],[187,16],[332,19],[348,13],[204,21],[335,28],[303,27],[239,22],[363,15],[389,18],[189,16],[256,32],[302,26],[191,12],[362,17],[202,18],[349,33],[286,25],[190,12],[200,11],[188,17],[318,30],[254,16],[271,21],[376,21]

