Experiment Name: Custom-ShortestPathNotTheBest4
Method Used: PathFollowingLowerNumberOfPaths
Run Number: 6
Preparation Time: 0.0003ms
Pathfinding Time: 6.4224ms
Finish Time: 86.4016ms
Finish Time 90%: 80.00145ms
Repaths: 0
Soft Repaths: 0

Gates Data:
5:[27,[2.620803,5.227339,0,[81.99934,32.18614]]],[41,[3.227801,6.053885,0,[81.99928,32.29107]]],[42,[3.552074,6.465888,0,[82.69876,31.99928]]],[43,[4.226642,7.625367,0,[82.99938,31.22897]]],[28,[2.922087,5.601901,0,[82.99946,31.80823]]],[29,[3.760063,7.170894,0,[82.99929,30.79035]]],[30,[4.256827,8.274286,0,[83.39465,29.99931]]],[57,[4.318136,7.66802,0,[82.37496,31.99908]]],[17,[3.348478,6.671839,0,[82.99928,30.27018]]],[16,[2.558231,5.110678,0,[82.99929,31.34886]]],[44,[4.845893,9.069876,0,[83.29665,29.99923]]],[31,[4.703217,9.139015,0,[83.99931,29.20943]]],[18,[3.571244,7.101389,0,[83.77528,29.99931]]],[32,[5.587615,10.63853,0,[83.99928,28.10627]]],[19,[4.191247,8.348427,0,[83.99928,29.02097]]],[7,[2.750247,5.490719,0,[83.84265,29.99928]]],[20,[4.895962,9.57345,0,[84.31785,27.99928]]],[8,[3.423053,6.824287,0,[83.99928,29.09574]]],[45,[5.151897,9.549082,0,[83.99928,29.58359]]],[74,[5.843403,10.32696,0,[82.99931,30.737]]],[9,[4.123468,8.226837,0,[84.11566,27.99931]]],[60,[5.700364,10.40875,0,[83.75267,29.9993]]],[61,[6.168142,10.89018,0,[83.99933,29.99711]]],[76,[7.204759,11.87189,0,[83.21336,29.99929]]],[47,[6.586695,11.65375,0,[83.99933,28.47473]]],[10,[4.321662,8.574928,0,[84.99927,27.6805]]],[0,[3.388048,6.764,0,[84.05558,27.99929]]],[62,[6.898221,12.11218,0,[83.99924,29.34455]]],[90,[6.924344,11.54479,0,[82.99934,31.27993]]],[46,[5.932766,10.79168,0,[83.99929,28.743]]],[34,[6.34084,11.55087,0,[84.99565,27.99926]]],[77,[7.432168,12.46591,0,[83.9993,29.46503]]],[106,[8.506895,13.45346,0,[83.51212,29.99918]]],[1,[3.690537,7.347363,0,[84.99931,27.36909]]],[48,[7.328412,12.70577,0,[84.096,27.99934]]],[91,[7.922984,12.88821,0,[83.99946,29.69391]]],[33,[5.805977,10.89744,0,[84.79897,27.99929]]],[105,[8.03789,13.03336,0,[82.99921,30.21554]]],[21,[5.273947,10.19803,0,[84.99928,27.57976]]],[63,[7.97824,13.79176,0,[84.04855,27.9993]]],[22,[6.462751,11.54931,0,[84.99933,26.74647]]],[92,[8.891145,14.19624,0,[83.99945,28.80551]]],[59,[5.464954,10.19325,0,[82.99927,30.09187]]],[11,[5.315968,10.25607,0,[84.99931,26.39756]]],[108,[9.71895,14.81342,0,[83.9994,29.43677]]],[78,[8.574226,14.28297,0,[83.99932,28.01327]]],[2,[4.660664,8.97645,0,[84.9993,26.16325]]],[102,[9.388032,10.94219,0,[82.99948,31.42156]]],[23,[7.101602,12.06368,0,[84.99926,27.36607]]],[107,[8.93872,13.77307,0,[83.97903,29.99914]]],[79,[8.970601,14.51917,0,[84.76713,27.99915]]],[12,[6.167796,11.41511,0,[84.99929,26.11592]]],[103,[10.29279,11.94037,0,[82.99944,30.97836]]],[121,[10.04405,13.95777,0,[83.36852,29.99931]]],[49,[7.771926,13.2487,0,[84.99929,27.43324]]],[86,[8.512385,9.251923,0,[82.7444,31.99915]]],[93,[9.598454,15.12019,0,[83.99931,28.43281]]],[122,[10.62111,14.36866,0,[83.63066,29.99918]]],[94,[10.46734,15.45877,0,[83.99921,28.97574]]],[64,[8.580701,14.34277,0,[84.99931,27.50514]]],[101,[9.47367,10.32839,0,[82.16367,31.99908]]],[120,[11.23064,13.78256,0,[82.99932,30.45771]]],[80,[10.28961,15.68871,0,[84.10143,27.99938]]],[3,[7.251607,9.91404,0,[85.02058,25.99931]]],[95,[10.6781,16.55902,0,[84.53133,27.99939]]],[87,[7.248278,9.64773,0,[82.52264,31.99907]]],[13,[7.918101,12.21776,0,[84.99926,26.12473]]],[138,[11.80245,15.45844,0,[83.48969,29.99917]]],[123,[11.20839,14.74212,0,[83.99938,29.7867]]],[50,[9.500528,13.87292,0,[84.9993,27.89576]]],[137,[11.71946,14.33803,0,[82.99951,30.9962]]],[154,[12.54941,15.9072,0,[82.99939,30.58028]]],[24,[8.560873,13.85212,0,[84.99925,26.2989]]],[125,[11.99977,17.50057,0,[83.99938,28.00132]]],[109,[11.15908,16.0023,0,[83.99928,28.74393]]],[65,[10.27255,15.20083,0,[84.99924,27.29609]]],[40,[3.479196,4.97203,0,[81.86372,32.99913]]],[119,[10.60758,12.00724,0,[82.89245,31.99924]]],[124,[12.17656,16.11429,0,[83.99929,28.91606]]],[110,[11.19623,16.79625,0,[84.78071,27.9993]]],[153,[13.64039,15.74785,0,[82.99934,30.34433]]],[155,[13.02039,16.47543,0,[83.56543,29.99924]]],[25,[9.558424,14.52002,0,[84.99924,26.69663]]],[140,[13.04113,17.2533,0,[83.9993,28.92688]]],[4,[10.36859,11.26659,0,[84.99926,26.00684]]],[139,[12.29853,15.77786,0,[83.79098,29.99922]]],[136,[12.5568,13.42037,0,[82.99955,31.62542]]],[156,[13.53347,17.00064,0,[83.99934,29.86545]]],[141,[13.81841,18.27488,0,[83.99931,28.49556]]],[126,[12.89663,18.34317,0,[84.15163,27.99932]]],[111,[12.08399,17.66207,0,[84.99926,27.91216]]],[72,[5.117572,8.704193,0,[81.99924,32.00451]]],[35,[9.266483,13.86736,0,[85.06785,25.99933]]],[135,[14.60127,14.10384,0,[82.99953,30.83535]]],[142,[14.68736,19.43312,0,[84.1598,27.99932]]],[127,[13.35068,18.70595,0,[84.58669,27.99928]]],[96,[13.12892,17.79117,0,[84.99927,27.22811]]],[171,[14.39239,17.19485,0,[83.24103,29.99935]]],[210,[16.25869,20.3138,0,[82.99924,30.08195]]],[172,[14.43194,17.91348,0,[83.99926,29.2493]]],[81,[11.85932,16.58558,0,[84.99928,27.14467]]],[51,[11.09995,15.21755,0,[84.99927,27.02821]]],[128,[13.85295,19.20568,0,[84.99933,27.98432]]],[150,[14.93034,13.89744,0,[82.33709,31.999]]],[168,[15.14151,15.6952,0,[82.99949,31.04023]]],[67,[12.87548,17.52742,0,[84.99924,26.53779]]],[152,[15.48487,15.73727,0,[83.61167,29.99912]]],[157,[15.28862,18.65244,0,[83.99924,28.50752]]],[159,[16.52148,20.50052,0,[83.99924,28.27861]]],[36,[11.02945,14.55572,0,[85.11464,25.99929]]],[191,[14.76369,18.76089,0,[83.8343,29.99916]]],[82,[13.92038,17.64276,0,[84.9993,26.80737]]],[75,[6.57131,11.15482,0,[82.99934,30.34371]]],[173,[15.76155,18.84339,0,[83.99949,28.75882]]],[56,[4.578113,6.66866,0,[81.58284,32.99923]]],[66,[11.88594,16.92131,0,[85.06019,25.99932]]],[175,[17.12327,20.14447,0,[83.99926,28.98424]]],[112,[14.63909,19.05656,0,[84.99927,27.25636]]],[211,[17.31756,20.47249,0,[82.99933,30.45844]]],[158,[15.89885,19.35556,0,[84.78779,27.99914]]],[174,[16.19423,18.81068,0,[83.99927,29.62458]]],[190,[16.3731,17.81489,0,[82.99944,31.20397]]],[143,[14.92458,19.74068,0,[84.99933,27.96346]]],[194,[17.92818,22.01368,0,[83.99934,28.37711]]],[192,[16.81341,19.58242,0,[83.46375,29.99919]]],[5,[12.4368,12.23895,0,[85.39771,25.99933]]],[144,[15.78172,21.01869,0,[84.99937,27.14438]]],[151,[14.09435,14.01415,0,[82.37187,31.99912]]],[189,[17.30339,16.79883,0,[82.9994,31.75925]]],[193,[17.23156,20.05639,0,[83.99932,29.98073]]],[52,[13.69494,16.40856,0,[85.23525,25.99931]]],[132,[14.67713,11.9431,0,[81.49352,32.99903]]],[228,[19.08035,20.87502,0,[82.9993,30.46581]]],[212,[18.11828,21.44655,0,[82.99937,30.03271]]],[38,[14.68107,16.79803,0,[84.99924,26.06319]]],[85,[9.250745,8.491071,0,[81.45284,32.99904]]],[161,[17.39501,21.72529,0,[84.79191,27.9993]]],[176,[17.06516,21.50638,0,[84.24757,27.99935]]],[231,[18.94673,22.79165,0,[83.99931,29.97428]]],[213,[18.00566,21.89804,0,[83.99939,29.58041]]],[209,[18.22065,18.69695,0,[82.99944,31.08638]]],[58,[4.976915,8.377841,0,[82.99945,31.51623]]],[214,[18.95471,23.26092,0,[83.9994,28.78058]]],[160,[16.5204,20.92587,0,[84.99931,27.63614]]],[37,[15.42128,16.03561,0,[84.99924,26.22114]]],[215,[19.7472,24.11926,0,[83.99931,28.52061]]],[133,[13.62843,13.22565,0,[82.99969,31.34419]]],[230,[18.48663,22.25554,0,[83.57345,29.99919]]],[188,[18.43831,16.23674,0,[82.74999,31.99912]]],[195,[18.71759,22.99065,0,[84.11996,27.99921]]],[216,[20.57467,25.15073,0,[83.99926,28.08814]]],[229,[19.7724,21.86073,0,[83.11182,29.99925]]],[177,[17.95277,21.87739,0,[84.99937,27.93135]]],[113,[17.29517,20.28043,0,[84.99925,26.97293]]],[186,[17.88022,16.45915,0,[82.18262,31.99903]]],[97,[16.22201,19.46351,0,[85.37534,25.99935]]],[217,[21.1833,25.88006,0,[84.53924,27.9993]]],[197,[19.78778,23.80983,0,[84.95433,27.99927]]],[232,[19.85281,23.85483,0,[83.99931,29.48551]]],[196,[19.30452,23.39559,0,[84.5474,27.99932]]],[70,[8.219218,7.730498,0,[81.99922,32.43375]]],[179,[20.60014,23.74806,0,[84.99928,27.73464]]],[247,[20.34068,22.78889,0,[83.53731,29.99923]]],[248,[20.84573,23.30494,0,[83.99928,29.96772]]],[129,[17.01231,21.43029,0,[84.9993,26.05657]]],[178,[18.86837,22.95799,0,[84.99939,27.49917]]],[208,[19.71055,18.39774,0,[82.99963,31.06067]]],[233,[20.77771,25.00841,0,[83.99937,28.88648]]],[246,[22.10419,22.29311,0,[83.67037,29.99929]]],[83,[18.3033,19.76229,0,[84.99928,26.4737]]],[89,[5.996637,10.41882,0,[82.99934,31.91264]]],[162,[19.7163,23.15611,0,[84.99928,27.00176]]],[249,[21.77969,24.47241,0,[83.99936,29.35382]]],[261,[22.85438,22.72809,0,[82.99923,30.2928]]],[15,[17.87996,15.18723,0,[85.2649,25.99932]]],[263,[22.68277,23.75247,0,[83.99925,29.79697]]],[88,[8.357374,10.85086,0,[82.99944,31.02958]]],[227,[20.90232,20.47355,0,[82.99945,30.47813]]],[251,[22.58536,26.44778,0,[83.99931,28.85708]]],[146,[20.54507,23.33927,0,[84.99927,26.7297]]],[243,[22.98052,20.18047,0,[82.9994,31.21942]]],[267,[23.4409,27.12612,0,[83.99926,28.4894]]],[244,[22.00176,20.8019,0,[82.99931,30.83595]]],[53,[19.63422,18.03926,0,[85.10167,25.9993]]],[55,[6.458828,6.448816,0,[81.42037,32.999]]],[235,[22.91114,27.20221,0,[84.5595,27.9993]]],[250,[21.66735,25.9032,0,[83.99934,28.44115]]],[245,[21.68402,21.84447,0,[83.1591,29.99923]]],[260,[23.88322,22.45657,0,[82.99925,30.3173]]],[234,[22.34035,26.51754,0,[84.28689,27.99924]]],[264,[23.19091,24.12845,0,[83.97055,29.9994]]],[26,[20.27893,16.48779,0,[85.3243,25.99932]]],[266,[24.06967,26.47542,0,[83.99931,28.51068]]],[226,[21.07887,19.20778,0,[82.99937,31.47392]]],[224,[23.02597,18.64154,0,[82.28814,31.999]]],[242,[24.22666,19.86885,0,[82.99937,31.29262]]],[198,[22.76914,25.75414,0,[84.99925,27.13158]]],[262,[24.59531,23.39353,0,[83.14581,29.99927]]],[68,[21.49069,19.74129,0,[84.99929,26.91167]]],[166,[17.33708,14.09784,0,[81.40255,32.999]]],[265,[23.85422,24.91773,0,[83.99934,29.84812]]],[205,[25.18313,17.91846,0,[82.23585,31.9991]]],[184,[18.7751,14.79294,0,[81.56456,32.99949]]],[98,[22.51954,21.07009,0,[84.99938,26.4276]]],[277,[25.2945,24.59516,0,[83.11238,29.99926]]],[275,[26.30756,23.32311,0,[82.99928,30.3273]]],[276,[26.90436,24.11101,0,[83.40582,29.9992]]],[259,[25.07256,21.1396,0,[82.99956,31.31549]]],[145,[18.9524,22.64323,0,[84.99931,26.30605]]],[281,[24.84042,27.88351,0,[83.99937,28.15489]]],[297,[25.29534,28.15203,0,[83.99933,29.40225]]],[252,[23.5857,27.12152,0,[84.87458,27.99928]]],[169,[16.57652,15.12495,0,[82.66348,31.99904]]],[293,[27.31295,25.69462,0,[83.99931,29.75426]]],[279,[26.20323,25.60408,0,[83.99931,29.84371]]],[280,[24.70808,26.47174,0,[83.99937,29.42261]]],[180,[21.59031,24.5505,0,[84.99936,27.96213]]],[278,[25.64457,24.81408,0,[83.76199,29.99928]]],[149,[20.34002,13.64323,0,[81.77388,32.99962]]],[314,[28.04495,31.36753,0,[83.99922,28.17255]]],[236,[23.38133,28.07385,0,[84.99928,27.16942]]],[282,[25.6282,28.71099,0,[84.07319,27.99926]]],[313,[27.05602,29.83054,0,[83.99926,29.04957]]],[116,[13.04952,11.19974,0,[82.23247,31.99909]]],[283,[26.10748,28.99798,0,[83.9992,28.72779]]],[130,[21.3391,22.73033,0,[85.01533,25.99928]]],[308,[28.04869,26.45112,0,[83.43521,29.99931]]],[299,[27.40221,30.82965,0,[84.40405,27.99932]]],[237,[24.52257,29.45363,0,[84.99939,26.53043]]],[241,[26.68211,18.82436,0,[82.96758,31.99902]]],[298,[26.85274,29.87287,0,[83.99934,28.22414]]],[292,[27.52534,25.19342,0,[82.99928,30.25717]]],[270,[25.92771,29.72783,0,[84.78874,27.99933]]],[39,[22.05193,17.8127,0,[85.33425,25.99935]]],[300,[28.5009,32.33155,0,[84.42341,27.99929]]],[204,[24.19766,17.63608,0,[82.2252,31.99924]]],[219,[27.5846,28.44101,0,[84.99928,27.06444]]],[307,[28.79029,26.25299,0,[82.99935,30.30712]]],[294,[28.18253,26.97369,0,[83.99928,29.07822]]],[268,[24.19728,27.65175,0,[84.8951,27.99924]]],[269,[25.02426,28.55689,0,[84.99931,27.80746]]],[323,[29.30672,27.18489,0,[83.48527,29.99923]]],[73,[5.463433,8.890968,0,[82.6136,31.99922]]],[296,[29.12107,28.36489,0,[83.99936,28.19043]]],[312,[29.32751,28.96639,0,[83.99937,29.05925]]],[311,[29.76842,27.53085,0,[83.86761,29.99928]]],[6,[23.34312,14.73542,0,[85.21098,25.99934]]],[284,[26.77866,30.18657,0,[84.99935,27.72356]]],[257,[28.00751,20.25251,0,[82.99932,31.89469]]],[291,[26.51858,23.99055,0,[82.99939,31.24453]]],[295,[28.45237,26.41251,0,[83.99934,29.8839]]],[331,[30.08323,33.11742,0,[83.99927,28.67473]]],[218,[24.18356,28.24005,0,[85.01903,25.99933]]],[301,[28.79738,33.86624,0,[84.99928,27.12764]]],[285,[27.93386,31.7454,0,[84.99934,27.60645]]],[273,[29.0565,22.2383,0,[82.9994,31.05738]]],[290,[30.04148,24.48781,0,[82.99933,30.56518]]],[71,[6.513851,8.272804,0,[81.99954,32.14258]]],[328,[30.43643,29.35698,0,[83.99928,29.5772]]],[220,[28.73392,30.20969,0,[84.99929,26.09406]]],[254,[25.81746,29.83942,0,[84.99924,27.02416]]],[272,[29.31438,21.40282,0,[82.87259,31.99925]]],[347,[32.10969,35.55052,0,[83.99924,28.38697]]],[147,[26.5036,24.81741,0,[84.99921,27.09515]]],[185,[22.26713,15.91511,0,[81.99903,32.76998]]],[329,[31.16308,30.43848,0,[83.99928,29.17837]]],[253,[25.0521,28.93116,0,[84.99934,26.6837]]],[315,[29.71628,32.62275,0,[84.4898,27.99923]]],[306,[30.91187,25.81843,0,[83.18711,29.99922]]],[324,[32.26302,27.51468,0,[83.11241,29.99937]]],[14,[27.38553,16.11233,0,[85.02382,25.9993]]],[346,[30.99,34.09296,0,[83.99928,28.09552]]],[225,[21.80339,18.52823,0,[82.70988,31.99914]]],[332,[30.21379,34.57714,0,[84.7907,27.99932]]],[199,[26.55624,27.51169,0,[85.28922,25.99936]]],[309,[31.3574,26.6567,0,[83.83615,29.99918]]],[310,[32.23184,27.72986,0,[83.99924,29.34071]]],[255,[31.00716,32.1444,0,[84.99924,27.69344]]],[148,[23.95797,13.4761,0,[81.61166,32.99912]]],[316,[29.13311,33.8683,0,[84.99935,27.70869]]],[201,[30.09532,29.39844,0,[84.99924,27.0231]]],[325,[32.57906,27.69745,0,[83.76095,29.99929]]],[317,[31.60476,35.47119,0,[84.30668,27.9993]]],[322,[33.38274,26.61497,0,[83.10909,29.99931]]],[84,[25.74853,21.14899,0,[85.20924,25.99934]]],[100,[12.52908,10.26208,0,[81.4314,32.999]]],[54,[30.88134,20.29828,0,[84.99925,26.77578]]],[341,[34.0719,29.72971,0,[83.99934,28.98842]]],[181,[28.09044,26.91826,0,[85.31105,25.99937]]],[330,[33.02194,31.73493,0,[83.99924,28.70364]]],[326,[33.29549,28.44819,0,[83.99928,29.38263]]],[289,[31.28438,24.32761,0,[82.99942,30.6815]]],[356,[34.88147,31.68372,0,[83.99928,28.40251]]],[182,[32.02954,28.92781,0,[84.99924,27.7929]]],[348,[32.75437,37.19811,0,[84.10489,27.99935]]],[288,[30.18988,22.76556,0,[82.99938,31.49422]]],[360,[33.20137,34.45179,0,[84.71955,27.99934]]],[200,[29.98781,28.7693,0,[84.99935,26.00795]]],[321,[33.58567,25.48127,0,[82.99931,31.0883]]],[338,[33.84286,28.1197,0,[83.46088,29.99927]]],[287,[30.67112,22.65645,0,[82.6243,31.99917]]],[238,[32.81669,33.23093,0,[84.99925,27.4353]]],[115,[31.73499,24.18567,0,[84.99928,27.15058]]],[339,[34.24913,28.02545,0,[83.99926,29.88559]]],[342,[34.34531,30.84167,0,[84.58033,27.99925]]],[114,[30.59923,23.10576,0,[85.33108,25.99936]]],[340,[35.03939,29.08851,0,[83.99918,29.31791]]],[183,[25.9806,16.00078,0,[81.41727,32.9994]]],[337,[34.50262,27.1497,0,[82.99928,30.42287]]],[327,[33.97863,30.10434,0,[84.05035,27.99929]]],[343,[35.52784,31.74177,0,[84.11714,27.99936]]],[271,[33.64307,35.00597,0,[84.99927,26.74354]]],[303,[32.13139,23.92418,0,[82.99949,31.14124]]],[131,[29.28771,24.55589,0,[85.27811,25.99937]]],[304,[33.64137,23.50453,0,[82.56937,31.99919]]],[375,[34.84137,36.54007,0,[84.9993,27.76636]]],[371,[36.41708,32.60258,0,[83.99928,28.98431]]],[352,[35.93777,28.84051,0,[82.99942,30.16882]]],[240,[33.00084,21.25732,0,[82.22083,31.99923]]],[355,[36.06119,31.44891,0,[83.99931,28.18829]]],[163,[31.67883,26.47184,0,[84.99926,26.05616]]],[362,[34.73157,37.65347,0,[84.99935,26.78029]]],[164,[32.78455,28.8988,0,[84.99927,26.37931]]],[354,[35.57693,29.32762,0,[83.99939,29.81231]]],[319,[35.46788,24.9233,0,[82.99967,31.68742]]],[357,[36.46932,32.42028,0,[84.53458,27.9993]]],[222,[27.47035,18.71355,0,[82.18697,31.99906]]],[353,[35.31837,29.68086,0,[83.10169,29.99943]]],[388,[35.57609,38.33164,0,[84.99921,27.0976]]],[344,[37.18386,32.89241,0,[83.9992,28.28767]]],[336,[36.98274,27.49012,0,[82.99941,30.3534]]],[363,[33.9211,39.46967,0,[84.9993,27.40825]]],[382,[36.91418,32.38235,0,[83.99931,29.63026]]],[376,[35.92305,38.66663,0,[84.99937,27.661]]],[387,[37.58954,36.82613,0,[84.59826,27.99934]]],[221,[31.97054,19.0725,0,[82.26797,31.99902]]],[369,[36.3673,30.8838,0,[83.54456,29.99926]]],[69,[32.28691,21.23067,0,[85.21344,25.99937]]],[345,[36.92347,33.32265,0,[84.99928,27.67146]]],[403,[38.729,34.71601,0,[83.49448,29.9993]]],[372,[38.52274,33.59117,0,[83.99924,28.27192]]],[320,[34.49638,25.19047,0,[82.99949,31.49119]]],[367,[37.51276,30.11382,0,[83.51416,29.99923]]],[407,[38.1419,39.90413,0,[84.99923,27.73036]]],[373,[37.76319,34.13832,0,[83.99928,28.82519]]],[333,[34.46303,38.02467,0,[85.21548,25.99926]]],[359,[37.88549,34.98138,0,[84.99925,26.82896]]],[377,[36.41261,41.56419,0,[85.02206,25.99928]]],[350,[38.17986,28.73277,0,[82.99926,30.32177]]],[370,[38.904,32.53691,0,[83.99926,28.84992]]],[368,[38.04342,31.16942,0,[83.99925,29.73571]]],[286,[37.16269,23.72707,0,[82.99941,31.20621]]],[383,[39.35547,33.29022,0,[83.99936,29.22871]]],[394,[39.59512,33.54109,0,[83.99947,29.97099]]],[358,[38.75494,33.34292,0,[84.85425,27.99934]]],[398,[39.35798,39.38337,0,[84.99934,26.4952]]],[384,[40.12481,34.32974,0,[84.34901,27.9994]]],[351,[39.46368,29.67834,0,[82.99943,30.15712]]],[366,[38.16769,29.20449,0,[82.9994,31.4205]]],[389,[36.7863,40.0691,0,[84.99928,26.65409]]],[385,[39.46552,34.96249,0,[84.53499,27.99923]]],[395,[40.72044,35.4934,0,[83.99933,28.30761]]],[399,[37.57777,42.36341,0,[84.99921,26.16785]]],[380,[40.28775,31.683,0,[83.96485,29.99925]]],[239,[36.2104,20.27038,0,[82.50745,31.99906]]],[391,[40.11281,31.9922,0,[82.99934,30.44368]]],[406,[40.00859,39.94713,0,[84.99921,26.66157]]],[374,[38.75572,38.0182,0,[84.99925,26.22032]]],[396,[41.41531,36.39639,0,[83.99929,28.35681]]],[379,[38.65388,29.5701,0,[82.87612,31.99911]]],[401,[41.89329,36.45041,0,[83.99937,29.30206]]],[365,[39.58619,28.48355,0,[82.39621,31.999]]],[361,[35.52259,38.54575,0,[85.08731,25.99932]]],[386,[40.50928,36.4006,0,[84.9992,27.20062]]],[335,[37.1493,26.46881,0,[82.29352,31.99901]]],[378,[40.73244,31.10115,0,[82.99969,30.71786]]],[405,[41.98624,37.73117,0,[84.63968,27.99925]]],[402,[41.72152,35.08586,0,[82.9994,30.22829]]],[202,[34.90904,19.10855,0,[81.72086,32.99922]]],[392,[40.60078,32.59679,0,[82.62492,31.99901]]],[99,[33.38602,22.97972,0,[85.23748,25.99931]]],[381,[40.97419,31.60047,0,[83.94386,29.99905]]],[393,[41.50327,31.95302,0,[82.99956,31.76178]]],[334,[38.26594,26.42529,0,[82.05785,31.99916]]],[349,[39.67298,26.96451,0,[81.905,32.99914]]],[203,[30.17973,17.33291,0,[81.99902,32.46519]]],[400,[42.69383,34.46093,0,[82.99951,30.99779]]],[397,[41.12487,36.16681,0,[84.9993,27.54043]]],[134,[11.75194,12.71666,0,[82.66599,31.99911]]],[318,[36.72392,24.39446,0,[81.55545,32.99932]]],[165,[28.78624,15.45489,0,[82.28638,31.999]]],[404,[42.39491,36.64009,0,[83.53011,29.99922]]],[305,[32.60796,23.89242,0,[82.99971,31.66876]]],[390,[42.61479,32.64937,0,[82.01897,31.99907]]],[187,[19.49106,16.20141,0,[82.27198,31.99901]]],[258,[27.78107,21.12878,0,[82.99935,31.07344]]],[302,[34.95547,23.08648,0,[82.16688,31.999]]],[223,[26.41481,18.87628,0,[82.02618,31.99913]]],[104,[9.39018,12.52145,0,[82.99934,30.36383]]],[170,[15.45072,15.6405,0,[82.99944,31.70156]]],[256,[31.74599,20.75996,0,[81.41569,32.999]]],[167,[15.95367,14.8772,0,[82.17265,31.99907]]],[364,[41.33132,29.15901,0,[81.9996,32.50446]]],[206,[21.20732,17.42728,0,[82.09379,31.99916]]],[117,[11.21251,10.97701,0,[81.99913,32.52315]]],[207,[20.19968,17.31285,0,[82.72993,31.99916]]],[118,[10.15302,11.5069,0,[82.46358,31.99918]]],[274,[25.45109,21.34399,0,[82.99942,31.97836]]]
1:[27,[17.64533,35.12176,0,[53.999,26.45518]]],[41,[18.59881,35.6494,0,[53.99902,27.23802]]],[42,[19.29507,36.56243,0,[53.99905,27.18977]]],[43,[19.67228,38.27829,0,[53.99902,26.32721]]],[28,[18.53346,36.55311,0,[53.8281,26.00012]]],[29,[19.59373,38.55941,0,[52.99902,25.89837]]],[30,[20.30627,40.23335,0,[52.99904,25.27153]]],[57,[20.16671,37.93165,0,[53.99911,27.42067]]],[17,[19.22855,38.31531,0,[52.99902,24.64613]]],[16,[18.61567,37.21135,0,[52.999,24.82815]]],[44,[20.38317,39.81582,0,[53.75914,26.00028]]],[31,[20.95928,41.55131,0,[52.99901,24.79948]]],[18,[19.85677,39.58076,0,[52.99901,24.31774]]],[32,[21.73025,42.83611,0,[52.99903,24.55595]]],[19,[20.55005,41.02895,0,[52.99902,23.86242]]],[7,[19.23503,38.43911,0,[52.99901,23.2119]]],[20,[21.32714,42.37181,0,[52.99903,23.52714]]],[8,[19.9068,39.74577,0,[52.99901,22.95129]]],[45,[21.46832,41.83251,0,[52.99907,25.71335]]],[74,[21.42469,40.802,0,[53.99905,26.47181]]],[9,[20.60626,41.16495,0,[52.99901,22.5649]]],[60,[22.1402,42.86699,0,[52.99908,25.62706]]],[61,[22.07347,42.32032,0,[53.99909,26.37242]]],[76,[22.67941,42.35247,0,[53.999,26.56474]]],[47,[22.82092,43.93258,0,[52.99903,25.23363]]],[10,[21.33429,42.5271,0,[52.99903,22.23808]]],[0,[20.50023,40.97665,0,[51.99902,21.68341]]],[62,[23.40346,44.54961,0,[52.99904,25.66016]]],[90,[23.27131,42.33695,0,[53.99906,26.61662]]],[46,[22.39318,43.49049,0,[52.99903,24.25604]]],[34,[23.16386,45.10289,0,[52.99905,23.89758]]],[77,[23.99396,44.70239,0,[52.99902,25.73707]]],[106,[24.58987,44.95308,0,[53.55941,26.00022]]],[1,[21.32727,42.59618,0,[51.99903,21.30099]]],[48,[23.70481,45.11694,0,[52.99902,24.61748]]],[91,[24.4948,45.54595,0,[52.99902,25.08648]]],[33,[22.79102,44.71909,0,[52.99901,22.7695]]],[105,[23.88095,43.32895,0,[53.99901,26.48586]]],[21,[22.08788,43.76728,0,[52.99903,23.1095]]],[63,[24.2005,46.0689,0,[52.999,23.9828]]],[22,[23.45282,45.23388,0,[52.99902,22.47901]]],[92,[25.21958,46.7341,0,[52.99907,24.95295]]],[59,[20.8174,40.13138,0,[53.99901,26.47158]]],[11,[22.49535,44.53934,0,[52.46402,22.00024]]],[108,[26.19616,47.33739,0,[52.9991,25.89916]]],[78,[24.87299,46.80481,0,[52.99901,23.8109]]],[2,[22.24574,44.0154,0,[51.99904,21.00555]]],[102,[26.28475,41.6195,0,[53.99904,26.70175]]],[23,[24.01688,45.64563,0,[52.999,22.83767]]],[107,[25.41296,46.12445,0,[53.37349,26.00039]]],[79,[25.77596,47.98902,0,[52.99902,23.55454]]],[12,[23.68059,46.36963,0,[51.99902,21.33538]]],[103,[27.33409,43.97654,0,[52.99906,25.47646]]],[121,[26.73,45.67319,0,[52.99902,25.71921]]],[49,[24.69431,46.8746,0,[52.99901,22.59256]]],[86,[26.5081,39.91552,0,[53.99905,27.80651]]],[93,[25.93878,47.60831,0,[52.99902,24.69761]]],[122,[27.38447,46.97493,0,[52.99905,24.33586]]],[94,[26.82064,47.80384,0,[52.99901,24.64786]]],[64,[25.59275,48.32241,0,[52.99903,22.3283]]],[101,[26.83857,40.7211,0,[53.999,26.37093]]],[120,[27.91428,45.34422,0,[52.999,25.86701]]],[80,[26.5988,48.12463,0,[52.99901,23.57276]]],[3,[24.73117,44.71062,0,[51.999,21.40317]]],[95,[27.29177,49.65989,0,[52.99904,23.08267]]],[87,[25.34011,40.19589,0,[53.99907,27.78341]]],[13,[25.45162,47.05756,0,[51.99905,21.57672]]],[138,[28.31688,47.5863,0,[52.99903,25.16144]]],[123,[27.92585,47.55676,0,[52.999,24.17196]]],[50,[26.49571,47.66144,0,[52.99901,22.45517]]],[137,[28.49456,45.70834,0,[53.47312,26.00027]]],[154,[29.30391,47.43068,0,[52.99905,25.94303]]],[24,[26.22304,49.05017,0,[51.99907,21.29361]]],[125,[28.50885,50.04698,0,[52.99905,23.3704]]],[109,[27.84145,48.77816,0,[52.999,22.93462]]],[65,[27.57063,49.62902,0,[52.40386,22.00028]]],[40,[20.92192,34.98957,0,[53.99901,27.57488]]],[119,[27.82691,42.8221,0,[53.999,26.56015]]],[124,[28.71784,48.77416,0,[52.99905,24.54182]]],[110,[28.23282,50.57497,0,[52.99905,22.12879]]],[153,[29.70506,46.08738,0,[53.99902,26.38447]]],[155,[29.82449,48.69608,0,[52.99902,25.62791]]],[25,[27.03184,49.35723,0,[51.99905,21.49361]]],[140,[29.88396,49.75877,0,[52.99902,24.49755]]],[4,[28.00295,46.32708,0,[51.99907,21.02659]]],[139,[29.2952,48.28782,0,[52.99902,24.77238]]],[136,[29.16793,44.0055,0,[53.99905,26.64856]]],[156,[30.43813,49.62019,0,[52.99905,25.46419]]],[141,[30.50572,50.69304,0,[52.99903,24.32164]]],[126,[29.38,51.00234,0,[52.99902,23.70746]]],[111,[29.10646,51.45085,0,[52.99903,22.61856]]],[72,[29.14297,38.51727,0,[53.99912,27.70718]]],[35,[27.10023,49.25349,0,[51.99912,20.39456]]],[135,[31.03277,45.47769,0,[53.6274,26.00043]]],[142,[31.13035,51.88659,0,[52.99905,23.9372]]],[127,[30.08493,51.88159,0,[52.99903,23.36773]]],[96,[30.02809,51.48969,0,[52.99903,22.24937]]],[171,[30.26252,47.65836,0,[53.99905,26.23185]]],[210,[31.9469,50.652,0,[53.99901,26.27488]]],[172,[31.03243,50.29292,0,[52.99909,25.09568]]],[81,[29.52806,51.64561,0,[51.99903,21.72058]]],[51,[28.69922,50.30452,0,[51.99905,21.28353]]],[128,[30.78555,52.8823,0,[52.99902,22.85922]]],[150,[31.46608,44.22363,0,[53.99902,26.70978]]],[168,[31.88962,47.69333,0,[52.99902,25.77892]]],[67,[30.46773,52.50908,0,[51.99903,21.37527]]],[152,[32.31073,48.3129,0,[52.99905,25.11287]]],[157,[31.72045,51.29881,0,[52.99901,23.50831]]],[159,[32.91488,53.01146,0,[52.99902,24.54397]]],[36,[29.01504,50.15997,0,[51.99906,20.447]]],[191,[31.69499,51.49712,0,[52.99902,24.67088]]],[82,[31.36836,52.42918,0,[51.99906,21.92558]]],[75,[22.64613,41.31124,0,[53.99905,27.78784]]],[173,[32.31823,51.73899,0,[52.99904,23.90463]]],[56,[29.82096,36.81242,0,[53.99901,27.55967]]],[66,[29.8115,52.25359,0,[51.99904,20.66825]]],[175,[33.56628,52.74529,0,[52.99902,24.32116]]],[112,[31.46638,52.62109,0,[52.99901,22.38509]]],[211,[33.2394,50.83875,0,[53.99905,26.46594]]],[158,[32.88083,53.06641,0,[52.99902,23.34818]]],[174,[32.87816,51.48139,0,[52.99903,25.73365]]],[190,[32.66904,48.68706,0,[53.99903,26.56937]]],[143,[32.16877,53.76914,0,[52.99905,22.53092]]],[194,[34.24335,54.4883,0,[52.99904,24.03227]]],[192,[33.42578,51.68612,0,[52.99906,25.63665]]],[5,[30.80527,48.26783,0,[51.99903,20.49327]]],[144,[32.87014,55.09138,0,[52.99901,22.1011]]],[151,[30.8858,44.56149,0,[53.99905,27.01941]]],[189,[33.77001,48.03922,0,[53.99901,26.14079]]],[193,[33.96057,52.70609,0,[52.99901,25.27644]]],[52,[31.61888,51.85147,0,[51.9991,20.79133]]],[132,[34.39205,42.74564,0,[53.99906,27.06135]]],[228,[35.4858,52.38782,0,[52.99907,25.80405]]],[212,[34.58385,53.37627,0,[52.99904,25.12834]]],[38,[32.40525,51.63649,0,[51.99906,21.4562]]],[85,[33.29926,39.3208,0,[53.9991,27.74487]]],[161,[34.27333,55.38608,0,[52.99903,22.83351]]],[176,[33.58527,54.40988,0,[52.99901,23.16026]]],[231,[35.78185,55.61518,0,[52.99903,24.63504]]],[213,[34.84885,55.08574,0,[52.99901,23.61375]]],[209,[34.54782,49.94511,0,[53.72028,26.00028]]],[58,[21.7549,38.6333,0,[53.99905,27.64653]]],[214,[35.52797,56.00324,0,[52.99903,23.52787]]],[160,[33.83212,55.40778,0,[52.62,22.00016]]],[37,[33.13306,51.21891,0,[51.99906,20.99428]]],[215,[36.22293,56.72517,0,[52.99906,23.63438]]],[133,[30.4167,43.69553,0,[53.99907,27.47568]]],[230,[35.18821,54.68604,0,[52.99906,24.65816]]],[188,[35.54775,47.17393,0,[53.99901,26.45008]]],[195,[35.5453,56.11767,0,[52.99903,22.39708]]],[216,[37.06954,57.75648,0,[52.9991,24.64429]]],[229,[36.20418,53.46964,0,[52.9991,25.68381]]],[177,[34.93505,55.6988,0,[52.99901,22.44788]]],[113,[34.89245,55.34124,0,[51.99903,21.86834]]],[186,[34.95682,46.65767,0,[53.999,26.54672]]],[97,[33.99715,54.81076,0,[51.99902,20.80199]]],[217,[37.74449,58.82185,0,[52.99903,24.64288]]],[197,[36.82757,57.66353,0,[52.99904,23.46923]]],[232,[36.49153,56.53635,0,[52.99906,24.794]]],[196,[36.14298,56.79095,0,[52.99905,22.47553]]],[70,[35.00719,37.8597,0,[53.99918,27.60568]]],[179,[37.60544,57.53083,0,[52.99903,23.49346]]],[247,[36.86193,54.99329,0,[52.99906,25.91444]]],[248,[38.09045,56.10859,0,[52.9991,25.73344]]],[129,[34.87606,56.84081,0,[51.99905,20.68417]]],[178,[36.60779,58.28656,0,[51.99906,21.63504]]],[208,[36.12665,49.05601,0,[53.99911,26.47821]]],[233,[37.42822,57.63319,0,[52.9991,25.91607]]],[246,[38.6766,54.59859,0,[52.99902,25.47204]]],[83,[35.76408,54.58921,0,[51.99904,21.52161]]],[89,[27.19542,41.16362,0,[53.9991,27.44211]]],[162,[36.79675,57.20155,0,[52.99904,22.24562]]],[249,[38.34537,57.1539,0,[52.99902,24.41656]]],[261,[38.61367,53.12345,0,[53.99901,26.1723]]],[15,[35.95377,50.87214,0,[51.99908,20.45521]]],[263,[39.33024,56.4008,0,[52.99905,25.3263]]],[88,[24.84717,41.70094,0,[53.99903,26.76148]]],[227,[36.81422,51.09065,0,[53.99904,26.6777]]],[251,[39.04866,59.11079,0,[52.99905,24.16042]]],[146,[37.53337,57.18002,0,[52.99903,22.2964]]],[243,[39.19898,51.26805,0,[53.99906,26.55401]]],[267,[39.98009,59.59074,0,[52.99903,24.77992]]],[244,[38.02047,51.37166,0,[53.9991,26.38156]]],[53,[37.48602,53.58346,0,[51.99908,21.46564]]],[55,[31.82261,36.47736,0,[53.999,27.61822]]],[235,[39.72557,60.41555,0,[52.99903,23.67489]]],[250,[38.33969,58.75891,0,[52.99902,23.29197]]],[245,[37.44322,52.44579,0,[53.99905,26.66188]]],[260,[40.53725,54.48117,0,[52.99907,25.68444]]],[234,[39.01035,59.6291,0,[52.99905,22.87696]]],[264,[39.92619,56.89168,0,[52.99903,25.85831]]],[26,[38.15497,52.09539,0,[51.99905,21.16599]]],[266,[40.65067,59.23725,0,[52.99903,24.32714]]],[226,[38.19861,49.93799,0,[53.99915,27.63854]]],[224,[40.45238,49.59693,0,[53.99903,26.68395]]],[242,[41.69677,51.72786,0,[52.99902,25.77245]]],[198,[39.6988,59.52233,0,[52.99903,22.55294]]],[262,[41.09998,55.14343,0,[52.99905,25.71574]]],[68,[38.33861,53.32404,0,[52.99902,22.06632]]],[166,[38.74274,45.12685,0,[53.99902,27.32013]]],[265,[41.22371,57.95625,0,[52.99903,24.63322]]],[205,[41.63888,48.2465,0,[53.99901,26.49722]]],[184,[41.01474,45.49535,0,[53.99906,26.55007]]],[98,[40.38591,56.38677,0,[51.99908,21.88255]]],[277,[41.90297,56.39373,0,[52.99902,24.78466]]],[275,[42.32137,53.68765,0,[53.99906,26.49271]]],[276,[43.03965,55.373,0,[53.60741,26.0004]]],[259,[42.39438,53.44427,0,[52.99909,25.87872]]],[145,[36.82454,58.20829,0,[51.99905,20.51485]]],[281,[41.46222,60.58052,0,[52.99902,22.65499]]],[297,[42.15327,61.08313,0,[52.99907,23.73869]]],[252,[40.60432,60.96589,0,[52.99903,23.15433]]],[169,[33.87413,45.68127,0,[53.99902,27.38918]]],[293,[43.99765,58.22269,0,[52.99902,25.68198]]],[279,[43.12686,58.3715,0,[52.99908,25.0496]]],[280,[41.53161,59.25427,0,[52.99902,23.77393]]],[180,[39.58401,60.14502,0,[51.99905,21.79933]]],[278,[42.5446,57.5047,0,[52.99908,24.92996]]],[149,[39.8642,45.37657,0,[53.99902,26.52179]]],[314,[44.33088,63.72575,0,[52.99903,24.58128]]],[236,[40.84336,62.82127,0,[52.4021,22.00021]]],[282,[42.18144,61.56907,0,[52.99907,22.65376]]],[313,[43.62831,62.43004,0,[52.99902,24.68639]]],[116,[41.03664,41.91078,0,[53.99912,27.63025]]],[283,[42.78786,61.81213,0,[52.99904,23.8368]]],[130,[38.88361,57.67014,0,[51.99902,20.91632]]],[308,[43.99277,57.19342,0,[53.99902,26.40718]]],[299,[44.23297,63.92298,0,[52.99904,23.45675]]],[237,[42.37365,64.80174,0,[51.99908,21.84486]]],[241,[44.37044,49.51756,0,[53.99908,27.55414]]],[298,[43.46742,62.60359,0,[52.99902,23.52464]]],[292,[43.41677,55.45156,0,[53.99902,26.63396]]],[270,[42.92147,63.50941,0,[52.99903,22.67285]]],[39,[39.99446,53.6032,0,[51.99906,20.60358]]],[300,[44.98641,65.07953,0,[52.99902,24.1433]]],[204,[41.69601,47.38837,0,[53.99902,27.60501]]],[219,[44.69822,62.54442,0,[52.76756,22.00023]]],[307,[44.56956,56.77948,0,[53.99903,26.3759]]],[294,[44.64114,59.36188,0,[52.99903,25.66769]]],[268,[41.77316,62.6427,0,[51.99901,21.69626]]],[269,[42.9538,63.85328,0,[51.99905,21.85039]]],[323,[45.80375,59.14376,0,[52.99906,25.95734]]],[73,[23.72134,39.09347,0,[53.99902,27.68632]]],[296,[45.62589,60.93584,0,[52.99903,23.61007]]],[312,[45.79876,61.48641,0,[52.99903,24.74913]]],[311,[46.35356,59.936,0,[52.99903,24.27099]]],[6,[41.20783,50.30979,0,[51.99905,20.77591]]],[284,[43.86723,64.18883,0,[52.99902,22.38592]]],[257,[45.17296,51.06627,0,[53.99907,26.6585]]],[291,[42.95171,54.58118,0,[53.99907,27.29163]]],[295,[45.19551,59.26433,0,[52.99911,25.36147]]],[331,[46.85528,65.54004,0,[52.999,23.52222]]],[218,[42.12522,63.82808,0,[51.99908,20.48114]]],[301,[45.5836,67.2883,0,[52.99903,22.47615]]],[285,[44.94255,65.37737,0,[52.99902,22.97613]]],[273,[46.35123,53.97408,0,[52.99911,25.57593]]],[290,[46.89224,56.20721,0,[52.999,25.56573]]],[71,[24.42999,38.58556,0,[53.99911,27.54338]]],[328,[47.07555,61.98259,0,[52.99909,24.61312]]],[220,[46.16774,64.85612,0,[51.99909,21.71635]]],[254,[43.66152,65.13404,0,[51.99908,21.95112]]],[272,[46.45269,52.19305,0,[53.99902,26.67106]]],[347,[48.32722,67.81118,0,[52.99905,24.59752]]],[147,[44.42434,60.08562,0,[51.99907,21.63718]]],[185,[45.81307,46.5806,0,[53.999,26.4977]]],[329,[47.64651,62.8841,0,[52.99903,24.72148]]],[253,[42.95084,64.53469,0,[51.99905,20.54316]]],[315,[46.36216,65.67983,0,[52.99901,22.87274]]],[306,[47.17262,56.79929,0,[53.53818,26.00041]]],[324,[47.95798,57.76639,0,[53.99901,26.33291]]],[14,[45.38735,51.23694,0,[51.9991,21.27094]]],[346,[47.59301,66.49545,0,[52.99903,23.59283]]],[225,[39.57408,49.27043,0,[53.99908,27.75986]]],[332,[47.16326,68.11235,0,[52.99905,22.53747]]],[199,[44.62213,63.38963,0,[51.99909,20.56219]]],[309,[47.98945,59.03066,0,[52.99903,25.76481]]],[310,[48.70296,60.04324,0,[52.99905,25.66025]]],[255,[47.94562,65.91336,0,[52.99902,22.43314]]],[148,[46.5603,43.76001,0,[53.99903,27.79971]]],[316,[46.87957,68.94012,0,[51.99902,21.86683]]],[201,[47.6199,64.28378,0,[51.99905,21.72152]]],[325,[48.69112,58.70872,0,[53.99902,26.14528]]],[317,[48.34689,68.27583,0,[52.99905,23.49883]]],[322,[49.74173,58.1798,0,[52.99907,25.92641]]],[84,[43.82831,56.95751,0,[51.99908,20.60635]]],[100,[45.80878,43.18115,0,[53.999,27.61492]]],[54,[48.45349,55.32108,0,[51.99906,21.65059]]],[341,[50.60281,62.40504,0,[52.99903,24.02973]]],[181,[45.94949,62.42843,0,[51.99905,20.42805]]],[330,[49.24117,63.89068,0,[52.99907,24.96794]]],[326,[49.88681,61.16578,0,[52.99904,24.68754]]],[289,[47.43892,54.66783,0,[53.99907,26.78545]]],[356,[51.21077,64.08416,0,[52.99905,23.69123]]],[182,[49.03309,62.51069,0,[52.99908,22.75136]]],[348,[48.96459,69.51202,0,[52.999,23.81847]]],[288,[47.22532,53.39271,0,[53.99908,27.69358]]],[360,[49.8505,67.60746,0,[52.99904,23.56363]]],[200,[47.81113,64.01439,0,[51.99906,20.63824]]],[321,[49.80224,56.27465,0,[53.95946,26.00013]]],[338,[50.47576,60.29511,0,[52.99907,25.28245]]],[287,[48.52581,53.29754,0,[53.99903,27.14996]]],[238,[49.64063,66.81651,0,[52.99904,22.40346]]],[115,[49.22755,59.0758,0,[51.99907,21.97745]]],[339,[51.03186,60.56131,0,[52.99908,24.99821]]],[342,[51.16631,64.28481,0,[52.99904,22.47119]]],[114,[48.66426,58.9101,0,[51.99908,20.56518]]],[340,[51.64103,61.40913,0,[52.99904,24.70856]]],[183,[49.17765,46.61722,0,[53.9991,27.73153]]],[337,[50.69644,57.92522,0,[53.65118,26.00027]]],[327,[50.46032,62.85166,0,[52.99903,22.87568]]],[343,[52.27708,64.13701,0,[52.99906,24.52546]]],[271,[50.95352,69.55764,0,[51.99903,21.93474]]],[303,[49.35233,54.48761,0,[53.99907,26.76715]]],[131,[46.92147,59.68567,0,[51.99902,20.6026]]],[304,[51.07329,53.93111,0,[53.9991,26.60362]]],[375,[51.80067,70.21492,0,[52.99902,23.4648]]],[371,[52.86954,65.23497,0,[52.99903,24.19198]]],[352,[51.78013,59.35125,0,[53.99903,26.63708]]],[240,[50.3147,51.51131,0,[53.99907,26.85088]]],[355,[52.46725,64.11113,0,[52.99904,23.15755]]],[163,[49.49327,61.65979,0,[51.9991,20.93796]]],[362,[51.80668,71.55545,0,[52.99902,22.18448]]],[164,[50.23635,63.69615,0,[51.99908,21.6853]]],[354,[52.204,62.11972,0,[52.99907,25.64478]]],[319,[52.23298,56.12336,0,[53.99905,26.08843]]],[357,[53.1874,65.72135,0,[52.99904,22.80873]]],[222,[50.92459,48.68153,0,[53.999,27.59685]]],[353,[51.6552,61.049,0,[52.99907,25.90486]]],[388,[52.73567,72.54948,0,[52.40347,22.00028]]],[344,[53.51487,65.34702,0,[52.99904,23.92965]]],[336,[52.96284,57.8347,0,[53.99902,26.10826]]],[363,[51.69711,74.823,0,[51.99904,21.45808]]],[382,[53.53257,64.93621,0,[52.99906,25.13459]]],[376,[53.69196,73.98561,0,[51.99905,21.89854]]],[387,[54.31033,70.02311,0,[52.99905,23.63782]]],[221,[52.69876,49.46899,0,[53.99903,27.06874]]],[369,[52.96661,63.16418,0,[52.99903,25.42214]]],[69,[50.25777,56.85884,0,[51.99911,20.48472]]],[345,[53.90255,67.11548,0,[52.99902,22.6404]]],[403,[55.2071,67.14711,0,[52.99904,24.8184]]],[372,[54.87326,65.9849,0,[52.999,23.73606]]],[320,[51.62347,55.85863,0,[53.99908,27.71982]]],[367,[54.09536,62.127,0,[52.99908,25.88672]]],[407,[55.07687,73.57217,0,[52.99904,22.56645]]],[373,[54.11921,66.57495,0,[52.99905,24.58174]]],[333,[52.32748,73.5716,0,[51.99907,20.93593]]],[359,[55.39589,69.76362,0,[51.99904,21.70596]]],[377,[54.18717,76.99551,0,[51.99918,20.68772]]],[350,[54.11967,59.12313,0,[53.99907,26.39024]]],[370,[55.54873,65.53933,0,[52.99903,23.49347]]],[368,[54.63983,63.73968,0,[52.99904,25.37477]]],[286,[53.54984,54.26716,0,[53.99902,26.80593]]],[383,[55.87606,66.03582,0,[52.99903,24.57653]]],[394,[56.45852,66.3895,0,[52.99906,25.26733]]],[358,[56.26191,68.19691,0,[52.24039,22.00024]]],[398,[57.0381,74.45782,0,[51.99905,21.45947]]],[384,[56.54013,67.03604,0,[52.99903,23.98238]]],[351,[55.71721,61.33109,0,[52.99904,25.68669]]],[366,[54.73903,60.56742,0,[53.79001,26.00018]]],[389,[54.4681,74.77717,0,[52.43257,22.00062]]],[385,[56.17014,68.26027,0,[52.99903,22.95947]]],[395,[57.26952,68.40866,0,[52.99907,23.57351]]],[399,[55.28204,77.56754,0,[51.99906,20.50254]]],[380,[57.0792,64.68018,0,[52.99908,24.66429]]],[239,[53.33234,50.69659,0,[53.99907,27.78969]]],[391,[55.78247,62.60028,0,[53.999,26.00589]]],[406,[56.81919,73.38419,0,[52.99902,22.52567]]],[374,[56.37885,73.0366,0,[51.99904,20.72225]]],[396,[57.86245,68.94846,0,[52.999,23.77244]]],[379,[55.27802,60.728,0,[53.99906,26.58758]]],[401,[58.27593,69.0209,0,[52.99903,24.88037]]],[365,[56.35553,59.15426,0,[53.99904,26.51396]]],[361,[53.16456,73.5726,0,[51.99907,20.75786]]],[386,[58.11828,71.43853,0,[51.99901,21.65164]]],[335,[54.73709,56.90376,0,[53.99902,27.14753]]],[378,[57.1268,63.04062,0,[52.9991,25.87696]]],[405,[58.61644,70.94592,0,[52.99902,23.68887]]],[402,[57.36766,65.54716,0,[53.99903,26.04694]]],[202,[55.94316,49.66644,0,[53.999,27.25142]]],[392,[57.00975,63.4242,0,[53.9991,26.80932]]],[99,[51.05444,58.18726,0,[51.99907,20.63446]]],[381,[57.68422,64.36831,0,[52.99903,25.13737]]],[393,[58.43461,64.16802,0,[53.37182,26.00034]]],[334,[55.42553,56.56668,0,[53.9991,27.82543]]],[349,[57.90967,57.79674,0,[53.999,26.80895]]],[203,[54.24514,47.82342,0,[53.99909,27.76595]]],[400,[58.75526,65.52346,0,[53.99901,26.02941]]],[397,[58.0674,69.91502,0,[52.99902,22.59224]]],[134,[28.56624,43.24566,0,[53.99903,26.95531]]],[318,[59.45724,55.16191,0,[53.99904,26.79853]]],[165,[48.03515,45.5296,0,[53.99915,27.62666]]],[404,[59.06191,69.40042,0,[52.99908,24.91075]]],[305,[50.0128,54.4591,0,[53.99916,27.61182]]],[390,[59.91252,64.44986,0,[52.99904,25.52006]]],[187,[36.45056,46.23528,0,[53.99912,27.72336]]],[258,[45.05439,51.50717,0,[53.99913,27.64128]]],[302,[56.60578,52.85263,0,[53.99904,27.6625]]],[223,[52.29121,49.21244,0,[53.99907,27.76525]]],[104,[25.67061,43.08121,0,[53.99903,26.8569]]],[170,[32.53266,46.31038,0,[53.99907,27.59384]]],[256,[57.54202,51.37432,0,[53.99903,27.80393]]],[167,[35.66134,44.91,0,[53.99902,27.58456]]],[364,[58.67492,59.62753,0,[53.99903,27.34385]]],[206,[40.2616,48.1432,0,[53.99913,27.69205]]],[117,[43.72141,42.3082,0,[53.99901,27.75167]]],[207,[37.4122,47.95662,0,[53.99915,27.80736]]],[118,[27.97274,42.00697,0,[53.999,27.59464]]],[274,[42.44358,52.01619,0,[53.99906,27.76205]]]
0:[27,[30.78827,61.29411,0,[32.33947,40.00091]]],[41,[31.30372,60.69437,0,[33.00623,40.00096]]],[42,[32.01832,61.51694,0,[33.07677,40.00099]]],[43,[32.87445,63.73901,0,[33.18034,40.00095]]],[28,[31.58734,62.54438,0,[31.99958,39.21934]]],[29,[32.62983,64.44559,0,[32.09896,40.00097]]],[30,[33.47871,66.48904,0,[32.28645,40.001]]],[57,[33.85338,62.8242,0,[33.23177,40.00092]]],[17,[32.70768,65.11255,0,[31.24969,39.00096]]],[16,[31.79859,63.51235,0,[30.99954,38.30458]]],[44,[33.92137,65.97818,0,[31.99952,39.589]]],[31,[34.60781,68.0536,0,[32.81517,40.00099]]],[18,[33.44579,66.64327,0,[31.07893,39.00096]]],[32,[35.21016,69.38245,0,[32.7058,40.00097]]],[19,[34.2084,68.25772,0,[31.27877,39.001]]],[7,[33.29099,66.4933,0,[29.9534,38.00097]]],[20,[35.0137,69.59609,0,[31.54082,39.00097]]],[8,[33.97422,67.82173,0,[30.04781,38.00089]]],[45,[36.40185,66.7262,0,[33.53417,40.001]]],[74,[36.24069,67.45141,0,[32.46843,40.001]]],[9,[34.59423,69.00857,0,[30.58662,38.00095]]],[60,[35.66745,68.82982,0,[31.57199,39.00092]]],[61,[36.97511,69.08212,0,[32.68301,40.00099]]],[76,[37.4557,68.18794,0,[33.27006,40.001]]],[47,[36.39547,70.01441,0,[31.72537,39.00099]]],[10,[35.32627,70.2371,0,[30.7494,38.00088]]],[0,[34.94462,69.81574,0,[29.15923,38.00094]]],[62,[37.69419,71.11463,0,[32.09679,40.001]]],[90,[38.09351,68.46883,0,[33.06825,40.001]]],[46,[35.97861,70.19663,0,[30.6949,38.00083]]],[34,[37.24901,72.58263,0,[31.04825,39.001]]],[77,[37.84894,70.66087,0,[31.99963,39.14383]]],[106,[38.75881,71.51009,0,[32.9611,40.001]]],[1,[35.76259,71.38207,0,[29.23424,38.00086]]],[48,[37.78993,72.14816,0,[30.99962,38.64734]]],[91,[38.52855,72.08313,0,[31.893,39.001]]],[33,[36.93948,72.86316,0,[30.09207,38.00088]]],[105,[39.56761,70.1512,0,[32.81536,40.00099]]],[21,[36.55663,72.47839,0,[29.38103,38.00093]]],[63,[38.28934,73.20849,0,[30.91518,38.001]]],[22,[37.8638,73.43105,0,[30.14777,38.00094]]],[92,[39.3115,73.06493,0,[31.64975,39.001]]],[59,[40.58405,65.81519,0,[33.53995,40.001]]],[11,[37.69885,73.75924,0,[29.15476,38.00097]]],[108,[40.30993,73.84179,0,[32.23185,40.00098]]],[78,[38.96412,73.71995,0,[30.62203,38.00082]]],[2,[37.29378,74.03725,0,[28.46604,38.00099]]],[102,[41.25916,67.68036,0,[33.16001,40.001]]],[23,[38.68992,74.69205,0,[29.70898,38.00098]]],[107,[40.88068,72.37015,0,[32.23695,40.00097]]],[79,[39.85116,75.53019,0,[30.99985,38.76242]]],[12,[38.48771,75.8545,0,[28.62759,38.00098]]],[103,[41.903,70.25317,0,[32.40371,40.00098]]],[121,[40.93287,71.31709,0,[31.85679,39.00097]]],[49,[39.42176,75.54959,0,[29.65137,38.00099]]],[86,[42.25311,65.67896,0,[33.28019,40.00099]]],[93,[40.53946,74.56933,0,[31.06941,39.00097]]],[122,[41.65629,73.79502,0,[31.49526,39.00098]]],[94,[40.7503,74.14371,0,[30.90299,38.00093]]],[64,[39.99026,76.77374,0,[30.08132,38.00095]]],[101,[42.84114,67.65421,0,[33.10572,40.001]]],[120,[42.21634,71.61708,0,[31.88689,39.001]]],[80,[40.69264,75.98212,0,[29.82877,38.00093]]],[3,[39.69767,74.51894,0,[28.43081,38.00099]]],[95,[41.46825,77.43184,0,[30.36749,38.00099]]],[87,[43.50101,66.62325,0,[33.02203,40.00099]]],[13,[40.30469,76.34127,0,[28.82228,38.00098]]],[138,[42.91795,74.11966,0,[31.59912,39.00098]]],[123,[41.93583,74.3455,0,[30.86877,38.00093]]],[50,[41.43853,76.78851,0,[29.25993,38.00098]]],[137,[43.48547,71.93047,0,[31.99991,39.0201]]],[154,[44.26194,73.52744,0,[33.03805,40.00099]]],[24,[41.12124,78.61372,0,[28.34477,38.00099]]],[125,[42.80716,77.34837,0,[30.90073,38.00099]]],[109,[42.44904,77.18565,0,[30.09111,38.001]]],[65,[42.14906,78.68356,0,[29.20143,38.001]]],[40,[45.20721,60.63103,0,[33.59884,40.001]]],[119,[45.05167,69.57574,0,[32.56251,40.001]]],[124,[44.14384,75.60304,0,[31.91268,39.001]]],[110,[43.22031,79.59605,0,[29.99324,38.001]]],[153,[45.78287,72.83859,0,[33.16606,40.001]]],[155,[45.5964,75.70498,0,[32.13356,40.001]]],[25,[42.17912,79.46272,0,[28.07777,38.001]]],[140,[44.74744,77.33979,0,[31.2438,39.001]]],[4,[43.02134,76.0548,0,[28.96783,38.001]]],[139,[43.5449,74.75655,0,[30.99979,38.08158]]],[136,[46.40756,69.96039,0,[33.28264,40.001]]],[156,[46.32524,77.07716,0,[32.17318,40.001]]],[141,[45.4868,77.97506,0,[31.28622,39.001]]],[126,[44.16889,78.78479,0,[30.18687,38.001]]],[111,[43.85094,80.25684,0,[29.35517,38.00091]]],[72,[47.14417,64.75373,0,[33.3726,40.001]]],[35,[42.62896,79.41336,0,[27.99986,37.01766]]],[135,[46.8709,72.19034,0,[32.39921,40.00099]]],[142,[45.60967,78.92224,0,[30.88493,38.00099]]],[127,[44.95765,79.75316,0,[30.24757,38.00096]]],[96,[44.83666,80.77889,0,[29.23906,38.00096]]],[171,[47.54804,75.21088,0,[32.42474,40.00099]]],[210,[47.82608,77.25255,0,[33.44567,40.001]]],[172,[46.57243,77.38269,0,[31.4702,39.001]]],[81,[44.45581,80.98146,0,[28.5845,38.00097]]],[51,[43.89686,80.25961,0,[28.16467,38.00095]]],[128,[45.97698,81.53155,0,[29.94418,38.001]]],[150,[48.13197,72.39171,0,[32.2519,40.001]]],[168,[47.22023,74.22578,0,[31.30204,39.001]]],[67,[45.50422,81.87315,0,[29.14415,38.001]]],[152,[48.54149,75.0153,0,[33.16987,40.001]]],[157,[46.45567,79.29653,0,[30.51622,38.00096]]],[159,[48.78538,81.05803,0,[32.09619,40.001]]],[36,[45.22091,81.42188,0,[28.05189,38.001]]],[191,[47.89007,79.18176,0,[31.23895,39.001]]],[82,[46.3067,81.81942,0,[29.03139,38.001]]],[75,[49.44315,67.65305,0,[33.44107,40.00099]]],[173,[47.10926,79.68869,0,[30.26478,38.001]]],[56,[49.34151,63.73267,0,[32.33801,40.00099]]],[66,[45.99375,83.00082,0,[28.10486,38.001]]],[175,[48.57643,80.93732,0,[31.15193,39.001]]],[112,[46.85031,82.17051,0,[29.32349,38.00097]]],[211,[49.93412,78.3996,0,[32.52209,40.001]]],[158,[47.85631,81.68822,0,[30.1214,38.00099]]],[174,[49.19123,78.16719,0,[31.41219,39.001]]],[190,[50.44485,75.22762,0,[33.14968,40.00099]]],[143,[47.53138,83.48786,0,[29.24867,38.001]]],[194,[48.63335,81.95256,0,[30.50076,38.00095]]],[192,[49.84576,78.45587,0,[31.59313,39.001]]],[5,[46.76426,79.682,0,[28.10495,38.001]]],[144,[48.27248,85.40048,0,[29.1266,38.00099]]],[151,[51.36569,71.81766,0,[33.25045,40.00099]]],[189,[50.87765,75.85327,0,[32.34569,40.001]]],[193,[49.22959,79.42667,0,[30.65037,38.00099]]],[52,[47.38843,82.51767,0,[28.17229,38.001]]],[132,[51.51648,70.16955,0,[32.24592,40.00099]]],[228,[50.69142,79.60827,0,[31.25701,39.001]]],[212,[49.845,80.62665,0,[30.55311,38.00097]]],[38,[48.11513,82.38778,0,[28.00942,38.001]]],[85,[52.00967,66.95428,0,[33.00407,40.00098]]],[161,[49.36577,84.65354,0,[29.55659,38.00099]]],[176,[48.80756,83.31529,0,[29.33107,38.00094]]],[231,[51.4288,82.80859,0,[31.48916,39.00099]]],[213,[49.94565,83.68715,0,[29.39622,38.00097]]],[209,[51.94519,77.05695,0,[31.96336,39.001]]],[58,[52.58615,64.63266,0,[33.57192,40.001]]],[214,[50.69343,83.96254,0,[30.48627,38.00098]]],[160,[49.50055,85.62307,0,[28.44323,38.00099]]],[37,[48.96167,82.52418,0,[28.12285,38.001]]],[215,[51.4529,84.46364,0,[30.86198,38.001]]],[133,[52.98088,71.67765,0,[32.73388,40.001]]],[230,[50.50407,83.38026,0,[29.52866,38.00098]]],[188,[53.34784,74.08801,0,[33.56316,40.001]]],[195,[51.19998,85.98366,0,[29.88492,38.001]]],[216,[52.48953,85.41589,0,[31.59566,39.001]]],[229,[53.63517,80.67004,0,[32.51491,40.001]]],[177,[51.07439,85.9689,0,[28.82564,38.001]]],[113,[50.51326,85.42739,0,[28.40977,38.00098]]],[186,[54.06249,72.66791,0,[33.25705,40.001]]],[97,[49.47086,85.27063,0,[27.86171,37.001]]],[217,[53.06941,86.35047,0,[31.46426,39.001]]],[197,[52.11235,85.95686,0,[30.44885,38.001]]],[232,[53.64643,83.15769,0,[31.77141,39.001]]],[196,[51.78051,86.30531,0,[29.5244,38.001]]],[70,[54.97851,64.26174,0,[33.46496,40.001]]],[179,[52.74483,85.72176,0,[30.39658,38.001]]],[247,[54.61309,81.29768,0,[32.51489,40.001]]],[248,[53.27499,82.54831,0,[30.80928,38.00099]]],[129,[50.64005,87.56631,0,[27.78145,37.001]]],[178,[52.37703,88.46772,0,[29.16545,38.00099]]],[208,[55.48684,76.8388,0,[32.8442,40.001]]],[233,[54.58778,84.1115,0,[31.94105,39.001]]],[246,[53.85194,80.9406,0,[30.99966,38.0688]]],[83,[51.74599,85.11945,0,[28.36929,38.001]]],[89,[55.96568,67.46594,0,[33.49622,40.001]]],[162,[52.97147,87.1043,0,[29.24282,38.001]]],[249,[53.51446,85.12278,0,[29.79036,38.001]]],[261,[55.39773,80.56252,0,[31.75507,39.001]]],[15,[52.61879,82.93901,0,[28.12207,38.001]]],[263,[54.96436,83.82628,0,[31.06958,39.001]]],[88,[56.60735,76.42995,0,[33.53065,40.001]]],[227,[56.30083,79.04948,0,[32.5602,40.001]]],[251,[54.23425,87.01057,0,[30.08726,38.001]]],[146,[53.59625,87.64097,0,[28.69737,38.001]]],[243,[56.97937,78.91463,0,[32.7052,40.001]]],[267,[55.31338,86.87348,0,[30.87836,38.001]]],[244,[56.17415,78.75014,0,[31.67327,39.001]]],[53,[52.76057,83.46647,0,[27.87238,37.001]]],[55,[57.32491,62.76737,0,[33.59958,40.001]]],[235,[54.8668,88.60951,0,[30.2659,38.001]]],[250,[54.14861,88.21584,0,[29.01173,38.001]]],[245,[57.64445,79.79063,0,[32.68219,40.001]]],[260,[56.82318,81.71082,0,[31.73806,39.001]]],[234,[54.72812,89.2184,0,[29.19882,38.001]]],[264,[56.02583,83.91873,0,[30.74493,38.001]]],[26,[53.58934,82.395,0,[27.9999,37.01295]]],[266,[55.69602,87.75083,0,[29.94421,38.001]]],[226,[57.99333,75.91195,0,[33.56134,40.001]]],[224,[58.30101,76.85018,0,[32.61921,40.001]]],[242,[57.44736,78.14928,0,[31.73317,39.001]]],[198,[55.3562,89.48895,0,[29.14216,38.001]]],[262,[56.66765,82.57484,0,[30.78096,38.001]]],[68,[54.74878,84.46151,0,[28.08602,38.001]]],[166,[59.05732,71.08977,0,[33.59731,40.001]]],[265,[56.3847,86.42838,0,[29.82312,38.001]]],[205,[58.89632,75.32952,0,[32.58204,40.001]]],[184,[58.08891,72.78073,0,[31.70187,39.001]]],[98,[56.03294,86.3198,0,[28.95658,38.001]]],[277,[57.28905,83.53848,0,[30.81655,38.001]]],[275,[59.70432,80.12147,0,[33.44967,40.001]]],[276,[59.56055,82.55911,0,[32.4097,40.001]]],[259,[58.66169,79.86713,0,[31.68653,39.001]]],[145,[55.46962,90.76324,0,[28.02892,38.001]]],[281,[57.14733,90.26192,0,[29.744,38.001]]],[297,[57.89185,88.47202,0,[30.82473,38.001]]],[252,[56.75273,91.15642,0,[28.92009,38.001]]],[169,[60.3811,72.29746,0,[33.51728,40.001]]],[293,[60.21379,85.48008,0,[32.4216,40.001]]],[279,[59.38423,85.46726,0,[31.52234,39.001]]],[280,[57.74559,88.05644,0,[29.78834,38.001]]],[180,[55.69785,89.74046,0,[27.98579,37.001]]],[278,[58.4816,84.35529,0,[30.88111,38.00099]]],[149,[60.84337,72.8641,0,[32.85689,40.001]]],[314,[60.16455,91.37542,0,[31.74609,39.001]]],[236,[57.57161,94.17526,0,[28.74791,38.001]]],[282,[58.39496,90.48043,0,[29.83914,38.00099]]],[313,[59.34303,89.67931,0,[30.93906,38.001]]],[116,[61.41117,67.85347,0,[33.38618,40.00099]]],[283,[58.96355,89.91228,0,[30.16135,38.00099]]],[130,[56.53239,89.09801,0,[27.95332,37.001]]],[308,[60.74797,84.23903,0,[31.84944,39.001]]],[299,[60.0209,92.14214,0,[30.88847,38.001]]],[237,[58.34113,94.77467,0,[28.78479,38.00099]]],[241,[62.15679,75.82384,0,[33.30676,40.001]]],[298,[59.65463,91.55613,0,[29.99306,38.001]]],[292,[61.76329,83.08392,0,[32.43446,40.001]]],[270,[59.1295,93.1943,0,[29.08297,38.001]]],[39,[57.4829,85.72315,0,[27.99246,37.001]]],[300,[60.60098,92.09048,0,[30.88513,38.00099]]],[204,[62.81516,74.45989,0,[33.26007,40.00097]]],[219,[60.30775,92.50767,0,[29.92218,38.001]]],[307,[62.45418,84.73254,0,[32.27768,40.00098]]],[294,[61.54849,86.17898,0,[31.42078,39.001]]],[268,[58.84875,93.39128,0,[28.10268,38.001]]],[269,[59.86057,93.97968,0,[28.96278,38.001]]],[323,[63.1841,86.47338,0,[32.33306,40.001]]],[73,[63.41066,71.68949,0,[33.39841,40.001]]],[296,[60.91224,89.4403,0,[29.86578,38.00099]]],[312,[62.28402,89.17064,0,[31.34168,39.00099]]],[311,[61.34977,87.4267,0,[30.54133,38.001]]],[6,[58.9325,81.97047,0,[27.96209,37.00095]]],[284,[60.56645,94.72005,0,[28.91471,38.001]]],[257,[63.77379,78.57891,0,[32.29515,40.001]]],[291,[64.04876,81.22571,0,[33.28816,40.001]]],[295,[63.01021,86.89544,0,[31.23059,39.001]]],[331,[62.08988,93.70604,0,[30.36888,38.001]]],[218,[59.6491,95.02813,0,[27.96685,37.001]]],[301,[61.67007,96.71748,0,[29.61724,38.001]]],[285,[61.22649,95.40956,0,[28.92846,38.001]]],[273,[64.45651,81.2274,0,[32.39006,40.001]]],[290,[63.62361,82.93382,0,[31.37982,39.001]]],[71,[64.66627,72.9493,0,[33.4938,40.001]]],[328,[62.84854,89.93402,0,[30.34768,38.001]]],[220,[62.4453,94.67865,0,[29.53049,38.001]]],[254,[60.35783,94.92886,0,[27.99994,37.01318]]],[272,[65.01649,79.24857,0,[32.40168,40.001]]],[347,[64.28635,95.56199,0,[31.39156,39.001]]],[147,[62.01982,91.01564,0,[28.74051,38.001]]],[185,[65.3566,73.35359,0,[33.36584,40.001]]],[329,[63.44061,90.18755,0,[30.45986,38.001]]],[253,[60.99973,96.70515,0,[27.82712,37.00098]]],[315,[63.20902,95.49503,0,[29.41244,38.001]]],[306,[64.87871,83.82539,0,[31.5451,39.001]]],[324,[65.76443,85.58878,0,[32.44,40.001]]],[14,[62.78883,82.55698,0,[28.64138,38.001]]],[346,[64.18504,94.92265,0,[30.59329,38.001]]],[225,[65.95167,75.36897,0,[33.51674,40.001]]],[332,[63.85762,97.50356,0,[29.70332,38.001]]],[199,[61.80486,95.05185,0,[27.79019,37.001]]],[309,[64.79527,85.63741,0,[30.80909,38.001]]],[310,[65.70993,87.20536,0,[31.72765,39.001]]],[255,[64.60802,95.81894,0,[29.77999,38.001]]],[148,[66.64191,70.87668,0,[33.26468,40.00091]]],[316,[63.7267,99.4938,0,[28.61554,38.001]]],[201,[64.32394,94.29204,0,[28.85325,38.001]]],[325,[67.02311,86.44337,0,[32.41647,40.001]]],[317,[65.21462,96.95013,0,[29.97238,38.001]]],[322,[66.29699,84.72703,0,[31.49011,39.001]]],[84,[62.74577,89.91034,0,[27.92883,37.001]]],[100,[67.54728,69.87841,0,[33.21385,40.00097]]],[54,[65.00966,85.646,0,[28.92736,38.001]]],[341,[66.94333,89.98517,0,[31.71606,39.001]]],[181,[63.62717,94.43027,0,[27.80793,37.001]]],[330,[65.64503,91.3139,0,[30.60574,38.00098]]],[326,[66.24886,88.29584,0,[30.70571,38.001]]],[289,[68.07468,82.5098,0,[32.79767,40.00098]]],[356,[67.46573,92.89789,0,[31.23348,39.00098]]],[182,[65.59118,92.5452,0,[29.09211,38.001]]],[348,[66.08775,98.48107,0,[29.63806,38.001]]],[288,[68.8256,80.24837,0,[33.3426,40.00097]]],[360,[66.73799,96.3147,0,[30.03377,38.001]]],[200,[64.4267,94.87132,0,[27.84723,37.001]]],[321,[68.12878,83.36912,0,[31.97372,39.00098]]],[338,[67.8316,87.29501,0,[30.99965,38.69472]]],[287,[69.3201,80.71865,0,[32.83725,40.00098]]],[238,[66.63038,97.40862,0,[28.96617,38.001]]],[115,[66.15577,89.78297,0,[28.22546,38.001]]],[339,[68.63251,88.11719,0,[31.55529,39.00099]]],[342,[67.3959,93.74594,0,[30.0805,38.00098]]],[114,[65.07248,90.25592,0,[27.93934,37.001]]],[340,[67.97076,88.91992,0,[30.35096,38.00095]]],[183,[69.92693,73.1001,0,[33.29493,40.00098]]],[337,[69.30614,85.40965,0,[31.97281,39.00099]]],[327,[67.26409,93.06166,0,[29.06807,38.00098]]],[343,[68.59963,92.0212,0,[30.8141,38.001]]],[271,[67.89046,100.4027,0,[29.22246,38.001]]],[303,[70.78521,81.25123,0,[33.22107,40.00098]]],[131,[66.21195,92.78936,0,[27.7627,37.001]]],[304,[70.42834,81.78703,0,[32.23972,40.00099]]],[375,[68.44685,99.27419,0,[29.75888,38.001]]],[371,[69.2185,93.01073,0,[30.92594,38.001]]],[352,[71.53752,86.40785,0,[33.19867,40.00097]]],[240,[71.19479,79.06831,0,[32.16708,40.00097]]],[355,[69.0509,93.83347,0,[29.84456,38.00099]]],[163,[67.96376,95.47744,0,[28.12495,38.001]]],[362,[68.58272,102.4,0,[28.72392,38.001]]],[164,[67.17757,94.92911,0,[27.9998,37.74752]]],[354,[70.35864,89.57188,0,[31.19857,39.001]]],[319,[71.83935,84.34055,0,[32.18351,40.001]]],[357,[69.68819,95.12548,0,[30.09699,38.001]]],[222,[72.22738,75.05933,0,[33.1559,40.00098]]],[353,[70.9903,88.29629,0,[31.1394,39.001]]],[388,[69.23604,103.5305,0,[28.85173,38.00099]]],[344,[70.29524,93.62798,0,[30.11483,38.001]]],[336,[72.59499,85.70261,0,[32.40951,40.00097]]],[363,[68.12195,105.1237,0,[27.61481,37.001]]],[382,[71.80043,92.72592,0,[31.21448,39.001]]],[376,[69.85361,104.246,0,[29.04807,38.001]]],[387,[70.92818,98.27787,0,[30.49143,38.001]]],[221,[73.10039,76.34728,0,[33.17708,40.00098]]],[369,[72.51294,90.41357,0,[31.60388,39.00098]]],[69,[68.97017,88.99143,0,[27.80401,37.001]]],[345,[70.42385,97.63296,0,[28.96175,38.001]]],[403,[71.72195,95.17691,0,[30.52462,38.001]]],[372,[70.94954,95.43948,0,[29.41636,38.001]]],[320,[73.849,82.45663,0,[33.3712,40.00097]]],[367,[73.61726,89.62558,0,[32.24607,40.00098]]],[407,[71.56992,103.1913,0,[29.51044,38.001]]],[373,[72.47993,94.34005,0,[30.87426,38.001]]],[333,[69.64516,105.0191,0,[27.94604,37.001]]],[359,[71.34882,100.0344,0,[28.53233,38.00099]]],[377,[70.79631,108.7953,0,[28.06623,38.001]]],[350,[74.30507,86.97292,0,[32.64948,40.00098]]],[370,[72.28527,95.19881,0,[29.84145,38.001]]],[368,[73.59546,91.59019,0,[31.38155,39.001]]],[286,[74.8822,81.34914,0,[33.19666,40.00098]]],[383,[72.98547,94.82113,0,[30.17541,38.001]]],[394,[74.19161,94.08793,0,[31.40476,39.00096]]],[358,[72.12497,98.4912,0,[28.78218,38.001]]],[398,[72.82465,105.0893,0,[29.1309,38.001]]],[384,[73.54839,95.37656,0,[30.32475,38.00099]]],[351,[75.25952,88.89404,0,[32.4377,40.00097]]],[366,[75.8851,88.42753,0,[32.81818,40.00094]]],[389,[71.15955,105.4583,0,[27.72856,37.001]]],[385,[73.46465,98.92291,0,[29.23192,38.001]]],[395,[74.19012,96.68825,0,[30.46186,38.00099]]],[399,[72.62907,109.785,0,[28.05346,38.001]]],[380,[75.1897,92.77126,0,[31.23021,39.00097]]],[239,[76.51125,77.24821,0,[33.0247,40.00093]]],[391,[75.75483,90.8566,0,[31.56053,39.00099]]],[406,[74.12788,103.5471,0,[29.33955,38.001]]],[374,[73.33822,105.0804,0,[28.12915,38.001]]],[396,[74.82712,98.42444,0,[29.92826,38.001]]],[379,[77.17347,88.16415,0,[32.85231,40.00096]]],[401,[75.37567,97.31842,0,[30.38383,38.00099]]],[365,[76.33958,86.72569,0,[31.62458,39.00099]]],[361,[74.02582,107.3388,0,[28.18877,38.001]]],[386,[74.77391,102.6303,0,[28.74103,38.001]]],[335,[77.89075,83.61221,0,[32.97205,40.00099]]],[378,[76.01126,90.39487,0,[30.4752,38.001]]],[405,[75.55024,101.4881,0,[29.30641,38.001]]],[402,[76.92966,94.24087,0,[31.22404,39.001]]],[202,[78.49854,77.36098,0,[32.54287,40.00095]]],[392,[77.471,91.28836,0,[31.63018,39.001]]],[99,[75.41134,93.22195,0,[28.15153,38.001]]],[381,[76.19234,92.88845,0,[29.42459,38.001]]],[393,[76.81065,92.60756,0,[30.40516,38.001]]],[334,[79.08374,83.65133,0,[32.95504,40.00099]]],[349,[77.34312,85.87911,0,[30.80651,38.00098]]],[203,[78.39335,77.68245,0,[31.25606,39.001]]],[400,[76.7911,95.91389,0,[29.29863,38.001]]],[397,[76.19286,101.9269,0,[28.25932,38.001]]],[134,[79.8717,84.12225,0,[33.04757,40.00098]]],[318,[77.68902,85.12056,0,[29.73782,38.00098]]],[165,[78.87845,75.55988,0,[31.89347,39.001]]],[404,[76.98696,100.1649,0,[28.15776,38.001]]],[305,[79.54991,84.52655,0,[31.71701,39.00099]]],[390,[77.59055,94.66759,0,[28.61453,38.00098]]],[187,[78.67245,85.41285,0,[30.77832,38.00097]]],[258,[80.67772,79.17586,0,[32.84784,40.00098]]],[302,[78.26138,82.87144,0,[29.97161,38.00099]]],[223,[80.26626,78.30502,0,[31.5657,39.00098]]],[104,[81.29804,70.57604,0,[33.486,40.00099]]],[170,[79.49944,90.01359,0,[30.58027,38.00099]]],[256,[79.22851,82.49772,0,[29.5408,38.001]]],[167,[81.5553,81.2477,0,[32.2966,40.001]]],[364,[78.76253,91.00433,0,[28.76999,38.00099]]],[206,[82.09898,75.42212,0,[33.13543,40.001]]],[117,[81.01517,76.25213,0,[31.14401,39.001]]],[207,[80.26218,87.87646,0,[30.24515,38.00097]]],[118,[82.99969,78.40839,0,[33.05366,40.00099]]],[274,[82.154,84.40714,0,[31.92959,39.001]]]

Travel Distances:
[27,65.69976],[41,64.03062],[42,65.40965],[43,67.89165],[28,69.33929],[29,69.12849],[30,69.52451],[57,65.06092],[17,71.64996],[16,71.89063],[44,70.09547],[31,70.80302],[18,73.69833],[32,72.9068],[19,73.78146],[7,75.88218],[20,75.48344],[8,75.79073],[45,69.90407],[74,70.93004],[9,77.75404],[60,75.34311],[61,73.10874],[76,71.24153],[47,75.08583],[10,77.50684],[0,79.86215],[62,75.69664],[90,72.21122],[46,77.93395],[34,78.06168],[77,74.92442],[106,73.94724],[1,79.81528],[48,78.51549],[91,76.95724],[33,80.80296],[105,72.93845],[21,81.3364],[63,80.46081],[22,81.57936],[92,78.36636],[59,68.60614],[11,82.28459],[108,76.92287],[78,81.74382],[2,85.33389],[102,71.00224],[23,83.27585],[107,76.28703],[79,81.53117],[12,86.81914],[103,74.40372],[121,77.30391],[49,84.63925],[86,68.92014],[93,81.31374],[122,78.39104],[94,80.62242],[64,86.54515],[101,71.70476],[120,76.87063],[80,84.43348],[3,85.05558],[95,84.44889],[87,69.56857],[13,85.59895],[138,80.18204],[123,82.04424],[50,85.81767],[137,76.78228],[154,76.40645],[24,88.31425],[125,83.37067],[109,85.84431],[65,88.32733],[40,63.88702],[119,73.3958],[124,81.26531],[110,86.94623],[153,75.03336],[155,80.34439],[25,91.00359],[140,83.54346],[4,85.90536],[139,82.67537],[136,72.93916],[156,80.41581],[141,82.98746],[126,87.76663],[111,90.4542],[72,68.32957],[35,92.01249],[135,76.25456],[142,85.63683],[127,87.25411],[96,89.03322],[171,78.06691],[210,79.33259],[172,83.79744],[81,91.90868],[51,92.39229],[128,89.52607],[150,75.99643],[168,79.53188],[67,90.75013],[152,77.71332],[157,86.16508],[159,85.39829],[36,92.81473],[191,85.24879],[82,91.16901],[75,70.5994],[173,87.32545],[56,66.95319],[66,94.9352],[175,87.62009],[112,92.28707],[211,82.35599],[158,89.84208],[174,83.60929],[190,77.94872],[143,92.32031],[194,88.63126],[192,82.72454],[5,90.09074],[144,94.77821],[151,75.04679],[189,79.84102],[193,86.7228],[52,93.56507],[132,72.91628],[228,85.98237],[212,88.81522],[38,94.04026],[85,70.5394],[161,93.8387],[176,93.60046],[231,87.77016],[213,91.71284],[209,81.10883],[58,68.47651],[214,92.24593],[160,96.45098],[37,94.54704],[215,91.35777],[133,75.4145],[230,92.16751],[188,76.84528],[195,93.26373],[216,90.14409],[229,85.25926],[177,95.53439],[113,96.20819],[186,76.12338],[97,98.07473],[217,91.99345],[197,93.61561],[232,87.76363],[196,94.68179],[70,67.9997],[179,94.07824],[247,85.49371],[248,89.85654],[129,100.0841],[178,97.66332],[208,79.70359],[233,88.44719],[246,88.98965],[83,97.23658],[89,71.0648],[162,97.02747],[249,93.82567],[261,85.65868],[15,93.65556],[263,89.58899],[88,78.88065],[227,82.06374],[251,94.43507],[146,98.34798],[243,82.48324],[267,94.16606],[244,83.99921],[53,95.84275],[55,65.55302],[235,96.6813],[250,97.78145],[245,83.89091],[260,87.67654],[234,99.43031],[264,91.63802],[26,95.11082],[266,96.21963],[226,78.94224],[224,79.85658],[242,82.88165],[198,98.64539],[262,90.94418],[68,96.72266],[166,74.36966],[265,95.48638],[205,79.10992],[184,78.37732],[98,96.14928],[277,90.7774],[275,82.35196],[276,87.16763],[259,86.28944],[145,103.5532],[281,99.74571],[297,96.55527],[252,101.5271],[169,75.15759],[293,88.95534],[279,90.54806],[280,96.36304],[180,102.089],[278,91.24646],[149,76.63665],[314,96.92966],[236,104.8988],[282,99.5768],[313,96.8512],[116,70.55097],[283,97.83878],[130,101.8342],[308,88.57642],[299,100.0033],[237,105.9229],[241,79.20675],[298,100.1487],[292,87.15379],[270,102.8452],[39,98.62254],[300,98.83272],[204,76.76012],[219,99.85481],[307,87.56029],[294,92.57063],[268,105.5634],[269,104.1596],[323,89.99845],[73,74.53674],[296,97.56439],[312,94.42189],[311,94.39674],[6,93.8333],[284,105.4088],[257,82.80832],[291,84.55114],[295,92.76146],[331,101.4231],[218,107.5459],[301,105.1905],[285,104.9015],[273,84.12641],[290,87.59058],[71,76.7571],[328,98.11265],[220,103.7015],[254,107.9864],[272,82.69293],[347,100.9117],[147,100.9113],[185,76.08489],[329,97.18605],[253,110.2919],[315,104.914],[306,89.60956],[324,89.53202],[14,92.90305],[346,102.4593],[225,78.41672],[332,105.6971],[199,107.2766],[309,91.41278],[310,91.17853],[255,104.4722],[148,74.50015],[316,109.9596],[201,103.5266],[325,90.08047],[317,104.4373],[322,90.01836],[84,102.3164],[100,72.33952],[54,95.52338],[341,95.52771],[181,107.0109],[330,99.6413],[326,95.52276],[289,85.7941],[356,97.63874],[182,101.2978],[348,105.8738],[288,82.5271],[360,104.4498],[200,107.8338],[321,88.73867],[338,93.38941],[287,83.69205],[238,105.8007],[115,99.40617],[339,92.54053],[342,100.8165],[114,103.9085],[340,96.59228],[183,76.61701],[337,90.52357],[327,102.4165],[343,98.42773],[271,108.5015],[303,83.62753],[131,104.2809],[304,84.72319],[375,106.1873],[371,100.1626],[352,89.28741],[240,82.65739],[355,101.4945],[163,105.4167],[362,111.0677],[164,106.3934],[354,94.62225],[319,88.54549],[357,103.5866],[222,78.3259],[353,94.09914],[388,112.9764],[344,100.9515],[336,90.18279],[363,118.4107],[382,99.03559],[376,114.4237],[387,106.1691],[221,79.64233],[369,95.08353],[69,100.9356],[345,106.6666],[403,101.6088],[372,103.3229],[320,86.35187],[367,93.98281],[407,111.6825],[373,101.185],[333,117.5796],[359,109.0477],[377,119.0757],[350,90.0077],[370,102.522],[368,96.16582],[286,85.1206],[383,102.6609],[394,99.37095],[358,108.1283],[398,113.3747],[384,102.0397],[351,91.96098],[366,90.62872],[389,118.5196],[385,107.7908],[395,103.9785],[399,120.4039],[380,97.95799],[239,79.95039],[391,95.11127],[406,113.0235],[374,116.2862],[396,106.6804],[379,91.55773],[401,104.4213],[365,91.61934],[361,117.0541],[386,111.0056],[335,85.75306],[378,98.15015],[405,110.3442],[402,99.99756],[202,80.35248],[392,95.78101],[99,102.3258],[381,100.4362],[393,98.95908],[334,87.37886],[349,93.07578],[203,82.85267],[400,104.0796],[397,111.4631],[134,86.34826],[318,93.50756],[165,81.3119],[404,110.1524],[305,89.12669],[390,103.3153],[187,91.94109],[258,81.79925],[302,91.74094],[223,83.54169],[104,73.82714],[170,96.95893],[256,89.96553],[167,86.01646],[364,101.4121],[206,79.08469],[117,82.17864],[207,95.3314],[118,82.35608],[274,90.07656]

Finish Times:
[27,34.56041],[41,34.60041],[42,35.32043],[43,35.96044],[28,36.08044],[29,36.24045],[30,36.88046],[57,36.92046],[17,37.24047],[16,37.36047],[44,37.64048],[31,37.68048],[18,38.08049],[32,38.3205],[19,38.3605],[7,38.96051],[20,39.00051],[8,39.12051],[45,39.36052],[74,39.64053],[9,40.08054],[60,40.08054],[61,40.24054],[76,40.48055],[47,40.72055],[10,40.80055],[0,41.12056],[62,41.12056],[90,41.12056],[46,41.48057],[34,41.68057],[77,41.68057],[106,41.88058],[1,41.92058],[48,42.32059],[91,42.44059],[33,42.48059],[105,42.7206],[21,42.8406],[63,43.20061],[22,43.28061],[92,43.28061],[59,43.56062],[11,43.72062],[108,43.88062],[78,44.00063],[2,44.16063],[102,44.36063],[23,44.40063],[107,44.48064],[79,44.60064],[12,45.04065],[103,45.20065],[121,45.20065],[49,45.28065],[86,45.32066],[93,45.36066],[122,45.80067],[94,45.88067],[64,45.96067],[101,46.00067],[120,46.36068],[80,46.44068],[3,46.52068],[95,46.56068],[87,46.60069],[13,46.84069],[138,47.00069],[123,47.2007],[50,47.2807],[137,47.4407],[154,47.64071],[24,47.76071],[125,47.80071],[109,48.00072],[65,48.20072],[40,48.28072],[119,48.44073],[124,48.44073],[110,48.88074],[153,48.88074],[155,49.04074],[25,49.08074],[140,49.24075],[4,49.28075],[139,49.40075],[136,49.48075],[156,49.72076],[141,49.88076],[126,50.00076],[111,50.08076],[72,50.12077],[35,50.28077],[135,50.32077],[142,50.48077],[127,50.60078],[96,50.88078],[171,50.88078],[210,50.92078],[172,51.08079],[81,51.20079],[51,51.36079],[128,51.40079],[150,51.4808],[168,51.6008],[67,51.6408],[152,51.7208],[157,51.92081],[159,52.12081],[36,52.20081],[191,52.24081],[82,52.36082],[75,52.52082],[173,52.56082],[56,52.76083],[66,52.96083],[175,52.96083],[112,53.04083],[211,53.12083],[158,53.32084],[174,53.40084],[190,53.68085],[143,53.72085],[194,53.84085],[192,53.88085],[5,53.92085],[144,54.12086],[151,54.32086],[189,54.36086],[193,54.36086],[52,54.68087],[132,54.92088],[228,55.00088],[212,55.12088],[38,55.16088],[85,55.16088],[161,55.16088],[176,55.16088],[231,55.64089],[213,55.72089],[209,55.76089],[58,55.9609],[214,55.9609],[160,56.0009],[37,56.24091],[215,56.32091],[133,56.40091],[230,56.44091],[188,56.60091],[195,56.68092],[216,56.92092],[229,57.00092],[177,57.08092],[113,57.16093],[186,57.24093],[97,57.44093],[217,57.52094],[197,57.56094],[232,57.68094],[196,57.88094],[70,58.04095],[179,58.16095],[247,58.24095],[248,58.24095],[129,58.28095],[178,58.52096],[208,58.68096],[233,58.92097],[246,58.96097],[83,59.00097],[89,59.16097],[162,59.16097],[249,59.24097],[261,59.48098],[15,59.68098],[263,59.68098],[88,59.80099],[227,59.92099],[251,59.92099],[146,60.00099],[243,60.441],[267,60.441],[244,60.561],[53,60.64101],[55,60.68101],[235,60.68101],[250,60.68101],[245,61.16102],[260,61.16102],[234,61.20102],[264,61.28102],[26,61.52103],[266,61.52103],[226,61.56103],[224,61.84103],[242,61.88103],[198,61.92104],[262,62.08104],[68,62.28104],[166,62.28104],[265,62.36105],[205,62.44105],[184,62.48105],[98,62.68105],[277,62.72105],[275,62.84106],[276,63.00106],[259,63.04106],[145,63.08106],[281,63.20107],[297,63.28107],[252,63.44107],[169,63.56107],[293,63.56107],[279,63.72108],[280,63.84108],[180,63.88108],[278,63.88108],[149,64.20109],[314,64.24109],[236,64.36109],[282,64.44109],[313,64.44109],[116,64.6811],[283,64.6811],[130,64.7211],[308,64.8011],[299,65.04111],[237,65.08111],[241,65.28111],[298,65.28111],[292,65.32111],[270,65.52112],[39,65.64112],[300,65.64112],[204,65.84113],[219,65.92113],[307,65.92113],[294,66.08113],[268,66.20113],[269,66.20113],[323,66.52114],[73,66.56114],[296,66.60114],[312,66.64114],[311,66.80115],[6,66.84115],[284,67.00115],[257,67.16116],[291,67.28116],[295,67.32116],[331,67.40116],[218,67.60117],[301,67.64117],[285,67.76117],[273,67.84117],[290,67.88117],[71,67.96117],[328,68.16118],[220,68.32118],[254,68.36118],[272,68.56119],[347,68.56119],[147,68.64119],[185,68.64119],[329,68.76119],[253,69.1212],[315,69.1612],[306,69.2812],[324,69.2812],[14,69.40121],[346,69.44121],[225,69.48121],[332,69.76122],[199,69.88122],[309,69.88122],[310,69.88122],[255,70.04122],[148,70.12122],[316,70.36123],[201,70.40123],[325,70.48123],[317,70.60123],[322,70.64124],[84,70.76124],[100,70.80124],[54,71.08125],[341,71.08125],[181,71.16125],[330,71.20125],[326,71.24125],[289,71.48125],[356,71.72126],[182,71.76126],[348,71.88126],[288,71.92126],[360,72.00127],[200,72.04127],[321,72.16127],[338,72.48128],[287,72.52128],[238,72.60128],[115,72.64128],[339,72.76128],[342,72.92129],[114,72.96129],[340,73.12129],[183,73.16129],[337,73.2813],[327,73.6013],[343,73.6413],[271,73.72131],[303,73.76131],[131,73.84131],[304,73.88131],[375,73.92131],[371,74.24132],[352,74.52132],[240,74.56133],[355,74.56133],[163,74.64133],[362,74.72133],[164,74.80133],[354,74.84133],[319,75.20134],[357,75.20134],[222,75.32134],[353,75.36134],[388,75.48135],[344,75.76135],[336,75.96136],[363,76.00136],[382,76.00136],[376,76.08136],[387,76.24136],[221,76.32137],[369,76.56137],[69,76.68137],[345,76.68137],[403,76.68137],[372,76.80138],[320,76.96138],[367,77.16138],[407,77.16138],[373,77.40139],[333,77.48139],[359,77.60139],[377,77.60139],[350,77.6414],[370,77.8014],[368,77.8414],[286,78.0414],[383,78.24141],[394,78.32141],[358,78.44141],[398,78.68142],[384,78.72142],[351,78.80142],[366,78.92142],[389,79.20143],[385,79.24143],[395,79.32143],[399,79.32143],[380,79.52144],[239,79.68144],[391,79.88145],[406,79.96145],[374,80.00145],[396,80.12145],[379,80.32146],[401,80.32146],[365,80.48146],[361,80.76147],[386,80.76147],[335,80.92147],[378,81.04147],[405,81.08147],[402,81.12148],[202,81.52148],[392,81.72149],[99,81.76149],[381,81.76149],[393,81.80149],[334,82.1615],[349,82.3615],[203,82.44151],[400,82.56151],[397,82.68151],[134,82.84151],[318,83.00152],[165,83.04152],[404,83.52153],[305,83.56153],[390,83.60153],[187,83.68153],[258,83.68153],[302,84.16154],[223,84.28155],[104,84.32155],[170,84.44155],[256,84.84156],[167,85.00156],[364,85.08157],[206,85.28157],[117,85.44157],[207,85.92159],[118,86.12159],[274,86.4016]

Stuck Times:
[27,0],[41,0],[42,0],[43,0],[28,0],[29,0],[30,0],[57,1],[17,0],[16,0],[44,0],[31,0],[18,0],[32,0],[19,0],[7,0],[20,0],[8,0],[45,2],[74,0],[9,0],[60,0],[61,1],[76,1],[47,0],[10,0],[0,0],[62,0],[90,1],[46,0],[34,0],[77,0],[106,0],[1,0],[48,0],[91,0],[33,0],[105,0],[21,0],[63,0],[22,0],[92,0],[59,9],[11,0],[108,0],[78,0],[2,0],[102,5],[23,0],[107,2],[79,0],[12,0],[103,5],[121,2],[49,0],[86,7],[93,0],[122,1],[94,0],[64,0],[101,7],[120,4],[80,0],[3,1],[95,0],[87,6],[13,0],[138,3],[123,1],[50,1],[137,3],[154,3],[24,0],[125,2],[109,2],[65,1],[40,16],[119,10],[124,3],[110,0],[153,7],[155,4],[25,1],[140,3],[4,5],[139,2],[136,9],[156,4],[141,3],[126,0],[111,0],[72,12],[35,1],[135,10],[142,3],[127,1],[96,1],[171,7],[210,5],[172,5],[81,3],[51,2],[128,1],[150,10],[168,7],[67,1],[152,11],[157,4],[159,6],[36,3],[191,5],[82,3],[75,16],[173,4],[56,21],[66,2],[175,7],[112,3],[211,7],[158,5],[174,5],[190,12],[143,4],[194,7],[192,6],[5,7],[144,4],[151,18],[189,13],[193,7],[52,7],[132,17],[228,10],[212,7],[38,5],[85,22],[161,6],[176,7],[231,8],[213,7],[209,12],[58,20],[214,8],[160,5],[37,9],[215,8],[133,20],[230,7],[188,17],[195,8],[216,8],[229,13],[177,7],[113,6],[186,20],[97,5],[217,9],[197,7],[232,11],[196,8],[70,27],[179,9],[247,14],[248,11],[129,5],[178,8],[208,17],[233,9],[246,13],[83,8],[89,22],[162,7],[249,10],[261,16],[15,13],[263,12],[88,20],[227,15],[251,11],[146,10],[243,19],[267,11],[244,18],[53,13],[55,31],[235,11],[250,9],[245,18],[260,16],[234,9],[264,12],[26,14],[266,11],[226,24],[224,23],[242,18],[198,11],[262,16],[68,14],[166,30],[265,11],[205,23],[184,23],[98,13],[277,16],[275,20],[276,19],[259,19],[145,9],[281,11],[297,13],[252,13],[169,28],[293,19],[279,15],[280,13],[180,10],[278,15],[149,31],[314,15],[236,12],[282,13],[313,14],[116,34],[283,14],[130,13],[308,19],[299,13],[237,10],[241,24],[298,14],[292,22],[270,13],[39,17],[300,16],[204,30],[219,18],[307,22],[294,19],[268,14],[269,13],[323,20],[73,29],[296,18],[312,18],[311,19],[6,17],[284,15],[257,23],[291,27],[295,18],[331,17],[218,11],[301,15],[285,15],[273,26],[290,26],[71,31],[328,20],[220,16],[254,13],[272,27],[347,17],[147,17],[185,33],[329,21],[253,14],[315,18],[306,25],[324,24],[14,22],[346,17],[225,33],[332,16],[199,15],[309,23],[310,23],[255,18],[148,35],[316,14],[201,16],[325,26],[317,18],[322,26],[84,20],[100,38],[54,23],[341,23],[181,18],[330,21],[326,23],[289,32],[356,23],[182,22],[348,16],[288,32],[360,20],[200,17],[321,31],[338,28],[287,33],[238,20],[115,23],[339,26],[342,23],[114,22],[340,25],[183,40],[337,31],[327,23],[343,24],[271,20],[303,36],[131,23],[304,35],[375,20],[371,25],[352,36],[240,37],[355,24],[163,21],[362,18],[164,22],[354,26],[319,36],[357,24],[222,43],[353,32],[388,16],[344,26],[336,37],[363,17],[382,27],[376,19],[387,24],[221,40],[369,33],[69,26],[345,27],[403,29],[372,28],[320,43],[367,35],[407,21],[373,26],[333,18],[359,25],[377,18],[350,37],[370,29],[368,33],[286,42],[383,29],[394,29],[358,30],[398,24],[384,28],[351,37],[366,38],[389,20],[385,28],[395,30],[399,18],[380,32],[239,46],[391,34],[406,25],[374,22],[396,30],[379,41],[401,27],[365,37],[361,23],[386,29],[335,43],[378,38],[405,32],[402,37],[202,48],[392,39],[99,30],[381,31],[393,37],[334,41],[349,39],[203,46],[400,32],[397,31],[134,41],[318,42],[165,45],[404,29],[305,43],[390,35],[187,41],[258,48],[302,47],[223,51],[104,47],[170,39],[256,45],[167,45],[364,34],[206,51],[117,47],[207,38],[118,47],[274,45]

