Experiment Name: Custom-ShortestPathNotTheBest4
Method Used: PathFollowingLowerNumberOfPaths
Run Number: 0
Preparation Time: 0.0003ms
Pathfinding Time: 10.5412ms
Finish Time: 85.52158ms
Finish Time 90%: 79.40144ms
Repaths: 0
Soft Repaths: 0

Gates Data:
5:[41,[3.258516,6.081612,0,[81.99926,32.25294]]],[27,[2.62715,5.240135,0,[81.99935,32.16637]]],[42,[3.582327,6.495008,0,[82.66139,31.99931]]],[29,[3.725977,7.138028,0,[82.99928,30.83823]]],[28,[2.902336,5.606959,0,[82.99946,31.79785]]],[40,[3.499272,4.97984,0,[81.81779,32.99915]]],[43,[4.399668,7.963898,0,[82.99924,30.90362]]],[44,[5.056065,9.259316,0,[83.17655,29.99931]]],[17,[3.369401,6.702508,0,[82.99926,30.23262]]],[30,[4.270409,8.216077,0,[83.45327,29.99932]]],[16,[2.591567,5.178401,0,[82.99931,31.25145]]],[18,[3.573934,7.087815,0,[83.80704,29.99932]]],[59,[5.64569,10.21711,0,[83.1722,29.99925]]],[31,[4.698683,9.018486,0,[83.99925,29.36666]]],[74,[6.039982,10.59934,0,[82.99927,30.45014]]],[7,[2.740179,5.471158,0,[83.87223,29.99927]]],[45,[5.30439,9.714754,0,[83.99933,29.4877]]],[19,[4.205856,8.371014,0,[83.99924,28.98831]]],[20,[4.942443,9.765268,0,[84.06109,27.99935]]],[58,[4.957507,8.642664,0,[82.99939,31.23214]]],[75,[6.562968,11.32412,0,[83.34547,29.99932]]],[60,[5.852329,10.42605,0,[83.99928,29.85362]]],[9,[4.105381,8.190522,0,[84.16421,27.99936]]],[8,[3.425663,6.834363,0,[83.99926,29.08106]]],[89,[7.19228,11.99959,0,[82.99921,30.16013]]],[76,[7.599053,11.77587,0,[83.48199,29.99929]]],[32,[5.545711,10.6289,0,[83.99932,28.10722]]],[47,[6.649628,11.22411,0,[83.99924,29.08733]]],[61,[7.013372,11.19957,0,[83.99923,29.60525]]],[0,[3.374288,6.736123,0,[84.09637,27.99929]]],[77,[7.858589,12.93337,0,[83.99931,28.9497]]],[46,[6.125968,11.03634,0,[83.99924,28.50675]]],[10,[4.294096,8.542572,0,[84.99924,27.73392]]],[90,[8.303873,12.49818,0,[82.99937,30.13544]]],[34,[6.689777,12.0922,0,[84.24814,27.99935]]],[62,[7.590099,12.97876,0,[83.99923,28.24606]]],[33,[5.715534,10.82563,0,[84.89638,27.99931]]],[21,[5.231127,10.1178,0,[84.99931,27.62948]]],[48,[6.930686,12.08138,0,[84.99212,27.99927]]],[91,[8.115582,12.9109,0,[83.99937,29.67418]]],[73,[5.551663,8.745559,0,[82.99959,31.96233]]],[11,[5.20647,10.15037,0,[84.9993,26.55693]]],[1,[3.711185,7.389604,0,[84.99931,27.31513]]],[107,[8.762059,14.00204,0,[83.50385,29.99928]]],[63,[8.034276,13.43865,0,[84.62665,27.99937]]],[22,[6.418865,11.1461,0,[84.99924,27.30636]]],[106,[9.101298,13.09242,0,[82.99935,30.70087]]],[2,[4.674304,8.963206,0,[84.99928,26.18196]]],[78,[8.804588,14.32518,0,[84.01308,27.99923]]],[122,[9.331276,14.1851,0,[83.75852,29.9992]]],[3,[5.760944,9.625157,0,[85.3896,25.99931]]],[121,[10.07712,14.05398,0,[82.99928,30.0332]]],[92,[9.084966,14.13253,0,[83.99927,28.90397]]],[12,[6.187794,11.01094,0,[84.99924,26.52385]]],[108,[9.998831,15.46402,0,[83.9994,28.57032]]],[105,[8.028812,11.91101,0,[82.99947,31.51301]]],[109,[10.88782,15.92256,0,[83.99935,29.05638]]],[49,[7.63926,13.29811,0,[84.99926,27.43133]]],[123,[10.03238,15.03533,0,[83.99929,29.60845]]],[79,[8.914831,14.36139,0,[84.99941,27.99494]]],[64,[8.594995,14.3353,0,[84.99935,27.47199]]],[103,[8.906409,10.90577,0,[82.9996,31.98445]]],[93,[9.622416,15.16213,0,[84.54491,27.99927]]],[124,[10.99968,15.20889,0,[83.92957,29.99923]]],[23,[7.349064,12.75279,0,[84.99927,26.50272]]],[86,[8.33986,9.392957,0,[82.28356,31.99903]]],[35,[8.535317,13.45584,0,[84.99934,26.46705]]],[94,[10.79251,16.12145,0,[83.99931,28.10882]]],[137,[10.58328,15.14631,0,[83.37978,29.99923]]],[72,[5.028706,8.538257,0,[82.33447,31.99906]]],[4,[6.925881,10.74234,0,[85.21014,25.99933]]],[139,[11.83743,16.23565,0,[82.99932,30.05917]]],[50,[9.645623,14.76877,0,[84.99921,26.62291]]],[138,[11.03364,15.3499,0,[82.99928,30.56646]]],[110,[11.30046,17.19493,0,[84.39757,27.99936]]],[120,[10.25169,12.36859,0,[82.31899,31.99902]]],[140,[11.75263,16.64086,0,[83.99933,29.55838]]],[119,[11.00126,11.99405,0,[82.99937,31.77911]]],[13,[8.116832,12.2335,0,[85.13283,25.99933]]],[155,[12.22352,16.57135,0,[83.63017,29.99916]]],[125,[11.7034,17.00924,0,[83.99931,28.54087]]],[80,[10.07883,15.16849,0,[84.99308,27.99926]]],[126,[12.4589,18.12449,0,[83.99922,28.11892]]],[152,[12.08609,14.91808,0,[82.99942,30.91919]]],[135,[10.06304,13.68592,0,[82.9994,31.36911]]],[111,[11.71242,17.59875,0,[84.99931,27.99448]]],[156,[13.06789,17.62267,0,[83.99928,29.26179]]],[95,[10.88534,16.68934,0,[84.9994,27.4538]]],[136,[12.99171,15.03003,0,[83.23119,29.99915]]],[56,[4.218017,6.526775,0,[81.99923,32.84868]]],[141,[12.82306,18.12624,0,[83.99948,28.55139]]],[5,[9.300324,12.03718,0,[85.1471,25.99935]]],[173,[13.34244,17.80719,0,[83.8912,29.99934]]],[172,[14.15275,17.55797,0,[83.35191,29.99921]]],[81,[11.60448,16.50074,0,[84.99926,27.06781]]],[151,[13.8637,14.76051,0,[82.99959,31.237]]],[157,[13.91664,19.18222,0,[83.99931,28.05564]]],[51,[10.12484,15.28323,0,[84.99934,26.85888]]],[158,[14.04463,19.11237,0,[83.99929,28.97778]]],[174,[14.48058,18.80023,0,[83.99939,29.33889]]],[96,[12.51664,17.25009,0,[84.9992,27.73402]]],[55,[6.406259,6.396151,0,[81.41171,32.999]]],[127,[13.156,18.57823,0,[84.71101,27.99932]]],[128,[13.79621,19.56253,0,[84.99931,27.48601]]],[170,[14.81646,16.59257,0,[82.99942,30.5297]]],[191,[14.74558,18.90254,0,[83.90348,29.99918]]],[36,[10.91428,14.67606,0,[84.99915,26.08587]]],[52,[12.51443,16.37911,0,[84.99919,26.63939]]],[169,[14.54414,14.99499,0,[82.99967,31.92914]]],[190,[16.00345,18.53571,0,[83.73055,29.99936]]],[142,[14.24661,18.93977,0,[84.60054,27.9993]]],[171,[15.63883,17.53584,0,[83.09491,29.99919]]],[66,[13.54061,16.52272,0,[84.99931,26.69452]]],[154,[13.49452,15.947,0,[82.99924,30.64117]]],[57,[4.184673,7.518405,0,[82.66408,31.99935]]],[65,[11.55944,16.21683,0,[85.04214,25.99935]]],[188,[16.16531,17.23407,0,[82.99935,30.69012]]],[176,[16.38615,20.68984,0,[83.99925,28.84474]]],[187,[16.93726,16.86346,0,[82.99979,30.83875]]],[150,[13.88478,13.98699,0,[82.37774,31.99901]]],[192,[15.54747,19.75951,0,[83.99941,29.43899]]],[143,[14.93625,20.04806,0,[84.3141,27.99919]]],[177,[17.1115,21.59071,0,[83.99923,28.51871]]],[134,[11.76188,12.62602,0,[82.49322,31.9992]]],[167,[15.47004,14.62249,0,[82.53645,31.99911]]],[159,[16.11635,20.55927,0,[84.20613,27.99936]]],[24,[12.13832,14.02212,0,[85.30292,25.99934]]],[193,[16.4935,20.23806,0,[83.99924,29.92943]]],[175,[15.42111,20.28284,0,[83.99932,28.43357]]],[209,[17.65409,19.17416,0,[82.99929,30.75111]]],[228,[19.02364,21.02559,0,[83.40001,29.99933]]],[189,[17.15172,18.16917,0,[83.72068,29.99921]]],[37,[13.25363,15.54601,0,[85.14559,25.99935]]],[161,[16.55217,21.80885,0,[84.63346,27.99931]]],[229,[18.41837,21.46027,0,[83.99934,29.54738]]],[211,[17.75341,20.50597,0,[83.7752,29.99928]]],[145,[17.03279,21.39655,0,[84.99923,27.97356]]],[194,[17.64515,21.81758,0,[83.99938,28.62433]]],[160,[15.37709,20.71484,0,[84.99933,27.93486]]],[245,[20.25246,22.08127,0,[82.99941,30.0885]]],[70,[6.948741,8.073006,0,[81.99968,32.04658]]],[195,[18.22752,22.51199,0,[83.9993,28.66552]]],[112,[14.65927,19.2452,0,[84.9993,26.84966]]],[178,[17.8337,22.15389,0,[84.80472,27.99924]]],[230,[19.27373,22.27633,0,[83.99926,29.17168]]],[15,[16.03684,15.28447,0,[84.99931,26.31806]]],[129,[16.21403,20.53044,0,[84.99925,27.31965]]],[226,[18.83505,18.55323,0,[82.65354,31.99914]]],[212,[19.24161,22.65059,0,[83.99923,28.13833]]],[113,[17.84224,20.0898,0,[84.99928,26.91049]]],[210,[18.55565,20.44208,0,[82.99932,30.05034]]],[82,[14.40646,18.17537,0,[85.05805,25.99932]]],[227,[19.37689,20.07234,0,[82.99936,30.65725]]],[246,[19.47023,22.21606,0,[83.84152,29.99924]]],[213,[19.76252,23.27633,0,[84.27423,27.99932]]],[14,[15.40703,13.7758,0,[85.37058,25.99932]]],[208,[18.13734,18.05229,0,[82.9995,31.46542]]],[87,[6.371571,9.560236,0,[82.93637,31.99909]]],[144,[15.10512,20.87052,0,[84.99928,27.16773]]],[262,[20.72225,23.10021,0,[83.48499,29.99927]]],[247,[20.16966,22.99466,0,[83.99941,29.64115]]],[196,[18.52381,23.20518,0,[84.69024,27.9993]]],[216,[19.23677,25.36361,0,[84.99926,27.52474]]],[263,[21.29149,23.46062,0,[83.99949,29.74146]]],[102,[9.288815,10.38271,0,[81.9995,32.30782]]],[248,[21.07061,24.30952,0,[83.99919,29.0135]]],[231,[20.16552,23.39347,0,[83.99936,28.51839]]],[277,[21.43075,24.24978,0,[82.99947,30.12351]]],[118,[11.21945,11.48033,0,[81.99937,32.24223]]],[197,[18.65024,24.62894,0,[84.9993,26.83615]]],[38,[17.00504,16.13599,0,[84.99922,26.88214]]],[25,[16.79199,15.75142,0,[85.16454,25.99933]]],[249,[21.6712,25.72278,0,[84.115,27.9994]]],[232,[20.99062,24.53268,0,[84.14539,27.99918]]],[242,[19.475,19.60445,0,[82.99931,31.72876]]],[205,[20.51663,17.23849,0,[82.89028,31.9991]]],[198,[19.95574,25.34043,0,[84.99926,27.29022]]],[279,[22.31247,25.78215,0,[83.99928,29.10361]]],[97,[17.68713,19.3601,0,[85.12013,25.99934]]],[233,[21.12379,24.93173,0,[84.99921,27.55101]]],[104,[7.40671,11.93711,0,[82.99928,31.04548]]],[244,[20.42406,20.9184,0,[82.99931,31.06639]]],[214,[20.20113,23.44567,0,[84.99734,27.99923]]],[294,[22.49533,25.91317,0,[83.47348,29.99921]]],[206,[18.30584,17.10012,0,[82.1443,31.99916]]],[264,[22.2847,25.54536,0,[83.99926,28.01656]]],[6,[18.41499,14.67328,0,[85.37042,25.99935]]],[225,[21.67145,19.0945,0,[82.99956,31.12045]]],[243,[22.38248,20.80646,0,[82.99944,31.02042]]],[250,[22.93995,25.80083,0,[83.9994,29.03671]]],[278,[21.87285,24.707,0,[83.51609,29.99912]]],[251,[23.70868,27.06057,0,[83.99926,28.55768]]],[215,[21.0882,25.21794,0,[84.99921,26.50344]]],[224,[22.78813,18.28295,0,[82.99948,31.94994]]],[85,[9.394742,8.611814,0,[81.40033,32.999]]],[293,[24.28957,25.3637,0,[83.99937,29.93503]]],[276,[23.98058,24.0491,0,[83.27708,29.99933]]],[179,[19.597,24.6726,0,[84.99928,26.0106]]],[234,[23.28064,25.87748,0,[84.43406,27.99933]]],[265,[22.74155,26.00269,0,[84.33916,27.99931]]],[266,[23.06471,25.5544,0,[83.99925,29.95748]]],[185,[22.12226,16.19203,0,[82.41593,31.99908]]],[261,[23.31336,22.51997,0,[82.99927,30.4706]]],[269,[24.45608,29.10815,0,[84.33429,27.99927]]],[267,[23.99388,26.87961,0,[83.99928,29.20973]]],[235,[22.23143,26.6972,0,[84.99927,27.49644]]],[39,[20.22102,17.98083,0,[85.09442,25.9994]]],[275,[25.25366,23.63966,0,[83.13159,29.99924]]],[101,[11.38344,9.893914,0,[81.40204,32.999]]],[260,[24.51144,22.16247,0,[82.99938,30.37063]]],[268,[25.04687,28.33709,0,[83.99929,28.21438]]],[252,[23.68509,27.66941,0,[84.96371,27.99932]]],[199,[21.81763,26.16751,0,[84.99924,27.11348]]],[180,[23.54265,25.59767,0,[84.99927,27.08452]]],[292,[25.70238,25.14447,0,[83.51492,29.99921]]],[295,[26.896,27.25342,0,[83.99927,29.35676]]],[274,[25.28804,22.34432,0,[82.9994,31.11155]]],[310,[26.15302,26.91127,0,[83.99924,29.7911]]],[253,[24.71135,28.80488,0,[84.99931,27.20388]]],[217,[22.93852,26.82275,0,[84.99928,27.18629]]],[280,[25.08249,26.56974,0,[83.99935,29.39012]]],[291,[26.27356,24.69865,0,[82.99924,30.35088]]],[98,[21.79523,20.60448,0,[85.04786,25.99933]]],[283,[25.72255,29.4562,0,[84.20323,27.99925]]],[282,[26.7559,28.78583,0,[83.99924,28.37651]]],[186,[17.15377,15.8707,0,[81.99907,32.767]]],[146,[23.24026,24.66109,0,[85.28622,25.99935]]],[308,[28.07245,26.21753,0,[83.27074,29.9993]]],[281,[25.87865,27.61896,0,[83.99937,28.9239]]],[241,[25.28002,19.86496,0,[82.41565,31.99906]]],[325,[27.35943,27.48759,0,[83.63974,29.99929]]],[309,[26.96602,26.70673,0,[83.09538,29.99932]]],[130,[20.69223,22.61219,0,[85.3271,25.99928]]],[236,[24.381,28.45454,0,[84.99925,26.651]]],[300,[26.75467,31.76404,0,[84.99925,27.87762]]],[311,[28.13085,28.26246,0,[83.99929,29.20907]]],[240,[26.59663,19.75203,0,[82.19102,31.99901]]],[296,[27.68931,28.21982,0,[83.99929,28.84539]]],[290,[27.18549,23.88398,0,[82.9993,30.84906]]],[162,[22.63047,24.48281,0,[84.99926,26.02021]]],[299,[26.20091,31.04461,0,[84.54356,27.99933]]],[312,[28.8632,29.08241,0,[83.99937,28.84289]]],[315,[27.50116,32.03252,0,[84.0885,27.99933]]],[273,[27.27729,21.78437,0,[82.99964,31.77746]]],[323,[29.31165,26.85579,0,[82.99927,30.29486]]],[316,[27.87248,32.94643,0,[84.64444,27.99929]]],[297,[29.74247,29.20036,0,[83.99926,28.47391]]],[284,[25.05345,29.95979,0,[84.99931,27.74324]]],[53,[26.59512,18.54507,0,[84.99928,26.99656]]],[324,[28.55667,27.12047,0,[83.53854,29.99921]]],[26,[24.04342,16.91972,0,[85.31376,25.99931]]],[298,[28.5872,29.97368,0,[84.30098,27.99929]]],[307,[28.45723,25.22879,0,[82.99942,30.99702]]],[340,[29.03652,28.22805,0,[83.99927,29.77629]]],[330,[29.27263,32.13272,0,[84.46696,27.99936]]],[354,[30.31251,29.21455,0,[83.62476,29.99924]]],[68,[27.52414,19.65972,0,[84.99927,27.36991]]],[114,[25.1321,22.71723,0,[85.29585,25.99939]]],[339,[29.98939,28.20211,0,[82.9993,30.01768]]],[346,[30.49694,33.92219,0,[83.99924,28.23445]]],[131,[28.4261,24.51651,0,[84.99931,27.02902]]],[317,[29.78601,33.90084,0,[84.94582,27.99933]]],[326,[29.75772,28.88401,0,[83.9993,29.53636]]],[270,[25.83493,30.07207,0,[84.99934,27.27165]]],[257,[28.33481,20.56236,0,[82.45769,31.99911]]],[313,[30.83217,29.61752,0,[83.99934,28.81449]]],[306,[30.35625,24.90326,0,[82.99958,30.76841]]],[331,[28.88016,33.24274,0,[84.9993,27.39478]]],[285,[29.59926,32.68997,0,[84.99924,27.16229]]],[272,[29.69716,21.99506,0,[82.29051,31.999]]],[327,[30.91392,28.76125,0,[83.99939,29.80636]]],[237,[25.78732,29.5531,0,[84.99928,26.16367]]],[255,[30.50738,31.69205,0,[84.99927,27.80816]]],[133,[14.47787,12.62468,0,[81.99924,32.73824]]],[337,[32.70452,27.46372,0,[83.61458,29.99926]]],[338,[31.63525,27.76016,0,[83.99942,29.99827]]],[54,[29.58916,20.52288,0,[84.99923,26.06475]]],[67,[28.27133,19.20188,0,[84.9993,26.00373]]],[100,[12.63602,10.26634,0,[81.99954,32.03591]]],[314,[31.64484,30.76321,0,[83.99923,28.47154]]],[254,[27.51972,30.92062,0,[84.99928,26.07928]]],[289,[29.05816,23.26526,0,[82.99935,31.63838]]],[305,[30.78936,23.88307,0,[82.9996,31.73903]]],[355,[32.43074,30.27405,0,[83.9993,29.31605]]],[332,[31.12807,34.79744,0,[84.64965,27.9993]]],[352,[33.74381,28.20621,0,[82.9994,30.63491]]],[163,[30.47707,26.47409,0,[84.99923,26.75199]]],[322,[31.50495,26.51608,0,[82.99926,30.18237]]],[321,[32.31855,26.44095,0,[82.99925,30.08752]]],[116,[19.83964,11.65307,0,[81.40298,32.999]]],[218,[26.50179,28.53505,0,[85.14265,25.99932]]],[345,[32.84056,32.78915,0,[84.27596,27.99928]]],[256,[32.31391,21.42681,0,[82.99942,31.12711]]],[239,[32.47905,19.97472,0,[82.95594,31.99918]]],[361,[33.90892,34.92041,0,[84.06459,27.99929]]],[287,[33.94402,22.76953,0,[82.99939,31.56746]]],[329,[33.18832,31.10698,0,[83.99927,28.60476]]],[328,[32.27411,30.54144,0,[83.99926,28.31462]]],[301,[31.66434,33.16399,0,[84.99915,27.69244]]],[369,[33.70892,30.21218,0,[83.83783,29.9992]]],[353,[34.57794,29.68305,0,[82.9993,30.03022]]],[348,[33.11069,36.27725,0,[84.99924,27.82814]]],[202,[31.76252,18.32888,0,[82.30943,31.999]]],[320,[33.33578,26.21876,0,[82.99934,30.21377]]],[238,[28.8655,31.08325,0,[85.44176,25.99927]]],[341,[33.23413,29.59123,0,[83.99934,29.63434]]],[383,[34.91794,31.54895,0,[82.9994,30.66285]]],[69,[31.15817,22.03701,0,[85.16641,25.9993]]],[181,[31.35464,26.86143,0,[84.99928,26.82037]]],[362,[34.96604,36.54464,0,[84.07996,27.99928]]],[221,[33.22251,18.87877,0,[82.71339,31.99919]]],[356,[34.40805,30.56439,0,[83.9993,29.49249]]],[370,[34.81496,30.75698,0,[83.80797,29.99921]]],[357,[35.47837,31.26297,0,[83.9993,29.55822]]],[371,[35.7701,31.71539,0,[82.9993,30.06435]]],[343,[34.24403,31.12664,0,[83.99924,28.57784]]],[347,[32.29583,35.3622,0,[84.99932,27.6549]]],[333,[33.39817,37.19087,0,[84.99924,26.43337]]],[344,[36.06604,32.42867,0,[83.9992,28.034]]],[372,[37.18195,31.63111,0,[83.95841,29.9994]]],[358,[36.02925,31.41978,0,[83.76033,29.99936]]],[200,[34.90956,32.76063,0,[84.99931,27.36209]]],[83,[30.20283,20.90413,0,[85.26398,25.99929]]],[375,[36.7106,34.1958,0,[83.99932,29.32726]]],[377,[34.12237,37.69164,0,[84.99926,27.99541]]],[342,[35.30172,30.71859,0,[83.99928,28.59398]]],[359,[36.33335,33.01938,0,[83.99924,28.77005]]],[201,[32.8335,29.95726,0,[84.99934,26.03962]]],[387,[37.62865,35.12421,0,[83.9992,28.66976]]],[168,[20.19307,15.78089,0,[82.08598,31.99916]]],[374,[37.29297,34.47098,0,[84.21225,27.99927]]],[164,[34.85239,30.36749,0,[84.99933,26.28773]]],[302,[35.04723,23.28335,0,[82.9993,31.56742]]],[373,[38.01149,32.90995,0,[83.99929,29.17107]]],[398,[36.57622,37.5099,0,[84.64869,27.99933]]],[407,[38.21987,39.02738,0,[84.37444,27.99929]]],[204,[26.03439,16.94369,0,[81.40846,32.999]]],[271,[33.82975,33.55602,0,[84.9993,27.3555]]],[382,[36.9239,31.89973,0,[83.25228,29.99923]]],[220,[35.21404,34.09317,0,[84.97009,27.99931]]],[368,[37.54338,30.67405,0,[82.99922,30.60471]]],[147,[35.9668,30.44444,0,[84.99928,26.5611]]],[335,[36.55891,26.52308,0,[82.99944,31.33665]]],[399,[38.6244,39.3453,0,[84.99932,27.6521]]],[304,[36.77053,24.77934,0,[82.22385,31.99904]]],[385,[38.55116,33.24977,0,[83.99935,29.67157]]],[388,[37.09706,37.90929,0,[84.99924,26.96311]]],[219,[34.18723,29.91838,0,[85.1751,25.99932]]],[336,[38.28186,27.46752,0,[82.99937,30.86907]]],[384,[38.12109,33.08521,0,[83.38549,29.99925]]],[350,[38.21827,27.88539,0,[82.36027,31.99908]]],[318,[37.17037,25.07817,0,[82.99928,31.96582]]],[395,[39.58095,36.00116,0,[83.99928,28.50693]]],[389,[37.53586,38.40024,0,[84.99924,27.71609]]],[403,[41.06857,35.62574,0,[83.99939,29.29692]]],[360,[36.06724,33.93252,0,[84.99922,27.57997]]],[380,[39.16012,31.38975,0,[83.16905,29.99931]]],[397,[38.89297,36.70036,0,[83.99931,28.20008]]],[132,[23.49044,13.00167,0,[81.40231,32.999]]],[363,[38.61557,39.14585,0,[84.99934,26.41642]]],[182,[36.83576,34.23471,0,[84.99923,26.15516]]],[366,[39.39294,30.80569,0,[83.99929,29.8127]]],[351,[39.0448,28.58745,0,[82.99928,31.17275]]],[376,[37.95058,37.81326,0,[84.99922,26.28135]]],[391,[40.05109,32.37396,0,[82.9992,30.13514]]],[394,[40.43877,35.07544,0,[83.99929,28.45919]]],[386,[39.92542,35.50372,0,[84.90401,27.99926]]],[84,[32.09074,23.34765,0,[84.99924,26.24561]]],[404,[41.13578,38.44357,0,[84.32719,27.99927]]],[379,[41.52261,31.87557,0,[82.99939,30.56386]]],[381,[40.19775,32.29766,0,[83.99924,29.83903]]],[115,[39.56108,27.93221,0,[84.99929,26.24777]]],[393,[41.45614,33.50011,0,[83.99946,29.80613]]],[259,[24.20765,20.67692,0,[82.99952,31.77074]]],[396,[39.13699,35.85717,0,[84.99925,27.99854]]],[99,[35.58978,26.15483,0,[85.06945,25.99933]]],[319,[40.25799,25.93273,0,[82.567,31.99902]]],[166,[24.64829,15.55244,0,[81.99957,32.00093]]],[392,[40.81749,33.31192,0,[82.99934,30.22555]]],[405,[40.87716,39.37302,0,[84.99937,27.12043]]],[117,[12.90176,11.184,0,[82.83441,31.99907]]],[401,[39.61761,33.52542,0,[82.99939,31.62654]]],[406,[40.21322,39.50743,0,[84.99922,26.52024]]],[390,[39.11758,31.37676,0,[82.32014,31.99924]]],[364,[41.28867,29.94699,0,[82.80769,31.99915]]],[378,[42.26909,33.68182,0,[83.51453,29.99921]]],[183,[35.28168,17.51977,0,[81.99924,32.08944]]],[149,[16.42863,13.5635,0,[82.27608,31.99902]]],[402,[41.79013,37.53354,0,[84.59714,27.9992]]],[203,[27.69113,17.32613,0,[82.0407,31.99905]]],[334,[38.13225,26.58257,0,[81.66791,32.99911]]],[286,[34.22426,22.11506,0,[82.03574,31.99909]]],[288,[32.47592,22.20954,0,[81.99935,32.41525]]],[303,[42.81269,26.24266,0,[82.60873,31.9991]]],[400,[42.66059,36.76595,0,[83.99934,28.26133]]],[71,[6.150508,8.194503,0,[81.99939,32.15667]]],[365,[41.18213,28.29761,0,[81.97985,32.99901]]],[367,[36.1445,29.31918,0,[82.99924,30.78165]]],[258,[26.04072,20.65827,0,[82.99937,31.63172]]],[349,[42.52185,31.35863,0,[82.9994,30.97102]]],[222,[35.7457,20.14359,0,[82.57555,31.99921]]],[165,[33.40825,15.00095,0,[81.41395,32.999]]],[184,[21.39402,15.8479,0,[82.16547,31.99907]]],[207,[17.15502,17.12006,0,[82.77776,31.99931]]],[223,[29.14712,19.24699,0,[81.41368,32.999]]],[148,[23.66755,14.68437,0,[82.16903,31.999]]],[153,[12.3581,14.43992,0,[82.99953,31.64656]]],[88,[7.392317,10.19524,0,[82.53335,31.99926]]]
1:[41,[18.35979,35.67072,0,[53.99904,27.16055]]],[27,[17.63769,35.13946,0,[53.999,26.33474]]],[42,[19.04893,36.64248,0,[53.99907,27.0001]]],[29,[19.4947,38.35645,0,[53.28865,26.00029]]],[28,[18.8258,37.19373,0,[53.2524,26.00015]]],[40,[19.76276,34.97209,0,[53.99901,27.4148]]],[43,[19.75849,38.21568,0,[53.999,26.29053]]],[44,[20.34225,39.63136,0,[53.99904,26.12721]]],[17,[19.24962,38.37012,0,[52.99903,24.88565]]],[30,[20.32995,40.07389,0,[52.99905,25.39512]]],[16,[18.64705,37.27545,0,[52.999,24.4271]]],[18,[19.87084,39.56388,0,[52.99901,24.44676]]],[59,[21.32899,41.39648,0,[53.29269,26.00035]]],[31,[21.04019,41.46844,0,[52.99906,25.02488]]],[74,[21.53642,40.84539,0,[53.999,26.06065]]],[7,[19.25004,38.46786,0,[52.99902,23.41634]]],[45,[21.69813,42.29339,0,[52.99903,24.83537]]],[19,[20.51611,40.89337,0,[52.99902,24.10639]]],[20,[21.22183,42.28689,0,[52.99903,23.74058]]],[58,[20.45757,38.93505,0,[53.99908,27.43248]]],[75,[22.6513,42.83885,0,[53.1744,26.00029]]],[60,[22.27348,42.89159,0,[52.99903,25.10613]]],[9,[20.55465,41.067,0,[52.99902,22.74491]]],[8,[19.88419,39.70701,0,[52.999,23.04664]]],[89,[22.70407,42.08274,0,[53.99903,26.63579]]],[76,[23.29484,42.49081,0,[53.99907,26.48737]]],[32,[21.83119,43.12738,0,[52.99902,23.58043]]],[47,[22.94768,43.62885,0,[52.99902,24.96963]]],[61,[23.52556,43.592,0,[52.99906,25.69791]]],[0,[20.48884,40.95324,0,[51.99902,21.77126]]],[77,[24.25777,45.12135,0,[52.99907,25.61273]]],[46,[22.43785,43.44189,0,[52.99902,24.0113]]],[10,[21.28649,42.48214,0,[52.99903,22.38575]]],[90,[23.85328,42.89082,0,[53.99901,26.46864]]],[34,[23.17275,44.77734,0,[52.99906,24.03397]]],[62,[23.85398,45.2087,0,[52.99902,24.57332]]],[33,[22.75342,44.44362,0,[52.99902,22.80902]]],[21,[22.1694,43.94669,0,[52.99904,22.65672]]],[48,[23.92612,45.64144,0,[52.99902,23.48689]]],[91,[24.76191,45.57268,0,[52.99903,24.74534]]],[73,[22.0098,39.6004,0,[53.99908,26.74946]]],[11,[22.73308,45.15115,0,[51.99905,21.83455]]],[1,[21.28687,42.52094,0,[51.99903,21.4321]]],[107,[24.98384,45.88746,0,[52.99903,25.85012]]],[63,[24.52746,46.35534,0,[52.99902,23.64256]]],[22,[23.38633,44.83991,0,[52.99905,22.76657]]],[106,[24.99422,43.63219,0,[53.99902,26.31148]]],[2,[22.44294,44.34554,0,[51.99906,20.60683]]],[78,[25.14231,46.77637,0,[52.99903,23.45639]]],[122,[25.85454,46.67434,0,[52.99903,25.66788]]],[3,[23.76599,45.37712,0,[51.99907,20.71357]]],[121,[26.4278,45.41003,0,[52.99904,25.8491]]],[92,[25.482,46.57653,0,[52.99903,24.66762]]],[12,[23.68218,45.85618,0,[51.99905,21.85439]]],[108,[26.31613,47.96324,0,[52.99903,24.61368]]],[105,[24.43354,42.6062,0,[53.99903,26.70369]]],[109,[27.1869,48.32281,0,[52.99904,24.28685]]],[49,[24.46882,46.8669,0,[52.99902,22.51655]]],[123,[26.86347,47.60536,0,[52.99902,25.11842]]],[79,[25.81808,47.85621,0,[52.99902,23.80759]]],[64,[25.51426,48.09823,0,[52.99903,22.58942]]],[103,[25.60818,41.82229,0,[53.99903,26.55769]]],[93,[26.42624,48.52289,0,[52.99903,23.46215]]],[124,[27.74753,47.92165,0,[52.999,24.7012]]],[23,[24.70939,47.35577,0,[51.99902,21.6529]]],[86,[25.53216,39.64094,0,[53.99908,27.72612]]],[35,[26.26604,48.21716,0,[52.29342,22.00038]]],[94,[27.07855,48.6055,0,[52.99904,23.13093]]],[137,[26.33189,45.86158,0,[53.99904,26.54009]]],[72,[20.98036,38.9633,0,[53.999,26.92505]]],[4,[24.70903,46.04039,0,[51.99904,20.50981]]],[139,[27.87966,47.41832,0,[52.999,25.8037]]],[50,[26.52315,48.44099,0,[52.99903,22.20957]]],[138,[27.21202,46.82656,0,[53.26105,26.00049]]],[110,[27.79413,50.10842,0,[52.999,23.18402]]],[120,[27.11784,42.90402,0,[53.99914,26.88924]]],[140,[28.39276,48.97046,0,[52.99902,25.38368]]],[119,[27.7332,42.59014,0,[53.999,26.60345]]],[13,[26.02521,47.86457,0,[51.99908,20.72053]]],[155,[29.26862,48.94957,0,[52.99907,25.73362]]],[125,[28.2083,49.5279,0,[52.99902,24.08022]]],[80,[27.34078,49.51648,0,[52.66745,22.00028]]],[126,[28.8025,50.32641,0,[52.99903,24.72374]]],[152,[28.27853,45.50204,0,[53.99902,26.1001]]],[135,[26.76006,44.25706,0,[53.99901,27.73887]]],[111,[28.70459,51.29746,0,[52.99902,23.35957]]],[156,[29.80154,50.02859,0,[52.99902,25.11775]]],[95,[27.86038,50.58553,0,[52.99901,22.02251]]],[136,[28.99389,45.48141,0,[53.999,26.52492]]],[56,[22.584,36.594,0,[53.99906,27.74708]]],[141,[29.30525,50.77214,0,[52.99903,24.25805]]],[5,[26.97923,47.29675,0,[51.99903,21.0445]]],[173,[29.49642,49.23262,0,[53.99902,26.04635]]],[172,[30.59166,49.08011,0,[53.43834,26.00031]]],[81,[28.55189,50.31021,0,[52.99902,22.16739]]],[151,[30.02464,45.50454,0,[53.99909,26.6689]]],[157,[30.0681,51.38177,0,[52.99905,24.02284]]],[51,[27.8001,50.55246,0,[51.99905,20.89912]]],[158,[30.54838,51.56001,0,[52.99905,24.99008]]],[174,[31.2436,51.64493,0,[52.99904,24.97499]]],[96,[29.52869,51.05844,0,[52.99902,23.17384]]],[55,[28.48138,36.53214,0,[53.99902,27.20778]]],[127,[30.15821,51.98997,0,[52.99905,22.75832]]],[128,[30.89383,53.23797,0,[52.99903,22.79018]]],[170,[30.81287,47.09427,0,[53.99904,26.72456]]],[191,[31.52956,51.44039,0,[53.13644,26.00028]]],[36,[28.53277,49.72272,0,[51.99903,21.00117]]],[52,[29.75497,50.73522,0,[52.5403,22.00019]]],[169,[32.13373,45.93923,0,[53.99903,26.65108]]],[190,[32.72708,50.76602,0,[52.99901,24.81338]]],[142,[30.90074,52.03622,0,[52.99903,23.90627]]],[171,[32.22368,49.03367,0,[52.99905,25.77274]]],[66,[31.12246,51.47499,0,[51.99907,21.94125]]],[154,[29.71296,46.37138,0,[53.99902,27.5285]]],[57,[21.64934,37.45577,0,[53.99906,27.61776]]],[65,[29.29829,51.42614,0,[51.99905,21.23386]]],[188,[32.90158,48.78625,0,[52.99901,25.91812]]],[176,[32.85299,53.19276,0,[52.99901,23.77424]]],[187,[33.39409,48.41833,0,[53.27494,26.00026]]],[150,[31.52616,44.5284,0,[53.99902,26.6978]]],[192,[32.17511,52.38422,0,[52.99905,24.63003]]],[143,[31.59748,53.12048,0,[52.999,22.59952]]],[177,[33.57512,54.14625,0,[52.99901,23.92682]]],[134,[33.15634,44.50706,0,[53.99911,27.72309]]],[167,[32.7627,45.08531,0,[53.99901,26.72497]]],[159,[32.58599,53.24699,0,[52.99901,22.72935]]],[24,[30.06371,49.67838,0,[51.99908,20.82252]]],[193,[33.29851,52.87593,0,[52.99903,24.94114]]],[175,[31.88524,52.83268,0,[52.999,23.57746]]],[209,[33.49673,49.52678,0,[53.99902,26.65761]]],[228,[34.77333,51.69278,0,[53.99901,26.44893]]],[189,[33.86925,50.80207,0,[52.99901,24.93587]]],[37,[31.02244,50.9668,0,[51.99907,20.67107]]],[161,[33.3395,55.1226,0,[52.99901,22.88644]]],[229,[35.24534,53.90538,0,[52.99903,25.53137]]],[211,[34.27028,52.79958,0,[52.99904,25.88555]]],[145,[34.17118,55.29935,0,[52.99905,22.86318]]],[194,[34.21247,54.59944,0,[52.99905,24.02893]]],[160,[32.96854,55.71346,0,[51.99901,21.75579]]],[245,[36.40651,53.64927,0,[52.99908,25.71629]]],[70,[26.09992,37.62237,0,[53.99914,27.45936]]],[195,[34.66741,55.0224,0,[52.99905,25.01042]]],[112,[32.063,53.9509,0,[51.99904,21.56943]]],[178,[34.83987,55.84213,0,[52.99906,23.90197]]],[230,[35.57272,54.52533,0,[52.99903,24.68912]]],[15,[34.33402,50.79866,0,[51.99906,21.94027]]],[129,[33.71198,55.3843,0,[51.999,21.90343]]],[226,[35.35778,49.03121,0,[53.99904,26.67273]]],[212,[35.45298,54.88364,0,[52.99904,23.55228]]],[113,[34.96156,54.08786,0,[52.99905,22.57213]]],[210,[34.21635,50.6102,0,[53.99905,26.45947]]],[82,[32.06925,53.29175,0,[51.99908,20.44004]]],[227,[35.86811,51.73693,0,[52.99904,25.83581]]],[246,[36.1499,54.98968,0,[52.99907,24.50952]]],[213,[36.09586,55.87887,0,[52.99905,23.32128]]],[14,[33.76032,49.95864,0,[51.99918,20.42034]]],[208,[35.0787,48.66925,0,[53.99909,27.50912]]],[87,[23.4043,40.39022,0,[53.9991,27.70572]]],[144,[32.98655,56.18062,0,[51.99902,20.61007]]],[262,[36.91483,54.86792,0,[52.99901,25.34054]]],[247,[36.77935,55.78254,0,[52.99901,24.19773]]],[196,[35.51914,56.56331,0,[52.99902,22.33319]]],[216,[36.1759,59.06772,0,[52.99904,22.05757]]],[263,[38.14788,56.16028,0,[52.99909,25.61809]]],[102,[32.37162,40.75853,0,[53.99905,27.78421]]],[248,[37.36849,56.5858,0,[52.99905,24.72945]]],[231,[36.72366,56.20821,0,[52.99902,23.02655]]],[277,[37.53265,55.80125,0,[52.99905,25.90192]]],[118,[33.88482,41.98825,0,[53.999,27.60809]]],[197,[36.16565,59.41679,0,[51.99904,21.32705]]],[38,[34.8861,51.01454,0,[52.10801,22.00031]]],[25,[34.6725,51.24489,0,[51.99905,20.66534]]],[249,[37.93447,58.07845,0,[52.99901,24.44857]]],[232,[37.36381,57.07137,0,[52.99904,23.56699]]],[242,[35.91089,50.42131,0,[53.999,26.50609]]],[205,[37.46612,48.2429,0,[53.99904,26.52294]]],[198,[37.32465,60.03024,0,[52.02251,22.00029]]],[279,[38.61531,58.23992,0,[52.99902,24.34237]]],[97,[35.4608,54.777,0,[51.99905,21.31197]]],[233,[37.97167,58.51385,0,[52.99901,23.32232]]],[104,[24.11906,42.20185,0,[53.9991,27.65197]]],[244,[36.47465,51.24326,0,[53.99901,26.35252]]],[214,[37.38623,57.49739,0,[52.99903,22.39173]]],[294,[38.76086,57.85644,0,[52.99903,25.57443]]],[206,[36.9829,46.93495,0,[53.999,26.98045]]],[264,[38.59261,58.10106,0,[52.99902,23.00384]]],[6,[36.50527,50.33118,0,[51.99912,20.5942]]],[225,[38.33654,49.44003,0,[53.99911,27.57189]]],[243,[38.59621,51.34182,0,[53.99902,26.46825]]],[250,[39.26598,58.2492,0,[52.99907,24.98584]]],[278,[38.01037,55.40895,0,[53.99909,26.31652]]],[251,[39.88565,59.28765,0,[52.99901,24.6642]]],[215,[38.0117,58.98955,0,[52.99905,22.0033]]],[224,[39.8782,49.4803,0,[53.999,26.57367]]],[85,[35.81748,39.09193,0,[53.99902,27.6783]]],[293,[41.09847,58.22156,0,[52.99909,25.30611]]],[276,[40.22106,55.84063,0,[52.99906,25.72083]]],[179,[37.15845,59.56561,0,[51.99905,20.63175]]],[234,[39.82046,58.82783,0,[52.99901,23.54988]]],[265,[39.1927,58.77554,0,[52.99905,23.81707]]],[266,[39.44073,57.62736,0,[53.32604,26.00037]]],[185,[40.04976,46.36033,0,[53.99914,27.64213]]],[261,[39.32965,52.78842,0,[53.99908,26.91974]]],[269,[41.05833,61.87909,0,[52.99907,23.89626]]],[267,[40.5529,59.48261,0,[52.99902,24.66186]]],[235,[39.20843,60.46543,0,[52.99904,22.58859]]],[39,[37.90026,52.85501,0,[51.99904,21.23845]]],[275,[40.89243,54.03038,0,[53.999,26.14631]]],[101,[36.52478,40.28129,0,[53.99908,27.77332]]],[260,[40.30865,52.73861,0,[53.97725,26.0003]]],[268,[41.76321,60.83123,0,[52.99903,24.01697]]],[252,[40.51063,61.19937,0,[52.99902,23.31778]]],[199,[39.25493,60.97165,0,[51.99906,21.88618]]],[180,[40.49671,59.40631,0,[52.99902,22.0547]]],[292,[42.12436,57.24152,0,[52.99911,25.87214]]],[295,[43.40749,59.80925,0,[52.99907,25.06626]]],[274,[41.47885,53.04538,0,[53.99902,26.65536]]],[310,[42.8111,59.5146,0,[52.99903,25.12933]]],[253,[41.50648,62.27798,0,[52.99904,22.84694]]],[217,[39.85264,60.55381,0,[52.99901,22.381]]],[280,[41.63493,59.09415,0,[52.99903,25.02832]]],[291,[42.17287,55.13103,0,[53.99908,26.01137]]],[98,[39.46548,55.74139,0,[51.99907,20.70026]]],[283,[42.18272,62.17843,0,[52.99903,23.00318]]],[282,[43.16636,61.33331,0,[52.99907,23.87512]]],[186,[37.66124,46.29268,0,[53.99905,27.68149]]],[146,[40.96772,59.95669,0,[51.99902,20.86525]]],[308,[44.50134,57.67511,0,[52.99903,25.92536]]],[281,[42.41584,60.13081,0,[52.99903,24.14828]]],[241,[42.4049,50.35194,0,[53.9991,27.2216]]],[325,[43.97227,59.79326,0,[52.99903,24.99336]]],[309,[43.02454,57.63104,0,[53.46252,26.00064]]],[130,[38.612,58.30821,0,[51.99905,20.95206]]],[236,[41.76904,63.17014,0,[51.99904,21.95371]]],[300,[43.81878,65.72937,0,[52.99902,22.68607]]],[311,[44.5967,60.60205,0,[52.99902,24.75729]]],[240,[43.67303,49.94735,0,[53.99906,26.98783]]],[296,[44.43756,60.83486,0,[52.99902,23.63295]]],[290,[43.55593,54.89396,0,[53.58456,26.00033]]],[162,[40.15651,59.32133,0,[51.99901,21.29202]]],[299,[42.92876,64.3507,0,[52.99902,22.71185]]],[312,[45.37125,61.59012,0,[52.99903,24.77566]]],[315,[43.8811,64.67185,0,[52.99903,23.84563]]],[273,[44.36406,52.67422,0,[53.99903,26.688]]],[323,[45.55405,57.06257,0,[53.999,26.73836]]],[316,[44.6857,66.36427,0,[52.99902,22.69027]]],[297,[46.12156,61.37368,0,[52.99907,24.936]]],[284,[42.53532,64.67465,0,[52.31458,22.00025]]],[53,[44.2432,53.72013,0,[51.99905,21.79137]]],[324,[45.0473,59.31804,0,[52.9991,25.69437]]],[26,[41.8534,52.41742,0,[51.99905,20.72412]]],[298,[45.14084,62.63523,0,[52.99902,23.64865]]],[307,[44.91688,55.92022,0,[53.999,26.57032]]],[340,[45.70345,60.60714,0,[52.99902,25.86537]]],[330,[45.92798,65.03998,0,[52.999,23.80213]]],[354,[47.07157,61.64787,0,[52.99911,25.76938]]],[68,[45.06376,54.65391,0,[51.99906,21.76873]]],[114,[42.73333,57.80947,0,[51.99904,20.8049]]],[339,[46.37529,58.45203,0,[53.99908,26.63872]]],[346,[46.69388,66.09357,0,[52.99905,24.67616]]],[131,[45.95369,59.3722,0,[51.99901,21.81032]]],[317,[46.61914,67.33555,0,[52.99905,23.53514]]],[326,[46.26841,60.86415,0,[53.25475,26.00037]]],[270,[43.46739,65.16153,0,[51.99906,21.91973]]],[257,[46.07612,51.08738,0,[53.99916,27.43003]]],[313,[47.35434,62.2076,0,[52.99902,23.53252]]],[306,[47.61061,56.58173,0,[52.99902,25.71719]]],[331,[45.72018,66.76915,0,[52.999,22.73083]]],[285,[46.54231,66.34941,0,[52.99905,22.38716]]],[272,[47.50184,52.62831,0,[53.99902,26.46934]]],[327,[47.59923,61.30793,0,[52.99902,24.60555]]],[237,[43.59691,64.93655,0,[51.99907,20.73551]]],[255,[47.32704,65.20097,0,[52.99902,22.41656]]],[133,[47.63607,44.11405,0,[53.99904,27.69486]]],[337,[49.24099,59.93596,0,[52.99905,25.02514]]],[338,[48.27425,60.72948,0,[52.99904,24.23178]]],[54,[47.08587,55.32038,0,[51.99908,21.63387]]],[67,[46.20426,54.33735,0,[51.99913,20.86256]]],[100,[30.58863,40.37805,0,[53.99908,27.74612]]],[314,[48.0394,63.31828,0,[52.99904,23.08964]]],[254,[45.20505,66.06104,0,[51.99907,20.64192]]],[289,[46.91503,53.70145,0,[53.999,26.53251]]],[305,[48.01137,54.76013,0,[53.9991,26.02782]]],[355,[48.93877,63.09436,0,[52.99901,23.91758]]],[332,[48.21064,68.69915,0,[52.64428,22.00031]]],[352,[49.69079,58.77829,0,[53.99903,26.54853]]],[163,[47.83339,61.12034,0,[51.99902,21.44251]]],[322,[48.11971,58.00648,0,[52.99908,25.34567]]],[321,[48.6948,58.068,0,[52.99903,25.245]]],[116,[48.17298,42.62054,0,[53.99912,27.26128]]],[218,[44.44392,64.18883,0,[51.99906,20.65614]]],[345,[49.46644,65.95386,0,[52.99903,22.63385]]],[256,[48.5687,52.30608,0,[53.99901,26.105]]],[239,[49.10227,50.93898,0,[53.9991,26.67406]]],[361,[50.4649,67.80741,0,[52.99907,23.64532]]],[287,[50.28275,53.46168,0,[53.99906,26.59209]]],[329,[49.71443,63.85283,0,[52.99903,23.74163]]],[328,[48.73581,63.36544,0,[52.99901,22.8238]]],[301,[49.541,68.17094,0,[51.99902,21.91994]]],[369,[50.44602,62.85119,0,[52.99907,25.79505]]],[353,[51.04557,61.16933,0,[53.02889,26.00056]]],[348,[50.28038,70.40202,0,[52.99907,22.46185]]],[202,[48.81249,48.50649,0,[53.99902,27.61161]]],[320,[49.74295,57.89077,0,[52.99904,25.90278]]],[238,[46.92638,66.88245,0,[51.99906,20.35981]]],[341,[49.95349,62.43839,0,[52.99903,24.84764]]],[383,[50.95529,61.87845,0,[53.99901,26.71767]]],[69,[49.16766,57.70417,0,[51.99907,20.43932]]],[181,[48.92999,61.92056,0,[51.99906,21.37614]]],[362,[51.37629,69.14079,0,[52.99902,23.3847]]],[221,[50.62059,49.37966,0,[53.99905,27.73265]]],[356,[51.3063,63.195,0,[52.99902,24.56253]]],[370,[51.58711,63.06495,0,[52.99903,25.71791]]],[357,[52.05138,63.65163,0,[52.99906,25.22552]]],[371,[51.49193,61.80716,0,[53.99903,26.43038]]],[343,[50.7766,63.86336,0,[52.99907,24.80665]]],[347,[50.27097,70.81501,0,[51.99907,21.88473]]],[333,[51.10379,72.45295,0,[51.9991,21.93825]]],[344,[52.43964,64.7346,0,[52.99903,23.95396]]],[372,[53.95933,64.19186,0,[52.99901,24.57972]]],[358,[52.5545,63.5936,0,[53.05953,26.00032]]],[200,[51.92893,66.66813,0,[52.99902,22.82728]]],[83,[48.19922,56.315,0,[51.99907,20.59823]]],[375,[53.38875,67.00216,0,[52.99904,24.37193]]],[377,[51.16325,71.60287,0,[52.99901,22.26844]]],[342,[51.88163,63.1258,0,[52.99902,24.09677]]],[359,[52.789,65.40966,0,[52.99903,24.99153]]],[201,[50.84218,65.62994,0,[51.99908,20.55928]]],[387,[54.05502,67.78285,0,[52.99907,23.52721]]],[168,[49.69038,47.41381,0,[53.99906,27.72277]]],[374,[53.95486,67.58691,0,[52.99902,22.38066]]],[164,[52.48911,65.47584,0,[51.99906,21.9231]]],[302,[52.0938,53.66771,0,[53.99908,26.82113]]],[373,[54.64054,65.47254,0,[52.99902,23.86713]]],[398,[53.28203,70.68701,0,[52.99904,23.16603]]],[407,[54.81218,72.05239,0,[52.99901,22.67802]]],[204,[51.71131,47.29345,0,[53.99906,27.69674]]],[271,[51.62926,68.80933,0,[51.99902,21.12666]]],[382,[53.34726,63.80968,0,[52.99907,25.70349]]],[220,[52.5568,67.85058,0,[52.99903,22.80238]]],[368,[53.95764,62.258,0,[52.99901,25.69368]]],[147,[53.98015,65.40755,0,[51.99903,21.45732]]],[335,[53.18724,57.45367,0,[53.99906,26.52527]]],[399,[55.56136,73.02833,0,[52.99903,22.55884]]],[304,[53.77749,54.98788,0,[53.999,26.86073]]],[385,[55.19492,65.85899,0,[52.99905,24.74864]]],[388,[54.72701,72.97842,0,[51.99907,21.80451]]],[219,[52.23105,65.64872,0,[51.99907,20.60635]]],[336,[55.09955,59.14307,0,[52.99907,25.84517]]],[384,[54.56477,65.05962,0,[52.99904,25.06905]]],[350,[54.60403,58.0621,0,[53.999,26.89931]]],[318,[54.18294,56.30766,0,[53.67768,26.0004]]],[395,[55.87924,68.37965,0,[52.99902,23.74075]]],[389,[55.42894,73.51726,0,[51.99905,21.76911]]],[403,[57.46736,68.29082,0,[52.99902,24.27344]]],[360,[53.21267,68.09132,0,[52.53989,22.0003]]],[380,[55.75679,63.07666,0,[52.99903,25.28052]]],[397,[55.26291,69.0756,0,[52.99905,23.68253]]],[132,[55.19191,45.72498,0,[53.99913,27.5733]]],[363,[56.24985,73.95818,0,[51.99907,21.73284]]],[182,[54.75373,69.67043,0,[51.99908,20.56112]]],[366,[56.25526,63.49744,0,[52.99906,24.79087]]],[351,[55.11891,59.07462,0,[53.99907,26.22784]]],[376,[55.67654,73.064,0,[51.99906,20.57995]]],[391,[55.91322,63.12183,0,[53.59539,26.00023]]],[394,[56.85173,67.54706,0,[52.99903,24.28485]]],[386,[56.91075,69.14082,0,[52.99902,22.95164]]],[84,[49.91869,58.5881,0,[51.99906,20.56433]]],[404,[57.65707,71.37891,0,[52.99901,23.05311]]],[379,[57.93933,63.83572,0,[52.99902,25.30917]]],[381,[56.77831,64.84091,0,[52.99906,25.65727]]],[115,[56.94458,62.51908,0,[51.99903,21.80393]]],[393,[58.20103,66.67366,0,[52.99905,24.11316]]],[259,[40.72615,51.50191,0,[53.99903,27.32384]]],[396,[56.24887,69.5387,0,[52.99905,22.96544]]],[99,[53.35239,61.49914,0,[51.99905,20.71426]]],[319,[57.24166,56.806,0,[53.99904,26.32129]]],[166,[46.95055,45.56479,0,[53.999,27.59916]]],[392,[57.32351,64.98917,0,[52.99903,25.58574]]],[405,[58.32662,74.06806,0,[52.17215,22.00032]]],[117,[31.5019,41.76674,0,[53.99904,27.79477]]],[401,[56.30092,64.62853,0,[53.99904,26.53781]]],[406,[57.69423,74.24132,0,[51.99903,21.84558]]],[390,[55.67247,61.74901,0,[53.99903,27.07241]]],[364,[57.87396,61.04612,0,[53.99902,26.17972]]],[378,[58.6373,65.98019,0,[52.99905,25.35324]]],[183,[56.9269,47.61852,0,[53.99901,27.24935]]],[149,[44.59614,45.26952,0,[53.99904,27.82718]]],[402,[58.55602,71.001,0,[52.99905,23.08655]]],[203,[45.35351,47.33386,0,[53.99906,27.80395]]],[334,[58.37626,57.0967,0,[53.99905,27.39202]]],[286,[54.27733,52.30923,0,[53.99909,27.7868]]],[288,[56.29732,52.12281,0,[53.99908,27.78003]]],[303,[59.80655,58.46349,0,[52.99904,25.94306]]],[400,[59.09079,69.32011,0,[52.99907,24.64347]]],[71,[24.8784,37.78057,0,[53.99901,27.61167]]],[365,[59.18105,59.02151,0,[53.99909,27.0279]]],[367,[52.60519,59.7858,0,[53.99904,26.45542]]],[258,[42.99149,51.21448,0,[53.99903,26.98531]]],[349,[58.56785,62.17999,0,[53.99905,26.10772]]],[222,[53.41965,50.47165,0,[53.99906,27.82599]]],[165,[57.66268,45.55412,0,[53.99903,27.41803]]],[184,[39.02005,45.82439,0,[53.99913,27.61415]]],[207,[34.49488,47.63511,0,[53.99905,27.61505]]],[223,[52.63104,49.58586,0,[53.99902,27.79032]]],[148,[41.89036,44.80304,0,[53.999,27.59151]]],[153,[29.11823,45.0833,0,[53.99915,27.70581]]],[88,[27.94621,40.04294,0,[53.999,27.59899]]]
0:[41,[31.11672,60.71738,0,[32.99612,40.001]]],[27,[30.60614,60.98988,0,[31.99953,39.13833]]],[42,[31.8711,61.86694,0,[33.09618,40.00093]]],[29,[32.52155,63.98018,0,[32.72545,40.001]]],[28,[31.51798,62.45214,0,[31.99849,39.00089]]],[40,[33.17995,60.04802,0,[33.41368,40.00099]]],[43,[33.30787,64.973,0,[32.18109,40.001]]],[44,[33.8755,65.66862,0,[32.99686,40.00099]]],[17,[32.45202,64.57742,0,[31.52955,39.00095]]],[30,[33.58035,65.754,0,[31.93505,39.00098]]],[16,[32.07975,64.1085,0,[30.45239,38.00094]]],[18,[33.15145,66.0677,0,[30.99971,38.48356]]],[59,[34.82544,67.34503,0,[32.88505,40.001]]],[31,[34.22005,67.40695,0,[31.72607,39.00099]]],[74,[35.76567,67.14856,0,[33.06419,40.00099]]],[7,[33.22018,66.37009,0,[29.77497,38.00095]]],[45,[35.01708,68.201,0,[31.89729,39.00099]]],[19,[33.90075,67.40107,0,[30.86432,38.00082]]],[20,[34.7825,69.29803,0,[30.99955,38.59914]]],[58,[36.57601,64.22684,0,[33.55833,40.001]]],[75,[36.64406,68.7198,0,[32.46249,40.001]]],[60,[35.8157,68.78812,0,[31.74916,39.00093]]],[9,[34.71298,69.16537,0,[30.04086,38.0009]]],[8,[34.09947,68.09344,0,[29.42692,38.00095]]],[89,[37.21368,68.45683,0,[32.73159,40.001]]],[76,[37.67466,68.80959,0,[33.35045,40.001]]],[32,[35.41878,69.85703,0,[30.96767,38.00093]]],[47,[36.71257,69.82991,0,[31.72538,39.00096]]],[61,[37.88088,70.25092,0,[32.22997,40.001]]],[0,[35.04601,70.02328,0,[28.69827,38.001]]],[77,[38.31451,70.86813,0,[33.1408,40.001]]],[46,[36.0628,69.91996,0,[30.97429,38.00095]]],[10,[35.59983,70.96918,0,[29.76489,38.00093]]],[90,[39.00951,69.53689,0,[32.89638,40.00097]]],[34,[37.61479,72.26009,0,[31.26459,39.001]]],[62,[38.61562,72.63213,0,[32.04449,40.001]]],[33,[36.7805,72.06998,0,[30.59291,38.00092]]],[21,[36.53633,72.55997,0,[29.56289,38.00094]]],[48,[37.74753,72.67208,0,[30.99373,38.00096]]],[91,[38.74057,72.2441,0,[31.60759,39.00099]]],[73,[39.68575,65.8503,0,[32.89649,40.00098]]],[11,[37.22246,73.63914,0,[29.48324,38.001]]],[1,[36.1139,71.92371,0,[28.63279,38.00098]]],[107,[39.32737,71.75908,0,[31.58962,39.001]]],[63,[38.47851,73.72353,0,[30.61352,38.00098]]],[22,[37.866,73.26598,0,[29.78689,38.00095]]],[106,[40.66418,69.92705,0,[32.94916,40.00099]]],[2,[37.72092,74.75058,0,[28.47853,38.00099]]],[78,[39.11774,74.25301,0,[30.52679,38.001]]],[122,[39.86403,72.41663,0,[31.88328,39.0009]]],[3,[38.72171,74.64288,0,[29.43651,38.00098]]],[121,[41.2305,72.14111,0,[32.12955,40.00097]]],[92,[39.67479,73.06643,0,[30.99957,38.16941]]],[12,[38.45382,75.32737,0,[28.44487,38.00098]]],[108,[40.70248,75.15586,0,[31.03498,39.00098]]],[105,[41.70445,69.44498,0,[32.97842,40.00098]]],[109,[41.37038,75.29968,0,[31.39249,39.001]]],[49,[39.39516,76.03309,0,[29.34847,38.00099]]],[123,[42.29396,74.60979,0,[32.20062,40.00095]]],[79,[40.39878,75.52711,0,[30.12245,38.00098]]],[64,[39.94578,76.81049,0,[29.63586,38.00092]]],[103,[42.76815,68.37206,0,[33.11776,40.00096]]],[93,[40.91102,76.09616,0,[30.43122,38.00092]]],[124,[42.05375,75.33462,0,[31.07513,39.00092]]],[23,[39.83276,77.43711,0,[28.30905,38.00099]]],[86,[43.43226,65.78161,0,[32.97346,40.00098]]],[35,[40.83107,77.17494,0,[29.15095,38.00097]]],[94,[41.53715,76.55681,0,[30.11184,38.00098]]],[137,[42.83966,72.80847,0,[31.82017,39.00093]]],[72,[43.98498,64.72843,0,[33.51436,40.00098]]],[4,[40.45393,76.63187,0,[28.39563,38.00099]]],[139,[42.55569,73.9763,0,[30.99967,38.88901]]],[50,[41.4851,78.04704,0,[29.04111,38.00098]]],[138,[43.98186,73.78938,0,[32.34021,40.001]]],[110,[42.15283,78.38781,0,[30.14237,38.00095]]],[120,[44.49281,69.54392,0,[32.85823,40.001]]],[140,[43.41887,75.91991,0,[31.21511,39.001]]],[119,[44.9313,69.23785,0,[33.51727,40.001]]],[13,[41.32417,78.28889,0,[27.99981,37.76642]]],[155,[44.20821,75.55826,0,[31.86165,39.001]]],[125,[42.66623,76.89712,0,[30.4204,38.00092]]],[80,[42.16156,78.9723,0,[29.03903,38.00095]]],[126,[43.49021,77.29379,0,[30.96368,38.001]]],[152,[45.16295,73.0933,0,[32.50131,40.001]]],[135,[45.57295,70.8744,0,[33.40262,40.001]]],[111,[43.40983,79.4493,0,[29.89262,38.00099]]],[156,[44.86622,76.97111,0,[31.48787,39.00099]]],[95,[43.01451,80.18074,0,[29.12299,38.001]]],[136,[45.87757,72.83579,0,[32.4562,40.001]]],[56,[46.44152,62.50005,0,[33.33825,40.001]]],[141,[44.17081,77.92109,0,[30.60038,38.00099]]],[5,[42.23038,77.57026,0,[27.99973,37.66578]]],[173,[45.507,76.88759,0,[31.38634,39.001]]],[172,[46.44671,76.44915,0,[32.17264,40.001]]],[81,[43.92012,80.12455,0,[29.04556,38.00099]]],[151,[47.02419,72.92462,0,[32.77676,40.00097]]],[157,[44.82139,78.93529,0,[30.44326,38.00095]]],[51,[43.28138,80.92311,0,[28.09307,38.001]]],[158,[45.43398,78.84724,0,[30.51856,38.001]]],[174,[46.40043,79.04229,0,[31.40125,39.001]]],[96,[44.43829,79.72533,0,[29.52811,38.00099]]],[55,[47.63307,63.4893,0,[33.14107,40.00098]]],[127,[45.24085,81.15728,0,[29.37496,38.001]]],[128,[45.96633,82.15394,0,[29.90834,38.001]]],[170,[47.3265,74.02563,0,[31.99879,39.00099]]],[191,[47.00965,78.30379,0,[31.03449,39.00099]]],[36,[44.33759,80.31844,0,[28.12548,38.001]]],[52,[44.90563,80.75488,0,[28.44942,38.00097]]],[169,[48.39408,72.90041,0,[32.85688,40.00096]]],[190,[47.80175,77.95206,0,[31.47916,39.001]]],[142,[46.41007,79.9953,0,[30.37496,38.0009]]],[171,[47.0125,75.71657,0,[30.42172,38.001]]],[66,[46.0213,80.76135,0,[28.82331,38.001]]],[154,[49.05385,73.54736,0,[32.52364,40.001]]],[57,[49.04079,63.30733,0,[33.59989,40.001]]],[65,[45.59294,82.32816,0,[28.10814,38.001]]],[188,[48.36694,75.33682,0,[31.39543,39.001]]],[176,[47.62796,81.06239,0,[30.38642,38.001]]],[187,[48.92575,74.77456,0,[31.65107,39.00096]]],[150,[49.65749,70.86512,0,[33.31405,40.001]]],[192,[47.2508,80.68961,0,[29.44786,38.001]]],[143,[46.6882,82.7915,0,[29.08565,38.00095]]],[177,[48.22121,81.5651,0,[30.49761,38.001]]],[134,[50.34747,70.03372,0,[33.51706,40.001]]],[167,[49.91559,72.42673,0,[32.33975,40.001]]],[159,[47.99122,82.74808,0,[29.46565,38.001]]],[24,[46.4533,80.74436,0,[28.00555,38.001]]],[193,[48.7434,79.67591,0,[30.85718,38.00095]]],[175,[47.65527,82.72146,0,[28.62938,38.001]]],[209,[50.53206,76.8454,0,[32.43013,40.001]]],[228,[51.04438,78.16712,0,[33.33709,40.001]]],[189,[49.7224,78.03329,0,[31.45377,39.001]]],[37,[47.12998,81.77763,0,[28.04634,38.001]]],[161,[48.59622,84.20458,0,[29.65897,38.001]]],[229,[51.16606,80.89869,0,[32.29168,40.001]]],[211,[50.33082,79.44736,0,[31.3445,39.001]]],[145,[49.16198,83.97453,0,[29.80354,38.001]]],[194,[49.56051,82.34218,0,[30.48821,38.00099]]],[160,[48.47396,86.02016,0,[28.58863,38.001]]],[245,[51.73343,80.26105,0,[32.39422,40.00099]]],[70,[51.73252,64.59522,0,[33.48989,40.00099]]],[195,[51.01426,82.5384,0,[31.21136,39.001]]],[112,[47.48341,83.98859,0,[27.75917,37.001]]],[178,[50.15311,83.28204,0,[30.48088,38.001]]],[230,[51.59315,81.78426,0,[31.51826,39.001]]],[15,[49.80226,80.01785,0,[29.40241,38.00099]]],[129,[49.33324,85.28484,0,[28.74248,38.001]]],[226,[52.38845,76.60059,0,[32.83376,40.00099]]],[212,[50.81584,83.03996,0,[30.33545,38.001]]],[113,[50.46059,83.19779,0,[29.48487,38.001]]],[210,[53.21979,77.31305,0,[33.21991,40.001]]],[82,[48.46492,84.63157,0,[27.9482,37.001]]],[227,[52.94363,79.0605,0,[32.19777,40.001]]],[246,[52.16594,82.19163,0,[31.20944,39.001]]],[213,[51.37426,83.82853,0,[30.42157,38.00099]]],[14,[50.34249,81.19805,0,[28.42122,38.001]]],[208,[53.64745,77.06128,0,[32.33019,40.00099]]],[87,[53.9015,67.27381,0,[33.40621,40.00098]]],[144,[49.30089,87.15457,0,[27.94008,37.001]]],[262,[52.87115,82.47485,0,[31.17692,39.001]]],[247,[52.01387,83.26765,0,[30.3565,38.001]]],[196,[51.12107,86.46215,0,[29.32393,38.001]]],[216,[51.70079,88.85677,0,[29.47021,38.001]]],[263,[53.59634,83.30705,0,[31.59165,39.001]]],[102,[54.42717,68.77906,0,[32.87315,40.00096]]],[248,[52.8614,84.47084,0,[30.52053,38.001]]],[231,[52.49686,85.21239,0,[29.71619,38.001]]],[277,[54.23935,82.57706,0,[31.57356,39.00099]]],[118,[55.03355,69.41116,0,[32.82209,40.00086]]],[197,[52.1735,89.9156,0,[28.82563,38.001]]],[38,[51.51596,80.92271,0,[28.2723,38.001]]],[25,[50.31569,81.95358,0,[27.87532,37.00096]]],[249,[53.46738,85.69459,0,[30.57829,38.001]]],[232,[53.14891,86.42213,0,[29.50139,38.001]]],[242,[54.80299,78.06542,0,[31.71826,39.00098]]],[205,[55.72256,75.60966,0,[32.78633,40.00098]]],[198,[52.75013,89.89048,0,[28.68095,38.001]]],[279,[54.12035,85.81319,0,[30.73654,38.001]]],[97,[51.64933,85.18743,0,[27.75027,37.001]]],[233,[53.79156,87.68984,0,[29.60641,38.001]]],[104,[56.29862,69.02197,0,[33.59933,40.001]]],[244,[55.47878,79.0489,0,[31.79025,39.001]]],[214,[53.54845,88.65791,0,[28.58873,38.001]]],[294,[54.688,84.3863,0,[30.9605,38.00097]]],[206,[56.42109,73.87583,0,[32.56812,40.001]]],[264,[54.43863,87.32261,0,[29.81288,38.001]]],[6,[52.57838,81.18703,0,[27.81169,37.001]]],[225,[56.92758,75.22573,0,[33.56798,40.001]]],[243,[57.06252,78.80505,0,[32.517,40.001]]],[250,[55.33527,85.32129,0,[30.93486,38.001]]],[278,[56.22115,82.47754,0,[31.67457,39.001]]],[251,[55.0826,87.14897,0,[29.97168,38.001]]],[215,[54.45704,89.94972,0,[28.7168,38.001]]],[224,[57.60521,76.36261,0,[32.76719,40.001]]],[85,[58.02154,64.82268,0,[33.50831,40.001]]],[293,[56.9044,85.17992,0,[31.68627,39.001]]],[276,[56.03913,82.34698,0,[30.81192,38.001]]],[179,[53.51469,91.12231,0,[27.92935,37.001]]],[234,[55.68322,87.69923,0,[29.99738,38.001]]],[265,[55.09521,88.07843,0,[28.88603,38.001]]],[266,[57.46138,84.23284,0,[31.85512,39.00099]]],[185,[58.63099,72.50978,0,[33.5099,40.001]]],[261,[58.39216,79.96751,0,[32.48555,40.001]]],[269,[56.73162,89.714,0,[30.84337,38.001]]],[267,[56.38586,87.62817,0,[29.94374,38.001]]],[235,[55.82776,90.87579,0,[28.92163,38.001]]],[39,[54.34964,83.8832,0,[27.85647,37.001]]],[275,[59.02626,81.75661,0,[32.49748,40.001]]],[101,[59.31955,66.3114,0,[33.49317,40.001]]],[260,[58.24605,80.15964,0,[31.52561,39.001]]],[268,[57.36396,88.10295,0,[30.99984,38.10497]]],[252,[57.05081,90.51101,0,[29.89478,38.001]]],[199,[55.35011,90.84502,0,[27.99994,37.60918]]],[180,[56.47756,89.84471,0,[28.86441,38.001]]],[292,[59.67051,83.81273,0,[32.49068,40.001]]],[295,[58.92517,86.98742,0,[31.46842,39.001]]],[274,[59.96521,79.7504,0,[33.45653,40.001]]],[310,[58.07839,86.28954,0,[30.53649,38.001]]],[253,[57.62445,90.94943,0,[29.9842,38.00099]]],[217,[57.0405,91.69373,0,[28.7963,38.001]]],[280,[59.59692,86.02538,0,[31.70934,39.001]]],[291,[60.39248,82.63081,0,[32.67142,40.001]]],[98,[55.7276,86.29497,0,[27.93847,37.00099]]],[283,[58.1389,91.84872,0,[29.26614,38.001]]],[282,[58.89722,88.94559,0,[30.69601,38.001]]],[186,[60.7776,72.12351,0,[33.58949,40.001]]],[146,[57.63835,90.92911,0,[28.80792,38.001]]],[308,[60.28156,84.55853,0,[31.60206,39.001]]],[281,[58.62914,88.42081,0,[29.78827,38.001]]],[241,[61.02549,77.45146,0,[32.65293,40.001]]],[325,[59.52211,86.65942,0,[30.77433,38.00099]]],[309,[61.61072,84.56198,0,[32.94491,40.00096]]],[130,[56.81301,89.80803,0,[27.81703,37.00099]]],[236,[58.5849,93.68729,0,[28.58788,38.001]]],[300,[59.39342,94.94971,0,[29.76932,38.00099]]],[311,[60.86399,87.64452,0,[31.62422,39.001]]],[240,[62.2291,76.58685,0,[33.20557,40.00098]]],[296,[60.14742,88.6754,0,[30.72052,38.001]]],[290,[61.47597,81.83675,0,[31.93515,39.00099]]],[162,[57.59287,90.61415,0,[27.93062,37.001]]],[299,[59.13025,94.34793,0,[28.88693,38.00099]]],[312,[60.7959,88.66189,0,[30.83129,38.00099]]],[315,[59.9632,93.26817,0,[29.69677,38.00099]]],[273,[62.60004,80.35624,0,[32.17608,40.00099]]],[323,[62.87531,83.70584,0,[33.23448,40.00099]]],[316,[60.57979,95.87932,0,[29.85227,38.00099]]],[297,[61.44803,88.3092,0,[30.99997,38.11572]]],[284,[59.68182,95.6296,0,[28.57042,38.001]]],[53,[60.40683,83.35064,0,[28.83871,38.00099]]],[324,[63.27427,86.78132,0,[32.49774,40.001]]],[26,[58.51609,83.99449,0,[27.82301,37.001]]],[298,[61.2428,91.39555,0,[29.94786,38.001]]],[307,[63.83096,82.72006,0,[33.22987,40.00099]]],[340,[62.49682,87.59245,0,[31.30037,39.00099]]],[330,[61.82248,93.45211,0,[30.13343,38.001]]],[354,[63.28993,87.65327,0,[31.99303,39.001]]],[68,[61.08098,84.94455,0,[28.89528,38.001]]],[114,[59.63608,89.62811,0,[27.91835,37.001]]],[339,[64.35593,85.83556,0,[32.6101,40.00096]]],[346,[62.99152,93.8642,0,[30.9998,38.84447]]],[131,[61.67954,89.13588,0,[29.07368,38.001]]],[317,[62.38815,95.31733,0,[30.17448,38.00099]]],[326,[63.75145,88.3428,0,[31.28752,39.001]]],[270,[60.33888,94.86639,0,[27.96798,37.001]]],[257,[64.94715,77.51041,0,[33.14389,40.00099]]],[313,[63.00865,90.64284,0,[30.17574,38.001]]],[306,[64.30566,83.32328,0,[31.85159,39.001]]],[331,[62.30191,96.981,0,[29.08362,38.00099]]],[285,[62.87575,95.91829,0,[29.1572,38.00097]]],[272,[65.41541,80.50399,0,[32.43946,40.00096]]],[327,[63.71924,88.9769,0,[30.72132,38.001]]],[237,[61.27267,97.36801,0,[27.99997,37.33649]]],[255,[63.5518,94.87907,0,[29.70322,38.001]]],[133,[66.01205,70.4848,0,[32.56942,40.001]]],[337,[65.27734,87.49792,0,[31.32597,39.00099]]],[338,[64.31303,88.13028,0,[30.64552,38.001]]],[54,[63.46621,85.40154,0,[28.65239,38.001]]],[67,[62.95422,85.69742,0,[28.00942,38.00098]]],[100,[66.25049,67.0241,0,[33.59485,40.001]]],[314,[64.14111,92.59697,0,[29.562,38.001]]],[254,[62.20773,97.5341,0,[27.99988,37.69814]]],[289,[65.80805,80.68941,0,[31.67394,39.00098]]],[305,[66.68648,82.38431,0,[32.57243,40.001]]],[355,[64.7422,92.00043,0,[29.82396,38.001]]],[332,[64.59293,99.22816,0,[28.75782,38.001]]],[352,[67.40527,85.77315,0,[32.65228,40.001]]],[163,[64.17091,92.07117,0,[28.04832,38.001]]],[322,[66.52573,84.92764,0,[31.70528,39.001]]],[321,[65.58033,84.53243,0,[30.8844,38.00098]]],[116,[67.01881,68.78188,0,[33.54532,40.001]]],[218,[63.07274,95.89545,0,[27.60263,37.001]]],[345,[65.30788,94.70715,0,[30.00017,38.00099]]],[256,[67.11958,79.69175,0,[31.70238,39.001]]],[239,[67.81113,77.10352,0,[33.47517,40.001]]],[361,[66.00622,96.01109,0,[29.87695,38.001]]],[287,[68.42461,80.6938,0,[33.28574,40.00096]]],[329,[66.35739,91.55385,0,[30.72186,38.001]]],[328,[65.1888,94.01159,0,[28.90782,38.001]]],[301,[65.77206,97.68328,0,[28.97949,38.00097]]],[369,[68.20821,90.44745,0,[32.00208,40.001]]],[353,[68.7892,88.59844,0,[32.39519,40.00099]]],[348,[66.48019,100.1556,0,[29.16427,38.001]]],[202,[69.11752,75.4927,0,[33.40677,40.001]]],[320,[67.04343,84.54817,0,[30.92136,38.001]]],[238,[64.50654,98.91864,0,[27.8675,37.001]]],[341,[68.1619,90.29828,0,[31.19293,39.001]]],[383,[69.46376,89.4331,0,[32.43798,40.001]]],[69,[66.23561,89.17969,0,[28.14914,38.001]]],[181,[65.27719,92.80925,0,[27.99987,37.305]]],[362,[66.92449,98.04875,0,[29.86979,38.001]]],[221,[69.76279,75.98511,0,[33.43995,40.00099]]],[356,[67.53146,91.29341,0,[30.17322,38.001]]],[370,[68.74809,90.58952,0,[31.37929,39.001]]],[357,[69.4393,91.06045,0,[31.76498,39.00097]]],[371,[70.33978,89.66875,0,[33.04246,40.001]]],[343,[68.13313,91.58282,0,[30.41483,38.001]]],[347,[67.06448,101.3172,0,[28.76235,38.001]]],[333,[67.63193,102.2052,0,[29.08311,38.001]]],[344,[68.73332,93.13269,0,[30.59136,38.00098]]],[372,[70.08951,91.56666,0,[31.60895,39.001]]],[358,[70.92821,90.54516,0,[32.58958,40.001]]],[200,[68.34034,96.74346,0,[29.38034,38.001]]],[83,[66.23862,88.38473,0,[27.69248,37.001]]],[375,[69.31937,94.40285,0,[30.81495,38.00099]]],[377,[68.17136,103.151,0,[28.30775,38.001]]],[342,[69.19571,92.46181,0,[29.77446,38.00099]]],[359,[70.86137,92.52683,0,[31.90566,39.001]]],[201,[67.10384,96.79792,0,[27.94025,37.001]]],[387,[70.05904,95.63617,0,[30.99356,38.001]]],[168,[71.4696,74.34235,0,[33.43514,40.00098]]],[374,[69.86507,96.84033,0,[30.00336,38.001]]],[164,[68.96712,96.05889,0,[28.82385,38.001]]],[302,[72.06715,81.078,0,[32.93445,40.00099]]],[373,[71.36015,94.07626,0,[31.15973,39.00099]]],[398,[69.74389,100.7439,0,[28.95774,38.001]]],[407,[70.51923,101.4248,0,[30.25257,38.001]]],[204,[72.73983,74.18777,0,[33.43859,40.00099]]],[271,[68.16208,100.2404,0,[27.74436,37.001]]],[382,[72.63676,90.73438,0,[32.25379,40.001]]],[220,[69.48925,98.81593,0,[28.0041,38.001]]],[368,[71.90615,88.93637,0,[31.22375,39.00095]]],[147,[70.37903,96.53918,0,[29.06804,38.001]]],[335,[73.21787,84.83273,0,[32.70401,40.001]]],[399,[71.26666,102.3673,0,[30.26752,38.001]]],[304,[73.72338,81.48931,0,[33.43515,40.00098]]],[385,[72.52631,93.35512,0,[31.48462,39.001]]],[388,[71.00091,102.8424,0,[29.33881,38.001]]],[219,[69.58633,97.47575,0,[27.84516,37.00098]]],[336,[73.09386,86.00871,0,[31.62567,39.00099]]],[384,[71.8087,92.13434,0,[30.54783,38.00095]]],[350,[74.34872,84.82497,0,[33.3767,40.00099]]],[318,[74.13261,83.97856,0,[32.29876,40.00099]]],[395,[72.41145,96.61328,0,[30.58994,38.001]]],[389,[71.65304,103.5039,0,[29.27008,38.001]]],[403,[73.04312,95.89889,0,[30.86173,38.001]]],[360,[70.86395,100.2098,0,[28.17444,38.001]]],[380,[74.75996,91.12311,0,[32.61973,40.001]]],[397,[72.2048,98.03376,0,[29.54523,38.001]]],[132,[75.21864,71.83992,0,[33.39031,40.00099]]],[363,[72.92037,103.7874,0,[29.79119,38.001]]],[182,[71.53238,101.3692,0,[28.16481,38.001]]],[366,[74.06319,91.53726,0,[31.44204,39.001]]],[351,[75.54093,86.98318,0,[32.50058,40.00099]]],[376,[72.68717,104.7538,0,[28.81386,38.001]]],[391,[75.96687,90.08865,0,[33.36297,40.001]]],[394,[74.65226,95.88348,0,[31.54789,39.001]]],[386,[73.50048,98.48677,0,[29.94973,38.00099]]],[84,[72.17686,93.73734,0,[28.22067,38.00099]]],[404,[74.04125,99.91006,0,[30.46442,38.001]]],[379,[75.33285,91.01916,0,[31.39811,39.001]]],[381,[76.23952,92.83914,0,[32.37003,40.00098]]],[115,[73.4443,93.51873,0,[28.68647,38.001]]],[393,[74.6273,95.43512,0,[30.42255,38.001]]],[259,[76.85986,78.71654,0,[33.34501,40.001]]],[396,[74.01116,99.96445,0,[29.3584,38.001]]],[99,[72.44955,93.86607,0,[27.86701,37.001]]],[319,[76.08449,86.15036,0,[31.11623,39.001]]],[166,[76.8765,74.04357,0,[32.2384,40.001]]],[392,[75.24753,93.30445,0,[30.31564,38.001]]],[405,[74.79436,103.7977,0,[29.33365,38.001]]],[117,[77.77141,74.66028,0,[33.21647,40.00097]]],[401,[76.68982,93.43636,0,[31.04818,39.00099]]],[406,[74.23426,105.4278,0,[28.24149,38.001]]],[390,[77.0081,89.42598,0,[31.88642,39.00098]]],[364,[76.08355,90.70661,0,[29.95337,38.001]]],[378,[75.60335,95.2927,0,[29.36648,38.001]]],[183,[76.84014,76.15611,0,[30.99965,38.03173]]],[149,[77.75184,77.27565,0,[31.91102,39.001]]],[402,[74.91051,102.3913,0,[28.20725,38.001]]],[203,[78.51688,76.13541,0,[33.11216,40.00097]]],[334,[76.67726,85.85638,0,[29.92891,38.00094]]],[286,[77.48187,81.08172,0,[30.90212,38.001]]],[288,[78.51659,80.58289,0,[31.86739,39.001]]],[303,[76.37446,88.77522,0,[28.66372,38.001]]],[400,[75.67515,100.2496,0,[28.22871,38.001]]],[71,[79.39658,70.76762,0,[32.92999,40.00097]]],[365,[77.41988,88.96514,0,[29.69137,38.001]]],[367,[78.16692,91.51731,0,[30.63655,38.001]]],[258,[80.17523,80.63707,0,[32.59502,40.00097]]],[349,[77.16156,93.05513,0,[28.52542,38.001]]],[222,[79.436,82.13979,0,[31.48091,39.00098]]],[165,[78.23549,76.6473,0,[29.28356,38.001]]],[184,[80.77328,72.7399,0,[33.26357,40.00095]]],[207,[79.00276,90.88675,0,[30.26635,38.00098]]],[223,[80.893,80.29832,0,[31.99967,39.77682]]],[148,[81.7038,72.27374,0,[33.06974,40.00098]]],[153,[80.34081,84.27815,0,[30.99969,38.842]]],[88,[81.51297,73.56329,0,[31.92633,39.00097]]]

Travel Distances:
[41,64.43638],[27,65.73875],[42,66.06625],[29,66.896],[28,69.33334],[40,63.65712],[43,68.32447],[44,67.892],[17,71.59538],[30,70.55492],[16,71.90382],[18,73.68893],[59,71.57913],[31,72.88934],[74,69.59304],[7,73.88475],[45,73.98744],[19,75.54391],[20,75.3154],[58,67.03223],[75,73.33667],[60,75.06127],[9,77.6086],[8,77.84333],[89,71.94189],[76,71.4142],[32,76.94257],[47,76.20905],[61,74.41553],[0,79.84235],[77,74.19845],[46,77.65536],[10,79.4323],[90,73.42695],[34,78.72134],[62,77.23975],[33,80.46216],[21,81.46452],[48,79.13765],[91,76.72952],[73,68.36533],[11,81.1076],[1,83.51861],[107,76.87239],[63,80.70103],[22,81.29951],[106,72.57336],[2,85.23693],[78,81.96719],[122,78.11098],[3,83.15522],[121,75.65968],[92,79.56558],[12,84.36758],[108,79.71211],[105,71.76659],[109,80.52891],[49,85.2168],[123,77.91487],[79,82.68409],[64,84.80479],[103,70.70966],[93,83.93904],[124,80.96465],[23,87.72953],[86,68.7515],[35,85.40448],[94,83.3949],[137,77.07883],[72,68.4588],[4,87.35734],[139,80.53042],[50,87.00559],[138,77.80751],[110,85.99641],[120,72.49131],[140,81.0205],[119,73.0513],[13,89.58148],[155,81.00837],[125,85.17479],[80,88.49425],[126,84.21451],[152,76.41975],[135,73.53471],[111,88.38872],[156,83.04171],[95,90.11069],[136,76.76905],[56,65.56653],[141,85.40854],[5,88.70575],[173,81.74493],[172,81.18654],[81,90.21187],[151,76.66871],[157,87.12737],[51,91.91456],[158,85.71101],[174,83.80508],[96,88.53634],[55,65.98494],[127,90.33843],[128,90.08766],[170,79.09417],[191,84.04523],[36,91.58595],[52,90.60786],[169,75.88072],[190,82.17658],[142,88.92521],[171,83.47191],[66,90.67574],[154,77.41902],[57,66.32051],[65,93.078],[188,80.56988],[176,87.75336],[187,80.81958],[150,74.78113],[192,90.10188],[143,93.3237],[177,88.91798],[134,72.84789],[167,76.25385],[159,90.7116],[24,91.77661],[193,87.9726],[175,93.27763],[209,81.33347],[228,81.72128],[189,84.19966],[37,93.19341],[161,92.89776],[229,84.21918],[211,84.39085],[145,93.49747],[194,90.85498],[160,96.87762],[245,84.38184],[70,67.79865],[195,88.31519],[112,96.68676],[178,90.65391],[230,86.15784],[15,88.18973],[129,94.55162],[226,79.20764],[212,91.11478],[113,91.92579],[210,80.45578],[82,97.547],[227,82.57945],[246,87.57919],[213,91.01519],[14,92.34267],[208,81.34169],[87,70.74157],[144,100.41],[262,88.43431],[247,91.10207],[196,96.11996],[216,97.35212],[263,87.67625],[102,71.23168],[248,90.50679],[231,94.09162],[277,87.80467],[118,72.80431],[197,99.43567],[38,91.66872],[25,95.03112],[249,92.51878],[232,94.0703],[242,82.20658],[205,77.88761],[198,100.0981],[279,93.45721],[97,97.72617],[233,95.91833],[104,71.87531],[244,84.02516],[214,97.47955],[294,90.87569],[206,76.80346],[264,96.25548],[6,93.84378],[225,78.28915],[243,82.4207],[250,92.56199],[278,87.68079],[251,94.88684],[215,100.9276],[224,80.66988],[85,68.19443],[293,91.13638],[276,89.97594],[179,103.9239],[234,96.23733],[265,97.75435],[266,89.06523],[185,74.81843],[261,82.88458],[269,98.06136],[267,96.73186],[235,101.1291],[39,97.04763],[275,85.38512],[101,69.18397],[260,85.48117],[268,95.24179],[252,100.3023],[199,103.917],[180,100.7974],[292,88.02181],[295,93.0046],[274,83.01497],[310,93.80649],[253,99.51971],[217,101.5529],[280,90.55849],[291,85.3708],[98,100.5847],[283,101.4018],[282,96.98956],[186,75.5118],[146,101.2252],[308,89.72925],[281,96.68546],[241,80.67931],[325,93.50963],[309,86.95938],[130,102.0363],[236,104.4284],[300,104.0244],[311,93.39534],[240,79.66109],[296,96.25326],[290,86.65676],[162,103.2552],[299,103.9653],[312,96.63831],[315,103.1018],[273,84.81808],[323,87.25488],[316,104.5239],[297,94.89992],[284,106.0133],[53,92.41011],[324,89.86781],[26,96.72545],[298,98.76907],[307,85.02254],[340,94.03824],[330,101.4671],[354,92.71004],[68,94.6554],[114,102.1949],[339,88.87958],[346,99.53561],[131,99.49432],[317,104.3556],[326,94.60169],[270,107.9417],[257,80.9916],[313,98.3836],[306,88.3083],[331,106.3035],[285,104.0466],[272,83.36418],[327,95.20863],[237,108.6719],[255,103.5189],[133,74.08121],[337,92.84202],[338,95.3553],[54,94.23129],[67,95.69582],[100,69.4953],[314,100.1959],[254,109.0407],[289,86.80803],[305,86.61236],[355,99.99394],[332,107.8177],[352,88.77036],[163,101.6021],[322,89.62814],[321,92.96997],[116,72.61235],[218,109.4738],[345,103.9135],[256,85.13466],[239,80.57517],[361,103.92],[287,83.39967],[329,98.43459],[328,105.4853],[301,107.9294],[369,95.42756],[353,92.51169],[348,109.0912],[202,78.57972],[320,92.06531],[238,111.7976],[341,95.24986],[383,92.22074],[69,100.4404],[181,106.1042],[362,107.6776],[221,79.68431],[356,99.73773],[370,96.28627],[357,95.71264],[371,92.3559],[343,98.92474],[347,111.0283],[333,110.6506],[344,101.297],[372,97.1122],[358,94.14317],[200,105.5627],[83,101.6551],[375,101.2175],[377,112.6367],[342,99.91756],[359,96.31419],[201,110.3025],[387,103.1005],[168,77.67757],[374,104.9118],[164,106.0124],[302,84.57573],[373,99.24234],[398,109.1835],[407,108.2873],[204,78.07449],[271,113.6796],[382,95.03553],[220,109.7196],[368,94.93502],[147,105.5893],[335,88.01158],[399,109.7997],[304,83.90156],[385,98.12107],[388,112.7406],[219,109.898],[336,91.59119],[384,100.21],[350,87.69633],[318,87.51212],[395,103.5138],[389,112.1711],[403,101.7328],[360,112.3662],[380,95.22838],[397,107.331],[132,75.04884],[363,111.8527],[182,112.1199],[366,97.06395],[351,91.57578],[376,115.2386],[391,93.68627],[394,102.1263],[386,107.2413],[84,105.1906],[404,107.4605],[379,96.04205],[381,95.97694],[115,102.5624],[393,103.682],[259,82.41856],[396,109.5731],[99,106.7111],[319,91.87342],[166,77.69857],[392,100.3986],[405,112.0834],[117,77.05735],[401,99.97232],[406,116.8925],[390,94.79954],[364,98.46157],[378,104.0125],[183,82.39106],[149,81.56181],[402,112.4289],[203,78.55019],[334,94.33173],[286,88.01761],[288,85.47752],[303,97.96956],[400,110.8091],[71,73.60708],[365,95.9062],[367,99.04464],[258,84.27114],[349,102.6602],[222,87.2331],[165,84.13888],[184,75.05664],[207,98.62006],[223,84.47082],[148,74.83168],[153,91.52682],[88,78.46992]

Finish Times:
[41,34.3204],[27,34.88042],[42,35.16042],[29,35.84044],[28,36.04044],[40,36.24045],[43,36.76046],[44,36.92046],[17,37.00047],[30,37.52048],[16,37.72048],[18,37.96049],[59,37.96049],[31,38.3605],[74,38.80051],[7,38.92051],[45,39.00051],[19,39.16051],[20,39.56052],[58,39.56052],[75,40.00053],[60,40.20054],[9,40.32054],[8,40.36054],[89,40.56055],[76,40.68055],[32,40.84055],[47,41.00056],[61,41.32056],[0,41.36057],[77,41.36057],[46,41.48057],[10,41.92058],[90,42.00058],[34,42.04058],[62,42.04058],[33,42.12058],[21,42.60059],[48,42.6806],[91,42.6806],[73,42.7206],[11,42.8806],[1,43.0806],[107,43.28061],[63,43.36061],[22,43.44061],[106,43.68062],[2,43.96062],[78,44.08063],[122,44.08063],[3,44.32063],[121,44.44064],[92,44.84064],[12,44.88065],[108,44.88065],[105,44.92065],[109,45.48066],[49,45.52066],[123,45.56066],[79,45.60066],[64,45.80067],[103,45.92067],[93,46.04067],[124,46.20068],[23,46.48068],[86,46.52068],[35,46.56068],[94,46.68069],[137,46.80069],[72,47.0407],[4,47.1207],[139,47.2407],[50,47.3607],[138,47.4007],[110,47.76071],[120,47.76071],[140,47.84071],[119,48.00072],[13,48.20072],[155,48.32072],[125,48.36073],[80,48.56073],[126,48.64073],[152,48.72073],[135,48.76073],[111,49.12074],[156,49.20074],[95,49.28075],[136,49.32075],[56,49.44075],[141,49.60075],[5,49.76076],[173,49.80076],[172,49.96076],[81,50.04076],[151,50.12077],[157,50.20077],[51,50.44077],[158,50.44077],[174,50.56078],[96,50.60078],[55,50.80078],[127,51.04079],[128,51.24079],[170,51.24079],[191,51.36079],[36,51.4408],[52,51.4408],[169,51.5608],[190,51.84081],[142,51.96081],[171,52.04081],[66,52.08081],[154,52.32082],[57,52.48082],[65,52.56082],[188,52.60082],[176,52.92083],[187,52.96083],[150,53.12083],[192,53.16084],[143,53.20084],[177,53.32084],[134,53.56084],[167,53.60085],[159,53.64085],[24,53.84085],[193,53.96085],[175,54.00085],[209,54.08086],[228,54.12086],[189,54.28086],[37,54.40086],[161,54.40086],[229,54.60087],[211,54.76087],[145,55.00088],[194,55.00088],[160,55.08088],[245,55.20088],[70,55.32088],[195,55.36089],[112,55.56089],[178,55.60089],[230,55.8809],[15,55.9209],[129,55.9209],[226,55.9209],[212,56.0409],[113,56.40091],[210,56.40091],[82,56.48091],[227,56.60091],[246,56.60091],[213,56.80092],[14,56.96092],[208,57.12093],[87,57.16093],[144,57.24093],[262,57.28093],[247,57.36093],[196,57.56094],[216,57.68094],[263,57.72094],[102,57.80094],[248,57.88094],[231,58.00095],[277,58.28095],[118,58.32095],[197,58.32095],[38,58.36095],[25,58.48096],[249,58.48096],[232,58.68096],[242,58.88097],[205,58.92097],[198,59.04097],[279,59.12097],[97,59.28098],[233,59.40098],[104,59.56098],[244,59.56098],[214,59.80099],[294,59.84099],[206,59.92099],[264,60.201],[6,60.241],[225,60.441],[243,60.521],[250,60.561],[278,60.68101],[251,60.92101],[215,60.96101],[224,61.08102],[85,61.20102],[293,61.24102],[276,61.44102],[179,61.48103],[234,61.56103],[265,61.76103],[266,61.80103],[185,61.88103],[261,61.88103],[269,62.04104],[267,62.28104],[235,62.40105],[39,62.44105],[275,62.48105],[101,62.56105],[260,62.56105],[268,62.68105],[252,63.00106],[199,63.08106],[180,63.12106],[292,63.16106],[295,63.20107],[274,63.28107],[310,63.52107],[253,63.56107],[217,63.80108],[280,63.84108],[291,63.88108],[98,63.96108],[283,64.08109],[282,64.12109],[186,64.20109],[146,64.40109],[308,64.6011],[281,64.6411],[241,64.7211],[325,64.8011],[309,64.8411],[130,64.9211],[236,65.16111],[300,65.28111],[311,65.32111],[240,65.44112],[296,65.44112],[290,65.48112],[162,65.60112],[299,65.88113],[312,65.96113],[315,65.96113],[273,66.08113],[323,66.12113],[316,66.16113],[297,66.44114],[284,66.52114],[53,66.68114],[324,66.72115],[26,66.76115],[298,66.76115],[307,66.88115],[340,67.00115],[330,67.32116],[354,67.32116],[68,67.36116],[114,67.44116],[339,67.56116],[346,67.60117],[131,67.96117],[317,67.96117],[326,67.96117],[270,68.16118],[257,68.20118],[313,68.24118],[306,68.40118],[331,68.68119],[285,68.72119],[272,68.76119],[327,68.76119],[237,68.8812],[255,69.0812],[133,69.32121],[337,69.36121],[338,69.40121],[54,69.68121],[67,69.72121],[100,69.84122],[314,69.84122],[254,69.92122],[289,70.12122],[305,70.16122],[355,70.28123],[332,70.60123],[352,70.76124],[163,70.84124],[322,70.84124],[321,70.96124],[116,71.00124],[218,71.08125],[345,71.28125],[256,71.40125],[239,71.56126],[361,71.68126],[287,71.72126],[329,71.80126],[328,71.96127],[301,72.16127],[369,72.16127],[353,72.32127],[348,72.36127],[202,72.40128],[320,72.44128],[238,72.68128],[341,72.76128],[383,72.92129],[69,72.96129],[181,72.96129],[362,72.96129],[221,73.04129],[356,73.04129],[370,73.4013],[357,73.5613],[371,73.6413],[343,73.6813],[347,73.76131],[333,73.80131],[344,73.96131],[372,74.16132],[358,74.24132],[200,74.28132],[83,74.40132],[375,74.52132],[377,74.72133],[342,74.88133],[359,74.88133],[201,74.96133],[387,74.96133],[168,75.24134],[374,75.24134],[164,75.36134],[302,75.60135],[373,75.72135],[398,75.72135],[407,75.92136],[204,75.96136],[271,76.08136],[382,76.20136],[220,76.36137],[368,76.36137],[147,76.48137],[335,76.68137],[399,76.76138],[304,76.84138],[385,76.88138],[388,77.20139],[219,77.32139],[336,77.32139],[384,77.36139],[350,77.56139],[318,77.60139],[395,77.8014],[389,77.9214],[403,77.9214],[360,78.20141],[380,78.20141],[397,78.24141],[132,78.32141],[363,78.44141],[182,78.56142],[366,78.56142],[351,78.96143],[376,79.00143],[391,79.08143],[394,79.08143],[386,79.12143],[84,79.40144],[404,79.48144],[379,79.64144],[381,79.68144],[115,79.76144],[393,80.04145],[259,80.08145],[396,80.08145],[99,80.24146],[319,80.36146],[166,80.52146],[392,80.72147],[405,80.76147],[117,80.80147],[401,81.04147],[406,81.04147],[390,81.16148],[364,81.44148],[378,81.60149],[183,81.68149],[149,81.72149],[402,81.80149],[203,81.88149],[334,82.1215],[286,82.3215],[288,82.4015],[303,82.48151],[400,82.52151],[71,82.60151],[365,82.88152],[367,83.00152],[258,83.24152],[349,83.32153],[222,83.56153],[165,83.72153],[184,83.92154],[207,84.20155],[223,84.52155],[148,84.80156],[153,85.04156],[88,85.52158]

Stuck Times:
[41,0],[27,0],[42,0],[29,0],[28,0],[40,1],[43,0],[44,0],[17,0],[30,0],[16,0],[18,0],[59,0],[31,0],[74,0],[7,0],[45,0],[19,0],[20,0],[58,3],[75,0],[60,0],[9,0],[8,0],[89,0],[76,0],[32,0],[47,0],[61,0],[0,0],[77,0],[46,0],[10,0],[90,1],[34,0],[62,0],[33,0],[21,0],[48,0],[91,0],[73,6],[11,0],[1,0],[107,0],[63,0],[22,0],[106,1],[2,0],[78,0],[122,0],[3,0],[121,1],[92,0],[12,0],[108,0],[105,3],[109,0],[49,0],[123,0],[79,0],[64,0],[103,7],[93,0],[124,1],[23,0],[86,9],[35,0],[94,0],[137,1],[72,11],[4,0],[139,1],[50,0],[138,2],[110,0],[120,4],[140,1],[119,8],[13,0],[155,3],[125,0],[80,0],[126,0],[152,4],[135,6],[111,0],[156,2],[95,1],[136,6],[56,15],[141,1],[5,1],[173,2],[172,4],[81,1],[151,8],[157,1],[51,0],[158,2],[174,2],[96,2],[55,17],[127,0],[128,0],[170,6],[191,3],[36,1],[52,2],[169,9],[190,6],[142,3],[171,7],[66,4],[154,10],[57,18],[65,1],[188,8],[176,6],[187,10],[150,14],[192,4],[143,3],[177,6],[134,13],[167,10],[159,6],[24,7],[193,6],[175,2],[209,7],[228,9],[189,8],[37,4],[161,4],[229,8],[211,8],[145,5],[194,6],[160,4],[245,10],[70,21],[195,6],[112,1],[178,6],[230,9],[15,10],[129,5],[226,13],[212,8],[113,6],[210,14],[82,2],[227,11],[246,10],[213,9],[14,9],[208,10],[87,20],[144,4],[262,10],[247,10],[196,5],[216,6],[263,12],[102,22],[248,10],[231,10],[277,10],[118,21],[197,5],[38,9],[25,11],[249,11],[232,11],[242,13],[205,17],[198,6],[279,12],[97,7],[233,9],[104,23],[244,14],[214,8],[294,11],[206,22],[264,12],[6,13],[225,20],[243,18],[250,12],[278,15],[251,12],[215,8],[224,21],[85,28],[293,15],[276,15],[179,7],[234,14],[265,12],[266,16],[185,23],[261,21],[269,14],[267,13],[235,11],[39,12],[275,20],[101,32],[260,20],[268,14],[252,14],[199,9],[180,13],[292,19],[295,17],[274,22],[310,18],[253,12],[217,11],[280,17],[291,20],[98,12],[283,13],[282,16],[186,31],[146,13],[308,21],[281,16],[241,23],[325,17],[309,22],[130,10],[236,13],[300,13],[311,19],[240,24],[296,17],[290,22],[162,12],[299,13],[312,19],[315,14],[273,23],[323,24],[316,12],[297,20],[284,12],[53,20],[324,24],[26,17],[298,18],[307,24],[340,21],[330,17],[354,22],[68,20],[114,17],[339,25],[346,16],[131,19],[317,16],[326,22],[270,13],[257,27],[313,20],[306,26],[331,14],[285,19],[272,28],[327,21],[237,14],[255,19],[133,35],[337,25],[338,25],[54,20],[67,21],[100,38],[314,22],[254,14],[289,27],[305,28],[355,23],[332,17],[352,27],[163,20],[322,26],[321,26],[116,37],[218,17],[345,20],[256,31],[239,34],[361,20],[287,29],[329,24],[328,22],[301,18],[369,25],[353,30],[348,18],[202,37],[320,31],[238,20],[341,25],[383,27],[69,23],[181,21],[362,19],[221,32],[356,25],[370,28],[357,28],[371,30],[343,24],[347,17],[333,17],[344,26],[372,28],[358,28],[200,22],[83,23],[375,25],[377,17],[342,25],[359,29],[201,23],[387,26],[168,38],[374,26],[164,23],[302,35],[373,29],[398,22],[407,23],[204,43],[271,21],[382,33],[220,21],[368,33],[147,23],[335,37],[399,24],[304,36],[385,29],[388,22],[219,24],[336,36],[384,30],[350,37],[318,37],[395,27],[389,22],[403,31],[360,26],[380,36],[397,25],[132,48],[363,23],[182,24],[366,33],[351,38],[376,22],[391,40],[394,31],[386,27],[84,27],[404,27],[379,34],[381,36],[115,27],[393,32],[259,45],[396,28],[99,28],[319,33],[166,48],[392,33],[405,26],[117,45],[401,33],[406,24],[390,39],[364,33],[378,31],[183,42],[149,44],[402,29],[203,45],[334,35],[286,42],[288,48],[303,36],[400,31],[71,45],[365,36],[367,36],[258,47],[349,31],[222,43],[165,42],[184,52],[207,35],[223,49],[148,53],[153,40],[88,46]

