Experiment Name: Custom-RoughWalls
Method Used: PathFollowingLowerNumberOfPaths
Run Number: 5
Preparation Time: 0.0003ms
Pathfinding Time: 5.3552ms
Finish Time: 76.64137ms
Finish Time 90%: 73.5213ms
Repaths: 0
Soft Repaths: 0

Gates Data:
0:[114,[6.664557,13.32128,0,[33.001,59.14423]]],[99,[6.166464,12.3294,0,[32.001,57.80529]]],[84,[6.190003,12.37737,0,[32.001,56.38685]]],[113,[7.243889,14.47364,0,[33.001,58.40855]]],[98,[6.74313,13.47993,0,[32.001,57.08408]]],[83,[6.776836,13.54952,0,[32.001,55.73689]]],[97,[7.276081,14.5365,0,[32.001,57.68391]]],[128,[7.258234,14.49445,0,[33.001,59.78318]]],[69,[6.228208,12.45387,0,[32.001,54.95052]]],[82,[7.295012,14.5731,0,[32.001,56.40638]]],[111,[8.381592,16.70677,0,[33.001,58.43376]]],[112,[7.804588,15.5879,0,[33.001,58.9752]]],[96,[7.860471,15.67071,0,[32.001,57.2997]]],[67,[7.322979,14.63392,0,[32.001,55.10421]]],[125,[8.94533,17.85262,0,[33.001,59.05305]]],[81,[7.878171,15.70029,0,[32.001,56.18957]]],[110,[8.41819,16.8028,0,[32.001,57.82862]]],[126,[8.414958,16.77306,0,[33.001,59.59644]]],[109,[9.453477,18.84125,0,[33.001,58.50583]]],[68,[6.818879,13.63197,0,[32.001,54.42002]]],[95,[8.420451,16.80838,0,[32.001,56.67289]]],[94,[8.970713,17.86177,0,[32.001,57.2586]]],[140,[8.951902,17.87262,0,[33.001,60.33849]]],[108,[9.512583,18.90736,0,[32.001,57.94028]]],[80,[8.447372,16.85287,0,[32.001,55.52476]]],[93,[9.524787,18.96966,0,[32.001,56.76306]]],[66,[7.907072,15.76263,0,[32.001,55.08556]]],[124,[9.458904,18.87449,0,[33.001,59.74706]]],[92,[10.04666,19.99544,0,[32.001,57.41167]]],[65,[8.501751,16.94949,0,[32.001,54.40318]]],[54,[6.290531,12.57861,0,[32.001,53.4392]]],[107,[10.55426,20.93793,0,[33.001,58.63104]]],[106,[10.5823,21.08061,0,[32.001,57.94316]]],[52,[7.366737,14.7032,0,[32.001,53.77579]]],[79,[8.987938,17.90205,0,[32.001,56.07313]]],[139,[9.491252,18.89638,0,[33.001,61.00907]]],[123,[10.02719,19.95835,0,[33.001,59.1745]]],[51,[7.934674,15.78137,0,[32.001,53.98607]]],[77,[10.05369,19.97966,0,[32.001,56.25953]]],[121,[11.1088,22.14295,0,[33.001,59.14537]]],[122,[10.57709,20.99987,0,[33.001,59.81757]]],[129,[6.678948,13.34214,0,[33.001,60.56172]]],[78,[9.570717,18.96152,0,[32.001,55.61802]]],[74,[11.88017,23.24349,0,[32.001,56.51894]]],[90,[11.15213,22.23948,0,[32.001,56.91752]]],[105,[11.64007,23.16661,0,[33.001,58.07224]]],[89,[11.70153,23.30401,0,[32.001,57.55682]]],[104,[12.16894,24.22248,0,[33.001,58.69589]]],[120,[11.67183,23.23641,0,[33.001,59.24247]]],[91,[10.59898,21.13266,0,[32.001,56.82855]]],[64,[9.061954,18.04897,0,[32.001,54.92612]]],[103,[12.23135,24.36364,0,[32.001,57.98174]]],[137,[10.76473,20.95396,0,[33.001,60.89062]]],[75,[11.38556,22.19573,0,[32.001,55.92458]]],[136,[11.28711,22.0854,0,[33.001,60.22667]]],[87,[13.04383,25.65672,0,[32.001,56.96057]]],[119,[12.31723,24.28614,0,[33.001,59.7832]]],[53,[6.879555,13.75224,0,[32.001,53.16389]]],[59,[12.09048,23.44539,0,[32.001,55.50317]]],[150,[11.45072,22.16371,0,[33.001,61.35179]]],[88,[12.40717,24.42407,0,[32.001,56.94476]]],[135,[11.83991,23.13625,0,[33.001,60.41531]]],[76,[10.65466,21.10881,0,[32.001,55.73111]]],[86,[13.53211,26.70525,0,[32.001,57.68547]]],[102,[13.34788,26.54069,0,[33.001,58.06059]]],[73,[12.62719,24.40154,0,[32.001,55.93687]]],[149,[11.99129,23.23101,0,[33.001,61.62467]]],[37,[7.936474,15.79067,0,[32.001,52.87944]]],[100,[14.62838,29.1041,0,[33.001,58.64012]]],[117,[13.37405,26.62059,0,[33.001,59.20948]]],[118,[12.78818,25.43538,0,[33.001,59.08374]]],[63,[9.675663,19.14383,0,[32.001,54.52592]]],[71,[13.78097,26.75624,0,[32.001,56.66291]]],[85,[14.28127,28.19944,0,[32.001,57.57499]]],[101,[13.96424,27.67941,0,[33.001,58.80747]]],[72,[13.2743,25.6995,0,[32.001,55.89917]]],[58,[12.81538,24.63005,0,[32.001,54.90004]]],[133,[12.93642,25.33014,0,[33.001,60.15689]]],[115,[15.46704,29.73413,0,[33.00099,58.45822]]],[41,[14.61317,27.45984,0,[32.001,55.78627]]],[62,[10.15834,20.1632,0,[32.001,55.13675]]],[132,[13.82387,26.58027,0,[33.001,59.93435]]],[70,[14.72916,28.36312,0,[32.001,56.94881]]],[147,[13.42535,25.55438,0,[33.001,60.70086]]],[57,[13.44827,25.98606,0,[32.001,54.77492]]],[35,[9.52018,18.1026,0,[32.001,53.22978]]],[158,[16.27588,30.28222,0,[33.001,59.1008]]],[116,[14.50527,27.7835,0,[33.001,59.72263]]],[55,[15.44368,29.46619,0,[32.001,57.71497]]],[49,[9.054373,17.95536,0,[32.001,53.78688]]],[61,[11.06349,21.30911,0,[32.001,54.95871]]],[56,[13.99099,27.18466,0,[32.001,55.57581]]],[130,[15.27107,29.53839,0,[33.001,59.52638]]],[134,[12.48401,24.1943,0,[33.001,60.88511]]],[178,[16.83208,29.29372,0,[33.001,59.76751]]],[145,[14.96499,28.66294,0,[33.001,60.64399]]],[29,[15.27677,27.40852,0,[32.001,56.38388]]],[39,[6.909224,13.80047,0,[32.001,52.02149]]],[44,[12.26561,23.34519,0,[32.001,54.45078]]],[152,[10.2265,20.03432,0,[33.001,61.46169]]],[17,[15.93369,28.75172,0,[32.001,56.87418]]],[47,[10.58648,19.9985,0,[32.001,54.3616]]],[36,[8.862926,16.9395,0,[32.001,52.31118]]],[40,[16.68771,32.01676,0,[33.001,58.19822]]],[148,[13.00331,24.47097,0,[33.001,61.42766]]],[138,[10.04856,19.93342,0,[33.001,60.36833]]],[11,[15.16513,24.4043,0,[32.001,55.20145]]],[27,[16.74264,30.87277,0,[32.001,57.18999]]],[177,[17.66338,31.50879,0,[33.001,59.65783]]],[131,[14.28023,27.70873,0,[33.001,60.74817]]],[18,[14.49373,25.75268,0,[32.001,54.59121]]],[48,[10.08807,18.96041,0,[32.001,53.83186]]],[169,[15.86234,29.24556,0,[33.001,60.12285]]],[181,[18.24635,27.79432,0,[33.001,60.485]]],[151,[10.91027,21.04593,0,[33.001,62.02475]]],[16,[16.9417,30.32668,0,[32.001,55.95823]]],[184,[17.69065,31.27303,0,[32.00099,57.67214]]],[43,[12.89774,24.51686,0,[32.001,53.80352]]],[182,[17.35367,25.12025,0,[33.001,60.90096]]],[50,[8.501408,16.91362,0,[32.001,53.22603]]],[60,[11.61953,22.44744,0,[32.001,54.85149]]],[179,[16.64364,28.58773,0,[33.001,61.14413]]],[42,[13.92839,26.01998,0,[32.001,54.21717]]],[46,[11.14468,21.16495,0,[32.001,53.68869]]],[161,[12.49002,23.45662,0,[33.001,62.11177]]],[28,[17.40728,31.13085,0,[33.001,58.47709]]],[21,[11.78757,20.67653,0,[32.001,52.66866]]],[38,[7.454497,14.75152,0,[32.001,52.32399]]],[146,[13.83804,26.72644,0,[33.001,61.53321]]],[8,[15.98838,27.94896,0,[32.001,54.35098]]],[25,[8.224524,15.83029,0,[32.001,51.92596]]],[173,[17.5613,23.03965,0,[33.001,62.28901]]],[45,[11.76082,22.37101,0,[32.001,53.77873]]],[176,[15.0998,21.94243,0,[33.001,61.92243]]],[10,[15.23663,25.86353,0,[32.001,54.08504]]],[24,[9.528319,17.25819,0,[32.001,52.12064]]],[170,[15.6493,27.1554,0,[33.001,62.84727]]],[159,[14.50171,25.99864,0,[33.001,61.80143]]],[20,[12.66112,21.94267,0,[32.001,52.41665]]],[19,[15.94641,27.16895,0,[32.001,55.60102]]],[163,[11.98517,21.1474,0,[33.001,63.06446]]],[12,[14.58456,23.12114,0,[32.001,53.40876]]],[33,[10.63086,20.13614,0,[32.001,53.2011]]],[171,[15.65485,25.74861,0,[33.001,61.34229]]],[7,[17.63045,31.00364,0,[32.001,55.32004]]],[180,[16.39782,25.97264,0,[33.001,62.49014]]],[172,[12.72465,22.44245,0,[33.001,63.10632]]],[34,[10.12185,19.15029,0,[32.001,52.73687]]],[14,[12.16205,17.56895,0,[32.001,51.86007]]],[31,[12.35509,22.95226,0,[32.001,53.34093]]],[174,[13.97971,21.43961,0,[33.001,62.89351]]],[143,[7.281691,14.53174,0,[33.001,61.18142]]],[26,[10.02529,14.85826,0,[32.001,51.64776]]],[0,[16.79598,30.42877,0,[32.001,54.64289]]],[165,[10.86256,19.05762,0,[33.001,63.28018]]],[154,[8.977897,17.89059,0,[33.001,61.69207]]],[23,[10.64491,18.18771,0,[32.001,51.98778]]],[168,[13.38992,15.82117,0,[33.001,63.29254]]],[22,[13.93678,21.95199,0,[32.001,53.10154]]],[1,[17.73047,31.19911,0,[32.001,52.7052]]],[157,[7.277374,14.4923,0,[33.001,62.67677]]],[13,[13.83246,21.70968,0,[32.001,52.0046]]],[167,[8.671152,16.65633,0,[33.001,62.97308]]],[4,[16.76416,27.82739,0,[32.001,52.52786]]],[142,[7.851394,15.67389,0,[33.001,61.54932]]],[162,[11.4788,22.2713,0,[33.001,62.55683]]],[183,[18.72195,30.40891,0,[33.00099,58.70389]]],[166,[9.279006,17.79774,0,[33.001,63.11548]]],[32,[11.18979,21.41756,0,[32.001,52.38862]]],[30,[13.36462,23.59935,0,[32.001,53.23771]]],[164,[10.32019,20.07303,0,[33.001,62.65569]]],[144,[6.732754,13.44063,0,[33.001,62.0146]]],[156,[7.869481,15.62921,0,[33.001,62.94125]]],[5,[16.32157,26.56989,0,[32.001,53.38508]]],[153,[9.654627,18.9464,0,[33.001,62.19317]]],[15,[13.2043,18.46939,0,[32.001,52.10329]]],[155,[8.426108,16.78289,0,[33.001,61.95283]]],[3,[14.52631,24.51217,0,[32.001,52.19954]]],[2,[17.3189,28.93585,0,[32.001,53.82525]]],[6,[15.83435,22.75346,0,[32.001,52.2429]]],[141,[8.437169,16.79596,0,[33.001,60.78329]]],[175,[14.69112,23.06942,0,[33.001,62.91833]]],[160,[13.39452,24.8751,0,[33.001,62.19601]]],[9,[15.39088,27.09444,0,[32.001,52.96423]]],[127,[7.823206,15.62388,0,[33.001,60.2319]]]
1:[114,[30.70635,61.3602,0,[81.001,59.82917]]],[99,[30.69821,61.37884,0,[81.00099,58.22167]]],[84,[31.28746,62.47203,0,[82.00099,56.63613]]],[113,[31.29309,62.53219,0,[81.001,58.82041]]],[98,[31.32199,62.5837,0,[81.001,57.2516]]],[83,[31.89732,63.00726,0,[81.001,57.68151]]],[97,[31.92039,63.62074,0,[81.001,59.13758]]],[128,[31.1714,61.6036,0,[80.00098,60.1954]]],[69,[32.54861,62.98883,0,[82.00096,56.53539]]],[82,[32.52205,64.01638,0,[81.00099,57.85172]]],[111,[32.66251,64.81442,0,[81.001,59.11983]]],[112,[32.33373,62.71564,0,[80.00099,60.25899]]],[96,[33.09592,64.96115,0,[81.00098,57.92276]]],[67,[33.22337,65.41824,0,[82.00096,56.64232]]],[125,[33.42174,66.04104,0,[81.00098,59.17488]]],[81,[33.56097,65.24152,0,[81.001,57.04667]]],[110,[33.79379,66.04453,0,[81.001,58.10703]]],[126,[33.08849,64.05931,0,[80.00098,60.14683]]],[109,[34.16428,67.0294,0,[81.00092,59.16766]]],[68,[33.67605,64.89262,0,[82.00092,55.92854]]],[95,[34.33347,66.12688,0,[81.09155,57.00029]]],[94,[34.54368,67.10436,0,[81.00096,58.16576]]],[140,[33.9026,65.16055,0,[80.001,60.06386]]],[108,[35.01477,68.23771,0,[81.00093,59.10784]]],[80,[34.68161,67.30573,0,[82.00096,56.11723]]],[93,[35.1496,68.31844,0,[81.00092,57.7851]]],[66,[35.47168,67.04116,0,[81.96555,57.00041]]],[124,[34.66204,66.21532,0,[80.00097,60.08932]]],[92,[35.77476,69.24225,0,[81.00096,58.60627]]],[65,[35.78093,67.23005,0,[81.00095,57.13335]]],[54,[35.7236,65.27621,0,[82.00089,56.05557]]],[107,[35.85407,69.07957,0,[81.00097,59.94318]]],[106,[36.42128,70.46272,0,[81.00098,58.02818]]],[52,[36.51067,66.64495,0,[82.00093,56.14302]]],[79,[36.88398,68.85247,0,[81.73064,57.00029]]],[139,[36.77959,67.76231,0,[80.92883,60.00021]]],[123,[36.87509,68.79929,0,[81.00098,58.89583]]],[51,[37.29153,68.20962,0,[82.00089,55.99226]]],[77,[37.04924,69.90939,0,[81.001,57.49243]]],[121,[37.55195,70.70923,0,[81.001,58.28408]]],[122,[37.64168,69.78553,0,[81.001,59.42115]]],[129,[36.90498,61.32771,0,[80.00098,60.41275]]],[78,[37.94545,70.04997,0,[82.001,56.1575]]],[74,[38.15369,72.60757,0,[81.00092,57.93263]]],[90,[38.27854,72.58498,0,[81.65683,57.00039]]],[105,[38.2688,71.44157,0,[81.00094,59.15694]]],[89,[38.87756,72.79029,0,[81.001,58.02487]]],[104,[38.87094,72.56162,0,[81.001,59.29065]]],[120,[37.61342,70.45798,0,[80.001,60.19965]]],[91,[38.68613,72.00916,0,[82.00093,56.02097]]],[64,[39.00076,68.49846,0,[81.71198,57.00031]]],[103,[39.45111,73.86632,0,[81.00099,58.9553]]],[137,[38.251,68.60292,0,[80.00098,60.525]]],[75,[39.4674,71.95584,0,[81.001,57.72512]]],[136,[38.88084,69.67393,0,[80.00098,60.19134]]],[87,[40.02897,74.94431,0,[81.00098,58.12732]]],[119,[39.97459,72.93581,0,[81.001,59.46628]]],[53,[39.57104,66.93777,0,[82.00096,56.035]]],[59,[40.14742,73.18286,0,[81.00097,57.08825]]],[150,[39.68306,70.20079,0,[80.001,60.49421]]],[88,[40.57329,74.15597,0,[81.00099,58.63203]]],[135,[40.68996,72.40654,0,[81.00099,59.74799]]],[76,[40.25325,71.99842,0,[82.001,56.51251]]],[86,[41.21181,76.11533,0,[81.00098,58.4677]]],[102,[41.43491,75.17654,0,[81.00098,59.6002]]],[73,[40.85992,73.88445,0,[81.00098,57.44785]]],[149,[40.59864,72.02213,0,[80.00099,60.50265]]],[37,[41.97362,69.2264,0,[81.9914,57.00053]]],[100,[41.98688,77.32877,0,[81.00099,58.70582]]],[117,[42.32341,75.08611,0,[81.00098,59.68728]]],[118,[41.31389,73.0247,0,[80.00095,60.45771]]],[63,[41.10406,71.81081,0,[82.00085,55.83192]]],[71,[41.87618,76.21754,0,[81.001,57.64416]]],[85,[42.59955,77.48614,0,[81.00099,58.33793]]],[101,[42.96052,76.16734,0,[81.00099,59.35858]]],[72,[42.5901,75.45024,0,[81.001,57.02925]]],[58,[42.64618,75.69347,0,[82.001,56.37445]]],[133,[42.13363,73.28767,0,[80.00096,60.5013]]],[115,[43.53497,78.00989,0,[81.00097,58.71583]]],[41,[43.31792,76.82549,0,[81.00097,57.59047]]],[62,[43.57654,71.94926,0,[82.00089,55.91771]]],[132,[43.79013,75.91756,0,[81.00097,59.84274]]],[70,[44.22062,77.63058,0,[81.00096,58.37332]]],[147,[42.75638,73.90837,0,[80.00099,60.33516]]],[57,[43.94602,75.87936,0,[81.00099,57.24856]]],[35,[44.58178,70.88352,0,[81.00095,57.49639]]],[158,[44.35479,78.65515,0,[81.00094,59.57808]]],[116,[44.9118,77.15382,0,[81.001,59.42641]]],[55,[45.07167,78.76024,0,[81.00096,58.3997]]],[49,[44.34416,71.03421,0,[82.00098,56.25359]]],[61,[45.13374,72.58791,0,[82.00095,56.7425]]],[56,[45.21114,77.23923,0,[81.00097,57.17571]]],[130,[45.50688,78.1798,0,[81.00098,59.77331]]],[134,[43.59273,72.78886,0,[80.00098,60.64644]]],[178,[45.65628,77.8553,0,[81.001,58.37479]]],[145,[46.09961,77.95473,0,[81.00096,59.19081]]],[29,[45.82969,77.3969,0,[81.001,57.24268]]],[39,[45.36235,69.33036,0,[82.00086,55.84349]]],[44,[46.39252,74.68468,0,[81.00095,57.92087]]],[152,[45.5219,69.68984,0,[80.00098,60.3158]]],[17,[46.77102,78.46271,0,[81.00096,59.01069]]],[47,[46.92228,72.85435,0,[81.92615,57.00043]]],[36,[46.27043,71.08765,0,[82.00095,56.27485]]],[40,[47.36604,80.80727,0,[81.001,59.08008]]],[148,[46.30297,74.4389,0,[80.44369,60.00033]]],[138,[44.56893,69.00693,0,[80.001,60.57621]]],[11,[47.00798,74.7127,0,[81.001,57.35328]]],[27,[47.49625,80.87341,0,[81.00099,57.97711]]],[177,[48.02731,81.12087,0,[81.00089,58.58512]]],[131,[47.46059,76.78362,0,[80.2951,60.00018]]],[18,[48.07231,76.7,0,[81.00085,57.48144]]],[48,[48.39452,72.62515,0,[82.00066,56.88405]]],[169,[48.41973,78.03797,0,[81.00089,59.78493]]],[181,[48.86975,77.82722,0,[81.00098,58.80988]]],[151,[46.65935,71.99094,0,[80.00098,60.24462]]],[16,[48.77977,80.12045,0,[81.00099,57.7108]]],[184,[49.52677,81.15057,0,[81.00095,58.49648]]],[43,[49.42437,77.44801,0,[81.00095,57.36839]]],[182,[49.33065,74.85921,0,[81.00095,59.70715]]],[50,[46.94687,71.59114,0,[82.00089,55.90388]]],[60,[49.36327,75.86569,0,[82.00093,56.86961]]],[179,[50.01021,79.73795,0,[81.00095,59.40066]]],[42,[50.17333,78.05515,0,[81.00092,57.98726]]],[46,[50.25099,76.81256,0,[82.00079,56.83175]]],[161,[48.3643,73.43532,0,[80.00092,60.34983]]],[28,[50.71346,81.71404,0,[81.00096,58.89988]]],[21,[50.41807,75.36417,0,[81.10847,57.00052]]],[38,[48.98255,69.98579,0,[82.00094,55.71915]]],[146,[49.21988,77.85942,0,[80.00094,60.39697]]],[8,[51.1512,79.73222,0,[81.00096,58.01778]]],[25,[50.9906,72.85311,0,[82.00085,56.16976]]],[173,[51.57818,74.23821,0,[81.00095,59.02679]]],[45,[51.34249,76.57967,0,[81.00098,57.04015]]],[176,[50.87072,75.64535,0,[80.79726,60.00032]]],[10,[51.99243,78.44666,0,[81.00097,57.91433]]],[24,[51.65186,74.57565,0,[82.00098,56.16388]]],[170,[52.17163,82.54075,0,[81.00095,59.24948]]],[159,[49.88997,76.17371,0,[80.00099,60.14524]]],[20,[52.29368,77.89709,0,[81.42132,57.00035]]],[19,[52.57456,79.20222,0,[81.00099,58.18323]]],[163,[52.909,81.1636,0,[81.00099,59.17559]]],[12,[52.88665,75.62178,0,[81.001,57.05826]]],[33,[52.396,76.17448,0,[82.00093,56.04347]]],[171,[51.17879,76.02213,0,[80.18291,60.00036]]],[7,[53.28617,82.41465,0,[81.00097,58.0182]]],[180,[53.68946,79.46655,0,[81.00097,59.04298]]],[172,[53.13316,79.19689,0,[80.56802,60.00034]]],[34,[53.19414,76.56288,0,[82.00097,56.17645]]],[14,[54.04077,76.66379,0,[81.78654,57.0003]]],[31,[54.01922,78.30503,0,[81.00095,57.81253]]],[174,[54.28284,78.11648,0,[81.00096,59.15989]]],[143,[53.4099,63.45383,0,[80.00099,60.39051]]],[26,[54.11959,72.74388,0,[82.00084,55.93941]]],[0,[54.58712,82.28456,0,[81.00099,57.83332]]],[165,[54.97447,82.18392,0,[81.001,58.83498]]],[154,[54.08348,68.57745,0,[80.00094,60.03524]]],[23,[55.03041,78.47904,0,[82.00095,56.57538]]],[168,[51.98843,70.78545,0,[80.00099,60.0715]]],[22,[55.60867,76.42185,0,[81.68683,57.00034]]],[1,[55.39003,84.56107,0,[81.00095,57.92327]]],[157,[55.61353,76.40003,0,[81.00095,59.15841]]],[13,[55.61657,79.45744,0,[82.00094,55.94918]]],[167,[56.23985,77.33062,0,[81.00098,58.79623]]],[4,[55.97997,82.53821,0,[81.001,57.46346]]],[142,[54.72033,72.87592,0,[80.00099,60.00042]]],[162,[55.5229,73.67889,0,[80.07238,60.00034]]],[183,[56.82607,81.59528,0,[81.00098,57.74384]]],[166,[56.83008,75.16239,0,[81.001,59.35417]]],[32,[56.45514,81.726,0,[82.00096,56.37594]]],[30,[57.12474,79.78809,0,[82.00098,56.83387]]],[164,[57.30768,82.82934,0,[81.00098,58.59365]]],[144,[56.46975,63.13742,0,[80.001,60.52566]]],[156,[57.59367,77.05994,0,[81.00097,59.91819]]],[5,[57.56821,79.89672,0,[81.001,57.24147]]],[153,[57.94338,81.94753,0,[81.001,58.28584]]],[15,[57.52148,75.19886,0,[82.00092,56.12583]]],[155,[58.5085,76.60194,0,[81.00098,59.19134]]],[3,[58.48462,79.72948,0,[81.339,57.00029]]],[2,[58.693,83.12479,0,[81.00097,58.04229]]],[6,[58.42089,79.59485,0,[82.00095,56.13721]]],[141,[57.83824,69.65105,0,[80.00095,60.19563]]],[175,[59.19781,78.26062,0,[81.00092,59.71518]]],[160,[59.39051,85.19724,0,[81.001,57.99691]]],[9,[59.80369,83.01357,0,[82.001,56.61931]]],[127,[60.00067,71.80209,0,[81.00095,58.91824]]]

Travel Distances:
[114,91.93425],[99,91.9575],[84,91.71556],[113,91.93],[98,93.78125],[83,93.17361],[97,93.70174],[128,92.95689],[69,93.73477],[82,94.92654],[111,95.43024],[112,93.84847],[96,94.59412],[67,94.46594],[125,97.13892],[81,95.94613],[110,96.30538],[126,95.47693],[109,96.57],[68,96.09272],[95,97.25244],[94,97.93874],[140,96.87163],[108,98.10796],[80,96.87421],[93,97.90098],[66,97.77209],[124,98.41608],[92,99.48953],[65,97.53333],[54,95.22324],[107,98.7754],[106,101.5745],[52,97.03876],[79,98.85261],[139,97.99207],[123,98.5366],[51,99.29959],[77,101.0692],[121,101.343],[122,100.3461],[129,93.05749],[78,99.56356],[74,103.9864],[90,103.4227],[105,102.7514],[89,102.9433],[104,102.6017],[120,102.6649],[91,102.093],[64,99.5397],[103,104.8896],[137,100.997],[75,102.6667],[136,101.2807],[87,104.8034],[119,102.5832],[53,96.54227],[59,104.2742],[150,102.3405],[88,104.6667],[135,102.7272],[76,101.9847],[86,105.5745],[102,106.1887],[73,105.469],[149,104.3322],[37,98.96717],[100,107.2673],[117,106.2904],[118,105.6727],[63,103.0503],[71,107.4361],[85,108.0452],[101,105.9283],[72,105.3922],[58,105.13],[133,104.3712],[115,108.7904],[41,107.3615],[62,102.0838],[132,106.0456],[70,107.0556],[147,105.3866],[57,107.5525],[35,101.5081],[158,109.5328],[116,107.216],[55,108.4605],[49,101.2056],[61,103.3619],[56,108.3584],[130,108.8928],[134,105.136],[178,108.2969],[145,107.5807],[29,107.1347],[39,99.04644],[44,105.5141],[152,101.899],[17,108.7113],[47,102.191],[36,101.0211],[40,111.9478],[148,106.3215],[138,101.8347],[11,106.0496],[27,111.3575],[177,110.8854],[131,107.1517],[18,108.281],[48,103.0374],[169,108.6024],[181,107.9312],[151,103.759],[16,110.1975],[184,112.0143],[43,108.263],[182,105.6824],[50,102.7864],[60,105.6145],[179,109.4223],[42,107.6196],[46,107.6373],[161,105.9947],[28,111.9693],[21,105.7948],[38,100.5959],[146,109.1204],[8,109.2291],[25,103.8292],[173,104.8795],[45,107.5257],[176,106.5197],[10,108.3959],[24,106.0636],[170,113.8929],[159,109.2519],[20,108.8845],[19,109.7487],[163,110.9881],[12,105.5803],[33,105.9917],[171,107.0798],[7,113.6258],[180,109.8889],[172,110.2481],[34,106.7123],[14,106.2591],[31,108.0475],[174,109.0963],[143,95.71874],[26,103.5241],[0,112.8056],[165,111.9962],[154,99.34285],[23,109.535],[168,103.967],[22,106.9649],[1,115.2669],[157,106.8157],[13,109.1767],[167,106.6947],[4,114.2078],[142,105.9354],[162,105.7129],[183,111.8704],[166,105.2831],[32,111.943],[30,110.5982],[164,114.0099],[144,95.6535],[156,107.6143],[5,110.3969],[153,111.8312],[15,104.9744],[155,107.439],[3,110.3755],[2,113.4478],[6,109.4847],[141,100.8728],[175,109.4964],[160,116.2188],[9,113.1091],[127,101.7485]

Finish Times:
[114,47.2407],[99,47.3207],[84,47.76071],[113,47.84071],[98,48.04072],[83,48.56073],[97,48.60073],[128,48.68073],[69,49.12074],[82,49.20074],[111,49.24075],[112,49.64075],[96,49.76076],[67,49.88076],[125,50.08076],[81,50.44077],[110,50.48077],[126,50.68078],[109,50.88078],[68,51.04079],[95,51.16079],[94,51.20079],[140,51.5208],[108,51.7608],[80,51.92081],[93,51.92081],[66,52.00081],[124,52.32082],[92,52.52082],[65,52.56082],[54,52.72083],[107,52.92083],[106,53.12083],[52,53.24084],[79,53.36084],[139,53.64085],[123,53.72085],[51,54.12086],[77,54.16086],[121,54.32086],[122,54.40086],[129,54.60087],[78,54.84087],[74,54.96088],[90,55.00088],[105,55.20088],[89,55.56089],[104,55.60089],[120,55.60089],[91,55.8809],[64,56.0009],[103,56.0409],[137,56.24091],[75,56.36091],[136,56.40091],[87,56.72092],[119,56.76092],[53,56.84092],[59,57.24093],[150,57.28093],[88,57.32093],[135,57.48093],[76,57.76094],[86,57.88094],[102,58.04095],[73,58.12095],[149,58.16095],[37,58.48096],[100,58.60096],[117,59.00097],[118,59.00097],[63,59.12097],[71,59.12097],[85,59.36098],[101,59.80099],[72,59.84099],[58,59.92099],[133,59.92099],[115,60.201],[41,60.401],[62,60.64101],[132,60.64101],[70,60.88101],[147,60.88101],[57,61.04102],[35,61.40102],[158,61.40102],[116,61.60103],[55,61.76103],[49,61.88103],[61,62.08104],[56,62.20104],[130,62.28104],[134,62.32104],[178,62.40105],[145,62.84106],[29,62.88106],[39,62.88106],[44,63.24107],[152,63.28107],[17,63.56107],[47,63.64108],[36,63.68108],[40,64.00108],[148,64.16109],[138,64.32109],[11,64.44109],[27,64.48109],[177,64.7611],[131,64.8811],[18,65.00111],[48,65.40112],[169,65.44112],[181,65.60112],[151,65.76112],[16,65.80112],[184,66.16113],[43,66.28114],[182,66.32114],[50,66.40114],[60,66.64114],[179,66.80115],[42,66.88115],[46,67.08115],[161,67.20116],[28,67.48116],[21,67.52116],[38,67.64117],[146,67.76117],[8,67.92117],[25,68.08118],[173,68.32118],[45,68.36118],[176,68.48119],[10,68.72119],[24,69.0012],[170,69.0012],[159,69.1212],[20,69.1612],[19,69.36121],[163,69.76122],[12,69.84122],[33,69.88122],[171,69.88122],[7,70.04122],[180,70.44123],[172,70.56123],[34,70.64124],[14,70.68124],[31,70.84124],[174,71.16125],[143,71.24125],[26,71.44125],[0,71.56126],[165,71.76126],[154,71.88126],[23,72.16127],[168,72.16127],[22,72.28127],[1,72.32127],[157,72.48128],[13,72.92129],[167,72.92129],[4,72.96129],[142,73.12129],[162,73.20129],[183,73.5213],[166,73.5613],[32,73.6413],[30,73.96131],[164,74.00131],[144,74.08131],[156,74.36132],[5,74.52132],[153,74.68133],[15,74.80133],[155,75.24134],[3,75.28134],[2,75.48135],[6,75.64135],[141,75.76135],[175,76.00136],[160,76.20136],[9,76.48137],[127,76.64137]

Stuck Times:
[114,0],[99,0],[84,0],[113,0],[98,0],[83,0],[97,0],[128,0],[69,1],[82,0],[111,0],[112,1],[96,0],[67,0],[125,0],[81,0],[110,0],[126,0],[109,0],[68,1],[95,0],[94,0],[140,0],[108,0],[80,0],[93,0],[66,2],[124,0],[92,0],[65,2],[54,3],[107,0],[106,0],[52,3],[79,2],[139,3],[123,1],[51,3],[77,2],[121,1],[122,2],[129,6],[78,2],[74,1],[90,1],[105,2],[89,1],[104,2],[120,1],[91,2],[64,5],[103,1],[137,5],[75,1],[136,5],[87,2],[119,2],[53,6],[59,2],[150,4],[88,3],[135,4],[76,4],[86,1],[102,3],[73,4],[149,4],[37,9],[100,2],[117,6],[118,6],[63,6],[71,2],[85,3],[101,5],[72,5],[58,4],[133,6],[115,3],[41,3],[62,8],[132,5],[70,5],[147,5],[57,6],[35,10],[158,4],[116,6],[55,4],[49,10],[61,10],[56,7],[130,7],[134,7],[178,6],[145,8],[29,7],[39,12],[44,9],[152,11],[17,5],[47,10],[36,10],[40,7],[148,10],[138,13],[11,9],[27,6],[177,4],[131,10],[18,10],[48,13],[169,10],[181,11],[151,13],[16,9],[184,9],[43,11],[182,12],[50,15],[60,14],[179,8],[42,12],[46,12],[161,14],[28,11],[21,15],[38,19],[146,12],[8,12],[25,16],[173,13],[45,15],[176,11],[10,15],[24,16],[170,8],[159,12],[20,15],[19,13],[163,9],[12,15],[33,15],[171,13],[7,13],[180,15],[172,13],[34,18],[14,20],[31,18],[174,15],[143,23],[26,20],[0,14],[165,12],[154,23],[23,17],[168,19],[22,20],[1,13],[157,18],[13,17],[167,20],[4,16],[142,22],[162,21],[183,18],[166,23],[32,19],[30,19],[164,16],[144,28],[156,22],[5,17],[153,19],[15,20],[155,24],[3,21],[2,20],[6,19],[141,25],[175,24],[160,19],[9,23],[127,26]

