Experiment Name: Custom-RoughWalls
Method Used: PathFollowingLowerNumberOfPaths
Run Number: 7
Preparation Time: 0.0003ms
Pathfinding Time: 4.1514ms
Finish Time: 76.08136ms
Finish Time 90%: 73.16129ms
Repaths: 0
Soft Repaths: 0

Gates Data:
0:[99,[6.166511,12.32947,0,[32.001,57.80439]]],[114,[6.664424,13.32105,0,[33.001,59.14672]]],[84,[6.190018,12.37737,0,[32.001,56.38745]]],[98,[6.742944,13.47958,0,[32.001,57.08972]]],[113,[7.242947,14.47195,0,[33.001,58.43825]]],[97,[7.276867,14.53897,0,[32.001,57.49537]]],[83,[6.776834,13.54954,0,[32.001,55.73658]]],[82,[7.295802,14.57549,0,[32.001,56.28202]]],[128,[7.256893,14.49225,0,[33.001,59.82223]]],[111,[8.383668,16.70725,0,[33.001,58.43509]]],[69,[6.22824,12.45393,0,[32.001,54.95031]]],[96,[7.861962,15.67106,0,[32.001,57.3101]]],[67,[7.323485,14.6353,0,[32.001,55.03553]]],[110,[8.423025,16.80031,0,[32.001,57.82387]]],[112,[7.803335,15.58649,0,[33.001,58.66995]]],[81,[7.87907,15.70086,0,[32.001,56.20061]]],[125,[8.951721,17.85302,0,[33.001,59.02397]]],[68,[6.81892,13.63205,0,[32.001,54.41665]]],[94,[8.971162,17.8605,0,[32.001,57.24104]]],[95,[8.421754,16.80402,0,[32.001,56.70333]]],[109,[9.456963,18.84004,0,[33.001,58.46358]]],[126,[8.417775,16.77435,0,[33.001,59.55304]]],[66,[7.910368,15.76367,0,[32.001,55.09503]]],[93,[9.501908,18.9517,0,[32.001,56.86293]]],[79,[8.995116,17.8991,0,[32.001,56.09292]]],[80,[8.447352,16.84679,0,[32.001,55.58496]]],[140,[8.95395,17.87194,0,[33.001,60.2919]]],[92,[10.039,19.99405,0,[32.001,57.45201]]],[108,[9.477302,18.88386,0,[32.001,57.99642]]],[65,[8.503292,16.94283,0,[32.001,54.47259]]],[106,[11.05894,22.05141,0,[33.001,58.47222]]],[124,[9.456018,18.8741,0,[33.001,59.69889]]],[52,[7.367001,14.70391,0,[32.001,53.73397]]],[123,[9.987119,19.92611,0,[33.001,59.21674]]],[77,[10.0518,19.97827,0,[32.001,56.33712]]],[107,[10.50412,20.93572,0,[33.001,58.61335]]],[91,[10.58597,21.10413,0,[32.001,57.25983]]],[138,[9.99958,19.88849,0,[33.001,60.41331]]],[54,[6.290647,12.57885,0,[32.001,53.43672]]],[76,[10.62783,21.08263,0,[32.001,56.14149]]],[122,[10.53466,20.99602,0,[33.001,59.73322]]],[120,[11.6595,23.24186,0,[33.001,59.00302]]],[90,[11.17773,22.23693,0,[32.001,56.68693]]],[121,[11.08855,22.11008,0,[33.001,59.62144]]],[129,[6.678613,13.34152,0,[33.001,60.56667]]],[64,[9.061874,18.0408,0,[32.001,54.95098]]],[105,[11.13006,22.16725,0,[32.001,57.81097]]],[78,[9.52642,18.94617,0,[32.001,55.7414]]],[104,[12.18504,24.23772,0,[33.001,58.32079]]],[119,[12.22305,24.30834,0,[33.001,59.50013]]],[62,[10.15488,20.16169,0,[32.001,55.25358]]],[136,[11.21113,22.05102,0,[33.001,60.79245]]],[88,[12.29107,24.42185,0,[32.001,57.44033]]],[89,[11.7114,23.31687,0,[32.001,57.16373]]],[53,[6.879659,13.75218,0,[32.001,53.16095]]],[139,[9.487066,18.8998,0,[33.001,60.9488]]],[63,[9.623598,19.13012,0,[32.001,54.64677]]],[102,[12.86334,25.53232,0,[32.001,57.67669]]],[103,[12.7388,25.34215,0,[33.001,58.5785]]],[74,[11.95439,23.25362,0,[32.001,56.1771]]],[117,[13.34624,26.59628,0,[33.001,58.8222]]],[118,[12.8338,25.41811,0,[33.001,59.69258]]],[134,[12.41212,24.22351,0,[33.001,60.62031]]],[51,[7.936063,15.78305,0,[32.001,53.99145]]],[73,[12.52025,24.45508,0,[32.001,56.42604]]],[87,[13.08418,25.63273,0,[32.001,56.62091]]],[149,[11.92001,23.2355,0,[33.001,61.27374]]],[132,[13.53627,26.50409,0,[33.001,59.89039]]],[58,[12.59921,24.70463,0,[32.001,55.32597]]],[86,[13.53761,26.71292,0,[32.001,57.66861]]],[133,[13.11508,25.39961,0,[33.001,60.71302]]],[135,[11.71469,23.14516,0,[33.001,60.1701]]],[47,[10.5054,19.99958,0,[32.001,54.42506]]],[72,[13.16171,25.64383,0,[32.001,55.47918]]],[101,[13.96762,27.6856,0,[33.001,58.80975]]],[85,[14.25071,28.2091,0,[32.001,57.74573]]],[131,[14.08658,27.79548,0,[33.001,60.15055]]],[100,[15.06893,29.12238,0,[33.001,58.70314]]],[61,[10.91939,21.30182,0,[32.001,55.22449]]],[39,[6.909688,13.80065,0,[32.001,52.02161]]],[56,[14.37263,27.48059,0,[32.001,56.58622]]],[55,[15.74249,30.68801,0,[33.001,58.14658]]],[37,[7.942132,15.7931,0,[32.001,52.87915]]],[116,[14.499,27.82594,0,[33.001,59.15071]]],[57,[13.82039,26.21145,0,[32.001,55.43243]]],[49,[9.059217,17.94647,0,[32.001,53.82851]]],[71,[13.72075,26.74802,0,[32.001,56.57754]]],[75,[11.4347,22.19395,0,[32.001,55.72114]]],[60,[11.50772,22.41414,0,[32.001,54.61786]]],[28,[15.00136,28.16887,0,[32.001,55.97358]]],[147,[13.72209,25.75405,0,[33.001,61.1935]]],[59,[12.0404,23.44074,0,[32.001,55.05521]]],[160,[13.2218,24.79927,0,[33.001,61.89265]]],[158,[16.38452,29.91734,0,[33.001,58.39174]]],[50,[8.501713,16.90469,0,[32.001,53.32449]]],[137,[10.64811,20.94308,0,[33.001,60.83334]]],[130,[14.94524,29.19725,0,[33.001,60.09844]]],[35,[9.4949,18.07625,0,[32.001,53.18179]]],[127,[7.817734,15.61509,0,[33.001,59.79389]]],[36,[8.800277,16.93467,0,[32.001,52.37511]]],[115,[15.61987,29.43769,0,[33.001,60.35818]]],[41,[14.98168,28.09202,0,[32.001,57.08781]]],[40,[15.81278,30.53291,0,[32.001,57.06815]]],[38,[7.45416,14.75124,0,[32.001,52.30999]]],[146,[14.53421,26.99805,0,[33.001,60.96504]]],[179,[16.76182,28.13573,0,[33.001,60.52319]]],[44,[12.24678,23.32268,0,[32.001,54.01178]]],[43,[12.83005,24.62103,0,[32.001,54.31053]]],[169,[16.3263,29.31032,0,[33.001,59.65515]]],[70,[15.66306,30.20813,0,[33.001,59.2496]]],[178,[17.08136,30.09303,0,[33.001,58.92646]]],[42,[14.4038,26.77495,0,[32.001,55.37431]]],[48,[10.00315,18.94748,0,[32.001,53.88276]]],[145,[16.52459,29.83152,0,[32.001,57.69582]]],[46,[11.02524,21.15511,0,[32.001,54.01608]]],[173,[16.09603,26.50849,0,[33.001,61.19839]]],[184,[17.45875,29.09107,0,[33.001,59.88813]]],[16,[16.60269,30.55837,0,[32.001,56.43283]]],[34,[10.05127,19.15363,0,[32.001,52.78111]]],[33,[10.56236,20.12752,0,[32.001,53.23328]]],[23,[10.60231,18.37056,0,[32.001,52.01399]]],[183,[17.91882,30.75708,0,[33.001,60.73398]]],[7,[17.30382,31.7937,0,[32.001,57.10926]]],[25,[8.235003,15.84118,0,[32.001,51.93177]]],[21,[11.84098,20.57269,0,[32.001,52.5137]]],[175,[16.7998,24.45343,0,[33.001,61.86772]]],[24,[9.415563,17.24197,0,[32.001,52.07979]]],[159,[14.15773,26.25859,0,[33.001,61.99141]]],[29,[14.26556,25.80483,0,[32.001,54.28938]]],[13,[13.06504,20.25145,0,[32.001,52.11946]]],[182,[15.8884,25.35467,0,[33.001,62.54292]]],[26,[9.935852,14.86712,0,[32.001,51.70018]]],[177,[18.19278,26.30113,0,[33.001,62.02116]]],[141,[8.432397,16.79803,0,[33.001,60.70213]]],[151,[10.84714,21.03765,0,[33.001,61.89708]]],[45,[11.69285,22.36554,0,[32.001,53.57643]]],[168,[17.40795,16.09184,0,[33.00098,62.13961]]],[181,[18.07088,30.45435,0,[33.001,58.68962]]],[171,[13.37233,23.71815,0,[33.001,62.96576]]],[14,[11.36336,18.05205,0,[32.001,51.87943]]],[0,[17.63609,32.49129,0,[32.001,55.57739]]],[156,[7.818983,15.60879,0,[33.001,62.31372]]],[27,[15.84919,29.98623,0,[32.001,55.79744]]],[20,[13.09075,22.4411,0,[32.001,53.28762]]],[162,[11.67538,22.2244,0,[33.001,63.16035]]],[11,[13.86472,21.6784,0,[32.001,52.16917]]],[6,[17.95454,27.67052,0,[32.001,53.8939]]],[152,[10.15192,19.96364,0,[33.001,61.57117]]],[170,[15.40499,27.85546,0,[33.001,61.49704]]],[30,[13.51194,24.05759,0,[32.001,54.39465]]],[174,[14.19376,22.19761,0,[33.001,63.13286]]],[32,[11.12902,21.37376,0,[32.001,52.89558]]],[161,[12.15882,23.31078,0,[33.001,62.38223]]],[176,[15.17346,22.25851,0,[33.001,63.04853]]],[19,[14.56154,25.36551,0,[32.001,53.31255]]],[167,[8.591164,16.65255,0,[33.001,62.91723]]],[3,[15.68249,26.16604,0,[32.001,53.14648]]],[166,[9.173377,17.78143,0,[33.001,63.01954]]],[9,[16.62589,30.03912,0,[32.001,55.16565]]],[2,[16.42373,28.42904,0,[32.001,53.78614]]],[165,[9.874196,18.90138,0,[33.001,63.25647]]],[31,[12.51046,22.91878,0,[32.001,53.03917]]],[180,[14.87079,25.51441,0,[33.001,62.03711]]],[148,[12.65625,24.35145,0,[33.001,61.68732]]],[17,[15.19064,27.62129,0,[32.001,54.93337]]],[18,[13.74462,24.81808,0,[32.001,53.31459]]],[155,[8.423272,16.78617,0,[33.001,61.83575]]],[144,[6.731699,13.4386,0,[33.001,62.03374]]],[8,[15.80077,28.32165,0,[32.001,54.48681]]],[10,[15.13375,25.10505,0,[32.001,53.75131]]],[12,[14.48368,21.48016,0,[32.001,52.16711]]],[142,[7.839833,15.65573,0,[33.001,60.97798]]],[164,[10.40047,19.96272,0,[33.001,62.66854]]],[5,[16.22605,24.32188,0,[32.001,52.40083]]],[150,[11.43623,22.12327,0,[33.001,61.96054]]],[15,[15.16585,21.53391,0,[32.001,52.33139]]],[172,[12.62978,22.6588,0,[33.001,63.00562]]],[154,[8.974138,17.88943,0,[33.001,61.66346]]],[153,[9.618001,18.93744,0,[33.001,62.11858]]],[22,[12.3898,20.52442,0,[32.001,51.9373]]],[143,[7.2778,14.52614,0,[33.001,61.28531]]],[157,[7.267319,14.48026,0,[33.001,62.90183]]],[4,[16.98751,29.48945,0,[32.001,52.752]]],[163,[11.03325,21.16252,0,[33.001,63.04111]]],[1,[17.11918,31.26966,0,[32.001,54.22906]]]
1:[99,[30.69744,61.37542,0,[81.001,58.58392]]],[114,[30.36479,60.67707,0,[80.30284,60.00015]]],[84,[31.19657,62.32883,0,[81.88268,57.00018]]],[98,[31.30963,62.53384,0,[81.001,58.14131]]],[113,[31.30446,62.50436,0,[81.00099,59.65956]]],[97,[31.94082,63.67646,0,[81.001,59.05853]]],[83,[31.74661,62.90737,0,[81.001,57.12886]]],[82,[32.211,63.9088,0,[81.00097,57.94881]]],[128,[31.69407,61.6814,0,[80.00098,60.23907]]],[111,[32.69941,64.78343,0,[81.001,59.2379]]],[69,[32.16107,62.9231,0,[82.00093,56.15997]]],[96,[32.78038,64.81684,0,[81.00099,57.85062]]],[67,[33.13454,65.1937,0,[82.00097,56.70678]]],[110,[33.33277,65.96144,0,[81.00098,58.29532]]],[112,[32.60625,62.83865,0,[80.00099,60.13317]]],[81,[33.58039,65.62042,0,[81.56909,57.00026]]],[125,[33.76431,66.17664,0,[81.00098,59.21202]]],[68,[33.61342,64.52089,0,[82.00096,55.96489]]],[94,[34.23207,67.32222,0,[81.00098,58.25052]]],[95,[33.85995,66.08767,0,[81.001,57.29436]]],[109,[34.55812,67.14246,0,[81.00097,59.36752]]],[126,[33.50393,64.22119,0,[80.00096,60.16085]]],[66,[34.45665,66.72971,0,[82.00095,56.08096]]],[93,[34.92606,68.31889,0,[81.00099,58.50402]]],[79,[34.92318,67.37297,0,[81.00097,57.39742]]],[80,[35.19964,67.39452,0,[82.00095,56.58313]]],[140,[34.42006,65.25271,0,[80.00096,60.14918]]],[92,[35.60452,69.21682,0,[81.00095,58.09192]]],[108,[35.50534,68.0892,0,[81.00095,59.33371]]],[65,[36.0018,68.32144,0,[81.88026,57.00048]]],[106,[36.15922,70.27977,0,[81.0009,57.859]]],[124,[35.19772,66.37366,0,[80.00094,60.23812]]],[52,[35.65495,66.86568,0,[82.00097,55.94704]]],[123,[36.28767,68.40035,0,[81.00091,59.19643]]],[77,[36.57994,70.14503,0,[81.66611,57.00036]]],[107,[36.96734,69.25063,0,[81.001,58.85277]]],[91,[36.77585,70.34692,0,[81.00099,57.76589]]],[138,[36.17003,67.54464,0,[80.00091,60.01788]]],[54,[36.66148,64.96419,0,[82.00092,55.98188]]],[76,[37.47515,71.57366,0,[82.00096,56.95058]]],[122,[37.36351,69.37754,0,[81.00096,59.83626]]],[120,[37.64222,71.53967,0,[81.00099,58.55806]]],[90,[37.45449,71.59436,0,[81.00099,57.46909]]],[121,[38.11935,70.50712,0,[81.00097,59.29598]]],[129,[37.3112,61.36103,0,[80.00097,60.43304]]],[64,[37.59835,69.42646,0,[82.00095,55.93379]]],[105,[38.09295,71.58487,0,[81.00096,57.20496]]],[78,[38.35157,69.68295,0,[82.00098,56.40002]]],[104,[38.62889,72.86718,0,[81.00098,58.05026]]],[119,[38.8218,72.95058,0,[81.00099,59.15902]]],[62,[39.04259,70.98019,0,[81.36342,57.00032]]],[136,[37.93206,69.78299,0,[80.001,60.13413]]],[88,[39.44807,73.85819,0,[81.00099,59.0547]]],[89,[39.3288,72.71452,0,[81.00099,57.87054]]],[53,[39.19466,67.71004,0,[82.00094,56.06293]]],[139,[39.13032,67.00269,0,[80.001,60.26329]]],[63,[40.16724,70.83892,0,[82.00095,56.90135]]],[102,[40.05288,74.79344,0,[81.00098,58.36876]]],[103,[40.09903,73.96981,0,[81.00097,59.49462]]],[74,[40.18431,72.6733,0,[81.001,57.27461]]],[117,[40.62788,75.17564,0,[81.001,58.21289]]],[118,[40.80524,74.48827,0,[81.001,59.32661]]],[134,[39.7878,71.71599,0,[80.001,60.47379]]],[51,[39.99574,68.37881,0,[82.00096,55.76676]]],[73,[41.48632,75.13977,0,[82.00095,56.96552]]],[87,[41.2734,75.49155,0,[81.00095,57.73212]]],[149,[40.52528,71.25785,0,[80.00099,60.29921]]],[132,[41.39354,75.40284,0,[81.00095,58.87837]]],[58,[42.28425,75.72157,0,[82.00094,56.9416]]],[86,[42.07922,76.38364,0,[81.00098,58.77582]]],[133,[41.67195,73.65073,0,[80.00098,60.29487]]],[135,[38.5334,70.7153,0,[80.001,60.1517]]],[47,[41.16539,71.59995,0,[82.00091,55.88547]]],[72,[42.09443,75.62697,0,[81.00097,57.68759]]],[101,[42.59163,76.43257,0,[81.00098,59.44357]]],[85,[42.9673,77.72885,0,[81.00099,58.41259]]],[131,[42.3344,75.4287,0,[80.00096,60.41011]]],[100,[43.21065,77.60305,0,[81.00095,59.54539]]],[61,[42.92128,72.3578,0,[81.00099,57.33651]]],[39,[42.35027,68.87042,0,[82.00092,55.8003]]],[56,[43.68582,77.42659,0,[81.00098,58.08252]]],[55,[43.80959,79.16277,0,[81.00098,59.22963]]],[37,[43.70226,69.56156,0,[82.00066,56.81833]]],[116,[43.03295,75.39452,0,[80.00094,60.29595]]],[57,[44.33244,76.21922,0,[81.00094,58.04747]]],[49,[44.1679,70.49786,0,[81.32354,57.00034]]],[71,[44.53235,76.75307,0,[81.00095,59.23859]]],[75,[43.96933,74.11766,0,[82.00091,55.86222]]],[60,[44.99402,74.02159,0,[81.00093,57.70449]]],[28,[45.21186,77.84068,0,[81.00096,58.84153]]],[147,[41.53642,74.54369,0,[80.83096,60.00035]]],[59,[45.16085,75.23054,0,[82.00098,56.92411]]],[160,[45.09878,74.94437,0,[81.00095,59.86039]]],[158,[45.67316,78.99825,0,[81.001,58.11452]]],[50,[45.75317,71.42018,0,[81.8147,57.00048]]],[137,[45.83427,71.09752,0,[81.001,59.70556]]],[130,[46.22932,78.99701,0,[81.00098,58.56447]]],[35,[45.96507,71.94582,0,[81.00098,57.13961]]],[127,[44.91793,63.7773,0,[80.001,60.6261]]],[36,[44.79903,70.96086,0,[82.00096,55.84872]]],[115,[46.53735,78.38602,0,[81.00097,59.68323]]],[41,[46.96273,78.14058,0,[81.001,58.47897]]],[40,[46.67448,80.61217,0,[81.001,57.48845]]],[38,[46.37125,69.87919,0,[82.00097,56.18321]]],[146,[45.82658,75.12351,0,[80.001,60.50779]]],[179,[47.22765,77.85929,0,[81.00097,59.57959]]],[44,[47.45255,75.59909,0,[81.00099,57.16446]]],[43,[47.29606,76.74686,0,[82.00097,56.50954]]],[169,[47.57938,78.39686,0,[81.00099,58.2766]]],[70,[43.70768,77.66109,0,[80.00097,60.11702]]],[178,[47.81454,78.86813,0,[81.00099,59.33704]]],[42,[48.13088,77.37276,0,[81.00092,57.82661]]],[48,[47.89478,73.79566,0,[82.00089,55.99281]]],[145,[48.40187,79.83195,0,[81.00095,59.19429]]],[46,[48.69198,74.50298,0,[81.001,57.94126]]],[173,[46.7809,75.28529,0,[80.001,60.54291]]],[184,[48.36658,77.73953,0,[80.12657,60.00035]]],[16,[49.19768,80.43909,0,[81.00091,58.72491]]],[34,[48.53094,75.18529,0,[81.85788,57.00039]]],[33,[49.2484,75.58044,0,[82.00081,56.72175]]],[23,[49.18021,73.80175,0,[81.00078,57.25893]]],[183,[49.29109,80.13343,0,[80.79621,60.00043]]],[7,[49.93731,82.0991,0,[81.00098,58.82811]]],[25,[48.66576,71.92794,0,[82.00097,55.77589]]],[21,[50.04946,75.41306,0,[81.00095,57.49257]]],[175,[47.51934,73.20715,0,[80.00099,60.299]]],[24,[50.16647,74.0692,0,[82.00096,56.73627]]],[159,[49.85122,77.00993,0,[80.51318,60.00023]]],[29,[50.6309,77.08755,0,[81.00099,58.18627]]],[13,[50.93906,74.69047,0,[81.8317,57.00031]]],[182,[50.66004,78.41693,0,[81.001,59.33478]]],[26,[50.66274,71.89475,0,[82.00095,55.93787]]],[177,[51.2492,77.31482,0,[81.00096,58.09183]]],[141,[50.25288,66.10516,0,[80.001,60.47015]]],[151,[51.59459,75.50511,0,[81.00098,59.28546]]],[45,[51.39219,77.1333,0,[81.53455,57.00031]]],[168,[50.84722,64.6537,0,[80.001,60.09341]]],[181,[51.93684,80.36336,0,[81.001,57.97426]]],[171,[52.4161,78.54947,0,[81.00097,58.8337]]],[14,[51.59957,75.90808,0,[82.00095,56.02343]]],[0,[52.14012,84.80647,0,[81.78344,57.00026]]],[156,[52.22938,70.28584,0,[81.00097,59.90857]]],[27,[52.73051,80.76964,0,[81.00096,57.74441]]],[20,[53.03027,76.66355,0,[82.00086,56.92688]]],[162,[53.01245,82.37968,0,[81.00092,59.33617]]],[11,[52.53394,77.30893,0,[82.00098,55.92924]]],[6,[53.58592,80.63054,0,[81.001,58.98662]]],[152,[52.25644,69.76452,0,[80.00097,60.37016]]],[170,[53.33291,83.40438,0,[81.001,57.94038]]],[30,[53.96985,77.48134,0,[81.00099,57.89164]]],[174,[54.08758,83.22341,0,[81.00098,59.56637]]],[32,[53.58169,79.09046,0,[82.00099,56.10127]]],[161,[52.92679,77.60207,0,[80.001,60.34708]]],[176,[54.5,81.46302,0,[81.00098,58.56445]]],[19,[54.19337,80.7372,0,[82.00097,56.94875]]],[167,[54.79102,80.25971,0,[81.00098,59.63707]]],[3,[54.58942,80.17647,0,[81.001,57.27831]]],[166,[53.83778,75.95912,0,[80.001,60.51088]]],[9,[55.10014,82.81266,0,[81.00097,58.0785]]],[2,[54.76777,82.87249,0,[82.001,56.3609]]],[165,[55.39665,82.20598,0,[81.00096,59.28809]]],[31,[55.5934,78.30454,0,[81.576,57.0003]]],[180,[55.91748,85.21528,0,[81.00099,58.69163]]],[148,[54.69117,74.83703,0,[80.00099,60.42735]]],[17,[55.84297,81.0116,0,[81.00098,57.55494]]],[18,[55.58072,81.12161,0,[82.00096,56.01331]]],[155,[56.45382,78.79387,0,[81.00095,59.44881]]],[144,[55.41638,72.38875,0,[80.00095,60.02205]]],[8,[56.81532,84.2067,0,[81.001,58.06649]]],[10,[56.4053,79.07698,0,[81.00099,57.20336]]],[12,[56.52459,77.8651,0,[82.00098,56.29506]]],[142,[57.02679,71.27465,0,[81.00096,59.20499]]],[164,[57.43253,77.89089,0,[81.00099,58.30894]]],[5,[57.6882,79.10818,0,[81.54803,57.00029]]],[150,[56.59234,72.71249,0,[80.00099,60.49266]]],[15,[57.33871,78.08751,0,[82.00095,56.45236]]],[172,[57.78654,84.78329,0,[81.00099,59.70788]]],[154,[58.1308,78.85073,0,[81.00097,58.65479]]],[153,[58.04843,79.48382,0,[81.00095,57.30952]]],[22,[58.31277,79.3373,0,[82.00093,56.25604]]],[143,[57.84308,69.84588,0,[80.00098,60.29547]]],[157,[58.78212,76.11172,0,[81.001,58.85953]]],[4,[59.05667,85.69314,0,[82.0009,56.39849]]],[163,[59.35128,77.90541,0,[81.00095,59.80045]]],[1,[58.85112,87.48839,0,[81.001,57.49358]]]

Travel Distances:
[99,91.96914],[114,91.91936],[84,91.84787],[98,91.88246],[113,91.86645],[97,93.76362],[83,93.31786],[82,93.41528],[128,94.18313],[111,95.33607],[69,93.51171],[96,95.12794],[67,94.18119],[110,97.24049],[112,95.35129],[81,96.21304],[125,96.52979],[68,94.35612],[94,96.78907],[95,97.53252],[109,97.93002],[126,96.53621],[66,97.0219],[93,98.38065],[79,97.30334],[80,98.03926],[140,97.85426],[92,99.93694],[108,98.90323],[65,98.13618],[106,99.81972],[124,99.29974],[52,98.17421],[123,99.71561],[77,100.7366],[107,99.24422],[91,100.4261],[138,98.87664],[54,96.66552],[76,102.1091],[122,100.2556],[120,102.1883],[90,101.8295],[121,100.0591],[129,94.12646],[64,101.0741],[105,102.9334],[78,99.80167],[104,103.0111],[119,103.0747],[62,100.5485],[136,102.7683],[88,104.7463],[89,103.5678],[53,98.31844],[139,98.36647],[63,100.1634],[102,104.4927],[103,103.5855],[74,103.7238],[117,105.4537],[118,104.6869],[134,103.5153],[51,98.41835],[73,105.7171],[87,106.6812],[149,103.57],[132,106.3172],[58,104.9398],[86,105.9725],[133,105.8785],[135,103.9491],[47,102.8047],[72,106.4994],[101,106.98],[85,107.6753],[131,106.2653],[100,108.9571],[61,103.9054],[39,100.0797],[56,107.915],[55,109.1221],[37,99.17356],[116,106.5259],[57,107.2585],[49,101.5722],[71,107.3645],[75,104.5599],[60,103.933],[28,107.3103],[147,107.4087],[59,106.0295],[160,105.9416],[158,109.5367],[50,101.4993],[137,101.2171],[130,110.2143],[35,103.508],[127,96.35172],[36,102.5355],[115,109.1075],[41,108.0466],[40,110.6776],[38,99.81343],[146,106.1316],[179,109.0883],[44,106.5225],[43,107.0797],[169,108.687],[70,109.6042],[178,108.9206],[42,108.8672],[48,105.0246],[145,110.7904],[46,104.9409],[173,107.2026],[184,108.5738],[16,109.9784],[34,106.8886],[33,106.4561],[23,104.8673],[183,110.9599],[7,111.8099],[25,102.3485],[21,105.0917],[175,104.8477],[24,104.872],[159,108.51],[29,107.5776],[13,104.5387],[182,108.6047],[26,103.3866],[177,108.6356],[141,98.69214],[151,106.1671],[45,107.8027],[168,95.97443],[181,110.2367],[171,109.5894],[14,107.5236],[0,115.4813],[156,101.0765],[27,111.0764],[20,106.1],[162,112.1559],[11,108.8175],[6,111.3781],[152,102.2062],[170,114.4067],[30,107.3513],[174,112.8914],[32,109.1101],[161,110.2247],[176,112.2976],[19,111.1813],[167,110.5235],[3,110.5962],[166,106.9826],[9,112.3153],[2,113.9535],[165,113.1678],[31,108.9413],[180,115.2995],[148,106.1288],[17,110.7405],[18,110.7861],[155,109.7777],[144,104.0538],[8,114.357],[10,109.4176],[12,107.9921],[142,100.9406],[164,108.765],[5,109.5743],[150,104.8504],[15,108.5251],[172,114.9441],[154,108.497],[153,111.0565],[22,110.2674],[143,101.3782],[157,106.4517],[4,115.1723],[163,109.0869],[1,118.887]

Finish Times:
[99,47.2407],[114,47.4407],[84,47.48071],[98,47.92072],[113,47.92072],[97,48.52073],[83,48.60073],[82,48.92074],[128,48.96074],[111,49.32075],[69,49.40075],[96,49.44075],[67,49.80076],[110,50.00076],[112,50.08076],[81,50.16077],[125,50.52077],[68,50.64078],[94,50.88078],[95,51.04079],[109,51.32079],[126,51.40079],[66,51.5608],[93,51.6008],[79,51.7208],[80,52.08081],[140,52.16081],[92,52.28082],[108,52.28082],[65,52.48082],[106,52.92083],[124,53.00083],[52,53.04083],[123,53.04083],[77,53.20084],[107,53.60085],[91,53.64085],[138,53.68085],[54,54.00085],[76,54.12086],[122,54.20086],[120,54.28086],[90,54.68087],[121,54.84087],[129,54.96088],[64,55.04088],[105,55.08088],[78,55.44089],[104,55.60089],[119,55.68089],[62,55.8809],[136,56.0009],[88,56.1609],[89,56.24091],[53,56.44091],[139,56.60091],[63,56.72092],[102,56.76092],[103,56.84092],[74,57.24093],[117,57.48093],[118,57.52094],[134,57.52094],[51,57.80094],[73,58.08095],[87,58.08095],[149,58.20095],[132,58.24095],[58,58.80096],[86,58.80096],[133,59.04097],[135,59.08097],[47,59.24097],[72,59.32098],[101,59.32098],[85,59.68098],[131,59.88099],[100,60.00099],[61,60.04099],[39,60.321],[56,60.401],[55,60.68101],[37,60.76101],[116,60.80101],[57,61.12102],[49,61.16102],[71,61.40102],[75,61.68103],[60,61.72103],[28,61.88103],[147,61.96104],[59,62.00104],[160,62.28104],[158,62.40105],[50,62.44105],[137,62.60105],[130,63.04106],[35,63.12106],[127,63.12106],[36,63.16106],[115,63.28107],[41,63.68108],[40,63.80108],[38,63.88108],[146,63.92108],[179,64.04108],[44,64.36109],[43,64.5211],[169,64.5211],[70,64.7211],[178,64.7211],[42,65.04111],[48,65.12111],[145,65.12111],[46,65.48112],[173,65.48112],[184,65.72112],[16,65.92113],[34,66.00113],[33,66.04113],[23,66.32114],[183,66.56114],[7,66.80115],[25,66.80115],[21,66.84115],[175,66.92115],[24,67.00115],[159,67.40116],[29,67.44116],[13,67.52116],[182,67.64117],[26,68.04118],[177,68.04118],[141,68.28118],[151,68.28118],[45,68.36118],[168,68.60119],[181,68.72119],[171,69.0812],[14,69.1212],[0,69.1612],[156,69.36121],[27,69.56121],[20,69.68121],[162,69.80122],[11,70.08122],[6,70.20123],[152,70.24123],[170,70.36123],[30,70.72124],[174,70.76124],[32,70.88124],[161,70.96124],[176,71.16125],[19,71.24125],[167,71.52126],[3,71.56126],[166,71.84126],[9,71.88126],[2,72.12127],[165,72.20127],[31,72.24127],[180,72.56128],[148,72.76128],[17,72.88129],[18,72.88129],[155,73.16129],[144,73.4813],[8,73.5613],[10,73.6813],[12,73.76131],[142,73.80131],[164,74.24132],[5,74.36132],[150,74.36132],[15,74.56133],[172,74.64133],[154,74.84133],[153,74.96133],[22,75.16134],[143,75.36134],[157,75.44135],[4,75.84135],[163,76.00136],[1,76.08136]

Stuck Times:
[99,0],[114,0],[84,0],[98,0],[113,0],[97,0],[83,0],[82,0],[128,0],[111,0],[69,1],[96,0],[67,0],[110,0],[112,0],[81,0],[125,0],[68,0],[94,0],[95,0],[109,0],[126,0],[66,0],[93,0],[79,0],[80,0],[140,1],[92,0],[108,1],[65,1],[106,0],[124,0],[52,2],[123,0],[77,1],[107,2],[91,1],[138,1],[54,5],[76,0],[122,1],[120,1],[90,1],[121,1],[129,7],[64,2],[105,2],[78,3],[104,1],[119,1],[62,3],[136,2],[88,2],[89,3],[53,4],[139,6],[63,4],[102,1],[103,2],[74,3],[117,1],[118,3],[134,4],[51,5],[73,3],[87,1],[149,6],[132,4],[58,4],[86,4],[133,5],[135,5],[47,6],[72,3],[101,5],[85,3],[131,4],[100,3],[61,7],[39,10],[56,4],[55,3],[37,11],[116,4],[57,5],[49,10],[71,6],[75,8],[60,9],[28,6],[147,6],[59,9],[160,8],[158,4],[50,12],[137,13],[130,9],[35,11],[127,13],[36,11],[115,7],[41,9],[40,6],[38,13],[146,9],[179,8],[44,11],[43,8],[169,8],[70,8],[178,7],[42,10],[48,12],[145,8],[46,12],[173,7],[184,7],[16,11],[34,13],[33,12],[23,14],[183,8],[7,10],[25,14],[21,12],[175,12],[24,16],[159,13],[29,13],[13,14],[182,13],[26,19],[177,10],[141,19],[151,15],[45,14],[168,19],[181,13],[171,15],[14,16],[0,12],[156,18],[27,14],[20,17],[162,12],[11,17],[6,15],[152,20],[170,10],[30,17],[174,12],[32,16],[161,16],[176,15],[19,15],[167,14],[3,15],[166,17],[9,17],[2,16],[165,16],[31,17],[180,12],[148,18],[17,17],[18,18],[155,18],[144,20],[8,16],[10,19],[12,21],[142,24],[164,19],[5,22],[150,24],[15,20],[172,14],[154,22],[153,20],[22,21],[143,24],[157,24],[4,18],[163,24],[1,20]

