Experiment Name: Custom-MultiplePaths
Method Used: FlowField
Run Number: 1
Preparation Time: 0.0004ms
Pathfinding Time: 88.4323ms
Finish Time: 121.2824ms
Finish Time 90%: 119.3223ms
Repaths: 0
Soft Repaths: 0

Gates Data:
2:[88,[25.17115,50.34105,0,[131.7034,80.001]]],[87,[25.14083,50.28126,0,[130.1112,80.001]]],[84,[25.66933,51.33521,0,[132.871,80.001]]],[83,[25.71583,51.42681,0,[131.4047,80.001]]],[86,[24.68501,49.36768,0,[128.5876,79.001]]],[82,[25.72734,51.44936,0,[130.2027,80.001]]],[76,[26.23708,52.46858,0,[132.1874,80.001]]],[75,[26.28144,52.55071,0,[130.8617,80.001]]],[81,[25.21161,50.4171,0,[129.0291,79.001]]],[74,[25.81316,51.61542,0,[129.6864,79.001]]],[77,[26.24777,52.48757,0,[133.6067,80.001]]],[66,[26.79303,53.57928,0,[131.5264,80.001]]],[65,[26.87981,53.74844,0,[130.247,80.001]]],[67,[26.79528,53.58272,0,[132.868,80.001]]],[56,[27.34923,54.67015,0,[130.9707,80.001]]],[73,[25.76838,51.52981,0,[128.3736,79.001]]],[64,[26.28496,52.55683,0,[129.0822,79.001]]],[57,[27.35458,54.69982,0,[132.213,80.001]]],[68,[26.81895,53.62544,0,[134.3544,80.001]]],[55,[26.94588,53.87708,0,[129.8421,79.001]]],[45,[27.8811,55.75323,0,[131.4677,80.001]]],[54,[26.8148,53.61754,0,[128.6274,79.001]]],[63,[26.34301,52.67426,0,[127.7878,79.001]]],[58,[27.35598,54.70325,0,[133.5473,80.001]]],[53,[26.91529,53.8224,0,[127.3455,79.001]]],[46,[27.9224,55.83407,0,[132.7938,80.001]]],[44,[27.99158,55.9688,0,[130.2405,80.001]]],[47,[27.92944,55.84598,0,[134.2319,80.001]]],[34,[28.46622,56.87555,0,[130.9999,80.001]]],[43,[27.36992,54.72269,0,[129.1017,79.001]]],[33,[28.19123,56.09843,0,[129.9873,79.001]]],[36,[28.48131,56.94736,0,[133.4582,80.001]]],[24,[29.01185,57.96992,0,[131.2764,80.001]]],[37,[28.52277,57.02972,0,[134.9352,80.001]]],[35,[28.4794,56.94931,0,[132.1582,80.001]]],[32,[27.94748,55.84221,0,[128.9899,79.001]]],[42,[27.47154,54.93095,0,[127.9838,79.001]]],[26,[29.05369,58.07398,0,[133.9676,80.001]]],[23,[28.77227,57.2521,0,[129.9969,79.001]]],[15,[29.58535,59.12287,0,[131.0089,80.001]]],[31,[28.0566,56.10003,0,[127.6989,79.001]]],[80,[25.17355,50.3439,0,[127.5938,79.001]]],[17,[29.69022,59.35713,0,[133.472,80.001]]],[14,[29.40628,58.52537,0,[129.9712,79.001]]],[25,[29.05528,58.07018,0,[132.5943,80.001]]],[41,[27.41077,54.80869,0,[126.7182,79.001]]],[22,[28.49187,56.95609,0,[128.7148,79.001]]],[27,[29.19274,58.32475,0,[135.3239,80.001]]],[13,[29.05244,58.07899,0,[128.9139,79.001]]],[30,[27.98483,55.95647,0,[126.4176,79.001]]],[9,[30.41743,60.81124,0,[133.7257,80.001]]],[21,[28.63696,57.25623,0,[127.3986,79.001]]],[61,[26.38708,52.73363,0,[124.9186,79.001]]],[16,[29.68766,59.35587,0,[132.1518,80.001]]],[18,[29.94723,59.86465,0,[134.9159,80.001]]],[12,[29.27136,58.52042,0,[127.8057,79.001]]],[5,[29.781,59.31186,0,[128.9953,79.001]]],[20,[28.55776,57.10039,0,[126.0121,79.001]]],[60,[27.37794,54.74466,0,[136.9948,80.001]]],[4,[29.967,59.88883,0,[127.7,79.001]]],[8,[30.37321,60.71397,0,[132.3275,80.001]]],[19,[28.75578,57.46658,0,[124.6328,79.001]]],[49,[28.11008,56.20154,0,[137.3553,80.001]]],[11,[29.20394,58.38417,0,[126.4514,79.001]]],[51,[26.97634,53.94153,0,[124.3735,79.001]]],[7,[30.28069,60.41323,0,[130.9981,80.001]]],[85,[25.73206,51.45261,0,[134.411,80.001]]],[3,[29.93249,59.84033,0,[126.3089,79.001]]],[40,[27.48791,54.95229,0,[125.3414,79.001]]],[69,[26.9107,53.80282,0,[135.9672,80.001]]],[6,[30.77221,60.82968,0,[130.0095,80.001]]],[29,[28.10242,56.18589,0,[124.8816,79.001]]],[38,[28.79051,57.55484,0,[136.5042,80.001]]],[2,[30.97513,61.87309,0,[131.3897,80.001]]],[0,[30.50616,60.83679,0,[128.7079,79.001]]],[52,[26.87511,53.74084,0,[125.9105,79.001]]],[59,[27.38785,54.76653,0,[135.0345,80.001]]],[1,[31.58511,62.21058,0,[130.0069,80.001]]],[70,[25.91095,51.80754,0,[123.8262,79.001]]],[78,[26.26224,52.51941,0,[135.3387,80.001]]],[10,[29.50116,58.96815,0,[125.0487,79.001]]],[39,[27.58294,55.14402,0,[123.7389,79.001]]],[62,[26.30386,52.59331,0,[126.4279,79.001]]],[28,[28.35658,56.68829,0,[123.3511,79.001]]],[71,[25.8086,51.61216,0,[125.46,79.001]]],[50,[26.96554,53.90601,0,[122.841,79.001]]],[48,[27.98969,55.9673,0,[135.8486,80.001]]],[72,[25.80133,51.59607,0,[127.0467,79.001]]],[79,[25.21548,50.4272,0,[126.1692,79.001]]]
3:[88,[69.19703,138.3799,0,[132.2475,168.001]]],[87,[69.20352,138.376,0,[131.0285,168.001]]],[84,[69.70053,139.3458,0,[132.9772,168.001]]],[83,[69.76381,139.4464,0,[131.8582,168.001]]],[86,[68.85649,137.5411,0,[129.9359,167.001]]],[82,[69.27704,138.475,0,[130.7591,167.001]]],[76,[70.27953,140.4789,0,[132.3899,168.001]]],[75,[70.34137,140.5628,0,[131.2192,168.001]]],[81,[69.51551,138.467,0,[129.7668,167.001]]],[74,[70.03047,139.639,0,[130.1719,167.001]]],[77,[70.80119,140.5402,0,[132.985,168.001]]],[66,[70.93476,141.5944,0,[131.9042,168.001]]],[65,[70.55299,140.7811,0,[130.8324,167.001]]],[67,[71.46297,141.6367,0,[132.6005,168.001]]],[56,[71.54876,142.6983,0,[131.352,168.001]]],[73,[70.57748,139.7574,0,[129.7312,167.001]]],[64,[71.10898,140.7782,0,[130.1452,167.001]]],[57,[72.08875,142.7484,0,[131.9352,168.001]]],[68,[72.19095,142.0426,0,[133.0153,168.001]]],[55,[71.67552,142.0828,0,[130.8541,167.001]]],[45,[72.6775,143.7825,0,[131.9352,168.001]]],[54,[72.26816,141.9982,0,[130.8459,167.001]]],[63,[71.70315,141.0067,0,[129.7633,167.001]]],[58,[72.91961,142.9415,0,[132.94,168.001]]],[53,[72.472,142.3753,0,[129.8251,167.001]]],[46,[73.31075,143.9207,0,[131.999,168.001]]],[44,[72.85774,143.0294,0,[130.8966,167.001]]],[47,[73.71072,144.2206,0,[132.7822,168.001]]],[34,[73.91827,145.0838,0,[131.4742,168.001]]],[43,[73.09554,142.8338,0,[129.8978,167.001]]],[33,[73.60632,144.2948,0,[130.3465,167.001]]],[36,[74.37309,145.2085,0,[132.5009,168.001]]],[24,[74.62922,146.1004,0,[131.2864,168.001]]],[37,[75.12666,145.8784,0,[132.2667,168.001]]],[35,[74.73244,144.2139,0,[130.986,167.001]]],[32,[74.21767,144.1477,0,[130.0214,167.001]]],[42,[75.01379,143.7399,0,[130.0067,167.001]]],[26,[75.75119,146.7671,0,[132.6887,168.001]]],[23,[75.79841,146.4759,0,[131.3808,168.001]]],[15,[76.29811,147.2543,0,[132.3485,168.001]]],[31,[76.3204,146.2966,0,[131.0023,168.001]]],[80,[75.58224,139.7592,0,[129.9991,167.001]]],[17,[76.913,148.1801,0,[132.6906,168.001]]],[14,[76.82516,147.8611,0,[131.4217,168.001]]],[25,[77.3786,146.9015,0,[131.4608,168.001]]],[41,[76.18488,144.0214,0,[130.0115,167.001]]],[22,[76.74564,145.5048,0,[130.1791,167.001]]],[27,[77.64316,147.579,0,[132.7359,168.001]]],[13,[77.96954,148.2569,0,[131.6698,168.001]]],[30,[77.38755,145.6369,0,[130.5634,167.001]]],[9,[78.29791,149.0119,0,[132.8031,168.001]]],[21,[78.03332,146.7209,0,[130.788,167.001]]],[61,[77.77353,143.2621,0,[129.7829,167.001]]],[16,[78.65321,147.891,0,[131.8723,168.001]]],[18,[78.99705,150.4864,0,[132.9164,168.001]]],[12,[78.64986,147.8178,0,[130.9398,167.001]]],[5,[79.34797,149.1038,0,[131.977,168.001]]],[20,[78.46371,146.4125,0,[129.8905,167.001]]],[60,[79.79382,149.8724,0,[132.8617,168.001]]],[4,[79.29605,149.1542,0,[130.933,167.001]]],[8,[80.12832,149.3963,0,[131.818,168.001]]],[19,[79.0938,147.8697,0,[129.9054,167.001]]],[49,[80.5519,149.8979,0,[132.6537,168.001]]],[11,[80.61369,149.8498,0,[131.0251,168.001]]],[51,[79.88578,145.5306,0,[130.0025,167.001]]],[7,[81.04278,149.4411,0,[131.8985,168.001]]],[85,[81.37387,139.755,0,[132.8593,168.001]]],[3,[80.86974,149.8465,0,[130.9993,167.001]]],[40,[80.6179,146.3539,0,[130.0043,167.001]]],[69,[81.79967,147.9574,0,[132.021,168.001]]],[6,[81.51734,148.8501,0,[130.942,167.001]]],[29,[81.27328,149.0906,0,[129.9413,167.001]]],[38,[82.33604,148.9163,0,[132.8395,168.001]]],[2,[82.48726,151.7098,0,[131.7608,168.001]]],[0,[82.32327,150.8523,0,[130.8751,167.001]]],[52,[81.98681,144.3582,0,[129.9933,167.001]]],[59,[83.16575,151.4688,0,[132.4792,168.001]]],[1,[83.38329,152.1841,0,[131.3843,168.001]]],[70,[82.84531,146.5871,0,[130.0655,167.001]]],[78,[84.04287,151.555,0,[132.3635,168.001]]],[10,[83.93713,153.2148,0,[131.0465,168.001]]],[39,[84.50818,150.348,0,[131.1017,168.001]]],[62,[83.66255,144.6664,0,[129.9956,167.001]]],[28,[84.73444,152.9809,0,[132.3014,168.001]]],[71,[84.42225,148.3515,0,[130.0286,167.001]]],[50,[85.19825,152.0655,0,[131.1221,168.001]]],[48,[85.53706,151.8021,0,[132.2698,168.001]]],[72,[85.30477,146.4794,0,[130.2342,167.001]]],[79,[86.08795,150.7344,0,[131.4197,168.001]]]

Travel Distances:
[88,205.9758],[87,205.9561],[84,205.8735],[83,205.9066],[86,207.7922],[82,207.867],[76,207.906],[75,207.8146],[81,209.2999],[74,209.5179],[77,208.875],[66,209.7046],[65,209.6487],[67,208.6664],[56,209.5394],[73,210.4326],[64,210.4271],[57,210.5431],[68,209.602],[55,210.655],[45,210.394],[54,211.273],[63,211.3102],[58,210.9901],[53,211.3474],[46,211.2701],[44,211.2532],[47,210.746],[34,213.1813],[43,212.4952],[33,212.9739],[36,212.4299],[24,214.7735],[37,213.6082],[35,212.7216],[32,213.4298],[42,211.6025],[26,213.2302],[23,214.8258],[15,214.6042],[31,213.6006],[80,208.4413],[17,216.3199],[14,216.0893],[25,214.1171],[41,213.3944],[22,213.7729],[27,214.2602],[13,216.2688],[30,214.787],[9,216.3556],[21,214.6305],[61,211.6114],[16,214.555],[18,218.414],[12,216.4885],[5,216.3829],[20,215.4202],[60,218.2537],[4,218.3825],[8,217.1082],[19,217.4733],[49,216.7583],[11,216.4848],[51,215.5776],[7,217.327],[85,206.9637],[3,218.0057],[40,214.9396],[69,216.2993],[6,217.7008],[29,218.368],[38,216.1839],[2,218.7034],[0,220.1534],[52,214.2012],[59,219.1087],[1,219.3904],[70,214.6715],[78,219.4555],[10,221.2892],[39,217.299],[62,213.213],[28,219.4499],[71,217.3629],[50,219.6185],[48,218.6996],[72,215.7979],[79,218.5256]

Finish Times:
[88,104.322],[87,104.442],[84,104.882],[83,104.922],[86,104.962],[82,105.162],[76,105.402],[75,105.562],[81,105.962],[74,106.002],[77,106.002],[66,106.082],[65,106.3621],[67,106.6021],[56,106.7621],[73,106.9621],[64,107.0821],[57,107.2421],[68,107.3621],[55,107.5621],[45,107.7621],[54,108.0021],[63,108.0821],[58,108.1221],[53,108.4021],[46,108.4421],[44,108.6421],[47,108.8821],[34,109.1221],[43,109.3621],[33,109.4821],[36,109.5621],[24,109.9621],[37,110.2421],[35,110.3221],[32,110.4021],[42,110.8822],[26,110.9222],[23,111.0422],[15,111.4822],[31,111.7622],[80,111.9222],[17,112.0422],[14,112.0822],[25,112.5222],[41,112.5222],[22,112.6422],[27,112.8022],[13,113.0822],[30,113.0822],[9,113.5222],[21,113.7622],[61,113.7622],[16,113.8022],[18,114.2022],[12,114.4822],[5,114.5222],[20,114.6422],[60,114.9622],[4,115.1223],[8,115.2423],[19,115.2423],[49,115.7223],[11,115.8823],[51,115.9623],[7,116.1623],[85,116.5623],[3,116.6423],[40,116.6423],[69,116.9623],[6,117.3223],[29,117.4823],[38,117.5223],[2,117.6423],[0,118.1223],[52,118.1223],[59,118.3223],[1,118.5623],[70,118.9223],[78,119.1623],[10,119.3223],[39,119.6824],[62,119.8424],[28,119.8824],[71,120.3224],[50,120.4024],[48,120.6824],[72,121.1624],[79,121.2824]

Stuck Times:
[88,0],[87,0],[84,0],[83,0],[86,0],[82,0],[76,0],[75,0],[81,0],[74,0],[77,0],[66,0],[65,0],[67,0],[56,0],[73,0],[64,0],[57,0],[68,1],[55,0],[45,0],[54,0],[63,0],[58,1],[53,1],[46,1],[44,1],[47,2],[34,0],[43,0],[33,0],[36,2],[24,0],[37,1],[35,3],[32,1],[42,3],[26,2],[23,1],[15,2],[31,3],[80,6],[17,1],[14,3],[25,5],[41,5],[22,4],[27,4],[13,3],[30,4],[9,4],[21,5],[61,8],[16,4],[18,4],[12,4],[5,5],[20,7],[60,6],[4,5],[8,5],[19,6],[49,5],[11,6],[51,9],[7,6],[85,11],[3,7],[40,9],[69,10],[6,7],[29,8],[38,8],[2,6],[0,7],[52,11],[59,7],[1,7],[70,12],[78,9],[10,9],[39,11],[62,14],[28,11],[71,14],[50,12],[48,12],[72,14],[79,14]

