Experiment Name: Custom-MultiplePaths
Method Used: PathFollowingLowerNumberOfPaths
Run Number: 7
Preparation Time: 0.0003ms
Pathfinding Time: 2.4045ms
Finish Time: 121.0824ms
Finish Time 90%: 118.0823ms
Repaths: 0
Soft Repaths: 0

Gates Data:
2:[87,[25.13742,50.27438,0,[131.0321,80.001]]],[88,[25.18774,50.37099,0,[133.1839,80.001]]],[83,[25.69872,51.394,0,[131.926,80.001]]],[82,[25.70264,51.40081,0,[130.1773,80.001]]],[74,[26.25088,52.49552,0,[131.0202,80.001]]],[81,[25.22535,50.44512,0,[128.672,79.001]]],[75,[26.24281,52.4763,0,[132.6239,80.001]]],[86,[24.71128,49.42049,0,[127.7277,79.001]]],[66,[26.78393,53.55806,0,[131.8356,80.001]]],[73,[25.76504,51.51626,0,[129.4131,79.001]]],[76,[26.23181,52.45347,0,[133.8817,80.001]]],[65,[26.80776,53.60904,0,[130.2591,80.001]]],[72,[25.74884,51.48697,0,[127.7194,79.001]]],[56,[27.33911,54.66351,0,[132.5348,80.001]]],[80,[25.20801,50.41122,0,[126.6772,79.001]]],[54,[26.85238,53.69296,0,[129.5063,79.001]]],[57,[27.35612,54.70361,0,[133.7454,80.001]]],[55,[27.37447,54.73783,0,[131.0622,80.001]]],[44,[27.94256,55.87517,0,[130.4152,80.001]]],[64,[26.3244,52.63956,0,[128.6086,79.001]]],[63,[26.33532,52.65872,0,[126.9773,79.001]]],[45,[27.90613,55.73198,0,[132.0359,80.001]]],[33,[28.51041,57.00627,0,[131.2775,80.001]]],[43,[27.40866,54.80573,0,[128.7231,79.001]]],[79,[25.28571,50.55838,0,[125.0095,79.001]]],[53,[26.86893,53.72671,0,[127.8439,79.001]]],[24,[28.98689,57.93331,0,[132.3403,80.001]]],[32,[27.94496,55.87372,0,[129.618,79.001]]],[71,[25.79191,51.55276,0,[126.0258,79.001]]],[23,[29.0727,58.13195,0,[130.372,80.001]]],[31,[27.98798,55.95461,0,[127.9475,79.001]]],[46,[27.91799,55.817,0,[134.1591,80.001]]],[70,[25.83422,51.64041,0,[123.9708,79.001]]],[34,[28.428,56.8359,0,[133.1318,80.001]]],[84,[25.68061,51.35551,0,[134.6937,80.001]]],[14,[29.18668,58.34993,0,[129.7369,79.001]]],[22,[28.50008,56.98849,0,[128.8623,79.001]]],[16,[29.661,59.29461,0,[133.1162,80.001]]],[25,[29.0566,58.09506,0,[133.9207,80.001]]],[42,[27.44368,54.87282,0,[127.0729,79.001]]],[62,[26.38617,52.75161,0,[125.1585,79.001]]],[17,[29.69968,59.34848,0,[134.7197,80.001]]],[52,[26.87997,53.74169,0,[126.1675,79.001]]],[15,[29.52864,59.03854,0,[131.3964,80.001]]],[47,[27.93892,55.84838,0,[135.8022,80.001]]],[8,[30.38582,60.73722,0,[133.589,80.001]]],[5,[29.71414,59.39727,0,[128.8756,79.001]]],[61,[26.48696,52.92594,0,[123.1841,79.001]]],[7,[30.15426,60.28788,0,[132.1036,80.001]]],[26,[29.08285,58.11776,0,[135.5346,80.001]]],[41,[27.47226,54.91946,0,[125.3028,79.001]]],[18,[30.02259,59.98948,0,[136.4181,80.001]]],[6,[30.25817,60.49266,0,[130.6386,80.001]]],[2,[30.9155,61.8149,0,[131.6333,80.001]]],[36,[28.51105,56.99419,0,[136.4076,80.001]]],[50,[26.98534,53.91565,0,[122.0711,79.001]]],[51,[26.94082,53.84835,0,[124.2953,79.001]]],[21,[28.56884,57.12018,0,[127.1708,79.001]]],[27,[29.28988,58.48864,0,[137.0307,80.001]]],[59,[27.41884,54.80596,0,[136.92,80.001]]],[29,[28.12248,56.1805,0,[124.5463,79.001]]],[1,[30.39741,60.77476,0,[129.9093,79.001]]],[30,[27.99421,55.95335,0,[126.285,79.001]]],[40,[27.57421,55.11201,0,[123.4434,79.001]]],[37,[28.65669,57.22389,0,[137.8366,80.001]]],[13,[29.10355,58.18879,0,[128.1031,79.001]]],[38,[28.98293,57.85678,0,[139.1199,80.001]]],[19,[28.78236,57.51728,0,[123.925,79.001]]],[60,[27.48104,54.87818,0,[139.2908,80.001]]],[49,[28.1812,56.30285,0,[138.9752,80.001]]],[39,[27.73773,55.40598,0,[121.923,79.001]]],[20,[28.58342,57.13115,0,[125.6247,79.001]]],[85,[25.7497,51.48631,0,[136.4721,80.001]]],[9,[30.47289,60.89431,0,[135.1341,80.001]]],[28,[28.43225,56.8033,0,[122.6065,79.001]]],[3,[29.97393,59.90628,0,[125.7206,79.001]]],[77,[26.27451,52.52613,0,[135.4753,80.001]]],[78,[26.31524,52.60408,0,[137.4257,80.001]]],[10,[29.58594,59.10661,0,[123.5382,79.001]]],[35,[28.4775,56.93675,0,[134.8109,80.001]]],[12,[29.23322,58.44223,0,[126.5445,79.001]]],[58,[27.36499,54.71569,0,[135.2578,80.001]]],[4,[29.89748,59.76836,0,[127.2992,79.001]]],[68,[26.84896,53.67535,0,[136.2798,80.001]]],[0,[30.44312,60.86506,0,[128.3406,79.001]]],[11,[29.26457,58.49024,0,[125.0319,79.001]]],[69,[26.95707,53.86015,0,[138.1901,80.001]]],[67,[26.80758,53.60363,0,[134.5002,80.001]]],[48,[28.02004,56.00632,0,[137.4656,80.001]]]
3:[87,[69.1452,138.286,0,[131.0615,168.001]]],[88,[69.22552,138.4004,0,[132.6963,168.001]]],[83,[69.71826,139.4111,0,[131.8304,168.001]]],[82,[69.22521,138.4279,0,[130.329,167.001]]],[74,[70.42307,140.5589,0,[132,168.0001]]],[81,[69.85404,138.8893,0,[130.9097,167.001]]],[75,[70.36226,140.5589,0,[133.0953,168.001]]],[86,[70.01088,137.8033,0,[129.8485,167.001]]],[66,[71.01789,141.653,0,[132.0474,168.001]]],[73,[70.51038,139.6885,0,[130.8746,167.001]]],[76,[71.19773,140.609,0,[133.1564,168.001]]],[65,[71.57191,141.7409,0,[131.2123,168.001]]],[72,[70.8028,139.9462,0,[129.9169,167.001]]],[56,[71.66779,142.6807,0,[132.4176,168.001]]],[80,[71.3776,139.413,0,[130.1161,167.001]]],[54,[72.12482,142.8765,0,[131.4352,168.001]]],[57,[72.14278,142.8028,0,[133.3549,168.001]]],[55,[72.47718,142.8743,0,[132.4989,168.001]]],[44,[72.80493,143.9549,0,[131.6362,168.001]]],[64,[71.92844,140.8422,0,[130.2538,167.001]]],[63,[72.4689,141.6096,0,[130.5993,167.001]]],[45,[72.98969,143.8347,0,[133.303,168.001]]],[33,[73.30303,145.1048,0,[132.3918,168.001]]],[43,[73.43242,144.2658,0,[131.3059,168.001]]],[79,[72.71569,140.9368,0,[129.6319,167.001]]],[53,[73.22179,142.326,0,[130.2986,167.001]]],[24,[73.89384,146.0441,0,[132.8889,168.001]]],[32,[74.0676,145.2238,0,[131.5954,168.001]]],[71,[73.77596,141.4557,0,[130.2867,167.001]]],[23,[74.62591,146.4501,0,[132.1557,168.001]]],[31,[74.75771,145.5573,0,[131.073,168.001]]],[46,[74.47509,144.5385,0,[133.3176,168.001]]],[70,[74.35835,142.4472,0,[129.9171,167.001]]],[34,[75.26425,145.5624,0,[132.1046,168.001]]],[84,[75.0437,139.8945,0,[133.1179,168.001]]],[14,[75.31429,147.5064,0,[131.0008,168.001]]],[22,[75.9443,146.359,0,[131.1617,168.001]]],[16,[75.84949,147.6115,0,[132.2642,168.001]]],[25,[75.76801,146.6113,0,[133.3669,168.001]]],[42,[74.90432,143.8071,0,[129.8988,167.001]]],[62,[75.45248,143.1132,0,[130.0435,167.001]]],[17,[76.44786,148.0941,0,[132.168,168.001]]],[52,[76.01336,143.6301,0,[130.1746,167.001]]],[15,[76.72113,147.2735,0,[131.2058,168.001]]],[47,[76.67736,145.6441,0,[133.1777,168.001]]],[8,[77.12461,149.0145,0,[132.1824,168.001]]],[5,[76.76247,147.5609,0,[130.9736,167.001]]],[61,[76.54411,144.6909,0,[129.8641,167.001]]],[7,[77.6755,148.7788,0,[131.8479,168.001]]],[26,[77.31218,147.2732,0,[133.2589,168.001]]],[41,[77.17252,145.2996,0,[130.1886,167.001]]],[18,[77.87698,150.1213,0,[132.8807,168.001]]],[6,[78.10926,149.0754,0,[131.174,168.001]]],[2,[78.60503,149.9828,0,[132.07,168.001]]],[36,[78.47961,147.9216,0,[133.2304,168.001]]],[50,[77.75069,146.1576,0,[129.9038,167.001]]],[51,[78.13734,145.9996,0,[130.8088,167.001]]],[21,[78.74715,146.9328,0,[130.9259,167.001]]],[27,[79.27861,151.1661,0,[132.0221,168.001]]],[59,[79.31181,146.7337,0,[133.1213,168.001]]],[29,[78.62889,147.8874,0,[129.8384,167.001]]],[1,[79.91628,151.1497,0,[132.1251,168.001]]],[30,[79.86667,147.1072,0,[131.0216,168.001]]],[40,[79.2271,147.0716,0,[129.9387,167.001]]],[37,[79.92506,149.8969,0,[133.2415,168.001]]],[13,[80.57991,148.8004,0,[131.0712,168.001]]],[38,[80.61266,152.1581,0,[132.1794,168.001]]],[19,[79.86328,149.4711,0,[130.0222,167.001]]],[60,[80.64877,152.8812,0,[133.2957,168.001]]],[49,[81.27676,152.6114,0,[131.9745,168.001]]],[39,[80.50668,148.3311,0,[129.966,167.001]]],[20,[80.82846,148.7448,0,[130.8778,167.001]]],[85,[81.30617,150.8996,0,[133.081,168.001]]],[9,[81.93888,152.1051,0,[131.8315,168.001]]],[28,[81.28272,150.2038,0,[130.1035,167.001]]],[3,[81.76424,150.472,0,[130.9339,167.001]]],[77,[82.08946,151.2931,0,[132.9139,168.001]]],[78,[82.76745,154.9832,0,[131.8699,168.001]]],[10,[82.06382,152.0736,0,[129.9419,167.001]]],[35,[82.78089,152.6806,0,[133.0303,168.001]]],[12,[82.51219,150.1937,0,[130.7841,167.001]]],[58,[83.47625,154.2843,0,[131.8279,168.001]]],[4,[83.04259,152.8115,0,[130.2473,167.001]]],[68,[83.84892,149.9542,0,[132.7897,168.001]]],[0,[84.02644,151.7144,0,[131.3185,168.001]]],[11,[83.9808,151.6915,0,[130.4337,167.001]]],[69,[84.64248,152.4518,0,[132.0893,168.001]]],[67,[85.34069,152.1328,0,[131.1425,168.001]]],[48,[86.0813,156.9594,0,[131.4449,168.001]]]

Travel Distances:
[87,205.9899],[88,205.9374],[83,205.9642],[82,205.9438],[74,207.7032],[81,207.1668],[75,207.7924],[86,205.6904],[66,209.6005],[73,208.6326],[76,208.1688],[65,208.5909],[72,208.2928],[56,209.3242],[80,208.6055],[54,210.593],[57,210.4744],[55,209.9094],[44,210.3305],[64,208.8823],[63,210.6367],[45,211.781],[33,212.4857],[43,211.3858],[79,209.3897],[53,211.8479],[24,214.2431],[32,213.0799],[71,209.8639],[23,213.1813],[31,212.0277],[46,213.5336],[70,211.6928],[34,212.9918],[84,207.6416],[14,214.8347],[22,214.4506],[16,215.8911],[25,214.9982],[42,213.8487],[62,212.1448],[17,215.185],[52,211.5788],[15,213.8216],[47,214.2431],[8,216.7304],[5,215.992],[61,213.4937],[7,215.4142],[26,214.5757],[41,212.8959],[18,218.3045],[6,216.8278],[2,216.7584],[36,214.8502],[50,214.4081],[51,213.6362],[21,215.4181],[27,218.5985],[59,214.0922],[29,216.5832],[1,219.2836],[30,215.3483],[40,216.5335],[37,217.915],[13,215.6143],[38,218.9186],[19,217.6829],[60,219.5351],[49,220.0393],[39,217.1913],[20,217.0679],[85,218.1879],[9,220.2034],[28,219.5372],[3,218.9301],[77,219.0716],[78,221.4375],[10,219.8434],[35,221.0011],[12,219.1449],[58,221.3213],[4,220.3985],[68,218.1956],[0,219.6155],[11,219.6125],[69,219.162],[67,219.4453],[48,224.7904]

Finish Times:
[87,104.202],[88,104.322],[83,104.762],[82,104.922],[74,105.442],[81,105.442],[75,105.562],[86,105.842],[66,106.082],[73,106.162],[76,106.5221],[65,106.6021],[72,106.7221],[56,106.7621],[80,107.0021],[54,107.1621],[57,107.5221],[55,107.5621],[44,107.8421],[64,107.9221],[63,108.1221],[45,108.3221],[33,108.3621],[43,108.4821],[79,108.8021],[53,108.9621],[24,109.0821],[32,109.0821],[71,109.3621],[23,109.7221],[31,109.8021],[46,109.9621],[70,110.1221],[34,110.3221],[84,110.3221],[14,110.4421],[22,110.9622],[16,111.0022],[25,111.2022],[42,111.2022],[62,111.2422],[17,111.5222],[52,111.6022],[15,111.7222],[47,111.9622],[8,112.2422],[5,112.3622],[61,112.5622],[7,112.7222],[26,112.7222],[41,112.9222],[18,113.0022],[6,113.1622],[2,113.6422],[36,113.7622],[50,113.8022],[51,113.8422],[21,114.2822],[27,114.3622],[59,114.6422],[29,114.7622],[1,114.9622],[30,114.9622],[40,115.0423],[37,115.1623],[13,115.6423],[38,115.6823],[19,115.8823],[60,115.9223],[49,116.3223],[39,116.3623],[20,116.4023],[85,116.5223],[9,116.9623],[28,117.0423],[3,117.3223],[77,117.3223],[78,117.8023],[10,117.8823],[35,117.9623],[12,118.0823],[58,118.5223],[4,118.8823],[68,119.0023],[0,119.0823],[11,119.6824],[69,119.6824],[67,120.4024],[48,121.0824]

Stuck Times:
[87,0],[88,0],[83,0],[82,0],[74,0],[81,0],[75,0],[86,1],[66,0],[73,0],[76,1],[65,0],[72,0],[56,0],[80,2],[54,0],[57,0],[55,0],[44,0],[64,2],[63,2],[45,1],[33,0],[43,1],[79,3],[53,2],[24,0],[32,0],[71,3],[23,1],[31,1],[46,2],[70,4],[34,2],[84,6],[14,1],[22,4],[16,2],[25,3],[42,3],[62,5],[17,3],[52,5],[15,3],[47,6],[8,1],[5,3],[61,6],[7,4],[26,5],[41,6],[18,3],[6,3],[2,3],[36,4],[50,6],[51,6],[21,5],[27,3],[59,7],[29,4],[1,4],[30,7],[40,6],[37,4],[13,8],[38,4],[19,5],[60,2],[49,4],[39,7],[20,7],[85,5],[9,5],[28,7],[3,7],[77,7],[78,4],[10,7],[35,6],[12,9],[58,6],[4,6],[68,9],[0,10],[11,10],[69,9],[67,11],[48,7]

