Experiment Name: Custom-MultiplePaths
Method Used: RegionalFlowGraph
Run Number: 9
Preparation Time: 391.2865ms
Pathfinding Time: 0.8671ms
Finish Time: 120.3224ms
Finish Time 90%: 117.8023ms
Repaths: 0
Soft Repaths: 0

Gates Data:
2:[87,[24.66178,49.30411,0,[129.8332,79.001]]],[88,[25.17748,50.35252,0,[131.4253,80.001]]],[86,[24.70628,49.40718,0,[128.2057,79.001]]],[83,[25.7213,51.43386,0,[131.1109,80.001]]],[82,[25.29834,50.46947,0,[129.8964,79.001]]],[84,[25.66968,51.33434,0,[132.6415,80.001]]],[81,[25.24918,50.46664,0,[128.6808,79.001]]],[76,[26.26267,52.51575,0,[132.0525,80.001]]],[75,[26.31114,52.56969,0,[130.8377,80.001]]],[77,[26.24808,52.47928,0,[133.4305,80.001]]],[66,[26.83394,53.64038,0,[131.3251,80.001]]],[73,[25.8129,51.55339,0,[128.6436,79.001]]],[65,[26.47218,52.74824,0,[129.9208,79.001]]],[72,[25.79135,51.54349,0,[127.5035,79.001]]],[56,[27.40035,54.74954,0,[131.0024,80.001]]],[67,[26.81421,53.61638,0,[132.7435,80.001]]],[74,[25.87018,51.61465,0,[129.7481,79.001]]],[57,[27.39129,54.7721,0,[132.216,80.001]]],[46,[27.96894,55.91703,0,[131.5608,80.001]]],[80,[25.20419,50.40289,0,[127.1366,79.00099]]],[64,[26.37577,52.62947,0,[128.5327,79.00098]]],[55,[27.04964,53.86386,0,[129.9271,79.001]]],[58,[27.34373,54.66965,0,[133.585,80.001]]],[47,[27.91341,55.80713,0,[132.9052,80.001]]],[54,[26.92804,53.67603,0,[128.8376,79.001]]],[71,[25.79024,51.55485,0,[126.1969,79.00099]]],[45,[28.08281,55.88737,0,[130.2969,80.00099]]],[79,[25.26989,50.53485,0,[125.5559,79.00099]]],[53,[26.93429,53.84875,0,[127.5359,79.001]]],[48,[27.97191,55.92319,0,[134.3153,80.001]]],[44,[27.53567,55.00791,0,[129.1816,79.001]]],[43,[27.46608,54.80604,0,[128.0774,79.00099]]],[33,[28.25685,56.09474,0,[129.9927,79.001]]],[63,[26.37904,52.74369,0,[127.124,79.00098]]],[35,[28.53189,57.04199,0,[132.357,80.00098]]],[36,[28.50925,56.99204,0,[133.5987,80.00097]]],[32,[28.08581,55.85295,0,[128.9443,79.001]]],[34,[28.53025,56.98071,0,[131.1539,80.00099]]],[31,[28.05253,56.07128,0,[127.5804,79.001]]],[22,[28.56535,56.97787,0,[128.1492,79.00098]]],[70,[25.83253,51.64666,0,[124.5492,79.00099]]],[24,[29.12479,58.13667,0,[130.8422,80.00099]]],[59,[27.39084,54.75611,0,[135.074,80.00099]]],[62,[26.37384,52.73264,0,[125.5586,79.00098]]],[23,[28.75082,57.26508,0,[129.3596,79.001]]],[42,[27.51855,55.02499,0,[126.8414,79.00098]]],[61,[26.47472,52.93156,0,[123.9247,79.00098]]],[25,[29.1186,58.17564,0,[132.098,80.00099]]],[16,[29.75447,59.46849,0,[131.693,80.00099]]],[49,[28.06538,56.10582,0,[135.9393,80.001]]],[21,[28.6702,57.30735,0,[126.8235,79.00096]]],[51,[26.95278,53.87823,0,[124.6952,79.00099]]],[15,[29.6622,59.29453,0,[130.3659,80.001]]],[52,[26.88988,53.75416,0,[126.1807,79.00099]]],[17,[29.7094,59.37293,0,[133.0392,80.00099]]],[40,[27.58711,55.15326,0,[123.8739,79.00098]]],[13,[29.11878,58.07426,0,[128.2694,79.00098]]],[8,[30.46633,60.85418,0,[131.7907,80.00098]]],[41,[27.49194,54.97005,0,[125.4656,79.00098]]],[50,[26.97086,53.90375,0,[122.8464,79.00099]]],[14,[29.40889,58.57287,0,[129.2686,79.001]]],[12,[29.30335,58.53399,0,[126.9999,79.00096]]],[85,[25.72359,51.43402,0,[134.2119,80.001]]],[6,[30.1754,59.95871,0,[129.2732,79.001]]],[26,[29.10185,58.07867,0,[133.4856,80.00095]]],[20,[28.64037,57.2393,0,[125.5074,79.00094]]],[30,[28.03709,56.01149,0,[126.2171,79.001]]],[39,[27.71245,55.38012,0,[122.3073,79.00096]]],[9,[30.47028,60.89259,0,[133.1915,80.00098]]],[37,[28.57207,57.10977,0,[134.9943,80.00098]]],[7,[30.3129,60.54246,0,[130.432,80.00099]]],[29,[28.11231,56.1816,0,[124.7827,79.00099]]],[69,[26.89556,53.76714,0,[135.8932,80.001]]],[5,[29.79297,59.30174,0,[128.0822,79.00099]]],[19,[28.84186,57.6086,0,[124.001,79.00093]]],[4,[30.02071,59.95264,0,[126.7604,79.00098]]],[18,[30.00801,59.9518,0,[134.4475,80.001]]],[38,[28.86272,57.64255,0,[136.4581,80.00098]]],[11,[29.29549,58.51599,0,[125.6731,79.00095]]],[27,[29.288,58.40311,0,[134.9854,80.00093]]],[68,[26.80503,53.59294,0,[134.2852,80.001]]],[1,[30.95029,61.37006,0,[129.0774,79.00099]]],[60,[27.39348,54.7623,0,[137.0292,80.00097]]],[0,[30.54261,60.94561,0,[127.7798,79.00097]]],[28,[28.37335,56.70482,0,[123.1804,79.00096]]],[78,[26.27193,52.53179,0,[135.1546,80.00099]]],[2,[31.04825,62.00706,0,[130.6352,80.00098]]],[3,[30.03585,59.96397,0,[125.3314,79.00098]]],[10,[29.62657,59.14074,0,[124.0428,79.00092]]]
3:[87,[68.79263,137.3518,0,[130.9852,167.001]]],[88,[69.19539,138.3725,0,[132.2663,168.001]]],[86,[69.07719,137.6136,0,[129.9795,167.001]]],[83,[69.78768,139.4619,0,[132.049,168.001]]],[82,[69.47279,138.5117,0,[130.948,167.001]]],[84,[69.69594,139.3446,0,[133.242,168.001]]],[81,[69.69173,138.5471,0,[129.8889,167.001]]],[76,[70.3684,140.5413,0,[131.8361,168.001]]],[75,[70.14021,139.6228,0,[130.8573,167.001]]],[77,[70.45602,140.5424,0,[132.9407,168.001]]],[66,[70.99238,141.6611,0,[131.8899,168.001]]],[73,[70.43147,139.6661,0,[129.8936,167.001]]],[65,[70.82833,140.7905,0,[130.9465,167.001]]],[72,[71.10868,140.2264,0,[130.0006,167.001]]],[56,[71.69018,142.7698,0,[131.84,168.001]]],[67,[71.18511,141.6368,0,[132.9513,168.001]]],[74,[71.58312,139.9309,0,[130.9996,167.001]]],[57,[71.78313,142.792,0,[132.9443,168.001]]],[46,[72.33582,143.9486,0,[132.0948,168.001]]],[80,[71.64294,139.1161,0,[129.7089,167.001]]],[64,[72.06337,141.0055,0,[130.4342,167.001]]],[55,[72.79493,143.093,0,[131.5263,168.001]]],[58,[72.39066,142.878,0,[133.2048,168.001]]],[47,[72.91849,143.9939,0,[132.8459,168.001]]],[54,[72.71577,142.0148,0,[130.7366,167.001]]],[71,[72.5008,141.0485,0,[129.702,167.001]]],[45,[73.34943,144.1526,0,[131.8783,168.001]]],[79,[73.11685,140.7506,0,[129.839,167.001]]],[53,[73.30267,142.489,0,[130.9102,167.001]]],[48,[73.48591,144.3294,0,[132.9948,168.001]]],[44,[73.93629,144.353,0,[132.0409,168.001]]],[43,[73.9202,143.3761,0,[130.8429,167.001]]],[33,[74.50865,145.418,0,[131.9439,168.001]]],[63,[73.78947,141.9138,0,[129.7875,167.001]]],[35,[74.03088,145.186,0,[133.2673,168.001]]],[36,[74.60194,145.5012,0,[133.1208,168.001]]],[32,[75.01714,145.3735,0,[131.0385,168.001]]],[34,[75.08228,145.427,0,[132.1767,168.001]]],[31,[74.46868,144.7182,0,[129.962,167.001]]],[22,[75.07418,145.5997,0,[130.9501,167.001]]],[70,[75.02238,142.4846,0,[129.7992,167.001]]],[24,[75.6553,146.242,0,[132.0817,168.001]]],[59,[75.39327,144.4325,0,[133.1458,168.001]]],[62,[75.56528,143.4611,0,[130.3105,167.001]]],[23,[76.21263,146.5412,0,[131.8317,168.001]]],[42,[76.0534,144.9214,0,[130.9411,167.001]]],[61,[76.09145,144.5663,0,[129.7959,167.001]]],[25,[76.02507,146.8767,0,[133.1225,168.001]]],[16,[76.84073,147.8415,0,[132.0461,168.001]]],[49,[76.6898,146.2937,0,[133.1077,168.001]]],[21,[76.63535,146.8686,0,[131,167.0062]]],[51,[76.69363,145.3601,0,[129.8904,167.001]]],[15,[77.49231,147.6723,0,[132.127,168.001]]],[52,[77.77259,146.2268,0,[131.021,168.001]]],[17,[77.52063,147.8733,0,[133.2746,168.001]]],[40,[77.36932,146.1158,0,[129.9285,167.001]]],[13,[78.19534,148.2668,0,[131.9056,168.001]]],[8,[78.11718,149.3933,0,[133.0591,168.001]]],[41,[77.87132,145.7711,0,[130.7695,167.001]]],[50,[78.15174,145.9083,0,[129.8039,167.001]]],[14,[78.85904,148.644,0,[131.75,168.001]]],[12,[78.51997,148.3372,0,[130.6639,167.001]]],[85,[78.68417,141.2178,0,[132.8462,168.001]]],[6,[79.53292,149.579,0,[131.5439,168.001]]],[26,[79.28313,147.2878,0,[132.9244,168.001]]],[20,[79.02003,147.9039,0,[130.0674,167.001]]],[30,[80.13481,147.4789,0,[131.2431,168.001]]],[39,[79.65257,147.348,0,[130.0397,167.001]]],[9,[79.94669,150.0136,0,[132.6387,168.001]]],[37,[80.61636,147.6958,0,[132.031,168.001]]],[7,[80.23505,148.9304,0,[130.9762,167.001]]],[29,[80.29395,147.9886,0,[129.8695,167.001]]],[69,[80.87399,144.9135,0,[132.9913,168.001]]],[5,[81.29865,149.9344,0,[131.0476,168.001]]],[19,[80.96214,148.5237,0,[129.8884,167.001]]],[4,[81.39326,149.2293,0,[130.7249,167.001]]],[18,[81.65511,151.4591,0,[131.9493,168.001]]],[38,[81.4773,148.6748,0,[132.9877,168.001]]],[11,[81.8379,147.8561,0,[129.9325,167.001]]],[27,[82.35744,151.4174,0,[131.5065,168.001]]],[68,[82.2935,145.988,0,[132.7546,168.001]]],[1,[82.31884,149.8856,0,[130.5726,167.001]]],[60,[82.98637,149.4707,0,[132.0562,168.001]]],[0,[83.41987,151.9045,0,[131.2544,168.001]]],[28,[83.07061,149.5796,0,[130.0311,167.001]]],[78,[83.45238,147.8837,0,[132.7871,168.001]]],[2,[84.06113,151.516,0,[132.0496,168.001]]],[3,[83.7224,150.868,0,[130.6529,167.001]]],[10,[84.68138,150.3451,0,[130.9739,167.001]]]

Travel Distances:
[87,205.7533],[88,205.9722],[86,205.4171],[83,207.8372],[82,207.5252],[84,207.8594],[81,206.9081],[76,207.6657],[75,207.2033],[77,207.512],[66,209.5009],[73,208.6007],[65,209.0666],[72,207.9415],[56,209.2536],[67,209.2121],[74,208.711],[57,211.1526],[46,211.2206],[80,207.5323],[64,208.6805],[55,209.3584],[58,212.0006],[47,212.0721],[54,210.4398],[71,209.9371],[45,211.3102],[79,208.2482],[53,211.6582],[48,213.2424],[44,212.2979],[43,211.396],[33,212.2768],[63,210.1388],[35,212.9282],[36,214.0585],[32,213.16],[34,213.1537],[31,213.7026],[22,213.2449],[70,210.2226],[24,214.7776],[59,213.5865],[62,212.226],[23,213.9867],[42,212.7007],[61,212.2247],[25,216.6298],[16,215.9688],[49,214.7125],[21,215.4085],[51,213.7321],[15,214.4594],[52,212.5949],[17,216.7948],[40,215.1095],[13,215.7576],[8,217.1036],[41,213.8743],[50,213.4218],[14,216.7461],[12,217.087],[85,209.6953],[6,216.3514],[26,214.4686],[20,215.659],[30,215.1838],[39,215.8544],[9,217.8209],[37,214.353],[7,216.3808],[29,217.1401],[69,213.0903],[5,217.2143],[19,216.4015],[4,218.2677],[18,219.7353],[38,217.5017],[11,216.0747],[27,218.4285],[68,213.2035],[1,219.0019],[60,217.4675],[0,218.8425],[28,217.2313],[78,216.6877],[2,219.0744],[3,219.1824],[10,218.864]

Finish Times:
[87,104.362],[88,104.482],[86,104.642],[83,104.962],[82,105.002],[84,105.242],[81,105.442],[76,105.522],[75,105.762],[77,105.882],[66,106.2421],[73,106.2421],[65,106.3621],[72,106.6821],[56,106.8421],[67,106.9221],[74,107.1221],[57,107.1621],[46,107.5221],[80,107.5221],[64,107.7221],[55,107.9221],[58,108.1621],[47,108.2821],[54,108.3221],[71,108.3221],[45,108.5221],[79,108.8821],[53,108.9621],[48,109.0421],[44,109.2421],[43,109.5621],[33,109.6421],[63,109.6421],[35,109.9221],[36,110.0821],[32,110.1221],[34,110.2821],[31,110.4021],[22,110.7222],[70,110.7222],[24,111.0422],[59,111.1222],[62,111.1222],[23,111.4022],[42,111.6422],[61,111.8022],[25,112.0022],[16,112.1222],[49,112.2422],[21,112.2822],[51,112.4022],[15,112.8022],[52,112.8422],[17,113.1222],[40,113.1622],[13,113.3222],[8,113.4422],[41,113.4822],[50,113.8822],[14,114.1222],[12,114.1622],[85,114.4422],[6,114.7222],[26,114.7622],[20,114.8422],[30,115.1623],[39,115.3223],[9,115.3623],[37,115.7623],[7,115.8023],[29,116.1623],[69,116.2423],[5,116.4423],[19,116.6423],[4,117.0023],[18,117.0423],[38,117.1223],[11,117.4823],[27,117.5623],[68,117.8023],[1,117.9623],[60,118.1623],[0,118.6023],[28,118.7223],[78,118.9623],[2,119.3624],[3,119.3624],[10,120.3224]

Stuck Times:
[87,0],[88,0],[86,0],[83,0],[82,0],[84,0],[81,0],[76,0],[75,0],[77,0],[66,0],[73,0],[65,0],[72,0],[56,0],[67,0],[74,0],[57,0],[46,0],[80,2],[64,1],[55,0],[58,1],[47,1],[54,1],[71,2],[45,0],[79,3],[53,1],[48,0],[44,1],[43,2],[33,0],[63,3],[35,1],[36,1],[32,2],[34,1],[31,1],[22,2],[70,5],[24,1],[59,3],[62,5],[23,3],[42,4],[61,5],[25,3],[16,2],[49,5],[21,3],[51,5],[15,4],[52,6],[17,4],[40,6],[13,5],[8,2],[41,7],[50,7],[14,6],[12,3],[85,9],[6,5],[26,7],[20,6],[30,8],[39,8],[9,4],[37,8],[7,7],[29,8],[69,10],[5,7],[19,9],[4,7],[18,6],[38,9],[11,9],[27,8],[68,10],[1,8],[60,11],[0,10],[28,11],[78,10],[2,10],[3,10],[10,10]

