Experiment Name: Custom-AlternatingGates1
Method Used: FlowField
Run Number: 1
Preparation Time: 0.0006ms
Pathfinding Time: 65.9758ms
Finish Time: 109.8021ms
Finish Time 90%: 109.1621ms
Repaths: 0
Soft Repaths: 0

Gates Data:
3:[19,[15.21219,30.40926,0,[123.8011,54.00099]]],[20,[15.25604,30.49829,0,[125.0978,54.00098]]],[15,[15.84751,31.65494,0,[124.5702,54.00098]]],[18,[15.55425,30.70777,0,[122.9562,54.001]]],[16,[15.88661,31.74606,0,[125.9345,54.00097]]],[14,[16.1617,31.87539,0,[123.7299,54.001]]],[11,[16.47219,32.88839,0,[125.304,54.001]]],[10,[16.73677,32.90224,0,[124.2326,54.001]]],[13,[16.48821,32.31118,0,[122.8748,54.001]]],[6,[17.11746,34.18883,0,[125.7446,54.001]]],[12,[16.56964,33.08253,0,[126.7591,54.00099]]],[5,[17.4632,34.22917,0,[124.6865,54.001]]],[9,[17.1831,33.15152,0,[123.269,54.001]]],[2,[17.94659,35.82317,0,[126.1633,54.00099]]],[4,[17.94407,34.55584,0,[124.1426,54.00099]]],[8,[18.07136,34.02752,0,[123.0227,54.001]]],[7,[17.32257,34.60563,0,[127.1743,54.001]]],[1,[18.4464,36.03209,0,[125.2161,54.001]]],[0,[18.70986,36.23135,0,[123.8094,54.00099]]],[17,[15.90894,31.79236,0,[127.3536,54.00096]]],[3,[19.46256,35.58039,0,[123.7762,54.001]]]
0:[19,[38.34448,76.65302,0,[120.8833,100.001]]],[20,[38.40687,76.78321,0,[122.276,100.001]]],[15,[39.02793,77.94718,0,[121.4102,100.001]]],[18,[38.75282,76.99764,0,[119.5239,100.001]]],[16,[39.10416,78.04953,0,[122.752,100.001]]],[14,[39.34829,78.20971,0,[120.2527,100.001]]],[11,[39.6641,79.17101,0,[121.9155,100.001]]],[10,[39.96926,79.19135,0,[120.6754,100.001]]],[13,[39.76131,78.7403,0,[119.0099,100.001]]],[6,[40.41124,80.5892,0,[121.8434,100.001]]],[12,[40.06982,79.50874,0,[122.929,100.001]]],[5,[40.79285,80.61845,0,[120.7573,100.001]]],[9,[40.46283,79.48875,0,[119.4678,100.001]]],[2,[41.26825,82.3387,0,[121.8407,100.001]]],[4,[41.41718,80.92027,0,[120.4157,100.001]]],[8,[41.38165,80.49377,0,[118.9768,100.001]]],[7,[40.91325,81.11852,0,[122.8466,100.001]]],[1,[41.99181,82.40835,0,[121.2165,100.001]]],[0,[42.14728,82.64899,0,[119.7664,100.001]]],[17,[41.96087,80.45925,0,[122.5464,100.001]]],[3,[42.73276,81.76045,0,[121.9943,100.001]]]
2:[19,[61.37203,122.6988,0,[122.1169,146.001]]],[20,[61.4353,122.8319,0,[123.6136,146.001]]],[15,[62.07202,124.0171,0,[122.9773,146.001]]],[18,[61.87827,123.1423,0,[121.3557,146.001]]],[16,[62.1627,124.1366,0,[124.5274,146.001]]],[14,[62.45202,124.3142,0,[122.0005,146.001]]],[11,[62.71603,125.2464,0,[123.5721,146.001]]],[10,[63.09604,125.2827,0,[122.4435,146.001]]],[13,[62.93944,124.9483,0,[121.1744,146.001]]],[6,[63.4739,126.6784,0,[123.7158,146.001]]],[12,[63.1464,125.6267,0,[124.9847,146.001]]],[5,[63.86729,126.7199,0,[122.6398,146.001]]],[9,[63.74813,125.6166,0,[121.3849,146.001]]],[2,[64.33279,128.4422,0,[123.7657,146.001]]],[4,[64.50851,127.0572,0,[122.3921,146.001]]],[8,[64.64621,126.7255,0,[121.2142,146.001]]],[7,[63.99441,127.246,0,[125.0384,146.001]]],[1,[65.09075,128.5267,0,[123.1168,146.001]]],[0,[65.29601,128.7849,0,[121.7402,146.001]]],[17,[65.04162,126.5898,0,[124.5912,146.001]]],[3,[65.90809,127.7973,0,[122.5559,146.001]]]
1:[19,[87.40321,174.7456,0,[120.8568,198.001]]],[20,[87.47656,174.8921,0,[122.2918,198.001]]],[15,[88.10419,176.0651,0,[121.5191,198.001]]],[18,[87.92621,175.2123,0,[119.6158,198.001]]],[16,[88.36118,176.2251,0,[122.7553,198.001]]],[14,[88.49165,176.3701,0,[120.4308,198.001]]],[11,[88.85567,177.3395,0,[121.8907,198.001]]],[10,[89.19305,177.3787,0,[120.6068,198.001]]],[13,[89.03963,177.051,0,[119.162,198.001]]],[6,[89.59928,178.828,0,[121.769,198.001]]],[12,[89.46036,177.8038,0,[122.9025,198.001]]],[5,[89.95473,178.8576,0,[120.7216,198.001]]],[9,[89.8495,177.7616,0,[119.2789,198.001]]],[2,[90.44203,180.5782,0,[121.9761,198.001]]],[4,[90.60992,179.1901,0,[120.5135,198.001]]],[8,[90.76102,178.9,0,[119.0399,198.001]]],[7,[90.93405,179.4609,0,[122.7598,198.001]]],[1,[91.15797,180.6126,0,[121.4102,198.001]]],[0,[91.372,180.874,0,[120.0409,198.001]]],[17,[91.6713,178.8275,0,[122.3131,198.001]]],[3,[92.06452,179.9277,0,[121.0579,198.001]]]

Travel Distances:
[19,207.9283],[20,207.9144],[15,207.844],[18,207.3546],[16,209.4413],[14,209.3797],[11,209.5943],[10,210.9752],[13,210.9607],[6,211.5916],[12,210.8223],[5,210.9339],[9,210.0567],[2,213.6543],[4,211.9625],[8,211.3731],[7,211.5006],[1,212.2747],[0,214.1158],[17,211.4122],[3,211.7861]

Finish Times:
[19,105.122],[20,105.162],[15,105.802],[18,105.802],[16,106.162],[14,106.2421],[11,106.6021],[10,106.9621],[13,106.9621],[6,107.3621],[12,107.4021],[5,107.6821],[9,107.7221],[2,108.1621],[4,108.3621],[8,108.6821],[7,108.8021],[1,108.8821],[0,109.1621],[17,109.4421],[3,109.8021]

Stuck Times:
[19,0],[20,0],[15,0],[18,0],[16,0],[14,0],[11,0],[10,0],[13,0],[6,0],[12,0],[5,0],[9,0],[2,0],[4,0],[8,0],[7,1],[1,0],[0,0],[17,2],[3,1]

