Experiment Name: Custom-AlternatingGates1
Method Used: FlowField
Run Number: 5
Preparation Time: 0.0006ms
Pathfinding Time: 63.3373ms
Finish Time: 109.6821ms
Finish Time 90%: 108.9621ms
Repaths: 0
Soft Repaths: 0

Gates Data:
3:[19,[15.20652,30.39753,0,[123.7578,54.00099]]],[20,[15.25338,30.49388,0,[125.0785,54.00098]]],[15,[15.83864,31.64695,0,[124.5417,54.00098]]],[18,[15.57744,30.71625,0,[122.9598,54.001]]],[16,[15.8836,31.74007,0,[125.9094,54.00097]]],[14,[16.16474,31.8761,0,[123.7205,54.001]]],[11,[16.4684,32.88451,0,[125.2959,54.001]]],[10,[16.73307,32.90446,0,[124.2462,54.001]]],[13,[16.50364,32.31399,0,[122.8849,54.001]]],[12,[16.56717,33.07916,0,[126.7507,54.00099]]],[6,[17.11324,34.1889,0,[125.734,54.001]]],[5,[17.46538,34.22795,0,[124.6004,54.001]]],[9,[17.18135,33.16585,0,[123.2842,54.001]]],[7,[17.32171,34.60407,0,[127.1526,54.001]]],[4,[18.02973,34.62408,0,[124.499,54.001]]],[8,[18.00099,34.03536,0,[123.1864,54.001]]],[2,[17.92856,35.80115,0,[126.0222,54.001]]],[1,[18.57614,36.08054,0,[125.4341,54.001]]],[0,[18.7069,36.17562,0,[123.8682,54.001]]],[17,[15.90659,31.78778,0,[127.3348,54.00097]]],[3,[19.4434,35.51072,0,[123.7697,54.001]]]
0:[19,[38.34125,76.64654,0,[120.8068,100.001]]],[20,[38.40623,76.78574,0,[122.2287,100.001]]],[15,[39.01203,77.95158,0,[121.3354,100.001]]],[18,[38.78509,77.02032,0,[119.444,100.001]]],[16,[39.1031,78.06026,0,[122.6785,100.001]]],[14,[39.35514,78.21954,0,[120.2015,100.001]]],[11,[39.65818,79.21004,0,[121.7463,100.001]]],[10,[39.97905,79.23305,0,[120.5561,100.001]]],[13,[39.77601,78.76846,0,[118.9371,100.001]]],[12,[40.00373,79.5781,0,[122.778,100.001]]],[6,[40.50237,80.60561,0,[121.7648,100.001]]],[5,[40.69837,80.63972,0,[120.5628,100.001]]],[9,[40.46626,79.5702,0,[119.2116,100.001]]],[7,[40.88365,81.1964,0,[122.6843,100.001]]],[4,[41.31865,80.91155,0,[121.3194,100.001]]],[8,[41.23507,80.38795,0,[119.6133,100.001]]],[2,[41.6127,82.09396,0,[122.625,100.001]]],[1,[42.04956,82.52375,0,[121.5935,100.001]]],[0,[41.93527,82.53042,0,[120.1732,100.001]]],[17,[42.63683,80.71968,0,[122.2712,100.001]]],[3,[42.67318,81.81615,0,[120.7627,100.001]]]
2:[19,[61.37329,122.7011,0,[122.0861,146.001]]],[20,[61.44204,122.8421,0,[123.5869,146.001]]],[15,[62.05972,124.0298,0,[122.9422,146.001]]],[18,[61.89185,123.1747,0,[121.3396,146.001]]],[16,[62.16813,124.1547,0,[124.4928,146.001]]],[14,[62.45635,124.3267,0,[121.9814,146.001]]],[11,[62.72064,125.3041,0,[123.5618,146.001]]],[10,[63.10246,125.3649,0,[122.5284,146.001]]],[13,[62.98602,125.0245,0,[121.23,146.001]]],[12,[63.08587,125.7041,0,[124.9471,146.001]]],[6,[63.57075,126.7259,0,[123.8064,146.001]]],[5,[63.81049,126.8074,0,[122.5997,146.001]]],[9,[63.72405,125.7939,0,[121.3611,146.001]]],[7,[63.97833,127.346,0,[125.0286,146.001]]],[4,[64.4642,127.0297,0,[122.9885,146.001]]],[8,[64.4113,126.5216,0,[121.6122,146.001]]],[2,[64.68219,128.1945,0,[124.361,146.001]]],[1,[65.11388,128.5811,0,[122.9285,146.001]]],[0,[65.10041,128.599,0,[121.5273,146.001]]],[17,[65.74992,126.8033,0,[123.5741,146.001]]],[3,[65.80949,127.8862,0,[122.0018,146.001]]]
1:[19,[87.40325,174.7456,0,[120.8273,198.001]]],[20,[87.48192,174.9021,0,[122.2718,198.001]]],[15,[88.09544,176.0808,0,[121.4413,198.001]]],[18,[87.93852,175.2445,0,[119.5687,198.001]]],[16,[88.36009,176.2384,0,[122.7171,198.001]]],[14,[88.50389,176.3877,0,[120.3267,198.001]]],[11,[88.80152,177.392,0,[121.7442,198.001]]],[10,[89.17462,177.4545,0,[120.6256,198.001]]],[13,[89.07066,177.1345,0,[119.1705,198.001]]],[12,[89.26389,177.8302,0,[122.7557,198.001]]],[6,[89.63839,178.831,0,[121.7048,198.001]]],[5,[89.87106,178.9074,0,[120.4595,198.001]]],[9,[89.80788,177.926,0,[118.9284,198.001]]],[7,[90.15047,179.5468,0,[122.5051,198.001]]],[4,[90.53606,179.1168,0,[121.2405,198.001]]],[8,[90.47123,178.6114,0,[119.6914,198.001]]],[2,[90.92665,180.3096,0,[122.5348,198.001]]],[1,[91.22844,180.6777,0,[121.3077,198.001]]],[0,[91.19643,180.7048,0,[119.8492,198.001]]],[17,[91.81379,178.8866,0,[122.1843,198.001]]],[3,[91.89926,179.952,0,[120.6839,198.001]]]

Travel Distances:
[19,207.9295],[20,207.9164],[15,207.8785],[18,207.3635],[16,209.4654],[14,209.3737],[11,209.7646],[10,211.0897],[13,210.9846],[12,211.209],[6,211.5372],[5,211.157],[9,210.306],[7,213.1441],[4,212.0282],[8,211.6621],[2,212.3339],[1,212.2096],[0,214.3056],[17,211.2136],[3,212.1388]

Finish Times:
[19,105.122],[20,105.162],[15,105.762],[18,105.842],[16,106.162],[14,106.2421],[11,106.5221],[10,106.9621],[13,106.9621],[12,107.1221],[6,107.4021],[5,107.6421],[9,107.7621],[7,108.0821],[4,108.2821],[8,108.2821],[2,108.7221],[1,108.8821],[0,108.9621],[17,109.6021],[3,109.6821]

Stuck Times:
[19,0],[20,0],[15,0],[18,0],[16,0],[14,0],[11,0],[10,0],[13,0],[12,0],[6,0],[5,0],[9,0],[7,0],[4,0],[8,0],[2,0],[1,0],[0,0],[17,2],[3,1]

