Experiment Name: Custom-AlternatingGates1
Method Used: FlowGraph
Run Number: 8
Preparation Time: 84.7119ms
Pathfinding Time: 8.2613ms
Finish Time: 112.4022ms
Finish Time 90%: 111.5222ms
Repaths: 0
Soft Repaths: 0

Gates Data:
3:[19,[15.21631,30.3796,0,[123.5333,54.001]]],[20,[15.26863,30.52852,0,[125.136,54.00098]]],[16,[15.83416,31.62765,0,[124.5849,54.001]]],[11,[16.44506,32.87369,0,[125.4393,54.00099]]],[15,[15.96281,31.73454,0,[123.2893,54.001]]],[17,[15.86183,31.70406,0,[126.3025,54.00099]]],[14,[16.9713,32.83539,0,[124.3525,54.00093]]],[10,[17.23336,34.03562,0,[125.5419,54.00098]]],[12,[16.57575,33.13215,0,[127.1327,54.00098]]],[18,[16.91572,31.75901,0,[123.1603,54.00095]]],[5,[17.95652,35.32296,0,[126.2791,54.00097]]],[1,[18.76963,37.04755,0,[126.6242,54.00095]]],[4,[17.80889,35.09003,0,[124.8325,54.00098]]],[9,[17.66372,33.79026,0,[123.5252,54.00099]]],[0,[18.65227,36.88519,0,[125.1451,54.00097]]],[8,[19.49618,35.54445,0,[123.8107,54.001]]],[6,[17.31131,34.57013,0,[126.9216,54.00096]]],[3,[19.57621,37.33887,0,[125.3994,54.00099]]],[2,[18.35183,36.54806,0,[127.7891,54.00098]]],[7,[17.55137,35.04417,0,[128.4476,54.00095]]],[13,[18.51717,33.99048,0,[123.7305,54.00099]]]
0:[19,[38.31476,76.55679,0,[121.2416,100.001]]],[20,[38.47956,76.80533,0,[122.7973,100.001]]],[16,[39.02609,77.8909,0,[121.5587,100.001]]],[11,[39.73915,79.36897,0,[121.734,100.001]]],[15,[39.18335,78.09651,0,[119.9613,100.001]]],[17,[39.35303,78.24239,0,[122.9739,100.001]]],[14,[40.24045,79.3032,0,[120.4678,100.001]]],[10,[40.62385,80.66641,0,[121.71,100.001]]],[12,[40.32762,79.76686,0,[122.9625,100.001]]],[18,[40.1849,78.23413,0,[118.9449,100.001]]],[5,[41.36115,81.98737,0,[121.7646,100.001]]],[1,[42.29171,83.91653,0,[121.786,100.001]]],[4,[41.13938,81.68255,0,[120.4197,100.001]]],[9,[40.95805,80.32591,0,[119.0251,100.001]]],[0,[42.01093,83.54627,0,[120.4983,100.001]]],[8,[42.80238,81.94896,0,[120.5561,100.001]]],[6,[41.67164,81.58653,0,[122.8316,100.001]]],[3,[43.5036,84.78104,0,[121.5278,100.001]]],[2,[42.78811,83.93414,0,[122.5252,100.001]]],[7,[44.91533,87.38094,0,[119.2088,100.001]]],[13,[41.86156,80.5562,0,[119.06,100.001]]]
2:[19,[61.54492,122.8889,0,[121.5674,146.001]]],[20,[61.6019,123.0013,0,[123.2528,146.001]]],[16,[62.202,124.1011,0,[122.3482,146.001]]],[11,[62.98493,125.646,0,[122.9529,146.001]]],[15,[62.78995,124.5801,0,[121.4644,146.001]]],[17,[62.44999,124.4039,0,[124.0379,146.001]]],[14,[63.59456,125.6719,0,[121.8332,146.001]]],[10,[63.84351,127.0361,0,[123.2894,146.001]]],[12,[63.49033,126.0498,0,[124.675,146.001]]],[18,[64.27439,125.4227,0,[121.8141,146.001]]],[5,[64.60491,128.3593,0,[123.1543,146.001]]],[1,[65.46293,130.1964,0,[123.2543,146.001]]],[9,[65.93261,128.0474,0,[121.8864,146.001]]],[0,[66.18703,130.7007,0,[123.4508,146.001]]],[8,[66.84767,128.5085,0,[121.7683,146.001]]],[6,[64.90377,127.9517,0,[124.7144,146.001]]],[3,[66.86806,131.2753,0,[123.2605,146.001]]],[2,[66.11626,130.3873,0,[125.0593,146.001]]],[7,[68.67662,134.332,0,[122.4771,146.001]]],[13,[68.20739,130.0972,0,[124.2137,146.0009]]]
1:[19,[87.5909,174.9612,0,[121.2948,198.001]]],[20,[87.77827,175.1555,0,[122.8364,198.001]]],[16,[88.31956,176.2277,0,[121.7793,198.001]]],[11,[89.1438,177.8574,0,[121.7066,198.001]]],[15,[88.89651,176.7676,0,[120.2424,198.001]]],[17,[89.33389,176.6445,0,[123.0286,198.001]]],[14,[89.64975,177.7522,0,[120.66,198.001]]],[10,[89.96702,179.1528,0,[122.226,198.001]]],[12,[90.76038,178.5498,0,[122.9843,198.001]]],[18,[90.39882,177.6254,0,[120.44,198.001]]],[5,[90.86038,180.7419,0,[121.6283,198.001]]],[1,[91.54216,182.2791,0,[122.5861,198.001]]],[4,[91.20369,180.3553,0,[120.264,198.001]]],[9,[91.99391,180.1191,0,[121.1761,198.001]]],[0,[92.53093,183.0223,0,[122.3122,198.001]]],[8,[92.90443,180.562,0,[120.8587,198.001]]],[6,[93.15309,180.7024,0,[122.6176,198.001]]],[3,[93.59653,183.6651,0,[121.3151,198.001]]],[2,[94.08942,183.85,0,[122.5253,198.001]]],[7,[94.78416,186.4828,0,[121.1876,198.001]]],[13,[95.00671,182.4861,0,[122.6975,198.001]]]

Travel Distances:
[19,207.7755],[20,207.5758],[16,207.584],[11,209.5632],[15,208.9706],[17,207.9431],[14,210.4475],[10,211.2123],[12,210.9889],[18,210.8248],[5,213.012],[1,215.1724],[4,213.9451],[9,212.1288],[0,215.9519],[8,212.7519],[6,212.2467],[3,216.4568],[2,215.6462],[7,218.9113],[13,214.4551]

Finish Times:
[19,105.162],[20,105.162],[16,105.802],[11,106.6421],[15,106.6821],[17,106.7621],[14,107.3221],[10,107.4021],[12,108.1621],[18,108.1621],[5,108.3621],[1,108.9621],[4,108.9621],[9,109.5621],[0,109.9621],[8,110.5221],[6,110.6422],[3,111.1222],[2,111.5222],[7,112.3622],[13,112.4022]

Stuck Times:
[19,0],[20,0],[16,0],[11,0],[15,0],[17,0],[14,0],[10,0],[12,1],[18,1],[5,0],[1,0],[4,0],[9,1],[0,0],[8,1],[6,2],[3,0],[2,1],[7,0],[13,3]

