Experiment Name: Custom-AlternatingGates1
Method Used: PathFollowingLowerNumberOfPaths
Run Number: 4
Preparation Time: 0.0003ms
Pathfinding Time: 4.0565ms
Finish Time: 111.6022ms
Finish Time 90%: 110.7222ms
Repaths: 0
Soft Repaths: 0

Gates Data:
3:[19,[15.24197,30.43198,0,[123.6237,54.001]]],[15,[15.83726,31.64274,0,[124.5922,54.00099]]],[20,[15.25303,30.49545,0,[125.2734,54.00098]]],[14,[16.33463,32.20078,0,[124.1709,54.001]]],[18,[15.95057,31.08657,0,[123.1126,54.00098]]],[10,[16.83328,33.53898,0,[125.4455,54.00097]]],[9,[16.9347,33.49558,0,[124.1804,54.00096]]],[16,[16.06974,32.11831,0,[125.9077,54.00099]]],[5,[17.52329,34.92511,0,[125.0657,54.00098]]],[13,[17.05123,32.68147,0,[123.0814,54.001]]],[6,[17.4838,34.88055,0,[126.557,54.00097]]],[0,[18.48261,36.59673,0,[124.8688,54.001]]],[11,[16.75171,33.46963,0,[126.7812,54.00097]]],[4,[17.78073,34.98404,0,[123.7161,54.00099]]],[1,[18.20504,36.30369,0,[126.2031,54.00099]]],[7,[17.34994,34.66844,0,[128.0623,54.00098]]],[2,[18.20378,36.35455,0,[127.7818,54.00099]]],[8,[19.68145,35.31629,0,[123.9654,54.00098]]],[3,[18.81086,36.83648,0,[123.6293,54.001]]],[12,[16.60148,33.18801,0,[128.1791,54.00097]]],[17,[15.83972,31.66873,0,[127.1982,54.00098]]]
0:[19,[38.30911,76.56194,0,[121.3254,100.001]]],[15,[39.01891,77.94662,0,[121.4881,100.001]]],[20,[38.53171,76.84962,0,[122.8058,100.001]]],[14,[39.48061,78.47122,0,[120.242,100.001]]],[18,[39.11963,77.39256,0,[119.0297,100.001]]],[10,[40.20322,80.04541,0,[121.7242,100.001]]],[9,[40.18433,79.94455,0,[120.3122,100.001]]],[16,[39.3357,78.5371,0,[122.7524,100.001]]],[5,[40.94873,81.47908,0,[120.7731,100.001]]],[13,[40.28232,79.09534,0,[118.7757,100.001]]],[6,[40.98088,81.55127,0,[122.227,100.001]]],[0,[41.77874,83.125,0,[120.1204,100.001]]],[11,[41.52637,80.4155,0,[122.9597,100.001]]],[4,[41.07036,81.52437,0,[119.1947,100.001]]],[1,[41.9057,82.93859,0,[121.5117,100.001]]],[7,[43.06477,82.44227,0,[122.7627,100.001]]],[2,[42.32397,83.35995,0,[122.6282,100.001]]],[8,[43.07135,81.90504,0,[121.1348,100.001]]],[3,[42.10528,83.37487,0,[118.5889,100.001]]],[12,[43.75857,85.46475,0,[121.9875,100.001]]],[17,[40.2978,78.93219,0,[123.0473,100.001]]]
2:[19,[61.37616,122.6798,0,[122.0928,146.001]]],[15,[62.06039,124.0235,0,[123.1519,146.001]]],[20,[61.56344,122.9066,0,[124.2206,146.001]]],[14,[62.64426,124.71,0,[122.7735,146.001]]],[18,[62.81359,123.7349,0,[121.4308,146.001]]],[10,[63.33643,126.297,0,[123.8043,146.001]]],[9,[63.4528,126.3146,0,[122.365,146.001]]],[16,[62.38069,124.6134,0,[124.7093,146.001]]],[5,[64.2318,127.7631,0,[123.0337,146.001]]],[13,[64.00253,125.9551,0,[121.5739,146.001]]],[6,[64.10128,127.7751,0,[124.5171,146.001]]],[0,[65.05376,129.5079,0,[122.8837,146.001]]],[11,[64.64738,126.6288,0,[125.7663,146.001]]],[4,[65.22466,128.2663,0,[121.54,146.001]]],[1,[65.08324,129.2416,0,[124.3565,146.001]]],[7,[66.10028,128.5053,0,[123.7777,146.001]]],[2,[65.49017,129.6611,0,[125.7951,146.001]]],[8,[66.18158,128.0384,0,[122.126,146.001]]],[3,[66.97488,130.4851,0,[122.0252,146.001]]],[12,[66.87495,131.6568,0,[123.6117,146.001]]],[17,[63.41987,125.1492,0,[125.3931,146.001]]]
1:[19,[87.39278,174.7072,0,[122.3043,198.001]]],[15,[88.23061,176.3,0,[121.8667,198.001]]],[20,[88.68923,175.5849,0,[122.9555,198.001]]],[14,[88.84535,176.8513,0,[121.4765,198.001]]],[18,[88.89295,175.8634,0,[119.979,198.001]]],[10,[89.51048,178.46,0,[122.5269,198.001]]],[9,[89.55954,178.4549,0,[120.9982,198.001]]],[16,[90.17887,177.2735,0,[122.8871,198.001]]],[5,[90.33594,179.9394,0,[121.1973,198.001]]],[13,[90.10423,178.0838,0,[119.7842,198.001]]],[6,[90.76651,180.1445,0,[122.2711,198.001]]],[0,[91.20206,181.7489,0,[120.9369,198.001]]],[11,[91.3433,179.203,0,[123.0859,198.001]]],[4,[91.35107,180.4772,0,[119.5217,198.001]]],[1,[91.68428,181.769,0,[121.9599,198.001]]],[7,[92.42763,181.042,0,[121.6076,198.001]]],[2,[92.65424,182.2871,0,[122.9559,198.001]]],[8,[92.46235,180.5336,0,[120.0711,198.001]]],[3,[93.12447,182.676,0,[121.0356,198.001]]],[12,[93.33892,183.918,0,[122.5465,198.001]]],[17,[94.1588,180.5874,0,[122.3136,198.001]]]

Travel Distances:
[19,205.916],[15,207.7396],[20,208.1134],[14,209.0808],[18,208.0683],[10,209.4134],[9,211.3175],[16,208.8278],[5,211.1844],[13,209.8441],[6,212.5235],[0,213.2602],[11,212.3598],[4,213.7445],[1,213.9733],[7,212.1763],[2,214.9209],[8,213.5826],[3,214.3757],[12,215.2259],[17,212.2]

Finish Times:
[19,104.842],[15,105.802],[20,106.3221],[14,106.4021],[18,106.6821],[10,106.9221],[9,107.1221],[16,107.8021],[5,107.8821],[13,107.9221],[6,108.2421],[0,108.8021],[11,108.9621],[4,109.1621],[1,109.3621],[7,109.9221],[2,110.1221],[8,110.2421],[3,110.7222],[12,110.7222],[17,111.6022]

Stuck Times:
[19,0],[15,0],[20,1],[14,0],[18,0],[10,0],[9,0],[16,2],[5,0],[13,0],[6,0],[0,0],[11,1],[4,0],[1,0],[7,2],[2,0],[8,2],[3,1],[12,1],[17,3]

