Experiment Name: Custom-MultiplePaths7
Method Used: FlowField
Run Number: 2
Preparation Time: 0.0003ms
Pathfinding Time: 83.136ms
Finish Time: 74.32132ms
Finish Time 90%: 72.12127ms
Repaths: 0
Soft Repaths: 0

Gates Data:
3:[88,[22.68655,45.36401,0,[132.2764,168.001]]],[87,[22.68621,45.34278,0,[131.0738,168.001]]],[84,[23.20766,46.35252,0,[133.0764,168.001]]],[86,[22.31994,44.50576,0,[129.9847,167.001]]],[83,[23.26813,46.44243,0,[131.9703,168.001]]],[82,[22.77513,45.42202,0,[130.8733,167.001]]],[76,[23.8444,47.48392,0,[132.1764,168.001]]],[75,[23.86238,47.57921,0,[131.0644,168.001]]],[77,[24.11952,47.5392,0,[133.1731,168.001]]],[81,[22.93944,45.43807,0,[129.8242,167.001]]],[74,[23.49367,46.59795,0,[129.9896,167.001]]],[66,[24.42113,48.64375,0,[131.9587,168.001]]],[65,[24.00256,47.71991,0,[130.8682,167.001]]],[67,[24.7087,48.59604,0,[132.9192,168.001]]],[56,[25.03681,49.72047,0,[131.347,168.001]]],[57,[25.22314,49.70973,0,[132.4355,168.001]]],[73,[24.08152,46.78331,0,[129.7769,167.001]]],[64,[24.60453,47.75675,0,[130.1394,167.001]]],[45,[25.7499,50.83073,0,[131.9299,168.001]]],[55,[25.11094,48.97288,0,[130.8739,167.001]]],[58,[25.91974,49.72131,0,[132.9859,168.001]]],[63,[25.23302,48.15866,0,[129.8073,167.001]]],[46,[26.46493,50.91177,0,[132.0191,168.001]]],[44,[25.78849,50.07705,0,[130.9664,167.001]]],[47,[26.74612,51.06467,0,[132.9821,168.001]]],[43,[26.37721,50.15902,0,[130.994,167.001]]],[35,[27.14542,52.09039,0,[131.9754,168.001]]],[54,[25.9068,49.06169,0,[129.889,167.001]]],[42,[26.61683,50.40131,0,[129.9981,167.001]]],[36,[27.43846,52.12669,0,[133.1445,168.001]]],[33,[27.57197,52.29126,0,[131.0774,168.001]]],[34,[27.72696,52.14228,0,[132.1536,168.001]]],[23,[28.24475,53.37001,0,[131.7444,168.001]]],[25,[28.29303,53.20063,0,[132.955,168.001]]],[80,[27.16821,46.03732,0,[129.8979,167.001]]],[32,[27.57587,51.06948,0,[130.6637,167.001]]],[24,[28.84002,53.14681,0,[132.2708,168.001]]],[22,[28.13754,52.20828,0,[130.8867,167.001]]],[53,[27.91979,49.63248,0,[129.7979,167.001]]],[15,[29.18406,54.27709,0,[131.2055,168.001]]],[26,[29.48976,53.50158,0,[132.474,168.001]]],[31,[28.66192,51.77418,0,[130.0002,167.001]]],[16,[29.77666,54.56294,0,[131.3042,168.001]]],[13,[29.24829,53.69472,0,[130.0794,167.001]]],[17,[30.19785,54.55738,0,[132.6461,168.001]]],[14,[30.43935,54.74976,0,[131.6389,168.001]]],[41,[29.90603,51.42516,0,[130.5316,167.001]]],[27,[30.93667,54.54172,0,[132.829,168.001]]],[9,[31.06095,56.44977,0,[131.7444,168.001]]],[21,[30.59084,53.05466,0,[130.6445,167.001]]],[72,[30.27939,48.15055,0,[129.7242,167.001]]],[18,[31.6182,56.07933,0,[132.0644,168.001]]],[12,[31.16306,54.98845,0,[130.9662,167.001]]],[37,[31.92684,52.62424,0,[132.977,168.001]]],[30,[31.03823,52.15322,0,[129.8757,167.001]]],[7,[32.284,55.73597,0,[131.8218,168.001]]],[20,[31.68636,53.65683,0,[130.7209,167.001]]],[69,[32.49101,54.05365,0,[132.9967,168.001]]],[8,[32.85845,56.08458,0,[131.9464,168.001]]],[4,[32.25284,56.00005,0,[130.855,167.001]]],[52,[31.9158,50.7965,0,[129.7291,167.001]]],[48,[33.16135,52.70065,0,[133.0195,168.001]]],[40,[32.53584,52.67193,0,[129.8921,167.001]]],[5,[33.43399,56.45134,0,[131.8217,168.001]]],[11,[32.91631,55.37691,0,[130.7098,167.001]]],[49,[33.82914,54.97514,0,[132.8843,168.001]]],[2,[34.15566,57.5699,0,[131.9868,168.001]]],[0,[33.56332,56.56929,0,[130.8906,167.001]]],[51,[33.35991,52.8997,0,[129.8594,167.001]]],[6,[34.81056,57.00514,0,[131.8847,168.001]]],[19,[34.13398,55.44021,0,[130.8513,167.001]]],[78,[34.75605,57.50305,0,[132.9787,168.001]]],[62,[34.18942,49.87206,0,[129.7702,167.001]]],[38,[35.46886,57.56145,0,[132.0744,168.001]]],[3,[35.32434,58.31446,0,[131.0001,168.001]]],[71,[34.82778,50.72627,0,[129.8989,167.001]]],[85,[35.81398,54.67385,0,[132.9535,168.001]]],[1,[36.15587,57.54856,0,[131.3302,168.001]]],[29,[35.46077,55.27467,0,[130.1918,167.001]]],[59,[36.44423,58.86219,0,[132.4264,168.001]]],[28,[36.79231,57.90379,0,[131.2017,168.001]]],[79,[36.09795,51.33464,0,[130.0466,167.001]]],[60,[37.16786,59.01444,0,[132.2998,168.001]]],[61,[36.78169,53.87651,0,[130.2159,167.001]]],[10,[37.65994,59.73518,0,[131.3063,168.001]]],[68,[38.0933,56.64745,0,[132.3103,168.001]]],[70,[37.50863,53.89441,0,[130.1969,167.001]]],[39,[38.51281,58.37516,0,[131.2307,168.001]]],[50,[38.51638,57.0354,0,[130.4007,167.001]]]

Travel Distances:
[88,111.9801],[87,111.9567],[84,113.8419],[86,113.8354],[83,113.8819],[82,113.8217],[76,113.7786],[75,115.7674],[77,115.2756],[81,115.445],[74,115.5444],[66,115.7792],[65,115.6759],[67,115.1519],[56,117.4729],[57,117.2352],[73,116.5013],[64,116.43],[45,119.2678],[55,118.6607],[58,117.8271],[63,117.5102],[46,117.9623],[44,118.4356],[47,117.5296],[43,119.3391],[35,119.7783],[54,118.9984],[42,119.0871],[36,119.1781],[33,119.0954],[34,118.6263],[23,120.8529],[25,120.5716],[80,115.4761],[32,119.7916],[24,121.4375],[22,121.7006],[53,119.513],[15,121.8607],[26,120.4859],[31,120.274],[16,120.971],[13,122.9524],[17,122.1294],[14,121.8265],[41,119.5152],[27,122.6096],[9,124.3064],[21,121.8416],[72,117.5171],[18,122.8285],[12,124.4874],[37,120.7145],[30,121.7957],[7,123.151],[20,122.1339],[69,120.9026],[8,124.3323],[4,125.3188],[52,120.8848],[48,120.2544],[40,121.4417],[5,123.5351],[11,123.4861],[49,123.1583],[2,125.2367],[0,125.4133],[51,122.0449],[6,123.356],[19,122.8993],[78,125.9255],[62,119.4212],[38,124.5996],[3,125.5785],[71,120.9689],[85,123.0121],[1,125.1517],[29,124.2602],[59,125.9393],[28,126.094],[79,121.0068],[60,126.6429],[61,122.1614],[10,126.3849],[68,124.4393],[70,122.6205],[39,125.3143],[50,125.8398]

Finish Times:
[88,57.80094],[87,57.92094],[84,58.36095],[86,58.36095],[83,58.40096],[82,58.64096],[76,58.92097],[75,59.08097],[77,59.32098],[81,59.36098],[74,59.40098],[66,59.56098],[65,59.80099],[67,59.84099],[56,60.281],[57,60.361],[73,60.481],[64,60.561],[45,60.96101],[55,60.96101],[58,61.08102],[63,61.52103],[46,61.56103],[44,61.68103],[47,61.92104],[43,62.08104],[35,62.28104],[54,62.28104],[42,62.52105],[36,62.68105],[33,62.80106],[34,62.88106],[23,63.44107],[25,63.48107],[80,63.52107],[32,63.56107],[24,64.00108],[22,64.12109],[53,64.32109],[15,64.40109],[26,64.6411],[31,64.8411],[16,64.9211],[13,65.12111],[17,65.36111],[14,65.52112],[41,65.64112],[27,66.08113],[9,66.24113],[21,66.44114],[72,66.44114],[18,66.72115],[12,66.96115],[37,67.12115],[30,67.20116],[7,67.44116],[20,67.68117],[69,67.76117],[8,67.96117],[4,68.00117],[52,68.28118],[48,68.44118],[40,68.52119],[5,68.60119],[11,68.68119],[49,69.0412],[2,69.2812],[0,69.40121],[51,69.56121],[6,69.92122],[19,69.92122],[78,69.96122],[62,70.16122],[38,70.60123],[3,70.64124],[71,70.96124],[85,71.00124],[1,71.36125],[29,71.36125],[59,71.60126],[28,72.12127],[79,72.16127],[60,72.32127],[61,72.72128],[10,72.84129],[68,73.24129],[70,73.4413],[39,73.6813],[50,74.32132]

Stuck Times:
[88,0],[87,0],[84,0],[86,0],[83,0],[82,0],[76,0],[75,0],[77,0],[81,0],[74,0],[66,0],[65,0],[67,0],[56,0],[57,0],[73,0],[64,0],[45,0],[55,0],[58,0],[63,0],[46,0],[44,0],[47,0],[43,1],[35,0],[54,0],[42,0],[36,0],[33,1],[34,0],[23,1],[25,0],[80,4],[32,0],[24,2],[22,0],[53,2],[15,2],[26,3],[31,3],[16,2],[13,0],[17,3],[14,4],[41,4],[27,3],[9,2],[21,5],[72,8],[18,3],[12,3],[37,5],[30,6],[7,7],[20,6],[69,6],[8,4],[4,4],[52,7],[48,8],[40,7],[5,6],[11,7],[49,7],[2,6],[0,6],[51,9],[6,7],[19,8],[78,6],[62,11],[38,8],[3,7],[71,11],[85,11],[1,9],[29,10],[59,5],[28,10],[79,13],[60,9],[61,12],[10,9],[68,12],[70,12],[39,12],[50,13]

