Experiment Name: Custom-MultiplePaths7
Method Used: PathFollowingLowerNumberOfPaths
Run Number: 5
Preparation Time: 0.0003ms
Pathfinding Time: 1.1307ms
Finish Time: 76.20136ms
Finish Time 90%: 73.4813ms
Repaths: 0
Soft Repaths: 0

Gates Data:
3:[87,[22.64651,45.28585,0,[131.6653,168.001]]],[86,[22.23677,44.42799,0,[130.2986,167.001]]],[88,[22.70344,45.36758,0,[133.0353,168.001]]],[82,[23.23943,46.45888,0,[131.2149,168.001]]],[83,[23.23844,46.4521,0,[132.4861,168.001]]],[81,[22.87401,45.63504,0,[130.0398,167.001]]],[74,[23.83609,47.56042,0,[131.6524,168.001]]],[73,[23.46604,46.60889,0,[130.2234,167.001]]],[75,[23.88325,47.61796,0,[132.9754,168.001]]],[65,[24.41756,48.65126,0,[131.0042,168.001]]],[66,[24.6091,48.72246,0,[132.1764,168.001]]],[72,[24.45387,47.30024,0,[130.6613,167.001]]],[55,[25.18309,49.82517,0,[131.9138,168.001]]],[76,[24.92952,47.60823,0,[133.103,168.001]]],[64,[25.58864,49.18303,0,[131.1028,168.001]]],[56,[25.62599,49.84192,0,[132.9727,168.001]]],[80,[24.86355,46.58642,0,[129.899,167.001]]],[44,[26.06647,50.95366,0,[131.8483,168.001]]],[53,[25.55811,49.06987,0,[130.2141,167.001]]],[54,[26.56038,50.00975,0,[131.0789,168.001]]],[57,[26.29981,50.02965,0,[133.0248,168.001]]],[34,[26.76101,52.00142,0,[132.2251,168.001]]],[79,[26.31466,48.03299,0,[130.0067,167.001]]],[33,[27.37593,52.19145,0,[132.0652,168.001]]],[63,[26.79519,48.99651,0,[130.9642,167.001]]],[45,[27.2732,50.9749,0,[133.1632,168.001]]],[43,[27.91217,51.53765,0,[131.3495,168.001]]],[71,[27.01416,47.87962,0,[129.9378,167.001]]],[24,[27.96863,53.12861,0,[132.7988,168.001]]],[42,[27.56483,50.72832,0,[130.14,167.001]]],[23,[28.45027,53.16577,0,[131.9614,168.001]]],[52,[28.10915,50.1982,0,[130.7061,167.001]]],[35,[28.81303,52.31691,0,[132.9594,168.001]]],[22,[29.01002,53.47623,0,[131.7703,168.001]]],[70,[28.5772,49.48492,0,[129.9441,167.001]]],[32,[28.90034,51.65786,0,[130.8976,167.001]]],[15,[29.63647,54.49604,0,[132.025,168.001]]],[16,[29.41659,54.611,0,[133.1674,168.001]]],[31,[29.31622,51.92157,0,[129.9102,167.001]]],[14,[29.66937,53.40018,0,[130.7748,167.001]]],[7,[30.29478,55.8273,0,[131.8629,168.001]]],[25,[30.21611,53.77151,0,[133.0532,168.001]]],[2,[30.89385,57.19172,0,[132.6133,168.001]]],[13,[30.332,53.77256,0,[130.3522,167.001]]],[6,[31.2056,55.65913,0,[131.4468,168.001]]],[41,[31.90714,53.71597,0,[131.1367,168.001]]],[9,[31.96798,57.4386,0,[132.2511,168.001]]],[62,[31.38742,50.05344,0,[130.0085,167.001]]],[4,[32.51274,56.93825,0,[131.9872,168.001]]],[8,[32.13337,56.30428,0,[133.3188,168.001]]],[20,[31.9922,54.04973,0,[130.8778,167.001]]],[17,[32.73061,56.82658,0,[133.042,168.001]]],[0,[32.60278,56.72049,0,[130.9107,167.001]]],[5,[33.10186,56.16968,0,[132.0254,168.001]]],[51,[32.18554,51.984,0,[129.8394,167.001]]],[40,[32.9405,55.01036,0,[129.9824,167.001]]],[59,[33.41455,55.78177,0,[133.0958,168.001]]],[27,[33.74744,60.67739,0,[132.0469,168.001]]],[21,[33.3568,53.72586,0,[130.9633,167.001]]],[69,[34.12841,57.40552,0,[132.9053,168.001]]],[1,[34.49273,58.05306,0,[131.7226,168.001]]],[61,[33.60377,51.48594,0,[129.95,167.001]]],[12,[34.14054,55.57877,0,[130.4819,167.001]]],[48,[34.78931,60.85077,0,[133.0392,168.001]]],[38,[35.21433,62.51319,0,[131.9102,168.001]]],[50,[34.80084,54.54435,0,[130.8046,167.001]]],[85,[35.47512,57.17551,0,[132.98,168.001]]],[28,[35.12994,56.86756,0,[129.904,167.001]]],[60,[35.84441,59.34302,0,[131.8328,168.001]]],[18,[35.59338,61.3039,0,[130.7653,167.001]]],[67,[36.23572,61.22437,0,[132.8597,168.001]]],[49,[36.72883,63.19045,0,[132.1378,168.001]]],[30,[36.82649,56.76028,0,[131.0455,168.001]]],[39,[36.17263,56.2178,0,[129.9696,167.001]]],[58,[37.01852,53.65542,0,[133.2286,168.001]]],[46,[37.50347,63.65303,0,[132.2336,168.001]]],[11,[36.8658,57.5714,0,[130.0711,167.001]]],[37,[37.64371,61.87824,0,[131.072,168.001]]],[68,[37.95432,55.02479,0,[133.0808,168.001]]],[77,[38.28536,63.27787,0,[131.7067,168.001]]],[19,[37.86524,58.19017,0,[130.3782,167.001]]],[26,[38.72246,63.80297,0,[132.7121,168.001]]],[36,[39.15688,64.80063,0,[131.6769,168.001]]],[3,[38.81519,59.04603,0,[130.3668,167.001]]],[84,[39.68342,46.66639,0,[132.8473,168.001]]],[47,[39.87117,60.41671,0,[131.5422,168.001]]],[29,[39.73019,58.8632,0,[130.4381,167.001]]],[78,[40.83763,58.63302,0,[132.0855,168.001]]],[10,[40.68758,60.52972,0,[130.7578,167.001]]]

Travel Distances:
[87,111.9862],[86,111.94],[88,113.935],[82,113.9591],[83,113.9524],[81,113.8103],[74,113.8699],[73,115.6368],[75,115.7708],[65,115.8102],[66,115.4952],[72,116.3712],[55,117.4389],[76,115.7042],[64,115.9911],[56,116.5794],[80,114.7807],[44,118.8108],[53,117.8603],[54,116.8748],[57,117.3722],[34,118.4727],[79,117.33],[33,119.427],[63,117.3913],[45,118.3855],[43,119.699],[71,117.7943],[24,121.1451],[42,119.509],[23,120.2599],[52,117.9645],[35,120.6578],[22,121.3624],[70,118.2823],[32,119.8389],[15,121.1849],[16,121.6637],[31,121.2198],[14,122.0419],[7,123.2058],[25,121.3071],[2,125.3654],[13,123.0059],[6,123.2354],[41,121.8838],[9,125.49],[62,119.2384],[4,123.9011],[8,124.0096],[20,122.0384],[17,125.3221],[0,125.4843],[5,123.9452],[51,121.5248],[40,123.0782],[59,122.8991],[27,127.1658],[21,120.9846],[69,125.0966],[1,125.0588],[61,120.1532],[12,123.2578],[48,129.2518],[38,130.0776],[50,122.9221],[85,124.1197],[28,124.5215],[60,125.6479],[18,130.0977],[67,128.7207],[49,129.7227],[30,123.093],[39,125.8258],[58,121.5829],[46,130.6343],[11,125.7328],[37,128.5706],[68,123.0922],[77,130.6978],[19,126.3873],[26,130.3273],[36,132.4801],[3,127.3774],[84,113.271],[47,126.6657],[29,127.3513],[78,124.9501],[10,129.1451]

Finish Times:
[87,57.68094],[86,57.88094],[88,57.96095],[82,58.28095],[83,58.32095],[81,58.76096],[74,58.88097],[73,59.08097],[75,59.12097],[65,59.44098],[66,59.68098],[72,60.08099],[55,60.201],[76,60.241],[64,60.64101],[56,60.76101],[80,60.76101],[44,61.08102],[53,61.24102],[54,61.60103],[57,61.60103],[34,61.84103],[79,62.12104],[33,62.40105],[63,62.40105],[45,62.52105],[43,62.96106],[71,63.04106],[24,63.12106],[42,63.28107],[23,63.48107],[52,63.68108],[35,64.00108],[22,64.08109],[70,64.36109],[32,64.48109],[15,64.7211],[16,64.7611],[31,65.16111],[14,65.24111],[7,65.32111],[25,65.40112],[2,66.00113],[13,66.00113],[6,66.24113],[41,66.96115],[9,67.04115],[62,67.16116],[4,67.56116],[8,67.56116],[20,67.68117],[17,67.96117],[0,68.16118],[5,68.16118],[51,68.16118],[40,68.68119],[59,68.68119],[27,68.80119],[21,68.9212],[69,69.2812],[1,69.52121],[61,69.52121],[12,69.76122],[48,70.04122],[38,70.28123],[50,70.32123],[85,70.76124],[28,70.88124],[60,70.88124],[18,71.16125],[67,71.36125],[49,71.76126],[30,71.92126],[39,72.00127],[58,72.20127],[46,72.56128],[11,72.64128],[37,72.68128],[68,73.12129],[77,73.3213],[19,73.4813],[26,73.84131],[36,74.16132],[3,74.40132],[84,74.80133],[47,74.88133],[29,75.36134],[78,75.88136],[10,76.20136]

Stuck Times:
[87,0],[86,0],[88,0],[82,0],[83,0],[81,0],[74,0],[73,0],[75,0],[65,0],[66,0],[72,0],[55,0],[76,1],[64,1],[56,0],[80,2],[44,0],[53,0],[54,1],[57,1],[34,0],[79,2],[33,1],[63,2],[45,1],[43,2],[71,4],[24,0],[42,2],[23,2],[52,3],[35,3],[22,2],[70,5],[32,3],[15,2],[16,1],[31,4],[14,3],[7,2],[25,3],[2,2],[13,4],[6,3],[41,6],[9,2],[62,8],[4,7],[8,3],[20,5],[17,4],[0,5],[5,6],[51,8],[40,6],[59,5],[27,2],[21,8],[69,6],[1,6],[61,9],[12,6],[48,3],[38,3],[50,9],[85,5],[28,9],[60,7],[18,4],[67,5],[49,4],[30,11],[39,10],[58,12],[46,6],[11,11],[37,5],[68,11],[77,7],[19,10],[26,5],[36,8],[3,11],[84,16],[47,9],[29,12],[78,14],[10,12]

