Experiment Name: Custom-MultiplePaths7
Method Used: RegionalFlowGraph
Run Number: 8
Preparation Time: 377.3227ms
Pathfinding Time: 1.084ms
Finish Time: 73.6013ms
Finish Time 90%: 71.52126ms
Repaths: 0
Soft Repaths: 0

Gates Data:
3:[87,[22.66309,45.28036,0,[131.2209,168.001]]],[86,[22.22648,44.39557,0,[130.029,167.001]]],[88,[22.68162,45.34594,0,[132.5123,168.001]]],[82,[22.75656,45.40346,0,[130.8741,167.001]]],[83,[23.25756,46.40436,0,[132.0222,168.001]]],[81,[22.97474,45.42856,0,[129.8329,167.001]]],[84,[23.21786,46.34771,0,[133.2542,168.001]]],[75,[23.84519,47.50999,0,[131.8901,168.001]]],[74,[23.37404,46.55597,0,[130.82,167.001]]],[76,[23.88952,47.46963,0,[132.9975,168.001]]],[65,[24.06056,47.69059,0,[130.9598,167.001]]],[73,[23.69192,46.58194,0,[129.8947,167.001]]],[66,[24.41676,48.59265,0,[132.0316,168.001]]],[80,[24.2634,45.77169,0,[129.7669,167.001]]],[56,[25.0213,49.68854,0,[131.7603,168.001]]],[64,[24.60257,47.72225,0,[130.6595,167.001]]],[67,[24.64133,48.63703,0,[133.0543,168.001]]],[57,[25.20981,49.74014,0,[132.8246,168.001]]],[55,[25.16046,48.85374,0,[130.9926,167.001]]],[45,[25.72785,50.78999,0,[132.1087,168.001]]],[72,[24.99509,46.88594,0,[129.827,167.001]]],[79,[25.5576,47.19156,0,[129.9017,167.001]]],[58,[25.72918,49.78866,0,[133.3397,168.001]]],[54,[25.77164,48.94858,0,[130.9861,167.001]]],[44,[26.30173,51.0358,0,[132.1246,168.001]]],[63,[26.13947,48.2192,0,[129.9275,167.001]]],[43,[26.93039,51.06555,0,[131.0379,168.001]]],[34,[26.86174,51.90253,0,[132.1535,168.001]]],[46,[26.38054,51.00819,0,[133.259,168.001]]],[70,[26.75876,49.03981,0,[129.8765,167.001]]],[53,[27.00964,49.34445,0,[130.9667,167.001]]],[33,[27.51642,52.18629,0,[132.1291,168.001]]],[35,[27.23157,51.99894,0,[133.1007,168.001]]],[32,[27.58096,51.32108,0,[130.8472,167.001]]],[71,[27.37071,48.31416,0,[129.8344,167.001]]],[24,[28.09042,53.04374,0,[131.9432,168.001]]],[36,[28.03684,52.10206,0,[133.1745,168.001]]],[42,[28.04517,51.3797,0,[129.9606,167.001]]],[15,[28.69475,54.26395,0,[131.1721,168.001]]],[25,[28.65382,53.31414,0,[132.689,168.001]]],[61,[28.65761,51.08761,0,[129.9882,167.001]]],[23,[29.23118,53.45324,0,[131.7519,168.001]]],[62,[29.08533,50.60649,0,[130.6943,167.001]]],[16,[29.29182,54.74833,0,[132.9961,168.001]]],[26,[29.89712,54.07397,0,[132.1062,168.001]]],[51,[29.63609,52.1721,0,[129.9068,167.001]]],[7,[30.13737,55.59075,0,[131.0602,168.001]]],[8,[30.53992,56.04914,0,[131.9603,168.001]]],[52,[30.18647,51.44083,0,[130.8667,167.001]]],[68,[30.02521,50.27061,0,[133.2409,168.001]]],[50,[30.3149,52.7541,0,[129.7822,167.001]]],[59,[30.61454,51.6003,0,[133.064,168.001]]],[14,[31.28726,55.17698,0,[131.2654,168.001]]],[17,[31.21933,54.88211,0,[132.3738,168.001]]],[41,[30.845,52.61076,0,[130.0944,167.001]]],[31,[31.33974,52.24227,0,[130.9074,167.001]]],[9,[31.90439,56.8349,0,[132.0022,168.001]]],[29,[31.46574,53.18653,0,[129.8169,167.001]]],[37,[31.65909,53.73294,0,[133.0641,168.001]]],[22,[32.42978,54.0392,0,[131.2407,168.001]]],[21,[32.07445,53.75636,0,[130.0841,167.001]]],[27,[32.25267,55.21971,0,[133.1669,168.001]]],[18,[32.68076,56.86602,0,[132.3481,168.001]]],[13,[33.02376,55.06879,0,[131.132,168.001]]],[39,[32.64268,54.54456,0,[129.8713,167.001]]],[49,[33.31907,56.54754,0,[132.1202,168.001]]],[30,[33.05741,53.05095,0,[130.7905,167.001]]],[48,[33.25961,53.82433,0,[133.2741,168.001]]],[6,[33.91519,56.07934,0,[131.848,168.001]]],[28,[33.39666,55.42817,0,[129.8219,167.001]]],[60,[33.97405,57.46133,0,[133.0492,168.001]]],[5,[33.76038,55.10488,0,[130.6443,167.001]]],[2,[34.56164,57.1633,0,[131.8194,168.001]]],[40,[34.38888,54.05053,0,[130.9305,167.001]]],[20,[34.48144,53.72248,0,[129.838,167.001]]],[78,[34.71643,57.85065,0,[132.8869,168.001]]],[1,[35.2784,57.78806,0,[131.8963,168.001]]],[12,[35.67974,56.09597,0,[131.0986,168.001]]],[11,[35.39112,54.76272,0,[130.0087,167.001]]],[38,[35.42498,57.48513,0,[133.001,168.001]]],[3,[35.99197,56.38612,0,[129.9933,167.001]]],[0,[36.34463,57.6913,0,[131.2602,168.001]]],[85,[36.23966,55.80056,0,[132.4987,168.001]]],[4,[36.50495,56.04963,0,[130.4205,167.001]]],[47,[37.07449,60.72104,0,[131.6321,168.001]]],[77,[37.29095,54.22614,0,[132.8127,168.001]]],[19,[37.10537,56.15903,0,[130.5722,167.001]]],[69,[37.86475,55.85624,0,[131.9895,168.001]]],[10,[37.89968,58.38053,0,[130.8907,167.001]]]

Travel Distances:
[87,111.9423],[86,111.9067],[88,113.9674],[82,113.8514],[83,113.8094],[81,113.3985],[84,113.8035],[75,113.7835],[74,115.6545],[76,115.5116],[65,115.5435],[73,115.1166],[66,115.6458],[80,115.0434],[56,117.4679],[64,116.4044],[67,117.2819],[57,117.2647],[55,116.33],[45,117.2875],[72,114.7938],[79,115.9091],[58,118.0971],[54,117.1771],[44,118.3711],[63,115.7164],[43,119.0265],[34,119.9972],[46,119.9171],[70,117.3441],[53,117.2006],[33,118.984],[35,119.3556],[32,120.0085],[71,117.3085],[24,120.5403],[36,119.9845],[42,119.0976],[15,120.637],[25,121.8145],[61,119.4889],[23,120.8268],[62,118.3864],[16,121.9801],[26,122.2078],[51,120.8276],[7,123.145],[8,122.7788],[52,118.863],[68,118.1554],[50,122.0221],[59,120.1358],[14,122.4508],[17,122.4133],[41,120.6762],[31,121.3831],[9,124.8629],[29,121.941],[37,122.3675],[22,121.0236],[21,121.4567],[27,122.575],[18,125.3375],[13,122.9168],[39,122.9671],[49,123.7586],[30,120.7128],[48,121.1914],[6,124.0097],[28,124.4591],[60,125.3515],[5,123.3091],[2,123.8678],[40,122.9072],[20,122.5202],[78,126.2657],[1,125.0739],[12,122.5144],[11,123.9329],[38,126.3578],[3,124.357],[0,124.7797],[85,123.2036],[4,124.6824],[47,128.3998],[77,121.6069],[19,123.5935],[69,123.9525],[10,126.291]

Finish Times:
[87,57.76094],[86,57.80094],[88,58.04095],[82,58.28095],[83,58.48096],[81,58.64096],[84,58.84097],[75,58.92097],[74,59.00097],[76,59.32098],[65,59.60098],[73,59.60098],[66,59.64098],[80,60.00099],[56,60.161],[64,60.201],[67,60.361],[57,60.521],[55,60.80101],[45,60.88101],[72,60.88101],[79,61.24102],[58,61.44102],[54,61.48103],[44,61.64103],[63,61.80103],[43,62.04104],[34,62.08104],[46,62.16104],[70,62.60105],[53,62.64105],[33,62.68105],[35,62.68105],[32,63.16106],[71,63.24107],[24,63.40107],[36,63.56107],[42,63.72108],[15,63.84108],[25,64.04108],[61,64.40109],[23,64.44109],[62,64.6411],[16,64.8811],[26,65.20111],[51,65.24111],[7,65.28111],[8,65.80112],[52,65.84113],[68,65.92113],[50,66.16113],[59,66.24113],[14,66.44114],[17,66.52114],[41,66.52114],[31,66.96115],[9,67.16116],[29,67.36116],[37,67.44116],[22,67.56116],[21,67.68117],[27,67.80117],[18,67.96117],[13,68.08118],[39,68.44118],[49,68.52119],[30,68.72119],[48,68.72119],[6,69.0812],[28,69.1612],[60,69.32121],[5,69.44121],[2,69.76122],[40,70.12122],[20,70.20123],[78,70.20123],[1,70.52123],[12,70.84124],[11,71.00124],[38,71.08125],[3,71.52126],[0,71.60126],[85,71.68126],[4,72.24127],[47,72.24127],[77,72.64128],[19,72.80128],[69,73.12129],[10,73.6013]

Stuck Times:
[87,0],[86,0],[88,0],[82,0],[83,0],[81,0],[84,0],[75,0],[74,0],[76,0],[65,0],[73,0],[66,0],[80,1],[56,0],[64,0],[67,0],[57,0],[55,0],[45,0],[72,1],[79,3],[58,1],[54,1],[44,0],[63,2],[43,1],[34,0],[46,0],[70,3],[53,3],[33,0],[35,0],[32,2],[71,4],[24,0],[36,1],[42,2],[15,1],[25,2],[61,4],[23,2],[62,5],[16,2],[26,2],[51,5],[7,1],[8,3],[52,5],[68,6],[50,6],[59,5],[14,4],[17,5],[41,5],[31,7],[9,3],[29,6],[37,5],[22,7],[21,5],[27,6],[18,4],[13,6],[39,7],[49,4],[30,7],[48,8],[6,5],[28,7],[60,6],[5,7],[2,7],[40,9],[20,9],[78,5],[1,6],[12,9],[11,8],[38,8],[3,10],[0,8],[85,10],[4,8],[47,7],[77,12],[19,10],[69,11],[10,9]

