Experiment Name: Custom-MultiplePaths7
Method Used: RegionalFlowGraph
Run Number: 9
Preparation Time: 377.3227ms
Pathfinding Time: 1.1327ms
Finish Time: 73.72131ms
Finish Time 90%: 71.44125ms
Repaths: 0
Soft Repaths: 0

Gates Data:
3:[87,[22.66303,45.27996,0,[131.2033,168.001]]],[86,[22.22576,44.39575,0,[130.0342,167.001]]],[88,[22.68163,45.34661,0,[132.4796,168.001]]],[82,[22.77353,45.40275,0,[130.9371,167.001]]],[83,[23.25616,46.4027,0,[132.0534,168.001]]],[81,[22.93995,45.42922,0,[129.8708,167.001]]],[84,[23.20447,46.34594,0,[133.2717,168.001]]],[74,[23.92301,47.57009,0,[131.1064,168.001]]],[73,[23.59068,46.57722,0,[130.062,167.001]]],[75,[23.85716,47.52335,0,[132.2196,168.001]]],[66,[24.41039,48.59665,0,[131.9381,168.001]]],[65,[24.14787,47.68035,0,[130.9371,167.001]]],[80,[24.10272,45.77949,0,[129.6813,167.001]]],[76,[24.16316,47.48522,0,[133.1575,168.001]]],[56,[25.06101,49.68557,0,[131.7541,168.001]]],[64,[24.57937,47.66007,0,[130.2477,167.001]]],[67,[24.73111,48.70699,0,[132.8884,168.001]]],[55,[25.51379,49.83242,0,[131.0753,168.001]]],[57,[25.36464,49.7379,0,[132.8344,168.001]]],[72,[25.12004,46.93853,0,[129.8936,167.001]]],[45,[25.83316,50.79309,0,[132.0556,168.001]]],[54,[26.10621,49.98853,0,[131.0044,168.001]]],[79,[25.71098,47.2424,0,[129.8988,167.001]]],[77,[26.05171,48.00774,0,[133.1762,168.001]]],[44,[26.66318,50.96656,0,[131.3646,168.001]]],[46,[26.55577,51.10802,0,[132.584,168.001]]],[63,[26.29981,48.42378,0,[130.2001,167.001]]],[43,[27.341,50.99618,0,[131.0459,168.001]]],[34,[27.22853,51.95378,0,[132.13,168.001]]],[71,[26.95373,47.9152,0,[129.8956,167.001]]],[58,[27.20586,50.15953,0,[133.2713,168.001]]],[53,[27.46607,49.36707,0,[130.8219,167.001]]],[33,[27.92949,52.18052,0,[131.9093,168.001]]],[35,[27.91146,52.34636,0,[133.0173,168.001]]],[70,[27.64944,48.83719,0,[129.7677,167.001]]],[24,[28.55211,53.24861,0,[131.5964,168.001]]],[32,[28.1873,51.36607,0,[130.4208,167.001]]],[36,[28.79787,52.66009,0,[132.6759,168.001]]],[15,[29.17681,54.27451,0,[131.4073,168.001]]],[52,[28.71278,50.12289,0,[129.9597,167.001]]],[42,[29.13415,51.40113,0,[130.7654,167.001]]],[25,[29.61316,53.54535,0,[132.1198,168.001]]],[85,[29.34989,47.64141,0,[133.0908,168.001]]],[61,[29.30509,51.01621,0,[129.7149,167.001]]],[23,[30.07895,53.60168,0,[131.4169,168.001]]],[30,[29.80439,52.90809,0,[130.3103,167.001]]],[68,[30.04697,50.54279,0,[133.0387,168.001]]],[16,[30.53729,54.61386,0,[132.0689,168.001]]],[31,[30.26548,52.02737,0,[130.9978,167.001]]],[62,[30.44574,50.27964,0,[129.924,167.001]]],[7,[31.31252,55.59749,0,[131.1901,168.001]]],[37,[30.6779,53.09682,0,[133.1596,168.001]]],[26,[31.10226,54.1977,0,[132.2326,168.001]]],[21,[31.29318,53.55618,0,[130.6865,167.001]]],[50,[31.01908,52.80601,0,[129.7349,167.001]]],[17,[31.79794,55.04123,0,[132.0096,168.001]]],[18,[31.52125,55.48507,0,[133.0644,168.001]]],[14,[32.2873,54.71939,0,[131.271,168.001]]],[41,[31.75653,52.73768,0,[129.9617,167.001]]],[27,[32.17915,55.56657,0,[133.106,168.001]]],[8,[32.57631,56.17694,0,[132.2317,168.001]]],[51,[32.33986,52.01963,0,[129.8954,167.001]]],[22,[32.43993,52.94469,0,[131,167.1949]]],[9,[33.18674,57.19465,0,[132.0863,168.001]]],[48,[32.83615,53.47399,0,[133.2887,168.001]]],[6,[33.51632,56.12157,0,[131.0566,168.001]]],[13,[32.94759,53.87553,0,[129.9115,167.001]]],[2,[33.89935,57.13751,0,[131.9675,168.001]]],[38,[33.5999,55.26878,0,[133.0338,168.001]]],[29,[33.7119,54.013,0,[130.8649,167.001]]],[39,[33.58362,54.46223,0,[129.8057,167.001]]],[49,[34.30018,57.83119,0,[132.9974,168.001]]],[5,[34.59293,56.06446,0,[131.7875,168.001]]],[40,[34.30973,53.82337,0,[129.9981,167.001]]],[4,[34.55528,55.96192,0,[130.9954,167.001]]],[78,[34.95009,51.00325,0,[132.7536,168.001]]],[1,[35.45715,57.91427,0,[131.8291,168.001]]],[28,[35.00686,55.77239,0,[129.9851,167.001]]],[20,[35.33374,55.4291,0,[130.9529,167.001]]],[59,[35.65955,56.13644,0,[132.898,168.001]]],[0,[36.29051,57.82531,0,[131.7414,168.001]]],[11,[35.79596,55.47305,0,[130.1298,167.001]]],[60,[36.39191,58.10418,0,[132.9851,168.001]]],[3,[36.90306,58.82918,0,[131.0483,168.001]]],[69,[37.04628,58.20301,0,[132.3289,168.001]]],[19,[36.73749,55.98621,0,[130.006,167.001]]],[47,[37.72684,56.12107,0,[132.1207,168.001]]],[12,[37.23302,57.3651,0,[130.8739,167.001]]],[10,[38.07413,58.15128,0,[130.9916,167.001]]]

Travel Distances:
[87,111.9432],[86,111.907],[88,113.9692],[82,113.7053],[83,113.8324],[81,113.4365],[84,113.746],[74,115.6589],[73,115.3567],[75,115.7847],[66,115.642],[65,115.3591],[80,113.3884],[76,117.0901],[56,117.4467],[64,116.3209],[67,117.0361],[55,116.72],[57,116.7672],[72,116.449],[45,118.8384],[54,117.6371],[79,115.5308],[77,115.8116],[44,117.5118],[46,117.8406],[63,115.602],[43,118.1676],[34,119.3386],[71,115.7723],[58,117.5677],[53,118.2428],[33,120.2036],[35,120.1755],[70,117.2479],[24,120.0552],[32,118.8515],[36,121.009],[15,121.8131],[52,118.6136],[42,119.0891],[25,121.9464],[85,116.8028],[61,120.1859],[23,121.1444],[30,121.0016],[68,118.3569],[16,121.4951],[31,119.3857],[62,119.1077],[7,122.8629],[37,121.4661],[26,121.8221],[21,122.7644],[50,122.4233],[17,123.2666],[18,124.3761],[14,121.9157],[41,120.9996],[27,123.1509],[8,122.9696],[51,121.1092],[22,121.7821],[9,124.6567],[48,121.5893],[6,122.8633],[13,121.7224],[2,125.1568],[38,123.9775],[29,122.4224],[39,123.0293],[49,125.1332],[5,122.6754],[40,123.1008],[4,124.6965],[78,118.8632],[1,124.8381],[28,123.5546],[20,122.6589],[59,124.5115],[0,125.0793],[11,123.5325],[60,125.1252],[3,126.8514],[69,125.9702],[19,124.4186],[47,122.4929],[12,124.5908],[10,125.828]

Finish Times:
[87,57.72094],[86,57.80094],[88,58.00095],[82,58.40096],[83,58.44096],[81,58.64096],[84,58.88097],[74,59.00097],[73,59.12097],[75,59.20097],[66,59.64098],[65,59.68098],[80,59.92099],[76,60.00099],[56,60.241],[64,60.241],[67,60.281],[55,60.60101],[57,60.84101],[72,61.04102],[45,61.08102],[54,61.20102],[79,61.44102],[77,61.72103],[44,61.80103],[46,61.92104],[63,61.92104],[43,62.44105],[34,62.48105],[71,62.64105],[58,62.80106],[53,63.08106],[33,63.12106],[35,63.44107],[70,63.44107],[24,63.68108],[32,63.80108],[36,64.08109],[15,64.28109],[52,64.36109],[42,64.6811],[25,64.96111],[85,65.00111],[61,65.24111],[23,65.28111],[30,65.48112],[68,65.52112],[16,65.72112],[31,65.88113],[62,66.20113],[7,66.40114],[37,66.40114],[26,66.44114],[21,66.96115],[50,66.96115],[17,67.00115],[18,67.28116],[14,67.44116],[41,67.56116],[27,67.64117],[8,67.80117],[51,68.00117],[22,68.08118],[9,68.52119],[48,68.56119],[6,68.68119],[13,68.68119],[2,69.1212],[38,69.1612],[29,69.32121],[39,69.48121],[49,69.68121],[5,69.80122],[40,69.96122],[4,70.16122],[78,70.40123],[1,70.64124],[28,70.72124],[20,70.92124],[59,71.28125],[0,71.44125],[11,71.52126],[60,71.80126],[3,72.00127],[69,72.24127],[19,72.36127],[47,72.88129],[12,72.92129],[10,73.72131]

Stuck Times:
[87,0],[86,0],[88,0],[82,0],[83,0],[81,0],[84,0],[74,0],[73,0],[75,0],[66,0],[65,0],[80,1],[76,0],[56,0],[64,0],[67,0],[55,0],[57,0],[72,2],[45,0],[54,1],[79,3],[77,2],[44,1],[46,0],[63,2],[43,2],[34,1],[71,3],[58,1],[53,4],[33,1],[35,2],[70,4],[24,2],[32,3],[36,2],[15,2],[52,4],[42,4],[25,3],[85,6],[61,4],[23,3],[30,3],[68,5],[16,4],[31,4],[62,6],[7,3],[37,5],[26,3],[21,4],[50,6],[17,4],[18,2],[14,5],[41,6],[27,4],[8,6],[51,8],[22,7],[9,6],[48,7],[6,7],[13,6],[2,7],[38,7],[29,8],[39,8],[49,5],[5,8],[40,8],[4,8],[78,10],[1,7],[28,10],[20,8],[59,10],[0,8],[11,9],[60,9],[3,9],[69,10],[19,11],[47,12],[12,9],[10,11]

