Experiment Name: Custom-MultiplePaths7
Method Used: RegionalFlowGraph
Run Number: 6
Preparation Time: 377.3227ms
Pathfinding Time: 0.9808ms
Finish Time: 73.80131ms
Finish Time 90%: 71.60126ms
Repaths: 0
Soft Repaths: 0

Gates Data:
3:[87,[22.66385,45.28089,0,[131.228,168.001]]],[86,[22.22559,44.39419,0,[130.0586,167.001]]],[88,[22.68091,45.34598,0,[132.5051,168.001]]],[82,[22.79504,45.40374,0,[130.9607,167.001]]],[83,[23.2724,46.40319,0,[132.0836,168.001]]],[81,[22.91835,45.43029,0,[129.8693,167.001]]],[84,[23.20576,46.34628,0,[133.2852,168.001]]],[75,[23.86783,47.52076,0,[131.9491,168.001]]],[74,[23.41085,46.56094,0,[130.885,167.001]]],[76,[23.88395,47.48614,0,[133.0524,168.001]]],[73,[23.56688,46.55873,0,[129.8227,167.001]]],[65,[24.08117,47.70092,0,[130.847,167.001]]],[66,[24.45092,48.59549,0,[131.9511,168.001]]],[80,[24.12206,45.81192,0,[129.7323,167.001]]],[56,[25.01416,49.69645,0,[131.5469,168.001]]],[64,[24.60333,47.71765,0,[130.2609,167.001]]],[67,[24.52196,48.63233,0,[133.0793,168.001]]],[57,[25.07804,49.74762,0,[132.6577,168.001]]],[55,[25.5692,49.85573,0,[131.0473,168.001]]],[45,[25.6638,50.79426,0,[132.1594,168.001]]],[72,[25.11776,46.78184,0,[129.7421,167.001]]],[58,[25.55974,49.77517,0,[133.3756,168.001]]],[54,[25.55583,48.9498,0,[130.4855,167.001]]],[44,[26.23699,51.02129,0,[131.5885,168.001]]],[46,[26.18157,50.94424,0,[133.0906,168.001]]],[34,[26.68451,51.93928,0,[132.4015,168.001]]],[43,[26.91701,51.06008,0,[131.1582,168.001]]],[63,[26.08777,48.25113,0,[130.0448,167.001]]],[79,[26.66091,47.29834,0,[129.9498,167.001]]],[33,[27.41103,52.2342,0,[132.0212,168.001]]],[53,[27.01174,49.39832,0,[130.9283,167.001]]],[35,[27.19038,52.08976,0,[133.0577,168.001]]],[71,[27.32763,48.0976,0,[129.9231,167.001]]],[32,[28.02695,52.40731,0,[131.8664,168.001]]],[31,[27.74985,51.49383,0,[130.7924,167.001]]],[24,[27.94146,53.21053,0,[132.9668,168.001]]],[15,[28.69336,54.20213,0,[131.7239,168.001]]],[70,[28.06058,49.68634,0,[129.8512,167.001]]],[36,[28.66898,52.50898,0,[132.8858,168.001]]],[23,[28.4906,52.30949,0,[130.6821,167.001]]],[7,[29.37056,55.4479,0,[132.0399,168.001]]],[42,[29.10822,50.95157,0,[130.9963,167.001]]],[61,[29.09704,51.03285,0,[129.8789,167.001]]],[25,[29.2499,53.69351,0,[133.193,168.001]]],[16,[30.00998,54.82302,0,[131.9763,168.001]]],[22,[29.67675,52.48461,0,[130.9263,167.001]]],[59,[29.91124,51.55788,0,[133.0712,168.001]]],[52,[29.78506,49.88071,0,[129.8364,167.001]]],[14,[30.78935,54.72943,0,[131.2696,168.001]]],[26,[30.64999,54.39214,0,[132.4772,168.001]]],[21,[30.41001,53.08699,0,[130.0945,167.001]]],[8,[31.37803,56.12674,0,[132.0174,168.001]]],[13,[30.98525,53.97961,0,[130.9057,167.001]]],[69,[31.18719,51.93684,0,[133.1038,168.001]]],[50,[31.14163,52.76609,0,[129.8408,167.001]]],[6,[32.10508,56.18514,0,[131.5896,168.001]]],[37,[31.90464,54.73409,0,[132.7275,168.001]]],[62,[31.655,50.52496,0,[130.3558,167.001]]],[30,[32.24739,53.22629,0,[130.8995,167.001]]],[17,[32.77834,55.33501,0,[131.9902,168.001]]],[51,[32.22599,52.01301,0,[129.7905,167.001]]],[38,[32.52146,55.28945,0,[133.0236,168.001]]],[41,[32.80316,52.91827,0,[130.5915,167.001]]],[27,[33.38271,55.76704,0,[131.8398,168.001]]],[47,[33.09503,51.46513,0,[132.9694,168.001]]],[39,[33.17159,54.33666,0,[129.7679,167.001]]],[5,[33.87297,56.32545,0,[131.0372,168.001]]],[60,[33.70629,56.21584,0,[132.9979,168.001]]],[2,[34.13152,57.31758,0,[132.0493,168.001]]],[12,[33.70853,55.17564,0,[130.0646,167.001]]],[1,[34.57615,57.45298,0,[131.052,168.001]]],[49,[34.6909,58.28303,0,[132.263,168.001]]],[68,[34.37401,50.97995,0,[133.2977,168.001]]],[28,[34.31127,55.70658,0,[129.8701,167.001]]],[29,[34.75454,54.25095,0,[130.5991,167.001]]],[9,[35.24423,58.1902,0,[131.8006,168.001]]],[48,[35.22956,54.69586,0,[133.1357,168.001]]],[4,[35.89589,57.46331,0,[131.2537,168.001]]],[40,[35.34272,53.94344,0,[129.9863,167.001]]],[18,[35.87099,56.90138,0,[132.5856,168.001]]],[20,[35.96639,54.88462,0,[130.4299,167.001]]],[0,[36.50391,58.16646,0,[131.8389,168.001]]],[19,[36.65242,56.72972,0,[130.0374,167.001]]],[3,[37.32653,57.8272,0,[131.2626,168.001]]],[78,[37.05466,57.63654,0,[132.5513,168.001]]],[77,[37.74431,53.14808,0,[132.4242,168.001]]],[11,[38.14032,57.22476,0,[131.226,168.001]]],[10,[37.68369,57.12383,0,[130.0418,167.001]]],[85,[38.56189,56.21813,0,[132.2651,168.001]]]

Travel Distances:
[87,111.9407],[86,111.9125],[88,113.9693],[82,113.77],[83,113.8107],[81,113.5079],[84,113.8801],[75,115.7412],[74,115.5799],[76,115.6526],[73,115.3409],[65,115.5061],[66,115.6342],[80,113.4344],[56,117.4654],[64,116.3209],[67,117.4644],[57,117.5231],[55,116.4818],[45,117.2685],[72,116.2358],[58,118.5762],[54,117.5719],[44,118.3551],[46,118.3873],[34,120.3636],[43,119.2065],[63,117.9312],[79,115.7539],[33,119.3907],[53,117.1712],[35,119.4522],[71,117.1811],[32,120.2011],[31,119.8289],[24,121.1402],[15,120.5956],[70,117.2896],[36,119.1423],[23,121.1037],[7,122.6696],[42,118.6538],[61,118.7042],[25,121.1285],[16,122.5828],[22,120.9141],[59,119.5201],[52,118.15],[14,120.9748],[26,121.0222],[21,122.0643],[8,123.2603],[13,121.8445],[69,119.4002],[50,120.3517],[6,123.8217],[37,122.8228],[62,119.0614],[30,120.603],[17,123.7423],[51,121.2624],[38,124.1742],[41,121.1752],[27,122.8551],[47,119.0858],[39,123.9158],[5,124.3848],[60,124.5819],[2,125.0233],[12,123.5272],[1,124.0719],[49,126.7359],[68,119.9712],[28,124.6975],[29,122.4935],[9,125.472],[48,122.0945],[4,125.4876],[40,123.0526],[18,124.8792],[20,122.7014],[0,124.9781],[19,125.1412],[3,125.0948],[78,125.3698],[77,121.4314],[11,124.9108],[10,125.6033],[85,122.8573]

Finish Times:
[87,57.72094],[86,57.76094],[88,57.96095],[82,58.32095],[83,58.44096],[81,58.64096],[84,58.76096],[75,58.96097],[74,59.08097],[76,59.20097],[73,59.52098],[65,59.60098],[66,59.64098],[80,59.80099],[56,60.201],[64,60.241],[67,60.241],[57,60.401],[55,60.72101],[45,60.92101],[72,60.96101],[58,61.20102],[54,61.24102],[44,61.40102],[46,61.68103],[34,61.96104],[43,61.96104],[63,61.96104],[79,62.36105],[33,62.52105],[53,62.64105],[35,62.84106],[71,63.08106],[32,63.16106],[31,63.36107],[24,63.40107],[15,63.84108],[70,63.88108],[36,63.92108],[23,64.12109],[7,64.5611],[42,64.6811],[61,64.7611],[25,64.8011],[16,65.20111],[22,65.32111],[59,65.36111],[52,65.56112],[14,65.92113],[26,65.92113],[21,66.04113],[8,66.56114],[13,66.60114],[69,66.80115],[50,66.84115],[6,67.24116],[37,67.24116],[62,67.24116],[30,67.84117],[17,68.00117],[51,68.00117],[38,68.36118],[41,68.44118],[27,68.52119],[47,68.64119],[39,68.9612],[5,69.0012],[60,69.1212],[2,69.2412],[12,69.40121],[1,69.72121],[49,70.00122],[68,70.04122],[28,70.12122],[29,70.40123],[9,70.48123],[48,70.72124],[4,71.04124],[40,71.04124],[18,71.24125],[20,71.60126],[0,71.68126],[19,72.36127],[3,72.40128],[78,72.44128],[77,73.00129],[11,73.20129],[10,73.3213],[85,73.80131]

Stuck Times:
[87,0],[86,0],[88,0],[82,0],[83,0],[81,0],[84,0],[75,0],[74,0],[76,0],[73,0],[65,0],[66,0],[80,1],[56,0],[64,0],[67,0],[57,0],[55,0],[45,0],[72,2],[58,0],[54,1],[44,0],[46,0],[34,0],[43,1],[63,2],[79,4],[33,1],[53,2],[35,0],[71,4],[32,1],[31,1],[24,1],[15,1],[70,4],[36,2],[23,2],[7,1],[42,4],[61,5],[25,3],[16,3],[22,3],[59,5],[52,5],[14,3],[26,4],[21,5],[8,3],[13,5],[69,6],[50,6],[6,4],[37,5],[62,7],[30,7],[17,6],[51,8],[38,8],[41,8],[27,6],[47,7],[39,7],[5,5],[60,8],[2,6],[12,8],[1,6],[49,6],[68,10],[28,8],[29,10],[9,7],[48,9],[4,9],[40,10],[18,9],[20,10],[0,9],[19,10],[3,10],[78,7],[77,12],[11,11],[10,11],[85,12]

