Experiment Name: Custom-Labyrinth3
Method Used: FlowGraph
Run Number: 3
Preparation Time: 187.2859ms
Pathfinding Time: 58.3091ms
Finish Time: 174.5547ms
Finish Time 90%: 161.5969ms
Repaths: 1
Soft Repaths: 0

Gates Data:
37:[152,[11.87738,22.76432,0,[204.999,135.5972]]],[139,[12.5761,24.70905,0,[203.999,134.753]]],[153,[12.48085,23.83114,0,[204.999,135.5519]]],[123,[12.06906,23.94681,0,[203.999,134.0533]]],[109,[12.8481,24.94282,0,[203.999,133.8454]]],[94,[13.31288,25.24665,0,[203.999,133.1105]]],[79,[12.74464,25.19864,0,[203.999,132.6679]]],[138,[11.81344,23.52949,0,[204.2072,135.0002]]],[124,[13.29714,25.1659,0,[203.999,134.6592]]],[108,[12.31753,23.7443,0,[203.999,133.1938]]],[62,[12.95274,23.93716,0,[202.9991,130.7343]]],[78,[12.38777,23.96531,0,[203.9991,131.4917]]],[49,[13.56658,25.91338,0,[203.9991,131.7732]]],[63,[13.02384,24.70766,0,[203.999,131.8618]]],[77,[12.33458,23.48765,0,[202.999,130.7873]]],[48,[13.56545,25.75602,0,[202.999,130.9653]]],[110,[13.72279,26.17683,0,[203.999,133.873]]],[65,[14.55542,27.01657,0,[203.999,132.9678]]],[66,[15.30646,28.1301,0,[203.999,132.9163]]],[47,[13.17736,24.07788,0,[202.999,129.8224]]],[35,[14.18541,26.72829,0,[203.999,131.9357]]],[50,[14.82623,27.12079,0,[203.999,132.0939]]],[36,[15.1706,27.52041,0,[203.999,131.3542]]],[23,[14.48917,27.07122,0,[203.999,131.0868]]],[81,[15.0227,27.8746,0,[203.999,133.7727]]],[37,[16.2928,28.78197,0,[203.9991,131.8498]]],[13,[15.41692,28.58612,0,[202.999,130.5365]]],[64,[13.96072,25.93604,0,[203.9991,132.8575]]],[51,[15.70973,28.24937,0,[203.999,132.2269]]],[33,[13.81777,24.83725,0,[202.999,130.0531]]],[95,[14.88721,26.96918,0,[203.999,134.8096]]],[22,[14.6152,27.00672,0,[202.999,130.3486]]],[12,[14.96724,27.62358,0,[202.999,129.6076]]],[4,[17.64993,31.09761,0,[202.999,130.6453]]],[100,[7.441596,14.86959,2,[202.999,128.2561]]],[3,[18.21094,30.76529,0,[202.999,130.2416]]],[93,[12.02439,23.9246,0,[203.999,132.1474]]],[5,[15.94619,29.55085,0,[202.9991,130.2473]]],[11,[16.94951,28.15936,0,[202.999,129.7683]]],[130,[7.493391,14.98343,2,[203.131,131.0002]]],[24,[15.70032,28.01317,0,[203.9991,131.0645]]],[10,[16.28832,26.97926,0,[202.999,129.4898]]],[115,[7.482804,14.96037,2,[202.999,129.5727]]],[96,[15.91819,27.68655,0,[203.999,133.5103]]],[14,[16.67452,29.81931,3,[202.999,130.679]]],[131,[7.676371,15.34743,2,[203.999,131.4976]]],[116,[8.147203,16.28069,2,[202.999,130.5216]]],[38,[17.33063,30.25331,3,[203.999,131.5196]]],[145,[7.703397,15.40345,2,[203.999,132.8096]]],[125,[14.04009,26.40705,0,[203.999,134.8064]]],[67,[16.45744,29.28251,3,[203.9991,133.0309]]],[97,[16.86277,29.18101,0,[203.9991,134.2623]]],[133,[8.826415,17.58856,2,[203.999,131.8744]]],[15,[17.90827,31.60015,3,[203.999,131.399]]],[118,[9.3613,18.66408,1,[202.999,130.9133]]],[101,[8.146825,16.22987,2,[202.999,129.3744]]],[52,[16.92408,29.45272,3,[203.999,132.3314]]],[146,[8.299108,16.59178,2,[203.999,133.3036]]],[167,[20.37979,32.11678,0,[203.999,132.6173]]],[25,[16.68301,29.45992,3,[203.999,131.151]]],[103,[9.302506,18.47549,1,[202.999,129.7813]]],[132,[8.272048,16.53416,2,[203.999,131.9736]]],[157,[19.80544,34.13945,0,[203.999,131.6919]]],[134,[9.384912,18.70227,1,[203.999,132.175]]],[53,[18.42193,30.68674,3,[203.999,132.5538]]],[119,[9.44901,18.8042,1,[203.999,131.1202]]],[176,[20.26435,31.48734,0,[203.999,134.0206]]],[111,[15.57105,27.46313,0,[203.999,134.4936]]],[85,[7.972747,15.86106,2,[201.999,127.2724]]],[26,[18.89397,32.63691,3,[202.999,130.4322]]],[112,[16.25212,28.78776,0,[203.999,134.6114]]],[149,[9.961724,19.83403,1,[203.999,133.0912]]],[82,[17.25743,29.06857,0,[203.999,133.4267]]],[69,[19.68552,34.06271,3,[203.1026,131.0002]]],[184,[21.85989,35.92682,0,[203.999,132.8355]]],[102,[8.731225,17.42759,2,[202.999,129.8571]]],[147,[8.824404,17.61839,2,[203.999,133.0467]]],[68,[17.65156,30.47218,3,[203.999,132.5555]]],[117,[8.747642,17.46903,2,[203.0724,131.0002]]],[155,[18.34725,26.7376,0,[204.999,136.3625]]],[88,[9.427972,18.52163,1,[202.999,128.7239]]],[126,[14.70781,26.7146,0,[204.999,135.5925]]],[127,[16.46979,28.2274,0,[204.999,135.1696]]],[183,[22.16027,31.59899,0,[203.999,134.1927]]],[160,[9.400412,18.76143,1,[203.999,134.3145]]],[54,[18.60643,32.93033,3,[203.999,131.494]]],[148,[9.395185,18.74371,1,[203.999,133.2448]]],[83,[18.88321,30.40074,3,[203.999,133.5132]]],[175,[23.08274,26.83887,0,[203.999,134.4779]]],[143,[21.27588,29.02219,0,[204.9991,135.8196]]],[120,[10.51456,20.91635,1,[202.999,130.8851]]],[21,[14.18498,25.24109,0,[202.999,129.423]]],[161,[9.962874,19.83648,1,[203.999,134.183]]],[154,[13.86827,25.13405,0,[204.999,135.5795]]],[136,[10.54918,20.94415,1,[203.999,132.5469]]],[121,[10.60324,21.0619,1,[203.999,131.4772]]],[166,[21.02676,27.90389,0,[203.9991,134.0505]]],[20,[15.45459,24.85027,0,[202.999,129.2172]]],[144,[18.37837,30.92663,3,[204.999,135.308]]],[156,[19.31556,29.97462,0,[204.999,135.0936]]],[84,[19.18523,32.44861,3,[203.999,132.262]]],[104,[9.835922,19.57769,1,[202.999,130.1228]]],[89,[9.977563,19.63294,1,[202.999,129.0931]]],[140,[13.10811,25.05111,0,[204.999,135.599]]],[135,[9.95079,19.78983,1,[203.999,132.0008]]],[164,[12.94148,22.72411,0,[204.999,136.5899]]],[159,[8.839712,17.64886,2,[203.999,134.3338]]],[98,[18.0489,30.58439,3,[203.999,133.5635]]],[129,[19.73052,32.62358,3,[203.999,133.1573]]],[99,[20.35239,35.0785,3,[202.999,130.3607]]],[80,[14.37439,26.80508,0,[203.999,133.9428]]],[107,[11.17492,22.22082,1,[203.999,132.0447]]],[142,[17.45574,27.89266,0,[204.999,135.3948]]],[150,[10.55044,21.00317,1,[203.999,133.6221]]],[162,[10.56382,21.03308,1,[203.999,134.7007]]],[114,[19.47667,31.43016,3,[203.999,134.3302]]],[128,[18.55849,30.66261,3,[203.999,134.4948]]],[165,[16.15108,24.20193,0,[204.9991,136.5585]]],[168,[20.51244,35.09311,0,[203.999,131.2046]]],[87,[8.751158,17.43385,2,[202.999,128.7082]]],[39,[19.48969,33.95462,3,[202.999,129.6567]]],[91,[11.59587,22.1426,1,[202.999,130.5408]]],[173,[11.77414,21.38063,1,[204.999,136.5975]]],[137,[11.17585,22.26273,1,[203.999,133.7076]]],[170,[8.900134,17.75555,2,[204.999,135.3015]]],[177,[21.32712,36.18643,0,[203.9991,131.4617]]],[141,[15.64227,26.30592,0,[204.999,135.636]]],[105,[10.39293,20.66406,1,[202.999,129.8233]]],[6,[18.70924,32.13108,3,[202.999,129.2044]]],[61,[12.40281,22.62226,1,[202.999,129.6087]]],[106,[11.03142,21.80575,1,[202.999,130.4138]]],[171,[9.463028,18.85243,1,[204.999,135.2574]]],[2,[17.53065,29.08398,0,[202.999,129.5053]]],[172,[10.12791,20.07742,1,[204.999,135.7306]]],[32,[13.27087,23.4338,1,[202.999,128.75]]],[76,[11.84275,22.11206,1,[202.999,129.6507]]],[86,[8.147004,16.18935,2,[202.999,128.2467]]],[113,[17.7731,30.00873,3,[203.999,134.533]]],[31,[14.53898,23.4068,1,[202.999,128.7049]]],[43,[13.35753,21.06503,1,[201.999,127.9327]]],[158,[8.328866,16.65361,2,[203.999,134.6962]]],[46,[12.66409,22.78235,1,[202.999,128.7502]]],[19,[14.934,24.55226,1,[202.999,128.0306]]],[180,[10.58296,20.51452,1,[204.999,136.393]]],[29,[14.7469,22.23911,1,[201.999,127.8533]]],[179,[9.660395,19.18004,1,[204.999,136.2941]]],[60,[11.9046,21.34243,1,[202.999,128.454]]],[55,[13.24729,18.0368,2,[201.999,126.8249]]],[90,[10.91053,20.88905,1,[202.999,129.3612]]],[92,[11.48117,22.45932,1,[203.999,131.3023]]],[151,[11.21219,22.32628,1,[203.999,134.8143]]],[70,[9.329855,16.5006,2,[201.999,126.8795]]],[75,[11.35761,20.94339,1,[202.999,128.7681]]],[18,[15.66267,24.34796,1,[202.999,128.2517]]],[41,[13.9876,19.65754,2,[201.999,127.3409]]],[71,[8.840262,17.2493,2,[201.999,127.3462]]],[17,[16.46762,24.51299,1,[201.999,127.3829]]],[7,[18.00643,26.19504,1,[201.999,127.4394]]],[8,[17.18865,25.81676,1,[202.999,128.2982]]],[1,[17.90148,28.78923,1,[202.999,128.6349]]],[73,[10.35678,19.66265,1,[201.999,127.9317]]],[122,[11.58729,22.4566,1,[203.999,133.026]]],[27,[17.13834,21.48762,1,[201.999,127.3051]]],[58,[10.72601,19.81654,1,[201.999,127.0346]]],[74,[10.48843,19.77456,1,[202.999,128.635]]],[30,[13.75635,21.93291,1,[202.999,128.3274]]],[169,[8.355469,16.70454,2,[204.999,135.5548]]],[42,[12.23722,19.60931,1,[201.999,126.9317]]],[16,[19.37384,24.59786,1,[202.7279,128.0002]]],[56,[11.46543,17.86558,2,[201.999,126.6876]]],[163,[11.09165,21.34305,1,[204.999,135.6863]]],[59,[11.29437,20.91047,1,[201.999,127.7151]]],[182,[21.05151,28.494,1,[203.9991,132.8652]]],[0,[18.92178,28.7113,1,[201.999,127.7728]]],[72,[9.552992,18.54088,1,[201.999,127.9285]]],[45,[12.70685,22.63786,1,[201.999,127.652]]],[28,[15.73806,21.63317,1,[201.999,127.1854]]],[9,[16.42424,26.23047,1,[202.999,128.3681]]],[57,[9.977477,18.78626,1,[201.999,127.0499]]],[44,[11.88925,21.33011,1,[201.999,127.7511]]],[181,[20.17117,22.63856,1,[204.9993,135.7144]]],[40,[15.02339,19.26348,2,[201.999,126.9882]]],[178,[8.96928,17.86778,2,[204.999,136.3951]]],[174,[13.91613,22.75819,1,[204.999,136.5822]]]
36:[152,[32.43047,62.60503,0,[195.0009,168.9749]]],[139,[33.0688,65.50609,0,[194.0009,169.0934]]],[153,[32.85647,63.21147,0,[195.0008,168.1366]]],[123,[34.36101,68.28765,0,[194.001,169.9732]]],[109,[33.81126,66.66873,0,[194.1608,169.0006]]],[94,[35.47246,68.78934,0,[194.001,169.336]]],[79,[34.30731,67.87698,0,[195.0527,168.0003]]],[138,[35.91413,70.94576,0,[194.001,170.3001]]],[124,[33.6245,64.80267,0,[195.2424,168.0005]]],[108,[34.68568,68.28259,0,[194.144,169.0003]]],[62,[37.66936,72.74897,0,[194.001,170.4965]]],[78,[36.84682,72.31607,0,[194.001,170.5053]]],[49,[36.58339,71.06395,0,[194.7816,169.0003]]],[63,[36.67285,70.95883,0,[194.001,169.4646]]],[77,[38.39897,74.4817,0,[194.001,170.4378]]],[48,[37.30177,72.26325,0,[194.001,169.5515]]],[110,[35.7016,67.88855,0,[195.001,168.3976]]],[34,[38.04531,73.74427,0,[194.001,169.5441]]],[65,[36.22747,69.29743,0,[195.001,168.1579]]],[66,[36.93668,69.76891,0,[195.1633,168.0004]]],[47,[39.08466,75.09222,0,[194.001,170.3973]]],[35,[37.4239,71.94069,0,[195.001,168.3884]]],[50,[38.11221,71.93165,0,[195.001,168.8075]]],[36,[38.8197,72.95028,0,[195.001,168.6891]]],[23,[38.67434,73.98611,0,[194.001,169.4573]]],[81,[36.25721,67.98066,0,[196.001,167.3533]]],[37,[39.57658,73.45067,0,[195.001,168.6289]]],[13,[39.34229,75.27415,0,[194.001,169.4573]]],[64,[35.41886,67.28154,0,[196.001,167.0498]]],[51,[38.45456,71.73827,0,[196.001,167.7849]]],[33,[40.50957,76.95573,0,[194.001,170.3957]]],[95,[37.15903,65.78383,0,[196.001,167.0971]]],[22,[40.04412,76.05352,0,[194.001,169.6786]]],[12,[41.08517,77.98317,0,[194.001,170.3271]]],[4,[42.05843,78.55792,0,[194.001,169.4534]]],[3,[43.77826,79.95744,0,[194.001,170.4863]]],[93,[39.73254,75.38534,0,[194.001,170.5915]]],[5,[42.4435,80.90808,0,[194.001,170.4093]]],[11,[43.05095,78.85713,0,[194.001,170.5192]]],[24,[40.62314,74.9817,0,[194.0009,169.1531]]],[10,[44.54741,80.40742,0,[194.001,170.5298]]],[96,[37.90502,68.09585,0,[196.0009,167.1683]]],[14,[41.82328,78.48412,3,[194.001,170.4842]]],[38,[41.39358,75.63901,3,[194.001,169.374]]],[125,[41.22383,65.88438,0,[196.001,167.4377]]],[67,[39.08238,71.89037,3,[196.001,167.8203]]],[97,[39.80173,69.1916,0,[196.001,166.8001]]],[15,[42.24306,78.27555,3,[195.001,168.5315]]],[52,[39.75937,73.02158,3,[196.001,167.8655]]],[167,[44.32507,77.97233,0,[195.001,168.7829]]],[25,[40.32452,75.60918,3,[195.001,168.6856]]],[157,[45.74858,82.34998,0,[194.001,169.5529]]],[53,[41.61049,74.38987,3,[195.001,168.2699]]],[176,[44.5214,74.95477,0,[196.001,167.9446]]],[111,[41.76584,67.36205,0,[196.0009,167.0961]]],[26,[45.37401,83.58747,3,[194.001,170.3798]]],[112,[38.75752,68.63683,0,[196.001,166.7724]]],[82,[40.49585,71.88387,0,[196.001,167.8718]]],[69,[44.144,81.73885,3,[194.001,169.6233]]],[184,[45.88376,80.57446,0,[195.001,168.7871]]],[68,[40.96477,73.82294,3,[195.0009,168.3583]]],[155,[45.0879,70.8168,0,[195.001,168.7737]]],[126,[43.5315,67.07996,0,[196.001,166.8113]]],[127,[42.38309,70.16145,0,[196.001,167.4284]]],[183,[46.11781,73.86149,0,[196.001,167.9003]]],[54,[42.7291,79.5618,3,[194.001,169.5087]]],[83,[42.93163,73.81535,3,[195.001,168.6493]]],[175,[46.97822,70.11894,0,[196.001,167.8299]]],[143,[48.81626,71.03938,0,[195.0009,168.6747]]],[21,[48.23718,82.58106,0,[194.001,170.2649]]],[154,[45.0323,64.49898,0,[196.001,166.8838]]],[166,[47.68742,74.94048,0,[195.001,168.7688]]],[20,[46.16362,78.61667,0,[194.001,170.5394]]],[144,[43.84158,72.60831,3,[196.001,167.811]]],[156,[47.9622,72.0307,0,[196.001,167.7709]]],[84,[43.59394,76.99058,3,[195.001,168.7038]]],[140,[46.46956,66.96584,0,[196.001,167.0268]]],[164,[44.29223,62.47552,0,[196.001,166.887]]],[98,[40.58886,71.48257,3,[196.001,166.8082]]],[129,[43.3673,77.76143,3,[194.001,169.5979]]],[99,[47.63384,85.43269,3,[194.001,169.464]]],[80,[48.85315,69.79091,0,[196.0009,167.6782]]],[142,[45.27333,70.81978,0,[196.001,167.9383]]],[114,[43.19495,73.208,3,[196.001,167.7471]]],[128,[42.81163,69.63563,3,[196.001,166.7773]]],[165,[45.67457,64.57402,0,[196.001,166.9676]]],[168,[46.79152,84.00229,0,[195.001,168.6551]]],[39,[44.84816,83.0853,3,[194.001,169.6546]]],[173,[35.13022,60.62618,1,[195.1881,168.0002]]],[177,[49.00139,83.17141,0,[194.001,169.3789]]],[141,[49.81006,70.50245,0,[196.001,167.884]]],[6,[46.4929,84.83864,3,[194.001,169.6037]]],[2,[47.05754,82.71921,0,[194.001,170.2427]]],[113,[47.31966,70.97165,3,[196.001,167.0236]]]
27:[152,[68.71956,134.8605,0,[153.9991,202.7741]]],[139,[69.50898,137.9999,0,[153.9991,202.9531]]],[153,[69.83239,137.0041,0,[154.999,203.3054]]],[123,[70.72016,140.0224,0,[153.9991,202.5143]]],[109,[70.73013,140.3125,0,[154.999,203.543]]],[94,[71.70853,140.5421,0,[153.9991,202.5352]]],[79,[71.49826,141.9796,0,[154.999,203.6896]]],[138,[72.59474,143.1657,0,[154.2127,203.0003]]],[124,[71.9381,141.1661,0,[154.999,205.0795]]],[108,[72.60611,143.0854,0,[154.999,204.2743]]],[62,[73.93122,143.8968,0,[153.9991,202.5878]]],[78,[73.13589,143.5668,0,[153.9992,202.3172]]],[49,[73.36653,144.3419,0,[154.9991,203.7228]]],[63,[74.1627,145.3978,0,[154.9991,203.9921]]],[77,[74.51373,145.3609,0,[153.9991,202.0644]]],[48,[74.4914,145.7829,0,[154.9007,203.0005]]],[110,[73.78214,143.8627,0,[154.999,205.1764]]],[34,[75.14117,146.9119,0,[154.8272,203.0004]]],[65,[74.87272,146.3463,0,[154.999,205.1891]]],[66,[75.38147,146.0666,0,[154.9991,204.3725]]],[47,[75.29603,146.0088,0,[153.9991,202.0839]]],[35,[76.40781,149.4888,0,[154.9991,204.7481]]],[50,[75.88312,146.6687,0,[154.9991,203.5214]]],[36,[76.82668,148.277,0,[154.9991,203.9417]]],[23,[76.10344,147.559,0,[153.9991,202.6254]]],[81,[75.87926,147.0249,0,[154.999,205.7667]]],[37,[77.54519,148.6427,0,[154.9991,204.0511]]],[13,[76.9913,149.1105,0,[154.4667,203.0006]]],[64,[76.75077,148.8087,0,[155.2688,206.0003]]],[51,[77.58588,149.5352,0,[154.9991,205.4211]]],[33,[77.28622,148.4749,0,[153.9993,201.9845]]],[95,[77.17256,145.5569,0,[155.9991,206.5531]]],[22,[77.7672,149.8065,0,[154.6803,203.0006]]],[12,[78.32581,149.4687,0,[153.9992,202.1935]]],[4,[79.37704,151.6642,0,[154.9991,203.6758]]],[3,[80.55708,150.9121,0,[153.9991,202.85]]],[93,[76.54233,146.4141,0,[153.9992,202.1909]]],[5,[79.11638,151.858,0,[154.1105,203.0005]]],[11,[79.80697,149.8758,0,[153.9992,202.5101]]],[24,[78.48686,149.6371,0,[155.4653,206.0005]]],[10,[80.75565,150.4413,0,[154.9991,203.4089]]],[96,[78.99909,149.7169,0,[155.9991,209.5344]]],[14,[78.40309,150.1474,3,[154.9991,204.7577]]],[38,[79.13222,150.4049,3,[155.9991,206.7959]]],[125,[80.62682,144.0475,0,[155.9991,207.641]]],[67,[78.32764,150.0475,3,[155.9991,208.8191]]],[97,[81.14075,150.6788,0,[155.9991,209.0381]]],[15,[80.30047,153.065,3,[154.9991,205.8236]]],[52,[78.19042,149.4833,3,[155.9991,207.3103]]],[167,[82.30708,152.7946,0,[154.9991,205.86]]],[25,[79.20129,152.347,3,[155.999,208.2178]]],[157,[83.29809,154.9706,0,[154.9991,203.2471]]],[53,[79.94738,150.5996,3,[155.9991,206.982]]],[176,[83.28614,151.9955,0,[155.999,206.6064]]],[111,[83.52485,149.4598,0,[155.999,208.0796]]],[26,[82.802,154.1265,3,[154.9991,204.8771]]],[112,[79.7285,150.0656,0,[155.9991,209.5099]]],[82,[80.5503,151.7336,0,[155.9991,209.6644]]],[69,[81.71275,154.1963,3,[154.9991,204.4752]]],[184,[83.77026,155.409,0,[154.999,204.583]]],[68,[80.04429,151.376,3,[155.9991,208.4195]]],[155,[83.39041,146.16,0,[154.999,205.532]]],[126,[84.52613,148.7231,0,[155.999,207.0577]]],[127,[81.8874,148.4247,0,[155.9991,208.9051]]],[183,[84.62657,150.4967,0,[154.999,204.9]]],[54,[80.51257,152.4139,3,[155.9991,206.2554]]],[83,[81.1982,149.2647,3,[155.9991,207.7033]]],[175,[84.23296,144.3655,0,[154.999,203.7242]]],[143,[86.44089,144.0811,0,[154.3297,203.0005]]],[21,[85.85586,153.4525,0,[153.9991,202.035]]],[154,[85.71633,145.5354,0,[155.999,206.182]]],[166,[85.94157,149.5221,0,[154.999,203.8554]]],[20,[83.7272,149.2563,0,[153.9991,202.2835]]],[144,[82.68165,149.7483,3,[155.9992,208.6608]]],[156,[86.8973,147.7023,0,[154.9991,203.5029]]],[84,[81.79881,152.5506,3,[155.9991,207.4107]]],[140,[86.28724,145.3257,0,[154.9991,205.1666]]],[164,[85.26185,143.4667,0,[154.999,205.944]]],[98,[81.62345,153.2338,3,[156.9991,210.3151]]],[129,[81.22951,150.9633,3,[155.7954,206.0005]]],[99,[85.39682,158.0447,3,[154.8522,203.0005]]],[80,[87.70581,144.0069,0,[154.9991,203.6878]]],[142,[84.28189,148.4593,0,[155.2716,206.0003]]],[114,[82.70518,151.8981,3,[156.4155,210.0006]]],[128,[83.75962,150.8568,3,[156.9991,210.2259]]],[165,[85.36381,143.1211,0,[154.999,204.6545]]],[168,[84.86942,158.7592,0,[154.999,203.4561]]],[39,[82.55846,156.1105,3,[155.9991,207.017]]],[173,[88.80793,148.461,1,[153.9993,202.9044]]],[177,[86.9042,155.2377,0,[153.9991,202.2142]]],[141,[87.71168,143.2689,0,[153.9991,202.5008]]],[6,[84.47443,158.2603,3,[153.999,202.8791]]],[2,[85.03298,153.6162,0,[153.9991,202.2495]]],[113,[87.35226,150.4685,3,[155.9993,208.6114]]]
24:[152,[74.32486,145.8905,0,[144.4243,200.9992]]],[139,[75.08837,148.8662,0,[144.4535,200.9993]]],[153,[76.61094,150.4894,0,[143.0065,200.9992]]],[123,[76.16703,150.3201,0,[144.9993,200.9313]]],[109,[77.78094,154.3087,0,[142.7471,200.9993]]],[94,[76.96285,150.6987,0,[144.9993,200.8157]]],[79,[78.20836,155.0672,0,[143.4621,200.9992]]],[138,[77.98451,153.7905,0,[144.9993,200.511]]],[124,[79.43095,155.9919,0,[142.4078,200.999]]],[108,[79.04532,155.8738,0,[143.9124,200.9991]]],[62,[79.55792,154.6285,0,[144.6172,200.9993]]],[78,[78.98077,154.5681,0,[145.0368,199.9992]]],[49,[80.37835,158.2797,0,[142.9288,200.9991]]],[63,[81.1412,159.2665,0,[143.0564,200.9991]]],[77,[80.34577,156.2182,0,[144.9994,200.1572]]],[48,[80.96586,158.1955,0,[144.5666,200.9991]]],[110,[81.83541,159.576,0,[142.2842,200.999]]],[34,[81.88502,159.654,0,[143.6566,200.9992]]],[65,[82.91737,162.3004,0,[142.016,200.999]]],[66,[82.65221,160.3457,0,[143.1955,200.999]]],[47,[80.94083,156.2581,0,[145.6304,199.9992]]],[35,[83.67059,163.9355,0,[142.7217,200.9991]]],[50,[82.29533,158.9805,0,[144.5681,200.9991]]],[36,[83.46107,161.4186,0,[144.0309,200.9991]]],[23,[81.82667,158.0835,0,[144.9994,200.2036]]],[81,[84.24967,163.3044,0,[142.0008,200.999]]],[37,[83.80891,160.7904,0,[144.8135,200.9992]]],[13,[83.29846,160.6739,0,[144.9995,200.1332]]],[64,[85.13339,164.7566,0,[142.0583,200.999]]],[51,[84.71922,163.5917,0,[143.4076,200.9991]]],[33,[83.74329,158.9362,0,[145.9196,199.9992]]],[95,[85.76608,162.46,0,[142.2349,200.9992]]],[22,[85.19817,162.93,0,[143.939,200.9991]]],[12,[84.87912,160.6783,0,[144.9995,200.0529]]],[4,[86.48716,164.9584,0,[143.8207,200.9992]]],[3,[86.26323,161.6056,0,[144.9994,200.2108]]],[93,[82.41929,157.0155,0,[145.7466,199.9991]]],[5,[86.34471,165.4939,0,[142.6829,200.9993]]],[11,[85.5463,160.9267,0,[144.9996,200.1804]]],[24,[87.8679,168.2136,0,[142.5774,200.999]]],[10,[86.9229,162.2357,0,[144.7084,200.9993]]],[96,[89.97729,171.0568,0,[141.9726,200.999]]],[14,[89.51584,170.0503,3,[142.8751,200.999]]],[38,[90.60492,171.5414,3,[142.2874,200.999]]],[125,[89.00866,160.2042,0,[143.9656,200.9991]]],[67,[91.12232,173.9208,3,[141.6865,200.999]]],[97,[90.91502,169.0348,0,[143.1174,200.999]]],[15,[90.18565,171.387,3,[143.2039,200.999]]],[52,[91.82745,174.1835,3,[141.767,200.999]]],[167,[90.41108,167.0382,0,[144.2414,200.999]]],[25,[91.438,174.1013,3,[142.6828,200.999]]],[157,[89.43413,167.1072,0,[144.9996,200.1901]]],[53,[92.05494,171.8421,3,[142.7655,200.999]]],[176,[91.08887,166.9671,0,[144.1089,200.999]]],[111,[91.72978,164.8706,0,[143.9469,200.9991]]],[26,[89.76637,167.5064,3,[144.3826,200.999]]],[112,[92.48133,173.0336,0,[141.8696,200.999]]],[82,[92.90599,172.1441,0,[142.5597,200.999]]],[69,[92.49477,173.441,3,[143.4196,200.999]]],[184,[90.67557,168.4616,0,[145.2843,199.999]]],[68,[93.2257,175.9325,3,[141.6253,200.999]]],[155,[89.99315,159.0133,0,[145.4452,199.9991]]],[126,[93.40092,165.0945,0,[142.9924,200.999]]],[127,[93.02037,164.9463,0,[144.0007,200.999]]],[183,[91.83065,162.9328,0,[144.9995,200.4797]]],[54,[93.97581,174.0845,3,[143.1139,200.999]]],[83,[93.75824,170.5847,3,[141.9579,200.999]]],[175,[90.35496,155.7461,0,[146.6379,199.999]]],[143,[93.65684,157.1742,0,[144.2434,200.999]]],[21,[93.3021,165.6103,0,[145.1006,199.999]]],[154,[94.56607,161.7971,0,[143.4218,200.999]]],[166,[94.23917,163.318,0,[144.6703,200.999]]],[20,[89.45594,159.0803,0,[146.6526,199.9991]]],[144,[94.37067,171.7782,3,[142.1603,200.999]]],[156,[93.97808,160.2411,0,[145.1333,199.999]]],[84,[95.15395,174.8382,3,[142.8636,200.999]]],[140,[94.94608,159.7286,0,[144.4607,200.9991]]],[164,[92.28053,156.8635,0,[144.4926,200.999]]],[98,[94.97674,177.9895,3,[141.7691,200.999]]],[129,[95.77832,172.2112,3,[143.3184,200.999]]],[99,[95.64536,175.8525,3,[144.5735,200.999]]],[80,[94.36989,156.0159,0,[146.0738,199.999]]],[142,[91.44281,162.273,0,[145.1797,199.999]]],[114,[95.86721,175.5778,3,[142.0809,200.999]]],[128,[96.64385,173.227,3,[143.8692,200.999]]],[165,[92.58874,156.0173,0,[145.5589,199.999]]],[168,[91.82364,169.9475,0,[146.2777,199.9991]]],[39,[96.57736,181.3895,3,[142.423,200.999]]],[173,[96.29605,160.4451,1,[145.6056,199.999]]],[177,[93.45902,165.0607,0,[146.4279,199.999]]],[141,[95.16295,154.2838,0,[145.6928,199.999]]],[6,[91.73552,169.0874,3,[147.439,199.9996]]],[2,[92.53841,163.1868,0,[146.8154,199.999]]],[113,[100.2641,175.2712,3,[143.4665,200.9991]]]
18:[152,[88.59427,174.3078,0,[119.999,190.3801]]],[139,[89.40333,177.1314,0,[119.999,190.8168]]],[153,[90.50523,177.7955,0,[119.999,190.9148]]],[123,[91.08106,180.0189,0,[119.999,189.7001]]],[109,[91.58825,181.392,0,[119.999,190.9509]]],[94,[91.84396,180.2407,0,[119.999,189.3382]]],[79,[92.4299,182.551,0,[119.999,190.8652]]],[138,[92.70077,183.1397,0,[119.999,189.3137]]],[124,[93.24526,182.8284,0,[119.999,190.7299]]],[108,[94.16298,186.0135,0,[118.999,188.8607]]],[62,[94.02534,183.4496,0,[119.999,190.1683]]],[78,[94.64033,185.8336,0,[118.999,187.5934]]],[49,[94.31056,185.312,0,[119.999,191.5233]]],[63,[95.05647,186.5629,0,[119.999,190.6716]]],[77,[94.90462,185.2411,0,[119.999,189.0399]]],[48,[95.69728,187.486,0,[119.999,189.4242]]],[110,[95.80346,186.4328,0,[119.999,191.0177]]],[34,[96.96622,189.6936,0,[118.999,188.9285]]],[65,[96.51109,188.8732,0,[119.999,191.2387]]],[66,[96.97153,188.6658,0,[119.999,189.989]]],[47,[96.70455,187.7293,0,[118.999,187.4916]]],[35,[97.33909,190.7648,0,[119.999,191.2857]]],[50,[97.9838,190.2653,0,[118.999,188.7275]]],[36,[97.87452,190.1283,0,[119.999,190.0372]]],[23,[97.65414,189.6845,0,[118.999,187.332]]],[81,[98.16214,190.1958,0,[119.999,191.3693]]],[37,[98.66395,190.2681,0,[119.999,189.9207]]],[13,[98.75196,191.4934,0,[118.999,188.6478]]],[64,[98.95688,191.5856,0,[119.999,191.3041]]],[51,[99.39028,192.485,0,[119.999,189.9004]]],[33,[99.61852,190.5785,0,[118.999,188.3597]]],[95,[99.74211,189.2693,0,[119.999,191.3789]]],[22,[100.1319,191.8824,0,[119.999,189.8822]]],[12,[100.56,191.9027,0,[118.999,188.2973]]],[4,[100.5363,192.9159,0,[119.999,191.2013]]],[3,[100.9349,190.8712,0,[119.999,189.5684]]],[93,[98.72945,189.59,0,[118.999,187.1305]]],[5,[101.3121,192.686,0,[119.999,190.9809]]],[11,[101.3323,192.3727,0,[118.999,187.9394]]],[24,[102.1146,195.5481,0,[119.999,190.9369]]],[10,[101.9349,191.9219,0,[119.999,189.2678]]],[96,[103.4796,197.329,0,[119.999,191.3693]]],[14,[103.5947,198.0577,3,[119.999,189.654]]],[38,[104.2282,198.6457,3,[119.999,190.3002]]],[125,[104.5046,191.1099,0,[118.999,188.1579]]],[67,[104.6713,200.259,3,[119.999,191.4591]]],[97,[105.048,197.1801,0,[119.999,190.0749]]],[15,[105.2052,201.3708,3,[118.999,188.8129]]],[52,[105.4326,200.7651,3,[119.999,191.281]]],[167,[106.0269,197.9531,0,[118.999,188.7525]]],[25,[105.8429,202.6595,3,[119.999,189.8598]]],[157,[105.347,198.8879,0,[118.999,187.2814]]],[53,[106.2537,199.7314,3,[119.999,190.811]]],[176,[106.9513,198.5896,0,[118.999,188.6366]]],[111,[106.6664,194.5572,0,[119.999,189.6903]]],[26,[106.1484,199.4616,3,[118.999,187.4577]]],[112,[106.0479,199.2656,0,[119.999,191.93]]],[82,[106.9387,199.9248,0,[119.999,190.7531]]],[69,[107.3316,202.9292,3,[119.999,189.371]]],[184,[106.8478,200.5656,0,[118.999,187.4733]]],[68,[106.856,202.1188,3,[119.999,191.9017]]],[155,[106.4902,191.9632,0,[118.999,186.3031]]],[126,[107.5849,193.1932,0,[119.999,190.5301]]],[127,[108.0444,194.8574,0,[119.999,189.234]]],[183,[107.9556,195.0258,0,[118.999,188.1648]]],[54,[108.1914,202.1554,3,[119.999,190.6848]]],[83,[107.6382,196.9693,3,[119.999,191.8503]]],[175,[107.6485,190.0728,0,[118.999,187.0685]]],[143,[108.6426,186.963,0,[119.999,189.7976]]],[21,[109.2031,197.3059,0,[118.999,188.6398]]],[154,[108.8953,190.1179,0,[119.999,190.8935]]],[166,[109.414,193.5493,0,[119.999,189.4995]]],[20,[107.1518,194.0771,0,[118.999,186.2548]]],[144,[108.3817,198.2311,3,[119.999,191.867]]],[156,[109.8301,191.8831,0,[118.999,188.2049]]],[84,[109.6117,203.0668,3,[119.999,190.7535]]],[140,[110.1186,189.9426,0,[119.999,189.8734]]],[164,[108.6236,189.4258,0,[118.999,187.8296]]],[98,[109.1362,204.5224,3,[119.999,192.0936]]],[129,[110.4949,199.8854,3,[119.999,191.0348]]],[99,[110.7409,205.5501,3,[119.999,189.2459]]],[80,[110.6831,188.5692,0,[118.999,188.4784]]],[142,[108.372,195.5135,0,[118.999,186.5618]]],[114,[109.8721,202.0535,3,[119.999,191.8353]]],[128,[111.3324,202.2163,3,[119.999,190.0739]]],[165,[109.2798,189.2535,0,[118.999,187.3672]]],[168,[109.3082,204.6817,0,[118.999,186.1884]]],[39,[111.1357,208.2322,3,[119.999,191.4982]]],[173,[112.0125,191.7484,1,[118.999,188.5636]]],[177,[110.3267,198.7069,0,[118.999,187.4295]]],[141,[111.4191,186.4698,0,[118.999,187.5266]]],[6,[111.917,207.2641,3,[119.999,191.0585]]],[2,[110.2386,198.2012,0,[118.999,186.2379]]],[113,[114.3522,203.2414,3,[119.999,190.2882]]]
7:[152,[113.4008,223.756,0,[70.999,193.9905]]],[139,[114.2371,226.6203,0,[70.999,194.0546]]],[153,[115.2127,227.1069,0,[70.999,194.2198]]],[123,[115.9921,229.6152,0,[70.999,193.8634]]],[109,[116.4698,231.0284,0,[70.999,195.3992]]],[94,[116.8198,229.901,0,[70.999,193.8116]]],[79,[117.2872,232.1143,0,[70.999,195.3503]]],[138,[117.6761,232.783,0,[70.999,193.7767]]],[124,[118.1749,232.5148,0,[70.999,195.2566]]],[108,[118.5804,234.6529,0,[70.99901,193.5478]]],[62,[118.8805,233.0373,0,[70.999,195.0105]]],[78,[119.4562,235.0435,0,[70.99901,193.893]]],[49,[119.8528,235.9721,0,[69.999,196.1232]]],[63,[119.9568,236.2082,0,[70.99901,195.0196]]],[77,[120.1246,234.9253,0,[70.99901,193.1755]]],[48,[120.7993,237.2791,0,[70.999,194.162]]],[110,[120.7203,236.1002,0,[70.999,195.6869]]],[34,[121.4115,238.3026,0,[70.99902,193.2031]]],[65,[121.9226,239.4967,0,[69.999,196.1362]]],[66,[121.8659,238.2947,0,[70.999,194.87]]],[47,[122.112,237.3229,0,[70.999,193.3515]]],[35,[122.8017,241.4608,0,[69.999,196.2833]]],[50,[122.778,239.1481,0,[70.99901,194.0752]]],[36,[122.826,239.9523,0,[70.999,195.387]]],[23,[122.7336,238.3966,0,[71.87188,192.9998]]],[81,[123.7691,241.0879,0,[69.999,196.3638]]],[37,[123.5556,239.9548,0,[70.99901,194.8017]]],[13,[123.8841,240.2657,0,[70.99901,193.347]]],[64,[124.4384,242.2604,0,[70.0422,195.9999]]],[51,[124.394,242.3434,0,[70.99901,194.7664]]],[33,[124.6007,239.5156,0,[70.99902,193.2021]]],[95,[125.256,240.0501,0,[69.999,196.2691]]],[22,[125.0567,241.5302,0,[70.999,194.8446]]],[12,[125.4085,240.6469,0,[70.999,193.3915]]],[4,[126.0092,243.6072,0,[69.999,196.0333]]],[3,[125.893,240.6376,0,[70.999,194.6553]]],[93,[126.3876,240.2751,0,[70.99901,193.2805]]],[5,[126.8269,243.4867,0,[69.999,196.0004]]],[11,[126.722,242.2168,0,[70.99901,194.6762]]],[24,[127.1832,245.3744,0,[70.99901,195.9711]]],[10,[127.352,241.6548,0,[70.99901,193.572]]],[96,[128.2677,246.7689,0,[70.999,195.3836]]],[14,[128.4314,247.5389,3,[70.999,193.7096]]],[38,[129.0639,248.2623,3,[70.99901,195.1465]]],[125,[129.2893,240.2509,0,[70.99901,193.5961]]],[67,[130.0859,250.9017,3,[69.99901,196.1663]]],[97,[129.9583,246.836,0,[70.999,194.8478]]],[15,[130.1315,250.1059,3,[70.99901,193.2552]]],[52,[130.8544,251.3844,3,[69.999,196.3765]]],[167,[130.8257,247.0794,0,[70.99901,193.9767]]],[25,[130.8637,252.5888,3,[70.99901,195.2988]]],[157,[130.7016,247.3296,0,[71.99903,192.8816]]],[53,[131.8152,250.6883,3,[70.06136,195.9999]]],[176,[131.7748,247.7528,0,[70.99902,193.7214]]],[111,[131.7618,244.5869,0,[70.99901,194.9317]]],[26,[131.5716,248.0888,3,[71.99902,192.7232]]],[112,[132.207,250.502,0,[69.999,196.916]]],[82,[132.1413,249.9703,0,[70.999,195.9108]]],[69,[132.5644,253.1593,3,[70.99901,194.872]]],[184,[132.593,250.7846,0,[70.99902,193.6648]]],[68,[133.0067,253.4163,3,[69.999,196.8994]]],[155,[132.3763,241.7791,0,[71.99903,192.6731]]],[126,[132.9042,243.4805,0,[70.999,195.9888]]],[127,[133.2102,245.0756,0,[70.99902,194.8194]]],[183,[133.4306,244.3557,0,[70.99902,193.6242]]],[54,[133.5965,252.3269,3,[70.99901,195.9045]]],[83,[133.8562,248.487,3,[69.999,196.9996]]],[175,[133.2297,238.7675,0,[71.99902,192.6753]]],[143,[133.934,236.9707,0,[70.99901,194.6859]]],[21,[134.2485,246.5087,0,[70.99901,193.581]]],[154,[134.2627,240.2072,0,[70.999,195.8274]]],[166,[134.6268,243.7946,0,[70.99901,194.7618]]],[20,[134.0198,244.2947,0,[71.99902,192.5717]]],[144,[134.8731,249.6107,3,[69.999,197.0412]]],[156,[134.9923,241.3976,0,[70.99902,193.6279]]],[84,[134.9913,253.3029,3,[70.999,195.9014]]],[140,[135.3956,240.1842,0,[70.99901,194.6158]]],[164,[134.8155,238.8576,0,[71.99903,192.6521]]],[98,[135.7907,255.8564,3,[69.999,196.9948]]],[129,[135.8159,250.165,3,[70.999,195.9732]]],[99,[136.0423,255.9485,3,[70.99901,194.7806]]],[80,[136.1342,237.9804,0,[70.99901,193.577]]],[142,[135.4941,246.1004,0,[71.99904,192.6555]]],[114,[136.7271,253.8945,3,[69.999,196.7455]]],[128,[136.5795,252.556,3,[70.99901,195.4908]]],[165,[136.8653,240.4609,0,[70.99902,194.1009]]],[168,[136.3109,254.9799,0,[71.99902,192.8992]]],[39,[137.4666,259.5386,3,[69.999,196.5654]]],[173,[137.306,241.9651,1,[70.999,195.3592]]],[177,[137.489,249.7535,0,[71.16267,192.9998]]],[141,[137.7643,237.5784,0,[70.99901,194.304]]],[6,[137.9454,258.1452,3,[70.999,195.9629]]],[2,[138.4234,250.9687,0,[70.99902,193.3793]]],[113,[139.2261,252.7678,3,[70.999,194.0172]]]
3:[152,[125.934,248.8222,0,[45.999,192.1783]]],[139,[126.7717,251.6896,0,[45.999,192.1985]]],[153,[127.7418,252.1651,0,[45.999,192.5547]]],[123,[128.542,254.7141,0,[45.999,191.6757]]],[109,[128.5267,255.1415,0,[46.999,193.082]]],[94,[129.3802,255.021,0,[45.999,191.3753]]],[79,[129.3384,256.2156,0,[46.999,193.1554]]],[138,[130.2279,257.8853,0,[45.999,191.5268]]],[124,[130.1995,256.5637,0,[46.999,193.8633]]],[108,[131.1258,259.7412,0,[45.999,191.4975]]],[62,[130.9213,257.1186,0,[46.999,193.0549]]],[78,[132.0048,260.14,0,[45.999,191.732]]],[49,[131.3903,259.0469,0,[46.999,194.3022]]],[63,[131.9998,260.2935,0,[46.999,193.0253]]],[77,[132.6958,260.0459,0,[45.999,191.0402]]],[48,[133.3529,262.3845,0,[45.999,191.9656]]],[110,[132.7691,260.1964,0,[46.999,193.6546]]],[34,[133.9899,263.4505,0,[45.999,190.8916]]],[65,[133.4594,262.5693,0,[46.999,194.4383]]],[66,[134.4087,263.3784,0,[45.999,192.9075]]],[47,[134.6576,262.4099,0,[45.999,191.3565]]],[35,[134.3297,264.5166,0,[46.999,194.8084]]],[50,[135.329,264.2448,0,[45.999,192.009]]],[36,[134.8646,264.0276,0,[46.999,193.572]]],[23,[135.763,264.4116,0,[45.999,190.7302]]],[81,[135.2988,264.1467,0,[46.999,194.8447]]],[37,[136.1074,265.0565,0,[45.999,192.6019]]],[13,[136.4374,265.3668,0,[45.999,191.1902]]],[64,[136.0105,265.4028,0,[46.999,193.9265]]],[51,[136.9657,267.4807,0,[45.999,192.3611]]],[33,[137.1937,264.6727,0,[45.999,190.8499]]],[95,[136.7876,263.113,0,[46.999,194.6686]]],[22,[137.0932,265.6011,0,[46.999,193.0563]]],[12,[137.9547,265.7323,0,[45.999,191.3759]]],[4,[137.546,266.6805,0,[46.999,194.2601]]],[3,[138.4379,265.7267,0,[45.999,192.5888]]],[93,[138.9431,265.3792,0,[45.999,191.088]]],[5,[138.3715,266.5753,0,[46.999,194.0403]]],[11,[139.2743,267.3204,0,[45.999,192.451]]],[24,[139.2368,269.4809,0,[46.999,193.7438]]],[10,[139.9131,266.7726,0,[45.999,191.2851]]],[96,[140.315,270.8629,0,[46.999,193.2838]]],[14,[140.982,272.6392,3,[45.999,191.4917]]],[38,[141.6239,273.3812,3,[45.999,192.7465]]],[125,[141.8521,265.3707,0,[45.999,191.1902]]],[67,[141.6393,274.0073,3,[46.999,194.0319]]],[97,[142.5196,271.9569,0,[45.999,192.5009]]],[15,[142.6966,275.2274,3,[45.999,190.9527]]],[52,[142.3985,274.4716,3,[46.999,194.5023]]],[167,[143.3916,272.2022,0,[45.999,191.7592]]],[25,[142.9151,276.6891,3,[46.999,193.2534]]],[157,[143.8217,273.4941,0,[45.999,190.5963]]],[53,[143.3784,273.812,3,[46.999,194.4449]]],[176,[144.3454,272.8791,0,[45.999,191.7066]]],[111,[143.8079,268.6741,0,[46.999,193.1253]]],[26,[144.7333,274.2904,3,[45.999,190.5136]]],[112,[143.7405,273.5415,0,[46.999,195.7963]]],[82,[144.1716,274.0268,0,[46.999,194.4244]]],[69,[144.6104,277.2456,3,[46.999,193.1453]]],[184,[145.1695,275.9189,0,[45.999,191.7239]]],[68,[144.5423,276.4568,3,[46.999,195.7966]]],[155,[145.5627,268.009,0,[45.999,190.4862]]],[126,[144.9384,267.5456,0,[46.999,194.4511]]],[127,[145.7705,270.1883,0,[45.999,192.9533]]],[183,[146.0154,269.5085,0,[45.999,191.6277]]],[54,[145.6403,276.4078,3,[46.999,194.2733]]],[83,[145.3888,271.5281,3,[46.999,195.753]]],[175,[146.4206,265.0207,0,[45.999,190.4357]]],[143,[146.4983,262.0927,0,[45.999,192.8325]]],[21,[146.852,271.6859,0,[45.999,191.5906]]],[154,[146.3185,264.3016,0,[46.999,194.2039]]],[166,[147.1994,268.9313,0,[45.999,192.917]]],[20,[147.26,270.596,0,[45.999,190.425]]],[144,[146.4341,272.6703,3,[46.999,195.6915]]],[156,[147.6081,266.6058,0,[45.999,191.7167]]],[84,[147.0437,277.3991,3,[46.999,194.2728]]],[140,[147.9748,265.3342,0,[45.999,192.9397]]],[164,[148.0819,265.2667,0,[45.999,190.7171]]],[98,[147.3396,278.9081,3,[46.999,195.6906]]],[129,[147.86,274.247,3,[46.999,194.3741]]],[99,[148.607,281.0605,3,[45.999,192.94]]],[80,[148.7276,263.134,0,[45.999,191.6357]]],[142,[148.7615,272.3877,0,[45.999,190.2974]]],[114,[148.2774,276.9507,3,[46.999,195.6107]]],[128,[148.6176,276.6281,3,[46.999,193.9289]]],[165,[149.4198,265.5621,0,[45.999,192.3428]]],[168,[149.4348,281.175,0,[45.999,190.8362]]],[39,[148.9971,282.5914,3,[46.999,195.1752]]],[173,[149.3453,266.0412,1,[46.999,193.6258]]],[177,[150.1461,275.0474,0,[45.999,190.8738]]],[141,[150.3152,262.6768,0,[45.999,192.3466]]],[6,[149.9781,282.21,3,[46.999,194.3449]]],[2,[150.9829,276.0799,0,[45.999,191.3304]]],[113,[151.7603,277.8362,3,[45.999,192.1757]]]
32:[100,[18.58512,37.07113,2,[180.999,130.4793]]],[130,[18.15119,36.29173,2,[181.999,133.0556]]],[115,[18.58121,37.12852,2,[180.999,131.7219]]],[131,[18.81338,37.48098,2,[181.999,132.9992]]],[116,[19.21551,38.35686,2,[180.999,131.9533]]],[145,[18.864,37.60665,2,[181.999,134.0988]]],[133,[19.94329,39.65317,2,[181.999,132.711]]],[118,[20.57423,40.75205,1,[180.999,131.8564]]],[101,[19.29648,38.3376,2,[180.999,130.8911]]],[146,[19.66163,38.95024,2,[181.999,134.0603]]],[103,[20.90617,40.63562,1,[180.999,130.9577]]],[132,[19.38985,38.71867,2,[181.999,133.1118]]],[134,[20.54012,40.7562,1,[181.999,132.8428]]],[119,[21.2839,41.87906,1,[180.999,131.992]]],[85,[19.10355,37.3478,2,[180.999,129.8352]]],[149,[21.69768,41.91351,1,[181.999,133.4487]]],[102,[19.93792,39.48177,2,[180.999,130.8845]]],[147,[20.25827,39.77607,2,[181.999,133.8903]]],[117,[19.33794,38.62288,2,[181.999,132.0118]]],[88,[21.7191,40.96918,1,[180.999,131.055]]],[160,[22.366,41.30767,1,[181.999,133.8241]]],[148,[20.95635,40.83853,1,[181.999,133.7531]]],[120,[22.04097,42.25552,1,[181.999,132.6084]]],[161,[23.2739,42.19795,1,[181.999,133.636]]],[136,[22.82546,43.12282,1,[181.999,132.8479]]],[121,[23.49813,44.27857,1,[180.999,131.8254]]],[104,[21.97589,41.68598,1,[181.2201,132.0003]]],[89,[22.60555,42.08122,1,[180.999,130.5362]]],[135,[21.2248,41.87574,1,[181.999,132.5591]]],[159,[21.74024,40.14083,2,[181.999,134.5278]]],[107,[24.78333,44.61857,1,[181.9991,133.4362]]],[150,[23.46833,43.50869,1,[181.999,132.4042]]],[162,[23.93318,43.75902,1,[181.999,133.4238]]],[87,[21.08397,39.58221,2,[180.999,129.9592]]],[91,[24.18931,43.30355,1,[181.9991,132.3183]]],[137,[25.4581,45.0222,1,[181.999,133.384]]],[170,[22.88052,41.68084,2,[181.999,134.5596]]],[105,[22.63354,43.05712,1,[180.999,131.5418]]],[61,[25.05482,43.98272,1,[181.999,132.4974]]],[106,[24.38013,44.36335,1,[180.9991,131.6199]]],[171,[23.68796,42.4326,1,[181.999,134.4772]]],[172,[25.13486,44.47675,1,[181.999,134.5252]]],[32,[25.74105,44.91362,1,[181.999,132.2999]]],[76,[25.19187,44.37779,1,[180.999,131.7192]]],[86,[19.71657,38.43962,2,[180.999,129.8694]]],[31,[27.68246,45.17403,1,[181.999,133.1142]]],[43,[26.40441,42.036,1,[181.9991,132.1551]]],[158,[25.91912,41.00119,2,[181.999,134.2303]]],[46,[25.9321,45.08027,1,[180.999,131.5615]]],[19,[27.78256,46.34086,1,[181.999,132.0627]]],[180,[27.46766,45.03504,1,[181.999,134.1371]]],[29,[27.25827,43.29217,1,[181.6292,132.0001]]],[179,[24.4173,43.68808,1,[181.999,134.2473]]],[60,[26.84572,43.7233,1,[180.999,131.375]]],[55,[28.0406,40.2365,2,[180.999,131.2336]]],[90,[23.71033,43.45886,1,[180.999,130.6378]]],[92,[26.211,44.86109,1,[181.999,133.2898]]],[151,[26.73339,45.70125,1,[181.999,134.1402]]],[70,[27.7644,39.44235,2,[180.9991,130.0661]]],[75,[25.1249,43.66762,1,[180.999,130.6508]]],[18,[28.3868,46.4661,1,[181.999,133.0646]]],[41,[28.95564,41.79227,2,[180.999,131.086]]],[71,[21.93535,39.09978,2,[180.999,129.4693]]],[17,[29.07219,45.91259,1,[181.999,132.939]]],[7,[30.62222,47.09547,1,[181.9991,132.0549]]],[8,[29.6806,47.83786,1,[181.999,133.3723]]],[1,[30.26241,50.39375,1,[181.999,132.8518]]],[73,[26.7487,41.99062,1,[180.9995,130.0674]]],[122,[28.27719,46.99761,1,[181.999,134.162]]],[27,[29.53212,42.58259,1,[181.999,132.1549]]],[58,[31.97258,48.24166,1,[180.999,131.6042]]],[74,[26.12302,43.24787,1,[180.999,130.5678]]],[30,[26.96219,43.78804,1,[181.999,133.1132]]],[169,[30.22323,43.13438,2,[181.999,134.1719]]],[42,[30.46667,43.49295,1,[180.9991,131.4334]]],[16,[31.68006,46.25351,1,[181.999,132.7718]]],[56,[29.63783,43.99644,2,[180.999,131.4261]]],[163,[32.76522,60.46615,1,[181.999,132.8564]]],[59,[31.8728,46.92212,1,[180.999,130.2989]]],[182,[33.04057,51.9561,1,[180.999,131.6166]]],[0,[33.13132,50.65556,1,[180.9991,130.3535]]],[72,[24.30508,40.24893,1,[180.999,129.6283]]],[45,[28.74313,44.20911,1,[180.999,129.7539]]],[28,[28.70104,42.94224,1,[181.8101,132.0002]]],[9,[29.12923,48.58018,1,[181.999,134.0972]]],[57,[31.12015,44.01299,1,[180.999,131.0097]]],[44,[30.75307,44.01632,1,[180.999,129.943]]],[181,[38.81541,56.28588,1,[181.999,132.2023]]],[40,[29.84662,41.40571,2,[180.999,130.1743]]],[178,[30.94852,46.29582,2,[181.999,133.5225]]],[174,[50.52606,76.36897,1,[181.999,132.067]]]
30:[100,[31.5397,62.77926,2,[166.9996,111.8843]]],[130,[32.95667,65.81281,2,[165.744,112.999]]],[115,[32.10515,64.09343,2,[165.9997,112.901]]],[131,[33.35079,66.44939,2,[166.7952,111.999]]],[116,[32.73989,65.28205,2,[166.9997,111.7267]]],[145,[33.86958,67.484,2,[165.9997,112.664]]],[133,[34.50701,68.58651,2,[165.8932,112.999]]],[118,[34.70658,68.41489,1,[166.9997,111.0799]]],[101,[32.45543,64.11294,2,[167.9132,110.9991]]],[146,[35.13088,69.73211,2,[165.641,112.9991]]],[103,[35.02488,67.78375,1,[166.8597,111.999]]],[132,[33.90901,67.43027,2,[167.7925,110.999]]],[134,[35.96407,71.17398,1,[166.1807,111.999]]],[119,[36.14782,70.55687,1,[167.1497,110.999]]],[85,[34.43847,63.12706,2,[168.6226,110.999]]],[149,[37.33329,72.41121,1,[166.3584,111.999]]],[102,[33.57965,64.94797,2,[169.297,110.999]]],[147,[36.09217,71.07465,2,[165.6162,112.9991]]],[117,[33.07326,65.88834,2,[168.3589,110.999]]],[88,[35.32231,67.65239,1,[167.9556,110.999]]],[160,[38.0965,71.9985,1,[166.0113,111.999]]],[148,[36.89098,72.26848,1,[165.427,112.999]]],[120,[37.14885,71.64471,1,[167.3392,110.999]]],[161,[38.85346,72.96511,1,[166.1524,111.999]]],[136,[37.91855,72.73119,1,[167.1307,110.999]]],[121,[37.64755,71.2012,1,[168.4329,110.999]]],[104,[36.17926,69.42142,1,[168.3751,110.999]]],[89,[36.9322,68.45809,1,[168.621,110.9991]]],[135,[36.53008,72.07857,1,[166.5597,111.9991]]],[159,[38.22982,71.94569,2,[165.4117,112.999]]],[107,[40.15894,74.92654,1,[166.5013,111.999]]],[150,[38.56535,72.83382,1,[166.9997,111.6653]]],[162,[39.38356,73.9846,1,[166.4935,111.999]]],[87,[35.39281,65.13263,2,[169.2772,110.999]]],[91,[39.3069,72.68096,1,[167.5041,110.999]]],[137,[40.8138,75.00625,1,[166.9997,111.4876]]],[170,[39.0188,73.52555,2,[165.5515,112.999]]],[105,[36.15879,68.96538,1,[169.7647,110.999]]],[61,[40.04593,73.38745,1,[167.2559,110.999]]],[106,[38.39288,71.59691,1,[167.8071,110.999]]],[171,[39.64619,73.69366,1,[165.5638,112.999]]],[172,[41.17256,76.03654,1,[165.9998,112.0204]]],[32,[40.51612,73.6721,1,[167.8227,110.999]]],[76,[38.7508,70.87228,1,[168.5937,110.999]]],[86,[37.144,64.43391,2,[169.7019,110.999]]],[31,[42.94335,75.12694,1,[166.9997,111.6788]]],[43,[41.55983,71.50893,1,[166.9998,111.3042]]],[158,[41.94219,72.60136,2,[165.4301,112.999]]],[46,[39.60041,71.61462,1,[168.5696,110.999]]],[19,[42.65834,75.15292,1,[167.6894,110.999]]],[180,[43.5788,76.55077,1,[166.3578,111.9991]]],[29,[42.02814,71.99139,1,[166.755,111.999]]],[179,[40.34303,75.12672,1,[165.5415,112.9991]]],[60,[40.28744,69.8907,1,[169.0498,110.999]]],[55,[41.93946,67.35461,2,[167.9116,110.999]]],[90,[38.00949,68.63478,1,[169.3813,110.999]]],[92,[41.29726,74.57533,1,[165.9817,112.9991]]],[151,[43.0206,77.61542,1,[165.4941,112.999]]],[70,[41.49782,64.6225,2,[169.511,110.999]]],[75,[38.86703,68.59068,1,[169.7664,110.9991]]],[18,[43.7954,76.78441,1,[167.2622,110.9991]]],[41,[42.16118,67.6712,2,[168.9765,110.999]]],[71,[40.75708,64.8045,2,[169.7229,110.9991]]],[17,[44.2348,75.85992,1,[166.3183,111.999]]],[7,[45.80563,76.16624,1,[166.6535,111.999]]],[8,[45.03103,78.21785,1,[166.2542,111.999]]],[1,[45.44421,80.16681,1,[167.1399,110.999]]],[73,[41.20571,69.16236,1,[168.2618,110.999]]],[122,[44.10134,78.10114,1,[165.5269,112.999]]],[27,[44.54135,71.88834,1,[167.2496,110.999]]],[58,[45.95944,75.41122,1,[167.7797,110.999]]],[74,[39.61781,68.24216,1,[169.8963,110.999]]],[30,[42.71146,74.51302,1,[165.9997,112.2696]]],[169,[45.67236,73.43063,2,[165.6073,112.999]]],[42,[44.48448,70.38428,1,[168.4891,110.999]]],[16,[46.79621,75.82334,1,[167.2885,110.999]]],[56,[43.83667,71.03188,2,[168.4373,110.9991]]],[163,[47.33289,89.20605,1,[166.4078,111.9991]]],[59,[45.65602,72.24492,1,[169.3306,110.999]]],[182,[46.40646,78.36951,1,[168.8023,110.999]]],[0,[47.37936,77.17632,1,[167.9062,110.9991]]],[72,[44.06839,66.27648,1,[169.746,110.999]]],[45,[42.61615,69.81114,1,[169.6475,110.999]]],[28,[43.12628,71.23438,1,[168.3515,110.999]]],[9,[44.94838,79.83451,1,[165.5047,112.999]]],[57,[45.20258,70.82789,1,[168.3434,110.999]]],[44,[44.86024,69.20287,1,[169.6283,110.9991]]],[181,[52.4642,83.32064,1,[166.9561,111.9991]]],[40,[43.33801,67.10876,2,[169.6291,110.999]]],[178,[46.63084,76.83768,2,[166.1546,111.999]]],[174,[64.61451,104.3931,1,[166.9996,111.1542]]]
26:[100,[44.65003,88.87845,2,[148.999,97.68394]]],[130,[46.07285,91.65105,2,[148.999,98.81767]]],[115,[45.36905,90.40773,2,[148.999,97.94431]]],[131,[46.93996,93.24381,2,[148.999,96.71799]]],[116,[46.18338,91.84342,2,[148.999,97.40866]]],[145,[46.94912,93.2943,2,[148.999,98.21049]]],[133,[47.63602,94.47169,2,[148.999,98.93934]]],[118,[47.79371,94.30469,1,[148.999,97.58128]]],[101,[46.72179,92.6028,2,[147.999,95.9203]]],[146,[48.38408,95.62639,2,[148.999,98.59206]]],[103,[48.60609,94.49453,1,[148.999,97.29935]]],[132,[47.65879,94.77351,2,[148.999,96.20867]]],[134,[49.0477,96.69656,1,[148.999,98.59133]]],[119,[49.41457,96.95016,1,[148.999,97.16057]]],[85,[48.98475,92.12165,2,[147.999,95.98843]]],[149,[50.44983,98.28245,1,[148.999,97.62181]]],[102,[48.913,95.55242,2,[147.999,94.5443]]],[147,[49.78958,96.93521,2,[148.999,98.43948]]],[117,[47.71013,95.09222,2,[147.999,95.10159]]],[88,[49.80394,96.54154,1,[147.999,95.69324]]],[160,[51.54838,98.10128,1,[148.999,97.92403]]],[148,[50.83442,97.95743,1,[148.999,98.64863]]],[120,[50.8229,98.72268,1,[148.999,96.11655]]],[161,[52.24699,98.81659,1,[148.999,98.13353]]],[136,[51.16057,99.04655,1,[148.999,97.09872]]],[121,[51.77368,99.32935,1,[148.999,96.2879]]],[104,[50.93827,98.62231,1,[147.999,95.09204]]],[89,[51.91652,98.35445,1,[147.999,95.25077]]],[135,[50.15648,98.90472,1,[148.999,96.41345]]],[159,[51.67998,97.55282,2,[148.999,99.09606]]],[107,[53.61223,101.4532,1,[148.999,97.71841]]],[150,[52.2573,99.867,1,[148.999,96.97726]]],[162,[52.92871,100.1966,1,[148.999,98.0295]]],[87,[50.81775,95.90959,2,[147.999,93.782]]],[91,[52.9507,99.58577,1,[148.999,96.77048]]],[137,[54.35534,101.4062,1,[148.999,97.27956]]],[170,[52.47037,98.97366,2,[148.999,99.23523]]],[61,[53.77929,100.5337,1,[148.999,96.41714]]],[106,[53.02259,100.6378,1,[147.999,95.70916]]],[171,[53.23719,99.34591,1,[148.999,99.12471]]],[172,[54.74076,101.656,1,[148.999,98.12818]]],[32,[54.59323,101.2994,1,[148.999,96.13393]]],[76,[53.74249,100.6052,1,[147.999,95.52313]]],[86,[52.94955,95.96723,2,[147.999,94.30107]]],[31,[56.35465,101.3327,1,[148.999,98.06734]]],[43,[55.18274,98.39389,1,[148.999,96.61742]]],[158,[55.68972,98.67708,2,[148.999,98.90796]]],[46,[54.64564,101.6281,1,[147.999,95.23389]]],[19,[56.1717,101.9646,1,[148.999,97.01991]]],[180,[56.99044,102.727,1,[148.999,97.62828]]],[29,[55.41155,98.52673,1,[148.999,97.76575]]],[179,[54.03602,100.9765,1,[148.999,98.69831]]],[60,[55.56767,100.3777,1,[147.999,95.21365]]],[55,[55.89634,95.14497,2,[148.999,96.00271]]],[90,[53.78606,100.0817,1,[147.999,94.12168]]],[92,[54.96379,100.1377,1,[148.999,99.21259]]],[151,[57.29226,103.2999,1,[148.999,98.7422]]],[70,[57.03818,95.61221,2,[147.999,95.05356]]],[75,[54.87982,100.5601,1,[147.999,93.99597]]],[18,[57.31962,103.6641,1,[148.999,96.49945]]],[41,[56.68129,96.35426,2,[148.999,96.29311]]],[71,[56.74054,96.68887,2,[147.999,93.79981]]],[17,[57.8884,102.0316,1,[148.999,97.66193]]],[7,[59.33663,102.4249,1,[148.999,98.11868]]],[8,[58.60001,104.2822,1,[148.999,97.94738]]],[1,[58.86238,106.8586,1,[148.999,96.89919]]],[73,[56.18903,98.81716,1,[147.999,94.85755]]],[122,[58.09275,103.7212,1,[148.999,98.92143]]],[27,[58.03849,98.72047,1,[148.999,96.34132]]],[58,[59.62379,102.504,1,[148.999,97.07628]]],[74,[55.82996,100.5762,1,[147.999,93.72676]]],[30,[56.53317,99.53838,1,[148.999,99.11449]]],[169,[59.74918,99.04141,2,[148.999,99.20409]]],[42,[59.25869,99.74768,1,[147.999,95.73261]]],[16,[60.41479,102.8437,1,[148.999,97.10786]]],[56,[58.76838,100.8288,2,[147.999,95.04768]]],[163,[60.82932,114.7416,1,[148.999,98.56357]]],[59,[60.79561,102.4283,1,[147.999,95.83432]]],[182,[61.58423,108.5509,1,[147.999,95.85463]]],[0,[61.19463,103.9801,1,[148.999,97.35074]]],[72,[59.83131,97.71058,1,[147.999,94.67187]]],[45,[58.52796,101.566,1,[147.999,93.77216]]],[28,[57.98085,100.8718,1,[147.999,95.09587]]],[9,[58.90565,105.4086,1,[148.999,99.06813]]],[57,[60.0329,100.4094,1,[147.999,95.92843]]],[44,[60.73143,100.8716,1,[147.999,94.40288]]],[181,[65.65398,109.4708,1,[148.999,98.02325]]],[40,[59.274,98.93049,2,[147.999,93.93177]]],[178,[60.12703,103.0373,2,[148.999,98.22281]]],[174,[77.38086,129.724,1,[148.999,98.26052]]]
20:[100,[55.57859,110.5604,2,[132.8262,108.001]]],[130,[57.17008,113.3813,2,[133.3335,109.001]]],[115,[56.75365,113.0115,2,[131.724,108.001]]],[131,[58.50943,116.3067,2,[131.9675,108.001]]],[116,[57.66737,114.7273,2,[131.7665,108.001]]],[145,[58.13332,115.5072,2,[133.3811,109.001]]],[133,[58.75841,115.9186,2,[133.335,109.001]]],[118,[58.98595,116.2571,1,[132.6922,108.001]]],[101,[58.66333,116.4516,2,[130.5775,108.001]]],[146,[59.57551,116.9636,2,[134.0659,109.001]]],[103,[59.80845,116.6599,1,[132.6367,108.001]]],[132,[59.6283,118.6353,2,[131.3849,108.001]]],[134,[60.4741,118.0607,1,[133.8064,109.001]]],[119,[60.65587,119.3061,1,[132.7873,108.001]]],[85,[60.56172,115.1981,2,[131.4404,108.001]]],[149,[61.64605,120.5103,1,[132.8747,108.001]]],[102,[61.45203,120.5558,2,[130.2433,108.001]]],[147,[61.34342,118.5811,2,[134.086,109.001]]],[117,[60.18503,119.9819,2,[130.2297,108.001]]],[88,[61.46025,119.7779,1,[131.6465,108.001]]],[160,[63.01651,119.8707,1,[133.7185,109.001]]],[148,[62.0764,119.2966,1,[134.1153,109.001]]],[120,[62.89695,122.1915,1,[132.4795,108.001]]],[161,[63.58522,120.6488,1,[132.7634,108.001]]],[136,[62.27757,121.1459,1,[132.5145,108.001]]],[121,[63.56682,122.8046,1,[131.5356,108.001]]],[104,[63.26445,123.223,1,[130.3533,108.001]]],[89,[64.12165,122.7161,1,[130.3536,108.001]]],[135,[62.37304,123.2836,1,[131.1024,108.001]]],[159,[63.81023,118.6628,2,[133.8796,109.001]]],[107,[64.91272,123.5269,1,[132.9551,108.001]]],[150,[64.50527,123.9691,1,[131.2538,108.001]]],[162,[64.27056,122.4037,1,[132.4433,108.001]]],[87,[64.17059,122.5624,2,[129.0283,108.001]]],[91,[65.00591,123.2974,1,[131.8393,108.001]]],[137,[65.97578,124.4784,1,[133.4484,109.001]]],[170,[64.56528,120.3305,2,[133.7551,109.001]]],[105,[64.99896,126.5589,1,[129.6435,108.001]]],[61,[65.65287,124.1693,1,[132.2467,108.001]]],[106,[65.37315,125.2717,1,[130.8046,108.001]]],[171,[65.22953,120.6313,1,[134.0292,109.001]]],[172,[66.1984,123.5973,1,[132.928,108.001]]],[32,[66.58324,125.179,1,[131.9593,108.001]]],[76,[66.06127,124.8938,1,[131.1817,108.001]]],[86,[66.20908,122.4342,2,[129.8304,108.001]]],[31,[68.23811,123.8741,1,[133.1527,109.001]]],[43,[67.24127,122.0523,1,[131.6769,108.001]]],[158,[67.67911,119.7532,2,[134.0615,109.001]]],[46,[67.06882,126.3276,1,[130.4895,108.001]]],[19,[67.88829,125.2447,1,[131.9318,108.001]]],[180,[68.37941,124.636,1,[132.9721,108.001]]],[29,[67.13539,120.3699,1,[132.8403,108.001]]],[179,[66.40079,122.2971,1,[134.2845,109.001]]],[60,[67.85699,124.8877,1,[130.6244,108.001]]],[55,[68.52013,120.2788,2,[130.5064,108.001]]],[90,[67.03465,126.5327,1,[129.1345,108.001]]],[92,[67.10764,121.4283,1,[133.7764,109.001]]],[151,[69.09088,124.5468,1,[134.1019,109.001]]],[70,[69.32098,120.1204,2,[130.742,108.001]]],[75,[68.15456,127.0493,1,[129.2641,108.001]]],[18,[69.30856,127.4341,1,[131.875,108.001]]],[41,[68.57741,120.0353,2,[131.7819,108.001]]],[71,[69.9418,123.0339,2,[130.1519,108.001]]],[17,[69.04587,123.9837,1,[132.91,108.001]]],[7,[70.58549,124.4488,1,[132.7537,108.001]]],[8,[69.8101,126.3636,1,[132.6293,108.001]]],[1,[70.74049,130.3724,1,[131.4845,108.001]]],[73,[69.14055,124.667,1,[129.508,108.001]]],[122,[69.74343,124.8602,1,[133.994,109.001]]],[27,[70.14625,122.8016,1,[131.4662,108.001]]],[58,[71.78769,125.2831,1,[133.5199,109.001]]],[74,[69.21075,127.2895,1,[128.7861,107.001]]],[30,[68.42964,120.6214,1,[134.2842,109.001]]],[169,[71.11488,120.1621,2,[133.92,109.001]]],[42,[71.5215,123.8299,1,[131.2151,108.001]]],[16,[72.6757,125.7003,1,[133.1549,109.001]]],[56,[71.07275,125.4017,2,[130.287,108.001]]],[163,[73.0029,135.9843,1,[134.075,109.001]]],[59,[72.13177,125.0182,1,[131.9959,108.001]]],[182,[72.84955,130.9129,1,[132.6222,108.001]]],[0,[73.7686,126.6264,1,[133.7875,109.001]]],[72,[72.29305,122.3158,1,[130.8254,108.001]]],[45,[71.76147,127.9916,1,[129.7412,108.001]]],[28,[70.72937,126.3202,1,[129.2173,108.001]]],[9,[70.45305,126.9828,1,[133.8968,109.001]]],[57,[71.36987,122.9795,1,[132.3654,108.001]]],[44,[72.98238,125.302,1,[131.2277,108.001]]],[181,[76.93373,131.8229,1,[133.3483,109.001]]],[40,[72.51763,125.3602,2,[129.5194,108.001]]],[178,[72.23312,124.408,2,[134.2766,109.001]]],[174,[88.72182,152.1989,1,[133.202,109.001]]]
11:[100,[104.8336,208.4806,2,[81.999,146.2628]]],[130,[105.8095,210.2601,2,[81.999,146.0611]]],[115,[106.7097,212.0605,2,[81.999,146.0707]]],[131,[108.1298,215.2223,2,[80.999,145.5556]]],[116,[107.3022,213.4018,2,[80.999,144.4549]]],[145,[108.0376,214.373,2,[81.999,146.5749]]],[133,[108.8625,214.9988,2,[81.999,146.7891]]],[118,[109.2753,216.0507,1,[80.999,145.3972]]],[101,[108.5137,215.4171,2,[80.999,144.4562]]],[146,[109.8383,216.9156,2,[81.999,146.1164]]],[103,[109.7597,216.1897,1,[80.999,144.3995]]],[132,[109.0644,216.9055,2,[80.999,143.6974]]],[134,[110.4649,217.5664,1,[81.999,146.7855]]],[119,[110.5233,218.7406,1,[80.999,144.7189]]],[85,[110.104,213.9124,2,[79.999,142.8387]]],[149,[111.2208,219.4065,1,[81.999,146.3399]]],[102,[111.2868,219.3734,2,[80.999,145.2528]]],[147,[111.8954,219.0215,2,[81.999,146.7807]]],[117,[110.3422,218.5598,2,[80.999,143.2537]]],[88,[111.833,219.254,1,[80.999,144.4007]]],[160,[112.7402,218.9991,1,[81.999,146.7235]]],[148,[112.3722,219.4098,1,[80.999,145.5043]]],[120,[111.4978,218.5292,1,[80.999,143.0743]]],[161,[113.356,219.9441,1,[80.999,145.3538]]],[136,[112.5636,220.3389,1,[80.999,144.2466]]],[121,[113.9266,222.8403,1,[80.999,144.7334]]],[104,[113.1897,221.6297,1,[80.999,143.5882]]],[89,[113.9592,221.4839,1,[80.999,143.1987]]],[135,[112.8787,222.178,1,[79.999,142.8641]]],[159,[114.3044,219.2488,2,[81.999,146.8444]]],[107,[114.8412,223.0056,1,[80.999,145.5214]]],[150,[115.5827,225.4442,1,[80.999,145.3747]]],[162,[115.5596,223.905,1,[81.999,146.1293]]],[87,[114.9144,223.1444,2,[80.999,144.1716]]],[91,[115.699,222.4796,1,[80.999,144.0445]]],[137,[116.1267,223.7437,1,[81.999,146.0815]]],[170,[115.7714,220.7496,2,[81.999,147.2859]]],[105,[115.629,226.3152,1,[79.999,142.8138]]],[61,[116.7674,224.9452,1,[81.999,146.034]]],[106,[116.4163,225.8481,1,[80.999,144.8496]]],[171,[116.5739,222.2936,1,[81.999,147.2204]]],[172,[117.4718,225.6651,1,[81.999,146.5338]]],[32,[117.5453,226.5725,1,[80.999,144.9809]]],[76,[116.8559,224.438,1,[80.999,144.1418]]],[86,[116.3884,221.6379,2,[79.999,142.7117]]],[31,[118.3717,223.6345,1,[80.999,145.1933]]],[43,[117.4399,221.2713,1,[80.999,143.659]]],[158,[118.2994,220.4053,2,[81.999,146.0101]]],[46,[117.1207,225.2298,1,[79.999,142.8132]]],[19,[118.128,224.6589,1,[80.999,143.9985]]],[180,[119.0723,225.6079,1,[80.999,145.0023]]],[29,[119.707,224.6264,1,[80.999,145.9829]]],[179,[118.3337,225.4408,1,[81.999,147.1149]]],[60,[118.9944,226.3237,1,[80.999,143.7846]]],[55,[118.5984,219.2642,2,[79.999,142.6665]]],[90,[117.8983,226.4725,1,[79.999,142.401]]],[92,[119.1643,224.9267,1,[81.999,147.1872]]],[151,[119.7137,224.9495,1,[80.999,144.7675]]],[70,[120.6199,221.1896,2,[80.999,145.8484]]],[75,[119.348,227.1026,1,[79.999,142.5274]]],[18,[119.7228,226.7955,1,[80.999,143.554]]],[41,[121.3474,223.5344,2,[80.999,145.9218]]],[71,[120.866,223.5005,2,[80.999,144.7276]]],[17,[120.1394,225.58,1,[81.999,147.1017]]],[7,[121.5266,225.2284,1,[80.999,144.8474]]],[8,[122.1333,229.8747,1,[80.999,145.9157]]],[1,[120.7501,228.3517,1,[80.999,143.5119]]],[73,[120.1383,224.662,1,[79.999,142.3165]]],[122,[121.7293,227.6804,1,[81.999,147.0466]]],[27,[121.4821,223.4008,1,[80.999,143.651]]],[58,[122.2709,225.8684,1,[80.999,144.809]]],[74,[120.8534,228.3434,1,[79.999,142.5297]]],[30,[121.0011,224.4027,1,[81.999,146.9929]]],[169,[123.1575,223.5798,2,[80.999,145.9892]]],[42,[122.0709,223.2698,1,[80.999,143.6337]]],[16,[123.0225,225.3369,1,[80.999,144.8388]]],[56,[121.8579,224.237,2,[79.999,142.4173]]],[163,[123.7743,236.1239,1,[80.999,145.2652]]],[59,[122.7369,224.1188,1,[80.999,143.6446]]],[182,[123.5135,230.543,1,[80.999,143.9301]]],[0,[124.4743,226.3157,1,[80.999,145.6859]]],[72,[122.7665,220.5449,1,[79.999,142.4355]]],[45,[123.6222,227.38,1,[79.999,142.5723]]],[28,[124.4585,227.0171,1,[80.999,144.1213]]],[9,[122.5176,230.1623,1,[81.999,147.0804]]],[57,[123.3102,226.4347,1,[81.999,146.7739]]],[44,[124.4001,225.2147,1,[79.999,142.8286]]],[181,[125.2321,227.6501,1,[80.999,144.858]]],[40,[125.898,229.0127,2,[80.999,145.8767]]],[178,[124.5654,227.2195,2,[81.999,146.4133]]],[174,[136.8809,248.0865,1,[80.99902,145.3347]]]
2:[100,[122.3769,243.5538,2,[47.99904,153.2817]]],[130,[123.4097,245.4448,2,[47.99903,153.3434]]],[115,[124.312,247.2461,2,[47.99902,153.3634]]],[131,[125.7274,250.4039,2,[46.99902,152.7991]]],[116,[124.949,248.681,2,[46.99903,152.1109]]],[145,[125.6967,249.5777,2,[47.999,153.6705]]],[133,[126.5107,250.1714,2,[47.99901,153.9943]]],[118,[126.8768,251.2368,1,[46.99902,152.801]]],[101,[126.0965,250.5753,2,[46.99902,151.7779]]],[146,[127.4907,252.2045,2,[47.99901,153.6172]]],[103,[127.4019,251.4534,1,[46.99903,152.1917]]],[132,[126.6644,252.1001,2,[46.99904,151.1313]]],[134,[128.1724,252.8767,1,[47.999,153.9291]]],[119,[128.1988,254.0816,1,[46.999,152.6261]]],[85,[127.7726,249.2449,2,[45.99904,150.768]]],[149,[128.8113,254.5565,1,[47.99902,153.4398]]],[102,[128.8598,254.5123,2,[46.99903,152.3705]]],[147,[129.604,254.257,2,[47.99901,153.9064]]],[117,[128.0216,253.9104,2,[46.99901,151.2242]]],[88,[129.4275,254.4355,1,[46.99903,151.784]]],[160,[130.3393,254.1473,1,[47.99902,153.6804]]],[148,[129.9848,254.5984,1,[46.99902,152.8632]]],[120,[129.6063,254.74,1,[45.99904,150.5789]]],[161,[130.9552,255.1295,1,[46.99902,152.5465]]],[136,[130.1598,255.5174,1,[46.99902,151.6471]]],[121,[131.1806,257.2093,1,[47.99901,153.3707]]],[104,[130.8082,256.855,1,[46.98203,151.0002]]],[89,[131.6531,256.8562,1,[46.99901,151.9501]]],[135,[130.4833,257.3795,1,[45.99902,150.3493]]],[159,[131.9412,254.3668,2,[47.999,153.7203]]],[107,[132.4084,258.1116,1,[46.99901,152.56]]],[150,[133.1618,260.5948,1,[46.99902,152.5595]]],[162,[133.15,259.0673,1,[47.99901,153.1772]]],[87,[132.4554,258.2172,2,[46.99902,151.1843]]],[91,[133.2922,257.6601,1,[46.99902,151.3243]]],[137,[133.8145,259.0304,1,[47.99901,153.3481]]],[170,[133.4586,255.9752,2,[47.99901,154.3061]]],[105,[133.2096,261.4706,1,[45.99902,150.1363]]],[61,[134.8291,261.0072,1,[46.99902,152.8792]]],[106,[134.0203,261.0392,1,[46.99901,152.1575]]],[171,[134.4959,257.6063,1,[47.99901,154.0633]]],[172,[135.1433,260.8676,1,[47.99902,153.5609]]],[32,[135.23,261.7207,1,[46.99903,152.1487]]],[76,[134.4243,259.5667,1,[46.99903,151.2596]]],[86,[134.0355,256.9239,2,[45.99903,150.3641]]],[31,[136.0179,258.908,1,[46.999,152.5797]]],[43,[135.5454,257.472,1,[45.99903,150.8844]]],[158,[136.0052,255.6917,2,[47.99901,153.1865]]],[46,[134.7127,260.3967,1,[45.99903,149.9795]]],[19,[135.7625,259.9166,1,[46.99902,151.36]]],[180,[136.6718,260.7883,1,[46.999,152.145]]],[29,[137.012,259.1837,1,[47.63818,153.0001]]],[179,[136.1759,260.8374,1,[47.999,154.2604]]],[60,[137.094,262.5138,1,[45.99903,150.9896]]],[55,[136.2469,254.5481,2,[45.99901,150.1645]]],[90,[135.5425,261.692,1,[45.99903,149.3786]]],[92,[137.1949,260.1755,1,[47.999,153.9977]]],[151,[137.3173,260.1303,1,[46.99901,151.8829]]],[70,[138.1933,256.3226,2,[46.999,152.8774]]],[75,[136.9563,262.2987,1,[45.99901,149.5456]]],[18,[137.8401,263.0088,1,[45.99901,150.7716]]],[41,[138.9532,258.7061,2,[46.99901,152.9606]]],[71,[138.4549,258.6671,2,[46.99902,151.8132]]],[17,[137.992,260.7448,1,[47.99901,154.0709]]],[7,[139.1149,260.347,1,[46.99902,151.7786]]],[8,[139.2944,264.1669,1,[47.999,153.0075]]],[1,[138.8685,264.5682,1,[45.99902,150.7359]]],[73,[137.7835,259.9261,1,[45.99901,149.3779]]],[122,[139.566,263.0462,1,[47.999,154.0042]]],[27,[139.567,259.5538,1,[45.99902,150.558]]],[58,[139.8929,261.0911,1,[46.999,151.9214]]],[74,[138.537,263.5702,1,[45.99903,149.3536]]],[30,[138.7355,259.6513,1,[47.999,153.9374]]],[169,[140.4043,258.0398,2,[47.69137,153.0002]]],[42,[140.1832,259.4745,1,[45.99901,150.8183]]],[16,[140.6054,260.49,1,[46.99902,151.9445]]],[56,[139.5068,259.4252,2,[45.99902,149.1485]]],[163,[141.3788,271.3067,1,[46.99901,152.5862]]],[59,[140.8294,260.2927,1,[45.99902,150.8521]]],[182,[141.1123,265.7294,1,[46.99902,151.224]]],[0,[141.6095,260.5318,1,[47.999,153.0067]]],[72,[140.3672,255.7044,1,[45.99901,149.4427]]],[45,[141.2397,262.5967,1,[45.99902,149.8371]]],[28,[142.0739,262.231,1,[46.999,151.642]]],[9,[140.2617,265.3546,1,[47.99901,154.0855]]],[57,[140.9902,261.6312,1,[47.999,153.7959]]],[44,[142.0266,260.4591,1,[45.99902,150.4551]]],[181,[142.834,262.8401,1,[46.999,152.1658]]],[40,[143.0321,263.2211,2,[47.99901,153.1558]]],[178,[142.311,262.4286,2,[47.999,153.619]]],[174,[153.973,282.2315,1,[47.99903,153.2896]]]

Travel Distances:
[152,254.9541],[139,258.1462],[153,258.6814],[123,261.6298],[109,262.0879],[94,260.2604],[79,263.5387],[138,263.4294],[124,264.1648],[108,265.4891],[62,265.2743],[78,266.1303],[49,266.2662],[63,268.2919],[77,266.6385],[48,267.6786],[110,266.6581],[34,269.4668],[65,269.6505],[66,270.5588],[47,269.0923],[35,271.8571],[50,269.5867],[36,272.2941],[23,270.8744],[81,271.5488],[37,270.8416],[13,270.4908],[64,273.3797],[51,273.5485],[33,270.2758],[95,271.5375],[22,273.4116],[12,271.8213],[4,273.5882],[100,280.6839],[3,272.8495],[93,271.4902],[5,273.8318],[11,272.7714],[130,282.4384],[24,277.0062],[10,272.9445],[115,284.3309],[96,278.2328],[14,278.6743],[131,288.8655],[116,288.7252],[38,280.1329],[145,287.4155],[125,271.6649],[67,280.7284],[97,278.9167],[133,288.0642],[15,281.8292],[118,289.3673],[101,290.2971],[52,281.6744],[146,288.7961],[167,277.4185],[25,284.8542],[103,290.5056],[132,292.698],[157,279.8349],[134,289.9478],[53,281.055],[119,291.565],[176,278.1872],[111,275.0579],[85,289.6148],[26,280.7959],[112,282.0584],[149,292.3212],[82,281.6827],[69,284.0241],[184,281.5778],[102,292.7266],[147,292.2885],[68,285.3711],[117,295.616],[155,274.8378],[88,293.5039],[126,275.666],[127,276.6463],[183,275.4754],[160,290.5675],[54,283.1268],[148,291.652],[83,278.75],[175,272.1255],[143,269.0945],[120,295.4653],[21,277.979],[161,292.9312],[154,271.664],[136,294.9913],[121,294.1107],[166,274.532],[20,276.035],[144,281.7834],[156,273.383],[84,285.3093],[104,297.1091],[89,295.4006],[140,271.3837],[135,298.2886],[164,271.0898],[159,290.9174],[98,286.2282],[129,282.5247],[99,287.8412],[80,269.673],[107,296.8922],[142,278.8144],[150,298.1708],[162,296.2646],[114,284.394],[128,283.3921],[165,270.7207],[168,288.2954],[87,299.255],[39,290.5955],[91,297.0175],[173,273.3497],[137,297.1695],[170,292.5232],[177,280.7419],[141,268.0434],[105,302.9872],[6,290.2498],[61,299.1252],[106,300.8692],[171,295.173],[2,282.1123],[172,299.1515],[32,300.9095],[76,300.4281],[86,298.7538],[113,284.3155],[31,296.4953],[43,296.3154],[158,292.066],[46,302.8992],[19,300.0702],[180,299.2803],[29,296.5488],[179,298.9858],[60,302.1353],[55,295.6856],[90,304.5139],[92,297.5168],[151,298.7445],[70,293.6288],[75,304.2491],[18,302.8045],[41,295.9436],[71,297.1532],[17,298.812],[7,299.5104],[8,302.8273],[1,304.7013],[73,302.1758],[122,300.0991],[27,300.3491],[58,300.3841],[74,306.3769],[30,296.6067],[169,295.8641],[42,298.6643],[16,300.4257],[56,302.327],[163,309.5803],[59,300.4872],[182,304.8211],[0,299.9317],[72,298.8788],[45,304.0134],[28,301.6828],[9,301.9636],[57,299.4628],[44,302.089],[181,302.6769],[40,302.0535],[178,299.1985],[174,320.1477]

Finish Times:
[152,130.4421],[139,131.282],[153,132.2818],[123,133.0417],[109,133.6016],[94,133.8816],[79,134.4015],[138,134.7214],[124,135.3213],[108,135.6413],[62,135.9612],[78,136.4811],[49,136.5611],[63,137.041],[77,137.201],[48,137.8409],[110,137.8809],[34,138.4808],[65,138.6808],[66,138.9607],[47,139.1607],[35,139.6406],[50,139.8406],[36,139.9605],[23,140.2805],[81,140.6004],[37,140.6404],[13,140.9204],[64,141.1603],[51,141.4803],[33,141.7202],[95,142.0402],[22,142.1602],[12,142.4401],[4,142.7201],[100,142.8801],[3,142.96],[93,143.44],[5,143.5199],[11,143.7999],[130,143.9199],[24,144.3598],[10,144.3998],[115,144.6797],[96,145.3996],[14,145.4796],[131,145.9995],[116,146.0395],[38,146.1595],[145,146.2395],[125,146.3195],[67,146.8394],[97,147.0394],[133,147.0793],[15,147.1993],[118,147.3593],[101,147.5193],[52,147.6792],[146,147.8392],[167,147.8792],[25,147.9992],[103,148.0392],[132,148.3191],[157,148.3591],[134,148.5591],[53,148.6391],[119,148.8391],[176,148.8391],[111,148.879],[85,149.159],[26,149.279],[112,149.279],[149,149.399],[82,149.4389],[69,149.6789],[184,149.6789],[102,149.7189],[147,150.0388],[68,150.1188],[117,150.1188],[155,150.1188],[88,150.1588],[126,150.1988],[127,150.3188],[183,150.5188],[160,150.8387],[54,150.8787],[148,150.8787],[83,150.9187],[175,150.9987],[143,151.0387],[120,151.0787],[21,151.3586],[161,151.5186],[154,151.5586],[136,151.5986],[121,151.7186],[166,151.7586],[20,151.8385],[144,151.9585],[156,152.1185],[84,152.2785],[104,152.3985],[89,152.5184],[140,152.5184],[135,152.5584],[164,152.5984],[159,152.8384],[98,152.8784],[129,153.1183],[99,153.1583],[80,153.2383],[107,153.3983],[142,153.3983],[150,153.5583],[162,153.5983],[114,153.7582],[128,153.7582],[165,153.9182],[168,153.9582],[87,154.1982],[39,154.3581],[91,154.3981],[173,154.4781],[137,154.5581],[170,154.5981],[177,154.6781],[141,154.838],[105,155.038],[6,155.158],[61,155.318],[106,155.318],[171,155.4379],[2,155.4779],[172,155.9978],[32,156.0778],[76,156.1178],[86,156.2378],[113,156.2778],[31,156.5178],[43,156.8777],[158,156.9177],[46,157.1177],[19,157.1577],[180,157.1976],[29,157.7975],[179,157.9975],[60,158.0375],[55,158.2375],[90,158.3175],[92,158.5974],[151,158.6774],[70,158.8774],[75,159.1973],[18,159.3573],[41,159.3973],[71,159.6372],[17,159.9572],[7,160.3571],[8,160.3571],[1,160.3971],[73,160.5171],[122,160.877],[27,161.117],[58,161.157],[74,161.277],[30,161.5969],[169,161.5969],[42,161.6769],[16,162.0368],[56,162.1168],[163,162.2768],[59,162.3968],[182,162.7567],[0,163.0367],[72,163.1966],[45,163.2366],[28,163.4766],[9,163.7565],[57,163.9165],[44,164.1165],[181,164.4764],[40,164.6364],[178,164.8364],[174,174.5547]

Stuck Times:
[152,0],[139,0],[153,0],[123,0],[109,0],[94,0],[79,0],[138,0],[124,0],[108,0],[62,0],[78,0],[49,0],[63,0],[77,0],[48,0],[110,0],[34,0],[65,0],[66,0],[47,0],[35,0],[50,0],[36,0],[23,0],[81,0],[37,0],[13,0],[64,0],[51,0],[33,0],[95,0],[22,0],[12,1],[4,0],[100,0],[3,2],[93,3],[5,0],[11,2],[130,0],[24,0],[10,3],[115,0],[96,0],[14,1],[131,0],[116,0],[38,1],[145,0],[125,7],[67,0],[97,0],[133,0],[15,0],[118,0],[101,0],[52,2],[146,0],[167,3],[25,1],[103,0],[132,0],[157,2],[134,0],[53,2],[119,0],[176,4],[111,5],[85,3],[26,1],[112,0],[149,0],[82,2],[69,3],[184,2],[102,0],[147,0],[68,1],[117,0],[155,8],[88,0],[126,4],[127,4],[183,6],[160,1],[54,3],[148,0],[83,3],[175,10],[143,10],[120,0],[21,5],[161,2],[154,10],[136,0],[121,0],[166,8],[20,7],[144,2],[156,4],[84,3],[104,0],[89,1],[140,12],[135,0],[164,9],[159,1],[98,0],[129,2],[99,3],[80,13],[107,1],[142,5],[150,0],[162,2],[114,1],[128,2],[165,15],[168,3],[87,3],[39,1],[91,0],[173,14],[137,1],[170,1],[177,4],[141,10],[105,0],[6,2],[61,0],[106,1],[171,2],[2,5],[172,2],[32,0],[76,0],[86,5],[113,5],[31,2],[43,5],[158,6],[46,0],[19,4],[180,5],[29,4],[179,3],[60,3],[55,7],[90,1],[92,2],[151,2],[70,10],[75,2],[18,3],[41,8],[71,8],[17,7],[7,4],[8,3],[1,3],[73,5],[122,3],[27,9],[58,8],[74,3],[30,6],[169,9],[42,9],[16,9],[56,7],[163,1],[59,9],[182,7],[0,6],[72,12],[45,5],[28,7],[9,6],[57,9],[44,10],[181,11],[40,9],[178,11],[174,13]

