Experiment Name: Custom-DecreasingGateSize
Method Used: FlowField
Run Number: 3
Preparation Time: 0.0002ms
Pathfinding Time: 69.3848ms
Finish Time: 126.8825ms
Finish Time 90%: 125.0025ms
Repaths: 0
Soft Repaths: 0

Gates Data:
0:[114,[12.21476,24.4276,0,[45.001,129.6809]]],[99,[12.19497,24.38825,0,[45.001,128.3887]]],[129,[12.24641,24.48876,0,[45.001,130.9575]]],[84,[11.68873,23.37354,0,[44.001,126.9584]]],[98,[12.80524,25.60243,0,[45.001,128.9148]]],[144,[12.30189,24.59842,0,[45.001,132.3618]]],[69,[11.69833,23.39234,0,[44.001,125.476]]],[83,[12.78678,25.56731,0,[45.001,127.6649]]],[113,[12.82674,25.64186,0,[45.001,130.0583]]],[68,[12.27366,24.54098,0,[44.001,126.2548]]],[128,[12.86494,25.71787,0,[45.001,131.1787]]],[97,[13.35605,26.69832,0,[45.001,128.6904]]],[82,[13.35765,26.70033,0,[45.001,127.5884]]],[112,[13.37061,26.72375,0,[45.001,129.7877]]],[67,[12.84497,25.67815,0,[44.001,126.4537]]],[54,[11.74787,23.48777,0,[44.001,123.8801]]],[53,[12.28979,24.5697,0,[44.001,124.7418]]],[96,[13.89151,27.76542,0,[45.001,128.3618]]],[111,[13.89314,27.76329,0,[45.001,129.4567]]],[52,[12.83308,25.65446,0,[44.001,125.2553]]],[127,[13.42976,26.83931,0,[45.001,130.8708]]],[143,[12.88417,25.75768,0,[45.001,132.3809]]],[81,[13.88053,27.74572,0,[45.001,127.2572]]],[126,[13.97662,27.92795,0,[45.001,130.538]]],[66,[13.37563,26.7392,0,[44.001,126.1262]]],[80,[14.41044,28.78546,0,[45.001,127.9146]]],[95,[14.41874,28.79946,0,[45.001,128.9997]]],[65,[13.91576,27.80035,0,[44.001,126.8007]]],[110,[14.47996,28.90803,0,[45.001,130.0676]]],[141,[13.92597,27.79329,0,[45.001,131.6257]]],[38,[12.80135,25.59151,0,[44.001,123.7709]]],[94,[14.9478,29.82888,0,[45.001,128.7195]]],[51,[13.36178,26.71131,0,[44.001,124.954]]],[125,[14.53366,29.01512,0,[45.001,131.1366]]],[79,[14.93777,29.81015,0,[45.001,127.6119]]],[109,[15.00642,29.95464,0,[45.001,129.8177]]],[50,[13.87725,27.72805,0,[44.001,125.6923]]],[124,[15.06884,30.07722,0,[45.001,130.9189]]],[93,[15.49785,30.95256,0,[45.001,129.2598]]],[64,[14.43687,28.79968,0,[44.001,126.4684]]],[78,[15.47056,30.8971,0,[45.001,128.1764]]],[108,[15.53877,31.00861,0,[45.001,130.3381]]],[140,[14.44931,28.81478,0,[45.001,132.1996]]],[39,[12.27309,24.53598,0,[44.001,122.8546]]],[49,[14.39929,28.75655,0,[44.001,125.3514]]],[77,[16.01131,31.9718,0,[45.001,127.9625]]],[123,[15.6126,31.16409,0,[45.001,131.4135]]],[63,[15.47377,30.90295,0,[45.001,127.0829]]],[92,[16.03867,32.02122,0,[45.001,129.061]]],[62,[15.50988,30.97384,0,[44.001,126.833]]],[107,[16.07975,32.04595,0,[45.001,130.1533]]],[48,[14.94188,29.82363,0,[44.001,125.9561]]],[61,[16.59616,33.13863,0,[45.001,127.4405]]],[139,[14.98949,29.88185,0,[45.001,132.0138]]],[76,[16.57617,33.09412,0,[45.001,128.5359]]],[36,[13.9074,27.79401,0,[44.001,124.5752]]],[47,[15.48059,30.89678,0,[44.001,125.7169]]],[46,[16.02153,31.98603,0,[44.001,126.3291]]],[91,[16.61786,33.14008,0,[45.001,129.6229]]],[122,[16.18857,32.26661,0,[45.001,131.2343]]],[75,[17.15508,34.21397,0,[45.001,128.139]]],[90,[17.17977,34.26495,0,[45.001,129.2223]]],[35,[14.43189,28.83684,0,[44.001,124.2009]]],[60,[17.1594,34.25009,0,[45.001,127.0449]]],[106,[16.66453,33.12832,0,[45.001,130.7045]]],[32,[16.08919,32.13509,0,[44.001,125.2223]]],[33,[15.53366,31.01834,0,[44.001,124.6021]]],[89,[17.75306,35.40162,0,[45.00039,129]]],[138,[15.51297,30.93307,0,[45.001,132.484]]],[45,[16.60046,33.0441,0,[44.001,125.943]]],[105,[17.25153,34.24989,0,[45.001,130.2924]]],[120,[17.82446,34.59374,0,[45.001,130.075]]],[74,[17.72339,35.35963,0,[45.001,127.9233]]],[136,[16.65802,33.03905,0,[45.001,131.9316]]],[31,[16.68465,33.2186,0,[44.001,124.8373]]],[37,[13.38031,26.74648,0,[44.001,123.836]]],[104,[18.27324,35.43322,0,[45.001,129.349]]],[34,[14.96819,29.90848,0,[44.001,124.8434]]],[135,[17.64421,34.21128,0,[45.001,131.0921]]],[59,[17.25586,34.41915,0,[44.001,126.839]]],[73,[18.30412,36.5373,0,[45.001,128.1602]]],[121,[17.11514,33.37153,0,[45.001,131.3574]]],[119,[18.36,35.78984,0,[45.001,130.4454]]],[88,[18.75603,36.61918,0,[45.001,128.7891]]],[134,[18.16275,35.39039,0,[45.001,131.4876]]],[58,[18.39794,36.59869,0,[45.001,127.0681]]],[44,[17.14869,34.2128,0,[44.001,125.7606]]],[137,[16.06766,31.98059,0,[45.001,132.3061]]],[22,[14.98775,29.9339,0,[44.001,123.6827]]],[133,[18.83613,36.68348,0,[45.001,130.9878]]],[103,[18.84411,36.5655,0,[45.001,129.8667]]],[72,[18.95392,37.76731,0,[45.001,127.7456]]],[43,[17.71646,35.39262,0,[44.001,126.014]]],[149,[17.6769,34.56052,0,[45.001,132.1848]]],[57,[18.57232,36.80022,0,[44.001,126.6687]]],[118,[19.31952,37.01781,0,[45.001,130.4335]]],[87,[19.30632,37.8695,0,[45.001,128.6956]]],[71,[19.61289,39.0317,0,[45.001,127.5071]]],[147,[19.28342,37.10996,0,[45.001,131.6549]]],[150,[17.1421,33.34856,0,[45.001,132.4763]]],[30,[17.24998,34.40243,0,[44.001,124.6729]]],[132,[19.89614,38.00171,0,[45.001,130.5547]]],[29,[17.82748,35.61539,0,[44.001,124.8593]]],[102,[19.6555,37.86337,0,[45.001,129.5448]]],[42,[18.30193,36.55548,0,[44.001,125.688]]],[160,[19.85342,36.77386,0,[45.001,131.6584]]],[148,[18.65949,35.78775,0,[45.001,132.0299]]],[117,[20.22658,38.57589,0,[45.001,129.3609]]],[86,[19.96297,39.20792,0,[45.001,128.3699]]],[171,[19.29022,35.74004,0,[45.001,132.7797]]],[146,[20.49264,39.1342,0,[45.001,130.3595]]],[28,[18.57993,36.87076,0,[44.001,124.568]]],[25,[13.38404,26.74576,0,[44.001,122.627]]],[101,[20.6261,39.48692,0,[45.001,128.136]]],[24,[13.91772,27.80859,0,[44.001,123.3863]]],[131,[20.81634,39.83696,0,[45.001,129.1776]]],[159,[20.56916,38.47974,0,[45.001,131.463]]],[41,[18.96804,37.82548,0,[44.001,125.5134]]],[163,[16.99406,32.25811,0,[45.001,133.5575]]],[179,[21.26174,38.75977,0,[45.001,131.1104]]],[116,[21.24037,40.42965,0,[45.001,127.8628]]],[70,[20.37852,40.53021,0,[45.001,127.1468]]],[20,[16.1575,32.14687,0,[44.001,124.0752]]],[170,[20.00931,37.46962,0,[45.001,132.7253]]],[183,[20.72683,33.67612,0,[45.001,132.5617]]],[26,[12.82034,25.61107,0,[44.001,121.9194]]],[130,[21.63525,41.53756,0,[45.001,128.8428]]],[56,[19.3339,38.06808,0,[44.001,126.4303]]],[100,[20.88325,40.60881,0,[44.001,126.5571]]],[55,[20.15493,39.64128,0,[44.001,126.0889]]],[145,[21.19967,40.88225,0,[45.001,130.0022]]],[115,[21.99077,42.48686,0,[45.001,127.5893]]],[174,[20.39463,32.39002,0,[45.001,133.7331]]],[7,[18.34789,36.21829,0,[44.001,122.4825]]],[12,[15.22751,30.07041,0,[44.001,122.5757]]],[17,[18.09406,35.76382,0,[44.001,123.8281]]],[172,[18.1422,33.59798,0,[45.001,134.0009]]],[177,[21.22152,33.89504,0,[45.001,133.5235]]],[40,[19.70645,39.35806,0,[44.001,125.1414]]],[180,[19.62292,35.12636,0,[45.001,133.8186]]],[169,[21.91091,41.13055,0,[45.001,129.8819]]],[27,[19.26428,38.38824,0,[44.001,124.1668]]],[142,[13.40462,26.76976,0,[45.001,131.9696]]],[168,[13.55126,26.96306,0,[45.001,134.1732]]],[176,[22.07563,36.43325,0,[45.001,133.3181]]],[18,[17.36218,34.39827,0,[44.001,123.5821]]],[23,[14.4676,28.87683,0,[44.001,122.9891]]],[182,[21.45989,36.5039,0,[45.001,132.2556]]],[16,[18.80488,37.33176,0,[44.001,123.2981]]],[8,[17.80666,34.62907,0,[44.001,122.7403]]],[162,[18.14454,33.59582,0,[45.001,132.7829]]],[164,[16.31931,31.35265,0,[45.001,134.1228]]],[166,[14.77738,29.10681,0,[45.001,134.2704]]],[175,[17.37332,30.22236,0,[45.001,134.3618]]],[0,[18.92951,35.43045,0,[44.001,121.8122]]],[10,[16.29493,32.19559,0,[44.001,122.822]]],[11,[15.82866,31.17706,0,[44.001,122.1917]]],[19,[16.75544,33.25148,0,[44.001,123.6808]]],[158,[22.47183,42.14803,0,[45.001,129.0149]]],[181,[18.93641,33.34701,0,[45.001,134.1335]]],[161,[18.70031,34.84344,0,[45.001,133.1306]]],[165,[15.45771,30.14081,0,[45.001,134.0998]]],[152,[15.86629,31.1277,0,[45.001,133.3537]]],[3,[18.10254,32.12645,0,[44.001,121.297]]],[6,[14.30177,28.15208,0,[44.001,121.0667]]],[85,[20.73629,40.64891,0,[44.001,125.0663]]],[13,[14.71395,29.21094,0,[44.001,121.9207]]],[154,[14.52819,28.94436,0,[45.001,133.2725]]],[167,[14.08643,27.94391,0,[45.001,133.9305]]],[173,[17.58376,32.51781,0,[45.001,133.285]]],[9,[17.01762,33.39152,0,[44.001,122.5306]]],[184,[22.23349,38.99918,0,[45.001,132.0587]]],[4,[15.2914,30.35998,0,[44.001,121.2473]]],[157,[12.94175,25.86238,0,[45.001,133.6501]]],[14,[13.99067,27.82137,0,[44.001,122.1423]]],[155,[13.95955,27.8622,0,[45.001,132.7385]]],[1,[17.51389,34.19838,0,[44.001,121.5731]]],[156,[13.44318,26.85837,0,[45.001,133.0759]]],[2,[16.66529,32.65793,0,[44.001,121.5628]]],[15,[13.49382,26.89836,0,[44.001,121.2906]]],[153,[15.09184,30.00398,0,[45.001,133.1743]]],[5,[16.1103,30.09732,0,[44.001,121.1578]]],[151,[16.51156,32.14842,0,[45.001,133.0033]]],[178,[22.14109,40.92241,0,[45.001,130.8888]]],[21,[15.63309,31.09084,0,[44.001,123.4676]]]
1:[114,[39.22994,78.45676,0,[99.001,131.1151]]],[99,[39.20855,78.41506,0,[99.001,129.8895]]],[129,[38.76811,77.52999,0,[98.001,132.4322]]],[84,[39.20347,78.40332,0,[99.001,128.6259]]],[98,[39.827,79.64399,0,[99.001,130.4344]]],[144,[38.84167,77.66375,0,[98.001,133.8632]]],[69,[39.21458,78.42451,0,[99.001,127.243]]],[83,[39.80412,79.60103,0,[99.001,129.2291]]],[113,[39.85814,79.70268,0,[99.001,131.6881]]],[68,[39.79005,79.57366,0,[99.001,127.9535]]],[128,[39.41599,78.81519,0,[98.001,132.997]]],[97,[40.38485,80.75139,0,[99.001,130.3415]]],[82,[40.38564,80.75326,0,[99.001,129.2454]]],[112,[40.40055,80.7776,0,[99.001,131.442]]],[67,[40.37187,80.72964,0,[99.001,128.1413]]],[54,[39.7654,79.52287,0,[100.001,125.7424]]],[53,[39.80743,79.60463,0,[99.001,126.538]]],[96,[40.91745,81.8117,0,[99.001,129.9562]]],[111,[40.92387,81.81093,0,[99.001,131.0597]]],[52,[40.35648,80.69923,0,[99.001,127.0228]]],[127,[39.96112,79.89827,0,[98.001,132.5407]]],[143,[39.47958,78.92484,0,[98.001,134.4456]]],[81,[40.90442,81.7895,0,[99.001,128.8495]]],[126,[40.50497,80.97835,0,[98.001,132.1561]]],[66,[40.89478,81.7757,0,[99.001,127.7362]]],[80,[41.44555,82.83789,0,[99.001,129.3762]]],[95,[41.45576,82.85529,0,[99.001,130.467]]],[65,[41.44618,82.8471,0,[99.001,128.28]]],[110,[41.52191,82.96793,0,[99.001,131.549]]],[141,[40.47588,80.8557,0,[98.001,133.285]]],[38,[40.82876,81.63889,0,[100.001,125.7305]]],[94,[41.99234,83.88149,0,[99.001,130.0292]]],[51,[40.88158,81.74187,0,[99.001,126.5507]]],[125,[41.08598,82.08294,0,[98.001,132.6387]]],[79,[41.97489,83.85754,0,[99.001,128.9424]]],[109,[42.06567,84.01584,0,[99.001,131.1041]]],[50,[41.40141,82.76237,0,[99.001,127.1783]]],[124,[41.67186,83.17367,0,[98.001,132.1713]]],[93,[42.57268,85.01408,0,[99.001,130.6358]]],[64,[41.96778,83.83687,0,[99.001,127.8471]]],[78,[42.50716,84.9544,0,[99.001,129.5548]]],[108,[42.67645,85.08456,0,[99.001,131.7103]]],[140,[41.10076,81.90336,0,[98.001,133.738]]],[39,[40.30612,80.58272,0,[100.001,124.8269]]],[49,[41.93341,83.78226,0,[99.001,126.7435]]],[77,[43.06546,86.02133,0,[99.001,129.6458]]],[123,[42.2823,84.27936,0,[98.001,132.7965]]],[63,[42.50609,84.95432,0,[99.001,128.4623]]],[92,[43.13413,86.07138,0,[99.001,130.7225]]],[62,[43.07261,86.02113,0,[99.001,128.5602]]],[107,[43.23389,86.09612,0,[99.001,131.7969]]],[48,[42.46938,84.86194,0,[99.001,127.3626]]],[61,[43.65357,87.19359,0,[99.001,129.1269]]],[139,[41.76226,83.05649,0,[98.001,133.2456]]],[76,[43.65727,87.14887,0,[99.001,130.1922]]],[36,[41.42909,82.82143,0,[99.001,126.0617]]],[47,[43.03467,85.94669,0,[99.001,127.4638]]],[46,[43.57916,87.03702,0,[99.001,128.069]]],[91,[43.71738,87.19515,0,[99.001,131.2545]]],[122,[42.85486,85.33578,0,[98.001,132.8638]]],[75,[44.20884,88.26541,0,[99.001,129.689]]],[90,[44.24203,88.31839,0,[99.001,130.7652]]],[35,[42.48613,84.86554,0,[100.001,125.6346]]],[60,[44.21971,88.29937,0,[99.001,128.607]]],[106,[43.35089,86.18791,0,[98.001,132.2985]]],[32,[43.74318,87.18526,0,[99.001,127.0532]]],[33,[43.20794,86.11024,0,[99.001,126.4247]]],[89,[44.8119,89.47945,0,[99.001,130.4796]]],[138,[42.2482,84.13523,0,[98.001,133.9137]]],[45,[44.29015,88.0916,0,[99.001,127.5363]]],[105,[44.35201,88.30647,0,[99.001,131.8249]]],[120,[44.89412,88.67432,0,[99.001,131.5535]]],[74,[44.78693,89.43432,0,[99.001,129.3977]]],[136,[43.41111,86.17432,0,[98.001,133.3782]]],[31,[44.30772,88.2638,0,[99.001,126.4366]]],[37,[41.41075,82.7799,0,[100.001,125.353]]],[104,[45.39233,89.49084,0,[99.001,130.5882]]],[34,[42.52305,84.93422,0,[99.001,126.2657]]],[135,[44.45214,87.29787,0,[98.001,132.6432]]],[59,[44.94418,89.49642,0,[99.001,128.3626]]],[73,[45.34548,90.58181,0,[99.001,129.4983]]],[121,[43.91523,86.47067,0,[98.001,132.9164]]],[119,[45.4632,89.87066,0,[99.001,131.6758]]],[88,[45.88833,90.67539,0,[99.001,129.6941]]],[134,[45.01186,88.50263,0,[98.001,132.7836]]],[58,[45.54222,90.64018,0,[99.001,128.4759]]],[44,[44.85365,89.29087,0,[99.001,127.2894]]],[137,[42.81567,85.10833,0,[98.001,133.9595]]],[22,[43.49884,86.00577,0,[100.001,125.4046]]],[133,[46.01343,90.80246,0,[99.001,131.8384]]],[103,[45.98666,90.62395,0,[99.001,130.7557]]],[72,[46.08631,91.81416,0,[99.001,128.6771]]],[43,[45.45438,90.43008,0,[99.001,127.397]]],[149,[44.48012,87.69038,0,[98.001,133.7511]]],[57,[46.16081,91.84178,0,[99.001,127.5974]]],[118,[46.54999,91.15943,0,[99.001,130.7396]]],[87,[46.44209,91.93151,0,[99.001,129.6647]]],[71,[46.70031,93.12188,0,[99.001,128.6928]]],[147,[46.58836,91.35826,0,[99.001,131.8314]]],[150,[43.94885,86.5676,0,[98.001,134.0275]]],[30,[44.94014,89.47419,0,[99.001,126.207]]],[132,[47.17713,92.08305,0,[99.001,130.8076]]],[29,[45.52461,90.65121,0,[99.001,126.3034]]],[102,[46.99034,91.94018,0,[99.001,129.7725]]],[42,[46.07478,91.60973,0,[99.001,126.5185]]],[160,[47.15656,90.87868,0,[99.001,131.9063]]],[148,[45.60618,89.01138,0,[98.001,132.9187]]],[117,[47.5519,92.62621,0,[99.001,129.7238]]],[86,[47.2597,93.25717,0,[99.001,128.7855]]],[171,[46.20954,89.05199,0,[98.001,132.9103]]],[146,[47.79982,93.18159,0,[99.001,130.6984]]],[28,[46.78062,92.03365,0,[99.001,126.5013]]],[25,[41.59841,82.78442,0,[100.001,124.0692]]],[101,[48.05924,93.51667,0,[99.001,129.2715]]],[24,[42.01702,83.85734,0,[100.001,124.9139]]],[131,[48.36539,93.86101,0,[99.001,130.1897]]],[159,[47.71881,92.55553,0,[99.001,131.7877]]],[41,[46.70912,92.95151,0,[99.001,127.5948]]],[163,[44.26203,85.68447,0,[98.001,134.9534]]],[179,[48.35283,92.84248,0,[99.001,131.3007]]],[116,[48.38092,94.47416,0,[99.001,128.2663]]],[70,[47.76464,94.55667,0,[99.001,128.3246]]],[20,[44.27569,88.20882,0,[100.001,125.9724]]],[170,[46.8886,90.6587,0,[98.001,132.9143]]],[183,[47.60239,86.87452,0,[98.001,132.5854]]],[26,[40.99598,81.90849,0,[100.001,124.3855]]],[130,[48.77271,95.55796,0,[99.001,129.1993]]],[56,[47.28356,93.10678,0,[99.001,127.6729]]],[100,[48.67975,95.67609,0,[99.001,127.2138]]],[55,[47.94611,94.6824,0,[99.001,127.2475]]],[145,[48.98701,94.94531,0,[99.001,130.2859]]],[115,[49.12166,96.52557,0,[99.001,128.1829]]],[174,[47.41875,85.75578,0,[98.001,133.7128]]],[7,[48.07423,93.67815,0,[100.001,125.5395]]],[12,[43.58601,86.21304,0,[100.001,124.3005]]],[17,[46.69112,91.87253,0,[100.001,125.4314]]],[172,[46.16257,87.51839,0,[98.001,134.0156]]],[177,[48.23497,87.46113,0,[98.001,132.115]]],[40,[47.38643,94.42493,0,[99.001,126.5821]]],[180,[46.78508,88.54491,0,[98.001,134.0106]]],[169,[49.46822,95.25185,0,[99.001,129.3275]]],[27,[48.25278,93.89296,0,[99.001,126.3093]]],[142,[39.96716,79.86975,0,[98.001,133.748]]],[168,[48.11797,88.36018,0,[98.001,133.3281]]],[176,[48.86961,89.69891,0,[98.001,132.6542]]],[18,[46.03041,90.46351,0,[100.001,125.1914]]],[23,[42.96018,85.05015,0,[100.001,125.0755]]],[182,[49.20307,90.92214,0,[99.001,131.3151]]],[16,[47.29952,93.56931,0,[100.001,125.397]]],[8,[46.61572,90.7608,0,[100.001,124.322]]],[162,[45.03025,86.82526,0,[98.001,133.8989]]],[164,[48.12429,87.023,0,[98.001,134.5567]]],[166,[48.86826,88.99925,0,[98.001,134.0105]]],[175,[45.55251,84.2156,0,[98.001,135.1206]]],[0,[49.4465,92.5815,0,[100.001,125.8871]]],[10,[45.41864,88.57092,0,[100.001,125.1036]]],[11,[45.90523,87.97143,0,[100.001,124.0798]]],[19,[44.83928,89.30759,0,[100.001,125.3301]]],[158,[49.87941,96.31174,0,[99.001,128.2485]]],[181,[47.29931,87.04936,0,[98.001,134.9049]]],[161,[45.59967,88.23182,0,[98.001,134.0154]]],[165,[43.68995,83.91059,0,[98.001,135.3834]]],[152,[42.80421,84.4548,0,[98.001,135.067]]],[3,[48.71114,90.10946,0,[100.001,125.1713]]],[6,[44.14506,85.23628,0,[100.001,123.8164]]],[85,[49.42282,96.08389,0,[99.001,126.9517]]],[13,[44.74383,85.86305,0,[100.001,124.2303]]],[154,[41.59271,82.19811,0,[98.001,134.2919]]],[167,[41.23688,81.25903,0,[98.001,135.1418]]],[173,[44.85599,85.77035,0,[98.001,134.9779]]],[9,[47.70859,90.05254,0,[100.001,124.514]]],[184,[49.9174,93.18608,0,[99.001,131.7272]]],[4,[45.29382,87.42973,0,[100.001,124.0128]]],[157,[46.42511,85.47968,0,[98.001,135.0296]]],[14,[42.44729,84.12338,0,[100.001,124.1776]]],[155,[40.67353,80.97684,0,[98.001,134.4534]]],[1,[48.31088,91.19875,0,[100.001,124.2037]]],[156,[40.15976,80.08945,0,[98.001,134.9151]]],[2,[47.15659,89.53564,0,[100.001,124.1103]]],[15,[43.03339,83.56908,0,[100.001,123.9702]]],[153,[42.09747,83.25545,0,[98.001,134.9893]]],[5,[49.2562,89.34168,0,[100.001,124.5175]]],[151,[43.3967,85.42126,0,[98.001,134.464]]],[178,[49.78264,95.08145,0,[99.001,130.3774]]],[21,[44.16504,87.13344,0,[100.001,124.9161]]]
2:[114,[68.73547,137.4645,0,[158.001,131.5265]]],[99,[68.71297,137.4187,0,[158.001,130.3284]]],[129,[68.77998,137.5499,0,[158.001,132.8031]]],[84,[68.20805,136.4086,0,[157.001,129.1589]]],[98,[69.33401,138.6519,0,[158.001,130.8437]]],[144,[68.8741,137.7112,0,[158.001,134.1544]]],[69,[68.22349,136.4372,0,[157.001,127.905]]],[83,[68.81084,137.6094,0,[157.001,129.7335]]],[113,[69.3707,138.7246,0,[158.001,132.0028]]],[68,[68.8035,137.591,0,[157.001,128.6011]]],[128,[69.44717,138.8704,0,[158.001,133.2449]]],[97,[69.89526,139.7636,0,[158.001,131.1098]]],[82,[69.39954,138.7646,0,[157.001,129.9988]]],[112,[69.91899,139.7946,0,[158.001,132.2544]]],[67,[69.3803,138.7392,0,[157.001,128.8861]]],[54,[68.29495,136.5574,0,[157.001,126.5568]]],[53,[68.83829,137.6416,0,[157.001,127.3852]]],[96,[70.43296,140.8191,0,[158.001,130.5414]]],[111,[70.44376,140.8207,0,[158.001,131.6424]]],[52,[69.37336,138.7099,0,[157.001,127.7123]]],[127,[70.00202,139.9294,0,[158.001,133.4365]]],[143,[69.64735,139.1645,0,[158.001,134.5014]]],[81,[69.92628,139.7974,0,[157.001,129.4432]]],[126,[70.52695,140.9983,0,[158.001,132.7373]]],[66,[69.91489,139.7897,0,[157.001,128.3417]]],[80,[70.97215,141.8532,0,[158.001,130.1634]]],[95,[70.98997,141.8728,0,[158.001,131.2566]]],[65,[70.47141,140.8634,0,[157.001,129.0724]]],[110,[71.05376,141.9908,0,[158.001,132.3475]]],[141,[70.62602,140.9158,0,[158.001,133.8355]]],[38,[69.51191,138.6787,0,[157.001,126.4664]]],[94,[71.52797,142.9091,0,[158.001,130.6178]]],[51,[69.97042,139.7892,0,[157.001,127.2388]]],[125,[71.15257,142.125,0,[158.001,133.4365]]],[79,[71.01244,141.8879,0,[157.001,129.5222]]],[109,[71.60106,143.0454,0,[158.001,131.7063]]],[50,[70.49957,140.7926,0,[157.001,127.9787]]],[124,[71.72579,143.2145,0,[158.001,132.7816]]],[93,[72.10505,144.0374,0,[158.001,130.9107]]],[64,[71.02518,141.8793,0,[157.001,128.4231]]],[78,[71.55061,142.9814,0,[157.001,129.8253]]],[108,[72.20524,144.1055,0,[158.001,131.9893]]],[140,[71.3791,141.9817,0,[158.001,134.4597]]],[39,[68.95957,137.7578,0,[157.001,126.1691]]],[49,[71.19006,141.8657,0,[157.001,127.372]]],[77,[72.6405,145.0701,0,[158.001,130.2624]]],[123,[72.36949,144.3239,0,[158.001,133.0434]]],[63,[71.56473,142.9876,0,[157.001,128.7329]]],[92,[72.70187,145.1189,0,[158.001,131.3581]]],[62,[72.13447,144.074,0,[157.001,129.1671]]],[107,[72.83672,145.1441,0,[158.001,132.4336]]],[48,[71.78819,142.917,0,[157.001,127.7351]]],[61,[72.70547,145.2363,0,[157.001,129.8392]]],[139,[71.88669,143.1314,0,[158.001,133.8397]]],[76,[73.21508,146.1884,0,[158.001,130.9254]]],[36,[70.68206,140.9161,0,[157.001,126.947]]],[47,[72.30042,144.0208,0,[157.001,128.1176]]],[46,[72.75829,145.0912,0,[157.001,128.7598]]],[91,[73.34071,146.2289,0,[158.001,131.9924]]],[122,[72.96265,145.4048,0,[158.001,133.5241]]],[75,[73.7935,147.2957,0,[158.001,130.3701]]],[90,[73.82694,147.3462,0,[158.001,131.4527]]],[35,[71.65418,142.1747,0,[157.001,126.6719]]],[60,[73.39078,146.3388,0,[157.001,129.312]]],[106,[73.47151,146.2202,0,[158.001,133.0702]]],[32,[73.24294,145.3162,0,[157.001,128.2457]]],[33,[72.82333,144.2325,0,[157.001,127.5257]]],[89,[74.36643,148.4913,0,[158.001,130.778]]],[138,[72.49843,144.3074,0,[158.001,134.1262]]],[45,[73.81838,146.2008,0,[157.001,128.6276]]],[105,[73.95707,147.3364,0,[158.001,132.5203]]],[120,[74.44727,147.6839,0,[158.001,131.8629]]],[74,[73.95229,147.4511,0,[157.001,129.7056]]],[136,[73.75442,146.2706,0,[158.001,134.0267]]],[31,[73.6791,146.4026,0,[157.001,127.5577]]],[37,[70.07294,139.9288,0,[157.001,126.1233]]],[104,[74.93162,148.5003,0,[158.001,131.0865]]],[34,[72.34816,143.1443,0,[157.001,126.9296]]],[135,[74.68537,147.3127,0,[158.001,132.8562]]],[59,[74.35456,147.5439,0,[157.001,128.9342]]],[73,[74.99003,149.5952,0,[158.001,130.0035]]],[121,[74.23077,146.5357,0,[158.001,133.4814]]],[119,[75.10506,148.8819,0,[158.001,132.1311]]],[88,[75.53695,149.6945,0,[158.001,130.421]]],[134,[75.3953,148.5529,0,[158.001,133.0782]]],[58,[74.92889,148.6916,0,[157.001,129.2939]]],[44,[74.21259,147.435,0,[157.001,127.8281]]],[137,[73.2744,145.2965,0,[158.001,134.5739]]],[22,[73.26001,143.2516,0,[157.001,126.8588]]],[133,[75.84147,149.8608,0,[158.001,132.4452]]],[103,[75.56306,149.6496,0,[158.001,131.5006]]],[72,[75.45876,149.8523,0,[157.001,129.7452]]],[43,[74.7784,148.4867,0,[157.001,128.2298]]],[149,[74.97009,147.7519,0,[158.001,133.811]]],[57,[75.53529,149.8887,0,[157.001,128.6906]]],[118,[76.27945,150.2069,0,[158.001,131.7885]]],[87,[76.16212,150.9819,0,[158.001,130.7435]]],[71,[76.02295,151.1527,0,[157.001,129.2655]]],[147,[76.51767,150.4022,0,[158.001,132.7698]]],[150,[74.51536,146.7332,0,[158.001,134.4539]]],[30,[74.6347,147.7232,0,[157.001,127.1135]]],[132,[76.81758,151.099,0,[158.001,131.3907]]],[29,[75.26846,148.8631,0,[157.001,127.7604]]],[102,[76.66816,150.9554,0,[158.001,130.3232]]],[42,[75.98806,149.7307,0,[157.001,128.0817]]],[160,[77.08332,149.8953,0,[158.001,132.3627]]],[148,[76.07894,149.1296,0,[158.001,133.45]]],[117,[77.27213,151.6751,0,[158.001,130.7254]]],[86,[76.62268,151.303,0,[157.001,129.6698]]],[171,[76.95425,149.0904,0,[158.001,133.4658]]],[146,[77.55477,152.2218,0,[158.001,131.6603]]],[28,[76.46333,150.1586,0,[157.001,127.3983]]],[25,[72.88506,140.7675,0,[157.001,126.0406]]],[101,[77.75362,152.559,0,[158.001,130.1601]]],[24,[71.22041,141.1781,0,[157.001,125.9994]]],[131,[78.03915,152.8944,0,[158.001,131.0908]]],[159,[77.74896,151.5993,0,[158.001,132.6908]]],[41,[76.4831,151.041,0,[157.001,128.5972]]],[163,[75.14272,146.1459,0,[158.001,134.9987]]],[179,[78.36161,151.8624,0,[158.001,131.975]]],[116,[77.8372,152.6491,0,[157.001,129.8791]]],[70,[77.09977,152.6017,0,[157.001,129.1183]]],[20,[73.95555,145.3715,0,[157.001,126.5921]]],[170,[77.49361,150.708,0,[158.001,133.6866]]],[183,[78.38,146.8949,0,[158.001,133.072]]],[26,[70.62399,139.2968,0,[157.001,125.8559]]],[130,[78.58597,154.7168,0,[158.001,130.8671]]],[56,[76.99239,151.1314,0,[157.001,128.0498]]],[100,[78.2216,154.1053,0,[157.001,129.0887]]],[55,[77.61784,152.8677,0,[157.001,128.7258]]],[145,[79.12803,154.0681,0,[158.001,131.1113]]],[115,[78.55962,154.7773,0,[157.001,129.9792]]],[174,[78.04647,145.8438,0,[158.001,133.9582]]],[7,[78.80424,152.4644,0,[157.001,128.79]]],[12,[73.51838,143.7288,0,[157.001,125.8741]]],[17,[75.80845,149.0436,0,[157.001,127.0455]]],[172,[76.50791,147.6166,0,[158.001,134.1282]]],[177,[78.964,147.5088,0,[158.001,132.1778]]],[40,[77.63596,152.5903,0,[157.001,127.5434]]],[180,[77.22649,148.6493,0,[158.001,134.7288]]],[169,[79.6301,154.3719,0,[158.001,130.6268]]],[27,[79.21729,153.7796,0,[157.001,129.5356]]],[142,[70.21347,139.9626,0,[158.001,134.7247]]],[168,[79.0548,148.4659,0,[158.001,133.2809]]],[176,[79.6362,149.905,0,[158.001,131.815]]],[18,[75.1932,147.7607,0,[157.001,126.6962]]],[23,[72.08034,142.5505,0,[157.001,125.9479]]],[182,[80.18534,150.0171,0,[158.001,130.6842]]],[16,[77.0143,150.9464,0,[157.001,126.9543]]],[8,[78.2459,149.418,0,[157.001,127.9828]]],[162,[75.60395,146.9439,0,[158.001,134.1078]]],[164,[78.64768,147.2876,0,[158.001,134.2392]]],[166,[80.38776,150.0743,0,[158.001,131.7597]]],[175,[79.80134,147.0425,0,[158.001,132.8851]]],[0,[79.55571,150.535,0,[157.001,128.558]]],[10,[76.35046,146.5138,0,[157.001,126.2889]]],[11,[78.57011,146.8154,0,[157.001,127.0881]]],[19,[74.46733,146.4712,0,[157.001,126.0526]]],[158,[79.87652,154.6967,0,[157.001,129.5903]]],[181,[77.93388,147.2481,0,[158.001,135.0507]]],[161,[76.66386,148.4823,0,[158.001,135.1825]]],[165,[79.59692,146.1085,0,[158.001,134.0504]]],[152,[80.53934,152.5314,0,[158.001,132.9858]]],[3,[79.0626,148.3083,0,[157.001,127.8012]]],[6,[78.10396,144.6849,0,[157.001,126.4347]]],[85,[80.46658,154.8828,0,[157.001,129.1156]]],[13,[77.54768,144.4644,0,[157.001,126.2489]]],[154,[72.02417,142.3493,0,[158.001,134.9675]]],[167,[80.27666,147.8872,0,[158.001,134.2048]]],[173,[75.94704,146.1048,0,[158.001,134.988]]],[9,[79.44018,148.5104,0,[157.001,126.9192]]],[184,[80.9003,152.4129,0,[158.001,130.5523]]],[4,[78.92525,147.3588,0,[157.001,126.1482]]],[157,[79.11476,146.4975,0,[158.001,134.8519]]],[14,[74.99479,142.2346,0,[157.001,125.6882]]],[155,[70.87054,141.1379,0,[158.001,134.9262]]],[1,[80.72347,150.3582,0,[157.001,127.73]]],[156,[81.11258,150.7857,0,[158.001,131.9055]]],[2,[80.08756,148.602,0,[157.001,126.5822]]],[15,[76.87877,142.1376,0,[157.001,125.8819]]],[153,[72.77905,143.6219,0,[158.001,135.0854]]],[5,[80.02177,147.738,0,[157.001,127.9337]]],[151,[74.04749,145.6772,0,[158.001,135.0447]]],[178,[81.61768,154.2453,0,[158.001,130.0105]]],[21,[75.7072,144.758,0,[157.001,125.9515]]]
3:[114,[97.74086,195.4679,0,[216.001,131.3236]]],[99,[97.72693,195.4278,0,[216.001,130.2059]]],[129,[97.79147,195.5614,0,[216.001,132.498]]],[84,[97.72854,195.4366,0,[216.001,129.0915]]],[98,[98.33922,196.6544,0,[216.001,130.617]]],[144,[98.43713,196.7594,0,[217.001,133.691]]],[69,[97.28284,194.5208,0,[215.001,127.9749]]],[83,[98.32117,196.6197,0,[216.001,129.5012]]],[113,[98.37759,196.7308,0,[216.001,131.7675]]],[68,[98.33556,196.6234,0,[216.001,128.3434]]],[128,[98.47223,196.9028,0,[216.001,132.9798]]],[97,[98.91364,197.773,0,[216.001,131.1558]]],[82,[98.92333,197.7726,0,[216.001,130.061]]],[112,[98.96124,197.8273,0,[216.001,132.2587]]],[67,[98.90421,197.7603,0,[216.001,128.9688]]],[54,[97.56561,194.8442,0,[215.001,127.0116]]],[53,[98.14474,195.7488,0,[215.001,127.1909]]],[96,[99.47056,198.8313,0,[216.001,130.3577]]],[111,[99.47928,198.8497,0,[216.001,131.4674]]],[52,[98.56583,196.7946,0,[215.001,127.9252]]],[127,[99.73461,199.0549,0,[217.001,133.2239]]],[143,[99.33201,198.3472,0,[217.001,133.9848]]],[81,[99.45264,198.8091,0,[216.001,129.2502]]],[126,[99.6725,199.0887,0,[216.001,132.5113]]],[66,[99.62409,198.8221,0,[216.001,128.1928]]],[80,[100.018,199.8611,0,[216.001,130.0553]]],[95,[100.0381,199.8753,0,[216.001,131.1665]]],[65,[100.0876,199.8952,0,[216.001,128.9565]]],[110,[100.2147,200.0052,0,[216.001,132.2273]]],[141,[100.3079,200.125,0,[217.001,133.7356]]],[38,[98.84956,196.9046,0,[215.001,126.9672]]],[94,[100.601,200.9393,0,[216.001,130.7883]]],[51,[99.49377,197.9094,0,[215.001,127.3268]]],[125,[100.8878,201.1902,0,[217.001,133.3603]]],[79,[100.5924,200.9335,0,[216.001,129.6923]]],[109,[100.7816,201.0692,0,[216.001,131.8313]]],[50,[100.4936,199.9402,0,[216.001,128.2132]]],[124,[100.9818,201.2655,0,[216.001,132.8621]]],[93,[101.1768,202.0505,0,[216.001,130.8002]]],[64,[100.9835,201.0021,0,[216.001,128.9303]]],[78,[101.3393,201.9993,0,[216.001,129.7539]]],[108,[101.3689,202.1405,0,[216.001,131.8396]]],[140,[101.5688,201.3263,0,[217.001,133.9613]]],[39,[100.0906,196.7509,0,[215.001,127.0201]]],[49,[100.5502,200.0528,0,[215.001,127.8438]]],[77,[101.738,203.0917,0,[216.001,130.5184]]],[123,[101.541,202.4191,0,[216.001,132.9268]]],[63,[101.5349,202.0116,0,[216.001,128.6415]]],[92,[101.907,203.1366,0,[216.001,131.5643]]],[62,[101.9334,203.1047,0,[216.001,129.4194]]],[107,[102.0811,203.1767,0,[216.001,132.6181]]],[48,[101.176,200.9586,0,[215.001,127.5631]]],[61,[102.3003,204.2652,0,[216.001,130.2762]]],[139,[102.3516,202.2417,0,[217.001,133.8862]]],[76,[102.4513,204.2104,0,[216.001,131.3456]]],[36,[100.744,199.1592,0,[215.001,126.813]]],[47,[102.1948,203.0853,0,[216.001,128.3743]]],[46,[102.5732,204.1375,0,[216.001,129.3083]]],[91,[102.6443,204.2446,0,[216.001,132.3927]]],[122,[102.9484,204.5627,0,[217.001,133.5644]]],[75,[102.8974,205.3244,0,[216.001,130.6545]]],[90,[103.1555,205.3667,0,[216.001,131.6935]]],[35,[101.7074,200.5171,0,[215.001,127.1374]]],[60,[103.2638,205.4077,0,[216.001,129.8445]]],[106,[103.1891,204.3502,0,[216.001,132.806]]],[32,[103.1009,204.4235,0,[216.001,128.8015]]],[33,[102.2994,202.3724,0,[215.001,127.9136]]],[89,[103.5045,206.5181,0,[216.001,130.8347]]],[138,[103.556,203.7777,0,[217.001,133.8851]]],[45,[103.6466,205.332,0,[216.001,129.0396]]],[105,[103.759,205.3512,0,[216.001,132.5394]]],[120,[103.9445,205.7021,0,[216.001,131.4941]]],[74,[103.909,206.5453,0,[216.001,130.0369]]],[136,[104.2471,205.572,0,[217.001,133.727]]],[31,[103.2896,204.6037,0,[215.001,127.9633]]],[37,[102.3347,198.7699,0,[215.001,126.8258]]],[104,[104.3695,206.512,0,[216.001,130.7853]]],[34,[102.9836,201.4677,0,[215.001,127.0529]]],[135,[104.4105,205.4013,0,[216.001,132.1691]]],[59,[104.1912,206.5738,0,[216.001,128.7687]]],[73,[104.4836,207.6058,0,[216.001,129.7004]]],[121,[104.8581,205.602,0,[217.001,133.3658]]],[119,[104.852,206.9367,0,[216.001,131.3468]]],[88,[104.9865,207.7068,0,[216.001,130.2619]]],[134,[104.9674,206.637,0,[216.001,132.5826]]],[58,[104.962,207.7455,0,[216.001,129.0623]]],[44,[104.5947,206.5777,0,[216.001,128.0154]]],[137,[105.4784,205.1012,0,[217.001,133.7533]]],[22,[103.8389,201.62,0,[215.001,127.0295]]],[133,[105.4276,207.9245,0,[216.001,131.8276]]],[103,[105.5138,207.7064,0,[216.001,130.7418]]],[72,[105.4908,208.8847,0,[216.001,129.6396]]],[43,[104.6489,206.5563,0,[215.001,127.9954]]],[149,[105.5779,206.1613,0,[216.001,132.899]]],[57,[105.6916,208.9507,0,[216.001,128.619]]],[118,[105.9749,208.2568,0,[216.001,131.6441]]],[87,[106.0476,209.0238,0,[216.001,130.5139]]],[71,[106.098,210.2068,0,[216.001,129.4171]]],[147,[106.1644,208.4736,0,[216.001,132.6943]]],[150,[106.2279,206.4434,0,[217.001,133.9711]]],[30,[105.0487,205.9906,0,[215.001,127.2386]]],[132,[106.5166,209.1303,0,[216.001,131.1716]]],[29,[105.6063,207.141,0,[215.001,127.9173]]],[102,[106.5881,208.9804,0,[216.001,130.0325]]],[42,[106.5093,208.9908,0,[216.001,128.6919]]],[160,[106.7537,207.9664,0,[216.001,132.1707]]],[148,[106.935,208.2395,0,[217.001,133.7377]]],[117,[107.0384,209.7485,0,[216.001,130.693]]],[86,[106.9986,210.3277,0,[216.001,129.3069]]],[171,[107.4968,208.2314,0,[217.001,133.1621]]],[146,[107.2747,210.2987,0,[216.001,131.7959]]],[28,[106.9784,209.3954,0,[216.001,128.0963]]],[25,[106.0596,200.3226,0,[215.001,127.2608]]],[101,[107.4901,210.6248,0,[216.001,129.8908]]],[24,[105.549,200.0254,0,[215.001,126.794]]],[131,[107.639,210.9675,0,[216.001,130.9688]]],[159,[107.5439,209.7033,0,[216.001,132.7848]]],[41,[107.4769,210.1,0,[216.001,128.6756]]],[163,[107.8025,205.8472,0,[217.001,134.0917]]],[179,[107.9801,209.9319,0,[216.001,131.8762]]],[116,[108.0892,211.716,0,[216.001,130.3381]]],[70,[107.9955,211.6901,0,[216.001,129.2475]]],[20,[107.1391,204.7129,0,[215.001,127.5597]]],[170,[108.4468,209.8669,0,[217.001,133.8177]]],[183,[108.2782,205.0531,0,[216.001,132.8154]]],[26,[106.6533,199.5481,0,[215.001,126.9871]]],[130,[108.4447,212.7626,0,[216.001,131.286]]],[56,[108.1572,210.415,0,[216.001,128.1832]]],[100,[108.6342,213.3552,0,[216.001,130.213]]],[55,[108.5945,212.1091,0,[216.001,129.1115]]],[145,[108.959,212.201,0,[216.001,131.6978]]],[115,[109.1471,213.9291,0,[216.001,130.6217]]],[174,[108.8895,204.2437,0,[216.001,132.8075]]],[7,[109.1633,211.6164,0,[216.001,129.5021]]],[12,[107.7051,203.4886,0,[215.001,127.0074]]],[17,[108.722,208.6794,0,[216.001,128.0271]]],[172,[109.2366,207.0014,0,[217.001,133.9293]]],[177,[109.5264,205.724,0,[216.001,131.5611]]],[40,[109.2868,212.2939,0,[216.001,128.4112]]],[180,[109.4414,207.5376,0,[216.001,132.6867]]],[169,[109.6976,212.5882,0,[216.001,130.4812]]],[27,[109.7196,212.8994,0,[216.001,129.3657]]],[142,[110.0657,199.4753,0,[217.001,133.7746]]],[168,[110.0432,206.9576,0,[216.001,132.4209]]],[176,[110.1838,208.1887,0,[216.001,131.3418]]],[23,[108.4451,203.6794,0,[215.001,127.0032]]],[182,[110.2357,208.1814,0,[216.001,130.2261]]],[16,[109.9336,211.8555,0,[216.001,128.1803]]],[8,[110.2537,208.9368,0,[216.001,129.0822]]],[162,[110.6283,207.9546,0,[217.001,133.6422]]],[164,[110.6242,206.0353,0,[216.001,132.8944]]],[166,[110.7882,208.2885,0,[216.001,130.7657]]],[175,[110.8143,205.5391,0,[216.001,131.8576]]],[0,[110.7275,209.8867,0,[216.001,129.6652]]],[10,[109.9732,206.588,0,[215.001,127.8349]]],[11,[110.8709,207.0452,0,[216.001,128.6021]]],[19,[109.5888,206.3026,0,[215.001,126.9725]]],[158,[111.2578,213.9587,0,[216.001,129.9664]]],[181,[111.3179,206.9881,0,[217.001,134.0067]]],[161,[111.7593,211.1104,0,[217.001,133.017]]],[165,[111.4615,205.5038,0,[216.001,131.993]]],[152,[111.5475,211.1345,0,[216.001,130.9072]]],[3,[111.4998,208.2134,0,[216.001,128.9534]]],[6,[110.8039,204.0632,0,[215.001,127.8687]]],[85,[111.8746,214.1357,0,[216.001,130.0017]]],[13,[110.4089,204.3423,0,[215.001,127.0161]]],[154,[111.9771,209.6148,0,[216.001,132.71]]],[167,[112.0946,207.2808,0,[216.001,131.502]]],[173,[112.1951,208.6783,0,[217.001,133.8181]]],[9,[112.1978,209.0113,0,[216.001,129.1042]]],[184,[112.3666,210.6025,0,[216.001,130.5279]]],[4,[112.0387,208.2456,0,[216.001,128.0389]]],[157,[112.6658,207.1739,0,[216.001,132.0663]]],[14,[111.2689,203.1554,0,[215.001,127.0363]]],[155,[113.052,203.1246,0,[217.001,133.3828]]],[1,[112.7815,209.6809,0,[216.001,129.6976]]],[156,[112.9491,209.2751,0,[216.001,130.9519]]],[2,[112.7391,208.5789,0,[216.001,128.4236]]],[15,[112.0999,204.3252,0,[215.001,127.2375]]],[153,[113.2698,208.7682,0,[216.001,132.9532]]],[5,[113.3674,207.4587,0,[216.001,129.0065]]],[151,[113.5546,214.1042,0,[216.001,131.6328]]],[178,[113.5419,213.006,0,[216.001,130.2249]]],[21,[112.9654,207.2066,0,[215.001,127.6815]]]

Travel Distances:
[114,217.9829],[99,217.9707],[129,217.9734],[84,217.9757],[98,219.9721],[144,219.863],[69,219.9472],[83,219.9711],[113,219.9703],[68,219.9431],[128,219.9508],[97,219.941],[82,221.918],[112,221.8846],[67,221.9379],[54,221.6791],[53,221.4308],[96,221.8835],[111,221.884],[52,221.6525],[127,221.5769],[143,221.6455],[81,221.8979],[126,221.7328],[66,223.558],[80,223.817],[95,223.7935],[65,223.7129],[110,223.565],[141,223.4384],[38,223.11],[94,223.7307],[51,222.8961],[125,223.3998],[79,223.741],[109,223.5012],[50,222.9456],[124,225.2857],[93,225.6883],[64,225.0031],[78,225.3148],[108,225.3913],[140,224.1266],[39,222.5053],[49,224.9261],[77,225.6115],[123,225.3131],[63,224.9271],[92,225.3195],[62,227.2163],[107,227.0039],[48,226.5699],[61,227.6277],[139,225.4787],[76,227.2619],[36,225.5333],[47,226.6738],[46,226.9659],[91,226.9425],[122,226.6442],[75,227.5235],[90,229.0321],[35,226.9979],[60,228.874],[106,227.9555],[32,228.1968],[33,227.7245],[89,229.5029],[138,226.6035],[45,228.032],[105,227.8263],[120,227.8096],[74,230.6911],[136,229.0073],[31,230.0054],[37,225.9524],[104,229.7639],[34,227.4412],[135,228.5744],[59,230.0965],[73,230.6345],[121,227.8735],[119,229.2289],[88,231.7151],[134,230.6879],[58,231.8098],[44,231.3693],[137,228.0711],[22,227.8888],[133,231.061],[103,230.674],[72,231.8993],[43,231.1868],[149,228.9754],[57,233.5507],[118,232.2917],[87,232.9217],[71,233.9988],[147,232.1272],[150,229.9082],[30,231.8783],[132,232.0925],[29,231.9114],[102,231.7997],[42,231.9655],[160,230.4558],[148,230.3073],[117,233.654],[86,234.3041],[171,231.2187],[146,233.7428],[28,233.4149],[25,226.1076],[101,233.6397],[24,226.7805],[131,233.6864],[159,232.5826],[41,233.1364],[163,228.1279],[179,233.9568],[116,235.5002],[70,235.6661],[20,230.4037],[170,232.8294],[183,228.4467],[26,226.0868],[130,235.7988],[56,234.0857],[100,236.0679],[55,234.9047],[145,236.2677],[115,237.6258],[174,228.4524],[7,235.2783],[12,229.8806],[17,233.1956],[172,230.4192],[177,228.6613],[40,235.7105],[180,230.6013],[169,235.1886],[27,235.4532],[142,223.3094],[168,230.8434],[176,231.8017],[18,232.9271],[23,230.6993],[182,231.6957],[16,235.9797],[8,232.4148],[162,230.6046],[164,228.769],[166,230.7068],[175,227.9033],[0,232.4259],[10,232.6083],[11,231.2829],[19,233.0061],[158,237.3951],[181,230.1415],[161,233.5305],[165,228.5652],[152,234.0237],[3,231.1946],[6,228.4316],[85,236.3549],[13,231.3862],[154,233.6201],[167,231.0786],[173,231.9994],[9,232.5927],[184,233.8567],[4,232.1511],[157,229.8259],[14,228.496],[155,224.9279],[1,232.1062],[156,233.3382],[2,233.0514],[15,230.0329],[153,232.1417],[5,230.6628],[151,236.9608],[178,235.7782],[21,231.253]

Finish Times:
[114,110.7222],[99,110.7622],[129,110.8822],[84,110.9222],[98,111.3222],[144,111.3622],[69,111.4022],[83,111.4022],[113,111.4022],[68,111.6822],[128,111.6822],[97,111.8822],[82,111.9622],[112,112.0422],[67,112.1222],[54,112.3622],[53,112.4822],[96,112.4822],[111,112.4822],[52,112.5222],[127,112.5222],[143,112.5222],[81,112.5622],[126,112.8422],[66,112.9622],[80,113.0422],[95,113.0422],[65,113.2822],[110,113.2822],[141,113.3622],[38,113.4022],[94,113.6022],[51,113.6422],[125,113.6422],[79,113.6822],[109,113.8022],[50,113.8422],[124,114.1222],[93,114.1622],[64,114.2022],[78,114.4022],[108,114.4022],[140,114.5622],[39,114.6022],[49,114.6022],[77,114.7622],[123,114.7622],[63,114.8422],[92,114.9222],[62,115.0423],[107,115.1623],[48,115.3223],[61,115.3223],[139,115.4423],[76,115.4823],[36,115.5623],[47,115.5623],[46,115.7223],[91,115.7223],[122,115.7223],[75,115.9223],[90,116.1623],[35,116.2823],[60,116.3223],[106,116.3623],[32,116.4423],[33,116.4823],[89,116.4823],[138,116.6423],[45,116.8423],[105,116.8423],[120,116.9223],[74,116.9623],[136,117.1623],[31,117.2823],[37,117.3623],[104,117.3623],[34,117.4023],[135,117.4423],[59,117.5223],[73,117.5623],[121,117.6023],[119,117.8823],[88,118.0023],[134,118.0823],[58,118.1623],[44,118.2023],[137,118.4423],[22,118.4823],[133,118.4823],[103,118.5223],[72,118.5623],[43,118.6823],[149,118.8423],[57,118.9623],[118,118.9623],[87,119.0423],[71,119.2023],[147,119.2823],[150,119.3624],[30,119.4424],[132,119.5224],[29,119.6424],[102,119.6424],[42,119.7624],[160,119.8024],[148,119.8824],[117,120.0424],[86,120.1624],[171,120.2024],[146,120.2824],[28,120.4424],[25,120.4824],[101,120.5624],[24,120.6024],[131,120.6424],[159,120.6824],[41,120.7624],[163,120.8824],[179,121.0024],[116,121.1224],[70,121.1624],[20,121.3224],[170,121.3624],[183,121.4024],[26,121.4824],[130,121.5224],[56,121.5624],[100,121.6824],[55,121.8024],[145,122.0024],[115,122.1224],[174,122.1224],[7,122.2424],[12,122.2824],[17,122.2824],[172,122.4024],[177,122.5224],[40,122.5624],[180,122.6424],[169,122.6824],[27,122.8424],[142,123.1224],[168,123.1224],[176,123.1624],[18,123.2024],[23,123.2824],[182,123.2824],[16,123.3224],[8,123.4424],[162,123.4824],[164,123.7625],[166,123.8025],[175,123.8025],[0,123.8425],[10,124.0825],[11,124.1225],[19,124.2425],[158,124.3225],[181,124.3625],[161,124.4425],[165,124.4825],[152,124.5625],[3,124.7225],[6,124.8425],[85,124.9225],[13,125.0025],[154,125.0825],[167,125.0825],[173,125.2025],[9,125.3625],[184,125.4025],[4,125.4825],[157,125.6825],[14,125.7225],[155,125.8025],[1,125.8825],[156,125.9625],[2,126.0425],[15,126.3225],[153,126.4025],[5,126.5625],[151,126.5625],[178,126.6425],[21,126.8825]

Stuck Times:
[114,0],[99,0],[129,0],[84,0],[98,0],[144,0],[69,0],[83,0],[113,0],[68,0],[128,0],[97,0],[82,0],[112,0],[67,0],[54,0],[53,0],[96,0],[111,0],[52,0],[127,0],[143,0],[81,0],[126,0],[66,0],[80,0],[95,0],[65,0],[110,0],[141,0],[38,0],[94,0],[51,0],[125,0],[79,0],[109,0],[50,0],[124,0],[93,0],[64,0],[78,0],[108,0],[140,0],[39,1],[49,0],[77,0],[123,0],[63,0],[92,0],[62,0],[107,0],[48,0],[61,0],[139,0],[76,0],[36,0],[47,0],[46,0],[91,0],[122,0],[75,0],[90,0],[35,0],[60,0],[106,0],[32,0],[33,0],[89,0],[138,0],[45,0],[105,0],[120,0],[74,0],[136,0],[31,0],[37,4],[104,0],[34,1],[135,0],[59,0],[73,0],[121,1],[119,0],[88,0],[134,0],[58,0],[44,0],[137,2],[22,0],[133,0],[103,0],[72,0],[43,0],[149,1],[57,0],[118,0],[87,0],[71,0],[147,0],[150,2],[30,0],[132,0],[29,0],[102,0],[42,0],[160,1],[148,0],[117,0],[86,0],[171,0],[146,0],[28,0],[25,7],[101,0],[24,6],[131,0],[159,1],[41,0],[163,2],[179,1],[116,0],[70,0],[20,3],[170,1],[183,4],[26,8],[130,0],[56,0],[100,0],[55,1],[145,0],[115,0],[174,5],[7,0],[12,6],[17,3],[172,3],[177,4],[40,0],[180,4],[169,0],[27,0],[142,10],[168,5],[176,3],[18,4],[23,7],[182,4],[16,2],[8,5],[162,7],[164,7],[166,4],[175,6],[0,3],[10,5],[11,5],[19,5],[158,2],[181,5],[161,6],[165,7],[152,4],[3,4],[6,7],[85,2],[13,8],[154,7],[167,6],[173,5],[9,6],[184,5],[4,7],[157,6],[14,10],[155,12],[1,6],[156,9],[2,7],[15,10],[153,10],[5,8],[151,6],[178,3],[21,9]

