Experiment Name: Custom-DecreasingGateSize
Method Used: FlowGraph
Run Number: 2
Preparation Time: 89.5548ms
Pathfinding Time: 6.862ms
Finish Time: 128.1225ms
Finish Time 90%: 125.8025ms
Repaths: 0
Soft Repaths: 0

Gates Data:
0:[114,[12.15271,24.30362,0,[45.001,128.0027]]],[99,[11.64246,23.28355,0,[44.001,126.4816]]],[129,[12.17602,24.3491,0,[45.001,129.48]]],[84,[11.65258,23.30204,0,[44.001,125.053]]],[98,[12.69967,25.39328,0,[45.001,127.3259]]],[113,[12.72512,25.44501,0,[45.001,128.7162]]],[83,[12.23277,24.45021,0,[44.001,125.8836]]],[144,[12.22486,24.44476,0,[45.001,131.0315]]],[128,[12.74867,25.48672,0,[45.001,130.1502]]],[112,[13.27127,26.52894,0,[45.001,128.0217]]],[97,[12.74271,25.4739,0,[44.001,126.654]]],[96,[13.79774,27.58187,0,[45.001,127.3701]]],[68,[12.22273,24.43552,0,[44.001,124.488]]],[82,[12.77244,25.52619,0,[44.001,125.292]]],[127,[13.26729,26.51955,0,[45.001,129.364]]],[111,[13.82138,27.62683,0,[45.001,128.6533]]],[81,[13.31799,26.62014,0,[44.001,126.0326]]],[95,[14.33415,28.64625,0,[45.001,127.1159]]],[110,[14.37041,28.7168,0,[45.001,128.228]]],[142,[13.28478,26.55346,0,[45.001,130.7431]]],[69,[11.67942,23.35379,0,[44.001,123.5727]]],[126,[13.82025,27.62535,0,[45.001,129.9434]]],[125,[14.35083,28.68511,0,[45.001,129.3453]]],[80,[13.87189,27.72192,0,[44.001,125.9915]]],[109,[14.92498,29.80852,0,[45.001,128.1491]]],[94,[14.38192,28.72828,0,[44.001,126.9226]]],[124,[14.9169,29.76606,0,[45.001,129.3404]]],[140,[14.33697,28.64985,0,[45.001,130.4766]]],[93,[15.42614,30.80873,0,[45.001,127.4453]]],[66,[13.32585,26.63315,0,[44.001,124.6992]]],[108,[15.49018,30.91616,0,[45.001,128.5547]]],[53,[12.25263,24.48662,0,[44.001,123.0555]]],[139,[14.89106,29.7318,0,[45.001,130.5312]]],[79,[14.41925,28.81295,0,[44.001,125.6963]]],[156,[13.31112,26.59238,0,[45.001,132.1762]]],[153,[14.91218,29.78627,0,[45.001,131.7641]]],[122,[16.00904,31.94096,0,[45.001,129.2972]]],[92,[15.99401,31.87555,0,[45.001,127.0119]]],[107,[16.01375,31.99516,0,[45.001,128.1555]]],[51,[13.34078,26.65031,0,[44.001,123.3863]]],[123,[15.48475,30.86846,0,[45.001,129.6687]]],[78,[14.97008,29.88393,0,[44.001,126.3352]]],[106,[16.57976,33.12538,0,[45.001,128.7338]]],[91,[16.52523,32.99048,0,[45.001,127.622]]],[143,[12.79595,25.57796,0,[45.001,131.645]]],[67,[12.78308,25.54762,0,[44.001,123.9403]]],[76,[16.05583,32.05876,0,[44.001,126.5155]]],[121,[16.5407,33.04243,0,[45.001,129.8448]]],[90,[17.08495,34.08755,0,[45.001,127.7861]]],[77,[15.50858,30.94415,0,[44.001,125.8516]]],[137,[16.00132,31.90425,0,[45.001,130.4946]]],[65,[13.87696,27.71802,0,[44.001,124.8789]]],[75,[16.61702,33.12403,0,[44.001,126.6689]]],[105,[17.14885,34.23936,0,[45.001,128.8943]]],[60,[16.65357,33.16683,0,[44.001,125.5525]]],[104,[17.6894,35.34289,0,[45.001,128.6619]]],[120,[17.10977,34.16933,0,[45.001,130.0031]]],[89,[17.62384,35.21414,0,[45.001,127.5518]]],[61,[16.07179,32.06938,0,[44.001,125.4027]]],[119,[17.65636,35.25594,0,[45.001,129.807]]],[74,[17.17902,34.24153,0,[44.001,126.4422]]],[103,[18.25163,36.41587,0,[45.001,128.6283]]],[136,[16.53239,32.99923,0,[45.001,130.9606]]],[138,[15.46329,30.84779,0,[45.001,130.7751]]],[46,[16.34051,32.01151,0,[44.001,124.4343]]],[88,[18.183,36.29849,0,[45.001,127.5177]]],[118,[18.22851,36.38205,0,[45.001,129.7435]]],[52,[12.8002,25.56726,0,[44.001,122.5733]]],[134,[17.67653,35.23072,0,[45.001,130.9393]]],[87,[18.78253,37.41949,0,[45.001,128.2866]]],[59,[17.29823,34.38887,0,[44.001,125.3548]]],[73,[17.81262,35.39217,0,[44.001,126.4301]]],[102,[18.80638,37.56134,0,[45.001,129.436]]],[62,[15.54049,30.94953,0,[44.001,124.6659]]],[117,[18.82153,37.57478,0,[45.001,130.5553]]],[135,[17.12034,34.16579,0,[45.001,131.1121]]],[72,[18.80281,37.47251,0,[45.001,127.1686]]],[133,[18.26201,36.37551,0,[45.001,130.855]]],[58,[17.86841,35.5528,0,[44.001,125.3189]]],[101,[19.38736,38.70819,0,[45.001,129.0305]]],[57,[18.41788,36.65477,0,[44.001,126.0632]]],[116,[19.40638,38.70159,0,[45.001,130.2441]]],[132,[19.01164,37.59312,0,[45.001,131.6071]]],[63,[14.98675,29.8825,0,[44.001,125.2051]]],[35,[15.05767,28.92635,0,[44.001,122.3764]]],[71,[18.98426,37.72033,0,[44.001,126.6106]]],[86,[19.37387,38.61073,0,[45.001,127.8236]]],[151,[16.04717,31.96002,0,[45.001,131.7104]]],[152,[15.47999,30.87691,0,[45.001,131.8761]]],[42,[18.41048,36.65999,0,[44.001,124.9193]]],[85,[20.04418,39.95497,0,[45.001,128.8272]]],[131,[19.78111,38.68799,0,[45.001,131.1707]]],[55,[19.71061,39.28659,0,[44.001,126.5928]]],[50,[13.89358,27.74109,0,[44.001,123.7152]]],[70,[20.09713,40.06852,0,[45.001,127.7156]]],[45,[16.95154,33.20698,0,[44.001,124.4798]]],[56,[19.04152,37.93753,0,[44.001,125.3183]]],[100,[20.08671,40.04758,0,[45.001,129.9692]]],[147,[18.36458,36.46909,0,[45.001,131.9445]]],[40,[19.7936,39.42419,0,[44.001,125.4812]]],[148,[17.76799,35.28466,0,[45.001,132.0591]]],[16,[21.11127,40.80625,0,[45.00099,127.2935]]],[115,[20.8523,40.45549,0,[45.001,129.3485]]],[41,[19.03056,37.90747,0,[44.001,123.9505]]],[48,[14.96126,29.84135,0,[44.001,124.0859]]],[130,[20.54203,40.35564,0,[45.001,130.8289]]],[8,[20.57287,38.5195,0,[44.00098,125.7223]]],[28,[19.63739,37.46339,0,[44.001,124.3603]]],[17,[21.9587,40.98214,0,[45.00099,127.3987]]],[146,[19.55387,37.90476,0,[45.001,132.3829]]],[159,[18.83029,37.06435,0,[45.001,132.7554]]],[27,[21.46496,41.83194,0,[45.001,128.5795]]],[9,[20.24389,36.91076,0,[44.00099,124.2003]]],[44,[17.65791,34.28542,0,[44.001,124.2857]]],[0,[21.10635,40.38699,0,[44.001,125.1165]]],[54,[11.74657,23.47689,0,[44.001,122.0314]]],[158,[20.17836,38.7682,0,[45.001,132.189]]],[7,[21.85669,41.07393,0,[44.00099,126.0223]]],[179,[21.58573,39.84235,0,[45.001,130.9049]]],[157,[12.82949,25.64156,0,[45.001,133.0827]]],[2,[20.17609,35.96984,0,[44.00099,122.5508]]],[22,[16.35989,30.38219,0,[44.001,122.2254]]],[4,[21.02231,35.69112,0,[44.001,122.2211]]],[178,[21.97333,40.72385,0,[45.001,129.649]]],[145,[20.90132,39.81538,0,[45.001,132.019]]],[18,[19.58237,36.08462,0,[44.001,123.0503]]],[1,[20.88158,38.62309,0,[44.00099,123.6378]]],[172,[17.96823,33.36315,0,[45.001,134.1015]]],[6,[18.90326,30.96319,0,[44.001,121.2725]]],[182,[21.72833,33.22004,0,[45.001,132.4903]]],[3,[21.77649,39.95948,0,[44.001,124.4155]]],[184,[22.91263,42.45291,0,[45.001,129.2284]]],[30,[17.60664,34.67014,0,[44.001,123.187]]],[13,[17.83553,30.68747,0,[44.001,121.0107]]],[160,[18.2009,35.3682,0,[45.001,133.0841]]],[5,[21.86449,38.40075,0,[44.001,122.8357]]],[181,[22.62604,39.03346,0,[45.001,130.8714]]],[15,[16.53495,28.41961,0,[44.001,121.1018]]],[10,[18.32748,33.26737,0,[44.001,121.653]]],[11,[19.45997,34.04487,0,[44.001,121.7314]]],[174,[15.71098,30.91234,0,[45.001,134.0145]]],[169,[19.98361,37.69505,0,[45.001,133.5587]]],[38,[12.94883,25.56646,0,[44.001,121.1048]]],[64,[14.41177,28.78518,0,[44.001,124.4586]]],[25,[13.82877,26.78749,0,[44.001,121.1653]]],[183,[23.5421,38.56939,0,[45.00099,130.4814]]],[180,[20.64192,36.7751,0,[45.001,133.3511]]],[21,[17.12109,31.39412,0,[44.001,121.1264]]],[36,[13.89194,27.7261,0,[44.001,122.5098]]],[39,[12.37167,24.6517,0,[44.001,121.5553]]],[162,[16.90392,33.16369,0,[45.001,133.1987]]],[26,[14.86947,26.34271,0,[44.001,121.0842]]],[34,[15.35548,30.04103,0,[44.001,123.3145]]],[149,[17.2155,34.29508,0,[45.001,132.2086]]],[168,[13.35344,26.67509,0,[45.001,133.6065]]],[171,[18.81896,35.37756,0,[45.001,133.9442]]],[14,[15.98348,28.99102,0,[44.001,121.2352]]],[47,[15.87143,30.92933,0,[44.001,123.7286]]],[176,[14.6287,28.73016,0,[45.001,133.8155]]],[43,[18.37911,35.53419,0,[44.001,123.8136]]],[165,[15.13581,29.815,0,[45.001,132.9076]]],[19,[18.14199,34.02495,0,[44.001,122.8187]]],[37,[13.34449,26.63212,0,[44.001,122.0512]]],[163,[16.25855,31.96297,0,[45.001,132.912]]],[177,[15.15593,27.94701,0,[45.001,134.1016]]],[23,[15.41972,29.21693,0,[44.001,121.2673]]],[150,[16.62943,33.07935,0,[45.001,132.0679]]],[12,[17.64707,31.47222,0,[44.001,122.0719]]],[175,[17.18777,30.57718,0,[45.001,134.1653]]],[167,[13.91413,27.70218,0,[45.001,133.8388]]],[166,[14.42195,28.68053,0,[45.001,132.7771]]],[33,[15.71579,31.11787,0,[44.001,122.4335]]],[49,[14.47269,28.78247,0,[44.001,123.1652]]],[20,[16.94507,32.32955,0,[44.001,122.2681]]],[154,[14.36698,28.68128,0,[45.001,131.6086]]],[161,[17.52419,34.44645,0,[45.001,133.2029]]],[170,[19.40844,36.37059,0,[45.001,133.6197]]],[173,[16.33657,32.02596,0,[45.001,134.0219]]],[155,[13.87636,27.67848,0,[45.001,132.5637]]],[29,[18.81828,36.05863,0,[44.001,122.6788]]],[31,[17.00927,33.46956,0,[44.001,123.3759]]],[141,[13.83009,27.6389,0,[45.001,131.267]]],[32,[16.39627,32.22117,0,[44.001,123.3278]]],[24,[14.42783,27.85692,0,[44.001,121.8727]]],[164,[15.69678,30.87001,0,[45.001,132.9009]]]
1:[114,[39.1698,78.33769,0,[99.001,129.8791]]],[99,[39.15943,78.31712,0,[99.001,128.245]]],[129,[39.19719,78.39152,0,[99.001,131.4978]]],[84,[39.17177,78.33905,0,[99.001,126.6521]]],[98,[39.71582,79.42516,0,[99.001,129.1194]]],[113,[39.74471,79.4837,0,[99.001,130.6628]]],[83,[39.75412,79.4902,0,[99.001,127.5592]]],[144,[38.75586,77.50632,0,[98.001,133.1533]]],[128,[39.27654,78.54153,0,[98.001,132.2225]]],[112,[40.29005,80.5658,0,[99.001,129.9146]]],[97,[40.26017,80.50755,0,[99.001,128.4123]]],[96,[40.8179,81.62108,0,[99.001,129.2845]]],[68,[39.76858,79.5179,0,[99.001,126.0737]]],[82,[40.30449,80.58431,0,[99.001,126.8527]]],[127,[40.2948,80.5726,0,[99.001,131.3903]]],[111,[40.84931,81.68072,0,[99.001,130.6945]]],[81,[40.84523,81.67156,0,[99.001,127.8824]]],[95,[41.35406,82.6839,0,[99.001,128.8194]]],[110,[41.39338,82.76035,0,[99.001,130.0856]]],[142,[39.83809,79.6535,0,[98.001,132.8362]]],[69,[39.72258,79.41422,0,[100.001,125.0041]]],[126,[40.36859,80.7146,0,[98.001,132.1022]]],[125,[41.3928,82.76225,0,[99.001,131.4017]]],[80,[41.40422,82.77895,0,[99.001,127.5405]]],[109,[41.94402,83.84135,0,[99.001,129.557]]],[94,[41.91061,83.77358,0,[99.001,128.2942]]],[124,[41.94069,83.80856,0,[99.001,130.8103]]],[140,[40.93714,81.81683,0,[98.001,132.7411]]],[93,[42.44668,84.8399,0,[99.001,128.8902]]],[66,[41.02464,81.87333,0,[99.001,126.5931]]],[108,[42.51188,84.95131,0,[99.001,130.1494]]],[53,[40.57333,80.84062,0,[100.001,125.0035]]],[139,[41.43417,82.80901,0,[98.001,132.0669]]],[79,[42.02535,83.9016,0,[99.001,127.0782]]],[156,[40.0617,79.865,0,[98.001,134.0312]]],[153,[41.51378,82.93463,0,[98.001,133.3651]]],[122,[43.02843,85.97459,0,[99.001,130.6864]]],[92,[43.01594,85.91067,0,[99.001,128.2253]]],[107,[43.02862,86.01937,0,[99.001,129.4543]]],[51,[41.76251,83.083,0,[100.001,125.3235]]],[123,[42.52166,84.93496,0,[99.001,131.421]]],[78,[42.50442,84.93394,0,[99.001,127.6516]]],[106,[43.59733,87.15484,0,[99.001,130.0343]]],[91,[43.54419,87.01638,0,[99.001,128.7835]]],[143,[39.34866,78.67635,0,[98.001,133.9226]]],[67,[41.15087,81.7454,0,[100.001,125.5584]]],[76,[43.60968,87.10974,0,[99.001,127.5566]]],[121,[43.57371,87.09787,0,[99.001,131.2099]]],[90,[44.11271,88.13822,0,[99.001,129.4562]]],[77,[43.12161,86.02185,0,[99.001,127.0134]]],[137,[43.04006,85.96886,0,[99.001,131.9382]]],[65,[41.61594,82.83318,0,[99.001,126.2715]]],[75,[44.14357,88.16858,0,[99.001,128.3255]]],[105,[44.1986,88.3308,0,[99.001,130.5825]]],[60,[44.25356,88.25896,0,[99.001,127.2299]]],[104,[44.73244,89.39024,0,[99.001,130.2045]]],[120,[44.27253,88.33749,0,[99.001,131.6856]]],[89,[44.66577,89.24857,0,[99.001,129.108]]],[61,[43.68626,87.16982,0,[99.001,126.2678]]],[119,[44.81538,89.35506,0,[99.001,131.2993]]],[74,[44.7476,89.29777,0,[99.001,128.0138]]],[103,[45.26405,90.43444,0,[99.001,129.6479]]],[136,[43.30138,86.11949,0,[98.001,132.2403]]],[138,[42.05642,83.9829,0,[98.001,132.6913]]],[46,[44.27231,87.3221,0,[99.001,126.1232]]],[88,[45.25382,90.31458,0,[99.001,128.5133]]],[118,[45.31058,90.42803,0,[99.001,130.8109]]],[52,[41.65868,82.04361,0,[100.001,124.1702]]],[134,[44.43657,88.41606,0,[98.001,132.3633]]],[87,[45.80998,91.4353,0,[99.001,128.9891]]],[59,[44.9158,89.49512,0,[99.001,126.9671]]],[73,[45.44108,90.43958,0,[99.001,127.4572]]],[102,[45.84023,91.60402,0,[99.001,130.1028]]],[62,[43.67626,87.11124,0,[100.001,125.7161]]],[117,[45.90974,91.67622,0,[99.001,131.2079]]],[135,[43.95356,87.41074,0,[98.001,132.8921]]],[72,[45.97053,91.49106,0,[99.001,127.9218]]],[133,[44.96805,89.48261,0,[98.001,132.0222]]],[58,[45.4784,90.63618,0,[99.001,126.2531]]],[101,[46.42608,92.73236,0,[99.001,129.9215]]],[57,[46.01189,91.70356,0,[99.001,126.7788]]],[116,[46.52401,92.74002,0,[99.001,131.0276]]],[132,[45.69266,90.8382,0,[98.001,132.1741]]],[63,[42.6561,84.97938,0,[99.001,126.3931]]],[35,[44.57632,86.4814,0,[100.001,125.0832]]],[71,[46.58807,92.77729,0,[99.001,127.6959]]],[86,[46.4889,92.64257,0,[99.001,128.8131]]],[151,[42.84332,85.12673,0,[98.001,132.8746]]],[152,[42.58389,84.18131,0,[98.001,133.851]]],[42,[46.52918,91.89561,0,[99.001,126.3836]]],[85,[47.12527,94.05923,0,[99.001,130.5111]]],[131,[46.94046,92.91387,0,[99.001,131.7848]]],[55,[47.32659,94.37768,0,[99.001,128.3288]]],[50,[42.34015,83.88381,0,[100.001,124.8813]]],[70,[47.17231,94.15437,0,[99.001,129.4016]]],[45,[45.35531,89.31526,0,[100.001,125.877]]],[56,[47.09433,93.18368,0,[99.001,127.2036]]],[100,[47.53849,94.1736,0,[99.001,131.407]]],[147,[45.13033,89.66788,0,[98.001,133.1208]]],[40,[47.89813,94.80762,0,[99.001,128.6161]]],[148,[44.48996,88.61209,0,[98.001,133.4645]]],[16,[48.18418,94.90744,0,[99.001,129.5608]]],[115,[47.97858,94.64635,0,[99.001,130.5858]]],[41,[47.10762,93.4074,0,[99.001,126.0693]]],[48,[43.08919,86.01398,0,[100.001,125.0326]]],[130,[48.15182,94.69283,0,[99.001,131.7147]]],[8,[48.59142,93.80106,0,[99.001,128.7033]]],[28,[47.72363,92.95649,0,[99.001,127.3744]]],[17,[49.06054,95.12379,0,[99.001,129.6947]]],[146,[46.4425,91.4174,0,[98.001,132.8922]]],[159,[45.78544,90.55111,0,[98.001,133.2667]]],[27,[48.62174,95.90162,0,[99.001,130.5076]]],[9,[48.32749,92.32615,0,[99.001,127.6224]]],[44,[46.43924,90.49538,0,[100.001,125.4613]]],[0,[49.19397,95.73422,0,[99.001,128.3934]]],[54,[40.95225,80.07587,0,[100.001,124.1524]]],[158,[47.15393,92.18604,0,[98.001,132.6076]]],[7,[49.66824,96.53004,0,[99.001,129.8578]]],[179,[48.82159,93.98349,0,[99.001,131.6291]]],[157,[39.7944,78.93304,0,[98.001,135.0148]]],[2,[48.50418,91.71946,0,[99.001,126.5258]]],[22,[49.79843,90.01647,0,[99.001,127.1941]]],[4,[49.85931,92.35477,0,[99.001,128.5875]]],[178,[49.39735,94.86823,0,[99.001,131.0308]]],[145,[47.88661,93.25048,0,[98.001,132.7913]]],[18,[47.84626,91.90266,0,[99.001,126.2818]]],[1,[49.11823,94.17727,0,[99.001,127.1631]]],[172,[46.25641,87.79448,0,[98.001,133.9786]]],[6,[50.44779,90.98774,0,[99.001,128.3037]]],[182,[48.59225,86.64315,0,[98.001,132.6684]]],[3,[50.29724,95.85315,0,[99.001,129.8436]]],[184,[50.131,96.84435,0,[99.001,131.241]]],[30,[46.97672,91.53707,0,[100.001,125.2011]]],[13,[50.53098,90.50197,0,[99.001,126.8797]]],[160,[45.55491,88.84917,0,[98.001,134.3117]]],[5,[50.90961,95.92476,0,[99.001,131.057]]],[181,[49.21519,92.10288,0,[98.001,132.235]]],[15,[51.22908,93.02029,0,[99.001,128.1422]]],[10,[49.64471,92.19456,0,[100.001,125.7933]]],[11,[51.01277,93.57886,0,[99.001,129.5484]]],[174,[48.99085,88.51473,0,[98.001,134.7087]]],[169,[47.61606,91.15216,0,[98.001,133.7711]]],[38,[50.37115,89.43289,0,[100.001,125.8699]]],[64,[42.65399,84.92571,0,[100.001,125.838]]],[25,[51.42506,90.1397,0,[100.001,125.7397]]],[183,[50.26006,91.97572,0,[98.001,132.4986]]],[180,[48.48676,90.94549,0,[98.001,133.8108]]],[21,[51.53468,94.54518,0,[99.001,126.8476]]],[36,[42.6421,84.06544,0,[100.001,123.9492]]],[39,[49.49236,85.31487,0,[100.001,124.4627]]],[162,[45.134,87.24207,0,[98.001,135.2125]]],[26,[50.76062,88.55748,0,[100.001,124.7374]]],[34,[43.95011,86.55378,0,[100.001,124.752]]],[149,[43.97232,87.64917,0,[98.001,134.1357]]],[168,[42.09979,80.73295,0,[98.001,135.0112]]],[171,[48.11031,89.79014,0,[98.001,134.7717]]],[14,[52.11677,92.07854,0,[100.001,125.3575]]],[47,[45.13561,87.13562,0,[100.001,124.8677]]],[176,[49.35196,91.46506,0,[98.001,133.561]]],[43,[47.55026,91.91898,0,[100.001,124.8907]]],[165,[42.7117,83.1137,0,[98.001,135.0717]]],[19,[48.14806,91.17542,0,[100.001,125.2286]]],[37,[44.33564,84.12007,0,[100.001,123.9517]]],[163,[43.14468,85.22665,0,[98.001,134.2859]]],[177,[44.36665,82.63599,0,[98.001,134.9712]]],[23,[48.09254,87.17707,0,[100.001,124.0455]]],[150,[43.4193,86.32471,0,[98.001,133.3353]]],[12,[48.73666,89.30875,0,[100.001,124.2156]]],[175,[46.8027,85.92102,0,[98.001,134.8457]]],[167,[46.06808,82.76342,0,[98.001,135.0323]]],[166,[42.01711,83.01313,0,[98.001,133.9101]]],[33,[44.99173,87.59088,0,[100.001,123.8096]]],[49,[43.39,85.15325,0,[100.001,124.0559]]],[20,[47.22878,89.2668,0,[100.001,123.9662]]],[154,[41.2062,81.97095,0,[98.001,134.4279]]],[161,[44.87923,88.24258,0,[98.001,134.2311]]],[170,[46.95704,90.39778,0,[98.001,133.7108]]],[173,[47.41496,87.38697,0,[98.001,134.8642]]],[155,[40.66097,81.05215,0,[98.001,134.8755]]],[29,[48.88205,93.44377,0,[100.001,125.3577]]],[31,[45.82484,89.7141,0,[100.001,125.0711]]],[141,[40.55301,80.83291,0,[98.001,133.5334]]],[32,[45.75434,88.52531,0,[100.001,123.9687]]],[24,[46.57613,85.65997,0,[100.001,124.2105]]],[164,[43.54002,84.83819,0,[98.001,135.067]]]
2:[114,[68.67789,137.3522,0,[158.001,131.0264]]],[99,[68.17176,136.3383,0,[157.001,129.3273]]],[129,[68.7163,137.4279,0,[158.001,132.6933]]],[84,[68.21777,136.4158,0,[157.001,127.7151]]],[98,[69.22338,138.4381,0,[158.001,130.1773]]],[113,[69.25714,138.5066,0,[158.001,131.7642]]],[83,[68.77879,137.53,0,[157.001,128.5398]]],[144,[68.84399,137.6482,0,[158.001,134.3441]]],[128,[69.32335,138.6233,0,[158.001,133.3571]]],[112,[69.7983,139.5795,0,[158.001,130.9375]]],[97,[69.27433,138.5294,0,[157.001,129.4187]]],[96,[70.3269,140.6331,0,[158.001,130.2079]]],[68,[68.95747,137.6864,0,[157.001,127.0605]]],[82,[69.41925,138.689,0,[157.001,127.9162]]],[127,[69.82159,139.6205,0,[158.001,132.433]]],[111,[70.36404,140.7056,0,[158.001,131.6256]]],[81,[69.87407,139.7166,0,[157.001,128.7687]]],[95,[70.37191,140.7082,0,[157.001,129.6363]]],[110,[70.90311,141.7716,0,[158.001,130.9563]]],[142,[70.04642,139.8643,0,[158.001,133.8186]]],[69,[68.4472,136.7,0,[157.001,126.3185]]],[126,[70.44069,140.8213,0,[158.001,133.0117]]],[125,[70.92459,141.8083,0,[158.001,132.3124]]],[80,[70.52549,140.8838,0,[157.001,128.3654]]],[109,[71.46028,142.8569,0,[158.001,130.4785]]],[94,[70.9945,141.8545,0,[157.001,129.3397]]],[124,[71.46105,142.8343,0,[158.001,131.6927]]],[140,[71.06734,141.9558,0,[158.001,133.6241]]],[93,[71.53613,142.8723,0,[157.001,129.7007]]],[66,[70.17259,140.0315,0,[157.001,127.4193]]],[108,[72.02892,143.9689,0,[158.001,131.0972]]],[53,[69.59899,138.5028,0,[157.001,126.5156]]],[139,[71.59116,142.9241,0,[158.001,132.8303]]],[79,[71.21284,142.1732,0,[157.001,128.3162]]],[156,[70.51696,140.5025,0,[158.001,134.5803]]],[153,[71.81188,143.328,0,[158.001,133.8596]]],[122,[72.5732,145.0063,0,[158.001,131.6448]]],[92,[72.09786,143.9713,0,[157.001,129.2166]]],[107,[72.55055,145.0404,0,[158.001,130.4327]]],[51,[71.55069,141.1512,0,[157.001,127.1611]]],[123,[72.13229,143.9765,0,[158.001,132.4581]]],[78,[71.78431,143.0146,0,[157.001,128.2915]]],[106,[73.11503,146.1759,0,[158.001,131.0044]]],[91,[72.59738,145.0396,0,[157.001,129.7419]]],[143,[69.60783,138.9745,0,[158.001,134.7344]]],[67,[70.30133,138.9531,0,[157.001,126.2241]]],[76,[72.7959,145.18,0,[157.001,128.5763]]],[121,[73.22263,146.155,0,[158.001,132.1738]]],[90,[73.63266,147.1577,0,[158.001,130.347]]],[77,[72.32602,144.1474,0,[157.001,128.0039]]],[137,[72.71,145.0804,0,[158.001,132.8246]]],[65,[70.96793,141.1383,0,[157.001,127.2518]]],[75,[73.23504,146.2249,0,[157.001,129.2497]]],[105,[73.7407,147.3755,0,[158.001,131.4419]]],[60,[73.33662,146.3605,0,[157.001,127.9839]]],[104,[74.2551,148.4086,0,[158.001,130.9453]]],[120,[73.87786,147.4522,0,[158.001,132.5197]]],[89,[73.74081,147.2685,0,[157.001,129.8332]]],[61,[72.77789,145.2939,0,[157.001,127.2084]]],[119,[74.3794,148.4415,0,[158.001,132.0259]]],[74,[73.80695,147.3723,0,[157.001,128.7029]]],[103,[74.77518,149.4486,0,[158.001,130.5381]]],[136,[73.39897,146.2529,0,[158.001,133.3171]]],[138,[72.40373,144.1248,0,[158.001,133.7586]]],[46,[73.67796,145.5908,0,[157.001,127.1201]]],[88,[74.30399,148.3523,0,[157.001,129.3389]]],[118,[74.91589,149.4476,0,[158.001,131.7176]]],[52,[71.6815,140.5838,0,[157.001,126.0058]]],[134,[74.73569,148.6879,0,[158.001,132.8817]]],[87,[74.84512,149.4548,0,[157.001,129.8095]]],[59,[74.2289,147.7936,0,[157.001,128.0072]]],[73,[74.78083,148.6013,0,[157.001,128.6098]]],[102,[75.37755,150.6311,0,[158.001,130.9102]]],[62,[73.102,144.3551,0,[157.001,126.2524]]],[117,[75.55161,150.7346,0,[158.001,131.963]]],[135,[74.21098,147.7289,0,[158.001,133.3894]]],[72,[75.35632,149.6447,0,[157.001,129.4011]]],[133,[75.32137,149.5559,0,[158.001,132.9824]]],[58,[74.94782,148.9928,0,[157.001,127.5424]]],[101,[75.97863,151.7655,0,[158.001,130.7298]]],[57,[75.43338,149.9498,0,[157.001,128.0811]]],[116,[76.19878,151.7724,0,[158.001,131.8135]]],[132,[75.94061,150.958,0,[158.001,132.935]]],[63,[72.14063,143.1158,0,[157.001,126.9503]]],[35,[74.33939,144.47,0,[157.001,126.9332]]],[71,[75.88829,150.9984,0,[157.001,129.1347]]],[86,[76.47649,151.7732,0,[158.001,130.2556]]],[151,[72.9619,145.2882,0,[158.001,134.105]]],[152,[73.68748,144.9143,0,[158.001,134.3745]]],[42,[75.99036,150.349,0,[157.001,128.0351]]],[85,[76.70605,153.0812,0,[158.001,131.2747]]],[131,[76.65244,152.021,0,[158.001,132.509]]],[55,[76.4869,152.606,0,[157.001,129.8453]]],[50,[73.67776,142.3067,0,[157.001,126.0044]]],[70,[77.24392,153.2798,0,[158.001,130.817]]],[45,[75.07417,146.9135,0,[157.001,126.4684]]],[56,[76.49166,151.6229,0,[157.001,128.7373]]],[100,[77.24327,153.2465,0,[158.001,131.9547]]],[147,[75.6097,149.8027,0,[158.001,133.9627]]],[40,[77.02212,152.8392,0,[157.001,129.5193]]],[148,[74.88025,149.1508,0,[158.001,133.9575]]],[16,[77.85063,153.9308,0,[158.001,130.6033]]],[115,[77.78429,153.6804,0,[158.001,131.7035]]],[41,[76.59526,152.0788,0,[157.001,127.6438]]],[48,[74.3739,144.2638,0,[157.001,125.8384]]],[130,[77.85561,153.7738,0,[158.001,132.8002]]],[8,[77.67587,151.8275,0,[157.001,129.7168]]],[28,[77.13017,151.1216,0,[157.001,128.3764]]],[17,[78.70821,154.1445,0,[158.001,130.2306]]],[146,[77.15804,151.9061,0,[158.001,133.0526]]],[159,[76.41489,151.0054,0,[158.001,133.5219]]],[27,[78.40491,154.9668,0,[158.001,131.1485]]],[9,[77.72051,150.374,0,[157.001,128.6221]]],[44,[75.8632,147.9196,0,[157.001,126.9594]]],[0,[78.34953,153.7755,0,[157.001,129.1613]]],[54,[70.91138,138.0154,0,[157.001,126.0986]]],[158,[77.6465,152.3089,0,[158.001,133.8388]]],[7,[79.19989,155.5622,0,[158.001,131.1075]]],[179,[78.47478,153.1652,0,[158.001,132.2361]]],[157,[71.70346,140.5652,0,[158.001,134.9577]]],[2,[77.88593,149.8281,0,[157.001,127.5729]]],[22,[79.00073,148.1048,0,[157.001,128.9913]]],[4,[79.40005,151.3856,0,[158.001,130.0775]]],[178,[79.0431,153.9194,0,[158.001,132.158]]],[145,[78.3483,153.4816,0,[158.001,133.3185]]],[18,[77.26735,150.1861,0,[157.001,127.2319]]],[1,[78.45224,152.2827,0,[157.001,128.0719]]],[172,[78.14365,148.6947,0,[158.001,134.3413]]],[6,[80.079,150.0711,0,[158.001,130.0885]]],[182,[78.9286,146.9688,0,[158.001,133.2404]]],[3,[79.87544,154.8797,0,[158.001,131.1846]]],[184,[79.76923,155.8936,0,[158.001,132.2847]]],[30,[78.85163,149.8795,0,[157.001,127.1653]]],[13,[79.82057,148.7115,0,[157.001,129.0872]]],[160,[76.98401,149.8999,0,[158.001,134.1048]]],[5,[80.48931,154.9544,0,[158.001,132.1378]]],[181,[79.50425,152.2135,0,[158.001,133.3136]]],[15,[80.37971,151.1786,0,[157.001,129.6969]]],[10,[79.28799,149.9649,0,[157.001,128.051]]],[11,[80.60238,152.6381,0,[158.001,130.8843]]],[174,[80.84476,149.8033,0,[158.001,133.2502]]],[169,[78.81487,151.6587,0,[158.001,134.316]]],[38,[80.09011,146.8943,0,[157.001,128.1204]]],[64,[72.40833,142.2753,0,[157.001,125.9681]]],[25,[81.01331,147.9567,0,[157.001,129.5718]]],[183,[81.16121,152.3078,0,[158.001,131.8728]]],[180,[79.58751,151.4773,0,[158.001,134.4297]]],[21,[81.67355,154.5302,0,[158.001,130.8162]]],[36,[75.53944,143.3503,0,[157.001,125.8907]]],[39,[79.62637,143.2335,0,[157.001,127.1627]]],[162,[81.63987,154.8005,0,[158.001,133.2553]]],[26,[80.79874,146.6409,0,[157.001,128.374]]],[34,[76.14895,144.7684,0,[157.001,125.9953]]],[149,[75.17442,148.4151,0,[158.001,134.9044]]],[168,[81.93594,151.9536,0,[158.001,132.0665]]],[171,[80.21281,150.8591,0,[158.001,134.7253]]],[14,[82.34676,151.6359,0,[158.001,130.7679]]],[47,[76.67452,146.3564,0,[157.001,126.5551]]],[176,[80.18343,151.9698,0,[158.001,133.4246]]],[43,[78.29543,150.4297,0,[157.001,126.8484]]],[165,[81.99744,146.8503,0,[158.001,134.3952]]],[19,[81.73595,151.4605,0,[157.001,129.2498]]],[37,[77.10896,143.456,0,[157.001,125.8733]]],[163,[74.6308,145.9072,0,[158.001,135.3396]]],[177,[76.81306,144.2906,0,[158.001,135.1627]]],[23,[80.29319,147.1053,0,[157.001,127.0508]]],[150,[74.31029,146.6596,0,[158.001,134.4641]]],[12,[81.21248,149.5045,0,[157.001,127.4681]]],[175,[81.03169,149.0253,0,[158.001,134.5141]]],[167,[82.63866,149.7719,0,[158.001,132.525]]],[166,[78.40763,144.7591,0,[158.001,135.2964]]],[33,[77.67525,147.7726,0,[157.001,126.2716]]],[49,[78.41361,147.1915,0,[157.001,125.7801]]],[20,[82.10216,152.4007,0,[157.001,127.9517]]],[154,[72.36993,142.5487,0,[158.001,134.9518]]],[161,[76.30462,149.0342,0,[158.001,134.6075]]],[170,[77.52817,150.6875,0,[158.001,135.0089]]],[173,[79.14838,148.101,0,[158.001,135.1983]]],[155,[73.23423,142.743,0,[158.001,135.101]]],[29,[79.16936,151.0172,0,[157.001,126.1369]]],[31,[79.81922,149.4934,0,[157.001,126.0469]]],[141,[71.07644,141.0127,0,[158.001,134.8646]]],[32,[81.74304,152.9561,0,[157.001,126.5856]]],[24,[80.75909,146.6254,0,[157.001,126.3429]]],[164,[75.79617,146.2013,0,[158.001,135.06]]]
3:[114,[97.68711,195.3668,0,[216.001,131.0833]]],[99,[97.67891,195.3447,0,[216.001,129.3176]]],[129,[97.756,195.4954,0,[216.001,132.7342]]],[84,[97.28539,194.4996,0,[215.001,127.6828]]],[98,[98.23028,196.4442,0,[216.001,130.175]]],[113,[98.28852,196.561,0,[216.001,131.6474]]],[83,[98.30897,196.5678,0,[216.001,128.5537]]],[144,[98.82398,197.0402,0,[217.001,133.6798]]],[128,[98.63514,196.9478,0,[216.001,132.5887]]],[112,[98.81226,197.596,0,[216.001,131.069]]],[97,[98.78902,197.5429,0,[216.001,129.5155]]],[96,[99.33636,198.637,0,[216.001,130.3562]]],[68,[98.19466,195.9369,0,[215.001,127.2398]]],[82,[99.07716,197.8412,0,[216.001,128.1657]]],[127,[99.19248,197.7418,0,[216.001,132.8685]]],[111,[99.47507,198.7939,0,[216.001,131.7401]]],[81,[99.45628,198.7773,0,[216.001,128.985]]],[95,[99.92323,199.7216,0,[216.001,129.6508]]],[110,[99.98627,199.7945,0,[216.001,130.9216]]],[142,[99.93888,199.1763,0,[217.001,134.0122]]],[69,[99.08057,196.5364,0,[215.001,127.3706]]],[126,[100.3606,200.0287,0,[217.001,133.214]]],[125,[100.1121,199.9982,0,[216.001,132.0892]]],[80,[100.1021,199.9609,0,[216.001,128.2762]]],[109,[100.4859,200.8633,0,[216.001,130.4017]]],[94,[100.5378,200.8983,0,[216.001,129.1709]]],[124,[100.6747,200.9007,0,[216.001,131.5874]]],[140,[100.5407,200.4788,0,[216.001,132.9527]]],[93,[101.0637,201.8855,0,[216.001,130.0026]]],[66,[100.1904,198.5502,0,[215.001,127.8449]]],[108,[101.1661,201.9945,0,[216.001,131.0836]]],[53,[99.84655,197.012,0,[215.001,126.9682]]],[139,[101.0986,201.2484,0,[216.001,132.3173]]],[79,[101.0809,201.5821,0,[216.001,128.8936]]],[156,[101.2096,200.2119,0,[217.001,134.0471]]],[153,[101.734,202.8241,0,[217.001,133.3895]]],[122,[101.6467,203.0505,0,[216.001,131.8838]]],[92,[101.6633,203.0217,0,[216.001,129.517]]],[107,[101.7612,203.048,0,[216.001,130.7118]]],[51,[100.8462,199.4625,0,[215.001,127.9259]]],[123,[101.7825,202.0279,0,[216.001,132.969]]],[78,[101.8433,202.0777,0,[216.001,128.4323]]],[106,[102.2128,204.1954,0,[216.001,131.701]]],[91,[102.2468,204.0515,0,[216.001,130.1596]]],[143,[102.1132,200.0509,0,[217.001,134.1945]]],[67,[100.8813,198.3118,0,[215.001,126.831]]],[76,[102.453,204.2866,0,[216.001,129.1022]]],[121,[102.4388,204.2364,0,[216.001,132.8451]]],[90,[102.6811,205.1776,0,[216.001,131.0115]]],[77,[101.9037,202.3386,0,[215.001,127.9432]]],[137,[102.7834,204.1922,0,[217.001,133.9505]]],[65,[101.5778,199.8019,0,[215.001,127.0373]]],[75,[102.9381,205.2675,0,[216.001,130.0084]]],[105,[102.9332,205.4652,0,[216.001,132.0409]]],[60,[103.0656,205.6116,0,[216.001,128.8248]]],[104,[103.3766,206.4639,0,[216.001,131.1164]]],[120,[103.6982,206.7453,0,[217.001,133.0288]]],[89,[103.4877,206.3205,0,[216.001,129.9464]]],[61,[102.4899,203.5922,0,[215.001,127.7027]]],[119,[103.6364,206.6465,0,[216.001,132.1077]]],[74,[103.6666,206.438,0,[216.001,128.8738]]],[103,[103.9484,207.4632,0,[216.001,130.7072]]],[136,[104.2268,205.7944,0,[217.001,133.379]]],[138,[103.8287,203.6595,0,[217.001,134.1664]]],[46,[103.1069,204.0558,0,[215.001,127.7741]]],[88,[104.0984,207.3781,0,[216.001,129.5723]]],[118,[104.2235,207.5303,0,[216.001,131.668]]],[52,[102.8156,199.7516,0,[215.001,126.7962]]],[134,[104.204,206.9122,0,[216.001,132.794]]],[87,[104.5559,208.4839,0,[216.001,130.3239]]],[59,[104.2195,206.9985,0,[216.001,128.2]]],[73,[104.6163,207.7022,0,[216.001,129.1264]]],[102,[104.8872,208.6678,0,[216.001,131.1949]]],[62,[103.5556,203.2287,0,[215.001,127.0055]]],[117,[104.8367,208.8366,0,[216.001,132.2775]]],[135,[104.7357,207.1259,0,[217.001,134.0428]]],[72,[105.0915,208.6899,0,[216.001,129.9099]]],[133,[105.3463,208.8044,0,[217.001,133.3672]]],[58,[104.8096,208.2902,0,[216.001,128.0743]]],[101,[105.4086,209.8059,0,[216.001,130.7974]]],[57,[105.3243,209.1329,0,[216.001,128.9291]]],[116,[105.5407,209.8657,0,[216.001,131.8741]]],[132,[105.4447,209.2211,0,[216.001,132.9555]]],[63,[104.1602,202.2717,0,[215.001,127.0079]]],[35,[104.867,203.4267,0,[215.001,127.8274]]],[71,[105.8966,210.1007,0,[216.001,129.7004]]],[86,[105.9604,209.8111,0,[216.001,130.8042]]],[151,[105.616,205.0607,0,[217.001,134.312]]],[152,[106.1531,205.2858,0,[217.001,133.9814]]],[42,[105.8728,209.67,0,[216.001,128.5865]]],[85,[106.1348,211.1172,0,[216.001,131.8654]]],[131,[106.1148,210.2023,0,[216.001,132.9732]]],[55,[106.454,211.6333,0,[216.001,129.677]]],[50,[104.9886,201.4781,0,[215.001,126.76]]],[70,[106.5607,211.3,0,[216.001,130.7971]]],[45,[105.516,205.6675,0,[215.001,127.4615]]],[56,[106.4495,210.7282,0,[216.001,128.3833]]],[100,[106.7397,211.413,0,[216.001,131.9079]]],[147,[106.7817,209.4034,0,[217.001,134.061]]],[40,[106.9159,211.9139,0,[216.001,129.0504]]],[148,[107.2233,209.2538,0,[217.001,133.02]]],[16,[107.1032,211.9945,0,[216.001,130.1279]]],[115,[107.2297,211.8251,0,[216.001,131.2139]]],[41,[106.4229,210.4093,0,[215.001,127.7044]]],[48,[105.995,203.6507,0,[215.001,126.9072]]],[130,[107.4237,212.2005,0,[216.001,132.2631]]],[8,[107.605,210.8452,0,[216.001,129.5333]]],[28,[107.4004,210.362,0,[216.001,128.4948]]],[17,[107.7827,212.1671,0,[216.001,130.5904]]],[146,[107.9655,211.1853,0,[217.001,133.3673]]],[159,[107.4804,210.4609,0,[217.001,134.0608]]],[27,[107.9432,213.0413,0,[216.001,131.651]]],[9,[108.1006,209.4671,0,[216.001,128.913]]],[44,[107.3068,206.8978,0,[215.001,127.7486]]],[0,[108.2933,212.8625,0,[216.001,130.0123]]],[54,[106.8784,199.0177,0,[215.001,126.9802]]],[158,[108.5634,211.8748,0,[217.001,133.0677]]],[7,[108.5076,213.638,0,[216.001,131.0568]]],[179,[108.4118,211.3601,0,[216.001,132.2105]]],[157,[108.3696,201.773,0,[217.001,134.1479]]],[2,[107.9166,208.2089,0,[215.001,127.973]]],[22,[108.7602,207.1663,0,[216.001,129.2894]]],[4,[108.9499,209.43,0,[216.001,130.3949]]],[178,[108.9424,212.1458,0,[216.001,131.7829]]],[145,[109.2386,212.9691,0,[217.001,133.1035]]],[18,[107.689,208.6126,0,[215.001,126.8856]]],[1,[108.9967,211.43,0,[216.001,128.2861]]],[172,[109.0491,208.5316,0,[217.001,134.14]]],[6,[109.4143,208.0869,0,[216.001,129.772]]],[182,[109.7944,206.3886,0,[217.001,133.0094]]],[3,[109.4906,212.9302,0,[216.001,130.8632]]],[184,[109.4947,214.0299,0,[216.001,131.9723]]],[30,[108.5154,208.0731,0,[215.001,127.1705]]],[13,[109.5643,207.7345,0,[216.001,128.7259]]],[160,[109.923,209.7779,0,[217.001,134.0856]]],[5,[110.0388,213.121,0,[216.001,131.3363]]],[181,[109.9245,210.4589,0,[216.001,132.7721]]],[15,[110.0869,210.2807,0,[216.001,129.4249]]],[10,[109.2793,208.022,0,[215.001,127.7288]]],[11,[110.3476,210.7373,0,[216.001,130.4101]]],[174,[110.4638,208.0691,0,[216.001,132.0632]]],[169,[110.5742,211.6799,0,[217.001,133.883]]],[38,[110.3605,206.0817,0,[216.001,128.3724]]],[64,[109.0305,204.1085,0,[215.001,126.7504]]],[25,[110.7913,206.9854,0,[216.001,129.4959]]],[183,[110.8152,210.4134,0,[216.001,131.2074]]],[180,[111.1683,211.3861,0,[217.001,133.0856]]],[21,[111.1808,212.5703,0,[216.001,130.3819]]],[36,[109.8063,203.7918,0,[215.001,127.1025]]],[39,[110.955,202.8781,0,[216.001,128.3007]]],[162,[111.1927,213.0299,0,[216.001,132.2187]]],[26,[111.4013,205.9527,0,[216.001,129.2841]]],[34,[110.4272,205.6103,0,[215.001,127.1513]]],[149,[111.2972,209.8789,0,[217.001,134.1618]]],[168,[111.6135,210.0986,0,[216.001,131.3771]]],[171,[111.8571,211.1599,0,[217.001,133.3941]]],[14,[111.8692,209.6639,0,[216.001,130.3201]]],[47,[111.5568,207.6694,0,[216.001,128.0877]]],[176,[111.8756,210.9441,0,[216.001,132.531]]],[43,[112.0202,211.7406,0,[216.001,129.1117]]],[165,[112.3737,206.1716,0,[216.001,131.2925]]],[19,[112.4904,210.8757,0,[216.001,130.1055]]],[37,[111.2789,205.3919,0,[215.001,127.0497]]],[163,[112.3599,209.5607,0,[217.001,133.8857]]],[177,[112.4453,205.9478,0,[216.001,132.4582]]],[23,[112.0774,207.1745,0,[215.6125,128]]],[150,[113.0127,208.7548,0,[217.001,133.7024]]],[12,[112.7296,209.343,0,[216.001,128.9511]]],[175,[113.0326,209.8052,0,[216.001,131.3907]]],[167,[113.1538,208.7149,0,[216.001,130.2321]]],[166,[113.0446,206.7616,0,[216.001,132.6394]]],[33,[112.1587,210.1162,0,[215.001,127.1132]]],[49,[112.6379,208.8438,0,[215.001,127.9269]]],[20,[113.4971,212.4075,0,[216.001,129.2315]]],[154,[113.6401,209.173,0,[216.001,132.2187]]],[161,[113.6829,209.3816,0,[217.001,133.7953]]],[170,[113.9957,216.4153,0,[216.001,131.1901]]],[173,[113.9655,210.7935,0,[216.001,130.0176]]],[155,[114.4359,206.419,0,[217.001,133.4311]]],[29,[113.8959,213.022,0,[216.001,128.4518]]],[31,[113.3287,211.1115,0,[215.001,127.2134]]],[141,[114.5039,211.0692,0,[216.001,132.0927]]],[32,[114.529,213.6171,0,[216.001,129.3357]]],[24,[114.0107,207.1827,0,[215.001,127.7968]]],[164,[115.5024,213.6935,0,[217.001,133.0894]]]

Travel Distances:
[114,217.99],[99,217.9847],[129,217.9805],[84,219.9221],[98,219.9783],[113,219.9795],[83,219.945],[144,219.3674],[128,219.6726],[112,219.9683],[97,219.9621],[96,221.959],[68,221.5253],[82,221.6816],[127,221.3351],[111,221.8398],[81,221.861],[95,223.8473],[110,223.8113],[142,223.2562],[69,222.3294],[126,223.2889],[125,223.7668],[80,223.7512],[109,223.8882],[94,223.8166],[124,223.5484],[140,223.3874],[93,225.7397],[66,224.1436],[108,225.6454],[53,223.2792],[139,225.0343],[79,225.3843],[156,223.7534],[153,225.3365],[122,225.7532],[92,225.69],[107,225.5216],[51,223.7306],[123,226.4343],[78,226.3714],[106,227.7582],[91,227.5518],[143,223.7498],[67,224.4937],[76,227.3732],[121,227.327],[90,227.8129],[77,226.5043],[137,226.516],[65,224.5863],[75,229.382],[105,229.5887],[60,229.4676],[104,229.7076],[120,229.3392],[89,229.3399],[61,228.5935],[119,229.3678],[74,229.0982],[103,229.5603],[136,229.3099],[138,227.9609],[46,229.8262],[88,231.1691],[118,231.0752],[52,226.0656],[134,230.4762],[87,231.3679],[59,230.5426],[73,230.4538],[102,230.886],[62,228.0529],[117,231.1533],[135,231.4832],[72,232.4801],[133,232.0852],[58,232.6286],[101,232.9765],[57,232.4722],[116,232.7751],[132,232.3194],[63,227.731],[35,227.6385],[71,234.2991],[86,233.8579],[151,229.7551],[152,228.9165],[42,233.9015],[85,234.8378],[131,233.9531],[55,234.7209],[50,227.4339],[70,234.1714],[45,230.5348],[56,233.7796],[100,233.9181],[147,233.725],[40,236.0398],[148,232.7618],[16,235.7787],[115,235.3554],[41,235.5355],[48,229.4686],[130,235.3438],[8,233.6316],[28,233.5491],[17,234.5979],[146,233.2395],[159,233.3891],[27,237.1375],[9,233.2577],[44,232.2647],[0,236.2709],[54,225.1811],[158,234.7319],[7,236.6194],[179,234.4904],[157,224.9726],[2,232.3563],[22,229.6376],[4,233.5196],[178,236.2389],[145,236.4621],[18,235.0815],[1,235.4196],[172,232.3434],[6,231.2429],[182,228.7886],[3,235.9043],[184,237.0304],[30,233.0065],[13,230.5919],[160,231.8807],[5,237.0239],[181,234.5896],[15,234.0976],[10,233.4288],[11,234.0387],[174,231.1325],[169,234.4734],[38,229.3496],[64,229.8388],[25,229.3968],[183,232.7777],[180,235.0211],[21,236.2007],[36,230.0737],[39,226.9365],[162,236.6365],[26,229.138],[34,230.5875],[149,233.2077],[168,232.8682],[171,233.4292],[14,231.9228],[47,230.5204],[176,235.1743],[43,235.689],[165,229.4203],[19,233.8891],[37,230.7354],[163,232.6789],[177,229.0489],[23,230.9992],[150,230.6921],[12,231.8777],[175,233.7285],[167,232.3971],[166,230.6284],[33,235.7137],[49,233.5549],[20,235.4098],[154,231.8831],[161,231.862],[170,240.4095],[173,234.8344],[155,229.5138],[29,237.1929],[31,236.4055],[141,234.0578],[32,236.5349],[24,231.094],[164,236.6703]

Finish Times:
[114,110.6822],[99,110.7622],[129,110.8422],[84,111.2022],[98,111.2422],[113,111.2822],[83,111.4822],[144,111.6422],[128,111.7222],[112,111.8022],[97,111.8422],[96,112.3222],[68,112.3622],[82,112.3622],[127,112.4022],[111,112.5222],[81,112.5622],[95,112.9622],[110,113.0022],[142,113.0422],[69,113.1622],[126,113.1622],[125,113.2022],[80,113.3622],[109,113.4822],[94,113.6422],[124,113.7222],[140,113.8422],[93,114.0822],[66,114.1222],[108,114.1622],[53,114.2422],[139,114.2422],[79,114.2822],[156,114.4422],[153,114.6422],[122,114.6822],[92,114.7222],[107,114.7622],[51,114.9222],[123,115.0023],[78,115.0823],[106,115.2423],[91,115.2823],[143,115.3623],[67,115.4423],[76,115.6023],[121,115.6423],[90,115.6823],[77,115.8023],[137,115.8023],[65,115.8823],[75,115.9623],[105,116.0023],[60,116.2823],[104,116.3623],[120,116.4423],[89,116.5223],[61,116.5623],[119,116.7223],[74,116.8823],[103,116.9223],[136,117.1223],[138,117.1223],[46,117.1623],[88,117.1623],[118,117.2423],[52,117.4023],[134,117.4023],[87,117.5623],[59,117.6023],[73,117.7623],[102,117.8823],[62,117.9223],[117,117.9223],[135,117.9623],[72,118.1623],[133,118.2023],[58,118.2423],[101,118.4023],[57,118.5223],[116,118.5623],[132,118.6023],[63,118.6423],[35,118.9223],[71,118.9623],[86,118.9623],[151,119.0023],[152,119.1223],[42,119.1623],[85,119.2023],[131,119.3624],[55,119.4824],[50,119.5624],[70,119.5624],[45,119.6424],[56,119.7224],[100,119.8424],[147,120.0024],[40,120.0424],[148,120.0824],[16,120.1224],[115,120.2424],[41,120.4024],[48,120.5624],[130,120.6024],[8,120.6424],[28,120.6424],[17,120.7624],[146,120.8824],[159,120.8824],[27,120.9624],[9,121.2824],[44,121.2824],[0,121.3224],[54,121.3624],[158,121.3624],[7,121.4824],[179,121.5624],[157,121.6024],[2,121.8824],[22,121.8824],[4,121.9624],[178,121.9624],[145,122.1224],[18,122.2024],[1,122.3224],[172,122.3224],[6,122.4824],[182,122.4824],[3,122.5224],[184,122.5624],[30,122.7624],[13,122.8024],[160,122.9224],[5,123.0424],[181,123.1624],[15,123.2024],[10,123.3224],[11,123.3624],[174,123.5624],[169,123.6424],[38,123.6824],[64,123.6824],[25,123.8425],[183,123.8425],[180,123.9625],[21,124.1625],[36,124.1625],[39,124.1625],[162,124.2825],[26,124.4825],[34,124.5225],[149,124.5625],[168,124.6425],[171,124.7225],[14,124.8825],[47,124.8825],[176,125.0425],[43,125.1225],[165,125.3625],[19,125.5225],[37,125.5225],[163,125.5225],[177,125.5225],[23,125.6025],[150,125.8025],[12,125.8825],[175,126.0425],[167,126.1625],[166,126.2025],[33,126.4025],[49,126.4425],[20,126.6025],[154,126.6825],[161,126.6825],[170,127.0025],[173,127.0025],[155,127.1225],[29,127.1625],[31,127.4425],[141,127.5225],[32,127.6425],[24,127.8825],[164,128.1225]

Stuck Times:
[114,0],[99,0],[129,0],[84,0],[98,0],[113,0],[83,0],[144,0],[128,0],[112,0],[97,0],[96,0],[68,0],[82,0],[127,0],[111,0],[81,0],[95,0],[110,0],[142,0],[69,0],[126,0],[125,0],[80,0],[109,0],[94,0],[124,0],[140,0],[93,0],[66,0],[108,0],[53,0],[139,0],[79,0],[156,0],[153,0],[122,0],[92,0],[107,0],[51,0],[123,0],[78,0],[106,0],[91,0],[143,1],[67,0],[76,0],[121,0],[90,0],[77,0],[137,0],[65,2],[75,0],[105,0],[60,0],[104,0],[120,0],[89,0],[61,0],[119,0],[74,0],[103,0],[136,1],[138,1],[46,0],[88,0],[118,0],[52,1],[134,0],[87,0],[59,0],[73,0],[102,0],[62,1],[117,0],[135,0],[72,0],[133,0],[58,0],[101,0],[57,0],[116,0],[132,0],[63,2],[35,0],[71,0],[86,0],[151,3],[152,2],[42,0],[85,0],[131,0],[55,0],[50,3],[70,0],[45,1],[56,0],[100,0],[147,1],[40,0],[148,2],[16,0],[115,0],[41,0],[48,3],[130,0],[8,1],[28,0],[17,1],[146,0],[159,1],[27,0],[9,1],[44,1],[0,0],[54,7],[158,0],[7,1],[179,1],[157,9],[2,1],[22,4],[4,3],[178,1],[145,1],[18,3],[1,1],[172,2],[6,3],[182,5],[3,1],[184,0],[30,2],[13,5],[160,2],[5,3],[181,2],[15,4],[10,3],[11,2],[174,4],[169,0],[38,5],[64,7],[25,6],[183,4],[180,4],[21,2],[36,7],[39,9],[162,2],[26,7],[34,9],[149,7],[168,6],[171,3],[14,5],[47,6],[176,4],[43,4],[165,9],[19,5],[37,9],[163,6],[177,9],[23,8],[150,9],[12,7],[175,6],[167,7],[166,9],[33,4],[49,7],[20,6],[154,7],[161,8],[170,3],[173,8],[155,12],[29,4],[31,5],[141,8],[32,4],[24,11],[164,7]

