Experiment Name: Custom-DecreasingGateSize
Method Used: FlowGraph
Run Number: 6
Preparation Time: 89.5548ms
Pathfinding Time: 3.5414ms
Finish Time: 128.4825ms
Finish Time 90%: 126.2025ms
Repaths: 0
Soft Repaths: 0

Gates Data:
0:[114,[12.15247,24.30314,0,[45.001,127.9879]]],[99,[11.64226,23.28321,0,[44.001,126.4695]]],[129,[12.17552,24.34818,0,[45.001,129.4618]]],[84,[11.65236,23.30155,0,[44.001,125.0409]]],[98,[12.69961,25.39313,0,[45.001,127.3207]]],[113,[12.72474,25.44416,0,[45.001,128.7049]]],[83,[12.23254,24.44992,0,[44.001,125.8766]]],[112,[13.2715,26.52949,0,[45.001,128.041]]],[97,[12.7433,25.4751,0,[44.001,126.6819]]],[128,[12.74775,25.48424,0,[45.001,130.1258]]],[69,[11.67914,23.35339,0,[44.001,123.5593]]],[127,[13.26661,26.51862,0,[45.001,129.3737]]],[82,[12.77342,25.52798,0,[44.001,125.35]]],[96,[13.79856,27.58384,0,[45.001,127.4193]]],[111,[13.82199,27.62841,0,[45.001,128.6966]]],[81,[13.31952,26.62348,0,[44.001,126.1086]]],[144,[12.22412,24.44315,0,[45.001,131.0004]]],[68,[12.22289,24.43592,0,[44.001,124.4912]]],[95,[14.33106,28.64226,0,[45.001,127.0959]]],[126,[13.82058,27.62687,0,[45.001,129.9814]]],[110,[14.36807,28.71311,0,[45.001,128.2124]]],[66,[13.32794,26.63813,0,[44.001,124.8243]]],[125,[14.34806,28.68289,0,[45.001,129.3637]]],[80,[13.8683,27.71806,0,[44.001,125.9712]]],[94,[14.88626,29.73675,0,[45.001,127.2897]]],[109,[14.9273,29.81721,0,[45.001,128.5934]]],[53,[12.25218,24.48672,0,[44.001,123.0668]]],[142,[13.2825,26.54931,0,[45.001,130.7402]]],[79,[14.4245,28.82196,0,[44.001,126.009]]],[65,[13.87339,27.71458,0,[44.001,124.8635]]],[93,[15.4259,30.81164,0,[45.001,127.6341]]],[124,[14.92165,29.77885,0,[45.001,129.8289]]],[78,[14.95374,29.88106,0,[44.001,126.482]]],[108,[15.48618,30.91982,0,[45.001,128.7379]]],[67,[12.78467,25.549,0,[44.001,124.0204]]],[63,[14.94712,29.86772,0,[44.001,125.3134]]],[92,[15.95029,31.878,0,[45.001,127.2955]]],[107,[16.01895,32.00278,0,[45.001,128.5039]]],[77,[15.48821,30.94488,0,[44.001,126.101]]],[123,[15.47542,30.87406,0,[45.001,129.8374]]],[64,[14.41687,28.79172,0,[44.001,124.7116]]],[91,[16.50171,32.98139,0,[45.001,127.9162]]],[122,[16.02005,31.95445,0,[45.001,129.7257]]],[62,[15.49883,30.95158,0,[44.001,124.9298]]],[106,[16.57736,33.13152,0,[45.001,129.1482]]],[54,[11.74585,23.47799,0,[44.001,122.0162]]],[76,[16.03878,32.04932,0,[44.001,126.7651]]],[75,[17.09722,34.15542,0,[45.001,127.2854]]],[140,[14.33798,28.65257,0,[45.001,130.5458]]],[121,[16.54476,33.05979,0,[45.001,130.3305]]],[90,[17.06551,34.11108,0,[45.001,128.4475]]],[48,[14.92714,29.80661,0,[44.001,124.1185]]],[61,[16.04764,32.0598,0,[44.001,125.6243]]],[89,[17.6237,35.19334,0,[45.001,127.7675]]],[74,[17.18789,34.21893,0,[44.001,126.6386]]],[60,[16.62959,33.20512,0,[44.001,126.1277]]],[137,[16.01661,31.9231,0,[45.001,131.0044]]],[104,[17.68276,35.32259,0,[45.001,128.8757]]],[105,[17.14535,34.26272,0,[45.001,129.6241]]],[50,[13.88973,27.73818,0,[44.001,123.7452]]],[88,[18.1794,36.29439,0,[45.001,127.6999]]],[103,[18.24083,36.43408,0,[45.001,129.0186]]],[73,[17.78708,35.34028,0,[44.001,126.402]]],[45,[16.64722,33.15578,0,[44.001,125.0017]]],[118,[18.24986,36.40118,0,[45.001,130.273]]],[72,[18.75803,37.44775,0,[45.001,127.1805]]],[120,[17.11257,34.1902,0,[45.001,130.7834]]],[87,[18.73485,37.41497,0,[45.001,128.3604]]],[46,[16.07063,31.97156,0,[44.001,124.4855]]],[59,[17.24669,34.3271,0,[44.001,125.5214]]],[119,[17.68629,35.24874,0,[45.001,129.9964]]],[102,[18.81262,37.57349,0,[45.001,129.553]]],[57,[18.40392,36.61327,0,[44.001,126.0388]]],[86,[19.33077,38.58824,0,[45.001,127.8961]]],[101,[19.38077,38.69479,0,[45.001,129.0081]]],[133,[18.39551,36.39306,0,[45.001,131.4393]]],[49,[14.44508,28.78764,0,[44.001,123.3697]]],[44,[17.28727,34.31261,0,[44.001,124.4071]]],[42,[18.53282,36.61762,0,[44.001,124.8208]]],[116,[19.48539,38.7002,0,[45.001,130.1423]]],[71,[18.96436,37.69036,0,[44.001,126.812]]],[134,[17.68618,35.24296,0,[45.001,131.1154]]],[58,[17.92677,35.49311,0,[44.001,125.1748]]],[85,[20.08033,40.00824,0,[45.001,129.0412]]],[132,[18.89734,37.62703,0,[45.001,131.9284]]],[117,[18.88984,37.59655,0,[45.001,130.6755]]],[55,[19.71514,39.26521,0,[44.001,126.5872]]],[70,[20.10312,40.07678,0,[45.001,127.7936]]],[56,[19.06344,37.92062,0,[44.001,125.6611]]],[51,[13.3451,26.66045,0,[44.001,123.5488]]],[115,[20.19351,40.08549,0,[45.001,130.2453]]],[32,[16.60431,32.26408,0,[44.001,123.8561]]],[27,[21.03218,41.20903,0,[45.001,127.1849]]],[100,[20.79166,40.03771,0,[45.001,128.4713]]],[130,[20.23061,40.15802,0,[45.001,131.4751]]],[31,[17.19791,33.39437,0,[44.001,123.3004]]],[135,[17.15617,34.18208,0,[45.001,131.9386]]],[178,[21.15184,39.21766,0,[45.001,131.0654]]],[41,[19.67189,38.27997,0,[44.001,125.3223]]],[169,[20.24947,38.48261,0,[45.001,132.7644]]],[40,[21.45485,41.59468,0,[45.001,128.3692]]],[145,[21.05421,40.33649,0,[45.001,129.7298]]],[33,[16.08254,31.27336,0,[44.001,123.2293]]],[43,[17.94686,35.48713,0,[44.001,123.9581]]],[175,[20.60145,30.22342,0,[45.001,133.7147]]],[28,[19.14828,37.31678,0,[44.001,124.3822]]],[131,[19.46118,38.67559,0,[45.001,131.3419]]],[16,[20.6777,39.73138,0,[44.001,125.9239]]],[179,[22.07208,42.12929,0,[45.001,129.2229]]],[161,[18.85938,34.79612,0,[45.001,134.0857]]],[181,[22.02077,40.74449,0,[45.001,130.8293]]],[7,[20.71785,39.56771,0,[44.001,124.6314]]],[182,[21.46547,36.0489,0,[45.001,132.296]]],[8,[21.85877,41.50182,0,[44.00098,126.4096]]],[29,[20.0517,36.78989,0,[44.001,124.2701]]],[180,[22.88996,44.40143,0,[45.001,129.3782]]],[36,[13.91295,27.71724,0,[44.001,122.5119]]],[146,[19.65627,37.84388,0,[45.001,132.4862]]],[159,[19.02098,37.01775,0,[45.001,133.0095]]],[170,[22.96545,40.13211,0,[45.00099,130.9922]]],[2,[20.75687,36.43611,0,[44.001,123.2593]]],[183,[22.05437,37.01174,0,[45.001,132.8921]]],[3,[21.56576,38.80835,0,[44.00097,123.2849]]],[6,[19.22456,31.10376,0,[44.001,122.3298]]],[1,[21.95395,40.70811,0,[44.00098,124.8753]]],[19,[17.11519,33.45329,0,[44.001,122.1678]]],[158,[19.55621,38.36952,0,[45.001,133.787]]],[160,[17.9171,35.38955,0,[45.001,134.1091]]],[5,[20.59775,35.14271,0,[44.001,121.8468]]],[171,[23.52382,40.54038,0,[45.00099,132.1029]]],[184,[23.7683,42.59795,0,[45.00099,129.2249]]],[0,[22.3724,39.82266,0,[44.00098,123.7459]]],[9,[20.00986,35.23428,0,[44.001,122.6745]]],[47,[15.56677,30.90145,0,[44.001,123.7973]]],[4,[19.6665,33.6081,0,[44.001,121.4374]]],[172,[24.02097,44.05824,0,[45.00099,130.7092]]],[165,[15.06284,29.7935,0,[45.001,133.561]]],[25,[13.53179,26.71754,0,[44.001,121.1289]]],[17,[19.54695,37.26465,0,[44.001,123.4803]]],[173,[16.94373,32.20299,0,[45.001,134.1157]]],[26,[14.77349,26.4234,0,[44.001,121.0049]]],[34,[15.03527,29.91765,0,[44.001,122.9443]]],[162,[17.13978,33.36676,0,[45.001,133.0768]]],[38,[12.93112,25.56564,0,[44.001,121.2309]]],[21,[16.13499,31.23529,0,[44.001,121.941]]],[176,[14.55727,28.72992,0,[45.001,134.1017]]],[167,[13.90913,27.70352,0,[45.001,133.9456]]],[18,[18.64112,35.50903,0,[44.001,123.613]]],[15,[17.24722,28.42145,0,[44.001,121.0649]]],[174,[15.70203,30.93979,0,[45.001,134.2238]]],[37,[13.36333,26.65708,0,[44.001,122.3145]]],[52,[12.80503,25.57013,0,[44.001,122.6686]]],[168,[13.35438,26.66957,0,[45.001,133.6143]]],[11,[18.67502,32.73008,0,[44.001,122.4936]]],[151,[16.04208,31.98373,0,[45.001,132.305]]],[12,[16.56958,30.37623,0,[44.001,121.1494]]],[35,[14.61452,28.83319,0,[44.001,122.1557]]],[177,[24.73007,40.77446,0,[45.00099,131.2425]]],[164,[15.5954,30.87771,0,[45.001,133.1235]]],[149,[17.69644,34.30678,0,[45.001,133.0838]]],[13,[18.41755,30.34144,0,[44.001,121.3861]]],[30,[17.92582,34.57494,0,[44.001,122.772]]],[155,[13.85104,27.67171,0,[45.001,132.6252]]],[24,[14.09524,27.68106,0,[44.001,121.3085]]],[156,[13.30325,26.57866,0,[45.001,132.1501]]],[157,[12.82703,25.63421,0,[45.001,133.0399]]],[136,[16.54162,33.02998,0,[45.001,131.5514]]],[141,[13.83129,27.63948,0,[45.001,131.306]]],[20,[16.59633,32.3046,0,[44.001,122.6158]]],[23,[15.3115,29.1097,0,[44.001,121.5991]]],[39,[12.38363,24.67883,0,[44.001,121.5804]]],[150,[16.60419,33.11953,0,[45.001,132.7724]]],[139,[14.89636,29.74559,0,[45.001,131.0769]]],[138,[15.46319,30.85439,0,[45.001,130.9337]]],[143,[12.79363,25.57311,0,[45.001,131.6027]]],[10,[17.79395,32.57646,0,[44.001,121.5984]]],[166,[14.39045,28.69003,0,[45.001,132.991]]],[22,[15.56815,30.25895,0,[44.001,122.5834]]],[153,[14.9129,29.79346,0,[45.001,132.3515]]],[152,[15.47432,30.88441,0,[45.001,132.0354]]],[154,[14.36343,28.69085,0,[45.001,131.7704]]],[14,[15.77299,28.20752,0,[44.001,120.9719]]],[163,[16.23642,31.98988,0,[45.001,133.6914]]],[148,[17.94545,35.34581,0,[45.001,132.1067]]],[147,[18.39272,36.47388,0,[45.001,133.0444]]]
1:[114,[39.16739,78.3326,0,[99.001,129.7357]]],[99,[39.15875,78.31546,0,[99.001,128.1285]]],[129,[39.19292,78.38272,0,[99.001,131.3374]]],[84,[39.17208,78.3391,0,[99.001,126.5724]]],[98,[39.71518,79.4237,0,[99.001,129.0134]]],[113,[39.74108,79.47633,0,[99.001,130.5295]]],[83,[39.75775,79.49677,0,[99.001,127.5072]]],[112,[40.28659,80.55943,0,[99.001,129.785]]],[97,[40.26254,80.511,0,[99.001,128.3038]]],[128,[39.26977,78.52764,0,[98.001,132.0705]]],[69,[39.72115,79.40398,0,[100.001,124.9891]]],[127,[40.28762,80.55847,0,[99.001,131.248]]],[82,[40.30706,80.59066,0,[99.001,126.7853]]],[96,[40.81436,81.61552,0,[99.001,129.1033]]],[111,[40.84178,81.66646,0,[99.001,130.5424]]],[81,[40.85893,81.69016,0,[99.001,127.6981]]],[144,[38.7477,77.48982,0,[98.001,132.9668]]],[68,[39.77634,79.52764,0,[99.001,126.1011]]],[95,[41.36152,82.69376,0,[99.001,129.0436]]],[126,[40.85419,81.68871,0,[99.001,131.972]]],[110,[41.39151,82.75786,0,[99.001,130.1665]]],[66,[40.96912,81.80006,0,[99.001,126.4289]]],[125,[41.3769,82.73808,0,[99.001,131.4068]]],[80,[41.40592,82.77032,0,[99.001,127.9354]]],[94,[41.9171,83.77567,0,[99.001,129.1344]]],[109,[41.95539,83.8709,0,[99.001,130.5481]]],[53,[40.61238,80.86306,0,[100.001,125.2032]]],[142,[39.8236,79.62428,0,[98.001,132.6733]]],[79,[41.96032,83.8783,0,[99.001,127.779]]],[65,[41.52289,82.78114,0,[99.001,126.7981]]],[93,[42.45323,84.86317,0,[99.001,129.6659]]],[124,[41.96981,83.86951,0,[99.001,131.8646]]],[78,[42.47608,84.92375,0,[99.001,128.3761]]],[108,[42.52919,84.99902,0,[99.001,130.8587]]],[67,[41.18199,81.6886,0,[100.001,125.4231]]],[63,[42.48729,84.9334,0,[99.001,127.0646]]],[92,[42.96998,85.91313,0,[99.001,129.0477]]],[107,[43.04466,86.04768,0,[99.001,130.346]]],[77,[43.01598,85.9934,0,[99.001,127.7572]]],[123,[42.54034,84.98383,0,[99.001,131.9954]]],[64,[42.02152,83.88117,0,[99.001,126.317]]],[91,[43.52114,87.01644,0,[99.001,129.6863]]],[122,[43.06613,86.02869,0,[99.001,131.6385]]],[62,[43.05079,86.03889,0,[99.001,126.4754]]],[106,[43.60989,87.18979,0,[99.001,131.0323]]],[54,[40.76398,79.96981,0,[100.001,124.1026]]],[76,[43.56244,87.08871,0,[99.001,128.4439]]],[75,[44.1202,88.19661,0,[99.001,129.1357]]],[140,[40.92496,81.75103,0,[98.001,132.7196]]],[121,[43.12442,86.16328,0,[98.001,132.3015]]],[90,[44.09224,88.16052,0,[99.001,130.3524]]],[48,[43.0744,85.92089,0,[100.001,125.7098]]],[61,[43.59223,87.1292,0,[99.001,127.1982]]],[89,[44.65229,89.24534,0,[99.001,129.6791]]],[74,[44.71212,89.25829,0,[99.001,128.4297]]],[60,[44.17521,88.27565,0,[99.001,127.964]]],[137,[42.65367,85.08218,0,[98.001,132.9256]]],[104,[44.73288,89.41696,0,[99.001,130.8331]]],[105,[44.19666,88.35686,0,[99.001,131.5929]]],[50,[42.03926,83.86066,0,[100.001,125.486]]],[88,[45.20207,90.33185,0,[99.001,129.3131]]],[103,[45.26119,90.47009,0,[99.001,130.4663]]],[73,[45.34068,90.41406,0,[99.001,128.1775]]],[45,[44.29552,88.29878,0,[99.001,126.8779]]],[118,[45.31357,90.46641,0,[99.001,131.6595]]],[72,[45.81819,91.51562,0,[99.001,129.0707]]],[120,[43.70789,87.36261,0,[98.001,132.8157]]],[87,[45.80881,91.46651,0,[99.001,130.1804]]],[46,[43.82344,87.11348,0,[99.001,126.0948]]],[59,[44.8911,89.40189,0,[99.001,127.272]]],[119,[44.78291,89.42079,0,[99.001,131.9986]]],[102,[45.86595,91.64074,0,[99.001,131.2912]]],[57,[46.05401,91.7519,0,[99.001,128.0715]]],[86,[46.41177,92.6246,0,[99.001,129.3789]]],[101,[46.421,92.74673,0,[99.001,130.4944]]],[133,[45.09967,89.58263,0,[98.001,132.6885]]],[49,[42.59195,84.9906,0,[100.001,125.0153]]],[44,[45.13073,89.47286,0,[99.001,126.2356]]],[42,[46.26853,91.92049,0,[99.001,127.033]]],[116,[46.62212,92.80251,0,[99.001,131.5342]]],[71,[46.63763,92.74008,0,[99.001,128.3245]]],[134,[44.49621,88.48057,0,[98.001,133.0142]]],[58,[45.6357,90.67332,0,[99.001,127.2291]]],[85,[47.12686,94.08078,0,[99.001,130.3577]]],[132,[45.60217,90.91559,0,[98.001,133.5327]]],[117,[45.61514,90.72286,0,[98.001,132.2851]]],[55,[47.39795,94.34997,0,[99.001,128.0433]]],[70,[47.15162,94.13855,0,[99.001,129.1725]]],[56,[46.88202,93.01103,0,[99.001,127.251]]],[51,[41.56384,82.85823,0,[100.001,124.4535]]],[115,[47.6995,94.1227,0,[99.001,130.7767]]],[32,[45.04395,88.56316,0,[100.001,125.8658]]],[27,[48.0961,95.29212,0,[99.001,128.4827]]],[100,[47.81417,94.07011,0,[99.001,129.5503]]],[130,[47.29391,94.24365,0,[99.001,131.6402]]],[31,[45.78256,89.04752,0,[99.001,126.1569]]],[135,[43.96856,87.54328,0,[98.001,133.8242]]],[178,[48.1786,93.24731,0,[99.001,131.7342]]],[41,[47.9141,93.63847,0,[99.001,127.3072]]],[169,[47.10131,91.69412,0,[98.001,132.5608]]],[40,[48.54881,95.63469,0,[99.001,129.6328]]],[145,[48.36657,94.3611,0,[99.001,130.6843]]],[33,[44.6424,87.62502,0,[100.001,125.0917]]],[43,[46.96071,91.83117,0,[100.001,125.9676]]],[175,[47.7109,83.93943,0,[98.001,132.8765]]],[28,[47.24895,92.59229,0,[99.001,126.4103]]],[131,[46.20479,91.86277,0,[98.001,132.734]]],[16,[48.8121,95.18922,0,[99.001,128.6509]]],[179,[49.21831,96.1787,0,[99.001,130.0964]]],[161,[47.00902,89.65144,0,[98.001,133.6624]]],[181,[49.07631,94.83026,0,[99.001,131.1748]]],[7,[48.67037,95.07011,0,[99.001,127.5657]]],[182,[48.28646,89.19791,0,[98.001,132.1529]]],[8,[49.46234,96.66125,0,[99.001,129.0927]]],[29,[47.99409,92.27979,0,[99.001,126.1809]]],[180,[49.95478,98.50999,0,[99.001,130.3012]]],[36,[42.81857,84.05917,0,[100.001,123.9409]]],[146,[46.43095,91.2289,0,[98.001,133.7851]]],[159,[47.68092,90.76929,0,[98.001,133.9874]]],[170,[50.01795,94.22323,0,[99.001,131.494]]],[2,[49.19331,92.18398,0,[99.001,126.8424]]],[183,[49.03316,90.64284,0,[98.001,132.2014]]],[3,[49.54451,94.40236,0,[99.001,127.9446]]],[6,[48.93263,88.15995,0,[100.001,125.199]]],[1,[50.15126,96.28777,0,[99.001,129.0861]]],[19,[46.02611,90.30787,0,[100.001,125.1682]]],[158,[48.43623,93.6317,0,[98.001,133.3572]]],[160,[46.89924,89.68403,0,[98.001,134.8339]]],[5,[49.9029,91.9518,0,[99.001,126.8505]]],[171,[50.06109,93.59542,0,[98.001,132.0843]]],[184,[50.86251,96.73289,0,[99.00099,129.4717]]],[0,[50.32812,95.3891,0,[99.00099,127.8128]]],[9,[48.55946,91.41536,0,[99.001,126.3861]]],[47,[43.83231,87.08822,0,[100.001,125.3976]]],[4,[50.94207,92.59293,0,[99.00098,128.0371]]],[172,[51.07775,98.16826,0,[99.001,130.9246]]],[165,[49.26556,94.80487,0,[98.001,133.3384]]],[25,[50.5481,93.40072,0,[100.001,125.6327]]],[17,[48.13974,93.83021,0,[100.001,125.2856]]],[173,[47.54083,87.6509,0,[98.001,135.0606]]],[26,[50.87839,88.58402,0,[99.00099,126.4978]]],[34,[43.31821,86.1344,0,[100.001,124.5612]]],[162,[50.56758,91.14864,0,[98.001,133.0045]]],[38,[51.64074,95.32789,0,[99.00098,128.85]]],[21,[46.97749,88.53948,0,[100.001,124.1248]]],[176,[48.42821,88.91039,0,[98.001,134.622]]],[167,[50.00309,84.05164,0,[98.001,133.9575]]],[18,[47.42825,92.02515,0,[100.001,125.2972]]],[15,[49.65995,87.08095,0,[100.001,124.3229]]],[174,[49.2236,91.0715,0,[98.001,134.6329]]],[37,[51.74059,93.3025,0,[99.00099,126.8567]]],[52,[42.09498,81.98402,0,[100.001,124.1115]]],[168,[44.35498,80.67619,0,[98.001,135.2184]]],[11,[48.8062,89.81018,0,[100.001,124.1074]]],[151,[42.90138,85.19436,0,[98.001,134.9816]]],[12,[50.40179,88.70193,0,[100.001,124.4318]]],[35,[43.93747,85.88593,0,[100.001,124.2024]]],[177,[51.77795,94.86569,0,[99.00099,131.7185]]],[164,[46.31304,84.55267,0,[98.001,135.0572]]],[149,[45.11716,87.91058,0,[98.001,134.9995]]],[13,[49.72326,90.08394,0,[100.001,125.5833]]],[30,[46.59005,91.03747,0,[100.001,124.9707]]],[155,[40.53837,80.94906,0,[98.001,134.8212]]],[24,[51.38993,88.31568,0,[100.001,125.0464]]],[156,[39.95609,79.79251,0,[98.001,133.9653]]],[157,[39.72079,78.87103,0,[98.001,135.0005]]],[136,[43.17368,86.21291,0,[98.001,133.7278]]],[141,[40.42234,80.78151,0,[98.001,133.3618]]],[20,[45.46928,89.00814,0,[100.001,124.9166]]],[23,[46.1074,86.37549,0,[100.001,124.0045]]],[39,[44.51828,82.43385,0,[100.001,124.0055]]],[150,[43.59536,86.53141,0,[98.001,134.8208]]],[139,[41.51292,82.94569,0,[98.001,133.1655]]],[138,[42.07956,83.97353,0,[98.001,133.0902]]],[143,[39.33358,78.64832,0,[98.001,133.7549]]],[10,[48.17544,89.7282,0,[100.001,124.1346]]],[166,[42.07251,82.49802,0,[98.001,135.1997]]],[22,[45.11558,86.68381,0,[100.001,124.0538]]],[153,[41.88269,83.39908,0,[98.001,134.1599]]],[152,[42.50135,84.07943,0,[98.001,134.1266]]],[154,[41.05316,81.89785,0,[98.001,134.1937]]],[14,[47.59265,86.31245,0,[100.001,124.1528]]],[163,[44.49243,86.2804,0,[98.001,134.154]]],[148,[45.02648,88.70102,0,[98.001,133.8613]]],[147,[45.80565,90.12836,0,[98.001,134.5912]]]
2:[114,[68.67516,137.347,0,[158.001,130.9742]]],[99,[68.17846,136.3508,0,[157.001,129.2406]]],[129,[68.70793,137.4109,0,[158.001,132.6592]]],[84,[68.2337,136.4505,0,[157.001,127.6373]]],[98,[69.22539,138.4418,0,[158.001,130.1517]]],[113,[69.25067,138.4947,0,[158.001,131.7692]]],[83,[68.79546,137.5598,0,[157.001,128.4736]]],[112,[69.79268,139.5698,0,[158.0001,131]]],[97,[69.29066,138.558,0,[157.001,129.4665]]],[128,[69.3039,138.5864,0,[158.001,133.3825]]],[69,[68.58237,136.8168,0,[157.001,126.399]]],[127,[69.81171,139.5994,0,[158.001,132.5199]]],[82,[69.49255,138.808,0,[157.001,128.1078]]],[96,[70.32739,140.6379,0,[158.001,130.3486]]],[111,[70.3568,140.6903,0,[158.001,131.7756]]],[81,[69.96545,139.8594,0,[157.001,128.9529]]],[144,[68.81011,137.5863,0,[158.001,134.3245]]],[68,[69.14445,137.7772,0,[157.001,127.0947]]],[95,[70.38171,140.7226,0,[157.001,129.8305]]],[126,[70.41503,140.7641,0,[158.001,133.2271]]],[110,[70.90189,141.77,0,[158.001,131.1366]]],[66,[70.12689,140.0482,0,[157.001,127.5434]]],[125,[70.89921,141.7676,0,[158.001,132.4826]]],[80,[70.52409,140.8047,0,[157.001,128.586]]],[94,[71.43765,142.7967,0,[158.001,130.3437]]],[109,[71.47796,142.8984,0,[158.001,131.7661]]],[53,[69.67416,138.6288,0,[157.001,126.4673]]],[142,[69.94752,139.797,0,[158.001,133.9885]]],[79,[71.17469,142.0168,0,[157.001,129.0693]]],[65,[71.00209,140.9345,0,[157.001,127.8816]]],[93,[71.97759,143.8928,0,[158.001,131.1288]]],[124,[71.55804,142.9451,0,[158.001,133.0433]]],[78,[71.56248,143.0291,0,[157.001,129.8783]]],[108,[72.07465,144.0657,0,[158.001,132.4461]]],[67,[70.67572,139.4227,0,[157.001,126.9738]]],[63,[71.71902,143.2328,0,[157.001,128.4922]]],[92,[72.57354,144.9619,0,[158.001,130.6442]]],[107,[72.57198,145.0794,0,[158.001,131.8252]]],[77,[72.21768,144.1729,0,[157.001,129.4274]]],[123,[72.14856,144.1653,0,[158.001,133.7689]]],[64,[71.5728,142.234,0,[157.001,127.3159]]],[91,[73.12,146.0397,0,[158.001,130.5944]]],[122,[72.65503,145.097,0,[158.001,133.1423]]],[62,[72.35681,144.4689,0,[157.001,128.1896]]],[106,[73.14467,146.2404,0,[158.001,131.9688]]],[54,[70.3035,138.383,0,[157.001,126.0963]]],[76,[72.79056,145.1285,0,[157.001,129.2226]]],[75,[73.66813,147.2221,0,[158.001,130.0987]]],[140,[71.13207,141.8541,0,[158.001,133.7596]]],[121,[73.37229,146.3351,0,[158.001,133.0237]]],[90,[73.62616,147.1899,0,[158.001,131.32]]],[48,[72.30336,143.412,0,[157.001,127.0196]]],[61,[72.90672,145.2413,0,[157.001,127.9736]]],[89,[74.18755,148.2783,0,[158.001,130.927]]],[74,[73.78772,147.3163,0,[157.001,129.6249]]],[60,[73.38903,146.3541,0,[157.001,128.8638]]],[137,[73.11971,145.2873,0,[158.001,134.0641]]],[104,[74.45377,148.4906,0,[158.001,132.1386]]],[105,[73.90548,147.4846,0,[158.001,132.2908]]],[50,[71.16708,141.3852,0,[157.001,126.2207]]],[88,[74.76875,149.3517,0,[158.001,130.2854]]],[103,[74.85983,149.502,0,[158.001,131.3822]]],[73,[74.40424,148.4812,0,[157.001,129.1542]]],[45,[73.66174,146.549,0,[157.001,127.9077]]],[118,[75.02457,149.5669,0,[158.001,132.5783]]],[72,[75.36604,150.5625,0,[158.001,130.1286]]],[120,[74.00967,147.6857,0,[158.001,133.4059]]],[87,[75.40466,150.4985,0,[158.001,131.2379]]],[46,[73.2179,145.4169,0,[157.001,127.0524]]],[59,[74.2263,147.4779,0,[157.001,128.0949]]],[119,[74.58623,148.6035,0,[158.001,133.3232]]],[102,[75.57389,150.6828,0,[158.001,132.3389]]],[57,[75.14038,149.8643,0,[157.001,129.1626]]],[86,[76.04758,151.6667,0,[158.001,130.2057]]],[101,[75.98247,151.8269,0,[158.001,131.3156]]],[133,[75.42091,149.8468,0,[158.001,133.5262]]],[49,[72.74001,143.1562,0,[157.001,126.2291]]],[44,[74.52112,147.6746,0,[157.001,126.9369]]],[42,[75.54494,150.1801,0,[157.001,128.1951]]],[116,[76.33815,151.9749,0,[158.001,132.2332]]],[71,[75.89819,150.8441,0,[157.001,129.2729]]],[134,[74.96023,148.8504,0,[158.001,134.1449]]],[58,[74.86194,148.7946,0,[157.001,128.1956]]],[85,[76.68201,153.1088,0,[158.001,131.3529]]],[132,[75.90611,151.2272,0,[158.001,134.292]]],[117,[76.05421,150.8557,0,[158.001,133.187]]],[55,[76.62195,152.528,0,[157.001,129.4279]]],[70,[76.74239,153.1982,0,[158.001,130.25]]],[56,[76.24911,151.2636,0,[157.001,128.4033]]],[51,[71.80458,141.2467,0,[157.001,126.1364]]],[115,[77.27298,153.1546,0,[158.001,131.9805]]],[32,[75.07336,146.1726,0,[157.001,127.1596]]],[27,[77.74443,154.4606,0,[158.001,130.0801]]],[100,[77.35877,153.1242,0,[158.001,130.8745]]],[130,[76.85572,153.2912,0,[158.001,132.7517]]],[31,[75.64542,147.4009,0,[157.001,126.9759]]],[135,[75.47926,148.0896,0,[158.001,135.0107]]],[178,[77.7338,152.3115,0,[158.001,132.6689]]],[41,[77.23136,151.9725,0,[157.001,128.9756]]],[169,[77.26279,151.8171,0,[158.001,133.6214]]],[40,[78.25462,154.6677,0,[158.001,130.5307]]],[145,[77.98609,153.3862,0,[158.001,131.4988]]],[33,[75.93618,145.9263,0,[157.001,126.0086]]],[43,[76.24404,149.3166,0,[157.001,127.291]]],[175,[78.31374,144.5076,0,[158.001,132.4035]]],[28,[76.87556,151.0312,0,[157.001,128.1344]]],[131,[76.57047,152.0785,0,[158.001,133.7971]]],[16,[77.92336,153.2454,0,[157.001,129.4329]]],[179,[78.87565,155.2391,0,[158.001,130.4723]]],[161,[77.86594,150.0797,0,[158.001,133.7701]]],[181,[78.7552,153.948,0,[158.001,131.5525]]],[7,[77.76492,153.1739,0,[157.001,128.3678]]],[182,[78.99396,149.4389,0,[158.001,132.5583]]],[8,[78.59859,154.6834,0,[157.001,129.4512]]],[29,[77.33173,150.632,0,[157.001,127.4391]]],[180,[79.50132,157.5513,0,[158.001,130.363]]],[36,[74.99168,143.0926,0,[157.001,125.984]]],[146,[76.93994,151.7519,0,[158.001,134.781]]],[159,[78.52184,151.5642,0,[158.001,133.4363]]],[170,[79.58425,153.2898,0,[158.001,131.4524]]],[2,[78.56456,150.4947,0,[157.001,128.3432]]],[183,[79.59631,150.7671,0,[158.001,132.5572]]],[3,[79.13649,152.5217,0,[157.001,129.1969]]],[6,[78.67746,145.918,0,[157.001,127.2431]]],[1,[80.06173,155.3642,0,[158.001,130.2025]]],[19,[76.77477,148.2601,0,[157.001,126.9906]]],[158,[79.33051,153.9857,0,[158.001,133.5385]]],[160,[78.24468,150.3568,0,[158.001,134.6524]]],[5,[79.2627,150.1773,0,[157.001,128.1163]]],[171,[80.24439,153.7778,0,[158.001,132.1063]]],[184,[80.42268,155.7829,0,[158.001,131.0538]]],[0,[79.77206,153.5089,0,[157.001,129.0115]]],[9,[78.0836,149.6182,0,[157.001,127.4599]]],[47,[73.90853,145.3334,0,[157.001,126.9045]]],[4,[80.74563,151.6966,0,[158.001,130.0832]]],[172,[80.95132,157.2006,0,[158.001,131.7117]]],[165,[80.09152,155.1801,0,[158.001,133.2117]]],[25,[80.14031,151.0762,0,[157.001,128.023]]],[17,[79.83755,151.8149,0,[157.001,127.0996]]],[173,[78.9046,148.877,0,[158.001,134.2408]]],[26,[80.47459,146.9461,0,[157.001,128.96]]],[34,[74.14185,144.5322,0,[157.001,125.8951]]],[162,[80.77874,151.4272,0,[158.001,132.8979]]],[38,[81.37276,154.4097,0,[158.001,130.8558]]],[21,[80.71587,149.9474,0,[157.001,127.2938]]],[176,[79.80441,149.6105,0,[158.001,134.1688]]],[167,[81.55742,144.8972,0,[158.001,132.3361]]],[18,[77.7578,149.5932,0,[157.001,126.5678]]],[15,[81.09389,146.5008,0,[157.001,128.3432]]],[174,[80.53789,152.033,0,[158.001,134.1098]]],[37,[81.04015,151.6292,0,[157.001,129.6726]]],[52,[73.36026,140.9045,0,[157.001,125.9633]]],[168,[81.30546,146.572,0,[158.001,133.5777]]],[11,[81.66483,149.9756,0,[157.001,127.5104]]],[151,[82.16139,152.6707,0,[158.001,132.9281]]],[12,[81.88161,148.9421,0,[157.001,128.8252]]],[35,[76.48846,144.9981,0,[157.001,126.007]]],[177,[82.0589,154.0831,0,[158.001,131.4459]]],[164,[80.16596,146.9704,0,[158.001,135.08]]],[149,[81.12368,149.5996,0,[158.001,134.8145]]],[13,[79.28168,147.4593,0,[157.001,127.0082]]],[30,[77.14732,148.9407,0,[157.001,126.0632]]],[155,[81.92306,149.5216,0,[158.001,134.338]]],[24,[82.29285,149.0347,0,[158.001,130.1818]]],[156,[71.19828,140.2786,0,[158.001,135.0889]]],[157,[82.80481,143.9283,0,[158.001,133.4717]]],[136,[74.35043,146.6113,0,[158.001,134.6153]]],[141,[70.66661,141.008,0,[158.001,134.5537]]],[20,[78.19701,147.5122,0,[157.001,125.923]]],[23,[78.74176,146.3087,0,[157.001,126.1216]]],[39,[82.17201,148.3291,0,[157.001,126.6425]]],[150,[78.70573,147.2637,0,[158.001,135.2818]]],[139,[71.71056,143.1293,0,[158.001,134.5592]]],[138,[72.53497,144.5017,0,[158.001,134.7812]]],[143,[69.55815,138.8891,0,[158.001,134.8489]]],[10,[81.13925,149.8124,0,[157.001,126.367]]],[166,[83.39458,147.584,0,[158.001,131.7568]]],[22,[80.19278,146.8678,0,[157.001,126.1921]]],[153,[74.84319,144.3347,0,[158.001,135.2377]]],[152,[73.71855,145.0084,0,[158.001,134.358]]],[154,[73.3498,142.2314,0,[158.001,135.1945]]],[14,[79.39199,144.6785,0,[157.001,125.9184]]],[163,[79.40277,147.7234,0,[158.001,135.0157]]],[148,[76.37076,149.2094,0,[158.001,135.057]]],[147,[77.52274,150.9072,0,[158.001,134.8883]]]
3:[114,[97.68223,195.3553,0,[216.001,131.3818]]],[99,[97.68619,195.3577,0,[216.001,129.5754]]],[129,[98.24339,196.4649,0,[217.001,133.1099]]],[84,[97.30246,194.5465,0,[215.001,127.9175]]],[98,[98.2305,196.444,0,[216.001,130.5109]]],[113,[98.27364,196.5289,0,[216.001,132.1081]]],[83,[98.32909,196.6085,0,[216.001,128.9192]]],[112,[98.80623,197.5878,0,[216.001,131.2846]]],[97,[98.8076,197.5711,0,[216.001,129.809]]],[128,[99.04123,197.7843,0,[217.001,133.4119]]],[69,[98.04424,195.4171,0,[215.001,127.5662]]],[82,[99.06334,197.8667,0,[216.001,128.4844]]],[96,[99.33548,198.6401,0,[216.001,130.604]]],[111,[99.40965,198.7358,0,[216.001,131.8928]]],[81,[99.49164,198.8826,0,[216.001,129.3129]]],[144,[99.53777,197.137,0,[217.001,134.0154]]],[68,[98.65728,195.8652,0,[215.001,127.2162]]],[95,[99.90655,199.7477,0,[216.001,130.2471]]],[126,[100.0791,199.9117,0,[217.001,133.4455]]],[110,[99.9514,199.7776,0,[216.001,131.4545]]],[66,[99.83014,199.2646,0,[216.001,128.1507]]],[125,[100.0029,199.8413,0,[216.001,132.6902]]],[80,[100.1285,199.9392,0,[216.001,129.1577]]],[94,[100.4605,200.802,0,[216.001,130.7099]]],[109,[100.5178,200.9346,0,[216.001,132.2465]]],[53,[99.48927,197.0672,0,[215.001,127.0793]]],[142,[100.6834,199.2586,0,[217.001,133.9275]]],[79,[100.731,201.0637,0,[216.001,129.4309]]],[65,[100.6342,200.1117,0,[216.001,128.2182]]],[93,[100.9917,201.903,0,[216.001,131.5205]]],[124,[101.2182,202.0413,0,[217.001,133.5907]]],[78,[101.1107,202.045,0,[216.001,130.2444]]],[108,[101.185,202.1101,0,[216.001,132.8261]]],[67,[100.3166,197.8775,0,[215.001,127.1609]]],[63,[101.286,202.339,0,[216.001,128.7871]]],[92,[101.5924,202.9802,0,[216.001,130.8806]]],[107,[101.6476,203.0968,0,[216.001,132.0374]]],[77,[101.7519,203.2,0,[216.001,129.5449]]],[123,[102.1639,203.4455,0,[217.001,133.6243]]],[64,[101.15,200.7136,0,[215.001,127.9396]]],[91,[102.1875,204.1097,0,[216.001,130.4824]]],[122,[102.1457,203.2926,0,[216.001,132.6894]]],[62,[102.1514,203.6739,0,[216.001,128.4239]]],[106,[102.3876,204.4919,0,[216.001,131.5733]]],[54,[100.9312,197.7237,0,[215.001,126.9244]]],[76,[102.4887,204.2195,0,[216.001,129.3735]]],[75,[102.7607,205.2545,0,[216.001,130.4299]]],[140,[102.7133,201.2302,0,[217.001,133.957]]],[121,[102.6988,204.6484,0,[216.001,132.8644]]],[90,[102.974,205.2478,0,[216.001,131.8438]]],[48,[101.9172,201.8333,0,[215.001,127.1764]]],[61,[102.7901,204.6618,0,[216.001,128.2725]]],[89,[103.3066,206.296,0,[216.001,130.9443]]],[74,[103.3579,206.3879,0,[216.001,129.7508]]],[60,[103.3081,205.5232,0,[216.001,128.6462]]],[137,[103.3458,204.712,0,[217.001,134.0175]]],[104,[103.559,206.5602,0,[216.001,132.1451]]],[105,[103.8146,206.6148,0,[217.001,133.139]]],[50,[102.6096,200.9985,0,[215.001,127.2429]]],[88,[103.8668,207.3637,0,[216.001,130.3593]]],[103,[103.9921,207.5403,0,[216.001,131.4496]]],[73,[104,207.5141,0,[216.001,129.175]]],[45,[103.7827,205.9978,0,[216.001,128.0452]]],[118,[104.1332,207.6811,0,[216.001,132.7111]]],[72,[104.4677,208.5955,0,[216.001,129.8841]]],[120,[104.1725,207.0063,0,[217.001,133.9877]]],[87,[104.5575,208.5313,0,[216.001,131.0355]]],[46,[103.2057,203.9469,0,[215.001,126.9406]]],[59,[104.3593,206.5549,0,[216.001,128.1588]]],[119,[104.8119,207.7733,0,[217.001,133.7968]]],[102,[104.7189,208.762,0,[216.001,132.1301]]],[57,[104.7905,208.897,0,[216.001,128.8965]]],[86,[105.0713,209.6806,0,[216.001,130.1872]]],[101,[105.252,209.8754,0,[216.001,131.3236]]],[133,[105.5052,209.2093,0,[217.001,133.087]]],[49,[103.9646,202.2152,0,[215.001,126.9861]]],[44,[104.4625,206.1336,0,[215.001,127.6197]]],[42,[105.4066,209.4181,0,[216.001,129.2203]]],[116,[105.439,210.0752,0,[216.001,132.3933]]],[71,[105.6481,210.0303,0,[216.001,130.3217]]],[134,[105.4966,208.4008,0,[217.001,134.1933]]],[58,[105.5201,208.0172,0,[216.001,128.133]]],[85,[105.9039,211.1389,0,[216.001,131.5864]]],[132,[106.1156,210.7678,0,[217.001,133.8497]]],[117,[105.943,209.1783,0,[216.001,132.8803]]],[55,[106.2431,211.5953,0,[216.001,129.6233]]],[70,[106.2644,211.2558,0,[216.001,130.7342]]],[56,[106.1113,210.4175,0,[216.001,128.5556]]],[51,[105.0598,201.3282,0,[215.001,126.938]]],[115,[106.4574,211.2341,0,[216.001,131.9228]]],[32,[105.5994,205.3608,0,[215.001,127.4156]]],[27,[106.8426,212.4905,0,[216.001,129.884]]],[100,[106.9339,211.1429,0,[216.001,130.973]]],[130,[107.0497,212.5431,0,[217.001,133.059]]],[31,[106.6565,207.1906,0,[216.001,128.2175]]],[135,[106.8096,208.3044,0,[217.001,134.0705]]],[178,[107.104,210.5785,0,[216.001,132.0227]]],[41,[107.0859,211.0692,0,[216.001,128.9008]]],[169,[107.6377,211.4318,0,[217.001,133.1191]]],[40,[107.4193,212.7088,0,[216.001,129.9798]]],[145,[107.5628,211.4609,0,[216.001,131.0495]]],[33,[106.0921,204.5353,0,[215.001,126.9038]]],[43,[106.6178,207.7321,0,[215.001,127.4981]]],[175,[107.7044,202.7637,0,[216.001,132.1123]]],[28,[107.5338,210.312,0,[216.001,128.2212]]],[131,[107.7055,211.3783,0,[217.001,134.2127]]],[16,[107.7995,212.2839,0,[216.001,129.1861]]],[179,[108.0024,213.2862,0,[216.001,130.2676]]],[161,[108.2354,209.5212,0,[217.001,133.2116]]],[181,[108.2402,212.0561,0,[216.001,131.2659]]],[7,[108.1749,212.4936,0,[216.001,128.3554]]],[182,[108.3023,207.5985,0,[216.001,132.3539]]],[8,[108.3669,213.6978,0,[216.001,129.4199]]],[29,[107.4089,209.0487,0,[215.001,127.3832]]],[180,[108.629,215.58,0,[216.001,130.4313]]],[36,[106.9865,202.7018,0,[215.001,126.6774]]],[146,[108.4279,211.5561,0,[217.001,134.2473]]],[159,[108.9153,210.8422,0,[217.001,133.4259]]],[170,[108.8871,211.3498,0,[216.001,131.4812]]],[2,[108.8301,209.5815,0,[216.001,128.7792]]],[183,[108.9166,208.8885,0,[216.001,132.5815]]],[3,[109.0806,211.6651,0,[216.001,129.7571]]],[6,[108.1687,204.1414,0,[215.001,127.7381]]],[1,[109.3103,213.4508,0,[216.001,130.7574]]],[19,[107.9101,207.1235,0,[215.001,126.7696]]],[158,[109.6899,213.2509,0,[217.001,133.5416]]],[160,[109.2448,209.9027,0,[217.001,134.3042]]],[5,[109.5201,209.4782,0,[216.001,128.9514]]],[171,[109.5077,211.8205,0,[216.001,132.593]]],[184,[109.6862,213.8085,0,[216.001,131.555]]],[0,[109.7673,212.6578,0,[216.001,129.9485]]],[9,[108.8986,208.4995,0,[215.001,127.8786]]],[47,[108.6112,204.8877,0,[215.001,126.9218]]],[4,[110.1342,209.7501,0,[216.001,130.7781]]],[172,[110.2389,215.2598,0,[216.001,131.8821]]],[165,[110.4773,214.3764,0,[217.001,133.1823]]],[25,[110.2585,210.4402,0,[216.001,129.2349]]],[17,[110.1149,211.2584,0,[216.001,128.158]]],[173,[110.1233,208.4493,0,[217.001,134.2163]]],[26,[110.6171,206.2092,0,[216.001,130.1519]]],[34,[109.3795,206.4864,0,[215.001,127.0638]]],[162,[110.5311,209.5716,0,[216.001,132.8274]]],[38,[110.8582,212.433,0,[216.001,131.1598]]],[21,[110.8854,209.4429,0,[216.001,129.0462]]],[176,[110.8918,209.2173,0,[217.001,134.1073]]],[167,[111.0276,203.0244,0,[216.001,132.2215]]],[18,[110.3171,210.0966,0,[215.001,127.9514]]],[15,[111.2884,205.8124,0,[216.001,129.833]]],[174,[111.4521,211.4604,0,[217.001,133.6486]]],[37,[111.454,210.8085,0,[216.001,130.9574]]],[52,[110.0136,202.1803,0,[215.001,127.0154]]],[168,[111.538,204.9331,0,[216.001,132.7657]]],[11,[111.5482,209.2088,0,[216.001,128.4286]]],[151,[111.8706,211.0533,0,[216.001,131.7602]]],[12,[111.9242,208.0697,0,[216.001,129.4735]]],[35,[110.8477,207.6229,0,[215.001,127.181]]],[177,[112.1219,212.2583,0,[216.001,130.58]]],[164,[112.0473,207.1557,0,[217.001,133.958]]],[149,[112.2874,208.7388,0,[216.001,132.6857]]],[13,[112.2227,207.8911,0,[216.001,128.3085]]],[30,[111.4818,211.2418,0,[215.001,127.1881]]],[155,[112.5749,208.6763,0,[216.001,131.55]]],[24,[112.588,207.222,0,[216.001,129.4031]]],[156,[112.7877,208.9482,0,[217.001,133.8343]]],[157,[112.9139,203.1534,0,[216.001,130.4042]]],[136,[113.0456,214.2654,0,[216.001,132.7538]]],[141,[113.1668,212.2132,0,[216.001,131.6024]]],[20,[112.9559,211.8945,0,[216.001,128.2982]]],[23,[112.2257,207.8721,0,[215.001,127.1795]]],[39,[113.3666,208.4256,0,[216.001,129.3347]]],[150,[113.5547,211.0101,0,[216.001,130.4614]]],[139,[113.6746,203.7608,0,[217.001,133.8863]]],[138,[113.8501,217.681,0,[216.001,131.5384]]],[143,[113.7436,214.0733,0,[216.001,132.7919]]],[10,[113.7177,210.8605,0,[216.001,128.3631]]],[166,[114.1076,206.1538,0,[216.001,129.461]]],[22,[113.1705,207.8423,0,[215.001,127.1807]]],[153,[114.4661,217.1138,0,[216.001,130.6173]]],[152,[114.7147,205.1251,0,[217.001,133.5469]]],[154,[114.5582,205.8267,0,[216.001,132.0528]]],[14,[113.913,207.0307,0,[215.001,127.9965]]],[163,[115.5056,211.6763,0,[217.001,133.159]]],[148,[115.2901,221.2035,0,[216.001,130.0682]]],[147,[115.4878,218.5776,0,[216.001,131.7098]]]

Travel Distances:
[114,217.9877],[99,217.9827],[129,217.9748],[84,219.9384],[98,219.9791],[113,219.976],[83,219.9466],[112,219.9725],[97,219.9526],[128,219.6937],[69,221.3218],[127,221.6943],[82,221.725],[96,221.9656],[111,221.9114],[81,221.8952],[144,220.0004],[68,220.3875],[95,221.9312],[126,221.7418],[110,223.8576],[66,223.5805],[125,223.8208],[80,223.6739],[94,223.8605],[109,223.8905],[53,221.9807],[142,221.8363],[79,223.5979],[65,224.83],[93,225.9012],[124,225.5609],[78,225.8125],[108,225.7351],[67,223.2129],[63,225.7565],[92,225.7922],[107,225.7984],[77,225.6924],[123,227.1057],[64,226.3822],[91,227.7301],[122,226.9812],[62,227.3638],[106,227.7117],[54,223.7334],[76,227.2376],[75,227.713],[140,223.7212],[121,229.2018],[90,229.2876],[48,227.9691],[61,229.072],[89,229.6693],[74,229.6687],[60,228.9025],[137,227.8591],[104,229.4353],[105,228.9525],[50,225.743],[88,229.6264],[103,231.5294],[73,231.5073],[45,230.4088],[118,231.3902],[72,231.6554],[120,230.5934],[87,231.4127],[46,229.4067],[59,229.8222],[119,230.0848],[102,231.3186],[57,233.2859],[86,233.5334],[101,233.3678],[133,232.1838],[49,228.2367],[44,231.1832],[42,232.5156],[116,233.1922],[71,232.7291],[134,231.3534],[58,230.9638],[85,233.3265],[132,234.4806],[117,233.2625],[55,235.1039],[70,234.7185],[56,234.1853],[51,227.1564],[115,234.305],[32,230.1252],[27,234.8019],[100,233.2698],[130,234.4239],[31,231.8414],[135,232.5743],[178,234.3623],[41,234.8814],[169,234.1385],[40,235.8663],[145,234.3293],[33,230.2295],[43,232.4738],[175,225.3386],[28,233.235],[131,233.9229],[16,234.6813],[179,237.2717],[161,233.0153],[181,235.5668],[7,236.1291],[182,230.9809],[8,236.8857],[29,234.1962],[180,238.318],[36,228.6649],[146,234.6259],[159,232.9906],[170,233.5709],[2,233.9045],[183,233.0419],[3,235.496],[6,229.7627],[1,236.8259],[19,233.1967],[158,235.8406],[160,233.3434],[5,232.4292],[171,234.7239],[184,236.4332],[0,235.1198],[9,232.6882],[47,231.4884],[4,233.4414],[172,238.7736],[165,237.4025],[25,233.9124],[17,235.0074],[173,232.02],[26,228.9713],[34,231.6375],[162,232.5011],[38,234.7143],[21,233.6607],[176,233.3582],[167,226.8706],[18,235.4487],[15,229.2299],[174,234.5025],[37,233.8957],[52,227.9755],[168,227.8215],[11,232.1049],[151,233.3063],[12,232.2127],[35,233.883],[177,236.0061],[164,230.8707],[149,232.126],[13,231.4209],[30,236.1987],[155,231.5227],[24,230.0383],[156,231.2789],[157,225.3228],[136,238.1645],[141,235.8701],[20,235.9647],[23,233.3538],[39,231.6887],[150,233.8946],[139,226.3437],[138,239.9753],[143,236.577],[10,235.4061],[166,229.9314],[22,233.4549],[153,240.1783],[152,227.5947],[154,228.7074],[14,231.1852],[163,234.6487],[148,244.6203],[147,241.5993]

Finish Times:
[114,110.6822],[99,110.7222],[129,110.9222],[84,111.1222],[98,111.2022],[113,111.3222],[83,111.4822],[112,111.8022],[97,111.8422],[128,111.8822],[69,112.0022],[127,112.1622],[82,112.3222],[96,112.3222],[111,112.4422],[81,112.5622],[144,112.7222],[68,112.8022],[95,112.9222],[126,112.9222],[110,112.9622],[66,113.1622],[125,113.1622],[80,113.2422],[94,113.4422],[109,113.5622],[53,113.7222],[142,113.8022],[79,113.8422],[65,113.9622],[93,114.0022],[124,114.0022],[78,114.1222],[108,114.2822],[67,114.4822],[63,114.5222],[92,114.6022],[107,114.6822],[77,114.8422],[123,114.9622],[64,115.1623],[91,115.2023],[122,115.2823],[62,115.4023],[106,115.4023],[54,115.5223],[76,115.6023],[75,115.7623],[140,115.7623],[121,115.9623],[90,116.0423],[48,116.1223],[61,116.1223],[89,116.3223],[74,116.4023],[60,116.5223],[137,116.6023],[104,116.6823],[105,116.6823],[50,116.7623],[88,116.8823],[103,117.0023],[73,117.1223],[45,117.2423],[118,117.3223],[72,117.4823],[120,117.4823],[87,117.5623],[46,117.6823],[59,117.7223],[119,117.7623],[102,117.8023],[57,117.9623],[86,118.0823],[101,118.2423],[133,118.3223],[49,118.3623],[44,118.4423],[42,118.5623],[116,118.5623],[71,118.6423],[134,118.8023],[58,118.8423],[85,118.9223],[132,119.1223],[117,119.1623],[55,119.2823],[70,119.2823],[56,119.3223],[51,119.5224],[115,119.5624],[32,119.6424],[27,119.8824],[100,119.9224],[130,119.9224],[31,120.0024],[135,120.1224],[178,120.1624],[41,120.2424],[169,120.4024],[40,120.4424],[145,120.5624],[33,120.7224],[43,120.7624],[175,120.8024],[28,120.8424],[131,120.8424],[16,120.9224],[179,121.0024],[161,121.0824],[181,121.2424],[7,121.4424],[182,121.4424],[8,121.4824],[29,121.5624],[180,121.6424],[36,121.6824],[146,121.7624],[159,121.8424],[170,121.9224],[2,122.0824],[183,122.0824],[3,122.1224],[6,122.2424],[1,122.3224],[19,122.6024],[158,122.6024],[160,122.6024],[5,122.6824],[171,122.7224],[184,122.7224],[0,122.8024],[9,122.8424],[47,123.1224],[4,123.1624],[172,123.2824],[165,123.3624],[25,123.4024],[17,123.4824],[173,123.5224],[26,123.6424],[34,123.6824],[162,123.7225],[38,123.8425],[21,124.0425],[176,124.1225],[167,124.1625],[18,124.2825],[15,124.3225],[174,124.3225],[37,124.4425],[52,124.5625],[168,124.7625],[11,124.8025],[151,124.8825],[12,125.0025],[35,125.1225],[177,125.1225],[164,125.2025],[149,125.4425],[13,125.4825],[30,125.5625],[155,125.6025],[24,125.6425],[156,125.7225],[157,125.9225],[136,126.2025],[141,126.2025],[20,126.2425],[23,126.4025],[39,126.4425],[150,126.5625],[139,126.6425],[138,126.8825],[143,126.8825],[10,126.9625],[166,127.1625],[22,127.3225],[153,127.4825],[152,127.5225],[154,127.6025],[14,127.6425],[163,128.1625],[148,128.3225],[147,128.4825]

Stuck Times:
[114,0],[99,0],[129,0],[84,0],[98,0],[113,0],[83,0],[112,0],[97,0],[128,0],[69,0],[127,0],[82,0],[96,0],[111,0],[81,0],[144,1],[68,0],[95,0],[126,0],[110,0],[66,0],[125,0],[80,0],[94,0],[109,0],[53,0],[142,1],[79,0],[65,0],[93,0],[124,0],[78,0],[108,0],[67,0],[63,0],[92,0],[107,0],[77,0],[123,0],[64,0],[91,0],[122,0],[62,0],[106,0],[54,2],[76,0],[75,0],[140,2],[121,0],[90,0],[48,0],[61,0],[89,0],[74,0],[60,0],[137,0],[104,0],[105,0],[50,2],[88,0],[103,0],[73,0],[45,0],[118,0],[72,0],[120,0],[87,0],[46,0],[59,0],[119,0],[102,0],[57,0],[86,0],[101,0],[133,0],[49,3],[44,0],[42,0],[116,0],[71,0],[134,0],[58,0],[85,0],[132,0],[117,0],[55,0],[70,0],[56,0],[51,4],[115,0],[32,1],[27,0],[100,0],[130,0],[31,0],[135,0],[178,1],[41,0],[169,1],[40,0],[145,0],[33,2],[43,1],[175,5],[28,1],[131,1],[16,1],[179,1],[161,1],[181,1],[7,0],[182,4],[8,1],[29,0],[180,0],[36,4],[146,0],[159,1],[170,4],[2,2],[183,4],[3,1],[6,4],[1,0],[19,3],[158,0],[160,1],[5,3],[171,3],[184,2],[0,1],[9,0],[47,6],[4,3],[172,1],[165,1],[25,3],[17,2],[173,4],[26,7],[34,5],[162,4],[38,5],[21,4],[176,5],[167,10],[18,3],[15,6],[174,4],[37,5],[52,7],[168,9],[11,5],[151,7],[12,9],[35,7],[177,4],[164,7],[149,7],[13,5],[30,3],[155,8],[24,8],[156,8],[157,12],[136,4],[141,7],[20,4],[23,5],[39,9],[150,8],[139,12],[138,3],[143,6],[10,3],[166,10],[22,9],[153,5],[152,11],[154,12],[14,6],[163,9],[148,2],[147,3]

