Experiment Name: Custom-DecreasingGateSize
Method Used: PathFollowingLowerNumberOfPaths
Run Number: 0
Preparation Time: 0.0005ms
Pathfinding Time: 4.7215ms
Finish Time: 128.2825ms
Finish Time 90%: 126.0025ms
Repaths: 0
Soft Repaths: 0

Gates Data:
0:[114,[12.15377,24.30252,0,[45.001,127.3489]]],[129,[12.1742,24.336,0,[45.001,128.887]]],[99,[11.64809,23.29339,0,[44.001,125.8664]]],[144,[12.23734,24.43848,0,[45.001,130.5931]]],[128,[12.73704,25.45431,0,[45.001,128.1176]]],[113,[12.26169,24.50971,0,[44.001,126.6705]]],[143,[12.76743,25.49388,0,[45.001,129.6566]]],[127,[13.30363,26.57388,0,[45.001,128.6665]]],[84,[11.66406,23.32543,0,[44.001,124.4227]]],[112,[13.32357,26.61617,0,[45.001,127.3263]]],[98,[12.23263,24.45839,0,[44.001,125.2517]]],[97,[12.76772,25.5127,0,[44.001,125.9828]]],[142,[13.34102,26.65079,0,[45.001,129.9628]]],[126,[13.8489,27.67594,0,[45.001,127.9746]]],[141,[13.88931,27.74995,0,[45.001,129.254]]],[111,[13.38253,26.74156,0,[44.001,126.6309]]],[82,[12.80229,25.58342,0,[44.001,124.644]]],[96,[13.3166,26.60967,0,[44.001,125.4109]]],[125,[14.39372,28.76305,0,[45.001,127.4059]]],[140,[14.42308,28.81603,0,[45.001,128.6301]]],[156,[13.31975,26.61041,0,[45.001,131.2519]]],[110,[13.9497,27.85184,0,[44.001,126.2342]]],[154,[14.41271,28.80079,0,[45.001,129.9029]]],[124,[14.91183,29.79021,0,[45.001,127.9457]]],[67,[12.8157,25.60799,0,[44.001,123.3354]]],[109,[14.46209,28.88899,0,[44.001,126.769]]],[139,[14.94189,29.8028,0,[45.001,129.1949]]],[155,[13.87916,27.73143,0,[45.001,130.6058]]],[95,[13.89691,27.71281,0,[44.001,125.0988]]],[123,[15.47613,30.86479,0,[45.001,127.3951]]],[138,[15.45326,30.81823,0,[45.001,128.5364]]],[153,[14.95298,29.8512,0,[45.001,130.4446]]],[108,[15.02098,29.93763,0,[44.001,126.2757]]],[83,[12.26214,24.51541,0,[44.001,123.8879]]],[152,[15.47904,30.91783,0,[45.001,129.7759]]],[167,[13.85215,27.67527,0,[45.001,132.0027]]],[122,[16.0111,31.97025,0,[45.001,127.7985]]],[94,[14.42377,28.79618,0,[44.001,125.5859]]],[137,[15.98531,31.89733,0,[45.001,128.9893]]],[166,[14.40302,28.76586,0,[45.001,131.1998]]],[107,[15.56087,31.01383,0,[44.001,126.6287]]],[121,[16.54059,33.05226,0,[45.001,128.416]]],[136,[16.49834,32.95269,0,[45.001,129.6222]]],[106,[16.56946,33.10279,0,[45.001,127.2641]]],[151,[16.02525,32.01539,0,[45.001,130.2787]]],[92,[15.56077,30.9538,0,[44.001,125.3467]]],[69,[11.69591,23.38755,0,[44.001,123.0072]]],[165,[14.95145,29.8528,0,[45.001,131.6936]]],[91,[16.04767,32.03476,0,[44.001,126.0972]]],[120,[17.11759,34.18824,0,[45.001,128.1427]]],[135,[17.04904,34.06335,0,[45.001,129.2536]]],[105,[17.13375,34.20298,0,[45.001,127.0255]]],[81,[13.38467,26.71077,0,[44.001,124.138]]],[164,[15.48893,30.93202,0,[45.001,131.035]]],[76,[16.20484,32.26656,0,[44.001,125.0279]]],[104,[17.70716,35.35067,0,[45.001,127.7063]]],[119,[17.69213,35.33408,0,[45.001,128.8232]]],[149,[17.12261,34.20715,0,[45.001,130.3924]]],[79,[14.51689,28.96056,0,[44.001,124.4619]]],[89,[17.23756,34.27813,0,[44.001,126.6037]]],[157,[12.77974,25.52986,0,[45.001,131.9169]]],[90,[16.66621,33.14063,0,[44.001,125.9249]]],[103,[18.29334,36.51064,0,[45.001,128.2997]]],[134,[17.64238,35.22467,0,[45.001,129.9358]]],[150,[16.58044,33.09625,0,[45.001,130.8248]]],[118,[18.27129,36.49041,0,[45.001,129.4096]]],[54,[11.76076,23.50456,0,[44.001,121.5896]]],[75,[17.2742,33.55856,0,[44.001,125.4927]]],[61,[16.74858,32.40483,0,[44.001,124.7957]]],[88,[18.38729,36.47057,0,[45.001,127.2084]]],[93,[15.01019,29.8822,0,[44.001,125.1647]]],[148,[17.69601,35.3382,0,[45.001,131.1483]]],[102,[18.95135,37.702,0,[45.001,128.1073]]],[133,[18.22754,36.39449,0,[45.001,130.5179]]],[73,[18.4324,35.76828,0,[44.001,125.804]]],[74,[17.87257,34.58613,0,[44.001,126.1156]]],[60,[17.26198,33.50534,0,[44.001,124.3514]]],[87,[18.50068,36.68763,0,[44.001,126.9392]]],[117,[18.85482,37.63569,0,[45.001,129.2491]]],[68,[12.29918,24.57742,0,[44.001,122.5162]]],[174,[15.51757,30.96189,0,[45.001,132.3382]]],[72,[18.98204,37.05825,0,[44.001,125.3275]]],[71,[19.15613,38.11512,0,[44.001,126.5865]]],[147,[18.31723,36.52368,0,[45.001,131.6228]]],[101,[19.53407,38.82604,0,[45.001,129.019]]],[59,[17.85259,34.47823,0,[44.001,125.0038]]],[78,[15.19302,30.14066,0,[44.001,124.1148]]],[116,[19.47796,38.90394,0,[45.001,130.2537]]],[42,[19.5522,37.65115,0,[44.001,124.6586]]],[86,[19.59334,38.8864,0,[45.001,127.7951]]],[85,[20.36201,40.46464,0,[45.001,128.1838]]],[161,[17.15629,34.21604,0,[45.001,131.5753]]],[62,[16.41723,31.2876,0,[44.001,123.9039]]],[58,[18.36582,35.68159,0,[44.001,124.577]]],[132,[18.81314,37.50775,0,[45.001,130.4041]]],[52,[12.87914,25.69584,0,[44.001,122.0167]]],[56,[19.66977,38.40747,0,[44.001,125.8154]]],[100,[20.24221,40.3389,0,[45.001,129.3581]]],[70,[19.95633,39.77192,0,[44.001,126.9673]]],[57,[18.93947,37.02544,0,[44.001,124.0171]]],[18,[19.52813,36.32193,0,[44.001,123.4901]]],[29,[20.34584,37.99288,0,[44.001,125.9003]]],[46,[16.98939,32.34919,0,[44.001,123.3932]]],[20,[20.29845,35.59375,0,[44.001,124.4116]]],[77,[15.78512,31.21047,0,[44.001,124.2054]]],[131,[19.50887,38.78821,0,[45.001,131.5182]]],[162,[16.65002,33.08981,0,[45.001,132.0309]]],[13,[20.06748,32.98222,0,[44.001,122.9049]]],[41,[21.10861,40.94026,0,[45.001,127.6848]]],[17,[21.23519,39.7146,0,[44.001,126.6794]]],[21,[20.92864,35.62574,0,[44.001,125.133]]],[172,[16.78213,33.18967,0,[45.001,133.2336]]],[65,[14.15903,27.86666,0,[44.001,122.9515]]],[80,[14.00437,27.90274,0,[44.001,124.0067]]],[28,[21.77896,41.59695,0,[45.001,128.3228]]],[12,[20.74121,34.64995,0,[44.001,123.433]]],[43,[18.4333,35.72429,0,[44.001,123.4081]]],[158,[19.23923,38.23684,0,[45.001,132.7646]]],[176,[14.40568,28.72711,0,[45.001,132.5343]]],[30,[18.83839,34.89167,0,[44.001,122.5864]]],[2,[21.36011,37.71774,0,[44.001,122.7606]]],[10,[21.45963,36.74465,0,[44.001,124.1797]]],[47,[16.50651,31.34811,0,[44.001,122.7936]]],[66,[13.41488,26.69724,0,[44.001,122.9311]]],[115,[20.26502,40.47922,0,[45.001,130.5768]]],[5,[20.49749,33.14776,0,[44.001,121.9051]]],[170,[18.02518,35.62545,0,[45.001,133.5506]]],[23,[19.37806,32.04797,0,[44.001,122.3021]]],[9,[22.22543,39.22595,0,[44.001,124.7143]]],[55,[21.66007,42.61755,0,[45.00099,129.8615]]],[4,[21.93828,38.01741,0,[44.001,121.7981]]],[11,[22.10416,38.76877,0,[44.001,123.2558]]],[64,[14.6805,28.8994,0,[44.001,123.3919]]],[130,[20.16487,40.252,0,[45.001,131.8086]]],[8,[22.39595,40.63504,0,[44.001,126.2855]]],[14,[19.79572,31.82358,0,[44.001,121.3979]]],[51,[13.66123,26.71656,0,[44.001,121.8647]]],[3,[22.7575,39.35372,0,[44.001,122.1452]]],[163,[16.03578,32.01393,0,[45.001,131.4927]]],[19,[21.66207,38.14368,0,[44.001,125.6445]]],[0,[22.95223,42.44918,0,[44.001,125.2708]]],[6,[21.16339,33.79631,0,[44.001,121.444]]],[31,[18.19209,34.16014,0,[44.001,122.288]]],[7,[23.14101,43.41589,0,[44.001,126.8422]]],[1,[22.8799,41.30438,0,[44.001,123.7255]]],[33,[16.81494,31.38513,0,[44.001,121.2306]]],[49,[14.90454,28.93135,0,[44.001,122.3539]]],[180,[24.40839,42.79986,0,[45.00099,129.2818]]],[178,[18.70585,36.63545,0,[45.001,133.8651]]],[168,[13.31175,26.58306,0,[45.001,132.8992]]],[48,[15.95457,30.37548,0,[44.001,123.033]]],[22,[18.48657,31.10512,0,[44.001,121.3321]]],[179,[17.47325,34.81018,0,[45.001,133.9338]]],[15,[19.0441,29.54375,0,[44.001,121.2003]]],[39,[14.3229,25.62963,0,[44.001,120.8027]]],[16,[23.26698,44.38264,0,[45.001,128.2749]]],[177,[13.87697,27.66968,0,[45.001,133.493]]],[34,[16.21245,30.38623,0,[44.001,121.8726]]],[40,[22.41953,44.11968,0,[45.001,129.3103]]],[24,[17.95106,29.4635,0,[44.001,120.9063]]],[44,[17.77471,34.43804,0,[44.001,123.8455]]],[146,[18.91535,37.75033,0,[45.001,131.5533]]],[25,[15.48894,27.89027,0,[44.001,120.8919]]],[175,[15.01839,29.90785,0,[45.001,132.9196]]],[26,[16.24599,27.50632,0,[44.001,120.7769]]],[171,[17.32755,34.30017,0,[45.001,132.7634]]],[160,[17.8372,35.39066,0,[45.001,132.3369]]],[38,[13.28227,25.94519,0,[44.001,121.0045]]],[36,[17.51272,29.09982,0,[44.001,121.5806]]],[50,[14.32013,27.92369,0,[44.001,121.9064]]],[145,[19.98372,39.36012,0,[45.001,133.0024]]],[184,[14.51796,28.75377,0,[45.001,133.8198]]],[27,[22.47348,43.75455,0,[45.001,127.597]]],[32,[17.0768,32.53706,0,[44.001,122.2877]]],[159,[18.56863,36.71071,0,[45.001,132.7002]]],[45,[17.68327,33.26608,0,[44.001,122.7567]]],[169,[19.56327,37.25779,0,[45.001,133.8934]]],[53,[12.39743,24.70714,0,[44.001,121.1531]]],[181,[16.39328,32.52321,0,[45.001,134.0382]]],[183,[15.29757,30.33113,0,[45.001,133.9435]]],[35,[15.52977,29.32551,0,[44.00067,122]]],[173,[16.17611,32.11553,0,[45.001,132.6448]]],[37,[14.88264,26.94501,0,[44.001,121.1962]]],[63,[15.39831,29.98635,0,[44.001,123.083]]],[182,[15.85504,31.23544,0,[45.001,133.5515]]]
1:[114,[39.17242,78.33949,0,[99.001,128.4015]]],[129,[39.19012,78.36751,0,[99.001,130.0117]]],[99,[39.17001,78.33636,0,[99.001,126.8123]]],[144,[38.7546,77.47146,0,[98.001,132.1091]]],[128,[39.75849,79.49628,0,[99.001,129.3693]]],[113,[39.79364,79.57056,0,[99.001,127.8945]]],[143,[39.78276,79.52452,0,[99.001,131.0231]]],[127,[40.3216,80.60918,0,[99.001,130.1827]]],[84,[39.69522,79.37902,0,[100.001,125.1903]]],[112,[40.35293,80.67248,0,[99.001,128.701]]],[98,[39.79263,79.56593,0,[99.001,126.4216]]],[97,[40.3165,80.60065,0,[99.001,127.2534]]],[142,[40.35675,80.68136,0,[99.001,131.6406]]],[126,[40.87399,81.72437,0,[99.001,129.5039]]],[141,[40.90551,81.78239,0,[99.001,130.8951]]],[111,[40.93488,81.83382,0,[99.001,128.0791]]],[82,[41.06042,81.77258,0,[100.001,125.9618]]],[96,[40.96263,81.76705,0,[99.001,126.7952]]],[125,[41.43406,82.83921,0,[99.001,128.8587]]],[140,[41.44532,82.85939,0,[99.001,130.2434]]],[156,[39.83889,79.64636,0,[98.001,132.9776]]],[110,[41.5267,82.99303,0,[99.001,127.5419]]],[154,[41.43229,82.83721,0,[99.001,131.6792]]],[124,[41.94075,83.84509,0,[99.001,129.5195]]],[67,[41.14401,81.9786,0,[100.001,124.6786]]],[109,[42.01283,83.97992,0,[99.001,128.1814]]],[139,[41.96155,83.83911,0,[99.001,130.9145]]],[155,[40.39811,80.76703,0,[98.001,132.2992]]],[95,[41.59718,82.99928,0,[99.001,126.3713]]],[123,[42.51033,84.92872,0,[99.001,128.8828]]],[138,[42.47403,84.85525,0,[99.001,130.1435]]],[153,[41.48267,82.90263,0,[98.001,132.2428]]],[108,[42.5941,85.0646,0,[99.001,127.6181]]],[83,[40.525,80.83396,0,[100.001,125.3223]]],[152,[42.49987,84.95422,0,[99.001,131.4306]]],[167,[40.3901,80.73834,0,[98.001,133.6953]]],[122,[43.03796,86.01925,0,[99.001,129.553]]],[94,[42.17839,83.95051,0,[99.001,126.8313]]],[137,[43.0101,85.93985,0,[99.001,130.814]]],[166,[40.94159,81.8298,0,[98.001,133.1212]]],[107,[43.10257,86.09087,0,[99.001,128.3094]]],[121,[43.56682,87.09309,0,[99.001,130.1271]]],[136,[43.53735,87.00389,0,[99.001,131.2417]]],[106,[43.60826,87.16704,0,[99.001,129.0152]]],[151,[42.5637,85.08005,0,[98.001,132.1369]]],[92,[43.22261,86.13033,0,[99.001,127.0768]]],[69,[40.53425,79.62688,0,[100.001,124.1074]]],[165,[41.5292,82.96536,0,[98.001,133.5583]]],[91,[43.6896,87.16772,0,[99.001,127.909]]],[120,[44.14451,88.23402,0,[99.001,129.7097]]],[135,[44.08329,88.10114,0,[99.001,130.8514]]],[105,[44.18136,88.27451,0,[99.001,128.5497]]],[81,[41.77669,82.98376,0,[100.001,125.4334]]],[164,[42.03753,84.01147,0,[98.001,132.6149]]],[76,[43.97636,87.54198,0,[99.001,126.9703]]],[104,[44.74041,89.39867,0,[99.001,129.1338]]],[119,[44.7164,89.36821,0,[99.001,130.248]]],[149,[44.24932,88.26334,0,[99.001,131.9516]]],[79,[42.81182,85.25392,0,[100.001,125.6332]]],[89,[44.97411,89.37505,0,[99.001,128.1313]]],[157,[39.3072,78.58315,0,[98.001,133.8104]]],[90,[44.47939,88.29623,0,[99.001,127.6056]]],[103,[45.32365,90.55342,0,[99.001,129.728]]],[134,[44.71177,89.26626,0,[99.001,131.3599]]],[150,[43.22513,86.22137,0,[98.001,132.2759]]],[118,[45.29885,90.53604,0,[99.001,130.8455]]],[54,[41.66809,81.68756,0,[100.001,124.12]]],[75,[44.95494,88.68769,0,[99.001,126.9391]]],[61,[44.41342,87.6028,0,[99.001,126.2792]]],[88,[45.51659,90.53156,0,[99.001,128.6839]]],[93,[42.80365,85.11015,0,[99.001,126.3275]]],[148,[44.25694,88.40185,0,[98.001,132.701]]],[102,[46.02179,91.8023,0,[99.001,130.0994]]],[133,[45.26255,90.44809,0,[99.001,131.9998]]],[73,[46.2912,91.12579,0,[99.001,127.9626]]],[74,[45.56311,89.68208,0,[99.001,127.5122]]],[60,[45.39574,88.91627,0,[99.001,126.2596]]],[87,[46.1541,91.89146,0,[99.001,129.0327]]],[117,[45.91229,91.70754,0,[99.001,131.1784]]],[68,[42.30643,82.25652,0,[100.001,125.0835]]],[174,[42.36583,84.23137,0,[98.001,133.5145]]],[72,[46.75217,92.43684,0,[99.001,127.2653]]],[71,[46.85681,93.35703,0,[99.001,128.5177]]],[147,[44.91034,89.59808,0,[98.001,133.1638]]],[101,[46.66711,92.89506,0,[99.001,130.7736]]],[59,[46.08855,89.79652,0,[99.001,126.919]]],[78,[44.59655,86.66274,0,[100.001,125.3409]]],[116,[46.53277,92.96976,0,[99.001,131.8597]]],[42,[47.44563,92.92355,0,[99.001,127.6004]]],[86,[46.84616,93.01241,0,[99.001,129.7098]]],[85,[47.45131,94.60432,0,[99.001,131.0376]]],[161,[43.74079,87.3315,0,[98.001,133.1064]]],[62,[45.36746,87.71902,0,[100.001,125.6185]]],[58,[47.08256,91.16474,0,[99.001,126.3693]]],[132,[45.40356,90.5979,0,[98.001,132.275]]],[52,[42.53647,83.52142,0,[100.001,124.0649]]],[56,[47.47953,93.62304,0,[99.001,128.8636]]],[100,[46.83477,93.46487,0,[98.001,132.195]]],[70,[47.65534,94.95708,0,[99.001,129.9408]]],[57,[47.75795,92.60365,0,[99.001,126.5971]]],[18,[48.01718,91.96549,0,[99.001,128.1201]]],[29,[48.24408,93.56732,0,[99.001,130.6614]]],[46,[47.00309,89.25017,0,[100.001,125.7756]]],[20,[48.32741,91.37338,0,[99.001,129.3026]]],[77,[43.63384,86.54217,0,[99.001,126.0932]]],[131,[46.18937,91.90231,0,[98.001,132.9364]]],[162,[43.58163,86.24539,0,[98.001,134.1522]]],[13,[48.52108,89.01804,0,[99.001,127.4551]]],[41,[48.289,95.27118,0,[99.001,131.9648]]],[17,[48.87233,94.94618,0,[99.001,130.0444]]],[21,[48.85509,90.99311,0,[99.001,128.7193]]],[172,[43.93464,86.53629,0,[98.00064,135]]],[65,[45.03523,85.8393,0,[100.001,124.6474]]],[80,[43.68422,85.10059,0,[100.001,125.4367]]],[28,[48.90173,95.71529,0,[99.001,131.2492]]],[12,[49.36865,90.43887,0,[99.00098,128.337]]],[43,[48.37935,92.36531,0,[100.001,125.4231]]],[158,[46.60231,91.81335,0,[98.001,133.7573]]],[176,[41.19714,81.87598,0,[98.001,134.6093]]],[30,[49.20461,91.94595,0,[99.00099,126.8921]]],[2,[49.81873,93.70253,0,[99.001,127.4884]]],[10,[49.53423,92.74429,0,[99.00098,129.8703]]],[47,[47.66227,88.98868,0,[100.001,125.2505]]],[66,[43.22246,83.92024,0,[100.001,124.7841]]],[115,[47.16044,93.59019,0,[98.001,133.2302]]],[5,[50.13719,90.06647,0,[100.001,125.9792]]],[170,[45.93461,89.32604,0,[98.001,134.2579]]],[23,[48.52745,88.13901,0,[99.001,126.1973]]],[9,[50.04771,94.8138,0,[99.00099,129.1642]]],[55,[48.42633,95.75729,0,[98.001,132.4597]]],[4,[50.42594,94.40054,0,[99.001,126.9177]]],[11,[50.56331,94.78284,0,[99.001,128.3369]]],[64,[44.08881,85.71655,0,[100.001,124.6047]]],[130,[47.8557,93.80744,0,[98.00099,133.2137]]],[8,[50.28595,96.12599,0,[99.00099,130.7841]]],[14,[50.82506,89.76538,0,[100.001,125.6615]]],[51,[43.55236,84.66743,0,[100.001,123.8947]]],[3,[51.22875,95.67999,0,[99.001,127.5133]]],[163,[42.96186,85.15605,0,[98.001,133.2277]]],[19,[49.6468,93.96765,0,[99.00099,131.2884]]],[0,[50.80019,98.07051,0,[99.001,129.8647]]],[6,[51.57349,91.96859,0,[100.001,125.8304]]],[31,[49.526,92.18407,0,[100.001,125.5157]]],[7,[50.97738,98.98753,0,[99.00099,131.5239]]],[1,[51.35377,97.38674,0,[99.001,129.0076]]],[33,[51.67631,92.4467,0,[99.001,126.3879]]],[49,[45.46417,86.75301,0,[100.001,123.9353]]],[180,[51.83959,97.60452,0,[99.001,130.4247]]],[178,[46.47685,90.35237,0,[98.001,134.9314]]],[168,[39.88423,79.68126,0,[98.001,134.6109]]],[48,[45.81895,87.3438,0,[100.001,124.929]]],[22,[52.3265,93.59371,0,[99.001,126.5252]]],[179,[48.38182,92.35126,0,[98.001,134.5576]]],[15,[52.17522,90.73237,0,[99.001,128.0495]]],[39,[51.14046,88.12505,0,[100.001,124.4744]]],[16,[50.00092,97.83655,0,[98.00099,132.6236]]],[177,[40.62594,80.9137,0,[98.001,134.8635]]],[34,[47.1082,88.19061,0,[100.001,124.3495]]],[40,[49.37715,97.61001,0,[98.001,134.155]]],[24,[52.09018,92.43909,0,[100.001,124.7686]]],[44,[46.4134,90.98762,0,[100.001,125.864]]],[146,[45.58302,90.92324,0,[98.001,133.3238]]],[25,[49.62379,88.34921,0,[100.001,124.2569]]],[175,[42.03115,83.27307,0,[98.001,134.3767]]],[26,[53.31393,94.78535,0,[99.001,126.7892]]],[171,[44.61127,87.5038,0,[98.001,134.9685]]],[160,[44.45776,88.53043,0,[98.001,133.8899]]],[38,[52.90434,91.02029,0,[100.001,124.9984]]],[36,[50.37459,87.67222,0,[100.001,124.5412]]],[50,[44.53474,86.40172,0,[100.001,123.929]]],[145,[47.77594,92.86211,0,[98.00099,134.4694]]],[184,[42.43273,82.30772,0,[98.001,135.1359]]],[27,[49.26005,97.31073,0,[98.00099,132.5735]]],[32,[48.47358,89.90407,0,[100.001,124.0886]]],[159,[45.2446,89.91135,0,[98.001,134.2254]]],[45,[48.9439,90.59498,0,[100.001,124.8068]]],[169,[48.69679,93.19852,0,[98.001,133.5201]]],[53,[53.84733,86.53577,0,[100.001,125.2652]]],[181,[47.22515,87.42724,0,[98.001,134.6682]]],[183,[45.54425,85.00636,0,[98.001,135.1691]]],[35,[47.76437,87.94822,0,[100.001,124.1094]]],[173,[42.88134,85.40505,0,[98.001,134.308]]],[37,[46.22252,85.92884,0,[100.001,123.8366]]],[63,[46.51235,87.85081,0,[100.001,124.7772]]],[182,[43.19188,84.65968,0,[98.001,135.2167]]]
2:[114,[68.19467,136.3813,0,[157.001,129.8043]]],[129,[68.70679,137.3983,0,[158.001,131.5908]]],[99,[68.2187,136.4219,0,[157.001,128.1634]]],[144,[68.76962,137.5012,0,[158.001,133.7815]]],[128,[69.27164,138.5206,0,[158.001,130.678]]],[113,[68.82598,137.6264,0,[157.001,129.0846]]],[143,[69.29468,138.5486,0,[158.001,132.5295]]],[127,[69.83006,139.6249,0,[158.001,131.4273]]],[84,[68.37659,136.5965,0,[157.001,126.5863]]],[112,[69.3744,138.7102,0,[157.001,129.8805]]],[98,[68.90408,137.7458,0,[157.001,127.5017]]],[97,[69.37874,138.7058,0,[157.001,128.3777]]],[142,[69.90093,139.7547,0,[158.001,132.8324]]],[126,[70.38531,140.7431,0,[158.001,130.674]]],[141,[70.42461,140.8133,0,[158.001,132.0258]]],[111,[69.98569,139.9239,0,[157.001,129.3054]]],[82,[69.72702,138.988,0,[157.001,127.0078]]],[96,[70.10318,139.9684,0,[157.001,128.1703]]],[125,[70.45764,140.8796,0,[157.001,129.9617]]],[140,[70.95419,141.8733,0,[158.001,131.2656]]],[156,[69.97965,139.8111,0,[158.001,134.1023]]],[110,[70.65831,141.1414,0,[157.001,128.7695]]],[154,[70.98045,141.9101,0,[158.001,132.5639]]],[124,[71.45489,142.8642,0,[158.001,130.5576]]],[67,[70.36987,140.058,0,[157.001,127.1739]]],[109,[71.13493,142.0492,0,[157.001,129.3129]]],[139,[71.49104,142.8767,0,[158.001,131.8587]]],[155,[70.51748,140.8872,0,[158.001,133.4114]]],[95,[70.96253,141.393,0,[157.001,127.8463]]],[123,[72.04191,143.9706,0,[158.001,130.079]]],[138,[71.99406,143.8814,0,[158.001,131.3575]]],[153,[71.58462,143.0606,0,[158.001,133.0179]]],[108,[71.6611,143.1564,0,[157.001,128.688]]],[83,[69.23521,138.1536,0,[157.001,126.2522]]],[152,[72.12348,144.0335,0,[158.001,132.7348]]],[167,[70.60233,141.0676,0,[158.001,134.7848]]],[122,[72.55965,145.0504,0,[158.001,130.6652]]],[94,[71.65468,142.0508,0,[157.001,127.5697]]],[137,[72.54259,144.9858,0,[158.001,131.9447]]],[166,[71.09152,142.0413,0,[158.001,133.8194]]],[107,[72.15054,144.1557,0,[157.001,129.4047]]],[121,[73.09367,146.1301,0,[158.001,131.1971]]],[136,[73.18703,146.1143,0,[158.001,132.2953]]],[106,[73.15794,146.1908,0,[158.001,130.0614]]],[151,[72.75375,145.2332,0,[158.001,133.2313]]],[92,[72.38304,144.3246,0,[157.001,128.2879]]],[69,[70.57812,138.1301,0,[157.001,126.093]]],[165,[71.7932,143.3601,0,[158.001,134.0641]]],[91,[72.90911,145.2358,0,[157.001,129.0678]]],[120,[73.66989,147.2627,0,[158.001,130.8719]]],[135,[73.71758,147.148,0,[158.001,131.9813]]],[105,[73.34147,146.3346,0,[157.001,129.8188]]],[81,[71.18379,140.5855,0,[157.001,126.8251]]],[164,[72.35658,144.2097,0,[158.001,134.0113]]],[76,[73.1668,145.6691,0,[157.001,128.0927]]],[104,[74.34895,148.4346,0,[158.001,130.2681]]],[119,[74.25417,148.3972,0,[158.001,131.3492]]],[149,[73.94511,147.3745,0,[158.001,133.012]]],[79,[71.99388,142.58,0,[157.001,126.5469]]],[89,[74.15818,147.4769,0,[157.001,129.3432]]],[157,[69.53866,138.8776,0,[158.001,134.778]]],[90,[73.64172,146.4123,0,[157.001,128.8895]]],[103,[74.97795,149.5788,0,[158.001,130.489]]],[134,[74.41004,148.3275,0,[158.001,132.4079]]],[150,[73.41602,146.458,0,[158.001,133.3039]]],[118,[74.89266,149.5971,0,[158.001,131.587]]],[54,[71.47459,139.9593,0,[157.001,125.8888]]],[75,[74.45596,146.9797,0,[157.001,128.399]]],[61,[73.91747,145.9354,0,[157.001,127.9404]]],[88,[74.7857,148.5599,0,[157.001,129.556]]],[93,[72.59915,143.3825,0,[157.001,127.2573]]],[148,[74.58422,148.6138,0,[158.001,133.469]]],[102,[75.56357,150.8371,0,[158.001,131.0415]]],[133,[75.07959,149.5912,0,[158.001,132.6517]]],[73,[75.50855,149.2127,0,[157.001,129.0235]]],[74,[75.01917,147.7624,0,[157.001,128.4909]]],[60,[74.97301,147.1743,0,[157.001,127.3756]]],[87,[75.79974,150.9173,0,[158.001,130.0547]]],[117,[75.609,150.7848,0,[158.001,132.1341]]],[68,[72.71133,140.5892,0,[157.001,126.1316]]],[174,[72.82896,144.6755,0,[158.001,134.7554]]],[72,[76.01209,150.5688,0,[157.001,128.4781]]],[71,[75.97856,151.4194,0,[157.001,129.6992]]],[147,[75.29512,149.9833,0,[158.001,133.6834]]],[101,[76.20705,151.9386,0,[158.001,131.8411]]],[59,[75.56911,147.9432,0,[157.001,127.7939]]],[78,[74.39497,144.5608,0,[157.001,127.2402]]],[116,[76.47916,152.0488,0,[158.001,132.8181]]],[42,[76.60742,151.0474,0,[157.001,129.2414]]],[86,[76.38181,152.0435,0,[158.001,130.7987]]],[85,[76.99119,153.6544,0,[158.001,131.9458]]],[161,[74.08431,147.6631,0,[158.001,134.112]]],[62,[75.4216,145.4972,0,[157.001,126.7205]]],[58,[76.57349,149.5678,0,[157.001,128.091]]],[132,[75.89355,150.7969,0,[158.001,133.0724]]],[52,[73.26746,142.188,0,[157.001,125.9232]]],[56,[77.07538,152.6717,0,[158.001,130.3808]]],[100,[77.48615,153.664,0,[158.001,132.6116]]],[70,[77.41804,153.9851,0,[158.001,131.2512]]],[57,[77.18814,150.7779,0,[157.001,128.2469]]],[18,[77.1734,150.0056,0,[157.001,129.3627]]],[29,[77.96346,152.6377,0,[158.001,131.5174]]],[46,[76.13567,146.6775,0,[157.001,127.1476]]],[20,[77.85058,150.3984,0,[158.001,130.4202]]],[77,[73.31024,144.7552,0,[157.001,127.0309]]],[131,[77.00538,152.1441,0,[158.001,133.3761]]],[162,[74.84725,147.2127,0,[158.001,134.4531]]],[13,[77.74529,147.1382,0,[157.001,129.1432]]],[41,[78.08009,154.4467,0,[158.001,132.6014]]],[17,[78.55807,153.9897,0,[158.001,131.3139]]],[21,[78.4527,150.0667,0,[158.001,130.2182]]],[172,[76.5443,148.5128,0,[158.001,134.0677]]],[65,[75.89233,144.3708,0,[157.001,126.0318]]],[80,[73.85381,142.8554,0,[157.001,126.8416]]],[28,[78.70157,154.8116,0,[158.001,132.3892]]],[12,[79.10078,149.5662,0,[158.001,130.5146]]],[43,[77.76496,149.9646,0,[157.001,128.0051]]],[158,[77.82909,152.4988,0,[158.001,133.6317]]],[176,[72.04482,142.4195,0,[158.001,135.0988]]],[30,[78.41888,150.2001,0,[157.001,129.4518]]],[2,[79.67218,152.8179,0,[158.001,130.1947]]],[10,[79.30249,151.8988,0,[158.001,131.5542]]],[47,[78.22843,147.4538,0,[157.001,127.2422]]],[66,[74.01837,142.1229,0,[157.001,125.7959]]],[115,[78.47154,153.898,0,[158.001,133.5553]]],[5,[79.0122,147.4267,0,[157.001,129.0869]]],[170,[77.41348,149.9799,0,[158.001,134.3394]]],[23,[78.35467,146.4987,0,[157.001,128.3467]]],[9,[79.88074,153.8744,0,[158.001,131.2545]]],[55,[79.64861,156.2624,0,[158.001,132.4211]]],[4,[79.65192,152.5067,0,[157.001,129.3637]]],[11,[80.36236,153.845,0,[158.001,130.5728]]],[64,[74.66135,143.9917,0,[157.001,126.2631]]],[130,[79.17883,154.5177,0,[158.001,132.9855]]],[8,[80.2657,155.1962,0,[158.001,132.1999]]],[14,[79.58804,146.9753,0,[157.001,128.1604]]],[51,[75.1477,143.506,0,[157.001,125.7555]]],[3,[80.33077,153.7694,0,[157.001,129.721]]],[163,[73.53328,145.4909,0,[158.001,134.3676]]],[19,[80.03684,153.124,0,[158.001,133.2193]]],[0,[80.73434,157.1175,0,[158.001,131.5945]]],[6,[80.2331,149.1564,0,[157.001,128.5233]]],[31,[78.94601,149.6929,0,[157.001,127.9685]]],[7,[80.90479,158.0709,0,[158.001,132.9344]]],[1,[81.15022,156.4434,0,[158.001,130.6858]]],[33,[80.87582,150.6386,0,[157.001,129.1776]]],[49,[77.2578,146.3502,0,[157.001,125.9827]]],[180,[81.46365,156.6734,0,[158.001,131.9556]]],[178,[78.33894,151.668,0,[158.001,134.712]]],[168,[71.26383,140.6008,0,[158.001,134.9382]]],[48,[77.41503,146.569,0,[157.001,127.1242]]],[22,[81.53465,151.808,0,[157.001,129.5691]]],[179,[81.6797,155.8359,0,[158.001,133.1612]]],[15,[81.84144,149.9248,0,[158.001,130.8596]]],[39,[80.20449,145.4519,0,[157.001,127.2799]]],[16,[80.49936,158.0455,0,[158.001,133.8588]]],[177,[73.77686,142.61,0,[158.001,135.3377]]],[34,[77.87714,146.8029,0,[157.001,126.3175]]],[40,[82.32555,160.9505,0,[158.001,132.1327]]],[24,[80.82623,149.7765,0,[157.001,127.8016]]],[44,[76.85485,149.6954,0,[157.001,127.0877]]],[146,[75.97718,151.3182,0,[158.001,134.1547]]],[25,[80.89349,146.2986,0,[157.001,126.4551]]],[175,[74.40794,144.5063,0,[158.001,135.111]]],[26,[82.37501,152.9049,0,[157.001,129.967]]],[171,[81.33665,150.3009,0,[158.001,134.3352]]],[160,[75.40147,149.1574,0,[158.001,134.9369]]],[38,[81.5279,148.211,0,[157.001,128.1452]]],[36,[79.48439,145.0325,0,[157.001,126.9874]]],[50,[76.57936,145.9276,0,[157.001,126.0748]]],[145,[82.10992,156.1981,0,[158.001,134.4106]]],[184,[76.06597,144.3324,0,[158.001,135.2364]]],[27,[79.69161,157.499,0,[158.001,134.0701]]],[32,[81.8056,149.7856,0,[157.001,126.7999]]],[159,[76.86734,150.6022,0,[158.001,134.9906]]],[45,[78.78155,148.3372,0,[157.001,126.9014]]],[169,[80.6278,153.6423,0,[158.001,134.948]]],[53,[82.40755,143.6439,0,[157.001,128.2069]]],[181,[79.00844,148.2667,0,[158.001,134.0329]]],[183,[77.8116,146.3723,0,[158.001,135.1143]]],[35,[80.07723,147.42,0,[157.001,126.1143]]],[173,[79.05569,147.5059,0,[158.001,135.1292]]],[37,[79.1805,147.7041,0,[157.001,125.983]]],[63,[78.41479,147.5322,0,[157.001,125.9412]]],[182,[79.93979,149.6154,0,[158.001,135.0556]]]
3:[114,[97.70467,195.3929,0,[216.001,130.1828]]],[129,[97.71194,195.4021,0,[216.001,131.9538]]],[99,[97.75255,195.4772,0,[216.001,128.5276]]],[144,[98.30424,196.5381,0,[217.001,133.743]]],[128,[98.278,196.5247,0,[216.001,131.0818]]],[113,[98.35073,196.6613,0,[216.001,129.4803]]],[143,[98.30752,196.5651,0,[216.001,132.8238]]],[127,[98.8378,197.6328,0,[216.001,131.9728]]],[84,[97.6984,194.9996,0,[215.001,127.2399]]],[112,[98.89722,197.7332,0,[216.001,130.3763]]],[98,[98.61885,196.9967,0,[216.001,128.031]]],[97,[98.98734,197.8375,0,[216.001,128.9506]]],[142,[99.45577,198.8415,0,[217.001,133.6691]]],[126,[99.39683,198.751,0,[216.001,131.1317]]],[141,[99.46063,198.8515,0,[216.001,132.562]]],[111,[99.52322,198.9783,0,[216.001,129.6391]]],[82,[98.84901,197.1344,0,[215.001,127.3262]]],[96,[99.69006,199.0897,0,[216.001,128.3671]]],[125,[99.97112,199.8963,0,[216.001,130.3149]]],[140,[99.97742,199.8984,0,[216.001,131.7013]]],[156,[100.2036,199.4336,0,[217.001,133.769]]],[110,[100.2011,200.2019,0,[216.001,128.9899]]],[154,[100.1816,200.0743,0,[216.001,132.9067]]],[124,[100.4714,200.8783,0,[216.001,130.8663]]],[67,[99.64056,198.4155,0,[215.001,127.3708]]],[109,[100.6597,201.0703,0,[216.001,129.6316]]],[139,[100.6534,200.9982,0,[216.001,132.0207]]],[155,[100.8287,200.0349,0,[217.001,134.1551]]],[95,[100.6768,200.6036,0,[216.001,128.2712]]],[123,[101.0818,201.9793,0,[216.001,130.3669]]],[138,[101.1361,201.9151,0,[216.001,131.4781]]],[153,[100.9426,201.4744,0,[216.001,132.9703]]],[108,[101.2408,202.2667,0,[216.001,129.0903]]],[83,[100.3184,197.1581,0,[215.001,127.0916]]],[152,[101.5043,202.2455,0,[216.001,132.5071]]],[167,[101.4706,201.2111,0,[217.001,134.0753]]],[122,[101.6491,203.0946,0,[216.001,130.2754]]],[94,[100.8751,200.2633,0,[215.001,127.9117]]],[137,[101.7639,203.1417,0,[216.001,131.4277]]],[166,[102.0868,201.744,0,[217.001,133.6587]]],[107,[101.7954,203.1951,0,[216.001,129.1067]]],[121,[102.3667,204.2543,0,[216.001,130.5018]]],[136,[102.3687,204.3954,0,[216.001,131.6564]]],[106,[102.338,204.2347,0,[216.001,129.3896]]],[151,[102.2399,203.4644,0,[216.001,132.7446]]],[92,[102.0306,203.4947,0,[216.001,128.0144]]],[69,[101.226,197.5849,0,[215.001,126.957]]],[165,[102.6569,203.2741,0,[217.001,133.9374]]],[91,[102.5907,204.3118,0,[216.001,128.3227]]],[120,[102.9518,205.2916,0,[216.001,131.0248]]],[135,[102.9432,205.22,0,[216.001,132.1214]]],[105,[103.0751,205.3745,0,[216.001,129.9561]]],[81,[102.0029,199.6498,0,[215.001,127.0836]]],[164,[103.3075,203.9767,0,[217.001,133.1856]]],[76,[103.1408,205.0484,0,[216.001,128.8798]]],[104,[103.5123,206.4625,0,[216.001,130.787]]],[119,[103.5294,206.4247,0,[216.001,131.9583]]],[149,[103.8672,206.6417,0,[217.001,133.1751]]],[79,[102.7599,201.8513,0,[215.001,127.808]]],[89,[103.7404,206.5294,0,[216.001,129.5671]]],[157,[103.4714,200.1906,0,[217.001,134.2324]]],[90,[103.7531,205.4546,0,[216.001,128.3334]]],[103,[104.0727,207.625,0,[216.001,130.7641]]],[134,[104.4394,207.4285,0,[217.001,133.0772]]],[150,[104.1551,205.9496,0,[217.001,134.2942]]],[118,[104.1714,207.7048,0,[216.001,131.962]]],[54,[102.85,199.6324,0,[215.001,126.7405]]],[75,[104.4236,206.3533,0,[216.001,129.7084]]],[61,[104.3284,205.3367,0,[216.001,128.5775]]],[88,[104.6637,207.7909,0,[216.001,130.8475]]],[93,[103.6459,201.6209,0,[215.001,127.3165]]],[148,[104.8095,207.9197,0,[217.001,134.1529]]],[102,[104.8392,208.8856,0,[216.001,131.94]]],[133,[105.1833,208.8736,0,[217.001,133.0117]]],[73,[105.1369,208.3199,0,[216.001,130.1019]]],[60,[104.3504,205.3859,0,[215.001,127.9798]]],[87,[105.3002,208.9792,0,[216.001,131.158]]],[117,[105.374,209.0949,0,[216.001,132.2525]]],[68,[104.1685,200.3781,0,[215.001,126.9206]]],[174,[105.4808,204.6759,0,[217.001,133.9933]]],[72,[105.6768,209.7767,0,[216.001,129.5917]]],[71,[105.7903,210.5153,0,[216.001,130.6651]]],[147,[105.9365,209.637,0,[217.001,133.3257]]],[101,[105.8724,210.0715,0,[216.001,131.777]]],[59,[105.7081,207.2439,0,[216.001,128.5001]]],[78,[104.8619,203.131,0,[215.001,127.6458]]],[116,[105.9907,210.252,0,[216.001,132.939]]],[42,[106.2743,210.132,0,[216.001,129.4949]]],[86,[106.3446,210.0826,0,[216.001,130.7191]]],[85,[106.4413,211.7635,0,[216.001,131.8413]]],[161,[106.1613,207.3061,0,[217.001,134.3166]]],[62,[105.5625,204.153,0,[215.001,127.5789]]],[58,[106.4233,208.8104,0,[216.001,128.4234]]],[132,[106.7019,210.1493,0,[217.001,134.0598]]],[52,[105.1448,202.1709,0,[215.001,126.7132]]],[56,[106.7859,210.7371,0,[216.001,129.9951]]],[100,[106.6535,211.7884,0,[216.001,132.8678]]],[70,[106.9616,212.0376,0,[216.001,131.204]]],[57,[107.0129,209.8599,0,[216.001,128.8096]]],[18,[107.3329,209.0633,0,[216.001,129.7097]]],[29,[107.3412,210.7309,0,[216.001,132.0174]]],[46,[106.525,205.1325,0,[215.001,127.7071]]],[20,[107.4745,208.4285,0,[216.001,130.7753]]],[77,[106.0226,204.1002,0,[215.001,126.9593]]],[131,[107.7072,211.6409,0,[217.001,133.1228]]],[162,[107.3319,207.0839,0,[217.001,134.0439]]],[13,[107.6954,206.1872,0,[216.001,128.7323]]],[41,[107.8735,212.7338,0,[216.001,132.2426]]],[17,[107.9813,212.0243,0,[216.001,131.1519]]],[21,[107.9134,208.104,0,[216.001,129.8208]]],[172,[108.2344,208.4622,0,[217.001,133.2928]]],[65,[107.3271,203.7527,0,[215.001,127.6566]]],[80,[106.8893,203.4742,0,[215.001,126.8765]]],[28,[108.4054,213.006,0,[216.001,131.8853]]],[12,[108.4475,207.5817,0,[216.001,130.5262]]],[43,[108.275,209.4343,0,[216.001,128.5206]]],[158,[108.7906,212.0895,0,[217.001,133.1767]]],[176,[108.4007,204.1635,0,[217.001,134.3209]]],[30,[108.5747,209.2502,0,[216.001,129.4371]]],[2,[109.0007,210.9009,0,[216.001,131.0407]]],[10,[108.9489,210.0521,0,[216.001,132.1321]]],[47,[108.1859,205.7653,0,[215.001,127.789]]],[66,[107.7541,203.7946,0,[215.001,126.9406]]],[115,[109.3613,213.5709,0,[217.001,133.207]]],[5,[109.155,206.6984,0,[216.001,129.9947]]],[170,[109.2146,210.0142,0,[217.001,134.2615]]],[23,[109.2102,205.6543,0,[216.001,128.8945]]],[9,[109.5505,211.9027,0,[216.001,131.5766]]],[55,[109.5169,214.4443,0,[216.001,132.8353]]],[4,[109.7513,211.5443,0,[216.001,129.4921]]],[11,[109.9134,211.8636,0,[216.001,130.5863]]],[64,[108.8174,204.2465,0,[215.001,127.8137]]],[130,[109.8846,213.8616,0,[217.001,134.1445]]],[8,[110.1817,213.4317,0,[216.001,131.6675]]],[14,[109.8418,206.1759,0,[216.001,128.3452]]],[51,[108.6192,204.2355,0,[215.001,126.7898]]],[3,[110.331,212.7958,0,[216.001,129.5502]]],[163,[110.5625,207.582,0,[217.001,133.6884]]],[19,[110.3451,211.5093,0,[216.001,132.721]]],[0,[110.5525,215.2794,0,[216.001,130.7606]]],[6,[110.456,208.1944,0,[216.001,128.3329]]],[31,[109.4577,207.9802,0,[215.001,127.1314]]],[7,[110.9134,216.3506,0,[216.001,131.981]]],[1,[111.0319,214.5197,0,[216.001,129.9848]]],[33,[110.9615,209.6741,0,[216.001,128.9031]]],[49,[110.0628,207.1339,0,[215.001,127.1814]]],[180,[111.1943,214.8336,0,[216.001,131.0326]]],[178,[111.3913,212.0546,0,[217.001,133.0989]]],[168,[111.0855,203.5442,0,[217.001,134.105]]],[48,[110.6626,205.6367,0,[215.001,127.8788]]],[22,[111.6184,210.8317,0,[216.001,129.7365]]],[179,[111.5631,214.1305,0,[216.001,131.9103]]],[15,[111.852,207.9458,0,[216.001,130.7633]]],[39,[111.6333,205.2378,0,[216.001,128.6174]]],[16,[112.1523,217.765,0,[217.001,133.0202]]],[177,[111.7717,206.2825,0,[217.001,133.9619]]],[34,[110.7322,207.0974,0,[215.001,126.7891]]],[40,[112.2284,219.0088,0,[216.001,131.7569]]],[24,[112.2597,209.7447,0,[216.001,129.6059]]],[44,[111.3522,210.2875,0,[215.001,127.422]]],[146,[112.2518,212.4426,0,[216.001,132.989]]],[25,[112.3158,206.5508,0,[216.001,128.4643]]],[175,[112.5193,207.1092,0,[217.001,134.1317]]],[26,[112.6231,211.9562,0,[216.001,130.4748]]],[171,[112.8128,209.6294,0,[216.001,131.5217]]],[160,[112.8603,213.545,0,[216.001,132.6496]]],[38,[112.9591,207.9755,0,[216.001,129.3447]]],[36,[112.8552,205.7013,0,[216.001,128.1199]]],[50,[111.9146,207.8447,0,[215.001,127.1224]]],[145,[113.3176,215.9086,0,[216.001,130.2695]]],[184,[113.485,209.6186,0,[217.001,133.9124]]],[27,[113.4269,217.7607,0,[216.001,131.545]]],[32,[113.4417,209.5249,0,[216.001,128.6258]]],[159,[113.5947,213.9249,0,[216.001,132.791]]],[45,[112.653,208.309,0,[215.001,127.1135]]],[169,[113.994,215.153,0,[216.001,130.6678]]],[53,[113.9887,203.9873,0,[216.001,129.3107]]],[181,[114.338,213.3648,0,[217.001,134.0283]]],[183,[114.1789,210.5086,0,[216.001,131.9668]]],[35,[113.3178,208.1707,0,[215.001,127.5642]]],[173,[114.9917,211.2121,0,[217.001,133.2716]]],[37,[114.6842,211.39,0,[216.001,130.036]]],[63,[114.5228,211.1465,0,[216.001,128.2904]]],[182,[115.3052,214.1278,0,[216.001,131.5222]]]

Travel Distances:
[114,217.9811],[129,217.975],[99,217.9696],[144,219.921],[128,219.9659],[113,219.9566],[143,219.9459],[127,219.9536],[84,219.584],[112,219.9365],[98,221.7531],[97,221.8575],[142,221.9242],[126,221.953],[141,221.9262],[111,221.9284],[82,223.4203],[96,223.7005],[125,223.9348],[140,223.9323],[156,223.0104],[110,223.7957],[154,223.7002],[124,223.9313],[67,223.1122],[109,223.7469],[139,223.6835],[155,222.3256],[95,225.2114],[123,225.7972],[138,225.6269],[153,225.5619],[108,225.7778],[83,222.4039],[152,225.227],[167,224.2077],[122,225.7745],[94,224.5007],[137,225.6089],[166,223.5443],[107,227.5823],[121,227.5166],[136,227.6526],[106,227.5159],[151,226.9722],[92,227.4091],[69,223.0571],[165,225.755],[91,227.111],[120,229.3833],[135,229.322],[105,229.2157],[81,225.5176],[164,227.3333],[76,228.7519],[104,229.4347],[119,229.3614],[149,228.8872],[79,226.2965],[89,229.0451],[157,223.198],[90,229.938],[103,231.4718],[134,230.4041],[150,229.575],[118,231.3567],[54,225.8552],[75,229.5032],[61,228.6757],[88,230.4598],[93,226.3148],[148,230.2483],[102,231.2033],[133,230.4991],[73,232.0363],[74,230.871],[60,230.6689],[87,232.3704],[117,232.3277],[68,225.802],[174,227.6739],[72,232.4145],[71,232.9227],[147,231.7322],[101,232.3195],[59,231.7908],[78,229.3137],[116,234.2427],[42,233.5769],[86,233.3874],[85,234.8698],[161,230.889],[62,229.0038],[58,231.9533],[132,232.657],[52,227.781],[56,233.1617],[100,234.4517],[70,236.0967],[57,233.8214],[18,232.3918],[29,234.0415],[46,230.0605],[20,231.477],[77,229.7608],[131,234.1618],[162,230.302],[13,228.7903],[41,234.9529],[17,235.9746],[21,232.2414],[172,231.9071],[65,229.0798],[80,229.6209],[28,236.1188],[12,230.5223],[43,232.877],[158,234.3327],[176,227.2299],[30,232.0034],[2,234.8667],[10,234.0864],[47,231.3408],[66,230.1736],[115,236.7673],[5,230.2602],[170,233.5339],[23,229.2212],[9,234.7948],[55,237.2758],[4,234.0332],[11,234.0344],[64,228.5868],[130,237.9622],[8,237.0624],[14,230.47],[51,230.9155],[3,236.0986],[163,230.4281],[19,234.8093],[0,238.1707],[6,231.2711],[31,233.0162],[7,240.5115],[1,238.4449],[33,233.7284],[49,232.9411],[180,238.435],[178,235.1072],[168,227.1805],[48,230.2936],[22,233.5887],[179,236.9919],[15,230.2358],[39,227.9635],[16,239.4441],[177,230.5096],[34,233.5404],[40,242.5327],[24,233.219],[44,235.5632],[146,235.8871],[25,229.9063],[175,229.8733],[26,234.7047],[171,231.9924],[160,237.7681],[38,232.045],[36,229.9446],[50,233.8434],[145,239.2683],[184,232.5713],[27,240.8964],[32,232.6163],[159,236.7236],[45,234.8309],[169,239.1568],[53,227.9891],[181,236.6268],[183,234.1387],[35,233.4207],[173,233.2193],[37,234.0192],[63,234.0951],[182,237.5143]

Finish Times:
[114,110.7222],[129,110.7222],[99,110.9222],[144,111.0822],[128,111.2422],[113,111.4022],[143,111.4022],[127,111.8422],[84,111.8822],[112,111.8822],[98,111.9622],[97,112.1222],[142,112.2022],[126,112.4022],[141,112.5622],[111,112.6022],[82,112.9622],[96,112.9622],[125,112.9622],[140,113.0022],[156,113.0822],[110,113.3222],[154,113.3622],[124,113.4422],[67,113.6822],[109,113.7222],[139,113.7222],[155,113.8422],[95,113.9622],[123,114.0822],[138,114.1622],[153,114.2022],[108,114.3622],[83,114.5622],[152,114.6422],[167,114.6422],[122,114.7222],[94,114.7622],[137,114.7622],[166,114.9222],[107,115.0023],[121,115.3623],[136,115.4023],[106,115.4423],[151,115.4423],[92,115.5223],[69,115.6423],[165,115.8423],[91,115.8823],[120,115.9623],[135,116.0423],[105,116.0823],[81,116.2423],[164,116.2423],[76,116.3223],[104,116.5223],[119,116.5623],[149,116.6023],[79,116.7623],[89,116.8023],[157,116.8023],[90,117.0023],[103,117.0823],[134,117.1623],[150,117.1623],[118,117.2023],[54,117.2823],[75,117.4823],[61,117.5623],[88,117.6423],[93,117.7223],[148,117.8423],[102,117.8823],[133,117.8823],[73,118.1623],[74,118.1623],[60,118.2823],[87,118.2823],[117,118.4823],[68,118.6823],[174,118.6823],[72,118.7623],[71,118.8023],[147,118.8023],[101,118.8823],[59,119.0023],[78,119.0423],[116,119.1623],[42,119.3223],[86,119.3223],[85,119.5224],[161,119.5224],[62,119.6424],[58,119.6824],[132,119.6824],[52,119.7624],[56,119.8024],[100,119.8824],[70,119.9624],[57,120.1624],[18,120.3624],[29,120.4424],[46,120.4424],[20,120.4824],[77,120.4824],[131,120.6824],[162,120.7624],[13,120.9224],[41,120.9224],[17,121.0024],[21,121.0024],[172,121.0424],[65,121.3624],[80,121.4024],[28,121.4424],[12,121.5224],[43,121.5224],[158,121.5224],[176,121.5224],[30,121.7224],[2,122.0024],[10,122.0424],[47,122.1624],[66,122.2024],[115,122.2024],[5,122.2424],[170,122.4024],[23,122.4424],[9,122.5624],[55,122.7624],[4,122.8824],[11,122.9224],[64,122.9224],[130,123.0424],[8,123.2024],[14,123.2024],[51,123.2024],[3,123.4024],[163,123.4824],[19,123.5224],[0,123.5624],[6,123.6824],[31,123.8825],[7,124.0025],[1,124.0425],[33,124.1225],[49,124.1225],[180,124.2025],[178,124.2425],[168,124.3625],[48,124.5625],[22,124.6425],[179,124.6425],[15,124.8425],[39,124.8425],[16,124.9225],[177,124.9625],[34,125.1225],[40,125.2425],[24,125.3225],[44,125.3625],[146,125.4425],[25,125.5625],[175,125.6025],[26,125.6425],[171,125.8025],[160,126.0025],[38,126.0825],[36,126.2425],[50,126.2425],[145,126.3225],[184,126.3625],[27,126.4425],[32,126.6425],[159,126.7225],[45,126.9625],[169,127.0025],[53,127.0825],[181,127.2025],[183,127.2025],[35,127.2425],[173,127.6425],[37,127.6825],[63,127.7225],[182,128.2825]

Stuck Times:
[114,0],[129,0],[99,0],[144,0],[128,0],[113,0],[143,0],[127,0],[84,0],[112,0],[98,0],[97,0],[142,0],[126,0],[141,0],[111,0],[82,0],[96,0],[125,0],[140,0],[156,0],[110,0],[154,0],[124,0],[67,0],[109,0],[139,0],[155,1],[95,0],[123,0],[138,0],[153,0],[108,0],[83,1],[152,0],[167,0],[122,0],[94,0],[137,0],[166,1],[107,0],[121,0],[136,0],[106,0],[151,0],[92,0],[69,1],[165,0],[91,0],[120,0],[135,0],[105,0],[81,0],[164,0],[76,0],[104,0],[119,0],[149,0],[79,0],[89,0],[157,3],[90,0],[103,0],[134,0],[150,0],[118,0],[54,1],[75,0],[61,0],[88,0],[93,1],[148,0],[102,0],[133,0],[73,0],[74,0],[60,0],[87,0],[117,0],[68,2],[174,3],[72,0],[71,0],[147,0],[101,0],[59,0],[78,1],[116,0],[42,0],[86,0],[85,0],[161,2],[62,0],[58,0],[132,1],[52,3],[56,0],[100,0],[70,0],[57,0],[18,0],[29,1],[46,1],[20,2],[77,3],[131,0],[162,1],[13,4],[41,0],[17,0],[21,3],[172,3],[65,4],[80,4],[28,0],[12,4],[43,1],[158,0],[176,6],[30,2],[2,2],[10,3],[47,2],[66,3],[115,0],[5,4],[170,1],[23,5],[9,2],[55,0],[4,2],[11,2],[64,7],[130,1],[8,2],[14,5],[51,4],[3,2],[163,6],[19,3],[0,2],[6,6],[31,2],[7,1],[1,2],[33,3],[49,1],[180,3],[178,3],[168,11],[48,7],[22,6],[179,2],[15,7],[39,8],[16,2],[177,9],[34,3],[40,1],[24,6],[44,5],[146,6],[25,9],[175,9],[26,6],[171,6],[160,4],[38,8],[36,12],[50,5],[145,3],[184,6],[27,3],[32,5],[159,7],[45,7],[169,4],[53,11],[181,4],[183,9],[35,8],[173,10],[37,8],[63,6],[182,6]

