Experiment Name: Custom-DecreasingGateSize
Method Used: RegionalFlowGraph
Run Number: 5
Preparation Time: 146.9892ms
Pathfinding Time: 0.3421ms
Finish Time: 126.8425ms
Finish Time 90%: 124.6425ms
Repaths: 0
Soft Repaths: 0

Gates Data:
0:[99,[11.65927,23.27133,0,[44.001,126.0713]]],[114,[12.14293,24.28156,0,[45.001,127.3164]]],[129,[12.15846,24.31314,0,[45.00099,128.6537]]],[84,[11.64534,23.28538,0,[44.001,124.8408]]],[144,[12.19635,24.38744,0,[45.001,130.0613]]],[69,[11.66583,23.32396,0,[44.001,123.5296]]],[113,[12.69464,25.37843,0,[45.001,128.0172]]],[83,[12.21346,24.41301,0,[44.001,125.652]]],[98,[12.23359,24.4582,0,[44.001,126.7797]]],[128,[12.75641,25.50092,0,[45.001,129.3106]]],[68,[12.22768,24.4356,0,[44.00099,124.3968]]],[143,[12.77204,25.52729,0,[45.001,130.767]]],[112,[13.24209,26.43744,0,[45.001,127.5089]]],[82,[12.7613,25.50645,0,[44.001,125.135]]],[127,[13.31407,26.60999,0,[45.00099,128.7555]]],[97,[12.84955,25.612,0,[44.001,126.3646]]],[142,[13.27667,26.54072,0,[45.00098,130.0254]]],[54,[11.72222,23.43316,0,[44.001,122.0725]]],[67,[12.79287,25.56225,0,[44.001,123.9228]]],[126,[13.89669,27.7699,0,[45.001,128.9004]]],[111,[13.77943,27.50306,0,[45.001,127.8327]]],[81,[13.28783,26.5514,0,[44.001,125.6799]]],[141,[13.81905,27.59218,0,[45.001,130.0041]]],[96,[13.37736,26.70077,0,[44.001,126.7558]]],[156,[13.29359,26.57607,0,[45.00098,131.5114]]],[53,[12.23984,24.45576,0,[44.00099,123.0769]]],[125,[14.45041,28.86638,0,[45.001,128.6221]]],[140,[14.33976,28.64244,0,[45.001,129.6737]]],[110,[14.30336,28.55443,0,[45.001,127.5374]]],[66,[13.3353,26.63333,0,[44.001,124.5844]]],[80,[13.82755,27.60187,0,[44.001,125.4626]]],[95,[14.00309,27.87751,0,[44.001,126.4962]]],[154,[14.38224,28.74064,0,[45.001,130.7876]]],[124,[14.99807,29.94543,0,[45.001,128.8622]]],[139,[14.87717,29.69051,0,[45.001,130.0638]]],[109,[14.85367,29.61045,0,[45.001,127.781]]],[79,[14.37875,28.69615,0,[44.001,125.6857]]],[52,[12.79889,25.55859,0,[44.001,122.5643]]],[94,[14.56461,29.01865,0,[44.001,126.7115]]],[65,[13.91422,27.75216,0,[44.001,124.3781]]],[138,[15.41225,30.73737,0,[45.00099,129.7524]]],[123,[15.58184,31.04744,0,[45.00099,128.7423]]],[153,[14.91701,29.79442,0,[45.001,131.2458]]],[155,[13.84336,27.66834,0,[45.001,131.1506]]],[108,[15.40716,30.67064,0,[45.001,127.6688]]],[78,[14.92327,29.76396,0,[44.001,125.7289]]],[137,[15.98248,31.83008,0,[45.001,129.8156]]],[152,[15.47225,30.89888,0,[45.00099,130.8625]]],[51,[13.30848,26.5738,0,[44.001,123.4806]]],[93,[15.18126,30.12957,0,[44.001,126.6857]]],[107,[15.97239,31.75769,0,[45.001,127.6957]]],[122,[16.14904,32.1572,0,[45.00099,128.7614]]],[165,[14.87668,29.72018,0,[45.001,132.5225]]],[64,[14.48724,28.87857,0,[44.001,124.6169]]],[136,[16.52928,32.94243,0,[45.00099,129.6697]]],[77,[15.46955,30.84004,0,[44.001,125.5782]]],[151,[16.03267,31.99364,0,[45.00099,130.9329]]],[92,[15.72391,31.22919,0,[44.001,126.5621]]],[106,[16.50787,32.83815,0,[45.001,127.595]]],[63,[15.0607,29.97196,0,[44.001,124.6862]]],[39,[12.34168,24.62613,0,[44.00099,121.5938]]],[121,[16.74298,33.24454,0,[45.001,128.625]]],[91,[16.27735,32.35167,0,[44.001,126.5975]]],[105,[17.05245,33.92441,0,[45.00099,127.6125]]],[164,[15.40639,30.77231,0,[45.00099,131.9477]]],[150,[16.59468,33.11533,0,[45.00099,130.7668]]],[50,[13.85835,27.61227,0,[44.001,123.2933]]],[120,[17.3087,34.33801,0,[45.00098,128.6817]]],[76,[16.01406,31.93656,0,[44.001,125.6098]]],[90,[16.83379,33.48172,0,[44.001,126.6327]]],[135,[17.07987,34.01569,0,[45.00098,129.624]]],[75,[16.57449,33.01767,0,[44.001,125.6457]]],[104,[17.62253,35.03349,0,[45.001,127.6924]]],[134,[17.64397,35.13759,0,[45.00099,129.7429]]],[89,[17.41898,34.59093,0,[44.001,126.7473]]],[162,[16.50751,32.96594,0,[45.00099,131.8255]]],[37,[13.38398,26.69382,0,[44.001,122.3797]]],[62,[15.6146,31.06059,0,[44.001,124.4917]]],[149,[17.15357,34.21206,0,[45.00098,130.7466]]],[74,[17.15935,34.10492,0,[44.001,125.742]]],[119,[17.88038,35.44571,0,[45.001,128.7135]]],[133,[18.2078,36.27819,0,[45.00097,129.8065]]],[103,[18.21946,36.15805,0,[45.00098,127.8365]]],[59,[17.7494,34.57166,0,[44.001,125.8433]]],[61,[16.19235,32.20976,0,[44.001,124.5923]]],[118,[18.49924,36.6221,0,[45.00098,128.9299]]],[172,[16.62722,33.04308,0,[45.00099,132.9343]]],[49,[14.43568,28.73996,0,[44.001,123.537]]],[147,[18.29899,36.50267,0,[45.00097,130.9584]]],[166,[14.34067,28.65997,0,[45.00099,131.9111]]],[73,[18.01974,35.34374,0,[44.00099,126.8052]]],[148,[17.72228,35.36633,0,[45.00099,130.8566]]],[88,[18.82783,36.84612,0,[45.001,127.9376]]],[44,[17.50715,34.28835,0,[44.001,124.8553]]],[132,[18.79242,37.44802,0,[45.00098,130.0728]]],[43,[18.1428,35.4129,0,[44.001,125.0526]]],[60,[16.89242,33.31876,0,[44.001,124.7463]]],[161,[17.07036,34.062,0,[45.00099,131.8215]]],[146,[18.90541,37.67125,0,[45.00099,131.2233]]],[58,[18.44294,35.69412,0,[44.001,126.0536]]],[72,[19.22614,37.48396,0,[45.00098,127.1506]]],[102,[19.10466,37.44076,0,[45.00096,129.0156]]],[160,[17.7207,35.25025,0,[45.00099,131.9624]]],[31,[17.24415,33.58836,0,[44.001,123.8727]]],[101,[19.79044,38.71629,0,[45.00098,129.3784]]],[17,[18.33615,35.92485,0,[44.001,123.2458]]],[29,[18.57538,35.81622,0,[44.001,124.2439]]],[38,[12.97714,25.57403,0,[44.001,121.2589]]],[42,[18.8526,36.57325,0,[44.001,125.2039]]],[87,[19.48734,38.06532,0,[45.00098,128.2404]]],[171,[17.31016,34.187,0,[45.00099,132.9046]]],[47,[15.9089,30.8426,0,[44.001,123.5467]]],[117,[19.38666,37.95668,0,[45.00095,130.2626]]],[28,[19.35291,37.01942,0,[44.001,124.5798]]],[57,[19.12392,36.8965,0,[44.001,126.2773]]],[71,[19.89141,38.66706,0,[45.001,127.4345]]],[30,[17.89304,34.59702,0,[44.001,123.9937]]],[41,[19.58918,37.78111,0,[44.001,125.6003]]],[86,[20.24078,39.37107,0,[45.00093,128.5825]]],[8,[19.04434,35.69213,0,[44.001,123.5324]]],[56,[19.86662,38.24508,0,[44.001,126.7654]]],[70,[20.74824,40.15737,0,[45.00098,128.0323]]],[159,[18.38706,36.47945,0,[45.00097,132.1206]]],[16,[20.13326,37.96846,0,[44.001,124.6964]]],[116,[20.13513,39.35552,0,[45.00091,130.6133]]],[48,[15.04457,29.77788,0,[44.001,123.6105]]],[46,[16.3444,31.91848,0,[44.001,122.8601]]],[130,[20.42626,40.18687,0,[45.0009,132.1005]]],[27,[20.27419,38.82043,0,[44.001,125.9984]]],[32,[16.94608,32.44396,0,[44.001,122.9233]]],[179,[17.58236,34.73136,0,[45.001,134.2166]]],[131,[19.58908,38.71788,0,[45.00095,131.5561]]],[158,[19.11781,38.03249,0,[45.00098,132.4289]]],[1,[20.80404,37.83584,0,[44.001,124.0723]]],[40,[20.74016,39.40331,0,[44.001,126.9494]]],[100,[21.36341,40.29687,0,[45.00099,129.9302]]],[10,[20.04859,35.48872,0,[44.001,122.601]]],[36,[14.19649,27.76423,0,[44.001,122.4468]]],[182,[15.71363,31.12202,0,[45.001,134.3108]]],[45,[16.59675,33.05396,0,[44.001,123.839]]],[173,[16.11638,31.97806,0,[45.001,133.3434]]],[0,[20.88338,38.94924,0,[44.001,125.4594]]],[9,[19.78321,36.342,0,[44.001,123.6118]]],[183,[19.38742,33.2439,0,[45.00098,133.8221]]],[55,[21.47013,41.09091,0,[45.00098,128.5394]]],[6,[18.70749,30.07063,0,[44.001,121.1173]]],[177,[13.85944,27.68591,0,[45.001,133.9969]]],[7,[21.65341,39.85765,0,[44.00096,125.6612]]],[22,[15.18868,29.9108,0,[44.001,121.8911]]],[35,[14.77236,28.97948,0,[44.001,122.6293]]],[163,[15.97121,31.88157,0,[45.001,132.137]]],[115,[20.67548,40.87026,0,[45.00092,129.893]]],[178,[18.2759,36.12118,0,[45.001,134.1952]]],[4,[19.07718,33.12783,0,[44.001,122.4159]]],[85,[21.94427,41.27086,0,[45.00099,127.0792]]],[174,[15.47442,30.81388,0,[45.00099,133.0955]]],[5,[19.5132,32.46323,0,[44.001,121.4449]]],[18,[17.6529,34.58237,0,[44.001,122.9616]]],[25,[13.79857,26.97927,0,[44.001,121.5776]]],[184,[14.5403,28.76281,0,[45.001,134.362]]],[175,[15.01578,29.84439,0,[45.001,133.8093]]],[145,[19.88574,39.22204,0,[45.00095,132.9982]]],[20,[18.38168,32.99795,0,[44.001,122.1338]]],[167,[13.8207,27.62594,0,[45.001,132.5054]]],[19,[17.52739,33.34514,0,[44.001,121.9127]]],[168,[13.29691,26.58522,0,[45.00099,133.2202]]],[170,[17.9338,35.457,0,[45.001,133.0882]]],[34,[15.45495,29.98064,0,[44.001,122.8988]]],[3,[20.32137,35.55166,0,[44.001,121.4924]]],[12,[16.94086,30.69882,0,[44.001,121.8245]]],[11,[17.93227,32.0536,0,[44.001,121.0568]]],[157,[12.78817,25.56863,0,[45.001,132.2475]]],[13,[17.14551,29.62089,0,[44.001,120.8071]]],[23,[15.58913,29.01808,0,[44.001,121.0336]]],[180,[16.98436,33.43345,0,[45.00099,133.897]]],[176,[14.35091,28.67135,0,[45.001,133.1531]]],[24,[14.53258,27.76744,0,[44.001,121.5757]]],[33,[15.85081,31.06121,0,[44.001,122.0796]]],[15,[16.19138,27.83455,0,[44.001,120.753]]],[181,[16.51499,32.45779,0,[45.001,134.405]]],[14,[14.96354,27.86028,0,[44.001,120.8091]]],[169,[18.69305,36.98852,0,[45.00097,133.3973]]],[26,[14.15128,25.94273,0,[44.001,120.7018]]],[2,[20.99202,37.42889,0,[44.001,122.6969]]],[21,[16.392,31.1702,0,[44.001,121.7634]]]
1:[99,[39.2422,78.41621,0,[99.001,129.4389]]],[114,[39.23083,78.43313,0,[99.00099,130.6944]]],[129,[38.74528,77.46725,0,[98.001,132.0575]]],[84,[39.2182,78.41963,0,[99.001,128.1637]]],[144,[38.79293,77.55244,0,[98.001,133.5056]]],[69,[39.23663,78.44762,0,[99.001,126.8092]]],[113,[39.81514,79.54678,0,[99.001,131.4302]]],[83,[39.8065,79.559,0,[99.001,128.8904]]],[98,[39.85049,79.62006,0,[99.001,130.0964]]],[128,[39.35349,78.66799,0,[98.001,132.6273]]],[68,[39.81918,79.57788,0,[99.001,127.5827]]],[143,[39.37767,78.70724,0,[98.00099,133.9545]]],[112,[40.34678,80.59002,0,[99.00099,130.7899]]],[82,[40.33853,80.62507,0,[99.001,128.3391]]],[127,[40.11524,80.15166,0,[98.38673,132.0001]]],[97,[40.43311,80.74888,0,[99.00099,129.5983]]],[142,[39.89262,79.72306,0,[98.001,133.3418]]],[54,[39.79248,79.54697,0,[100.001,125.3097]]],[67,[40.36016,80.66724,0,[99.001,127.0448]]],[126,[40.97916,81.88896,0,[99.001,131.9162]]],[111,[40.91383,81.61826,0,[99.001,130.8151]]],[81,[40.87669,81.6641,0,[99.001,128.6386]]],[141,[40.43009,80.74485,0,[98.001,132.9907]]],[96,[40.99342,81.81401,0,[99.001,129.7205]]],[156,[39.96096,79.76585,0,[98.001,134.769]]],[53,[39.82236,79.58533,0,[99.001,126.2078]]],[125,[41.55592,82.9777,0,[99.001,131.4245]]],[140,[40.97599,81.75982,0,[98.001,132.4452]]],[110,[41.47099,82.65979,0,[99.001,130.338]]],[66,[40.90829,81.7346,0,[99.001,127.5264]]],[80,[41.40478,82.69101,0,[99.001,128.2586]]],[95,[41.61255,82.97564,0,[99.001,129.2993]]],[154,[41.02007,81.87689,0,[98.001,133.5384]]],[124,[42.11881,84.07605,0,[99.001,131.6947]]],[139,[41.515,82.83711,0,[98.00099,132.8279]]],[109,[42.02259,83.73031,0,[99.001,130.5929]]],[79,[41.95636,83.79366,0,[99.001,128.4533]]],[52,[40.89103,81.66326,0,[100.001,125.63]]],[94,[42.18966,84.13352,0,[99.001,129.5282]]],[65,[41.49732,82.83736,0,[99.001,127.1545]]],[138,[42.04995,83.88254,0,[98.001,132.4646]]],[123,[42.75223,85.18518,0,[99.001,131.5518]]],[153,[41.70173,82.99825,0,[98.00099,133.9317]]],[155,[40.47321,80.87173,0,[98.00099,134.1415]]],[108,[42.59298,84.80479,0,[99.001,130.4643]]],[78,[42.53489,84.88162,0,[99.001,128.6291]]],[137,[42.63081,85.00229,0,[98.001,132.6646]]],[152,[42.24849,84.05916,0,[98.001,133.5299]]],[51,[40.88587,81.67491,0,[99.001,126.4076]]],[93,[42.88561,85.25334,0,[99.001,129.5602]]],[107,[43.15675,85.8854,0,[99.001,130.5593]]],[122,[43.33802,86.29303,0,[99.001,131.6112]]],[165,[41.99388,83.06488,0,[98.001,135.0782]]],[64,[42.08179,83.97412,0,[99.001,127.3862]]],[136,[43.18528,86.0925,0,[98.001,132.5042]]],[77,[43.10034,85.96406,0,[99.001,128.5441]]],[151,[42.90466,85.24702,0,[98.001,133.7228]]],[92,[43.47604,86.35603,0,[99.001,129.6151]]],[106,[43.73371,86.97575,0,[99.001,130.6581]]],[63,[42.67036,85.07217,0,[99.001,127.559]]],[39,[40.46016,80.77417,0,[100.001,124.6716]]],[121,[43.98656,87.39453,0,[99.001,131.68]]],[91,[44.0551,87.48338,0,[99.001,129.719]]],[105,[44.32193,88.07471,0,[99.001,130.6714]]],[164,[42.51876,84.00401,0,[98.001,134.5527]]],[150,[43.47016,86.28284,0,[98.00099,133.5247]]],[50,[41.46024,82.71122,0,[99.001,126.0452]]],[120,[44.61753,88.49842,0,[99.001,131.6551]]],[76,[43.68365,87.04981,0,[99.001,128.616]]],[90,[44.6425,88.63175,0,[99.001,129.6703]]],[135,[43.77939,87.21009,0,[98.001,132.6071]]],[75,[44.30989,88.14912,0,[99.001,128.731]]],[104,[44.89803,89.21519,0,[99.001,130.6983]]],[134,[44.5793,88.36791,0,[98.001,132.2634]]],[89,[45.24596,89.76205,0,[99.001,129.7951]]],[162,[43.93102,86.2735,0,[98.00099,134.2552]]],[37,[41.53729,82.83949,0,[100.001,125.2236]]],[62,[43.29787,86.19235,0,[99.001,127.5001]]],[149,[44.27232,87.52451,0,[98.001,133.1587]]],[74,[44.98362,89.26005,0,[99.001,128.8047]]],[119,[45.36956,89.67393,0,[99.001,131.3391]]],[133,[45.26836,89.52509,0,[98.001,132.3541]]],[103,[45.69435,90.35972,0,[99.001,130.4286]]],[59,[45.58819,89.76296,0,[99.001,128.8964]]],[61,[44.01383,87.33958,0,[99.001,127.7765]]],[118,[46.04846,90.85809,0,[99.001,131.3981]]],[172,[44.50505,86.72763,0,[98.00099,134.2552]]],[49,[42.1129,83.83604,0,[99.001,126.285]]],[147,[45.58247,89.91592,0,[98.001,133.3123]]],[166,[41.25122,81.86819,0,[98.001,134.551]]],[73,[46.03383,90.5646,0,[99.001,129.5366]]],[148,[44.89328,88.6563,0,[98.001,133.2305]]],[88,[46.34668,91.09733,0,[99.001,130.4294]]],[44,[45.30399,89.46003,0,[99.001,127.881]]],[132,[46.03704,90.73309,0,[98.001,132.5044]]],[43,[45.90136,90.61687,0,[99.001,127.9871]]],[60,[44.64742,88.46051,0,[99.001,127.8301]]],[161,[45.0929,87.4812,0,[98.001,134.2701]]],[146,[46.18551,91.09481,0,[98.001,133.5975]]],[58,[46.35717,90.92397,0,[99.001,128.6084]]],[72,[46.67862,91.73837,0,[99.001,129.5031]]],[102,[46.65243,91.75943,0,[99.001,131.4276]]],[160,[45.66872,88.68822,0,[98.001,134.4936]]],[31,[45.01073,88.73805,0,[99.001,126.9148]]],[101,[47.2132,93.07642,0,[99.001,131.7069]]],[17,[46.28442,91.22165,0,[99.001,127.1936]]],[29,[46.7494,91.11854,0,[99.001,127.776]]],[38,[41.22022,81.78757,0,[100.001,124.2954]]],[42,[47.07176,91.90453,0,[99.001,128.6972]]],[87,[46.98703,92.38046,0,[99.001,130.5103]]],[171,[45.10806,87.65428,0,[98.001,135.384]]],[47,[43.73829,86.02399,0,[99.001,126.8075]]],[117,[46.69598,91.29549,0,[98.001,132.805]]],[28,[47.37015,92.29379,0,[99.001,127.6704]]],[57,[47.39998,92.29195,0,[99.001,129.6273]]],[71,[47.61123,93.12749,0,[99.001,130.7835]]],[30,[45.67427,89.80396,0,[99.001,126.865]]],[41,[47.71756,93.11955,0,[99.001,128.5563]]],[86,[47.85595,93.91637,0,[99.001,131.9234]]],[8,[46.91665,90.96185,0,[99.001,126.6702]]],[56,[48.00143,93.59206,0,[99.001,129.729]]],[70,[48.23217,94.58362,0,[99.001,130.8604]]],[159,[46.48032,90.09406,0,[98.00099,134.6219]]],[16,[48.15199,93.31982,0,[99.001,127.6073]]],[116,[47.57712,92.81444,0,[98.001,132.8983]]],[48,[42.89642,84.87947,0,[99.001,126.565]]],[46,[44.57849,88.09943,0,[100.001,125.8743]]],[130,[48.67622,95.09429,0,[99.001,131.8993]]],[27,[48.3844,94.10082,0,[99.001,128.6762]]],[32,[45.24708,88.59467,0,[100.001,125.9377]]],[179,[48.3256,91.26285,0,[98.001,132.9178]]],[131,[46.98002,92.20528,0,[98.001,133.8312]]],[158,[47.68631,91.91355,0,[98.00099,134.0442]]],[1,[48.81501,93.23939,0,[99.001,127.6105]]],[40,[48.65015,94.74459,0,[99.001,129.7089]]],[100,[48.84614,94.65556,0,[99.001,130.8008]]],[10,[48.41362,91.09364,0,[99.001,126.4835]]],[36,[42.3471,83.92043,0,[100.001,125.1868]]],[182,[48.57904,87.91108,0,[98.00099,133.9628]]],[45,[44.35752,88.1926,0,[99.001,126.8788]]],[173,[48.33462,85.66325,0,[98.00099,134.9938]]],[0,[49.10862,94.32996,0,[99.001,128.7805]]],[9,[47.69634,91.6362,0,[99.001,126.73]]],[183,[49.01342,89.71232,0,[98.001,132.4637]]],[55,[49.43741,95.47997,0,[99.001,129.8617]]],[6,[47.28754,86.46284,0,[100.001,125.1574]]],[177,[49.08147,84.03082,0,[98.001,134.9233]]],[7,[49.59861,95.33949,0,[99.00099,127.7104]]],[22,[43.67611,86.18969,0,[100.001,124.9398]]],[35,[43.08201,85.09814,0,[100.001,125.447]]],[163,[43.32273,85.31918,0,[98.001,134.7287]]],[115,[49.49768,95.91608,0,[99.001,131.2986]]],[178,[49.35724,93.2897,0,[98.00099,133.6763]]],[4,[47.81766,89.42558,0,[100.001,125.7544]]],[85,[50.0818,95.6694,0,[99.001,128.8213]]],[174,[42.86616,84.37286,0,[98.00099,135.5069]]],[5,[48.46556,89.27388,0,[100.001,125.5162]]],[18,[45.99654,90.76342,0,[100.001,125.7813]]],[25,[41.98912,83.2114,0,[100.001,124.2215]]],[184,[50.08897,86.65135,0,[98.001,133.0143]]],[175,[43.92559,84.29267,0,[98.001,135.3766]]],[145,[50.11047,96.9196,0,[99.00099,130.2858]]],[20,[46.3405,88.33677,0,[99.001,126.0978]]],[167,[40.66558,81.02849,0,[98.00099,135.2838]]],[19,[46.5344,89.74357,0,[100.001,125.1471]]],[168,[41.39309,79.98912,0,[98.001,135.5968]]],[170,[46.0079,89.20702,0,[98.001,135.4377]]],[34,[43.89118,86.14926,0,[100.001,125.9562]]],[3,[49.34027,92.63393,0,[100.001,125.2622]]],[12,[45.62154,86.9015,0,[100.001,124.9214]]],[11,[47.95309,89.16865,0,[100.001,124.4468]]],[157,[39.40736,78.76707,0,[98.001,135.2031]]],[13,[48.77894,87.94681,0,[100.001,124.3769]]],[23,[44.92065,85.86654,0,[100.001,124.9644]]],[180,[47.76222,88.16305,0,[98.00099,135.2249]]],[176,[44.48496,82.12849,0,[98.00099,135.3657]]],[24,[42.82887,84.03271,0,[100.001,124.2576]]],[33,[44.31596,87.20743,0,[100.001,124.7607]]],[15,[46.90828,85.92348,0,[100.001,124.1384]]],[181,[50.56523,93.2943,0,[99.001,131.5073]]],[14,[45.18904,84.89149,0,[100.001,123.9881]]],[169,[47.02316,91.12154,0,[98.001,135.151]]],[26,[43.8539,82.77309,0,[100.001,123.8843]]],[2,[49.20794,92.84652,0,[99.001,126.4943]]],[21,[46.10686,87.70564,0,[100.001,124.2192]]]
2:[99,[68.25433,136.4353,0,[157.001,129.8625]]],[114,[68.75101,137.4509,0,[158.001,131.012]]],[129,[68.76315,137.4839,0,[158.001,132.336]]],[84,[68.23981,136.4472,0,[157.001,128.6848]]],[144,[68.81303,137.5663,0,[158.001,133.7767]]],[69,[68.27666,136.5013,0,[157.001,127.4359]]],[113,[69.34644,138.558,0,[158.001,131.5665]]],[83,[68.84914,137.5685,0,[157.001,129.1471]]],[98,[69.44375,138.626,0,[158.001,130.266]]],[128,[69.38206,138.6918,0,[158.001,132.9257]]],[68,[68.84775,137.6055,0,[157.001,127.8663]]],[143,[69.42892,138.7622,0,[158.001,134.4818]]],[112,[69.89495,139.6191,0,[158.001,131.0465]]],[82,[69.38406,138.6841,0,[157.001,128.8466]]],[127,[69.96105,139.8033,0,[158.001,132.1938]]],[97,[69.49419,138.7914,0,[157.001,129.9285]]],[142,[69.94788,139.7647,0,[158.001,133.4111]]],[54,[68.41981,136.7042,0,[157.001,126.2116]]],[67,[69.44994,138.7751,0,[157.001,127.7372]]],[126,[70.5414,140.9207,0,[158.001,132.0941]]],[111,[70.48524,140.6514,0,[158.001,130.981]]],[81,[69.93941,139.702,0,[157.001,128.8527]]],[141,[70.54404,140.7684,0,[158.001,133.2625]]],[96,[70.10115,139.8493,0,[157.001,129.8925]]],[156,[70.31597,139.9908,0,[158.001,134.274]]],[53,[69.01623,137.6445,0,[157.001,126.5582]]],[125,[71.11909,142.0112,0,[158.001,131.5746]]],[140,[71.07745,141.7881,0,[158.001,132.6872]]],[110,[71.1275,141.6957,0,[158.001,130.471]]],[66,[70.03599,139.7794,0,[157.001,127.7613]]],[80,[70.47781,140.7257,0,[157.001,128.4306]]],[95,[70.72586,141.0099,0,[157.001,129.393]]],[154,[71.22586,141.9229,0,[158.001,133.8591]]],[124,[71.69376,143.0887,0,[158.001,131.5907]]],[139,[71.68134,142.8706,0,[158.001,132.9034]]],[109,[71.69478,142.7415,0,[158.001,130.4789]]],[79,[71.07229,141.8394,0,[157.001,128.3545]]],[52,[69.75706,138.9997,0,[157.001,126.7719]]],[94,[71.30278,142.1514,0,[157.001,129.3673]]],[65,[70.79326,140.9121,0,[157.001,127.413]]],[138,[72.15005,143.9069,0,[158.001,132.2484]]],[123,[72.32771,144.2012,0,[158.001,131.0882]]],[153,[71.9616,143.0908,0,[158.001,133.9998]]],[155,[70.90742,140.9314,0,[158.001,134.8609]]],[108,[71.7652,142.8221,0,[157.001,129.971]]],[78,[71.73043,142.9284,0,[157.001,128.6291]]],[137,[72.71781,145.0246,0,[158.001,132.1971]]],[152,[72.46512,144.0909,0,[158.001,133.2936]]],[51,[70.34415,139.769,0,[157.001,126.8063]]],[93,[72.21267,143.2859,0,[157.001,129.1146]]],[107,[72.83389,144.9139,0,[158.001,130.1861]]],[122,[73.01429,145.3137,0,[158.001,131.2254]]],[165,[72.52738,143.335,0,[158.001,134.5264]]],[64,[71.52907,142.0959,0,[157.001,127.625]]],[136,[73.40168,146.1368,0,[158.001,132.0484]]],[77,[72.58575,144.0288,0,[157.001,128.2751]]],[151,[73.16384,145.3315,0,[158.001,133.052]]],[92,[72.7822,144.4178,0,[157.001,129.4033]]],[106,[73.46693,146.0404,0,[158.001,130.4404]]],[63,[72.13402,143.1814,0,[157.001,127.6422]]],[39,[69.89474,138.2458,0,[157.001,125.6964]]],[121,[73.8199,146.4286,0,[158.001,131.2973]]],[91,[73.38097,145.5546,0,[157.001,129.4682]]],[105,[74.17128,147.1262,0,[158.001,130.3692]]],[164,[73.12193,144.1101,0,[158.001,134.1954]]],[150,[73.7113,146.3208,0,[158.001,133.5699]]],[50,[71.23157,140.9389,0,[157.001,126.7219]]],[120,[74.38194,147.5464,0,[158.001,131.4525]]],[76,[73.1238,145.1732,0,[157.001,128.4938]]],[90,[74.04839,146.7052,0,[157.001,129.5425]]],[135,[73.97652,147.2399,0,[158.001,132.413]]],[75,[73.76637,146.2402,0,[157.001,128.6183]]],[104,[74.74444,148.2804,0,[158.001,130.5767]]],[134,[74.79701,148.4306,0,[158.001,132.2161]]],[89,[74.656,147.8211,0,[157.001,129.8013]]],[162,[74.31247,146.3496,0,[158.001,134.1357]]],[37,[70.69665,140.1716,0,[157.001,125.9082]]],[62,[72.7661,144.3319,0,[157.001,127.1964]]],[149,[74.43544,147.5771,0,[158.001,133.0668]]],[74,[74.46012,147.3583,0,[157.001,128.7797]]],[119,[75.16542,148.7431,0,[158.001,131.2965]]],[133,[75.43269,149.5742,0,[158.001,132.2923]]],[103,[75.56232,149.4304,0,[158.001,130.537]]],[59,[75.0762,147.8524,0,[157.001,129.009]]],[61,[73.41898,145.4978,0,[157.001,127.5229]]],[118,[75.81968,149.92,0,[158.001,131.5163]]],[172,[74.95063,146.8474,0,[158.001,134.3206]]],[49,[71.91969,142.1686,0,[157.001,126.6178]]],[147,[75.7649,149.9617,0,[158.001,133.2084]]],[166,[71.6474,142.0229,0,[158.001,135.0816]]],[73,[75.46568,148.6751,0,[157.001,129.8063]]],[148,[75.06382,148.7085,0,[158.001,133.2277]]],[88,[76.23745,150.2011,0,[158.001,130.8151]]],[44,[74.84321,147.6341,0,[157.001,127.9541]]],[132,[76.1782,150.802,0,[158.001,132.3462]]],[43,[75.60641,148.7694,0,[157.001,128.733]]],[60,[74.16294,146.6689,0,[157.001,127.848]]],[161,[75.53655,147.5306,0,[158.001,134.2326]]],[146,[76.50251,151.1675,0,[158.001,133.2362]]],[58,[75.99482,149.0899,0,[157.001,129.5148]]],[72,[76.7637,150.8812,0,[158.001,130.5046]]],[102,[76.64577,150.8654,0,[158.001,131.7436]]],[160,[76.15664,148.821,0,[158.001,134.1662]]],[31,[75.41327,147.297,0,[157.001,127.7254]]],[101,[77.17553,152.2115,0,[158.001,132.2072]]],[17,[76.12661,149.5852,0,[157.001,128.3722]]],[29,[76.52171,149.4905,0,[157.001,129.1201]]],[38,[71.49076,139.934,0,[157.001,125.7387]]],[42,[77.3168,151.2527,0,[158.001,130.0228]]],[87,[77.23652,151.5226,0,[158.001,131.1157]]],[171,[75.98379,147.7651,0,[158.001,135.2803]]],[47,[73.88881,144.3419,0,[157.001,126.8811]]],[117,[77.05563,151.3773,0,[158.001,133.2695]]],[28,[77.05688,150.6448,0,[157.001,128.7882]]],[57,[77.80645,151.6348,0,[158.001,130.8918]]],[71,[77.73392,152.4696,0,[158.001,132.0014]]],[30,[76.04964,148.0867,0,[157.001,127.2908]]],[41,[77.35555,151.4505,0,[157.001,129.7472]]],[86,[77.70893,153.2449,0,[158.001,133.1103]]],[8,[76.66147,149.3878,0,[157.001,127.9797]]],[56,[78.39192,152.8464,0,[158.001,130.6991]]],[70,[78.34529,153.782,0,[158.001,131.7953]]],[159,[76.79787,150.2236,0,[158.001,134.3272]]],[16,[77.62382,151.633,0,[157.001,128.641]]],[116,[78.33863,152.9082,0,[158.001,132.9128]]],[48,[73.08218,143.0802,0,[157.001,126.2559]]],[46,[75.03801,145.9179,0,[157.001,126.8463]]],[130,[78.97643,154.2358,0,[158.001,131.1285]]],[27,[77.92041,152.3832,0,[157.001,129.5527]]],[32,[75.58846,146.251,0,[157.001,126.6653]]],[179,[78.9727,151.3919,0,[158.001,132.2842]]],[131,[77.43156,152.281,0,[158.001,134.1542]]],[158,[78.01096,152.0049,0,[158.001,134.1673]]],[1,[78.25967,151.6467,0,[157.001,128.5977]]],[40,[78.49571,152.8461,0,[157.001,129.9984]]],[100,[79.61488,153.8354,0,[158.001,131.1194]]],[10,[78.78464,149.925,0,[157.001,129.0351]]],[36,[72.42548,141.491,0,[157.001,126.0875]]],[182,[79.18959,148.0467,0,[158.001,133.4095]]],[45,[74.49335,146.6506,0,[157.001,126.9442]]],[173,[78.64441,145.7769,0,[158.001,134.0385]]],[0,[79.12151,152.7034,0,[157.001,129.9977]]],[9,[77.30355,150.0318,0,[157.001,127.7636]]],[183,[79.69317,149.9166,0,[158.001,132.2384]]],[55,[79.88737,154.0049,0,[157.3095,130]]],[6,[78.87542,145.5306,0,[157.001,127.9367]]],[177,[79.68504,144.2707,0,[158.001,134.5979]]],[7,[79.37893,153.8403,0,[157.001,128.9064]]],[22,[76.20551,144.8006,0,[157.001,126.2015]]],[35,[74.8719,142.6708,0,[157.001,125.7886]]],[163,[73.7178,145.4065,0,[158.001,134.9506]]],[115,[80.27277,155.1713,0,[158.001,131.2701]]],[178,[79.91044,153.4629,0,[158.001,133.3519]]],[4,[78.01295,147.5614,0,[157.001,127.6226]]],[85,[80.09061,153.969,0,[157.001,128.9737]]],[174,[74.44559,144.594,0,[158.001,135.2831]]],[5,[79.62785,147.8203,0,[157.001,127.8058]]],[18,[77.25482,148.407,0,[157.001,126.6841]]],[25,[73.63789,141.5099,0,[157.001,125.8913]]],[184,[80.52862,146.9554,0,[158.001,132.661]]],[175,[75.25188,144.5442,0,[158.001,135.3306]]],[145,[80.91743,156.2041,0,[158.001,130.206]]],[20,[76.67945,146.7607,0,[157.001,126.8833]]],[167,[72.90134,141.2401,0,[158.001,135.4108]]],[19,[80.29571,150.1141,0,[157.001,127.8067]]],[168,[80.46127,143.1366,0,[158.001,134.2465]]],[170,[76.71896,149.4056,0,[158.001,135.4158]]],[34,[74.21393,143.678,0,[157.001,125.9156]]],[3,[80.87601,151.5526,0,[157.001,128.9478]]],[12,[76.79195,144.7409,0,[157.001,125.7746]]],[11,[79.23869,147.8284,0,[157.001,126.9097]]],[157,[70.35371,138.8872,0,[158.001,135.3887]]],[13,[81.04322,147.7936,0,[157.001,127.4968]]],[23,[78.55473,145.521,0,[157.001,127.0119]]],[180,[78.33659,148.2436,0,[158.001,135.1957]]],[176,[79.12281,144.9325,0,[158.0003,135]]],[24,[75.70366,142.4809,0,[157.001,125.593]]],[33,[77.95388,148.3472,0,[157.001,126.5182]]],[15,[80.52694,146.1205,0,[157.001,126.4783]]],[181,[81.00276,152.659,0,[158.001,131.6154]]],[14,[79.83739,146.7866,0,[157.001,126.3602]]],[169,[77.49677,151.2737,0,[158.001,135.2892]]],[26,[77.57632,141.9829,0,[157.001,125.7391]]],[2,[81.72324,154.0308,0,[158.001,130.2902]]],[21,[78.84386,147.3882,0,[157.001,125.9585]]]
3:[99,[97.77418,195.45,0,[216.001,129.7632]]],[114,[97.81276,195.4547,0,[216.001,130.9438]]],[129,[97.77393,195.4863,0,[216.001,132.2059]]],[84,[97.77092,195.4867,0,[216.001,128.4967]]],[144,[98.33593,196.5769,0,[217.001,133.5233]]],[69,[97.35409,194.5874,0,[215.001,127.2608]]],[113,[98.37624,196.5688,0,[216.001,131.5278]]],[83,[98.40641,196.6163,0,[216.001,129.2866]]],[98,[98.4746,196.6528,0,[216.001,130.3769]]],[128,[98.40714,196.7056,0,[216.001,132.7195]]],[68,[98.44285,196.7016,0,[216.001,128.0795]]],[143,[99.01622,197.8077,0,[217.001,134.0114]]],[112,[99.05537,197.6266,0,[216.001,130.9424]]],[82,[98.93597,197.7444,0,[216.001,128.8245]]],[127,[99.00391,197.8121,0,[216.001,132.0494]]],[97,[99.1571,197.8181,0,[216.001,129.8362]]],[142,[99.4912,198.7912,0,[217.001,133.2107]]],[54,[98.03973,195.4067,0,[215.001,127.0037]]],[67,[98.67478,196.9324,0,[215.001,127.8489]]],[126,[99.60319,198.946,0,[216.001,131.8466]]],[111,[99.65417,198.6882,0,[216.001,130.7137]]],[81,[99.5925,198.791,0,[216.001,128.6474]]],[141,[100.157,199.7998,0,[217.001,133.0566]]],[96,[99.84023,198.9152,0,[216.001,129.6392]]],[156,[99.90403,199.0627,0,[217.001,134.1838]]],[53,[98.74063,195.8722,0,[215.001,126.753]]],[125,[100.2265,200.0753,0,[216.001,131.5275]]],[140,[100.1844,199.8269,0,[216.001,132.6422]]],[110,[100.3407,199.7787,0,[216.001,130.4309]]],[66,[99.42373,197.9941,0,[215.001,127.4139]]],[80,[100.2215,199.9189,0,[216.001,128.3234]]],[95,[100.4965,200.1584,0,[216.001,129.3282]]],[154,[100.8208,200.9668,0,[217.001,133.9271]]],[124,[100.7946,201.0974,0,[216.001,131.3756]]],[139,[100.7356,200.888,0,[216.001,132.7044]]],[109,[100.9068,200.7546,0,[216.001,130.2773]]],[79,[100.8863,201.0391,0,[216.001,128.4678]]],[52,[99.87038,197.6696,0,[215.001,126.7278]]],[94,[101.2224,201.2259,0,[216.001,129.3533]]],[65,[100.2976,199.1678,0,[215.001,127.4225]]],[138,[101.2625,201.9214,0,[216.001,132.0608]]],[123,[101.4892,202.231,0,[216.001,130.9943]]],[153,[101.7553,202.1806,0,[217.001,133.3039]]],[155,[101.5234,200.1156,0,[217.001,134.2919]]],[108,[101.6956,201.9228,0,[216.001,129.9714]]],[78,[101.5482,202.0147,0,[216.001,128.3206]]],[137,[101.8733,203.0397,0,[216.001,131.845]]],[152,[101.7942,202.1309,0,[216.001,132.9504]]],[51,[100.864,198.7328,0,[215.001,127.1876]]],[93,[102.0072,202.3534,0,[216.001,128.9174]]],[107,[102.2635,202.9332,0,[216.001,129.9923]]],[122,[102.2927,203.3296,0,[216.001,131.0908]]],[165,[102.3739,202.4956,0,[217.001,134.2106]]],[64,[101.5482,200.3918,0,[215.001,127.8291]]],[136,[102.6029,204.1541,0,[216.001,132.2044]]],[77,[102.5802,203.2765,0,[216.001,128.9815]]],[151,[102.9604,204.3547,0,[217.001,133.2584]]],[92,[102.8482,203.6115,0,[216.001,129.9877]]],[106,[102.8763,204.199,0,[216.001,131.1842]]],[63,[102.1063,201.5487,0,[215.001,127.965]]],[39,[101.4442,198.1332,0,[215.001,126.7587]]],[121,[103.182,204.5636,0,[216.001,132.2521]]],[91,[103.1859,204.6042,0,[216.001,129.0192]]],[105,[103.3456,205.1732,0,[216.001,130.5467]]],[164,[103.2542,203.1529,0,[217.001,134.3324]]],[150,[103.6159,205.3953,0,[217.001,133.4828]]],[50,[102.2716,199.6228,0,[215.001,126.8726]]],[120,[103.6017,205.5815,0,[216.001,131.5335]]],[76,[102.7465,203.2278,0,[215.001,127.8872]]],[90,[103.6992,205.7946,0,[216.001,129.6691]]],[135,[103.6789,205.3612,0,[216.001,132.9565]]],[75,[103.8136,205.4066,0,[216.001,128.5829]]],[104,[103.9928,206.3279,0,[216.001,130.7186]]],[134,[104.1128,206.4675,0,[216.001,132.0192]]],[89,[104.3133,206.8871,0,[216.001,129.7584]]],[162,[104.3805,205.6214,0,[217.001,134.1245]]],[37,[103.0725,199.8127,0,[215.001,126.8989]]],[62,[103.5126,202.8771,0,[215.001,127.582]]],[149,[104.8601,206.7351,0,[217.001,133.2189]]],[74,[104.4284,206.4842,0,[216.001,128.6679]]],[119,[104.5765,206.7589,0,[216.001,130.9898]]],[133,[104.7575,207.5963,0,[216.001,132.0467]]],[103,[104.8484,207.4599,0,[216.001,129.9919]]],[59,[104.9765,206.969,0,[216.001,128.8401]]],[61,[104.153,203.8288,0,[215.001,127.7086]]],[118,[105.1898,207.9608,0,[216.001,130.888]]],[172,[105.4414,206.2235,0,[217.001,133.1492]]],[49,[103.8997,201.1511,0,[215.001,126.709]]],[147,[105.3358,208.0927,0,[216.001,131.961]]],[166,[105.2654,201.6896,0,[217.001,134.2416]]],[73,[105.3917,207.7496,0,[216.001,129.6266]]],[148,[106.0255,207.8926,0,[217.001,133.0188]]],[88,[105.7388,208.2571,0,[216.001,130.4567]]],[44,[104.7837,205.8535,0,[215.001,127.9242]]],[132,[105.8617,208.8356,0,[216.001,131.5146]]],[43,[105.7491,207.8937,0,[216.001,128.7154]]],[60,[104.6061,204.8635,0,[215.001,126.8374]]],[161,[105.9139,206.773,0,[217.001,134.2202]]],[146,[106.0408,209.2207,0,[216.001,132.5557]]],[58,[106.0963,208.1861,0,[216.001,129.5475]]],[72,[106.3175,208.9419,0,[216.001,130.5587]]],[102,[106.4224,208.9042,0,[216.001,131.6362]]],[160,[106.5313,207.903,0,[217.001,133.7205]]],[31,[105.3715,205.5368,0,[215.001,127.7267]]],[101,[106.6051,210.2804,0,[216.001,132.6775]]],[17,[106.432,208.7242,0,[216.001,128.4362]]],[29,[106.6682,208.6232,0,[216.001,129.4586]]],[38,[105.2364,200.0198,0,[215.001,126.6716]]],[42,[106.8879,209.3585,0,[216.001,130.459]]],[87,[106.9678,209.5751,0,[216.001,131.5486]]],[171,[106.9891,207.0814,0,[217.001,134.361]]],[47,[105.8597,203.3529,0,[215.001,127.0664]]],[117,[107.4244,210.4724,0,[217.001,133.5731]]],[28,[107.1079,209.7829,0,[216.001,128.7731]]],[57,[107.4232,209.7003,0,[216.001,130.9001]]],[71,[107.3112,210.549,0,[216.001,132.4053]]],[30,[106.3847,206.5164,0,[215.001,127.7903]]],[41,[107.3932,210.5553,0,[216.001,129.7871]]],[86,[108.0571,212.3172,0,[217.001,133.436]]],[8,[107.5777,208.6449,0,[216.001,128.1221]]],[56,[107.973,210.943,0,[216.001,130.3424]]],[70,[107.9051,211.8254,0,[216.001,131.5119]]],[159,[107.8082,209.5343,0,[217.001,134.4594]]],[16,[107.853,210.9308,0,[216.001,129.0814]]],[116,[107.9183,210.9426,0,[216.001,132.6117]]],[48,[106.4166,202.0315,0,[215.001,126.6728]]],[46,[106.9493,204.6093,0,[215.001,127.0709]]],[130,[108.4435,212.2961,0,[216.001,130.9989]]],[27,[108.381,211.5361,0,[216.001,129.5983]]],[32,[107.6046,205.7134,0,[215.001,127.8117]]],[179,[108.5091,209.4444,0,[216.001,132.0991]]],[131,[108.5031,211.5245,0,[217.001,134.1973]]],[158,[108.9727,211.2124,0,[217.001,133.3294]]],[1,[108.5622,210.8109,0,[216.001,128.5429]]],[40,[108.8428,211.9185,0,[216.001,130.2328]]],[100,[109.0544,211.8843,0,[216.001,131.3404]]],[10,[109.055,209.0198,0,[216.001,129.1902]]],[36,[107.5552,201.8177,0,[215.001,126.7144]]],[182,[109.0087,206.182,0,[216.001,132.6619]]],[45,[108.1645,206.9319,0,[215.001,127.136]]],[173,[109.4014,205.129,0,[217.001,134.078]]],[0,[109.4186,211.7844,0,[216.001,130.1459]]],[9,[109.1303,209.4874,0,[216.001,128.0594]]],[183,[109.5462,207.9605,0,[216.001,132.077]]],[55,[109.7477,212.817,0,[216.001,131.0393]]],[6,[109.6724,204.8481,0,[216.001,128.9823]]],[177,[110.1136,203.674,0,[217.001,133.2031]]],[7,[110.0107,213.0861,0,[216.001,129.9739]]],[22,[109.2571,205.1998,0,[215.001,127.9952]]],[35,[108.8011,202.997,0,[215.001,126.9273]]],[163,[109.9533,205.8298,0,[217.001,134.2891]]],[115,[110.2194,213.3055,0,[216.001,131.7578]]],[178,[110.1616,211.5729,0,[216.001,132.8579]]],[4,[110.2977,207.47,0,[216.001,128.9719]]],[85,[110.4403,213.1533,0,[216.001,130.7182]]],[174,[110.5879,205.8253,0,[217.001,134.1456]]],[5,[110.7749,207.5381,0,[216.001,129.6622]]],[18,[109.8673,208.3969,0,[215.001,127.9091]]],[25,[109.4451,202.0995,0,[215.001,126.8779]]],[184,[110.8617,205.4195,0,[216.001,131.6599]]],[175,[110.761,205.3286,0,[216.001,132.7837]]],[145,[111.0831,214.3659,0,[216.001,130.6096]]],[20,[110.9396,207.3651,0,[216.001,128.5562]]],[167,[111.286,204.7784,0,[217.001,134.0197]]],[19,[111.4712,209.7328,0,[216.001,129.6103]]],[168,[111.502,201.8503,0,[216.001,131.9783]]],[170,[111.9063,211.8534,0,[217.001,133.0498]]],[34,[110.1914,204.9248,0,[215.001,126.9338]]],[3,[111.7057,211.1472,0,[216.001,130.8563]]],[12,[110.7269,206.4676,0,[215.001,127.5221]]],[11,[111.6503,208.0136,0,[216.001,128.336]]],[157,[112.2003,204.8921,0,[217.001,134.0461]]],[13,[112.1796,207.4928,0,[216.001,130.1486]]],[23,[112.1632,206.201,0,[216.001,128.9597]]],[180,[112.2332,208.6395,0,[216.001,131.6182]]],[176,[112.1577,204.1352,0,[216.001,132.9305]]],[24,[111.2607,204.2387,0,[215.001,126.9866]]],[33,[111.8113,207.9938,0,[215.001,127.623]]],[15,[112.8212,206.0071,0,[216.001,129.8295]]],[181,[112.8623,211.3407,0,[216.001,131.1745]]],[14,[112.9006,206.617,0,[216.001,128.551]]],[169,[112.973,212.7453,0,[216.001,132.61]]],[26,[112.6249,203.0736,0,[215.001,127.3676]]],[2,[113.5366,212.4768,0,[216.001,130.3896]]],[21,[113.6628,209.4639,0,[216.001,128.7332]]]

Travel Distances:
[99,217.8859],[114,217.8174],[129,217.9343],[84,219.9262],[144,219.8888],[69,219.8538],[113,219.6963],[83,219.7897],[98,219.6606],[128,219.8755],[68,219.7976],[143,221.6956],[112,221.4645],[82,221.8219],[127,221.7096],[97,221.4125],[142,221.6877],[54,221.1173],[67,221.4056],[126,221.6239],[111,221.2423],[81,221.4221],[141,221.3572],[96,223.0882],[156,223.1563],[53,222.1185],[125,223.5394],[140,223.4037],[110,223.0598],[66,223.1164],[80,223.2667],[95,223.1286],[154,223.2498],[124,223.3508],[139,223.3434],[109,224.7127],[79,225.0929],[52,223.8382],[94,224.6939],[65,224.3994],[138,225.2669],[123,225.0929],[153,224.4904],[155,222.9925],[108,224.4544],[78,224.8943],[137,226.9974],[152,226.2976],[51,224.7611],[93,226.2996],[107,226.3081],[122,226.7092],[165,225.623],[64,225.1437],[136,226.8945],[77,226.0447],[151,226.3692],[92,225.819],[106,226.4242],[63,227.0996],[39,224.8078],[121,228.0794],[91,228.1297],[105,228.3263],[164,226.5914],[150,227.9778],[50,224.8262],[120,228.3103],[76,227.4918],[90,228.2368],[135,227.7974],[75,229.6901],[104,230.1799],[134,230.0086],[89,230.2049],[162,228.7894],[37,225.526],[62,227.6339],[149,228.9816],[74,229.581],[119,229.4706],[133,229.9695],[103,229.6624],[59,230.8922],[61,229.2666],[118,231.4496],[172,229.1922],[49,227.2382],[147,231.3515],[166,225.1143],[73,230.8685],[148,229.7601],[88,230.7],[44,230.0843],[132,231.0745],[43,232.3154],[60,231.5219],[161,230.7278],[146,233.0518],[58,231.874],[72,232.1998],[102,232.0268],[160,230.5811],[31,230.4068],[101,232.929],[17,231.6571],[29,231.1769],[38,225.4193],[42,231.4825],[87,233.5737],[171,230.8455],[47,229.3697],[117,233.4029],[28,233.3873],[57,232.7426],[71,233.7373],[30,231.4779],[41,233.5567],[86,234.0344],[8,233.3852],[56,234.9547],[70,235.8385],[159,233.8013],[16,234.9685],[116,234.9103],[48,228.8779],[46,230.3388],[130,235.3244],[27,234.6418],[32,230.2873],[179,232.248],[131,234.2443],[158,233.2073],[1,233.5223],[40,234.0934],[100,235.5925],[10,232.6874],[36,228.3229],[182,229.9952],[45,232.3377],[173,228.2465],[0,234.8189],[9,233.0127],[183,230.6728],[55,235.1425],[6,227.3604],[177,227.3628],[7,236.8706],[22,230.5014],[35,229.064],[163,229.7197],[115,236.6963],[178,235.0908],[4,230.7205],[85,236.121],[174,228.3407],[5,229.8127],[18,232.3562],[25,228.815],[184,229.5216],[175,229.5977],[145,238.0138],[20,231.2558],[167,227.8823],[19,232.6104],[168,224.5974],[170,233.8357],[34,230.1964],[3,233.592],[12,230.8146],[11,232.3932],[157,228.4033],[13,230.8226],[23,229.5648],[180,231.9528],[176,227.5199],[24,229.1762],[33,231.9818],[15,230.0802],[181,235.4027],[14,230.5693],[169,236.627],[26,227.4356],[2,235.0997],[21,231.8646]

Finish Times:
[99,110.8022],[114,110.8022],[129,110.8422],[84,110.9622],[144,111.1222],[69,111.4022],[113,111.4422],[83,111.4822],[98,111.4822],[128,111.5622],[68,111.7622],[143,112.0022],[112,112.0822],[82,112.1222],[127,112.1222],[97,112.2422],[142,112.2822],[54,112.3222],[67,112.6822],[126,112.6822],[111,112.7222],[81,112.8822],[141,112.9222],[96,112.9622],[156,112.9622],[53,113.2422],[125,113.2822],[140,113.3222],[110,113.3622],[66,113.4422],[80,113.6022],[95,113.6022],[154,113.7222],[124,113.8822],[139,113.9222],[109,114.0022],[79,114.2022],[52,114.3622],[94,114.3622],[65,114.4022],[138,114.4022],[123,114.5622],[153,114.6022],[155,114.6822],[108,114.7622],[78,114.8822],[137,115.0423],[152,115.0823],[51,115.2023],[93,115.2023],[107,115.3223],[122,115.3223],[165,115.4023],[64,115.6023],[136,115.6823],[77,115.7623],[151,115.7623],[92,115.9223],[106,115.9223],[63,116.0423],[39,116.1223],[121,116.3223],[91,116.3623],[105,116.4023],[164,116.4423],[150,116.4823],[50,116.6023],[120,116.6423],[76,116.7623],[90,116.8423],[135,116.9223],[75,117.0423],[104,117.0423],[134,117.2823],[89,117.3623],[162,117.4023],[37,117.4423],[62,117.5623],[149,117.6023],[74,117.6423],[119,117.6423],[133,117.8823],[103,117.9223],[59,118.2423],[61,118.2423],[118,118.2423],[172,118.2823],[49,118.3623],[147,118.4023],[166,118.4423],[73,118.5223],[148,118.7623],[88,118.8023],[44,118.8423],[132,118.8823],[43,119.0023],[60,119.0423],[161,119.0423],[146,119.1623],[58,119.2423],[72,119.3624],[102,119.4424],[160,119.4424],[31,119.5624],[101,119.7624],[17,119.8024],[29,119.8024],[38,119.8024],[42,119.9224],[87,120.0024],[171,120.1624],[47,120.2424],[117,120.2824],[28,120.3624],[57,120.4824],[71,120.4824],[30,120.5224],[41,120.5624],[86,120.9224],[8,120.9624],[56,121.0024],[70,121.0024],[159,121.0024],[16,121.1224],[116,121.1224],[48,121.2024],[46,121.2824],[130,121.4824],[27,121.5224],[32,121.6424],[179,121.6424],[131,121.6824],[158,121.7224],[1,121.8424],[40,121.9224],[100,122.1624],[10,122.2424],[36,122.2424],[182,122.2424],[45,122.3624],[173,122.4024],[0,122.4824],[9,122.5624],[183,122.7224],[55,122.8424],[6,122.8824],[177,122.9624],[7,123.1224],[22,123.2024],[35,123.2024],[163,123.2824],[115,123.3224],[178,123.4024],[4,123.5224],[85,123.5224],[174,123.7225],[5,123.9225],[18,123.9225],[25,123.9625],[184,123.9625],[175,124.0025],[145,124.1625],[20,124.2425],[167,124.3625],[19,124.6425],[168,124.6425],[170,124.6425],[34,124.7225],[3,124.7625],[12,124.7625],[11,125.0025],[157,125.1625],[13,125.3225],[23,125.4025],[180,125.4025],[176,125.5625],[24,125.6025],[33,125.7625],[15,125.9625],[181,125.9625],[14,126.1225],[169,126.2025],[26,126.6425],[2,126.6825],[21,126.8425]

Stuck Times:
[99,0],[114,0],[129,0],[84,0],[144,0],[69,0],[113,0],[83,0],[98,0],[128,0],[68,0],[143,0],[112,0],[82,0],[127,0],[97,0],[142,0],[54,0],[67,0],[126,0],[111,0],[81,0],[141,0],[96,0],[156,0],[53,0],[125,0],[140,0],[110,0],[66,0],[80,0],[95,0],[154,0],[124,0],[139,0],[109,0],[79,0],[52,0],[94,0],[65,0],[138,0],[123,0],[153,0],[155,1],[108,0],[78,0],[137,0],[152,0],[51,1],[93,0],[107,0],[122,0],[165,0],[64,0],[136,0],[77,0],[151,0],[92,0],[106,0],[63,0],[39,3],[121,0],[91,0],[105,0],[164,0],[150,0],[50,2],[120,0],[76,0],[90,0],[135,0],[75,0],[104,0],[134,0],[89,0],[162,0],[37,3],[62,0],[149,0],[74,0],[119,0],[133,0],[103,0],[59,0],[61,1],[118,0],[172,0],[49,2],[147,0],[166,5],[73,0],[148,0],[88,0],[44,0],[132,0],[43,0],[60,1],[161,1],[146,0],[58,0],[72,0],[102,0],[160,0],[31,0],[101,0],[17,0],[29,0],[38,5],[42,0],[87,0],[171,1],[47,3],[117,0],[28,0],[57,0],[71,0],[30,0],[41,0],[86,0],[8,1],[56,0],[70,0],[159,1],[16,0],[116,0],[48,4],[46,2],[130,0],[27,0],[32,4],[179,1],[131,1],[158,1],[1,1],[40,0],[100,0],[10,2],[36,7],[182,4],[45,4],[173,6],[0,0],[9,2],[183,4],[55,0],[6,5],[177,7],[7,1],[22,7],[35,6],[163,6],[115,0],[178,2],[4,5],[85,0],[174,8],[5,3],[18,4],[25,9],[184,7],[175,7],[145,0],[20,5],[167,10],[19,2],[168,10],[170,4],[34,8],[3,4],[12,5],[11,5],[157,11],[13,6],[23,5],[180,6],[176,10],[24,8],[33,6],[15,8],[181,3],[14,8],[169,5],[26,12],[2,3],[21,6]

