Experiment Name: Custom-DecreasingGateSize
Method Used: RegionalFlowGraph
Run Number: 6
Preparation Time: 146.9892ms
Pathfinding Time: 1.2559ms
Finish Time: 126.8825ms
Finish Time 90%: 124.7625ms
Repaths: 0
Soft Repaths: 0

Gates Data:
0:[99,[11.65926,23.27132,0,[44.001,126.0707]]],[114,[12.14293,24.28156,0,[45.001,127.3162]]],[129,[12.15847,24.31315,0,[45.00099,128.654]]],[84,[11.64533,23.28536,0,[44.001,124.8399]]],[144,[12.19635,24.38745,0,[45.001,130.0622]]],[69,[11.66582,23.32394,0,[44.001,123.5284]]],[113,[12.69466,25.37843,0,[45.001,128.0172]]],[98,[12.23355,24.45813,0,[44.001,126.7782]]],[83,[12.21342,24.41294,0,[44.001,125.6503]]],[128,[12.7564,25.5009,0,[45.001,129.3116]]],[68,[12.22753,24.43549,0,[44.00099,124.3941]]],[143,[12.77197,25.52716,0,[45.001,130.7694]]],[127,[13.31379,26.60961,0,[45.00099,128.7488]]],[112,[13.24113,26.4364,0,[45.001,127.4951]]],[97,[12.84907,25.61132,0,[44.001,126.3545]]],[82,[12.76083,25.50582,0,[44.001,125.1273]]],[142,[13.27697,26.54086,0,[45.00098,130.0251]]],[54,[11.72221,23.43305,0,[44.001,122.0708]]],[111,[13.77333,27.50228,0,[45.001,127.8039]]],[126,[13.89612,27.76918,0,[45.001,128.8671]]],[141,[13.81919,27.59146,0,[45.001,129.9744]]],[67,[12.79242,25.56166,0,[44.001,123.919]]],[96,[13.3773,26.69984,0,[44.001,126.7323]]],[156,[13.29348,26.5758,0,[45.00098,131.5137]]],[81,[13.28663,26.55032,0,[44.001,125.6558]]],[155,[13.84321,27.66776,0,[45.001,131.1322]]],[140,[14.34177,28.64214,0,[45.001,129.6471]]],[110,[14.30255,28.55387,0,[45.001,127.5111]]],[125,[14.45143,28.86597,0,[45.001,128.5961]]],[53,[12.23976,24.45552,0,[44.00099,123.0738]]],[95,[14.00514,27.8773,0,[44.001,126.4684]]],[66,[13.33598,26.63236,0,[44.001,124.556]]],[154,[14.38263,28.74068,0,[45.001,130.7632]]],[139,[14.87778,29.69377,0,[45.001,130.0776]]],[80,[13.82893,27.60222,0,[44.001,125.4304]]],[109,[14.8511,29.61287,0,[45.001,127.8014]]],[167,[13.82056,27.6255,0,[45.001,132.4976]]],[124,[15.00294,29.94787,0,[45.00099,128.891]]],[79,[14.38214,28.69971,0,[44.001,125.6945]]],[138,[15.4103,30.74139,0,[45.00099,129.8024]]],[153,[14.91862,29.79563,0,[45.001,131.2477]]],[94,[14.57245,29.02092,0,[44.001,126.7284]]],[108,[15.40094,30.67393,0,[45.00099,127.736]]],[166,[14.34065,28.66015,0,[45.00099,131.8945]]],[52,[12.79919,25.55777,0,[44.001,122.5594]]],[65,[13.91812,27.75305,0,[44.001,124.3397]]],[123,[15.57942,31.05109,0,[45.00099,128.8018]]],[137,[15.96054,31.8247,0,[45.001,129.7436]]],[93,[15.1522,30.1281,0,[44.001,126.6917]]],[78,[14.92513,29.76101,0,[44.001,125.7171]]],[152,[15.47601,30.9031,0,[45.00099,130.9104]]],[107,[15.94959,31.75358,0,[45.001,127.6476]]],[122,[16.14398,32.15311,0,[45.00099,128.7206]]],[64,[14.49656,28.88109,0,[44.001,124.6411]]],[77,[15.4675,30.8411,0,[44.001,125.5333]]],[136,[16.52016,32.95142,0,[45.00098,129.6864]]],[92,[15.7009,31.23274,0,[44.001,126.5258]]],[151,[16.03211,31.98883,0,[45.00099,130.8527]]],[63,[15.05966,29.96865,0,[44.001,124.6687]]],[106,[16.48849,32.84386,0,[45.001,127.5236]]],[121,[16.69651,33.24963,0,[45.001,128.567]]],[76,[16.01337,31.94378,0,[44.001,125.5558]]],[91,[16.26412,32.35629,0,[44.001,126.5387]]],[150,[16.59778,33.12459,0,[45.00099,130.7997]]],[39,[12.34213,24.62569,0,[44.00099,121.5928]]],[105,[17.03399,33.92705,0,[45.00099,127.5192]]],[120,[17.27542,34.34121,0,[45.00099,128.5931]]],[135,[17.06081,34.02015,0,[45.00098,129.5577]]],[164,[15.41161,30.77629,0,[45.00099,131.992]]],[51,[13.30572,26.57257,0,[44.001,123.4531]]],[149,[17.15456,34.21915,0,[45.00098,130.69]]],[62,[15.60863,31.0613,0,[44.001,124.4325]]],[90,[16.81939,33.4873,0,[44.001,126.5656]]],[104,[17.59957,35.03712,0,[45.001,127.6466]]],[119,[17.856,35.45072,0,[45.001,128.6754]]],[134,[17.62435,35.14274,0,[45.00099,129.6923]]],[162,[16.51724,32.97575,0,[45.00099,131.8776]]],[75,[16.5746,33.02319,0,[44.001,125.5793]]],[148,[17.72627,35.37511,0,[45.00099,130.8125]]],[37,[13.38201,26.69263,0,[44.001,122.3441]]],[89,[17.39751,34.59587,0,[44.001,126.6904]]],[74,[17.14934,34.1107,0,[44.001,125.673]]],[103,[18.2068,36.15972,0,[45.00098,127.8133]]],[49,[14.46082,28.74204,0,[44.001,123.5603]]],[133,[18.19014,36.2817,0,[45.00097,129.6919]]],[161,[17.08278,34.07058,0,[45.00099,131.7943]]],[61,[16.241,32.22358,0,[44.001,124.5654]]],[73,[17.83749,35.25592,0,[44.001,126.0396]]],[88,[18.62381,36.74706,0,[45.001,127.101]]],[147,[18.29198,36.50961,0,[45.00097,130.8326]]],[118,[18.49953,36.62788,0,[45.00098,128.8884]]],[50,[13.86168,27.61343,0,[44.001,123.2524]]],[60,[16.91683,33.3253,0,[44.001,124.6601]]],[132,[18.77611,37.44759,0,[45.00098,130.175]]],[58,[18.42336,35.70712,0,[44.001,126.0308]]],[102,[18.90222,37.33458,0,[45.001,128.0974]]],[117,[19.09094,37.84623,0,[45.00097,129.2057]]],[160,[17.70663,35.25995,0,[45.00099,131.9202]]],[47,[15.97615,30.85803,0,[44.001,123.5594]]],[43,[18.16734,35.4328,0,[44.001,124.9854]]],[72,[18.7299,36.47242,0,[44.001,126.9778]]],[146,[18.92221,37.65813,0,[45.00099,131.3433]]],[38,[12.97664,25.573,0,[44.001,121.2511]]],[87,[19.50712,38.0609,0,[45.00098,128.1112]]],[59,[17.60207,34.4744,0,[44.001,125.041]]],[131,[19.3969,38.60923,0,[45.00096,130.4402]]],[42,[18.95623,36.64737,0,[44.001,125.5915]]],[48,[15.07642,29.77558,0,[44.001,123.5917]]],[57,[19.26754,36.95543,0,[44.001,126.7246]]],[101,[19.69802,38.72392,0,[45.00098,129.2723]]],[29,[18.70312,35.90344,0,[44.001,124.4874]]],[171,[17.27305,34.18845,0,[45.00099,132.9451]]],[45,[16.64037,33.05492,0,[44.001,123.7473]]],[116,[20.03656,39.30377,0,[45.00092,130.5537]]],[41,[19.67299,37.90071,0,[44.00099,125.7691]]],[71,[20.05278,38.74549,0,[45.00096,127.9309]]],[28,[19.4386,37.14429,0,[44.001,124.7703]]],[145,[19.66525,39.09846,0,[45.00097,131.7354]]],[17,[18.52456,36.05104,0,[44.001,123.3919]]],[36,[14.27117,27.7703,0,[44.001,122.5178]]],[159,[18.36307,36.49113,0,[45.00097,131.968]]],[56,[19.95108,38.32588,0,[44.001,126.84]]],[86,[20.33634,39.50049,0,[45.00096,129.3893]]],[16,[20.24757,38.3021,0,[44.001,125.5453]]],[46,[16.3889,31.92705,0,[44.001,122.8037]]],[170,[17.93636,35.4889,0,[45.00099,133.0643]]],[8,[19.22623,35.82426,0,[44.001,123.7141]]],[178,[18.5559,36.16401,0,[45.00099,134.1731]]],[70,[20.67885,40.26107,0,[45.00098,128.3437]]],[27,[20.51762,39.21675,0,[44.001,126.7734]]],[115,[20.78325,41.01816,0,[45.00095,130.8707]]],[35,[14.83237,28.97118,0,[44.001,122.6104]]],[30,[17.96992,34.61075,0,[44.001,123.8744]]],[0,[20.07795,37.68681,0,[44.001,124.3397]]],[158,[19.23265,38.03125,0,[45.00097,132.4885]]],[9,[20.81717,36.62458,0,[44.001,124.4692]]],[3,[20.37506,35.30762,0,[44.00098,121.7235]]],[177,[13.85954,27.68555,0,[45.001,133.9932]]],[169,[18.71695,37.03762,0,[45.00097,133.1161]]],[11,[18.93497,33.36221,0,[44.001,122.4426]]],[44,[17.38462,34.19724,0,[44.001,124.0294]]],[25,[13.86553,26.99443,0,[44.001,121.7488]]],[10,[20.358,35.45842,0,[44.00098,123.1098]]],[13,[17.99786,30.15703,0,[44.001,121.0307]]],[180,[17.06839,33.40987,0,[45.001,134.119]]],[100,[21.14995,40.23646,0,[45.00086,129.6844]]],[179,[17.75917,34.80471,0,[45.001,134.1837]]],[18,[17.76352,34.58152,0,[44.001,122.8373]]],[2,[21.17639,37.57089,0,[44.00097,123.1319]]],[33,[15.8621,31.05425,0,[44.001,121.9993]]],[23,[15.61188,28.98534,0,[44.001,120.9478]]],[55,[21.32341,40.96803,0,[45.00099,127.9316]]],[181,[16.48513,32.49695,0,[45.001,134.2554]]],[163,[15.96884,31.87978,0,[45.001,132.0333]]],[7,[20.92498,38.72288,0,[44.001,125.8411]]],[21,[16.41732,31.17567,0,[44.001,121.716]]],[130,[20.42063,40.14787,0,[45.0009,132.1846]]],[34,[15.53764,30.00031,0,[44.001,122.9526]]],[6,[18.66103,30.23098,0,[44.001,121.2145]]],[168,[13.29609,26.58465,0,[45.00099,133.2252]]],[173,[16.11585,31.9846,0,[45.001,133.1753]]],[40,[22.00229,40.53208,0,[45.0009,127.1844]]],[157,[12.78806,25.56841,0,[45.001,132.251]]],[31,[17.10847,33.48903,0,[44.001,123.0586]]],[85,[21.86668,41.31723,0,[45.00098,128.9615]]],[26,[13.93383,25.93932,0,[44.001,120.6685]]],[5,[19.40319,32.53096,0,[44.00099,121.4192]]],[174,[15.47924,30.81713,0,[45.00099,133.1255]]],[184,[14.53742,28.76488,0,[45.001,134.3512]]],[12,[16.95872,30.47795,0,[44.001,120.8812]]],[24,[14.51737,27.77044,0,[44.001,121.4781]]],[176,[14.35207,28.67142,0,[45.001,133.143]]],[4,[19.65697,33.74029,0,[44.00098,122.6376]]],[32,[16.9536,32.33278,0,[44.00015,121.9999]]],[165,[14.87803,29.72073,0,[45.001,132.5258]]],[183,[19.52912,33.18495,0,[45.00097,133.7834]]],[175,[15.02411,29.84364,0,[45.001,133.8215]]],[15,[16.23222,27.77215,0,[44.001,120.7038]]],[19,[17.53887,33.32921,0,[44.001,121.7873]]],[22,[15.25505,29.94547,0,[44.001,121.892]]],[182,[15.72043,31.11845,0,[45.001,134.2977]]],[172,[16.66722,33.0491,0,[45.00099,133.0169]]],[1,[21.60347,39.64565,0,[44.00097,125.1826]]],[14,[14.98541,27.87021,0,[44.001,120.8329]]],[20,[18.2798,33.1807,0,[44.001,122.3062]]]
1:[99,[39.24138,78.41626,0,[99.001,129.4491]]],[114,[39.2307,78.43293,0,[99.001,130.7048]]],[129,[38.74523,77.46687,0,[98.001,132.0694]]],[84,[39.21836,78.41992,0,[99.001,128.1727]]],[144,[38.79265,77.55201,0,[98.001,133.5179]]],[69,[39.2368,78.44813,0,[99.001,126.816]]],[113,[39.81507,79.546,0,[99.001,131.4465]]],[98,[39.85154,79.61916,0,[99.001,130.1089]]],[83,[39.80666,79.55882,0,[99.001,128.8992]]],[128,[39.35268,78.66633,0,[98.001,132.6461]]],[68,[39.81899,79.57822,0,[99.001,127.5877]]],[143,[39.37636,78.70346,0,[98.00099,133.9734]]],[127,[40.00072,79.92036,0,[98.15762,132.0001]]],[112,[40.34659,80.59335,0,[99.00099,130.8116]]],[97,[40.43483,80.75105,0,[99.001,129.6019]]],[82,[40.33942,80.62743,0,[99.001,128.3574]]],[142,[39.89293,79.72031,0,[98.001,133.3872]]],[54,[39.79273,79.54751,0,[100.001,125.3127]]],[111,[40.90491,81.61645,0,[99.001,130.7512]]],[126,[40.98529,81.88723,0,[99.001,131.8454]]],[141,[40.41909,80.7355,0,[98.001,132.9559]]],[67,[40.36097,80.66793,0,[99.001,127.0455]]],[96,[41.00659,81.81302,0,[99.001,129.6679]]],[156,[39.96514,79.75993,0,[98.001,134.844]]],[81,[40.88663,81.66396,0,[99.001,128.593]]],[155,[40.46408,80.85501,0,[98.00099,134.1245]]],[140,[40.94967,81.75842,0,[98.001,132.4537]]],[110,[41.47383,82.65733,0,[99.001,130.3151]]],[125,[41.54542,82.97388,0,[99.001,131.4095]]],[53,[39.82316,79.58559,0,[99.001,126.2064]]],[95,[41.62776,82.97527,0,[99.001,129.2733]]],[66,[40.91617,81.73625,0,[99.001,127.4859]]],[154,[41.00745,81.87804,0,[98.001,133.5531]]],[139,[41.49516,82.83781,0,[98.001,132.7384]]],[80,[41.41363,82.69232,0,[99.001,128.2356]]],[109,[42.01965,83.72699,0,[99.001,130.5284]]],[167,[40.75119,81.05432,0,[98.00099,135.1963]]],[124,[42.10145,84.07465,0,[99.001,131.6256]]],[79,[41.96513,83.79018,0,[99.001,128.4017]]],[138,[42.03453,83.87918,0,[98.00099,132.3686]]],[153,[41.77203,83.00282,0,[98.001,133.744]]],[94,[42.19528,84.12643,0,[99.001,129.425]]],[108,[42.58057,84.8026,0,[99.00099,130.3755]]],[166,[41.32547,81.90125,0,[98.001,134.459]]],[52,[40.88765,81.6601,0,[100.001,125.5907]]],[65,[41.50578,82.84114,0,[99.001,127.1273]]],[123,[42.73558,85.18456,0,[99.00099,131.4706]]],[137,[42.62826,85.01525,0,[98.001,132.4476]]],[93,[42.82824,85.25115,0,[99.001,129.4052]]],[78,[42.52962,84.87275,0,[99.001,128.4214]]],[152,[42.33236,84.06218,0,[98.001,133.368]]],[107,[43.14437,85.88484,0,[99.001,130.3976]]],[122,[43.33967,86.29324,0,[99.001,131.4385]]],[64,[42.07816,83.96626,0,[99.001,127.3198]]],[77,[43.08215,85.97266,0,[99.001,128.3156]]],[136,[43.19214,86.10666,0,[98.00099,132.3974]]],[92,[43.40308,86.36652,0,[99.001,129.4105]]],[151,[42.92253,85.29065,0,[98.00099,133.6472]]],[63,[42.66635,85.06964,0,[99.001,127.3373]]],[106,[43.71954,86.99596,0,[99.001,130.517]]],[121,[43.97147,87.41069,0,[99.001,131.5549]]],[76,[43.66753,87.05116,0,[99.001,128.4485]]],[91,[43.9754,87.4887,0,[99.001,129.5668]]],[150,[43.50718,86.31377,0,[98.00099,133.3796]]],[39,[40.461,80.77211,0,[100.001,124.6465]]],[105,[44.29322,88.08687,0,[99.001,130.5244]]],[120,[44.58206,88.52291,0,[99.001,131.4845]]],[135,[43.82692,87.21719,0,[98.00099,132.479]]],[164,[42.53022,84.01196,0,[98.001,134.4382]]],[51,[40.88702,81.67563,0,[99.001,126.3719]]],[149,[44.06769,87.49735,0,[98.001,133.627]]],[62,[43.34271,86.18597,0,[99.001,127.3046]]],[90,[44.54663,88.64023,0,[99.001,129.528]]],[104,[44.88004,89.21252,0,[99.001,130.4982]]],[119,[45.1342,89.65972,0,[99.001,131.6379]]],[134,[44.39789,88.37376,0,[98.001,132.6821]]],[162,[43.40516,86.22926,0,[98.001,134.4491]]],[75,[44.2467,88.15705,0,[99.001,128.5671]]],[148,[44.66253,88.66713,0,[98.00099,133.8269]]],[37,[41.55966,82.85094,0,[100.001,125.2636]]],[89,[45.28072,89.77941,0,[99.001,129.6923]]],[74,[44.94504,89.26649,0,[99.001,128.783]]],[103,[45.49483,90.35043,0,[99.001,130.7673]]],[49,[42.16006,83.82586,0,[99.001,126.2232]]],[133,[44.98031,89.53334,0,[98.001,132.5053]]],[161,[44.22039,87.42075,0,[98.001,134.7046]]],[61,[43.96412,87.3308,0,[99.001,127.53]]],[73,[45.66703,90.4218,0,[99.001,128.8681]]],[88,[45.86965,90.92822,0,[99.001,129.9337]]],[147,[45.29333,89.88069,0,[98.001,133.4236]]],[118,[45.84755,90.83678,0,[99.001,131.6777]]],[50,[41.51971,82.71803,0,[99.001,126.014]]],[60,[44.67622,88.46051,0,[99.001,127.8045]]],[132,[45.68708,90.75919,0,[98.001,132.6067]]],[58,[46.25439,90.93385,0,[99.001,129.0023]]],[102,[46.21939,91.54281,0,[99.001,130.8301]]],[117,[46.5452,92.17587,0,[99.001,131.7349]]],[160,[45.17119,88.68126,0,[98.001,134.5005]]],[47,[43.84799,85.96548,0,[99.001,126.443]]],[43,[46.01339,90.63998,0,[99.001,127.9889]]],[72,[46.55687,91.75436,0,[99.001,129.9346]]],[146,[45.83922,90.98604,0,[98.00099,133.7929]]],[38,[41.28699,81.78406,0,[100.001,124.2947]]],[87,[46.8895,92.44997,0,[99.001,130.8299]]],[59,[45.34245,89.62094,0,[99.001,127.9719]]],[131,[46.27488,91.978,0,[98.001,132.9364]]],[42,[46.91752,91.92359,0,[99.001,129.0856]]],[48,[42.98399,84.88433,0,[99.001,126.4587]]],[57,[47.28775,92.30615,0,[99.001,129.9514]]],[101,[47.10257,93.10516,0,[99.001,131.9551]]],[29,[46.64245,91.13879,0,[99.001,128.1334]]],[171,[45.65067,87.93768,0,[98.001,135.1129]]],[45,[44.43451,88.17716,0,[99.001,126.8058]]],[116,[47.01191,92.77793,0,[98.001,132.7182]]],[41,[47.75984,93.29342,0,[99.001,129.3207]]],[71,[47.50395,93.17365,0,[99.001,131.0347]]],[28,[47.40101,92.52108,0,[99.001,128.4777]]],[145,[47.63026,92.92641,0,[98.001,132.9714]]],[17,[46.39812,91.27736,0,[99.001,127.1494]]],[36,[42.40695,83.89043,0,[100.001,125.1097]]],[159,[46.3095,89.90225,0,[98.001,134.408]]],[86,[47.98301,93.96857,0,[99.001,131.7332]]],[16,[48.04792,93.55229,0,[99.001,128.2962]]],[46,[44.94473,88.06077,0,[100.001,125.6733]]],[170,[47.30454,90.18214,0,[98.001,133.9891]]],[8,[47.11987,91.16489,0,[99.001,127.5367]]],[178,[48.02267,91.47313,0,[98.001,133.9231]]],[70,[48.48656,94.72681,0,[99.001,130.9638]]],[27,[48.39447,94.44379,0,[99.001,129.174]]],[115,[48.11244,94.83963,0,[98.001,132.1331]]],[35,[43.15722,85.10994,0,[100.001,125.3925]]],[30,[45.71237,89.81401,0,[99.001,127.0629]]],[0,[47.78893,92.99231,0,[99.001,127.2591]]],[158,[46.72262,91.78686,0,[98.001,133.6671]]],[9,[48.83569,92.04328,0,[99.001,128.2013]]],[3,[48.41866,90.73473,0,[99.001,126.1658]]],[177,[48.23721,83.46522,0,[98.001,135.0928]]],[169,[48.5805,92.00642,0,[98.00099,133.0518]]],[11,[46.98402,88.71696,0,[99.001,126.4763]]],[44,[45.07645,89.32559,0,[99.001,126.9374]]],[25,[42.00709,83.17542,0,[100.001,124.2482]]],[10,[48.43822,90.89074,0,[99.001,127.3547]]],[13,[49.35315,87.14384,0,[100.001,125.0228]]],[180,[47.5067,88.35709,0,[98.00099,135.1645]]],[100,[49.12807,95.00578,0,[99.001,130.9591]]],[179,[48.77619,90.20148,0,[98.00098,134.4182]]],[18,[46.15894,90.75847,0,[100.001,125.9518]]],[2,[49.11497,93.29429,0,[99.001,126.6976]]],[33,[44.41265,87.25084,0,[100.001,125.2442]]],[23,[44.95388,85.5803,0,[100.001,124.4565]]],[55,[48.82382,95.24833,0,[99.001,129.9055]]],[181,[49.37151,92.29959,0,[98.00098,133.128]]],[163,[43.79379,85.20864,0,[98.001,135.4212]]],[7,[49.34613,94.18149,0,[99.001,129.0654]]],[21,[47.16895,87.62678,0,[100.001,124.3309]]],[130,[49.63851,96.0369,0,[99.001,131.8551]]],[34,[43.88006,86.12757,0,[100.001,125.6416]]],[6,[47.49503,86.70187,0,[100.001,125.3137]]],[168,[41.36879,79.98751,0,[98.001,135.5602]]],[173,[46.83157,86.17794,0,[98.001,135.1321]]],[40,[50.28614,95.08006,0,[99.001,128.9653]]],[157,[39.40435,78.76392,0,[98.001,135.2166]]],[31,[45.51232,89.62757,0,[100.001,125.7303]]],[85,[49.71492,95.99516,0,[99.001,130.1883]]],[26,[44.29992,82.80557,0,[100.001,124.1088]]],[5,[48.43941,89.09192,0,[100.001,125.0574]]],[174,[43.01886,84.33364,0,[98.001,135.2701]]],[184,[49.5338,86.01192,0,[98.00096,134.6223]]],[12,[47.93659,88.30727,0,[100.001,124.2868]]],[24,[42.90634,84.09306,0,[100.001,124.2311]]],[176,[42.40071,82.04628,0,[98.001,135.5389]]],[4,[47.56407,89.1246,0,[99.001,126.2719]]],[32,[45.94815,88.53645,0,[100.001,124.857]]],[165,[41.95593,83.09489,0,[98.001,134.8285]]],[183,[50.39375,89.92561,0,[99.001,130.5303]]],[175,[46.19419,83.64545,0,[98.001,135.4932]]],[15,[46.42419,85.42664,0,[100.001,124.0142]]],[19,[46.61149,89.59287,0,[100.001,125.0562]]],[22,[43.74788,86.15782,0,[100.001,124.497]]],[182,[50.0043,90.322,0,[98.00099,132.2928]]],[172,[44.73654,86.57979,0,[98.00099,135.3492]]],[1,[49.60531,95.28343,0,[99.00099,127.7478]]],[14,[45.51485,85.09718,0,[100.001,124.1812]]],[20,[46.37464,88.4328,0,[99.001,126.0487]]]
2:[99,[68.25312,136.4341,0,[157.001,129.7625]]],[114,[68.74984,137.4487,0,[158.001,130.899]]],[129,[68.7614,137.4803,0,[158.001,132.1932]]],[84,[68.24039,136.4474,0,[157.001,128.6038]]],[144,[68.81075,137.5629,0,[158.001,133.6066]]],[69,[68.27865,136.5043,0,[157.001,127.3755]]],[113,[69.34599,138.5548,0,[158.001,131.3293]]],[98,[69.45204,138.6233,0,[158.001,130.0986]]],[83,[68.84861,137.5678,0,[157.001,129.0019]]],[128,[69.37895,138.6883,0,[158.001,132.598]]],[68,[68.84898,137.6064,0,[157.001,127.7634]]],[143,[69.426,138.7642,0,[158.001,133.9422]]],[127,[69.96487,139.7965,0,[158.001,132.0792]]],[112,[69.89427,139.6233,0,[158.001,130.9323]]],[97,[69.50054,138.7948,0,[157.001,129.7936]]],[82,[69.3865,138.6897,0,[157.001,128.7221]]],[142,[69.939,139.7423,0,[158.001,133.4272]]],[54,[68.42494,136.7167,0,[157.001,126.1643]]],[111,[70.46816,140.6334,0,[158.001,130.6282]]],[126,[70.54103,140.9025,0,[158.001,131.721]]],[141,[70.46373,140.7503,0,[158.001,132.8838]]],[67,[69.45394,138.7764,0,[157.001,127.6046]]],[96,[70.18009,139.8337,0,[157.001,129.6229]]],[156,[70.12631,139.7973,0,[158.001,134.8479]]],[81,[69.93211,139.6889,0,[157.001,128.6626]]],[155,[70.54169,140.8914,0,[158.001,134.0668]]],[140,[71.00829,141.777,0,[158.001,132.5558]]],[110,[71.12819,141.6831,0,[158.001,130.368]]],[125,[71.15379,141.999,0,[158.001,131.4742]]],[53,[68.99271,137.648,0,[157.001,126.4897]]],[95,[70.73672,141.0017,0,[157.001,129.2913]]],[66,[70.02595,139.7661,0,[157.001,127.572]]],[154,[71.10439,141.8944,0,[158.001,133.7738]]],[139,[71.55837,142.8632,0,[158.001,132.8742]]],[80,[70.47539,140.7216,0,[157.001,128.2897]]],[109,[71.68851,142.7482,0,[158.001,130.5648]]],[167,[70.89676,141.1425,0,[158.001,135.1909]]],[124,[71.71043,143.0934,0,[158.001,131.6828]]],[79,[71.07227,141.8434,0,[157.001,128.3784]]],[138,[72.1077,143.9155,0,[158.001,132.6187]]],[153,[71.87289,143.0599,0,[158.001,133.9639]]],[94,[71.32812,142.1516,0,[157.001,129.4789]]],[108,[72.28868,143.8469,0,[158.001,130.3044]]],[166,[71.46548,141.957,0,[158.001,134.9277]]],[52,[69.69074,138.9332,0,[157.001,126.5462]]],[65,[70.8569,140.9216,0,[157.001,127.3197]]],[123,[72.33309,144.2255,0,[158.001,131.4234]]],[137,[72.70513,145.0439,0,[158.001,132.6036]]],[93,[72.08864,143.3006,0,[157.001,129.3321]]],[78,[71.68686,142.9324,0,[157.001,128.597]]],[152,[72.44076,144.1045,0,[158.001,133.861]]],[107,[72.8568,144.9095,0,[158.001,130.3588]]],[122,[72.97191,145.316,0,[158.001,131.4388]]],[64,[71.48817,142.0763,0,[157.001,127.571]]],[77,[72.48301,144.0814,0,[157.001,128.5302]]],[136,[73.28046,146.1351,0,[158.001,132.4025]]],[92,[72.71999,144.427,0,[157.001,129.5021]]],[151,[73.03332,145.3235,0,[158.001,133.7005]]],[63,[72.08601,143.2292,0,[157.001,127.7883]]],[106,[73.50557,146.0589,0,[158.001,130.4806]]],[121,[73.61545,146.4629,0,[158.001,131.5559]]],[76,[73.03069,145.1103,0,[157.001,128.253]]],[91,[73.27676,145.528,0,[157.001,129.3632]]],[150,[73.60548,146.3451,0,[158.001,133.3386]]],[39,[70.07947,138.3358,0,[157.001,125.7236]]],[105,[74.06014,147.1117,0,[158.001,130.2909]]],[120,[74.18823,147.5472,0,[158.001,131.3717]]],[135,[73.94615,147.2457,0,[158.001,132.5019]]],[164,[72.98299,144.0841,0,[158.001,135.0084]]],[51,[70.40025,139.7715,0,[157.001,126.7326]]],[149,[74.16737,147.519,0,[158.001,133.79]]],[62,[72.61969,144.3054,0,[157.001,127.3409]]],[90,[73.94802,146.6896,0,[157.001,129.473]]],[104,[74.64877,148.2463,0,[158.001,130.4957]]],[119,[74.78382,148.6798,0,[158.001,131.5518]]],[134,[74.49035,148.4012,0,[158.001,132.496]]],[162,[73.62828,146.2805,0,[158.001,134.4489]]],[75,[73.65894,146.2234,0,[157.001,128.5768]]],[148,[74.87634,148.7369,0,[158.001,133.3231]]],[37,[70.81693,140.1817,0,[157.001,125.9027]]],[89,[75.15649,148.8906,0,[158.001,130.0488]]],[74,[74.45023,147.3802,0,[157.001,129.0397]]],[103,[75.30337,149.4619,0,[158.001,131.112]]],[49,[72.02472,142.1096,0,[157.001,126.6944]]],[133,[75.17147,149.5493,0,[158.001,132.3313]]],[161,[74.69225,147.5314,0,[158.001,134.3452]]],[61,[73.51782,145.4311,0,[157.001,127.5513]]],[73,[75.10433,148.6167,0,[157.001,129.3789]]],[88,[75.75428,150.1026,0,[158.001,130.4471]]],[147,[75.46264,149.9063,0,[158.001,133.2772]]],[118,[75.69372,149.9065,0,[158.001,131.9224]]],[50,[71.3469,140.9174,0,[157.001,126.5126]]],[60,[74.1691,146.5891,0,[157.001,128.1097]]],[132,[75.98241,150.8253,0,[158.001,132.8883]]],[58,[75.6937,149.0901,0,[157.001,129.7386]]],[102,[76.12809,150.665,0,[158.001,131.2508]]],[117,[76.43881,151.2916,0,[158.001,132.184]]],[160,[75.31346,148.7179,0,[158.001,134.331]]],[47,[74.02079,144.5469,0,[157.001,127.0626]]],[43,[75.55009,148.8317,0,[157.001,128.6914]]],[72,[76.55822,150.8811,0,[158.001,130.5733]]],[146,[75.95281,151.0321,0,[158.001,134.0439]]],[38,[71.76402,139.9026,0,[157.001,125.7323]]],[87,[76.87389,151.5777,0,[158.001,131.4836]]],[59,[74.88899,147.896,0,[157.001,128.3644]]],[131,[76.62168,152.0735,0,[158.001,133.2803]]],[42,[76.40414,150.0998,0,[157.001,129.7317]]],[48,[73.11524,143.229,0,[157.001,126.8413]]],[57,[77.24647,151.4636,0,[158.001,130.6333]]],[101,[77.08255,152.2176,0,[158.001,132.5362]]],[29,[76.16764,149.3438,0,[157.001,128.7392]]],[171,[75.97427,148.0236,0,[158.001,135.2122]]],[45,[74.66737,146.4654,0,[157.001,127.3761]]],[116,[77.30777,152.9429,0,[158.001,133.5949]]],[41,[77.18785,151.3516,0,[157.001,129.9793]]],[71,[77.4897,152.3452,0,[158.001,131.6521]]],[28,[76.85074,150.6184,0,[157.001,129.0504]]],[145,[77.79327,153.0021,0,[158.001,132.9787]]],[17,[75.95837,149.5251,0,[157.001,127.7242]]],[36,[72.51737,141.4948,0,[157.001,126.0983]]],[159,[76.51513,150.0282,0,[158.001,134.3482]]],[56,[78.01994,152.8273,0,[158.001,130.866]]],[86,[78.04146,153.0555,0,[158.001,131.9805]]],[16,[77.43527,151.6645,0,[157.001,128.9622]]],[46,[74.45481,145.4679,0,[157.001,126.3773]]],[170,[77.94803,150.2465,0,[158.001,134.1331]]],[8,[76.7886,149.3053,0,[157.001,127.9629]]],[178,[78.44504,151.5186,0,[158.001,132.9571]]],[70,[78.66267,153.8159,0,[158.001,130.697]]],[27,[77.78788,152.5343,0,[157.001,129.7911]]],[115,[78.61297,154.897,0,[158.001,131.8198]]],[35,[73.61652,143.1338,0,[157.001,126.3337]]],[30,[75.34115,148.0578,0,[157.001,127.6912]]],[0,[77.96333,151.474,0,[157.001,128.4923]]],[158,[77.17552,151.9084,0,[158.001,134.6578]]],[9,[78.33936,150.3406,0,[157.001,129.5385]]],[3,[78.53721,149.2966,0,[157.001,128.3479]]],[177,[78.67006,143.58,0,[158.001,134.0213]]],[169,[79.10107,152.1237,0,[158.001,132.8198]]],[11,[77.48909,147.1427,0,[157.001,127.8692]]],[44,[75.25945,147.4898,0,[157.001,126.6236]]],[25,[73.10021,141.4517,0,[157.001,125.7353]]],[10,[78.90356,149.2699,0,[157.001,129.3969]]],[13,[79.23004,144.958,0,[157.001,128.4526]]],[180,[78.44751,148.4733,0,[158.001,135.1474]]],[100,[79.21915,154.1175,0,[158.001,131.6195]]],[179,[79.49089,150.3,0,[158.001,133.7833]]],[18,[76.52694,148.3307,0,[157.001,127.0152]]],[2,[79.8157,151.8442,0,[157.001,128.9293]]],[33,[74.91174,145.181,0,[157.001,125.7415]]],[23,[78.59052,145.7561,0,[157.001,127.1939]]],[55,[79.32059,154.4449,0,[158.001,130.4943]]],[181,[79.81799,152.5289,0,[158.001,132.5686]]],[163,[79.18481,148.3769,0,[158.001,134.9305]]],[7,[79.48094,152.6397,0,[157.001,129.9702]]],[21,[79.21458,147.7038,0,[157.001,127.3257]]],[130,[79.89173,155.2534,0,[158.001,131.3078]]],[34,[74.04875,143.5223,0,[157.001,125.6272]]],[6,[80.67451,146.7864,0,[157.001,128.4652]]],[168,[73.93826,140.2968,0,[158.001,135.3937]]],[173,[77.70249,146.3385,0,[158.001,135.2478]]],[40,[80.30089,153.4682,0,[157.001,129.7465]]],[157,[69.53801,138.898,0,[158.001,135.1498]]],[31,[75.93059,147.3884,0,[157.001,126.6332]]],[85,[80.5005,155.3269,0,[158.001,130.9113]]],[26,[77.07297,142.3989,0,[157.001,125.8842]]],[5,[79.92072,147.9207,0,[157.001,127.7197]]],[174,[74.55356,144.4807,0,[158.001,135.397]]],[184,[80.35514,146.3073,0,[158.001,133.4202]]],[12,[80.74433,148.5328,0,[157.001,127.0094]]],[24,[75.62543,142.6387,0,[157.001,125.7283]]],[176,[80.08694,145.7088,0,[158.001,134.6825]]],[4,[77.98276,147.7826,0,[157.001,127.2308]]],[32,[77.83284,147.5039,0,[157.001,126.1302]]],[165,[72.19061,143.2465,0,[158.001,135.0924]]],[183,[81.22656,149.3318,0,[158.001,131.1358]]],[175,[76.66233,143.9235,0,[158.001,135.441]]],[15,[79.34663,146.0101,0,[157.001,126.1679]]],[19,[79.9977,148.5518,0,[157.001,126.4673]]],[22,[76.42876,145.3829,0,[157.001,125.9217]]],[182,[80.68546,150.7559,0,[158.001,132.2854]]],[172,[75.30086,146.7018,0,[158.001,135.4309]]],[1,[81.03951,154.5132,0,[157.001,129.741]]],[14,[78.51788,145.026,0,[157.001,126.0833]]],[20,[77.20141,146.9353,0,[157.001,126.9524]]]
3:[99,[97.77345,195.4519,0,[216.001,129.7612]]],[114,[97.81834,195.4566,0,[216.001,130.9448]]],[129,[97.77016,195.485,0,[216.001,132.2137]]],[84,[97.77527,195.4931,0,[216.001,128.4727]]],[144,[98.33105,196.576,0,[217.001,133.5401]]],[69,[97.36878,194.6118,0,[215.001,127.2335]]],[113,[98.37605,196.5722,0,[216.001,131.5115]]],[98,[98.47314,196.6503,0,[216.001,130.3483]]],[83,[98.39252,196.6153,0,[216.001,129.2463]]],[128,[98.40636,196.7139,0,[216.001,132.7191]]],[68,[98.45706,196.7026,0,[216.001,128.0607]]],[143,[99.01067,197.845,0,[217.001,134.0271]]],[127,[99.00898,197.8106,0,[216.001,132.0632]]],[112,[99.06572,197.6365,0,[216.001,130.962]]],[97,[99.06882,197.8327,0,[216.001,129.8503]]],[82,[98.99294,197.754,0,[216.001,128.7656]]],[142,[99.49337,198.7733,0,[217.001,133.2678]]],[54,[98.12901,195.6161,0,[215.001,127.0018]]],[111,[99.61475,198.6699,0,[216.001,130.2046]]],[126,[99.59744,198.9209,0,[216.001,131.3317]]],[141,[99.51311,198.7764,0,[216.001,132.5298]]],[67,[98.71482,196.9306,0,[215.001,127.7767]]],[96,[99.76012,198.9156,0,[216.001,129.1115]]],[156,[99.89406,198.948,0,[217.001,134.2106]]],[81,[99.77041,198.7803,0,[216.001,128.0142]]],[155,[100.3344,199.99,0,[217.001,133.4691]]],[140,[100.0863,199.8107,0,[216.001,132.1833]]],[110,[100.2567,199.7452,0,[216.001,130.002]]],[125,[100.2499,200.0455,0,[216.001,131.0986]]],[53,[98.89114,195.967,0,[215.001,126.7291]]],[95,[100.4779,200.1385,0,[216.001,128.9764]]],[66,[99.56696,197.9702,0,[215.001,126.9863]]],[154,[100.989,200.9336,0,[217.001,133.1333]]],[139,[100.6664,200.905,0,[216.001,132.0201]]],[80,[99.83421,198.9151,0,[215.001,127.9506]]],[109,[100.8808,200.7812,0,[216.001,129.8591]]],[167,[100.8192,200.3628,0,[217.001,134.2677]]],[124,[100.9205,201.1271,0,[216.001,130.962]]],[79,[100.9932,201.1204,0,[216.001,128.4049]]],[138,[101.2583,201.9541,0,[216.001,132.191]]],[153,[101.5872,202.1156,0,[217.001,133.2468]]],[94,[101.3479,201.2574,0,[216.001,129.225]]],[108,[101.5112,201.9052,0,[216.001,130.2742]]],[166,[101.5143,201.0459,0,[217.001,134.349]]],[52,[100.0992,197.9182,0,[215.001,126.7075]]],[65,[100.5374,199.312,0,[215.001,127.3406]]],[123,[101.6045,202.269,0,[216.001,131.3435]]],[137,[101.7948,203.0663,0,[216.001,132.7469]]],[93,[101.9235,202.3946,0,[216.001,129.4943]]],[78,[101.7083,202.0232,0,[216.001,128.3326]]],[152,[102.1589,203.1606,0,[217.001,133.9523]]],[107,[102.1145,202.972,0,[216.001,130.548]]],[122,[102.149,203.372,0,[216.001,131.6694]]],[64,[101.0932,200.2459,0,[215.001,127.2812]]],[77,[102.3122,203.2031,0,[216.001,128.7202]]],[136,[102.4028,204.1959,0,[216.001,132.7698]]],[92,[102.5963,203.5283,0,[216.001,129.6834]]],[151,[102.7259,204.3747,0,[217.001,133.9366]]],[63,[101.7807,201.3539,0,[215.001,127.6095]]],[106,[102.731,204.1524,0,[216.001,130.7564]]],[121,[102.7849,204.5526,0,[216.001,131.8508]]],[76,[102.8195,204.3662,0,[216.001,128.0191]]],[91,[103.0836,204.6565,0,[216.001,128.9548]]],[150,[103.477,205.4255,0,[217.001,133.1063]]],[39,[101.5928,198.1322,0,[215.001,126.585]]],[105,[103.2718,205.1933,0,[216.001,129.9753]]],[120,[103.4221,205.6237,0,[216.001,131.021]]],[135,[103.3674,205.3366,0,[216.001,132.1122]]],[164,[103.3432,203.2995,0,[217.001,134.1904]]],[51,[102.2989,198.9305,0,[215.001,126.9331]]],[149,[104.0764,206.618,0,[217.001,133.1378]]],[62,[102.8815,202.9187,0,[215.001,127.9448]]],[90,[103.6863,205.7385,0,[216.001,128.9685]]],[104,[103.9167,206.2749,0,[216.001,129.9316]]],[119,[104.0083,206.7038,0,[216.001,131.0126]]],[134,[103.9521,206.4359,0,[216.001,132.1133]]],[162,[104.0666,205.4259,0,[217.001,134.2456]]],[75,[104.0388,205.3224,0,[216.001,128.0494]]],[148,[104.6536,207.8047,0,[217.001,133.2891]]],[37,[102.8881,200.0716,0,[215.001,126.8309]]],[89,[104.4977,207.0049,0,[216.001,130.2567]]],[74,[104.4365,206.5478,0,[216.001,129.1482]]],[103,[104.604,207.5409,0,[216.001,131.3748]]],[49,[103.5154,200.8322,0,[215.001,126.9386]]],[133,[104.5577,207.5879,0,[216.001,132.4805]]],[161,[104.8404,206.7131,0,[217.001,134.3885]]],[61,[104.7113,205.051,0,[216.001,128.0899]]],[73,[105.0141,207.8218,0,[216.001,129.7445]]],[88,[105.1051,208.2065,0,[216.001,130.8321]]],[147,[105.2735,208.9566,0,[217.001,133.5297]]],[118,[105.1285,207.9352,0,[216.001,131.9395]]],[50,[104.0948,200.4424,0,[215.001,127.0504]]],[60,[105.205,206.0784,0,[216.001,128.7241]]],[132,[105.7796,209.8634,0,[217.001,133.0551]]],[58,[105.585,208.2816,0,[216.001,130.1761]]],[102,[105.6347,208.712,0,[216.001,131.3493]]],[117,[105.7634,209.3502,0,[216.001,132.4539]]],[160,[105.6789,207.8291,0,[217.001,134.3882]]],[47,[104.8422,203.2335,0,[215.001,127.6855]]],[43,[105.7648,208.1385,0,[216.001,129.1171]]],[72,[106.0852,208.9351,0,[216.001,130.6479]]],[146,[106.235,210.1116,0,[217.001,133.8079]]],[38,[104.6681,200.1081,0,[215.001,126.6546]]],[87,[106.2467,209.6391,0,[216.001,131.7088]]],[59,[105.9584,207.0644,0,[216.001,128.0676]]],[131,[106.2572,210.1398,0,[216.001,132.9937]]],[42,[106.2977,209.1523,0,[216.001,129.6301]]],[48,[105.3633,202.4546,0,[215.001,126.9479]]],[57,[106.6721,209.4998,0,[216.001,130.4866]]],[101,[106.7539,210.2863,0,[216.001,132.2553]]],[29,[106.6644,208.4422,0,[216.001,128.8325]]],[171,[106.8085,207.4404,0,[217.001,134.2817]]],[45,[105.9912,204.8991,0,[215.001,127.7932]]],[116,[107.3322,212.0298,0,[217.001,133.3448]]],[41,[107.2413,210.4589,0,[216.001,130.2276]]],[71,[107.0659,210.3887,0,[216.001,131.3081]]],[28,[107.2064,209.7388,0,[216.001,129.1378]]],[145,[107.3241,211.0426,0,[216.001,132.6444]]],[17,[106.6119,207.7481,0,[215.001,127.996]]],[36,[106.0244,201.2705,0,[215.001,126.6999]]],[159,[107.6372,209.2477,0,[217.001,134.3109]]],[56,[107.7764,210.9331,0,[216.001,130.5107]]],[86,[107.7295,211.1239,0,[216.001,131.6788]]],[16,[107.8173,210.9101,0,[216.001,129.1893]]],[46,[106.6551,204.4061,0,[215.001,126.8856]]],[170,[108.1619,209.309,0,[217.001,133.8379]]],[8,[107.7119,208.4856,0,[216.001,128.1093]]],[178,[107.9679,209.5639,0,[216.001,132.8444]]],[70,[108.3837,211.8773,0,[216.001,130.958]]],[27,[108.3078,211.7589,0,[216.001,129.8552]]],[115,[108.4277,212.9456,0,[216.001,132.0603]]],[35,[107.3391,202.8643,0,[215.001,126.9823]]],[30,[107.7594,206.7993,0,[215.001,127.9066]]],[0,[108.6298,210.7664,0,[216.001,128.8663]]],[158,[108.8008,211.3711,0,[217.001,134.1797]]],[9,[108.9872,209.5937,0,[216.001,131.015]]],[3,[108.9418,208.6143,0,[216.001,129.8967]]],[177,[109.2498,202.8132,0,[217.001,133.2366]]],[169,[109.0683,210.286,0,[216.001,132.14]]],[11,[109.2346,206.7989,0,[216.001,128.7205]]],[44,[108.4354,206.987,0,[215.001,127.7857]]],[25,[108.1575,202.1749,0,[215.001,126.8286]]],[10,[109.536,208.5839,0,[216.001,130.744]]],[13,[109.5575,204.3242,0,[216.001,129.6185]]],[180,[109.7425,207.8887,0,[217.001,134.1495]]],[100,[109.6562,212.1768,0,[216.001,131.8244]]],[179,[110.0677,209.6049,0,[217.001,133.0333]]],[18,[109.7577,208.4832,0,[216.001,128.1071]]],[2,[110.098,211.1502,0,[216.001,130.262]]],[33,[108.969,205.558,0,[215.001,127.0316]]],[23,[110.1416,205.4014,0,[216.001,129.0588]]],[55,[110.271,212.5812,0,[216.001,131.3541]]],[181,[110.2542,210.6196,0,[216.001,132.5661]]],[163,[110.5455,208.2193,0,[217.001,133.9469]]],[7,[110.7158,211.761,0,[216.001,129.9145]]],[21,[109.892,206.1952,0,[215.001,127.9356]]],[130,[110.8672,213.4741,0,[216.001,130.9908]]],[34,[109.6472,204.8993,0,[215.001,126.9382]]],[6,[110.8518,205.9515,0,[216.001,128.8204]]],[168,[111.2866,202.6967,0,[217.001,133.16]]],[173,[110.9673,206.956,0,[216.001,132.0802]]],[40,[111.3125,212.515,0,[216.001,130.1954]]],[157,[111.451,199.9245,0,[217.001,134.2424]]],[31,[110.666,207.318,0,[215.001,127.8496]]],[85,[111.5882,213.3619,0,[216.001,131.196]]],[26,[110.4107,203.4564,0,[215.001,126.8967]]],[5,[111.5076,207.2704,0,[216.001,129.107]]],[174,[111.9673,207.2815,0,[217.001,133.3896]]],[184,[111.652,204.8272,0,[216.001,132.3125]]],[12,[111.9768,208.248,0,[216.001,130.3257]]],[24,[111.9737,206.3562,0,[216.001,128.1037]]],[176,[112.2681,204.9288,0,[216.001,131.9445]]],[4,[112.2374,208.3537,0,[216.001,129.2309]]],[32,[111.3022,208.0831,0,[215.001,127.0025]]],[165,[112.5625,205.2169,0,[217.001,133.6591]]],[183,[112.568,207.4856,0,[216.001,130.8576]]],[175,[113.1987,207.4519,0,[217.001,133.0569]]],[15,[112.8565,207.1307,0,[216.001,128.4089]]],[19,[112.8888,209.0726,0,[216.001,129.6662]]],[22,[111.978,206.5484,0,[215.001,127.3379]]],[182,[113.0197,209.0813,0,[216.001,131.7777]]],[172,[113.4405,209.8201,0,[216.001,132.9297]]],[1,[113.4265,213.9518,0,[216.001,130.6591]]],[14,[112.813,206.1359,0,[215.001,127.4492]]],[20,[113.6975,209.5134,0,[216.001,129.0854]]]

Travel Distances:
[99,217.8902],[114,217.8088],[129,217.9407],[84,219.9267],[144,219.8993],[69,219.8356],[113,219.697],[98,219.6848],[83,219.8071],[128,219.8851],[68,219.7664],[143,221.7563],[127,221.7706],[112,221.4784],[97,221.6499],[82,221.7073],[142,221.6837],[54,221.1742],[111,221.2735],[126,221.56],[141,221.6672],[67,221.469],[96,221.3805],[156,223.0798],[81,223.105],[155,223.2296],[140,223.5661],[110,223.1283],[125,223.3986],[53,221.9516],[95,223.1693],[66,222.8058],[154,222.8436],[139,223.4198],[80,222.9606],[109,222.9663],[167,222.6309],[124,225.133],[79,225.0569],[138,225.3321],[153,224.7715],[94,224.5238],[108,224.867],[166,223.9183],[52,223.5296],[65,223.9557],[123,224.8785],[137,227.3684],[93,226.5049],[78,226.5355],[152,226.764],[107,226.5894],[122,226.808],[64,225.7426],[77,226.4499],[136,227.3284],[92,226.1516],[151,226.7851],[63,225.7496],[106,226.4621],[121,226.8967],[76,228.6233],[91,228.4316],[150,228.3267],[39,224.5381],[105,228.4777],[120,228.6737],[135,228.4645],[164,226.4097],[51,224.0992],[149,228.3705],[62,226.9265],[90,228.1946],[104,230.331],[119,230.5263],[134,230.3604],[162,229.1296],[75,228.9724],[148,230.412],[37,226.027],[89,229.8504],[74,229.4865],[103,230.26],[49,225.6451],[133,230.3186],[161,230.9419],[61,229.4924],[73,231.6122],[88,231.8861],[147,232.3226],[118,231.5206],[50,226.0402],[60,229.5368],[132,232.1626],[58,230.9707],[102,231.3187],[117,231.7655],[160,230.3449],[47,227.3138],[43,232.4194],[72,232.6329],[146,233.4711],[38,226.4914],[87,233.0342],[59,230.908],[131,233.5209],[42,232.2961],[48,227.4606],[57,232.0173],[101,232.5716],[29,232.9483],[171,231.4543],[45,230.6525],[116,235.198],[41,233.9195],[71,233.7946],[28,233.1503],[145,234.2157],[17,232.3461],[36,227.024],[159,231.8982],[56,233.2304],[86,233.4143],[16,235.0812],[46,230.791],[170,232.8381],[8,232.8827],[178,233.4032],[70,235.0127],[27,234.9557],[115,235.9406],[35,227.8785],[30,231.0179],[0,233.4286],[158,233.5067],[9,233.5328],[3,232.5461],[177,226.1679],[169,234.0232],[11,230.2507],[44,231.8107],[25,227.7045],[10,231.3615],[13,226.9733],[180,230.2521],[100,234.6687],[179,231.3664],[18,232.9057],[2,234.7524],[33,231.3996],[23,228.9549],[55,235.8868],[181,234.0457],[163,230.8769],[7,234.2944],[21,230.0955],[130,235.6028],[34,231.3488],[6,229.9993],[168,226.0222],[173,230.8429],[40,235.7481],[157,222.9697],[31,231.6273],[85,236.0329],[26,228.3881],[5,229.9799],[174,229.276],[184,227.371],[12,232.0613],[24,230.1338],[176,228.2529],[4,231.639],[32,233.355],[165,227.8261],[183,230.0648],[175,228.8706],[15,231.2222],[19,232.9119],[22,232.2512],[182,232.8608],[172,232.6728],[1,236.7306],[14,230.0806],[20,231.9429]

Finish Times:
[99,110.8022],[114,110.8022],[129,110.8022],[84,111.0022],[144,111.0822],[69,111.4422],[113,111.4422],[98,111.4822],[83,111.5222],[128,111.5622],[68,111.8422],[143,112.0022],[127,112.0422],[112,112.0822],[97,112.1222],[82,112.2422],[142,112.2822],[54,112.4822],[111,112.6822],[126,112.6822],[141,112.6822],[67,112.7222],[96,112.8422],[156,113.0022],[81,113.1222],[155,113.1622],[140,113.2022],[110,113.3222],[125,113.3222],[53,113.5222],[95,113.6022],[66,113.7222],[154,113.7622],[139,113.8022],[80,113.8422],[109,113.9222],[167,113.9222],[124,113.9622],[79,114.2822],[138,114.3622],[153,114.3622],[94,114.4822],[108,114.5222],[166,114.6022],[52,114.6422],[65,114.6822],[123,114.7222],[137,114.9622],[93,115.0023],[78,115.0423],[152,115.0423],[107,115.2023],[122,115.3223],[64,115.4823],[77,115.5623],[136,115.6023],[92,115.7223],[151,115.7623],[63,115.8023],[106,115.8423],[121,115.9223],[76,116.2023],[91,116.2423],[150,116.3223],[39,116.4023],[105,116.4023],[120,116.4823],[135,116.4823],[164,116.5623],[51,116.6023],[149,116.8023],[62,116.9223],[90,116.9223],[104,117.0023],[119,117.0823],[134,117.0823],[162,117.1223],[75,117.4423],[148,117.4823],[37,117.5623],[89,117.5623],[74,117.6423],[103,117.6423],[49,117.6823],[133,117.7623],[161,118.0823],[61,118.1623],[73,118.1623],[88,118.1623],[147,118.1623],[118,118.2423],[50,118.4423],[60,118.4823],[132,118.5623],[58,118.6823],[102,118.6823],[117,118.8823],[160,118.8823],[47,118.9223],[43,118.9623],[72,119.1623],[146,119.1623],[38,119.3223],[87,119.3223],[59,119.4024],[131,119.4824],[42,119.5224],[48,119.6824],[57,119.7224],[101,119.9224],[29,119.9624],[171,120.0024],[45,120.1624],[116,120.1624],[41,120.2824],[71,120.2824],[28,120.4424],[145,120.5224],[17,120.6024],[36,120.6424],[159,120.7624],[56,120.8424],[86,120.8824],[16,121.0024],[46,121.0424],[170,121.0824],[8,121.1224],[178,121.2024],[70,121.4024],[27,121.4424],[115,121.5624],[35,121.7624],[30,121.8024],[0,121.8424],[158,121.9224],[9,122.0024],[3,122.0424],[177,122.0424],[169,122.2024],[11,122.4424],[44,122.4824],[25,122.5624],[10,122.6024],[13,122.7224],[180,122.7624],[100,122.8024],[179,122.8024],[18,123.0824],[2,123.2024],[33,123.2824],[23,123.3224],[55,123.3624],[181,123.4024],[163,123.5624],[7,123.7625],[21,123.8825],[130,123.9225],[34,123.9625],[6,124.0825],[168,124.0825],[173,124.1225],[40,124.4025],[157,124.5625],[31,124.6425],[85,124.6825],[26,124.7225],[5,124.7625],[174,124.8025],[184,124.8425],[12,125.0825],[24,125.3625],[176,125.3625],[4,125.4425],[32,125.4825],[165,125.4825],[183,125.6825],[175,125.9225],[15,126.1225],[19,126.1225],[22,126.1225],[182,126.1225],[172,126.6425],[1,126.7225],[14,126.8425],[20,126.8825]

Stuck Times:
[99,0],[114,0],[129,0],[84,0],[144,0],[69,0],[113,0],[98,0],[83,0],[128,0],[68,0],[143,0],[127,0],[112,0],[97,0],[82,0],[142,0],[54,0],[111,0],[126,0],[141,0],[67,0],[96,0],[156,0],[81,0],[155,0],[140,0],[110,0],[125,0],[53,0],[95,0],[66,0],[154,0],[139,0],[80,0],[109,0],[167,0],[124,0],[79,0],[138,0],[153,0],[94,0],[108,0],[166,0],[52,0],[65,0],[123,0],[137,0],[93,0],[78,0],[152,0],[107,0],[122,0],[64,0],[77,0],[136,0],[92,0],[151,0],[63,0],[106,0],[121,0],[76,0],[91,0],[150,0],[39,2],[105,0],[120,0],[135,0],[164,0],[51,2],[149,0],[62,0],[90,0],[104,0],[119,0],[134,0],[162,0],[75,0],[148,0],[37,1],[89,0],[74,0],[103,0],[49,1],[133,0],[161,0],[61,0],[73,0],[88,0],[147,0],[118,0],[50,2],[60,1],[132,0],[58,0],[102,0],[117,0],[160,0],[47,0],[43,0],[72,0],[146,0],[38,4],[87,0],[59,1],[131,0],[42,0],[48,3],[57,0],[101,0],[29,0],[171,0],[45,3],[116,0],[41,0],[71,0],[28,0],[145,0],[17,1],[36,6],[159,1],[56,0],[86,0],[16,0],[46,2],[170,0],[8,2],[178,0],[70,0],[27,0],[115,0],[35,6],[30,3],[0,0],[158,0],[9,2],[3,2],[177,7],[169,1],[11,3],[44,3],[25,9],[10,2],[13,7],[180,2],[100,1],[179,2],[18,2],[2,1],[33,5],[23,4],[55,1],[181,2],[163,6],[7,1],[21,3],[130,0],[34,8],[6,7],[168,10],[173,7],[40,1],[157,13],[31,6],[85,1],[26,5],[5,4],[174,7],[184,10],[12,6],[24,8],[176,11],[4,6],[32,5],[165,10],[183,6],[175,10],[15,5],[19,6],[22,7],[182,7],[172,7],[1,2],[14,9],[20,9]

