Experiment Name: Custom-MultiplePaths6
Method Used: FlowField
Run Number: 7
Preparation Time: 0.0003ms
Pathfinding Time: 89.0414ms
Finish Time: 174.7147ms
Finish Time 90%: 161.4369ms
Repaths: 0
Soft Repaths: 0

Gates Data:
3:[716,[21.18979,42.36531,0,[132.2034,168.001]]],[715,[21.18583,42.35127,0,[131.0313,168.001]]],[710,[21.6648,43.30111,0,[133.061,168.001]]],[714,[20.8372,41.44994,0,[129.9249,167.001]]],[709,[21.84868,43.63037,0,[131.9055,168.001]]],[708,[21.24006,42.32099,0,[130.8147,167.001]]],[697,[22.32618,44.40199,0,[132.7178,168.001]]],[695,[21.81563,43.39619,0,[130.969,167.001]]],[707,[21.55126,42.47882,0,[129.8852,167.001]]],[696,[22.67468,44.7871,0,[131.8426,168.001]]],[694,[22.25931,43.69316,0,[129.9949,167.001]]],[678,[22.5536,44.45991,0,[130.9526,167.001]]],[698,[23.13669,44.59396,0,[132.8305,168.001]]],[680,[23.39179,45.64308,0,[131.8401,168.001]]],[677,[23.1877,45.1482,0,[130.753,167.001]]],[681,[23.85103,45.64247,0,[132.881,168.001]]],[693,[22.83834,43.84989,0,[129.882,167.001]]],[679,[24.02434,46.03304,0,[131.8248,168.001]]],[660,[24.59301,46.65529,0,[131.8945,168.001]]],[658,[23.82112,45.56173,0,[130.8811,167.001]]],[711,[24.68314,43.48994,0,[132.9904,168.001]]],[706,[23.64151,42.79052,0,[129.8376,167.001]]],[659,[24.39649,46.15895,0,[130.9222,167.001]]],[682,[25.14254,46.35454,0,[132.0649,168.001]]],[638,[25.44394,47.86736,0,[131.0616,168.001]]],[683,[25.51745,46.3997,0,[132.9277,168.001]]],[676,[24.21744,44.88905,0,[129.8718,167.001]]],[692,[24.81717,44.53532,0,[129.9719,167.001]]],[661,[25.83605,46.7317,0,[132.0026,168.001]]],[636,[25.50403,46.81689,0,[130.9391,167.001]]],[662,[26.23938,46.9393,0,[133.1017,168.001]]],[639,[26.3907,48.01391,0,[132.0282,168.001]]],[656,[26.04907,46.39736,0,[130.9544,167.001]]],[657,[25.38246,46.25965,0,[129.8636,167.001]]],[675,[25.94301,45.57603,0,[129.8699,167.001]]],[612,[26.94431,48.84012,0,[131.9095,168.001]]],[640,[27.03515,48.31792,0,[133.0001,168.001]]],[635,[26.5942,47.18417,0,[130.8471,167.001]]],[637,[27.4956,48.30563,0,[132.0746,168.001]]],[613,[27.63396,49.47675,0,[131.0043,168.001]]],[663,[27.79245,47.37304,0,[133.0337,168.001]]],[641,[28.09079,48.75274,0,[132.0916,168.001]]],[634,[26.56213,46.8399,0,[129.7581,167.001]]],[614,[28.186,49.17729,0,[131.0008,168.001]]],[611,[27.14232,48.12143,0,[129.9013,167.001]]],[587,[27.70067,48.7446,0,[129.8987,167.001]]],[615,[28.65363,49.09063,0,[131.9096,168.001]]],[642,[28.61973,48.87931,0,[133.0102,168.001]]],[588,[28.2276,49.36903,0,[130.8156,167.001]]],[589,[29.22905,50.15921,0,[131.4518,168.001]]],[616,[29.29027,49.34329,0,[132.66,168.001]]],[655,[28.2797,47.17317,0,[129.7224,167.001]]],[610,[28.78265,48.3675,0,[130.2469,167.001]]],[590,[29.8395,50.15934,0,[131.9423,168.001]]],[585,[29.30951,49.65671,0,[130.8519,167.001]]],[617,[30.15717,49.90857,0,[132.8368,168.001]]],[591,[30.56678,50.74765,0,[132.0573,168.001]]],[705,[29.29285,43.88505,0,[129.7403,167.001]]],[633,[29.80464,47.77307,0,[130.1487,167.001]]],[609,[30.16132,49.23032,0,[130.9774,167.001]]],[699,[30.62694,45.77507,0,[133.3881,168.001]]],[563,[31.10171,51.02821,0,[131.6952,168.001]]],[592,[31.09833,50.93504,0,[132.7936,168.001]]],[564,[31.65734,51.02893,0,[131.8065,168.001]]],[608,[30.70301,49.34944,0,[130.6194,167.001]]],[691,[30.32709,45.50303,0,[129.7931,167.001]]],[561,[31.27562,49.8972,0,[130.7263,167.001]]],[700,[31.6645,47.11368,0,[132.9292,168.001]]],[565,[32.19017,51.33634,0,[132.4566,168.001]]],[562,[32.25366,51.48311,0,[131.3537,168.001]]],[586,[31.60826,49.26032,0,[129.8285,167.001]]],[654,[31.01425,47.66278,0,[129.711,167.001]]],[534,[32.06175,50.7888,0,[130.4422,167.001]]],[664,[32.60846,48.73927,0,[133.195,168.001]]],[536,[32.82868,52.09339,0,[132.0659,168.001]]],[537,[33.34329,51.98957,0,[132.9876,168.001]]],[560,[33.03247,51.35015,0,[131.0427,168.001]]],[509,[33.63634,53.02385,0,[132.0037,168.001]]],[506,[33.09327,51.75154,0,[130.8969,167.001]]],[559,[32.54263,50.08979,0,[129.8875,167.001]]],[566,[34.13018,51.80499,0,[132.728,168.001]]],[535,[34.18028,52.70214,0,[131.4113,168.001]]],[584,[33.18537,49.98113,0,[129.8049,167.001]]],[558,[33.68128,51.07184,0,[130.2896,167.001]]],[538,[34.70855,52.68967,0,[132.1204,168.001]]],[533,[34.79261,52.64056,0,[131.0188,168.001]]],[567,[35.03633,51.92935,0,[133.1174,168.001]]],[632,[34.22886,48.45892,0,[129.9168,167.001]]],[508,[35.36744,53.47192,0,[132.0846,168.001]]],[583,[34.86974,51.2369,0,[130.9807,167.001]]],[510,[35.8768,53.09998,0,[132.5405,168.001]]],[532,[35.96476,52.91266,0,[131.2003,168.001]]],[704,[34.79633,45.10506,0,[129.8864,167.001]]],[607,[35.38282,49.95795,0,[130.0475,167.001]]],[480,[36.46697,54.17824,0,[131.9987,168.001]]],[712,[36.45343,46.15432,0,[133.1285,168.001]]],[530,[36.11752,52.39056,0,[130.9398,167.001]]],[593,[37.02009,52.0723,0,[133.071,168.001]]],[674,[35.96419,47.15193,0,[129.8897,167.001]]],[507,[37.0818,53.75992,0,[131.9656,168.001]]],[539,[37.64025,53.19663,0,[131.9878,168.001]]],[582,[36.68739,51.26875,0,[130.8773,167.001]]],[684,[37.60674,48.6985,0,[133.0996,168.001]]],[505,[37.24793,52.32665,0,[130.9023,167.001]]],[653,[36.57889,48.63875,0,[129.8031,167.001]]],[618,[38.20595,51.24394,0,[132.6909,168.001]]],[540,[38.22031,53.60319,0,[131.5753,168.001]]],[531,[37.30193,51.87353,0,[129.8116,167.001]]],[479,[37.87092,53.94787,0,[130.5086,167.001]]],[511,[38.82653,53.76638,0,[131.8513,168.001]]],[512,[38.80932,53.76566,0,[132.9588,168.001]]],[478,[38.43011,53.85768,0,[130.7587,167.001]]],[450,[39.36485,55.59264,0,[131.5726,168.001]]],[481,[39.51432,54.75131,0,[132.9345,168.001]]],[557,[38.24559,51.78059,0,[129.7054,167.001]]],[556,[38.91713,51.69503,0,[130.105,167.001]]],[451,[39.93109,55.43744,0,[132.1137,168.001]]],[474,[39.88388,55.17585,0,[131.0016,168.001]]],[568,[40.4119,53.37481,0,[133.0617,168.001]]],[504,[40.58052,53.67628,0,[132.0008,168.001]]],[502,[40.00386,53.65769,0,[130.9074,167.001]]],[690,[39.46674,46.54793,0,[129.9041,167.001]]],[673,[40.08845,47.91066,0,[129.8193,167.001]]],[503,[41.07171,54.03524,0,[131.4187,168.001]]],[482,[41.13811,54.99273,0,[132.7631,168.001]]],[475,[40.60647,53.609,0,[130.3066,167.001]]],[477,[41.61592,54.75645,0,[132,168.0003]]],[476,[41.27035,53.36491,0,[130.8955,167.001]]],[713,[42.02558,47.21602,0,[132.9153,168.001]]],[631,[41.10693,49.71718,0,[129.8349,167.001]]],[513,[42.20174,54.64954,0,[131.8506,168.001]]],[448,[42.76223,55.41996,0,[131.8733,168.001]]],[483,[42.76974,55.37416,0,[132.9761,168.001]]],[447,[41.96761,54.26263,0,[130.87,167.001]]],[418,[42.52831,55.21129,0,[130.8992,167.001]]],[703,[41.78801,46.81436,0,[129.8393,167.001]]],[453,[43.31441,56.05966,0,[132.0346,168.001]]],[449,[43.48886,55.81904,0,[133.0958,168.001]]],[419,[43.57604,56.41014,0,[131.0495,168.001]]],[501,[42.46996,54.46653,0,[129.8084,167.001]]],[445,[43.02467,55.04232,0,[129.9472,167.001]]],[420,[43.97195,56.80193,0,[131.9966,168.001]]],[424,[44.2035,56.79433,0,[133.0013,168.001]]],[446,[43.63629,55.04235,0,[130.9343,167.001]]],[390,[44.66454,57.4841,0,[131.2907,168.001]]],[422,[44.75348,56.628,0,[132.4689,168.001]]],[652,[43.58247,49.79127,0,[129.8377,167.001]]],[473,[44.19754,54.91296,0,[130.031,167.001]]],[421,[45.31466,56.98806,0,[131.838,168.001]]],[416,[44.7576,56.18475,0,[130.742,167.001]]],[484,[45.50391,55.75904,0,[132.877,168.001]]],[444,[45.87,57.11536,0,[131.3132,168.001]]],[454,[46.13703,56.60402,0,[132.2307,168.001]]],[606,[45.05406,51.60942,0,[129.826,167.001]]],[643,[46.13802,50.68684,0,[133.3171,168.001]]],[555,[45.65593,52.96935,0,[130.4285,167.001]]],[455,[46.69152,56.91193,0,[132.223,168.001]]],[391,[46.66429,58.14793,0,[131.1262,168.001]]],[619,[46.94759,52.48121,0,[133.2133,168.001]]],[417,[46.30964,56.25667,0,[130.0662,167.001]]],[452,[47.2555,56.69196,0,[132.0586,168.001]]],[672,[45.85883,48.87938,0,[129.4439,167.001]]],[388,[46.74116,56.94146,0,[130.9559,167.001]]],[425,[47.66706,57.68747,0,[132.9496,168.001]]],[423,[47.86823,57.61316,0,[131.911,168.001]]],[386,[47.28738,57.08458,0,[130.8283,167.001]]],[581,[47.44876,51.56064,0,[129.78,167.001]]],[630,[46.85075,50.95106,0,[129.8596,167.001]]],[541,[48.25447,54.58897,0,[132.9538,168.001]]],[394,[48.49456,58.12562,0,[131.9546,168.001]]],[387,[47.8548,56.99754,0,[130.8954,167.001]]],[644,[48.92952,52.04239,0,[133.0079,168.001]]],[389,[48.46954,57.02256,0,[130.9213,167.001]]],[395,[49.12,59.07603,0,[131.9769,168.001]]],[355,[48.57843,58.05524,0,[129.8452,167.001]]],[385,[48.02411,57.81728,0,[129.8502,167.001]]],[357,[49.05194,57.86908,0,[130.9085,167.001]]],[392,[49.68597,57.73737,0,[131.9783,168.001]]],[426,[49.673,58.16608,0,[133.0826,168.001]]],[359,[50.17014,58.80703,0,[131.1775,168.001]]],[393,[50.35534,58.55476,0,[132.3832,168.001]]],[554,[49.15619,53.16636,0,[129.8339,167.001]]],[472,[49.74524,55.20089,0,[130.0661,167.001]]],[514,[51.04636,55.77198,0,[131.9932,168.001]]],[360,[50.30673,58.43562,0,[130.9996,167.001]]],[665,[51.23294,50.24525,0,[133.0185,168.001]]],[358,[51.36139,58.95269,0,[131.0365,168.001]]],[396,[51.76847,59.56235,0,[131.9508,168.001]]],[353,[50.3019,58.67962,0,[129.893,167.001]]],[529,[50.88802,53.81434,0,[129.9291,167.001]]],[485,[51.81593,56.63093,0,[133.0629,168.001]]],[443,[51.41588,56.02517,0,[130.8733,167.001]]],[364,[52.3712,60.2428,0,[131.9949,168.001]]],[363,[51.97327,58.93333,0,[130.9117,167.001]]],[594,[52.42529,53.29971,0,[133.0956,168.001]]],[651,[51.59855,50.19012,0,[129.8299,167.001]]],[329,[52.95185,60.18594,0,[131.8474,168.001]]],[500,[52.1663,55.22377,0,[129.8758,167.001]]],[456,[53.05663,58.11639,0,[132.9279,168.001]]],[356,[52.57798,58.39822,0,[130.7799,167.001]]],[328,[53.59482,59.78911,0,[131.7617,168.001]]],[362,[53.68019,59.93266,0,[132.9188,168.001]]],[354,[53.1269,59.01027,0,[130.6422,167.001]]],[629,[52.78946,51.66926,0,[129.7516,167.001]]],[361,[54.18464,59.2584,0,[131.9948,168.001]]],[326,[53.66934,58.77312,0,[130.8885,167.001]]],[569,[54.47473,54.48172,0,[132.9429,168.001]]],[298,[54.72185,60.93145,0,[131.0174,168.001]]],[605,[53.58225,52.06585,0,[129.7982,167.001]]],[333,[54.89635,61.30328,0,[132.0768,168.001]]],[415,[54.31878,58.08562,0,[129.9196,167.001]]],[327,[54.79783,59.40733,0,[130.7859,167.001]]],[542,[55.44519,55.51285,0,[132.8964,168.001]]],[332,[55.56723,60.91397,0,[131.7658,168.001]]],[528,[55.1858,55.23301,0,[129.991,167.001]]],[324,[56.04451,60.34671,0,[131.0624,168.001]]],[334,[56.19948,61.09544,0,[132.4044,168.001]]],[300,[56.69499,60.90205,0,[131.331,168.001]]],[365,[56.86289,60.1354,0,[132.4639,168.001]]],[322,[55.84346,59.80974,0,[130.0051,167.001]]],[297,[56.40772,60.04177,0,[130.297,167.001]]],[269,[57.40097,61.72793,0,[131.443,168.001]]],[330,[57.49843,60.38375,0,[132.7659,168.001]]],[325,[57.2643,59.32987,0,[130.5936,167.001]]],[299,[57.98606,61.28296,0,[131.8901,168.001]]],[689,[56.91474,50.31969,0,[129.729,167.001]]],[296,[58.3656,61.01628,0,[131.1096,168.001]]],[570,[58.3034,55.61406,0,[132.8033,168.001]]],[650,[57.77042,51.41386,0,[129.899,167.001]]],[303,[59.03003,62.64561,0,[131.9463,168.001]]],[267,[58.40634,61.15761,0,[130.8861,167.001]]],[294,[58.95024,60.93253,0,[130.7493,167.001]]],[701,[58.94932,49.34717,0,[133.0459,168.001]]],[302,[59.5822,62.08629,0,[131.8114,168.001]]],[323,[58.50805,60.07367,0,[129.8082,167.001]]],[671,[59.14537,51.06614,0,[129.7171,167.001]]],[595,[59.55348,53.95568,0,[132.9185,168.001]]],[604,[59.49975,53.49946,0,[130.5768,167.001]]],[271,[60.13692,61.75896,0,[131.652,168.001]]],[515,[60.76872,57.28355,0,[131.8552,168.001]]],[335,[60.16695,61.49803,0,[132.7622,168.001]]],[471,[60.06808,57.06776,0,[130.8128,167.001]]],[628,[59.91351,52.74804,0,[129.7533,167.001]]],[301,[60.64629,61.46598,0,[130.9504,167.001]]],[620,[60.91009,53.15322,0,[132.9218,168.001]]],[304,[61.45159,62.53847,0,[131.9048,168.001]]],[499,[60.58963,56.88826,0,[129.86,167.001]]],[295,[61.24657,61.13918,0,[130.9531,167.001]]],[274,[62.12244,63.21653,0,[131.9008,168.001]]],[645,[61.63771,53.31042,0,[132.9596,168.001]]],[384,[61.85087,59.68152,0,[130.8854,167.001]]],[580,[61.3214,54.90112,0,[129.868,167.001]]],[305,[62.30277,63.06161,0,[132.9541,168.001]]],[275,[62.67848,63.13161,0,[131.884,168.001]]],[270,[62.46122,61.4299,0,[130.9286,167.001]]],[397,[62.96636,59.45603,0,[132.9367,168.001]]],[414,[62.42834,58.26722,0,[129.836,167.001]]],[688,[61.8721,51.12991,0,[129.7923,167.001]]],[276,[63.28162,63.67457,0,[132.0018,168.001]]],[366,[63.62899,61.10662,0,[133.0326,168.001]]],[268,[63.00496,61.5297,0,[130.9902,167.001]]],[331,[63.91809,61.19007,0,[131.8929,168.001]]],[272,[63.54157,61.82118,0,[130.8012,167.001]]],[603,[63.04725,54.73257,0,[129.8851,167.001]]],[245,[64.29478,64.03081,0,[132.7624,168.001]]],[470,[63.78021,57.38094,0,[129.7926,167.001]]],[239,[64.08727,62.53714,0,[130.7221,167.001]]],[242,[64.70421,62.94394,0,[131.8531,168.001]]],[685,[65.01694,51.98589,0,[132.8957,168.001]]],[240,[65.36523,63.21856,0,[131.9691,168.001]]],[442,[64.6207,57.83416,0,[130.9848,167.001]]],[649,[64.56505,52.71631,0,[129.8734,167.001]]],[217,[65.58288,65.27339,0,[132.9966,168.001]]],[273,[65.91103,63.76768,0,[131.6657,168.001]]],[292,[65.14094,61.50946,0,[130.7014,167.001]]],[189,[66.12277,66.27494,0,[132.728,168.001]]],[244,[66.45969,63.6583,0,[131.8026,168.001]]],[553,[65.31479,55.06852,0,[129.6688,167.001]]],[352,[65.69328,59.73911,0,[130.5615,167.001]]],[293,[66.2626,62.00646,0,[130.8691,167.001]]],[543,[66.7041,56.35221,0,[133.0374,168.001]]],[336,[67.04054,62.64936,0,[131.9265,168.001]]],[527,[66.14736,56.3731,0,[129.7909,167.001]]],[241,[67.37781,63.86827,0,[131.0199,168.001]]],[427,[67.37852,59.43871,0,[132.8695,168.001]]],[216,[67.75475,65.69279,0,[132.0145,168.001]]],[263,[66.79333,61.60327,0,[129.9369,167.001]]],[265,[67.46709,62.06453,0,[130.9931,167.001]]],[215,[68.33308,64.43836,0,[132.034,168.001]]],[246,[68.15074,64.86116,0,[133.12,168.001]]],[321,[67.44977,60.41405,0,[129.8956,167.001]]],[264,[68.0193,61.84982,0,[130.9022,167.001]]],[213,[68.88235,64.071,0,[131.7345,168.001]]],[306,[68.90078,63.3533,0,[132.9413,168.001]]],[579,[68.00504,55.20655,0,[129.8023,167.001]]],[383,[68.55927,59.45266,0,[130.1968,167.001]]],[243,[69.44828,63.98929,0,[132.4576,168.001]]],[266,[69.3801,62.93962,0,[131.1847,168.001]]],[238,[70.05554,63.466,0,[131.0899,168.001]]],[162,[69.99302,67.33343,0,[132.1983,168.001]]],[236,[69.10703,62.24042,0,[130.0052,167.001]]],[526,[69.67625,57.70307,0,[130,167.0009]]],[218,[70.74231,66.02956,0,[132.0128,168.001]]],[621,[70.49931,54.36418,0,[133.0008,168.001]]],[211,[70.15102,63.54254,0,[130.9249,167.001]]],[237,[70.72095,62.70356,0,[130.8937,167.001]]],[190,[71.31802,67.86859,0,[131.9949,168.001]]],[596,[71.23323,55.27623,0,[133.0848,168.001]]],[234,[70.25685,63.18847,0,[129.8472,167.001]]],[578,[70.81995,55.99206,0,[129.7988,167.001]]],[188,[71.84093,67.09621,0,[131.6758,168.001]]],[498,[71.23933,57.69066,0,[130.5465,167.001]]],[247,[71.8428,65.75149,0,[132.8815,168.001]]],[163,[72.36053,67.8452,0,[132.3595,168.001]]],[235,[71.76756,63.22123,0,[130.9744,167.001]]],[469,[71.65335,58.96651,0,[129.8271,167.001]]],[209,[72.31751,63.38887,0,[130.9713,167.001]]],[367,[72.89339,62.88855,0,[132.0701,168.001]]],[320,[72.2986,61.15146,0,[129.872,167.001]]],[214,[73.44209,65.08263,0,[131.9305,168.001]]],[666,[73.18563,53.40844,0,[133.0448,168.001]]],[207,[72.86781,63.77661,0,[130.8489,167.001]]],[277,[73.75205,64.89933,0,[132.9244,168.001]]],[210,[74.00972,64.61304,0,[131.9191,168.001]]],[291,[73.46577,62.0094,0,[130.8343,167.001]]],[413,[72.8994,59.70764,0,[129.7626,167.001]]],[552,[73.54345,57.05993,0,[129.7566,167.001]]],[208,[74.02008,63.81276,0,[130.9403,167.001]]],[212,[74.66611,65.28609,0,[131.9917,168.001]]],[187,[74.32059,66.3761,0,[132.9098,168.001]]],[290,[74.12116,61.63146,0,[129.861,167.001]]],[337,[74.94888,63.27945,0,[132.9652,168.001]]],[181,[75.25841,65.38932,0,[131.9988,168.001]]],[205,[74.58401,64.14793,0,[130.9461,167.001]]],[206,[75.1586,64.62966,0,[130.864,167.001]]],[160,[75.80434,67.68032,0,[131.9428,168.001]]],[248,[75.60461,66.4945,0,[133.1059,168.001]]],[440,[74.70821,59.61951,0,[129.8727,167.001]]],[262,[75.34075,63.30824,0,[129.8017,167.001]]],[177,[75.72213,65.1225,0,[130.6043,167.001]]],[182,[76.34293,65.89596,0,[131.6931,168.001]]],[338,[76.25829,64.11617,0,[132.8982,168.001]]],[164,[76.91161,68.7839,0,[131.9682,168.001]]],[179,[76.33428,64.79514,0,[130.8694,167.001]]],[398,[76.97545,61.08435,0,[133.0698,168.001]]],[351,[76.19189,61.35257,0,[129.8081,167.001]]],[261,[76.90702,63.35079,0,[130.8797,167.001]]],[184,[77.50568,67.08829,0,[131.9551,168.001]]],[278,[77.63931,65.42892,0,[133.022,168.001]]],[497,[76.92425,58.45413,0,[129.792,167.001]]],[178,[77.53407,65.80944,0,[130.8964,167.001]]],[161,[78.197,68.76382,0,[131.9376,168.001]]],[319,[77.50198,62.31323,0,[129.8075,167.001]]],[399,[78.24229,61.51572,0,[133.0331,168.001]]],[233,[78.09206,64.71967,0,[130.7664,167.001]]],[183,[78.76182,65.91152,0,[131.7959,168.001]]],[191,[78.82221,68.13645,0,[132.8941,168.001]]],[180,[78.82865,65.25168,0,[130.9748,167.001]]],[110,[79.32499,71.13113,0,[132.0746,168.001]]],[441,[78.21894,59.25396,0,[129.7159,167.001]]],[289,[78.77406,63.79871,0,[129.8895,167.001]]],[368,[79.41391,63.04677,0,[133.1784,168.001]]],[152,[79.3849,65.78312,0,[130.8923,167.001]]],[154,[79.87314,66.84505,0,[131.9945,168.001]]],[382,[79.3658,61.03994,0,[129.7882,167.001]]],[136,[80.0595,70.02094,0,[133.0356,168.001]]],[307,[80.6824,65.07546,0,[132.81,168.001]]],[153,[80.43952,67.2951,0,[131.624,168.001]]],[151,[80.45592,66.83256,0,[130.9206,167.001]]],[150,[79.88651,66.47086,0,[130.3691,167.001]]],[185,[81.07121,66.9126,0,[132.0132,168.001]]],[128,[81.56511,67.68976,0,[131.1303,168.001]]],[350,[80.37199,61.8929,0,[129.8237,167.001]]],[260,[81.02865,63.87781,0,[129.9992,167.001]]],[135,[81.656,69.64509,0,[132.3586,168.001]]],[155,[82.20078,67.63108,0,[131.0574,168.001]]],[126,[81.60955,67.04432,0,[129.9739,167.001]]],[220,[82.43032,68.03514,0,[132.0585,168.001]]],[457,[82.26024,59.63602,0,[133.1078,168.001]]],[127,[82.24012,67.62971,0,[130.8147,167.001]]],[134,[82.98112,69.41814,0,[131.8275,168.001]]],[219,[82.9997,69.06251,0,[132.937,168.001]]],[231,[82.15009,64.98882,0,[129.7372,167.001]]],[158,[83.54675,67.53134,0,[131.9477,168.001]]],[156,[82.87119,66.40623,0,[130.9117,167.001]]],[428,[83.72874,60.89145,0,[132.9885,168.001]]],[204,[83.42429,65.95524,0,[130.9216,167.001]]],[157,[84.13454,67.80524,0,[131.9981,168.001]]],[203,[82.77607,65.21361,0,[129.8342,167.001]]],[129,[84.54511,68.49866,0,[131.2617,168.001]]],[111,[84.29534,71.05276,0,[133.1934,168.001]]],[439,[83.4526,60.29771,0,[129.815,167.001]]],[232,[83.9757,65.01309,0,[130.1538,167.001]]],[62,[84.74843,74.10049,0,[132.5362,168.001]]],[130,[85.17955,68.58033,0,[131.8573,168.001]]],[175,[84.55668,66.86687,0,[130.7694,167.001]]],[369,[85.44804,64.02389,0,[133.0755,168.001]]],[192,[85.73853,70.5223,0,[132.0333,168.001]]],[124,[85.26245,68.00591,0,[130.9551,167.001]]],[202,[85.06046,66.99252,0,[129.9399,167.001]]],[412,[84.48016,61.06696,0,[129.6811,167.001]]],[249,[86.11143,67.29961,0,[132.9316,168.001]]],[85,[86.29383,72.56379,0,[131.8425,168.001]]],[137,[86.67441,71.06756,0,[132.9572,168.001]]],[411,[85.81699,62.04206,0,[130.7453,167.001]]],[42,[86.87449,76.72909,0,[131.9237,168.001]]],[627,[85.60942,55.14297,0,[129.7403,167.001]]],[123,[86.36932,69.10723,0,[130.8295,167.001]]],[112,[87.43885,71.8654,0,[131.9908,168.001]]],[125,[86.92175,68.51147,0,[130.8837,167.001]]],[113,[87.24021,71.65264,0,[133.1163,168.001]]],[551,[86.29945,57.98898,0,[129.7495,167.001]]],[174,[87.02547,67.06189,0,[129.7959,167.001]]],[87,[87.8587,73.39993,0,[132.8556,168.001]]],[186,[88.00928,68.76199,0,[131.6568,168.001]]],[99,[87.45709,70.04109,0,[130.5219,167.001]]],[221,[88.45133,69.05654,0,[132.9821,168.001]]],[86,[88.62344,75.03046,0,[131.9345,168.001]]],[103,[88.06419,68.79318,0,[130.8387,167.001]]],[109,[89.24923,71.56112,0,[132.0129,168.001]]],[259,[88.63927,66.04488,0,[130.9258,167.001]]],[381,[87.90241,62.87282,0,[129.7825,167.001]]],[63,[89.21305,73.89558,0,[133.1197,168.001]]],[670,[88.54777,54.35088,0,[129.836,167.001]]],[176,[89.66916,69.73775,0,[131.2859,168.001]]],[88,[89.80549,75.8028,0,[132.5991,168.001]]],[173,[89.09175,68.08203,0,[130.0662,167.001]]],[104,[90.28861,70.33839,0,[131.9294,168.001]]],[148,[89.67455,68.7,0,[130.8399,167.001]]],[165,[90.54013,71.82957,0,[132.9219,168.001]]],[525,[89.64557,59.80213,0,[129.7505,167.001]]],[101,[90.755,70.23638,0,[131.0291,168.001]]],[159,[90.99852,69.39087,0,[132.0324,168.001]]],[146,[90.32652,68.6437,0,[129.9252,167.001]]],[147,[90.79861,70.09266,0,[130.8287,167.001]]],[667,[91.33203,54.24212,0,[132.9972,168.001]]],[132,[91.54609,69.44796,0,[131.8199,168.001]]],[44,[91.89353,78.74996,0,[132.8645,168.001]]],[288,[90.98145,64.95206,0,[129.795,167.001]]],[122,[91.43405,71.7964,0,[130.7988,167.001]]],[102,[92.12883,70.4402,0,[131.8342,168.001]]],[41,[92.47676,77.12669,0,[133.0498,168.001]]],[131,[92.74049,70.00991,0,[131.9603,168.001]]],[669,[91.70641,53.30563,0,[129.8425,167.001]]],[149,[92.07525,69.9781,0,[130.9023,167.001]]],[97,[92.67483,72.17862,0,[130.8058,167.001]]],[89,[93.14528,74.67509,0,[132.8785,168.001]]],[79,[93.40557,70.92522,0,[131.81,168.001]]],[121,[92.28131,70.96529,0,[129.8714,167.001]]],[318,[92.95145,64.58385,0,[129.8373,167.001]]],[200,[93.39828,69.28104,0,[130.4957,167.001]]],[114,[93.89283,77.84027,0,[132.6972,168.001]]],[100,[94.06038,71.64443,0,[131.5643,168.001]]],[308,[94.75542,67.64462,0,[131.9358,168.001]]],[486,[94.68367,61.11108,0,[133.0256,168.001]]],[53,[94.17833,74.90702,0,[130.8275,167.001]]],[201,[93.98946,68.05545,0,[129.798,167.001]]],[133,[95.39021,70.11236,0,[132.0013,168.001]]],[54,[94.74377,76.25281,0,[130.9372,167.001]]],[65,[95.31834,77.88454,0,[133.1041,168.001]]],[496,[94.78648,60.74728,0,[129.8445,167.001]]],[166,[95.96268,72.07359,0,[133.114,168.001]]],[108,[95.96062,72.09675,0,[131.9993,168.001]]],[105,[95.32076,69.46212,0,[130.9265,167.001]]],[107,[96.51054,70.71864,0,[131.9959,168.001]]],[120,[95.3974,71.4357,0,[129.8398,167.001]]],[77,[95.91434,70.94375,0,[130.9122,167.001]]],[138,[96.60393,74.02169,0,[133.0991,168.001]]],[61,[97.06631,77.39279,0,[132.001,168.001]]],[78,[96.61435,71.70989,0,[130.9118,167.001]]],[317,[96.09323,64.38958,0,[129.8787,167.001]]],[18,[96.64043,75.8688,0,[129.8185,167.001]]],[64,[97.30895,78.59372,0,[133.0057,168.001]]],[83,[97.62261,71.61968,0,[132.0104,168.001]]],[55,[97.17182,73.48167,0,[130.9215,167.001]]],[43,[97.95303,78.59461,0,[132.9679,168.001]]],[25,[98.22883,82.48962,0,[131.9748,168.001]]],[81,[97.72604,70.62663,0,[130.8763,167.001]]],[230,[97.1926,67.44482,0,[129.8291,167.001]]],[98,[97.77236,74.99903,0,[129.7847,167.001]]],[90,[98.61386,76.20139,0,[132.7897,168.001]]],[106,[98.78413,71.291,0,[131.1818,168.001]]],[68,[99.09454,81.56034,0,[132.2168,168.001]]],[80,[99.41525,72.9744,0,[131.299,168.001]]],[167,[99.60378,75.73924,0,[132.7484,168.001]]],[229,[98.91145,68.50424,0,[130.1889,167.001]]],[57,[98.32535,72.21455,0,[130.0324,167.001]]],[84,[100.0297,74.93066,0,[131.9901,168.001]]],[76,[99.43699,74.16142,0,[130.8934,167.001]]],[115,[100.3053,79.47794,0,[133.049,168.001]]],[36,[100.5281,77.98288,0,[131.3678,168.001]]],[468,[99.41184,61.34715,0,[129.7297,167.001]]],[82,[100.8042,72.3732,0,[132.4253,168.001]]],[73,[99.90849,74.81766,0,[130.2246,167.001]]],[96,[100.5601,75.86398,0,[130.8594,167.001]]],[59,[101.3037,73.15904,0,[131.8581,168.001]]],[410,[100.4289,63.97801,0,[129.7878,167.001]]],[28,[101.9113,88.20907,0,[131.8774,168.001]]],[280,[101.6206,71.23596,0,[132.8968,168.001]]],[20,[101.4297,75.83199,0,[130.7538,167.001]]],[145,[101.059,72.66913,0,[129.9408,167.001]]],[56,[101.9937,73.30989,0,[130.8872,167.001]]],[66,[102.5614,81.97575,0,[131.9637,168.001]]],[571,[102.3804,59.05703,0,[133.0069,168.001]]],[380,[102.0609,65.04691,0,[129.8005,167.001]]],[23,[103.11,78.0303,0,[131.8951,168.001]]],[52,[102.541,78.27988,0,[130.7895,167.001]]],[139,[103.0133,73.33205,0,[132.9884,168.001]]],[37,[103.6275,75.93497,0,[131.5066,168.001]]],[71,[103.1127,76.94827,0,[130.3971,167.001]]],[602,[102.6808,58.55017,0,[129.7175,167.001]]],[24,[103.6708,80.77733,0,[132.7158,168.001]]],[60,[104.2208,77.31645,0,[132.0133,168.001]]],[75,[103.6597,75.17735,0,[130.9203,167.001]]],[5,[104.2198,79.54807,0,[130.9125,167.001]]],[438,[103.6208,62.75203,0,[129.8181,167.001]]],[309,[104.4737,70.56114,0,[133.0065,168.001]]],[67,[104.7938,83.27256,0,[132.0018,168.001]]],[58,[104.7871,74.47564,0,[130.9339,167.001]]],[222,[105.1058,75.37933,0,[133.0896,168.001]]],[16,[104.8025,83.05207,0,[129.84,167.001]]],[74,[104.2271,78.33996,0,[129.8227,167.001]]],[116,[105.4031,86.95962,0,[132.0039,168.001]]],[33,[105.3581,81.45788,0,[130.9136,167.001]]],[26,[105.9986,85.58046,0,[132.0075,168.001]]],[140,[105.724,74.6777,0,[133.1457,168.001]]],[0,[106.4185,84.18608,0,[131.2114,168.001]]],[172,[105.3834,71.66654,0,[129.8153,167.001]]],[195,[106.8139,82.51013,0,[132.2896,168.001]]],[119,[105.9284,75.76925,0,[130.0649,167.001]]],[46,[106.3527,86.30504,0,[132.9388,168.001]]],[95,[106.9666,77.74503,0,[131.0533,168.001]]],[12,[107.3615,87.5921,0,[132.1299,168.001]]],[257,[107.033,69.62975,0,[130.9772,167.001]]],[577,[106.5479,60.88954,0,[129.9535,167.001]]],[349,[107.1949,65.53936,0,[129.924,167.001]]],[251,[108.0061,75.64066,0,[131.9675,168.001]]],[340,[107.7969,70.34229,0,[133.0147,168.001]]],[31,[107.6255,83.50581,0,[130.9192,167.001]]],[253,[108.623,85.44334,0,[132.1133,168.001]]],[72,[108.6875,83.0509,0,[131.0207,168.001]]],[91,[108.4478,82.95723,0,[133.1695,168.001]]],[94,[107.7554,79.31326,0,[129.8421,167.001]]],[171,[108.3096,75.77123,0,[129.9518,167.001]]],[19,[108.7988,78.79364,0,[130.9145,167.001]]],[47,[109.2398,92.68553,0,[132.013,168.001]]],[118,[108.8713,81.96136,0,[129.8261,167.001]]],[21,[109.8474,79.07284,0,[132.0097,168.001]]],[51,[109.359,81.30611,0,[130.9283,167.001]]],[371,[109.4297,71.6154,0,[133.0608,168.001]]],[34,[110.4086,82.40033,0,[131.5412,168.001]]],[287,[109.4364,67.73568,0,[129.8264,167.001]]],[199,[109.9141,73.29613,0,[130.3793,167.001]]],[223,[110.2363,80.95683,0,[132.7996,168.001]]],[35,[111.0166,82.50771,0,[131.9658,168.001]]],[144,[110.4902,79.88313,0,[130.8784,167.001]]],[252,[110.8582,82.01295,0,[133.0219,168.001]]],[10,[111.5825,83.87237,0,[132.0107,168.001]]],[32,[111.0861,87.00217,0,[130.9284,167.001]]],[258,[110.4463,69.19513,0,[129.7818,167.001]]],[409,[111.0081,64.11366,0,[129.8261,167.001]]],[17,[112.1196,88.738,0,[131.7233,168.001]]],[70,[111.5226,83.54845,0,[130.2026,167.001]]],[49,[111.9601,84.34007,0,[130.885,167.001]]],[404,[111.6138,83.96247,0,[133.1123,168.001]]],[14,[112.9225,90.47713,0,[131.901,168.001]]],[379,[112.0497,65.72554,0,[129.7928,167.001]]],[50,[112.5192,87.60825,0,[130.8109,167.001]]],[141,[112.3084,81.38506,0,[132.7619,168.001]]],[194,[113.5272,84.33417,0,[131.9172,168.001]]],[30,[113.1092,88.51048,0,[130.8244,167.001]]],[40,[114.1049,78.23038,0,[131.7818,168.001]]],[342,[113.0551,85.78072,0,[132.985,168.001]]],[467,[112.7186,62.23279,0,[129.7918,167.001]]],[286,[113.3928,69.65643,0,[129.8534,167.001]]],[92,[113.7615,87.50215,0,[130.7098,167.001]]],[13,[114.7333,90.68253,0,[131.4445,168.001]]],[372,[113.7974,72.52251,0,[132.9698,168.001]]],[143,[114.1323,79.00414,0,[129.8853,167.001]]],[6,[114.6042,81.45579,0,[130.4747,167.001]]],[281,[114.4616,76.34655,0,[132.7983,168.001]]],[39,[115.3762,77.44926,0,[131.4379,168.001]]],[310,[115.1274,78.1949,0,[132.5077,168.001]]],[4,[115.0359,87.7954,0,[129.7784,167.001]]],[38,[115.4239,78.54158,0,[130.5677,167.001]]],[373,[115.9528,87.9276,0,[131.7192,168.001]]],[461,[115.7576,67.93561,0,[132.7956,168.001]]],[22,[116.5842,83.35635,0,[131.9772,168.001]]],[256,[115.9874,71.27287,0,[130.9085,167.001]]],[198,[116.5454,76.2561,0,[130.8623,167.001]]],[348,[116.1133,66.33948,0,[129.8289,167.001]]],[624,[116.5299,79.3854,0,[133.0605,168.001]]],[599,[117.1388,77.33514,0,[131.9808,168.001]]],[316,[116.7836,68.39178,0,[129.8614,167.001]]],[228,[117.1095,72.49005,0,[130.8817,167.001]]],[2,[117.7103,83.56036,0,[131.957,168.001]]],[311,[117.4046,80.62982,0,[133.0433,168.001]]],[48,[117.7685,89.65402,0,[130.8852,167.001]]],[346,[117.4281,67.67786,0,[129.9311,167.001]]],[520,[118.2995,85.88325,0,[131.954,168.001]]],[170,[118.0736,80.12133,0,[129.9347,167.001]]],[491,[118.1504,74.85253,0,[133.0308,168.001]]],[93,[118.498,90.73159,0,[130.8983,167.001]]],[27,[118.8798,92.47134,0,[131.9428,168.001]]],[315,[118.6375,68.39709,0,[129.8184,167.001]]],[8,[119.044,80.66205,0,[130.6754,167.001]]],[518,[118.8824,77.26958,0,[133.0447,168.001]]],[598,[119.7124,82.2787,0,[131.7375,168.001]]],[573,[119.4634,79.59612,0,[132.7247,168.001]]],[117,[119.7282,86.30086,0,[130.6438,167.001]]],[197,[119.3658,78.91917,0,[129.7767,167.001]]],[11,[120.3697,88.01775,0,[131.7545,168.001]]],[15,[120.3728,92.14121,0,[130.9748,167.001]]],[462,[120.1667,78.86891,0,[132.8362,168.001]]],[647,[121.0945,79.61741,0,[132.0198,168.001]]],[314,[120.3055,70.65782,0,[129.8779,167.001]]],[227,[120.9316,76.96674,0,[130.8604,167.001]]],[437,[121.0756,63.94577,0,[129.8055,167.001]]],[45,[121.6763,91.08986,0,[131.9258,168.001]]],[490,[120.8653,77.89936,0,[133.046,168.001]]],[285,[121.4953,74.81596,0,[130.9735,167.001]]],[686,[122.2965,72.57527,0,[132.0814,168.001]]],[521,[122.6011,84.03532,0,[131.0584,168.001]]],[345,[121.6667,70.24081,0,[129.9322,167.001]]],[347,[122.2334,67.53905,0,[129.9794,167.001]]],[545,[121.8369,69.49498,0,[132.9931,168.001]]],[1,[123.0136,84.92947,0,[131.9921,168.001]]],[69,[122.6742,92.58453,0,[130.9198,167.001]]],[574,[123.6052,80.61975,0,[131.8415,168.001]]],[283,[123.2468,83.06378,0,[130.7838,167.001]]],[572,[122.7819,75.18394,0,[133.034,168.001]]],[284,[122.8442,74.79745,0,[129.8635,167.001]]],[9,[124.1664,83.72898,0,[132.0409,168.001]]],[255,[123.5483,73.15984,0,[129.8391,167.001]]],[29,[123.8464,92.4852,0,[130.9568,167.001]]],[487,[123.6435,78.74278,0,[132.9782,168.001]]],[668,[124.742,75.36226,0,[131.9971,168.001]]],[376,[124.1271,73.17139,0,[129.9606,167.001]]],[225,[124.4311,88.38451,0,[130.9304,167.001]]],[622,[125.343,68.35595,0,[131.9252,168.001]]],[488,[124.518,76.40527,0,[133.0948,168.001]]],[313,[124.9956,79.80174,0,[130.7856,167.001]]],[466,[124.689,63.97799,0,[129.8465,167.001]]],[168,[125.8911,90.33488,0,[131.712,168.001]]],[408,[125.3462,67.54765,0,[129.8747,167.001]]],[547,[125.2951,78.15307,0,[133.0332,168.001]]],[7,[125.6921,82.70459,0,[130.7585,167.001]]],[687,[126.4638,75.47959,0,[131.9275,168.001]]],[516,[126.0404,81.32498,0,[132.9302,168.001]]],[169,[126.3014,83.53368,0,[130.8798,167.001]]],[377,[126.08,69.11038,0,[129.8602,167.001]]],[430,[127.1138,81.60674,0,[132.0019,168.001]]],[282,[126.9226,90.10996,0,[131,167.0881]]],[460,[126.8408,79.21416,0,[133.0372,168.001]]],[375,[126.8702,76.78666,0,[129.897,167.001]]],[193,[127.7843,87.69034,0,[131.9349,168.001]]],[226,[127.4912,85.92307,0,[130.934,167.001]]],[458,[127.6527,78.99736,0,[133.0219,168.001]]],[495,[127.4939,62.94931,0,[129.8358,167.001]]],[600,[128.5251,88.1618,0,[131.2499,168.001]]],[493,[128.0835,71.88284,0,[130.0388,167.001]]],[459,[128.361,84.57876,0,[132.5729,168.001]]],[544,[128.9497,80.67582,0,[131.9938,168.001]]],[3,[128.628,95.53688,0,[130.9375,167.001]]],[489,[129.1429,77.06416,0,[133.0519,168.001]]],[646,[129.5171,78.33649,0,[131.9632,168.001]]],[406,[128.7122,76.06046,0,[129.8551,167.001]]],[224,[129.8303,91.92287,0,[131.0379,168.001]]],[463,[129.314,81.98141,0,[129.9431,167.001]]],[429,[129.9376,83.5254,0,[132.9249,168.001]]],[339,[130.2788,81.18757,0,[132.0256,168.001]]],[254,[129.9469,89.5345,0,[130.9842,167.001]]],[702,[130.8912,73.6981,0,[132.6448,168.001]]],[546,[131.0086,87.59155,0,[131.3601,168.001]]],[407,[129.955,68.99033,0,[129.8813,167.001]]],[625,[131.1095,87.03529,0,[130.9335,167.001]]],[402,[131.5136,82.75738,0,[132.0964,168.001]]],[405,[130.5375,77.28366,0,[130.1104,167.001]]],[436,[131.1797,65.56698,0,[129.8353,167.001]]],[432,[132.0686,83.90217,0,[131.8653,168.001]]],[524,[131.6599,66.4501,0,[130.6825,167.001]]],[519,[131.8837,74.31126,0,[133.0593,168.001]]],[401,[132.6382,85.78438,0,[131.6535,168.001]]],[465,[132.0116,68.52892,0,[129.827,167.001]]],[344,[132.3807,80.20316,0,[130.6722,167.001]]],[370,[133.2711,86.52337,0,[131.7614,168.001]]],[403,[132.6105,81.50465,0,[132.7739,168.001]]],[492,[133.057,82.14463,0,[130.8109,167.001]]],[523,[132.7726,71.23638,0,[129.8503,167.001]]],[433,[133.3008,84.92961,0,[132.8744,168.001]]],[341,[133.9086,90.31086,0,[131.7682,168.001]]],[374,[133.4547,82.87706,0,[129.9867,167.001]]],[431,[133.9704,82.19231,0,[132.8703,168.001]]],[142,[133.9786,93.86678,0,[131,167.3358]]],[548,[134.8044,87.52258,0,[131.5845,168.001]]],[250,[134.5628,90.53947,0,[132.594,168.001]]],[494,[134.1194,69.24087,0,[130.0576,167.001]]],[435,[134.7451,73.34595,0,[130.9327,167.001]]],[549,[134.722,66.72187,0,[129.8388,167.001]]],[196,[135.5741,94.84669,0,[131.9769,168.001]]],[597,[135.2608,77.09357,0,[132.8769,168.001]]],[575,[135.9115,85.43892,0,[131.1107,168.001]]],[400,[136.0703,84.17233,0,[132.8448,168.001]]],[550,[135.4424,70.86775,0,[129.9752,167.001]]],[434,[135.9702,81.38052,0,[130.9041,167.001]]],[517,[136.4854,90.88662,0,[132.0189,168.001]]],[378,[136.2053,69.64296,0,[129.8951,167.001]]],[601,[136.5685,76.72015,0,[130.9937,167.001]]],[343,[137.0751,93.90105,0,[132.3233,168.001]]],[522,[137.03,73.72426,0,[130.017,167.001]]],[312,[137.7035,84.94791,0,[131.2301,168.001]]],[623,[137.7766,71.17398,0,[132.4702,168.001]]],[464,[137.6564,79.78391,0,[130.0867,167.001]]],[648,[138.4414,85.46329,0,[131.1633,168.001]]],[279,[138.4984,90.94323,0,[132.4176,168.001]]],[576,[138.4416,67.5032,0,[130.2458,167.001]]],[626,[139.1461,71.02428,0,[131.5887,168.001]]]

Travel Distances:
[716,109.9727],[715,109.9653],[710,109.9464],[714,109.7201],[709,111.914],[708,111.7985],[697,111.7018],[695,111.5796],[707,111.2507],[696,111.417],[694,113.0264],[678,113.275],[698,112.2757],[680,112.8254],[677,114.7204],[681,113.8504],[693,113.8895],[679,113.9262],[660,113.4531],[658,113.8816],[711,110.0847],[706,111.4396],[659,115.3404],[682,113.895],[638,114.819],[683,113.3181],[676,114.3002],[692,112.7811],[661,114.9548],[636,115.773],[662,114.4114],[639,115.1778],[656,114.2576],[657,115.3511],[675,115.3393],[612,116.9028],[640,116.186],[635,115.9082],[637,115.288],[613,116.1627],[663,115.7083],[641,116.5357],[634,117.5523],[614,116.7555],[611,117.6609],[587,117.1966],[615,115.7349],[642,115.5761],[588,118.815],[589,117.6695],[616,116.7296],[655,116.4412],[610,116.6934],[590,118.4219],[585,118.848],[617,117.5737],[591,117.5962],[705,113.1348],[633,116.0778],[609,116.8824],[699,114.2512],[563,118.772],[592,118.4089],[564,117.6681],[608,117.8133],[691,114.5587],[561,119.2916],[700,115.4145],[565,118.8303],[562,118.923],[586,117.9346],[654,117.4783],[534,118.5732],[664,115.4488],[536,120.3658],[537,119.2788],[560,119.1865],[509,119.7334],[506,119.5214],[559,120.7002],[566,119.4965],[535,120.307],[584,119.4059],[558,119.58],[538,119.2423],[533,120.9804],[567,119.4874],[632,117.8562],[508,120.584],[583,119.3984],[510,121.2414],[532,120.7971],[704,115.1656],[607,119.0183],[480,121.1401],[712,113.2162],[530,120.0914],[593,119.9995],[674,117.0109],[507,121.563],[539,119.8879],[582,119.8149],[684,115.3855],[505,121.7822],[653,119.2458],[618,118.7964],[540,121.1148],[531,121.0283],[479,122.1506],[511,122.0679],[512,122.0577],[478,122.9555],[450,122.839],[481,121.7057],[557,120.931],[556,119.7956],[451,123.5085],[474,123.3359],[568,120.5186],[504,120.4309],[502,121.5891],[690,117.4179],[673,117.5706],[503,121.7977],[482,122.6545],[475,122.2651],[477,121.4077],[476,122.7881],[713,115.1005],[631,119.3122],[513,122.185],[448,121.8726],[483,121.7791],[447,124.2712],[418,124.1181],[703,117.1195],[453,123.3597],[449,122.7405],[419,123.2097],[501,123.4216],[445,122.901],[420,124.729],[424,124.2545],[446,123.6587],[390,124.1115],[422,123.0695],[652,120.3882],[473,124.1932],[421,124.3351],[416,124.6001],[484,122.7248],[444,125.3016],[454,124.2921],[606,121.2856],[643,118.3216],[555,121.5696],[455,123.4215],[391,124.7749],[619,120.5128],[417,125.4815],[452,124.1492],[672,118.8691],[388,125.3998],[425,124.3234],[423,125.8294],[386,126.1845],[581,120.4499],[630,120.9752],[541,121.9321],[394,125.0802],[387,125.1299],[644,120.0819],[389,125.8484],[395,126.7952],[355,126.6511],[385,127.5262],[357,125.687],[392,124.3114],[426,124.7297],[359,126.3396],[393,125.7884],[554,122.5563],[472,123.5927],[514,123.5739],[360,127.7582],[665,117.5856],[358,126.1688],[396,125.9961],[353,129.8439],[529,123.7177],[485,124.739],[443,125.1034],[364,127.4649],[363,126.9209],[594,120.0489],[651,120.8912],[329,128.2259],[500,124.7692],[456,125.7201],[356,127.1703],[328,126.5637],[362,128.2705],[354,128.6215],[629,121.8838],[361,126.8446],[326,127.3678],[569,121.3322],[298,127.4571],[605,120.7187],[333,129.3962],[415,127.3483],[327,127.7459],[542,122.5734],[332,127.753],[528,124.7591],[324,128.1974],[334,128.68],[300,127.4862],[365,128.3776],[322,129.9462],[297,129.1814],[269,128.9128],[330,127.3353],[325,128.6362],[299,129.2709],[689,120.2962],[296,128.0768],[570,122.3532],[650,121.5296],[303,130.4446],[267,130.2377],[294,128.8374],[701,116.2579],[302,128.7484],[323,130.9061],[671,120.5949],[595,121.6175],[604,122.357],[271,129.2645],[515,123.5869],[335,129.9632],[471,126.7804],[628,122.7622],[301,130.0463],[620,120.3843],[304,129.4081],[499,125.4627],[295,130.5146],[274,130.9088],[645,121.3331],[384,127.884],[580,124.1363],[305,129.9445],[275,129.6854],[270,130.4667],[397,127.1146],[414,127.1829],[688,121.1712],[276,130.9097],[366,129.61],[268,131.3957],[331,129.2729],[272,130.6595],[603,124.3483],[245,131.1922],[470,125.6717],[239,130.2687],[242,129.5079],[685,119.6406],[240,130.4127],[442,126.3522],[649,121.4121],[217,131.6945],[273,131.8763],[292,131.1062],[189,133.5108],[244,130.6657],[553,124.2861],[352,128.0699],[293,131.3359],[543,124.2735],[336,130.3253],[527,125.9677],[241,130.9457],[427,126.1058],[216,132.1132],[263,131.8297],[265,130.762],[215,131.6652],[246,132.2728],[321,129.3175],[264,129.6742],[213,132.1776],[306,131.4874],[579,124.9339],[383,128.178],[243,130.9876],[266,130.0284],[238,131.2929],[162,135.0109],[236,131.6814],[526,126.1568],[218,134.2161],[621,122.5108],[211,133.0266],[237,131.1027],[190,134.8385],[596,121.8248],[234,134.4365],[578,126.0281],[188,135.1317],[498,127.0231],[247,133.1421],[163,134.8661],[235,131.3486],[469,129.4997],[209,132.4678],[367,130.8719],[320,130.3222],[214,132.0979],[666,120.4974],[207,131.8829],[277,132.8578],[210,132.4298],[291,130.9466],[413,129.7123],[552,125.8441],[208,131.528],[212,131.9146],[187,133.1867],[290,131.0679],[337,130.8091],[181,132.7984],[205,132.8679],[206,132.245],[160,135.9332],[248,134.8164],[440,130.0742],[262,132.4754],[177,133.5817],[182,133.0812],[338,131.1508],[164,136.8143],[179,133.9911],[398,128.6763],[351,130.8047],[261,131.4323],[184,133.8354],[278,133.6523],[497,128.4795],[178,134.5128],[161,136.1907],[319,131.1043],[399,128.2607],[233,134.3572],[183,134.1264],[191,135.6249],[180,133.4516],[110,138.0648],[441,128.7276],[289,132.1131],[368,131.0775],[152,134.8285],[154,134.3893],[382,130.0209],[136,136.6716],[307,131.3984],[153,136.2194],[151,135.5858],[150,136.445],[185,134.1783],[128,134.3833],[350,130.5739],[260,131.5476],[135,137.6478],[155,135.1091],[126,135.5634],[220,134.8402],[457,126.3089],[127,136.9815],[134,137.1356],[219,136.5369],[231,134.4204],[158,134.1837],[156,136.5294],[428,129.0464],[204,134.9993],[157,135.3313],[203,135.4403],[129,135.3163],[111,138.0428],[439,129.1366],[232,132.943],[62,142.2665],[130,136.0567],[175,135.5706],[369,130.744],[192,138.8867],[124,137.3531],[202,136.6767],[412,131.8429],[249,134.9226],[85,139.828],[137,137.5826],[411,130.3082],[42,144.9218],[627,125.6361],[123,138.2357],[112,138.9575],[125,136.6159],[113,139.0476],[551,127.0849],[174,136.8596],[87,141.5965],[186,136.7013],[99,139.0451],[221,135.9406],[86,141.7343],[103,138.6106],[109,139.0389],[259,134.7371],[381,132.9528],[63,141.4332],[670,123.1442],[176,136.2749],[88,142.1316],[173,137.7839],[104,137.7347],[148,137.2494],[165,138.6543],[525,130.2657],[101,138.5338],[159,137.3656],[146,137.8689],[147,138.3916],[667,121.1947],[132,136.302],[44,146.5757],[288,134.8363],[122,140.8566],[102,137.9726],[41,143.8232],[131,136.4935],[669,123.7824],[149,139.7519],[97,140.7898],[89,142.1108],[79,137.9168],[121,140.2415],[318,132.5613],[200,138.3728],[114,145.7857],[100,139.3475],[308,135.989],[486,129.4415],[53,144.4375],[201,137.8929],[133,137.2036],[54,144.4371],[65,144.9791],[496,129.0683],[166,139.9376],[108,140.0752],[105,138.7259],[107,137.5886],[120,140.4572],[77,138.9349],[138,140.6204],[61,145.1053],[78,140.3477],[317,134.0992],[18,144.4615],[64,145.8167],[83,138.2122],[55,143.0727],[43,146.5344],[25,149.7004],[81,139.0446],[230,136.9068],[98,143.1601],[90,142.8446],[106,139.6216],[68,149.3572],[80,140.1041],[167,142.4122],[229,136.6337],[57,141.2957],[84,142.7674],[76,143.2152],[115,146.756],[36,144.7716],[468,130.3967],[82,138.7277],[73,144.8171],[96,144.2397],[59,140.3519],[410,132.5093],[28,156.2673],[280,138.9911],[20,144.7655],[145,142.3246],[56,141.1555],[66,148.6443],[571,127.2525],[380,134.7375],[23,145.5921],[52,146.9872],[139,140.3855],[37,144.2412],[71,146.5606],[602,128.9228],[24,148.5571],[60,144.5327],[75,143.6154],[5,148.959],[438,133.2884],[309,138.7891],[67,151.063],[58,142.6576],[222,142.1888],[16,151.24],[74,147.6184],[116,153.4493],[33,150.5315],[26,152.903],[140,142.1296],[0,151.1397],[172,140.6451],[195,150.6776],[119,145.4744],[46,154.4729],[95,145.5792],[12,154.6135],[257,137.4705],[577,131.4303],[349,135.0392],[251,143.354],[340,137.8121],[31,152.0669],[253,151.9887],[72,149.5002],[91,150.9648],[94,149.551],[171,144.8633],[19,147.1156],[47,159.6389],[118,150.0624],[21,147.0268],[51,150.3415],[371,138.9167],[34,149.2202],[287,136.5967],[199,143.2433],[223,148.9681],[35,150.004],[144,148.6225],[252,148.4473],[10,152.1083],[32,156.4427],[258,140.0836],[409,133.7923],[17,155.8642],[70,151.8909],[49,152.1673],[404,150.4867],[14,158.3392],[379,135.0781],[50,156.2672],[141,148.4853],[194,151.0208],[30,155.9311],[40,145.7606],[342,153.4241],[467,132.3545],[286,138.5575],[92,155.7543],[13,158.9689],[372,140.9525],[143,148.4897],[6,150.1526],[281,143.7244],[39,144.3962],[310,146.3689],[4,157.5935],[38,147.5146],[373,155.6697],[461,134.6809],[22,151.6699],[256,141.1802],[198,145.0441],[348,135.9502],[624,146.5535],[599,144.2687],[316,136.6455],[228,141.993],[2,151.2643],[311,148.2797],[48,157.8034],[346,136.5375],[520,152.2494],[170,149.6713],[491,142.8066],[93,159.5293],[27,159.588],[315,138.6484],[8,150.313],[518,145.5668],[598,150.1874],[573,146.503],[117,154.5985],[197,147.8871],[11,154.6816],[15,161.1993],[462,146.3991],[647,146.8103],[314,139.8124],[227,144.8315],[437,133.6115],[45,159.0297],[490,145.6591],[285,143.5415],[686,139.3457],[521,150.5676],[345,140.5544],[347,136.7466],[545,137.0712],[1,152.3612],[69,160.9802],[574,148.8855],[283,152.2271],[572,143.0664],[284,144.6817],[9,150.8238],[255,141.7785],[29,160.4096],[487,147.0229],[668,143.3557],[376,142.6419],[225,157.1812],[622,135.1899],[488,143.1778],[313,147.4003],[466,134.2595],[168,158.0374],[408,136.542],[547,145.5966],[7,151.0415],[687,141.9862],[516,149.3449],[169,152.5126],[377,138.6991],[430,148.9165],[282,157.8893],[460,145.6577],[375,146.8076],[193,155.6341],[226,154.6313],[458,146.1001],[495,131.6531],[600,154.8069],[493,141.375],[459,152.4336],[544,147.9787],[3,163.8817],[489,145.343],[646,146.3536],[406,146.2869],[224,159.8863],[463,150.9218],[429,150.2201],[339,147.9702],[254,159.3007],[702,141.2528],[546,155.3697],[407,138.7506],[625,154.6797],[402,151.0959],[405,147.8632],[436,134.9419],[432,151.5896],[524,134.9102],[519,141.1719],[401,152.3346],[465,138.3356],[344,149.3087],[370,153.8516],[403,149.0455],[492,149.8534],[523,139.5514],[433,153.092],[341,158.2976],[374,151.745],[431,149.1769],[142,161.7283],[548,155.7343],[250,158.1543],[494,138.6815],[435,141.4275],[549,134.9687],[196,161.3128],[597,145.0662],[575,153.2204],[400,151.3247],[550,139.6918],[434,149.042],[517,159.0085],[378,138.8834],[601,145.288],[343,160.7095],[522,141.538],[312,153.2603],[623,138.6152],[464,148.1965],[648,152.3249],[279,158.8506],[576,136.4906],[626,137.9089]

Finish Times:
[716,56.32091],[715,56.40091],[710,56.80092],[714,56.92092],[709,57.00092],[708,57.12093],[697,57.52094],[695,57.60094],[707,57.76094],[696,57.80094],[694,58.28095],[678,58.32095],[698,58.32095],[680,58.56096],[677,59.00097],[681,59.08097],[693,59.12097],[679,59.32098],[660,59.68098],[658,59.76099],[711,59.88099],[706,59.92099],[659,60.08099],[682,60.321],[638,60.72101],[683,60.72101],[676,60.76101],[692,60.80101],[661,61.04102],[636,61.44102],[662,61.48103],[639,61.52103],[656,61.76103],[657,61.92104],[675,62.08104],[612,62.12104],[640,62.20104],[635,62.56105],[637,62.60105],[613,62.84106],[663,63.04106],[641,63.20107],[634,63.24107],[614,63.28107],[611,63.36107],[587,63.52107],[615,63.76108],[642,63.80108],[588,63.96108],[589,64.36109],[616,64.40109],[655,64.5211],[610,64.6811],[590,64.96111],[585,65.12111],[617,65.32111],[591,65.68112],[705,65.76112],[633,65.80112],[609,65.92113],[699,66.00113],[563,66.32114],[592,66.36114],[564,66.76115],[608,66.76115],[691,66.80115],[561,67.00115],[700,67.08115],[565,67.36116],[562,67.40116],[586,67.60117],[654,67.64117],[534,67.88117],[664,67.88117],[536,68.00117],[537,68.52119],[560,68.56119],[509,68.76119],[506,68.80119],[559,69.2412],[566,69.2812],[535,69.32121],[584,69.32121],[558,69.52121],[538,69.84122],[533,70.20123],[567,70.32123],[632,70.48123],[508,70.52123],[583,70.60123],[510,71.00124],[532,71.20125],[704,71.24125],[607,71.28125],[480,71.64126],[712,71.64126],[530,71.92126],[593,72.16127],[674,72.24127],[507,72.32127],[539,72.76128],[582,72.80128],[684,72.84129],[505,73.00129],[653,73.24129],[618,73.3213],[540,73.4013],[531,73.6013],[479,73.76131],[511,73.96131],[512,74.00131],[478,74.16132],[450,74.56133],[481,74.64133],[557,74.68133],[556,74.84133],[451,75.12134],[474,75.28134],[568,75.60135],[504,75.68135],[502,75.72135],[690,76.00136],[673,76.08136],[503,76.24136],[482,76.28136],[475,76.40137],[477,76.80138],[476,77.08138],[713,77.20139],[631,77.36139],[513,77.48139],[448,77.8814],[483,77.9214],[447,77.9614],[418,78.24141],[703,78.24141],[453,78.40141],[449,78.68142],[419,78.76142],[501,78.80142],[445,78.88142],[420,79.12143],[424,79.40144],[446,79.52144],[390,79.84145],[422,79.88145],[652,79.96145],[473,80.40146],[421,80.44146],[416,80.56146],[484,80.64146],[444,81.12148],[454,81.28148],[606,81.32148],[643,81.32148],[555,81.60149],[455,81.84149],[391,81.88149],[619,82.1615],[417,82.3615],[452,82.44151],[672,82.44151],[388,82.64151],[425,82.88152],[423,83.00152],[386,83.08152],[581,83.44153],[630,83.44153],[541,83.48153],[394,83.60153],[387,83.76154],[644,84.16154],[389,84.20155],[395,84.20155],[355,84.52155],[385,84.52155],[357,84.84156],[392,84.84156],[426,84.88156],[359,85.40157],[393,85.52158],[554,85.52158],[472,85.60158],[514,86.20159],[360,86.3616],[665,86.4416],[358,86.6016],[396,86.92161],[353,86.96161],[529,87.04161],[485,87.08161],[443,87.32162],[364,87.48162],[363,87.64162],[594,87.84163],[651,88.08163],[329,88.12164],[500,88.12164],[456,88.32164],[356,88.36164],[328,88.80165],[362,88.96165],[354,89.16166],[629,89.20166],[361,89.28166],[326,89.44167],[569,89.72167],[298,89.92168],[605,89.92168],[333,90.04168],[415,90.24168],[327,90.56169],[542,90.60169],[332,90.72169],[528,91.20171],[324,91.32171],[334,91.32171],[300,91.84172],[365,92.00172],[322,92.04173],[297,92.20173],[269,92.52174],[330,92.68174],[325,93.08175],[299,93.12175],[689,93.12175],[296,93.68176],[570,93.76176],[650,94.00177],[303,94.24178],[267,94.44178],[294,94.72179],[701,94.72179],[302,94.76179],[323,95.08179],[671,95.2418],[595,95.2818],[604,95.3618],[271,95.4018],[515,95.92181],[335,95.96181],[471,96.04182],[628,96.24182],[301,96.40182],[620,96.52183],[304,96.72183],[499,96.76183],[295,97.16184],[274,97.20184],[645,97.20184],[384,97.56185],[580,97.56185],[305,97.68185],[275,97.84186],[270,98.20187],[397,98.32187],[414,98.48187],[688,98.52187],[276,98.56187],[366,98.96188],[268,99.00188],[331,99.04189],[272,99.20189],[603,99.5219],[245,99.6019],[470,99.7619],[239,99.8419],[242,99.8419],[685,100.3219],[240,100.5219],[442,100.5219],[649,100.8419],[217,100.9219],[273,101.1619],[292,101.1619],[189,101.5619],[244,101.6019],[553,101.7619],[352,101.8419],[293,102.042],[543,102.162],[336,102.322],[527,102.602],[241,102.762],[427,102.842],[216,102.882],[263,102.962],[265,103.282],[215,103.482],[246,103.522],[321,103.562],[264,103.842],[213,104.082],[306,104.082],[579,104.482],[383,104.522],[243,104.602],[266,104.682],[238,105.202],[162,105.322],[236,105.442],[526,105.482],[218,106.002],[621,106.042],[211,106.2421],[237,106.4821],[190,106.6021],[596,106.9221],[234,107.0421],[578,107.0421],[188,107.1621],[498,107.1621],[247,107.4421],[163,107.6021],[235,107.8021],[469,107.9621],[209,108.1221],[367,108.1221],[320,108.5221],[214,108.6421],[666,108.6821],[207,108.9221],[277,109.1621],[210,109.2021],[291,109.2421],[413,109.4021],[552,109.6821],[208,109.7621],[212,109.7621],[187,109.8421],[290,110.0421],[337,110.3221],[181,110.4421],[205,110.7622],[206,110.9222],[160,110.9622],[248,111.0022],[440,111.3622],[262,111.5622],[177,111.6022],[182,111.6022],[338,111.6022],[164,112.1222],[179,112.3222],[398,112.3222],[351,112.6022],[261,112.6822],[184,112.7222],[278,113.0422],[497,113.2022],[178,113.2822],[161,113.3622],[319,113.4822],[399,113.8022],[233,114.0022],[183,114.0422],[191,114.4422],[180,114.6022],[110,114.6422],[441,114.6422],[289,114.7622],[368,115.1623],[152,115.2423],[154,115.4023],[382,115.5623],[136,115.8423],[307,115.9223],[153,115.9623],[151,116.2423],[150,116.4423],[185,116.4823],[128,116.7223],[350,116.7223],[260,116.8823],[135,117.0823],[155,117.4423],[126,117.6823],[220,117.7223],[457,117.8423],[127,118.2023],[134,118.4023],[219,118.4023],[231,118.4823],[158,118.8023],[156,118.9623],[428,119.1223],[204,119.1623],[157,119.3223],[203,119.3624],[129,119.7224],[111,119.7624],[439,119.7624],[232,119.8024],[62,120.0424],[130,120.4424],[175,120.5224],[369,120.8024],[192,120.9624],[124,121.0824],[202,121.2024],[412,121.2024],[249,121.3224],[85,121.6024],[137,121.8824],[411,121.8824],[42,122.0024],[627,122.2024],[123,122.2424],[112,122.5624],[125,122.6024],[113,122.6424],[551,122.7224],[174,123.0024],[87,123.0824],[186,123.1624],[99,123.2424],[221,123.6824],[86,123.7625],[103,124.0025],[109,124.3225],[259,124.3225],[381,124.3225],[63,124.4025],[670,124.8025],[176,124.8425],[88,124.9225],[173,124.9625],[104,125.4025],[148,125.5225],[165,125.7225],[525,125.9625],[101,126.0025],[159,126.0825],[146,126.2825],[147,126.6825],[667,126.6825],[132,126.7225],[44,127.2025],[288,127.3225],[122,127.3625],[102,127.4825],[41,127.8425],[131,127.8825],[669,127.9625],[149,128.0825],[97,128.3625],[89,128.4025],[79,128.6024],[121,128.7624],[318,128.9224],[200,129.1624],[114,129.2023],[100,129.2823],[308,129.9622],[486,129.9622],[53,130.0822],[201,130.3222],[133,130.5621],[54,130.6021],[65,130.6421],[496,130.9221],[166,131.202],[108,131.242],[105,131.322],[107,131.6819],[120,131.7619],[77,131.8419],[138,131.8819],[61,132.2418],[78,132.3218],[317,132.5218],[18,132.5618],[64,132.5618],[83,132.8817],[55,133.1217],[43,133.1617],[25,133.4816],[81,133.4816],[230,133.6816],[98,133.8416],[90,133.8816],[106,134.1215],[68,134.2015],[80,134.6014],[167,134.8014],[229,134.8014],[57,134.8414],[84,135.2013],[76,135.2413],[115,135.5213],[36,135.8012],[468,135.8012],[82,135.9212],[73,135.9612],[96,136.4411],[59,136.5211],[410,136.5211],[28,137.081],[280,137.241],[20,137.281],[145,137.321],[56,137.7609],[66,137.7609],[571,138.0809],[380,138.1608],[23,138.3608],[52,138.4408],[139,138.6408],[37,139.0807],[71,139.1207],[602,139.1207],[24,139.3206],[60,139.5206],[75,139.7206],[5,139.9605],[438,140.0005],[309,140.0405],[67,140.2005],[58,140.6004],[222,140.7604],[16,140.8404],[74,140.9204],[116,140.9204],[33,141.3603],[26,141.4003],[140,141.4003],[0,141.6803],[172,141.8802],[195,142.0402],[119,142.0802],[46,142.1202],[95,142.4001],[12,142.6401],[257,142.7601],[577,143.08],[349,143.16],[251,143.28],[340,143.4],[31,143.5599],[253,143.7999],[72,143.9199],[91,144.2398],[94,144.2398],[171,144.3198],[19,144.3998],[47,144.6398],[118,144.6398],[21,145.1597],[51,145.2796],[371,145.5196],[34,145.7996],[287,145.8396],[199,145.9595],[223,146.1195],[35,146.3595],[144,146.5194],[252,146.9194],[10,146.9994],[32,146.9994],[258,146.9994],[409,147.2393],[17,147.5193],[70,147.7192],[49,147.7592],[404,147.9192],[14,148.2392],[379,148.4791],[50,148.5591],[141,148.6391],[194,148.7191],[30,148.919],[40,149.319],[342,149.319],[467,149.359],[286,149.4389],[92,149.5989],[13,149.9989],[372,149.9989],[143,150.3588],[6,150.4388],[281,150.4388],[39,150.6787],[310,151.0787],[4,151.2786],[38,151.2786],[373,151.2786],[461,151.7586],[22,151.9585],[256,152.0385],[198,152.3185],[348,152.5984],[624,152.5984],[599,152.6784],[316,152.8384],[228,153.0383],[2,153.2383],[311,153.3183],[48,153.5983],[346,153.7582],[520,153.9182],[170,154.1582],[491,154.1982],[93,154.2781],[27,154.5981],[315,154.958],[8,154.998],[518,155.038],[598,155.278],[573,155.7179],[117,155.7579],[197,155.7579],[11,155.7979],[15,156.2378],[462,156.3978],[647,156.4778],[314,156.5578],[227,156.7177],[437,157.1177],[45,157.1577],[490,157.2776],[285,157.4776],[686,157.7176],[521,157.9175],[345,158.2375],[347,158.3175],[545,158.3575],[1,158.4374],[69,158.6774],[574,158.9574],[283,159.0773],[572,159.2773],[284,159.3573],[9,159.5972],[255,159.5972],[29,159.7172],[487,160.0372],[668,160.1971],[376,160.3971],[225,160.4771],[622,160.6371],[488,160.797],[313,160.877],[466,161.237],[168,161.277],[408,161.4369],[547,161.4369],[7,161.5969],[687,161.9169],[516,162.1168],[169,162.3168],[377,162.3568],[430,162.4368],[282,162.7167],[460,162.9167],[375,162.9567],[193,163.1566],[226,163.4366],[458,163.5966],[495,163.8365],[600,163.8765],[493,164.1565],[459,164.2365],[544,164.4764],[3,164.5964],[489,165.0363],[646,165.0363],[406,165.0763],[224,165.1163],[463,165.3163],[429,165.7962],[339,165.8362],[254,166.1961],[702,166.3161],[546,166.4361],[407,166.756],[625,166.796],[402,166.996],[405,166.996],[436,167.156],[432,167.236],[524,167.4759],[519,167.7159],[401,167.8759],[465,168.1558],[344,168.2358],[370,168.3958],[403,168.3958],[492,168.8357],[523,168.9157],[433,169.0757],[341,169.1556],[374,169.5556],[431,169.6356],[142,169.6756],[548,169.9955],[250,170.3154],[494,170.6354],[435,170.6754],[549,170.7554],[196,170.9153],[597,171.1553],[575,171.4753],[400,171.5552],[550,171.7952],[434,171.8752],[517,172.0751],[378,172.3151],[601,172.3551],[343,172.755],[522,172.915],[312,173.035],[623,173.3949],[464,173.7149],[648,173.7149],[279,174.1548],[576,174.3148],[626,174.7147]

Stuck Times:
[716,0],[715,0],[710,0],[714,0],[709,0],[708,0],[697,0],[695,0],[707,0],[696,0],[694,0],[678,0],[698,0],[680,0],[677,0],[681,0],[693,0],[679,1],[660,1],[658,1],[711,4],[706,3],[659,1],[682,1],[638,1],[683,2],[676,1],[692,3],[661,3],[636,2],[662,3],[639,2],[656,3],[657,2],[675,3],[612,2],[640,3],[635,3],[637,4],[613,3],[663,5],[641,5],[634,3],[614,4],[611,3],[587,3],[615,5],[642,6],[588,5],[589,5],[616,6],[655,6],[610,6],[590,6],[585,6],[617,7],[591,7],[705,9],[633,7],[609,6],[699,8],[563,8],[592,6],[564,8],[608,6],[691,8],[561,8],[700,9],[565,8],[562,7],[586,8],[654,8],[534,8],[664,9],[536,9],[537,9],[560,9],[509,9],[506,9],[559,10],[566,9],[535,11],[584,9],[558,9],[538,10],[533,11],[567,9],[632,11],[508,12],[583,11],[510,11],[532,12],[704,13],[607,12],[480,11],[712,14],[530,13],[593,13],[674,13],[507,13],[539,13],[582,13],[684,15],[505,14],[653,13],[618,15],[540,14],[531,14],[479,13],[511,14],[512,14],[478,16],[450,15],[481,14],[557,14],[556,15],[451,14],[474,17],[568,16],[504,17],[502,15],[690,18],[673,18],[503,17],[482,16],[475,17],[477,18],[476,18],[713,20],[631,18],[513,17],[448,18],[483,18],[447,18],[418,17],[703,20],[453,18],[449,20],[419,18],[501,19],[445,20],[420,19],[424,20],[446,19],[390,19],[422,20],[652,21],[473,21],[421,20],[416,21],[484,22],[444,22],[454,22],[606,21],[643,24],[555,22],[455,23],[391,21],[619,24],[417,22],[452,23],[672,24],[388,22],[425,23],[423,23],[386,23],[581,25],[630,24],[541,24],[394,23],[387,24],[644,26],[389,23],[395,23],[355,24],[385,24],[357,25],[392,25],[426,25],[359,24],[393,25],[554,26],[472,27],[514,27],[360,26],[665,29],[358,25],[396,27],[353,26],[529,29],[485,28],[443,29],[364,27],[363,28],[594,28],[651,30],[329,27],[500,28],[456,29],[356,29],[328,28],[362,29],[354,30],[629,30],[361,29],[326,30],[569,30],[298,29],[605,30],[333,30],[415,31],[327,30],[542,32],[332,31],[528,30],[324,32],[334,31],[300,32],[365,33],[322,31],[297,32],[269,32],[330,33],[325,33],[299,32],[689,35],[296,33],[570,35],[650,35],[303,34],[267,33],[294,35],[701,36],[302,34],[323,35],[671,37],[595,37],[604,37],[271,35],[515,36],[335,36],[471,37],[628,37],[301,35],[620,38],[304,36],[499,38],[295,37],[274,36],[645,38],[384,38],[580,38],[305,38],[275,38],[270,39],[397,37],[414,38],[688,40],[276,39],[366,39],[268,38],[331,38],[272,38],[603,40],[245,39],[470,40],[239,40],[242,39],[685,42],[240,40],[442,41],[649,43],[217,39],[273,41],[292,41],[189,40],[244,41],[553,43],[352,41],[293,42],[543,43],[336,43],[527,43],[241,41],[427,43],[216,43],[263,43],[265,43],[215,43],[246,43],[321,44],[264,44],[213,44],[306,45],[579,46],[383,45],[243,44],[266,45],[238,45],[162,42],[236,45],[526,46],[218,46],[621,48],[211,45],[237,47],[190,45],[596,47],[234,46],[578,49],[188,46],[498,48],[247,46],[163,45],[235,48],[469,48],[209,48],[367,48],[320,48],[214,47],[666,50],[207,49],[277,49],[210,49],[291,50],[413,50],[552,52],[208,50],[212,49],[187,48],[290,50],[337,50],[181,50],[205,51],[206,50],[160,50],[248,51],[440,51],[262,50],[177,51],[182,51],[338,51],[164,51],[179,52],[398,54],[351,53],[261,52],[184,53],[278,53],[497,55],[178,53],[161,53],[319,54],[399,55],[233,54],[183,54],[191,53],[180,55],[110,53],[441,56],[289,54],[368,56],[152,55],[154,55],[382,55],[136,53],[307,56],[153,56],[151,56],[150,56],[185,57],[128,57],[350,57],[260,56],[135,57],[155,57],[126,58],[220,56],[457,59],[127,58],[134,57],[219,57],[231,57],[158,59],[156,59],[428,60],[204,59],[157,59],[203,59],[129,59],[111,57],[439,61],[232,61],[62,53],[130,59],[175,61],[369,61],[192,59],[124,61],[202,59],[412,61],[249,60],[85,61],[137,60],[411,61],[42,54],[627,64],[123,62],[112,60],[125,63],[113,58],[551,63],[174,62],[87,60],[186,63],[99,62],[221,61],[86,61],[103,63],[109,63],[259,63],[381,63],[63,61],[670,67],[176,64],[88,62],[173,63],[104,63],[148,66],[165,63],[525,66],[101,66],[159,65],[146,66],[147,66],[667,69],[132,65],[44,61],[288,67],[122,65],[102,67],[41,60],[131,67],[669,70],[149,68],[97,66],[89,65],[79,68],[121,66],[318,69],[200,67],[114,67],[100,68],[308,68],[486,71],[53,66],[201,68],[133,71],[54,64],[65,66],[496,72],[166,69],[108,72],[105,71],[107,71],[120,69],[77,72],[138,68],[61,69],[78,72],[317,72],[18,69],[64,67],[83,72],[55,72],[43,67],[25,66],[81,74],[230,72],[98,72],[90,69],[106,74],[68,67],[80,74],[167,71],[229,75],[57,74],[84,73],[76,75],[115,71],[36,73],[468,77],[82,76],[73,71],[96,72],[59,76],[410,77],[28,69],[280,75],[20,75],[145,74],[56,77],[66,73],[571,79],[380,77],[23,72],[52,74],[139,76],[37,77],[71,75],[602,81],[24,72],[60,76],[75,78],[5,73],[438,80],[309,77],[67,76],[58,79],[222,76],[16,74],[74,75],[116,77],[33,76],[26,74],[140,78],[0,73],[172,79],[195,78],[119,79],[46,74],[95,78],[12,74],[257,83],[577,84],[349,84],[251,80],[340,81],[31,76],[253,79],[72,79],[91,78],[94,80],[171,81],[19,82],[47,74],[118,79],[21,82],[51,79],[371,82],[34,79],[287,85],[199,84],[223,80],[35,79],[144,83],[252,82],[10,80],[32,79],[258,85],[409,87],[17,77],[70,83],[49,83],[404,80],[14,80],[379,87],[50,81],[141,82],[194,83],[30,80],[40,87],[342,83],[467,90],[286,89],[92,85],[13,83],[372,86],[143,86],[6,86],[281,87],[39,90],[310,85],[4,82],[38,88],[373,85],[461,90],[22,90],[256,89],[198,88],[348,92],[624,88],[599,86],[316,92],[228,89],[2,90],[311,86],[48,86],[346,92],[520,89],[170,90],[491,90],[93,88],[27,87],[315,93],[8,92],[518,88],[598,89],[573,91],[117,90],[197,91],[11,90],[15,88],[462,90],[647,94],[314,94],[227,92],[437,97],[45,91],[490,95],[285,95],[686,96],[521,94],[345,95],[347,98],[545,97],[1,96],[69,92],[574,96],[283,94],[572,94],[284,96],[9,97],[255,96],[29,93],[487,94],[668,97],[376,97],[225,94],[622,100],[488,97],[313,97],[466,101],[168,96],[408,100],[547,97],[7,98],[687,96],[516,98],[169,96],[377,100],[430,99],[282,96],[460,95],[375,99],[193,97],[226,96],[458,100],[495,105],[600,99],[493,104],[459,98],[544,101],[3,94],[489,99],[646,102],[406,102],[224,97],[463,102],[429,96],[339,100],[254,100],[702,99],[546,98],[407,105],[625,105],[402,103],[405,105],[436,108],[432,98],[524,108],[519,107],[401,101],[465,107],[344,106],[370,100],[403,104],[492,106],[523,109],[433,102],[341,99],[374,106],[431,105],[142,103],[548,107],[250,99],[494,109],[435,109],[549,112],[196,103],[597,106],[575,109],[400,108],[550,111],[434,109],[517,106],[378,112],[601,111],[343,107],[522,112],[312,105],[623,112],[464,111],[648,112],[279,108],[576,115],[626,115]

