Experiment Name: Custom-SmallerMap-1
Method Used: FlowGraph
Run Number: 3
Preparation Time: 37.5113ms
Pathfinding Time: 16.2871ms
Finish Time: 136.5611ms
Finish Time 90%: 95.3218ms
Repaths: 0
Soft Repaths: 0

Gates Data:
5:[199,[23.30566,46.5842,0,[57.00096,44.43045]]],[198,[24.25831,48.49206,0,[57.00097,45.92234]]],[178,[23.99692,47.96487,0,[57.00097,44.19196]]],[179,[23.1712,46.26363,0,[57.00097,42.76302]]],[177,[24.75059,49.45759,0,[57.00097,44.91132]]],[197,[25.04093,50.02924,0,[57.00097,46.514]]],[158,[24.33184,48.42817,0,[57.00098,42.98928]]],[157,[25.45728,50.36702,0,[57.00097,45.23478]]],[176,[26.35575,52.65919,0,[58.00098,47.45796]]],[138,[25.00622,49.61054,0,[57.00097,43.74209]]],[156,[26.08455,51.90673,0,[57.00097,46.00063]]],[196,[26.6364,53.21849,0,[58.00098,48.94189]]],[136,[25.93957,51.68658,0,[57.00097,44.43645]]],[175,[27.18174,54.24276,0,[58.001,48.06289]]],[155,[26.80585,53.21178,0,[57.00097,46.58436]]],[139,[24.38822,47.87488,0,[57.00098,41.47278]]],[195,[27.58571,54.78038,0,[58.001,49.40101]]],[135,[26.68759,53.02047,0,[57.00097,45.15794]]],[159,[23.71829,46.9416,0,[57.00097,41.85064]]],[174,[28.08545,55.7108,0,[58.001,48.59989]]],[134,[27.55062,54.32268,0,[57.00098,45.88259]]],[133,[28.37283,56.18903,0,[57.00099,46.68869]]],[154,[28.22591,55.53156,0,[58.001,47.38995]]],[115,[27.09533,53.19047,0,[57.00098,44.37203]]],[114,[27.95721,54.91036,0,[57.00098,45.17915]]],[153,[29.26929,57.39917,0,[58.00099,47.88393]]],[132,[28.77939,56.74559,0,[57.00099,45.90797]]],[173,[28.89441,57.05939,0,[58.001,48.79253]]],[95,[28.238,54.64365,0,[57.00099,44.17118]]],[137,[25.43798,49.85759,0,[57.00097,42.83068]]],[152,[29.86879,58.086,0,[58.001,47.41808]]],[113,[28.97172,56.10503,0,[57.00099,44.81404]]],[96,[27.46838,53.29703,0,[57.00099,43.53263]]],[194,[28.58011,56.25482,0,[58.001,49.75593]]],[97,[26.66393,51.91698,0,[57.00099,42.70476]]],[131,[29.5316,58.28473,0,[57.001,46.26756]]],[76,[27.80512,53.72932,0,[57.00099,42.55034]]],[94,[28.54521,54.85347,0,[57.001,43.15543]]],[172,[29.8384,58.78407,0,[58.00099,48.70387]]],[77,[27.09252,52.63369,0,[57.001,41.86277]]],[151,[30.55493,59.46025,0,[58.001,47.40993]]],[130,[30.30655,59.61457,0,[57.00099,46.07037]]],[150,[31.252,60.92037,0,[58.001,47.4313]]],[112,[29.6661,57.7396,0,[57.001,45.18578]]],[93,[29.30426,56.68166,0,[57.001,43.96678]]],[171,[30.47419,59.57558,0,[58.00099,48.84695]]],[149,[32.04007,62.26156,0,[58.001,47.72599]]],[170,[31.11201,60.88092,0,[58.001,48.55977]]],[110,[30.83845,59.67815,0,[57.00099,45.02105]]],[193,[29.65677,57.78167,0,[58.00099,49.83762]]],[111,[30.14091,58.21479,0,[57.00098,44.6624]]],[90,[31.6861,60.22891,0,[57.001,44.36881]]],[129,[30.98855,60.88395,0,[57.00099,46.28391]]],[74,[29.62754,56.06458,0,[57.001,43.1086]]],[109,[31.67487,61.24931,0,[57.001,45.55659]]],[116,[26.23408,52.07059,0,[57.00098,43.43955]]],[91,[30.90236,58.63057,0,[57.00099,43.76846]]],[148,[32.98679,63.71255,0,[58.00097,48.46558]]],[72,[31.03864,57.94757,0,[57.001,42.46653]]],[92,[30.22126,57.53001,0,[57.00098,43.5431]]],[191,[31.69202,60.06494,0,[58.0009,49.30767]]],[128,[31.74616,62.34983,0,[57.001,46.72261]]],[108,[32.97263,63.97846,0,[58.00099,47.1936]]],[88,[32.46875,63.09454,0,[57.00099,45.81936]]],[71,[32.33864,60.30114,0,[57.00099,44.50168]]],[73,[30.40811,57.04721,0,[57.001,42.39531]]],[75,[28.57769,54.14956,0,[57.001,41.76285]]],[192,[30.74491,59.65739,0,[58.00098,49.90158]]],[89,[33.01186,62.69589,0,[57.001,45.39694]]],[51,[33.49895,62.15843,0,[57.001,44.29266]]],[147,[33.77789,64.72862,0,[58.001,47.73531]]],[52,[31.78653,59.20148,0,[57.001,43.17782]]],[55,[29.74405,55.49233,0,[57.001,41.77239]]],[127,[33.26164,63.69446,0,[57.001,46.64459]]],[53,[32.40012,58.68753,0,[57.001,43.05904]]],[70,[32.85832,61.67397,0,[57.00099,44.063]]],[190,[32.40405,61.70554,0,[58.00093,49.87823]]],[167,[33.90282,65.11115,0,[58.00099,48.86472]]],[119,[25.86581,48.05577,0,[56.001,40.88508]]],[69,[33.68567,64.01738,0,[57.001,45.56627]]],[32,[33.19599,61.21386,0,[57.001,42.98716]]],[50,[34.58762,65.16037,0,[57.00099,46.30758]]],[87,[33.93218,65.06573,0,[57.001,46.77364]]],[31,[34.26806,63.74301,0,[57.001,45.05208]]],[54,[30.55496,56.12654,0,[57.001,41.10429]]],[33,[34.03587,62.08448,0,[57.001,43.65231]]],[166,[34.6111,66.24506,0,[58.00094,48.38297]]],[126,[35.16302,67.94739,0,[58.00098,48.87927]]],[189,[34.0787,63.24885,0,[58.00081,49.89286]]],[34,[32.45475,58.17683,0,[57.001,41.80319]]],[107,[35.07114,66.78677,0,[58.001,47.32317]]],[12,[34.85079,64.33791,0,[57.001,44.10117]]],[168,[33.33663,63.94863,0,[58.00092,50.21466]]],[169,[32.36569,62.60911,0,[58.00099,48.59809]]],[49,[35.29524,67.22193,0,[57.001,46.69041]]],[30,[35.04416,66.20512,0,[57.001,45.30107]]],[79,[34.10303,54.90246,0,[57.001,42.27267]]],[19,[35.01061,60.07387,0,[57.001,41.32528]]],[68,[35.85228,67.45373,0,[58.00098,47.82908]]],[10,[36.57646,70.28578,0,[58.001,47.42946]]],[17,[33.1791,58.02174,0,[57.001,41.71741]]],[118,[24.53746,48.22628,0,[56.00099,40.95195]]],[13,[35.8552,65.29854,0,[57.00098,44.4781]]],[35,[31.6161,56.54179,0,[57.001,41.87794]]],[146,[36.08471,68.4566,0,[58.00099,48.81415]]],[16,[34.84157,61.5672,0,[57.001,42.76464]]],[11,[35.81929,67.7289,0,[57.00099,45.86506]]],[38,[32.84737,54.37124,0,[56.001,40.42306]]],[15,[35.99908,62.57042,0,[57.00098,41.90724]]],[117,[25.79121,50.33009,0,[57.00097,41.77771]]],[59,[35.57133,59.53444,0,[57.00098,43.02272]]],[188,[34.93298,64.58616,0,[58.001,50.30972]]],[57,[29.16879,54.0546,0,[57.001,42.34808]]],[18,[32.01261,54.91475,0,[56.001,40.44933]]],[14,[36.45428,63.98899,0,[57.00099,43.49321]]],[187,[36.97186,68.1746,0,[58.00075,48.83404]]],[36,[29.35257,53.93808,0,[56.001,40.38967]]],[58,[30.612,51.77686,0,[56.001,40.60111]]],[39,[33.73489,58.82924,0,[56.001,40.81375]]],[37,[31.28909,53.23462,0,[56.001,40.58498]]],[56,[27.83402,53.83234,0,[57.001,41.13748]]],[78,[27.9389,50.30449,0,[56.001,40.42258]]],[98,[26.67121,49.08135,0,[56.001,40.42154]]],[99,[28.72699,49.30228,0,[56.00099,40.722]]],[185,[55.08044,93.39049,0,[58.00097,49.55837]]],[184,[54.8609,93.99754,0,[58.00097,48.2353]]],[186,[55.90164,94.91412,0,[58.00098,49.36284]]],[165,[87.34415,153.3815,0,[58.00097,48.90398]]]
8:[199,[52.50121,104.7022,0,[93.86743,74.00091]]],[198,[53.24413,105.9691,0,[92.91224,74.00097]]],[178,[53.85671,107.4324,0,[93.67422,74.00096]]],[179,[54.36574,107.3153,0,[94.42229,74.00095]]],[177,[54.51991,108.5694,0,[92.98248,74.00097]]],[197,[54.06806,107.3115,0,[92.0299,74.00098]]],[158,[55.1106,109.5325,0,[94.36982,74.0009]]],[157,[55.27029,109.7538,0,[92.95493,74.00093]]],[176,[54.38969,108.0612,0,[91.83315,73.00095]]],[138,[56.09075,111.3229,0,[93.7757,74.00099]]],[156,[56.03254,111.2294,0,[92.66434,74.00098]]],[196,[55.163,108.1654,0,[91.88464,73.00092]]],[136,[56.7781,112.8343,0,[93.28416,74.00091]]],[175,[56.04615,111.0084,0,[91.99967,73.04028]]],[155,[56.99694,111.6804,0,[91.99955,73.68391]]],[139,[57.56836,112.7991,0,[93.60951,74.00092]]],[195,[56.12677,110.0808,0,[90.60686,73.00093]]],[135,[57.81195,114.0207,0,[92.29502,74.00088]]],[159,[58.04083,110.5774,0,[94.57983,74.00094]]],[174,[56.99028,110.958,0,[90.7211,73.00091]]],[134,[58.82198,115.3265,0,[92.70229,74.00092]]],[133,[58.29191,115.0407,0,[91.99963,73.30627]]],[154,[57.55512,112.8778,0,[91.49495,73.00084]]],[115,[59.34507,116.1955,0,[93.71964,74.001]]],[114,[59.57212,116.5872,0,[92.55288,74.00098]]],[153,[58.49156,114.0779,0,[90.92232,73.00092]]],[132,[59.0245,116.4272,0,[91.63379,73.00098]]],[173,[57.98085,112.9307,0,[89.8841,73.00082]]],[95,[60.00356,116.8115,0,[93.20731,74.00098]]],[137,[60.01597,113.0801,0,[94.55643,74.00095]]],[152,[59.38952,115.748,0,[90.65292,73.00098]]],[113,[60.37654,117.6383,0,[92.06628,74.00097]]],[96,[60.58173,116.9916,0,[93.28249,74.00088]]],[194,[58.974,111.7602,0,[89.57592,73.00091]]],[97,[60.90884,117.4533,0,[94.03448,74.00093]]],[131,[60.01886,117.3257,0,[91.03639,73.00098]]],[76,[61.17015,119.111,0,[92.18124,74.00095]]],[94,[61.4574,118.7429,0,[93.04496,74.00097]]],[172,[59.83537,115.0496,0,[89.56149,73.00098]]],[77,[61.57743,118.9334,0,[94.10275,74.00096]]],[151,[60.63789,116.7329,0,[91.35568,73.00095]]],[130,[62.17156,120.3183,0,[92.99139,74.00099]]],[150,[61.95966,119.6945,0,[91.99963,73.89592]]],[112,[61.23443,119.6716,0,[91.36118,73.00095]]],[93,[62.43325,120.5454,0,[93.95078,74.001]]],[171,[60.50732,115.1342,0,[89.87181,73.00098]]],[149,[61.91712,119.3843,0,[91.23116,73.00095]]],[170,[61.16311,117.4083,0,[90.00466,73.00095]]],[110,[62.77245,121.6185,0,[92.39786,74.00098]]],[193,[61.80201,113.4465,0,[89.95139,73.00096]]],[111,[63.0488,120.9723,0,[93.2802,74.001]]],[90,[63.54931,122.0998,0,[92.06898,74.00099]]],[129,[62.5646,121.0291,0,[91.56204,73.00098]]],[74,[63.66534,121.3022,0,[93.47556,74.00091]]],[109,[62.6045,120.6225,0,[90.42899,73.00098]]],[116,[58.64915,114.7104,0,[93.88397,74.00093]]],[91,[64.10089,122.0282,0,[92.1397,74.00097]]],[148,[63.20513,121.3437,0,[90.91867,73.00099]]],[72,[64.41854,123.0095,0,[92.93518,74.00096]]],[92,[64.25463,121.1104,0,[94.32188,74.00097]]],[191,[63.298,115.8795,0,[89.51641,73.00099]]],[128,[62.57884,120.0967,0,[89.29317,73.00098]]],[108,[63.82679,122.6594,0,[91.14566,73.00092]]],[88,[64.19284,124.1466,0,[91.99974,73.03291]]],[71,[65.26888,123.6555,0,[92.40656,74.00096]]],[73,[64.84891,123.5163,0,[93.48621,74.00098]]],[75,[65.00159,121.6222,0,[94.54162,74.00098]]],[192,[63.87947,116.3231,0,[89.86269,73.00094]]],[89,[64.8298,124.1156,0,[91.52012,73.00095]]],[51,[65.48947,124.5328,0,[91.9998,73.27099]]],[147,[64.56532,122.8533,0,[90.60925,73.00097]]],[52,[65.63916,123.7945,0,[93.14944,74.00095]]],[55,[65.80134,122.3424,0,[94.12426,74.00096]]],[127,[65.40698,123.7936,0,[90.74424,73.00098]]],[53,[66.52835,124.7004,0,[92.98578,74.00096]]],[70,[66.24803,125.8773,0,[91.99976,73.65135]]],[190,[64.60033,118.7751,0,[89.36873,73.00098]]],[167,[65.28741,122.0193,0,[89.54725,73.00099]]],[119,[66.50945,118.995,0,[94.18417,74.00099]]],[69,[67.1247,126.5939,0,[92.1167,74.001]]],[32,[67.20361,126.2498,0,[93.20776,74.001]]],[50,[66.64249,126.1401,0,[91.30771,73.00093]]],[87,[66.01156,124.7309,0,[91.01093,73.00097]]],[31,[67.44493,127.4087,0,[91.99967,73.50215]]],[54,[67.35365,124.0884,0,[94.27026,74.001]]],[33,[67.84721,127.7683,0,[92.8193,74.00093]]],[166,[66.68613,124.566,0,[90.18786,73.00093]]],[126,[66.0032,125.1845,0,[89.69485,73.00098]]],[189,[67.28966,120.1193,0,[90.89275,73.00097]]],[34,[68.05408,125.3308,0,[93.76161,74.001]]],[107,[67.78993,126.1176,0,[91.60571,73.00092]]],[12,[68.59116,128.1755,0,[92.38628,74.00098]]],[168,[67.32479,120.4625,0,[89.41807,73.001]]],[169,[66.68547,118.9777,0,[89.04607,73.00096]]],[49,[68.03572,127.1273,0,[90.40676,73.001]]],[30,[68.47893,128.3244,0,[91.66542,73.00095]]],[79,[68.66771,122.0911,0,[93.51965,74.001]]],[19,[69.25578,126.3547,0,[92.65165,74.00097]]],[68,[67.90376,124.569,0,[89.32079,73.00089]]],[10,[68.76141,127.7823,0,[90.50124,73.00096]]],[17,[69.9291,127.5455,0,[92.59704,74.00095]]],[118,[63.32778,115.3805,0,[94.65404,74.00095]]],[13,[69.10843,126.1474,0,[91.8204,73.00096]]],[35,[69.43963,124.892,0,[93.7523,74.00099]]],[146,[68.60497,124.5811,0,[89.37004,73.00099]]],[16,[70.53203,128.7643,0,[92.07982,74.00097]]],[11,[69.4351,127.2477,0,[90.58197,73.00097]]],[38,[70.79381,126.2983,0,[93.01488,74.00095]]],[15,[69.9176,126.3487,0,[91.17731,73.00092]]],[117,[68.69482,117.8326,0,[94.66626,74.00088]]],[59,[70.60962,125.2437,0,[91.54298,73.00095]]],[188,[69.33257,121.1903,0,[89.34911,73.00098]]],[57,[71.36015,124.9988,0,[93.47793,74.00099]]],[18,[71.54438,129.2444,0,[92.13345,74.00098]]],[14,[70.73505,126.4002,0,[90.1497,73.00095]]],[187,[70.12019,126.0868,0,[89.60394,73.00098]]],[36,[72.21822,128.1594,0,[93.29597,74.00095]]],[58,[72.25681,127.3589,0,[92.0564,74.00092]]],[39,[71.45257,131.0117,0,[90.85389,73.00097]]],[37,[70.18612,125.0247,0,[93.67674,74.00097]]],[56,[72.13683,120.151,0,[94.55921,74.00093]]],[78,[72.11118,130.8239,0,[91.05962,73.00091]]],[98,[73.0947,128.2004,0,[92.23892,74.00099]]],[99,[72.99906,121.0984,0,[93.79405,74.00088]]],[185,[83.59072,150.111,0,[92.80795,74.001]]],[184,[84.32757,152.7136,0,[93.98727,74.00095]]],[186,[84.79202,152.1405,0,[92.5111,74.00095]]],[165,[116.1568,210.6546,0,[93.25425,74.00099]]]
3:[46,[43.42962,86.07767,1,[49.00062,75.12218]]],[47,[44.01337,86.49721,1,[49.00055,75.17086]]],[28,[44.38,86.83862,1,[49.0006,74.62238]]],[86,[44.00843,86.05695,1,[49.00079,76.95091]]],[26,[45.03286,88.9557,1,[49.00073,76.58252]]],[8,[45.03665,87.80574,1,[49.00073,74.71815]]],[45,[45.92457,90.27734,1,[49.0007,77.80723]]],[27,[45.46052,88.81602,1,[49.00073,76.19672]]],[6,[46.39334,91.5295,1,[49.00079,77.34672]]],[7,[46.02639,90.39525,1,[49.00079,75.97967]]],[106,[44.47937,86.36668,1,[49.00077,78.55951]]],[25,[46.99925,91.79128,1,[49.00068,77.34343]]],[64,[46.7956,90.85246,1,[49.00079,78.74435]]],[29,[45.61765,86.87341,1,[49.0005,74.41364]]],[48,[46.73009,88.55056,1,[49.00067,75.93242]]],[24,[47.63983,91.90483,1,[49.00077,77.21605]]],[9,[46.37828,89.58376,1,[49.00064,74.45425]]],[4,[47.46022,92.40685,1,[49.00072,75.95174]]],[2,[48.28103,94.66131,1,[49.00087,77.10237]]],[22,[48.48363,94.1241,1,[49.00088,78.32552]]],[44,[47.37234,92.60846,1,[49.0008,78.70261]]],[3,[48.13188,93.11867,1,[49.00069,75.92632]]],[21,[49.18121,93.56213,1,[49.0009,77.18198]]],[23,[47.89945,93.80524,1,[49.00077,78.55697]]],[5,[47.14222,91.15533,1,[49.00071,74.55479]]],[102,[49.06948,91.21927,1,[49.00093,78.17288]]],[1,[49.03897,94.46445,1,[49.00072,75.94174]]],[67,[47.67547,86.96267,1,[49.00038,74.26405]]],[82,[49.31628,92.89917,1,[49.00093,79.35891]]],[121,[49.8041,91.85055,1,[49.00084,78.33625]]],[20,[49.98406,94.33772,1,[49.00072,76.13036]]],[62,[48.93311,93.83064,1,[48.00085,80.12729]]],[41,[49.99202,93.6881,1,[49.00072,77.4652]]],[66,[48.82018,89.77444,1,[49.00033,74.48492]]],[40,[50.10633,92.78506,1,[49.00075,74.96195]]],[142,[50.01017,91.08791,1,[49.00092,79.60892]]],[0,[50.78749,96.71049,1,[49.00078,76.57404]]],[182,[50.76907,90.69196,1,[49.00085,79.89052]]],[81,[50.78284,92.24121,1,[49.00075,77.76211]]],[42,[48.7707,94.44241,1,[49.00088,79.57887]]],[61,[50.62027,93.93551,1,[49.00085,78.65737]]],[60,[51.25368,92.23662,1,[49.00081,76.01873]]],[43,[48.26801,94.37252,1,[49.0009,79.83183]]],[83,[48.27097,92.09263,1,[48.00089,80.36729]]],[105,[45.52297,88.13203,1,[48.00068,80.29552]]],[80,[51.58761,90.49522,1,[49.00071,75.16974]]],[122,[49.641,91.52406,1,[48.00085,80.27514]]],[65,[45.054,88.52303,1,[49.00072,77.71265]]],[63,[47.70643,92.61602,1,[48.86883,80.0006]]],[101,[51.54747,91.14157,1,[49.00088,77.63061]]],[103,[49.17912,92.67724,1,[48.00092,81.36523]]],[84,[46.26167,89.80723,1,[49.00079,79.27233]]],[100,[52.17529,91.74554,1,[49.00087,77.15809]]],[181,[50.50983,91.78427,1,[48.00087,80.62011]]],[161,[51.44054,92.64774,1,[48.86486,80.00049]]],[160,[51.5061,92.73605,1,[48.00086,81.03663]]],[120,[52.09653,92.62849,1,[48.56179,80.00041]]],[183,[50.96348,90.14102,1,[48.0009,82.08377]]],[141,[51.53188,91.93087,1,[49.00089,78.8634]]],[143,[49.8551,92.59911,1,[48.00093,82.45026]]],[162,[50.14693,91.6724,1,[48.00089,81.57249]]],[123,[48.50902,91.96272,1,[48.00089,81.63407]]],[145,[47.17977,87.09104,0,[48.94349,80.00041]]],[125,[44.83233,87.39755,1,[48.53399,80.00065]]],[180,[52.75104,90.82596,1,[49.00073,76.45699]]],[144,[48.13611,90.47857,1,[48.00084,82.36929]]],[163,[49.16752,91.90987,1,[48.00086,82.66647]]],[140,[52.30992,92.6319,1,[49.0009,78.72543]]],[164,[47.10892,89.43539,1,[48.00087,82.0349]]],[124,[46.14653,88.58577,1,[48.00078,80.18093]]],[85,[45.57237,88.8596,1,[49.0007,79.35723]]],[104,[47.69827,90.32711,1,[48.0008,80.79881]]],[165,[47.12038,86.87283,0,[48.00089,80.78679]]]
6:[46,[54.58755,108.2211,1,[70.001,79.65105]]],[47,[55.52754,109.2287,1,[70.001,79.83651]]],[28,[55.90837,109.3749,1,[70.00099,78.57865]]],[86,[55.76244,107.1122,1,[69.001,80.08176]]],[26,[56.50175,111.3862,1,[70.00096,79.31493]]],[8,[56.67892,110.1647,1,[70.00098,78.10487]]],[45,[56.73771,111.3331,1,[69.001,80.12809]]],[27,[57.15129,111.05,1,[70.00096,79.11507]]],[6,[57.82785,113.5303,1,[70.00098,78.9006]]],[7,[57.76042,112.9303,1,[70.53952,78.00021]]],[106,[57.29754,108.0214,1,[69.001,80.14922]]],[25,[58.41478,113.7226,1,[70.00098,79.54682]]],[64,[58.01255,111.6805,1,[69.00098,80.48988]]],[29,[58.46872,109.2523,1,[70.00098,78.05708]]],[48,[58.91246,110.5816,1,[70.001,78.92529]]],[24,[58.68033,112.6146,1,[69.00099,80.07563]]],[9,[59.3431,112.1355,1,[70.00098,78.05571]]],[4,[59.55408,114.3633,1,[70.00098,79.36181]]],[2,[60.00567,116.447,1,[70.00098,78.72546]]],[22,[60.40323,116.0288,1,[70.00098,79.63138]]],[44,[59.32245,113.5131,1,[69.00099,80.33566]]],[3,[60.53179,115.5705,1,[70.398,78.00027]]],[21,[60.91473,115.2558,1,[70.00098,79.09134]]],[23,[60.16476,114.9212,1,[69.00098,80.49778]]],[5,[61.07949,113.7174,1,[70.00096,78.09908]]],[102,[60.77423,112.1033,1,[69.13072,80.00012]]],[1,[61.65449,116.5297,1,[70.00098,79.17707]]],[67,[61.83778,109.7418,1,[70.00097,78.08288]]],[82,[61.33524,113.7973,1,[69.00099,80.16235]]],[121,[62.29293,113.8389,1,[70.00096,79.4136]]],[20,[62.56011,116.614,1,[70.00098,78.28387]]],[62,[62.04499,116.3555,1,[69.00098,80.41418]]],[41,[62.98555,115.7187,1,[70.00098,79.58273]]],[66,[63.21298,112.3329,1,[70.00098,78.00775]]],[40,[64.15543,115.1897,1,[70.00098,78.00806]]],[142,[64.19888,113.3122,1,[70.00098,79.21394]]],[0,[63.58837,118.7491,1,[70.00098,78.98326]]],[182,[64.91312,113.8987,1,[70.001,79.5733]]],[81,[64.75462,114.7627,1,[70.001,78.43963]]],[42,[63.85794,116.4274,1,[69.001,80.30704]]],[61,[65.64282,117.2916,1,[70.00097,79.36305]]],[60,[65.44488,114.9381,1,[70.00098,78.1035]]],[43,[64.93988,117.3963,1,[69.001,80.21246]]],[83,[66.18666,117.6695,1,[70.00095,78.965]]],[105,[65.78072,114.9472,1,[69.001,80.02299]]],[80,[66.48649,113.0828,1,[70.21265,78.00032]]],[122,[66.90031,117.038,1,[70.001,79.38341]]],[65,[66.34331,110.5228,1,[69.001,80.51597]]],[63,[67.44685,118.876,1,[70.00097,79.89902]]],[101,[67.07959,114.3259,1,[70.00095,78.37657]]],[103,[67.90978,119.8533,1,[70.00098,79.18239]]],[84,[67.42927,112.3635,1,[69.001,80.3634]]],[100,[67.67036,115.0189,1,[70.00098,78.03497]]],[181,[68.19405,117.5195,1,[69.37013,80.00028]]],[161,[68.63172,117.6878,1,[70.00097,79.11486]]],[160,[68.37729,119.2106,1,[70.03073,78.00024]]],[120,[69.26734,117.8218,1,[70.00096,79.55475]]],[183,[68.6404,115.6153,1,[69.001,80.50579]]],[141,[69.20475,117.2618,1,[70.00097,78.27826]]],[143,[69.51484,121.0659,1,[69.001,80.27298]]],[162,[69.86423,121.6271,1,[70.00099,79.17873]]],[123,[70.21883,117.1412,1,[69.00098,80.32397]]],[145,[63.4682,109.7615,0,[69.43935,80.00016]]],[125,[70.55981,126.1196,1,[70.00098,79.32529]]],[180,[70.0433,115.9619,1,[70.00096,78.14137]]],[144,[71.3526,120.4042,1,[70.00096,79.25691]]],[163,[71.03244,118.2279,1,[69.00096,80.13512]]],[140,[70.82575,118.1364,1,[70.00098,78.19614]]],[164,[71.64133,125.0144,1,[70.00096,78.24248]]],[124,[72.26185,120.1845,1,[70.00096,79.9304]]],[85,[72.37678,124.9767,1,[70.00098,78.63643]]],[104,[73.05574,121.5724,1,[70.00089,79.51803]]]

Travel Distances:
[199,141.5845],[198,145.4176],[178,145.6251],[179,143.9572],[177,147.4098],[197,147.1446],[158,146.6971],[157,149.1331],[176,149.2504],[138,148.7431],[156,149.052],[196,149.7889],[136,150.8512],[175,150.8631],[155,149.5948],[139,149.398],[195,151.7917],[135,152.2394],[159,148.0424],[174,150.925],[134,153.2581],[133,154.29],[154,153.5574],[115,152.4949],[114,153.3267],[153,155.025],[132,156.2487],[173,154.9241],[95,154.5016],[137,150.1932],[46,156.7913],[152,156.9081],[113,156.7758],[96,155.2929],[194,153.7717],[97,154.7788],[47,158.0634],[131,157.2343],[76,158.7076],[94,157.5436],[28,159.4066],[172,157.2954],[77,156.6001],[86,157.2213],[151,157.4241],[130,157.5365],[150,157.5683],[112,159.1662],[26,159.9246],[8,160.6374],[93,158.5891],[171,157.9694],[149,159.3189],[170,159.009],[110,159.6854],[45,161.2516],[193,153.6874],[27,159.6814],[111,159.6304],[6,163.6496],[7,162.8655],[90,160.8305],[129,161.246],[106,158.4138],[25,162.3494],[64,161.1262],[74,158.8695],[109,161.2763],[116,152.8628],[91,161.6441],[29,159.9578],[148,162.5642],[48,160.2537],[72,161.475],[92,159.2026],[191,157.156],[24,162.5034],[128,162.1113],[108,162.7988],[88,163.4168],[9,162.9379],[71,162.8692],[4,164.6616],[73,162.1887],[75,160.1263],[192,158.418],[2,166.0441],[89,164.2051],[22,164.7664],[44,163.9652],[51,163.2724],[147,163.5717],[52,161.2233],[3,165.8356],[55,161.24],[21,165.0536],[23,165.486],[127,164.657],[53,162.7989],[70,164.9006],[190,161.3391],[167,163.3315],[119,156.5827],[5,162.8564],[102,161.7982],[69,165.7912],[1,166.6747],[32,164.8288],[50,166.7043],[87,166.199],[31,166.2261],[67,159.4591],[54,161.8394],[33,165.0968],[82,163.7644],[166,165.0486],[126,166.5932],[121,162.46],[189,161.3595],[34,163.5133],[107,166.305],[20,166.8746],[12,166.3246],[168,161.7126],[169,161.45],[62,166.8749],[41,164.6228],[49,166.9552],[30,167.1702],[66,163.1643],[79,160.9684],[19,165.1634],[68,166.5576],[10,167.9438],[17,165.0579],[118,154.0522],[40,164.5711],[142,162.1977],[0,168.4299],[13,165.1492],[35,163.4314],[146,166.7391],[16,167.4764],[182,163.5638],[81,164.398],[11,168.05],[42,166.6998],[38,163.9202],[15,166.1374],[61,165.7806],[117,155.1325],[59,165.7561],[60,165.1322],[188,164.0602],[43,168.4878],[83,167.0317],[57,162.9848],[18,167.5877],[105,164.5496],[14,166.7076],[187,166.864],[80,161.7633],[36,167.2058],[122,166.9423],[58,166.4402],[39,171.405],[65,160.5986],[63,167.2556],[101,163.6314],[37,162.6399],[56,158.3257],[103,169.7809],[78,172.3891],[98,167.7674],[84,162.6035],[100,165.0067],[99,159.0277],[181,166.1949],[161,166.2518],[160,169.7729],[120,166.9471],[183,165.2904],[141,166.2809],[143,169.5139],[162,171.4842],[123,166.184],[145,161.1879],[125,174.5196],[180,165.521],[144,169.3325],[163,167.517],[140,168.1102],[164,175.4173],[124,169.3089],[85,173.714],[104,171.1118],[185,188.7936],[184,189.7321],[186,190.325],[165,248.2179]

Finish Times:
[199,72.92129],[198,74.00131],[178,74.08131],[179,74.72133],[177,75.08134],[197,75.20134],[158,75.56135],[157,75.96136],[176,76.24136],[138,76.36137],[156,76.60137],[196,77.04138],[136,77.16138],[175,77.52139],[155,77.7214],[139,77.7614],[195,78.36141],[135,78.48141],[159,78.48141],[174,78.88142],[134,79.08143],[133,79.20143],[154,79.20143],[115,79.80145],[114,79.92145],[153,80.28146],[132,80.36146],[173,80.40146],[95,80.56146],[137,80.60146],[46,80.92147],[152,81.12148],[113,81.16148],[96,81.20148],[194,81.36148],[97,81.52148],[47,81.64149],[131,81.84149],[76,82.0015],[94,82.0415],[28,82.2815],[172,82.3215],[77,82.4015],[86,82.68151],[151,82.68151],[130,82.80151],[150,82.80151],[112,82.88152],[26,82.92152],[8,83.16152],[93,83.28152],[171,83.28152],[149,83.44153],[170,83.44153],[110,83.48153],[45,83.68153],[193,83.76154],[27,83.84154],[111,83.96154],[6,84.04154],[7,84.12154],[90,84.20155],[129,84.32155],[106,84.52155],[25,84.64156],[64,84.68156],[74,84.68156],[109,84.76156],[116,84.84156],[91,85.00156],[29,85.04156],[148,85.04156],[48,85.32157],[72,85.44157],[92,85.52158],[191,85.56158],[24,85.60158],[128,85.72158],[108,85.80158],[88,85.88158],[9,86.04159],[71,86.16159],[4,86.24159],[73,86.28159],[75,86.3616],[192,86.4416],[2,86.4816],[89,86.6016],[22,86.7616],[44,86.84161],[51,86.84161],[147,86.88161],[52,86.92161],[3,87.04161],[55,87.16161],[21,87.28162],[23,87.36162],[127,87.36162],[53,87.48162],[70,87.52162],[190,87.52162],[167,87.68163],[119,87.76163],[5,87.80163],[102,87.88163],[69,88.04163],[1,88.08163],[32,88.20164],[50,88.24164],[87,88.24164],[31,88.52164],[67,88.52164],[54,88.68165],[33,88.76165],[82,88.76165],[166,88.84165],[126,88.88165],[121,88.92165],[189,89.04166],[34,89.24166],[107,89.24166],[20,89.28166],[12,89.44167],[168,89.56167],[169,89.56167],[62,89.64167],[41,89.80167],[49,89.88168],[30,89.92168],[66,90.00168],[79,90.00168],[19,90.20168],[68,90.56169],[10,90.60169],[17,90.68169],[118,90.68169],[40,90.72169],[142,90.72169],[0,90.7617],[13,90.8817],[35,91.0817],[146,91.1217],[16,91.28171],[182,91.36171],[81,91.48171],[11,91.56171],[42,91.64172],[38,91.68172],[15,91.72172],[61,91.84172],[117,91.92172],[59,92.12173],[60,92.20173],[188,92.20173],[43,92.24173],[83,92.36173],[57,92.40173],[18,92.48174],[105,92.60174],[14,92.72174],[187,92.88174],[80,92.92175],[36,92.96175],[122,93.12175],[58,93.20175],[39,93.36176],[65,93.48176],[63,93.60176],[101,93.60176],[37,93.72176],[56,93.76176],[103,94.00177],[78,94.08177],[98,94.28178],[84,94.32178],[100,94.44178],[99,94.48178],[181,94.68179],[161,94.72179],[160,95.3218],[120,95.3618],[183,95.3618],[141,95.88181],[143,95.92181],[162,96.00182],[123,96.64183],[145,96.80183],[125,96.84184],[180,96.84184],[144,97.44185],[163,97.48185],[140,97.52185],[164,98.08186],[124,98.12186],[85,98.72188],[104,99.00188],[185,103.962],[184,104.682],[186,105.402],[165,136.5611]

Stuck Times:
[199,0],[198,0],[178,0],[179,0],[177,0],[197,0],[158,0],[157,0],[176,0],[138,0],[156,0],[196,0],[136,0],[175,0],[155,0],[139,0],[195,0],[135,0],[159,2],[174,0],[134,0],[133,0],[154,0],[115,0],[114,0],[153,0],[132,0],[173,0],[95,0],[137,4],[46,0],[152,0],[113,0],[96,1],[194,1],[97,0],[47,0],[131,0],[76,0],[94,0],[28,0],[172,0],[77,1],[86,2],[151,0],[130,0],[150,0],[112,0],[26,0],[8,0],[93,0],[171,1],[149,0],[170,0],[110,0],[45,0],[193,3],[27,0],[111,0],[6,0],[7,0],[90,0],[129,0],[106,3],[25,0],[64,0],[74,0],[109,0],[116,6],[91,0],[29,1],[148,0],[48,0],[72,0],[92,0],[191,3],[24,0],[128,0],[108,0],[88,0],[9,1],[71,1],[4,0],[73,0],[75,2],[192,4],[2,0],[89,0],[22,0],[44,1],[51,0],[147,0],[52,0],[3,0],[55,2],[21,0],[23,1],[127,0],[53,1],[70,0],[190,1],[167,0],[119,6],[5,1],[102,0],[69,0],[1,0],[32,0],[50,0],[87,0],[31,1],[67,4],[54,3],[33,1],[82,0],[166,0],[126,0],[121,1],[189,4],[34,3],[107,1],[20,0],[12,1],[168,2],[169,7],[62,1],[41,1],[49,1],[30,1],[66,2],[79,6],[19,2],[68,2],[10,1],[17,4],[118,13],[40,1],[142,2],[0,0],[13,2],[35,5],[146,1],[16,2],[182,2],[81,3],[11,1],[42,3],[38,5],[15,2],[61,4],[117,14],[59,4],[60,4],[188,4],[43,4],[83,5],[57,8],[18,5],[105,7],[14,3],[187,1],[80,7],[36,7],[122,6],[58,8],[39,3],[65,11],[63,7],[101,5],[37,9],[56,13],[103,7],[78,5],[98,9],[84,10],[100,6],[99,13],[181,6],[161,5],[160,2],[120,9],[183,9],[141,7],[143,5],[162,7],[123,11],[145,11],[125,6],[180,8],[144,9],[163,13],[140,9],[164,6],[124,12],[85,8],[104,10],[185,7],[184,6],[186,6],[165,7]

