Experiment Name: Custom-SmallerMap-1
Method Used: FlowGraph
Run Number: 6
Preparation Time: 37.5113ms
Pathfinding Time: 16.5868ms
Finish Time: 132.5618ms
Finish Time 90%: 94.72179ms
Repaths: 1
Soft Repaths: 0

Gates Data:
5:[199,[23.38622,46.74473,0,[57.00095,44.79807]]],[198,[24.2537,48.4793,0,[57.00097,45.78056]]],[178,[24.00789,47.9647,0,[57.00097,44.11002]]],[177,[24.76658,49.48306,0,[57.00097,44.83617]]],[158,[24.33496,48.37593,0,[57.00098,42.90009]]],[179,[23.22293,46.36855,0,[57.00096,43.06216]]],[157,[25.44818,50.56399,0,[57.00097,45.41339]]],[197,[25.07561,50.0965,0,[57.00097,46.62451]]],[156,[26.14025,52.08832,0,[57.00097,46.48141]]],[138,[25.09745,49.79277,0,[57.00098,43.69629]]],[176,[26.5365,53.02122,0,[58.00098,47.97643]]],[137,[25.7848,50.61866,0,[57.00097,44.1209]]],[175,[27.29266,54.46416,0,[58.001,48.28217]]],[196,[26.79051,53.53119,0,[58.00098,49.40286]]],[155,[26.86036,53.39096,0,[57.00098,46.84683]]],[136,[26.29544,52.28822,0,[57.00098,45.31264]]],[195,[27.68026,54.96035,0,[58.001,49.45056]]],[135,[27.01832,53.46672,0,[57.00099,45.59352]]],[174,[28.03383,55.52266,0,[58.001,48.06591]]],[116,[26.49721,52.50724,0,[57.00098,44.08471]]],[194,[28.50625,56.159,0,[58.001,49.57969]]],[114,[28.05522,54.98305,0,[57.001,45.31919]]],[154,[27.76548,54.43702,0,[57.00099,46.56729]]],[117,[25.97806,50.81155,0,[57.00098,42.81578]]],[133,[28.3713,56.16026,0,[57.00099,46.77267]]],[95,[27.94849,54.13097,0,[57.00098,43.9004]]],[159,[23.65029,46.96429,0,[57.00097,41.91856]]],[153,[29.25346,57.37495,0,[58.001,48.00817]]],[132,[28.74149,56.48339,0,[57.00098,45.69842]]],[134,[27.41039,53.89642,0,[57.00099,44.61958]]],[152,[29.65243,57.73701,0,[58.001,47.08474]]],[115,[27.01974,52.89568,0,[57.00099,43.365]]],[173,[28.97587,57.16798,0,[58.001,48.97401]]],[76,[28.23997,53.93517,0,[57.001,42.80119]]],[171,[30.16769,59.09211,0,[58.001,48.13095]]],[113,[28.8035,55.60622,0,[57.00099,44.36868]]],[131,[29.53739,58.15889,0,[57.001,46.07589]]],[172,[29.80988,58.73405,0,[58.001,48.96369]]],[112,[29.55178,57.36086,0,[57.00099,44.79883]]],[77,[27.50915,52.86622,0,[57.001,42.48409]]],[94,[28.92505,54.84025,0,[57.00099,43.08019]]],[130,[30.36761,59.66405,0,[57.001,46.46627]]],[151,[30.5759,59.46775,0,[58.001,47.41207]]],[78,[28.00995,52.37616,0,[57.00099,41.36526]]],[111,[30.53102,58.84528,0,[57.001,45.4263]]],[191,[30.84394,59.73627,0,[58.00097,48.899]]],[139,[24.30179,47.95066,0,[57.00099,41.24928]]],[193,[29.64294,57.91304,0,[58.001,50.03075]]],[93,[29.63111,56.66607,0,[57.00099,43.48971]]],[150,[31.43962,61.04543,0,[58.001,47.05853]]],[170,[31.43168,60.86519,0,[58.001,48.28857]]],[192,[30.72178,59.6584,0,[58.00097,50.04502]]],[119,[24.94356,47.80319,0,[56.00099,40.88789]]],[129,[31.2945,60.72296,0,[57.00099,45.99637]]],[110,[31.40307,59.82224,0,[57.00099,44.92508]]],[92,[30.84122,58.20515,0,[57.001,44.52241]]],[169,[31.97877,62.65112,0,[58.00099,48.90744]]],[128,[32.01641,62.14536,0,[57.001,46.29631]]],[72,[30.80251,58.48795,0,[57.001,43.34689]]],[74,[30.25379,56.42453,0,[57.001,44.13381]]],[91,[31.60958,58.89503,0,[57.00099,43.80903]]],[149,[32.04434,61.63466,0,[58.001,47.43711]]],[73,[31.16774,57.32628,0,[57.001,42.50463]]],[89,[32.34268,61.92368,0,[57.001,44.20822]]],[147,[33.34548,64.16669,0,[58.001,47.36319]]],[148,[32.70432,63.25269,0,[58.00099,47.63752]]],[70,[32.53207,61.08576,0,[57.001,43.09635]]],[109,[32.07317,61.21122,0,[57.001,45.15019]]],[127,[32.72988,63.00587,0,[57.00099,45.89746]]],[118,[25.12085,49.83852,0,[57.00098,42.25304]]],[71,[31.86404,59.74722,0,[57.001,42.73815]]],[108,[33.41488,63.02798,0,[57.001,46.46382]]],[50,[33.28304,62.37128,0,[57.001,43.88872]]],[69,[33.89374,63.67617,0,[57.001,45.50592]]],[90,[33.14648,61.20174,0,[57.001,45.0637]]],[168,[32.53632,63.04284,0,[58.00099,48.74378]]],[96,[26.88395,52.17693,0,[57.001,41.90483]]],[53,[32.94936,58.3049,0,[57.00099,42.27967]]],[126,[34.29686,66.11986,0,[58.001,47.61972]]],[49,[34.14816,64.35992,0,[57.001,44.42323]]],[88,[34.19541,64.74558,0,[57.001,46.6879]]],[51,[32.19537,59.71993,0,[57.001,41.66706]]],[55,[30.18864,55.58961,0,[57.001,42.70701]]],[187,[34.41241,65.14559,0,[58.00096,49.35162]]],[68,[34.70594,65.32415,0,[57.001,46.07543]]],[107,[35.33986,66.64764,0,[58.00098,47.29657]]],[32,[33.66841,61.86008,0,[57.001,42.97618]]],[167,[33.27545,64.49562,0,[58.001,48.69216]]],[146,[34.9303,66.82593,0,[58.00097,48.37521]]],[52,[31.44744,58.50394,0,[57.001,41.38851]]],[31,[34.81837,63.99224,0,[57.001,44.85673]]],[12,[35.55895,65.9254,0,[57.001,45.26958]]],[33,[34.382,62.54427,0,[57.001,43.32141]]],[87,[35.92426,68.18362,0,[58.001,48.18349]]],[166,[34.00077,65.64045,0,[58.001,48.5785]]],[15,[35.16109,64.26863,0,[57.001,43.80258]]],[30,[35.47425,67.52382,0,[57.001,46.74125]]],[10,[36.61585,71.28502,0,[58.001,48.34351]]],[16,[35.00392,62.69404,0,[57.001,42.49115]]],[99,[26.86038,49.14692,0,[56.001,40.75435]]],[190,[31.91952,61.57723,0,[58.00099,50.02959]]],[11,[36.30768,69.56917,0,[57.00099,46.79013]]],[13,[36.27728,66.88551,0,[57.00099,45.25782]]],[188,[32.94374,63.45058,0,[58.00097,49.94965]]],[17,[34.21531,60.48037,0,[57.001,42.02489]]],[189,[34.90558,63.44871,0,[58.00097,49.90168]]],[79,[33.76674,51.56665,0,[56.001,40.6423]]],[19,[36.75107,64.63099,0,[57.00098,43.73777]]],[18,[34.56218,58.84755,0,[56.001,40.93904]]],[186,[36.3025,66.88964,0,[58.001,49.73849]]],[38,[33.45507,56.28232,0,[57.001,41.60311]]],[34,[32.95041,56.6184,0,[56.001,40.36895]]],[14,[35.98725,66.23203,0,[57.00099,43.78144]]],[59,[36.39423,55.35342,0,[57.00099,42.07035]]],[54,[31.11866,54.52737,0,[56.001,40.20088]]],[98,[26.05224,48.99532,0,[56.001,40.40207]]],[36,[30.57408,55.35544,0,[57.001,41.73153]]],[39,[35.71103,62.90097,0,[57.00099,42.25412]]],[56,[29.51027,54.27625,0,[57.001,42.11563]]],[75,[28.72161,53.95175,0,[57.001,41.65015]]],[35,[32.02893,54.82719,0,[56.001,40.56068]]],[37,[30.24615,53.11024,0,[56.001,40.45349]]],[58,[29.31447,51.73289,0,[56.001,40.88892]]],[57,[28.63616,51.6744,0,[56.001,40.46963]]],[97,[26.20632,51.04315,0,[57.001,41.56459]]],[184,[76.19144,142.885,0,[58.001,48.77477]]],[185,[82.61137,149.4724,0,[58.00098,49.35265]]],[145,[83.01273,151.3672,0,[58.00097,47.76838]]]
8:[199,[52.58072,104.9327,0,[93.14943,74.00099]]],[198,[53.32026,105.9411,0,[93.44395,74.00094]]],[178,[53.89644,107.5834,0,[94.08371,74.00096]]],[177,[54.20943,108.1441,0,[92.67001,74.00098]]],[158,[54.91022,109.3176,0,[93.36134,74.00089]]],[179,[54.51476,107.7399,0,[94.70131,74.00089]]],[157,[55.14315,109.7023,0,[92.07305,74.00098]]],[197,[54.05482,106.3255,0,[91.42454,73.00098]]],[156,[55.83152,111.2777,0,[92.51248,74.0009]]],[138,[56.0277,110.9917,0,[93.53587,74.001]]],[176,[54.95404,108.5457,0,[90.9649,73.0009]]],[137,[56.7658,112.214,0,[93.53224,74.00091]]],[175,[56.55326,112.3876,0,[92.30838,74.00097]]],[196,[55.66519,108.5603,0,[91.42684,73.0009]]],[155,[57.21798,112.7346,0,[92.29241,74.00098]]],[136,[57.54388,113.777,0,[93.53839,74.00096]]],[195,[56.52388,110.2585,0,[91.22953,73.00094]]],[135,[58.08939,114.4288,0,[92.7672,74.001]]],[174,[57.31927,112.3256,0,[91.84405,73.00096]]],[116,[58.6437,115.3844,0,[93.65397,74.00095]]],[194,[57.3812,111.7281,0,[90.3972,73.00095]]],[114,[58.32214,114.5887,0,[91.99976,73.22301]]],[154,[59.0867,115.7577,0,[92.52122,74.00098]]],[117,[59.36818,116.2054,0,[93.62464,74.00098]]],[133,[58.02487,113.6892,0,[90.78237,73.00098]]],[95,[59.78156,116.3952,0,[92.48923,74.00095]]],[159,[57.08122,109.8388,0,[94.57458,74.00096]]],[153,[58.71891,114.2119,0,[91.033,73.00095]]],[132,[59.22728,116.0551,0,[91.69338,73.00095]]],[134,[60.00652,116.6679,0,[93.46947,74.001]]],[152,[60.24543,116.4797,0,[91.99978,73.64582]]],[115,[61.09654,118.2084,0,[93.33906,74.00098]]],[173,[59.25428,112.6819,0,[89.90076,73.00099]]],[76,[60.60595,117.3896,0,[92.9538,74.00098]]],[171,[59.80552,115.4429,0,[90.83276,73.00095]]],[113,[61.6251,118.3147,0,[92.59923,74.00098]]],[131,[60.45145,117.7577,0,[91.45393,73.00097]]],[172,[60.33745,114.2577,0,[89.70693,73.00098]]],[112,[61.04428,119.1754,0,[91.73184,73.00097]]],[77,[61.54806,117.5849,0,[94.01697,74.00098]]],[94,[62.16751,119.3459,0,[92.78093,74.00097]]],[130,[61.48528,119.5526,0,[90.69392,73.00096]]],[151,[60.90931,116.7559,0,[90.17369,73.00096]]],[78,[62.47336,118.4654,0,[93.70607,74.00098]]],[111,[62.83493,121.4068,0,[92.60021,74.00095]]],[191,[61.95443,118.149,0,[91.97663,73.00089]]],[139,[58.75532,111.5362,0,[94.60553,74.00085]]],[193,[62.06309,114.7786,0,[90.79881,73.00096]]],[93,[63.20244,121.8482,0,[93.37228,74.00095]]],[150,[63.48672,121.7417,0,[92.10047,74.00097]]],[170,[62.63562,118.2473,0,[91.63987,73.00094]]],[192,[61.78429,115.8572,0,[89.43739,73.00097]]],[119,[62.62566,116.2446,0,[94.6272,74.00085]]],[129,[62.80591,119.6775,0,[90.45355,73.00094]]],[110,[63.49408,120.5747,0,[91.57578,73.00095]]],[92,[63.93526,121.6033,0,[92.75127,74.00092]]],[169,[62.48429,118.1044,0,[89.51408,73.00097]]],[128,[63.5209,121.4034,0,[90.45495,73.00095]]],[72,[64.67081,123.6951,0,[92.63972,74.00094]]],[74,[63.7099,121.4448,0,[94.07965,74.00095]]],[91,[63.95715,121.7184,0,[91.9431,73.00085]]],[149,[63.33891,118.1306,0,[89.32254,73.00098]]],[73,[65.33857,122.7688,0,[93.62172,74.00099]]],[89,[65.32645,125.1624,0,[92.50823,74.00099]]],[147,[64.2528,122.6372,0,[90.7008,73.00095]]],[148,[64.10344,120.362,0,[89.46135,73.00098]]],[70,[65.96736,125.7577,0,[92.51542,74.00091]]],[109,[64.60509,121.7754,0,[91.76311,73.0009]]],[127,[65.341,124.7238,0,[91.79688,73.00093]]],[118,[60.23219,114.3656,0,[94.57041,74.00093]]],[71,[66.07184,125.2238,0,[93.58144,74.001]]],[108,[64.90138,122.0067,0,[90.50638,73.00092]]],[50,[66.5816,125.9777,0,[92.13503,74.00099]]],[69,[66.07044,123.9547,0,[91.14615,73.00099]]],[90,[65.54061,122.3921,0,[90.58022,73.00094]]],[168,[64.87378,118.9412,0,[89.33595,73.00094]]],[96,[66.18149,118.8777,0,[94.66222,74.001]]],[53,[66.64482,123.8898,0,[93.23365,74.00099]]],[126,[65.65305,123.4945,0,[89.3702,73.00095]]],[49,[67.21944,127.4767,0,[92.42464,74.00096]]],[88,[66.60681,124.45,0,[91.56279,73.00098]]],[51,[67.58086,126.8967,0,[93.1641,74.00093]]],[55,[66.88186,122.7738,0,[94.18443,74.00098]]],[187,[66.42873,122.075,0,[90.18482,73.00099]]],[68,[68.12503,127.7583,0,[92.14291,74.00095]]],[107,[67.29686,126.0144,0,[91.63176,73.00096]]],[32,[68.21661,127.0229,0,[93.32346,74.00097]]],[167,[66.45597,121.3275,0,[89.06328,73.00099]]],[146,[66.99871,124.6085,0,[90.58212,73.00098]]],[52,[67.70947,126.4594,0,[94.58694,74.001]]],[31,[68.74341,127.6224,0,[92.19192,74.00095]]],[12,[68.06265,127.664,0,[91.4125,73.00095]]],[33,[68.92837,127.6816,0,[93.15789,74.00095]]],[87,[67.6721,125.7679,0,[90.53178,73.00096]]],[166,[67.19834,121.6652,0,[89.36495,73.00098]]],[15,[69.41932,129.2012,0,[92.13049,74.00098]]],[30,[68.70325,127.6218,0,[91.41049,73.00093]]],[10,[68.42848,128.7951,0,[90.28812,73.00095]]],[16,[69.73513,129.1137,0,[93.02208,74.00099]]],[99,[64.56051,118.654,0,[93.89175,74.00098]]],[190,[67.99075,117.7856,0,[89.31174,73.00097]]],[11,[69.348,129.9614,0,[91.27604,73.00098]]],[13,[69.89662,129.7525,0,[91.99976,73.51495]]],[188,[69.15358,120.7083,0,[90.26652,73.00098]]],[17,[69.4549,127.8807,0,[94.02222,74.001]]],[189,[68.89247,119.9535,0,[89.19509,73.00095]]],[79,[70.4836,123.0106,0,[92.84646,74.00099]]],[19,[69.9697,125.0896,0,[90.72308,73.00097]]],[18,[70.34327,128.3623,0,[91.78107,73.00097]]],[186,[69.71822,123.6848,0,[89.49361,73.00098]]],[38,[70.85831,126.2286,0,[93.73961,74.00098]]],[34,[71.29253,131.7064,0,[92.32436,74.00091]]],[14,[70.77657,130.1826,0,[90.5876,73.00098]]],[59,[70.49664,116.5297,0,[89.52007,73.00098]]],[54,[70.25394,125.9733,0,[94.34225,74.001]]],[98,[71.66946,122.3736,0,[93.26831,74.00088]]],[36,[72.14894,127.7886,0,[91.99969,73.89443]]],[39,[71.23325,129.8033,0,[91.35798,73.00092]]],[56,[72.45454,124.0277,0,[94.47097,74.00084]]],[75,[72.41689,130.9979,0,[93.18741,74.00089]]],[35,[68.48852,123.8157,0,[94.34298,74.00099]]],[37,[72.13348,130.6612,0,[90.93501,73.00096]]],[58,[73.19222,131.6357,0,[91.9995,73.92813]]],[57,[73.34718,127.316,0,[93.36774,74.00084]]],[97,[71.49174,120.4961,0,[94.63742,74.00089]]],[184,[105.0694,200.1977,0,[93.62451,74.00095]]],[185,[111.3357,206.476,0,[93.70455,74.00093]]],[145,[112.1631,209.1514,0,[93.23618,74.00097]]]
3:[66,[42.58073,84.67301,1,[49.00037,74.55717]]],[67,[43.38952,84.90909,1,[49.00055,74.53594]]],[86,[43.40831,85.33662,1,[49.0007,76.56861]]],[46,[44.01362,87.5108,1,[49.00077,76.39532]]],[28,[44.16207,86.89409,1,[49.0007,74.83102]]],[65,[44.65138,88.54446,1,[49.00075,77.8567]]],[47,[44.68911,88.19064,1,[49.0007,76.46439]]],[27,[45.14954,88.7128,1,[49.00078,75.98997]]],[26,[45.68441,90.02235,1,[49.00079,77.36053]]],[45,[45.39391,90.09377,1,[49.00083,78.02593]]],[6,[46.35561,91.35497,1,[49.00073,77.39268]]],[8,[45.92682,89.3296,1,[49.0006,75.91229]]],[44,[46.34274,91.29156,1,[49.00084,78.49245]]],[7,[46.7998,91.14868,1,[49.00078,76.38145]]],[24,[47.13106,92.12056,1,[49.00085,77.71037]]],[48,[44.69161,86.22701,1,[49.00047,74.4024]]],[42,[47.63712,92.40253,1,[49.00079,77.37379]]],[4,[47.30486,91.98357,1,[49.00075,75.9895]]],[25,[47.05518,92.27748,1,[49.0009,78.78912]]],[83,[48.13625,90.86893,1,[49.00093,78.64241]]],[9,[45.60175,88.29772,1,[49.00046,74.43011]]],[23,[48.15834,92.83894,1,[49.00087,77.15699]]],[43,[47.70301,93.2515,1,[49.00085,79.0624]]],[82,[48.64005,92.0282,1,[49.00087,78.38513]]],[22,[47.93038,92.13863,1,[49.00074,75.86142]]],[63,[47.54718,92.75908,1,[48.98461,80.0005]]],[62,[49.34921,93.27966,1,[49.0009,78.77329]]],[103,[48.56431,91.24541,1,[49.00092,79.76577]]],[21,[49.0205,94.16509,1,[49.0009,77.53877]]],[1,[48.85026,94.43513,1,[49.00065,76.06444]]],[5,[46.49915,90.53252,1,[49.00056,74.24371]]],[122,[49.11494,91.19952,1,[49.00093,79.64456]]],[102,[49.72313,90.84568,1,[49.00088,78.16994]]],[121,[49.68718,92.81325,1,[48.81683,80.00049]]],[29,[49.00634,88.3022,1,[49.00079,75.12251]]],[41,[49.79969,92.91783,1,[49.0008,77.15225]]],[3,[47.50169,91.78088,1,[49.00072,74.44675]]],[20,[50.82578,94.44969,1,[49.00081,76.53059]]],[61,[50.45084,93.7319,1,[49.00092,78.60751]]],[2,[49.68321,92.93776,1,[49.00071,74.84758]]],[0,[49.9782,95.28162,1,[49.00079,76.21692]]],[80,[51.63899,92.41431,1,[49.00079,76.85476]]],[60,[52.19823,93.0265,1,[49.00077,76.21862]]],[141,[50.17384,92.14407,1,[49.00093,79.48273]]],[143,[48.69121,89.79152,1,[48.00087,80.34637]]],[101,[51.46474,91.38367,1,[49.00084,78.10256]]],[81,[50.61271,91.99332,1,[49.00085,77.64574]]],[124,[46.62415,89.22301,1,[48.00084,80.43069]]],[40,[50.753,92.85517,1,[49.00081,75.10262]]],[120,[51.31675,92.73589,1,[49.00092,79.16512]]],[161,[50.04919,91.23947,1,[48.00093,80.41051]]],[140,[50.95829,93.35775,1,[49.00091,79.96824]]],[165,[44.89452,86.1954,0,[48.93386,80.0007]]],[100,[52.42038,93.04623,1,[49.00089,78.26239]]],[104,[47.37172,90.2626,1,[48.00084,80.73089]]],[64,[46.01447,90.70558,1,[49.00089,79.16389]]],[160,[51.37162,91.94627,1,[48.00091,80.19465]]],[183,[49.17759,90.29732,1,[48.00092,81.64484]]],[142,[49.51912,91.01823,1,[48.00089,80.87535]]],[182,[50.44394,91.02065,1,[48.00092,81.89246]]],[181,[50.87129,91.56842,1,[48.00091,81.02577]]],[163,[48.27053,89.89108,1,[48.00091,80.90599]]],[180,[52.30023,92.59229,1,[49.00095,79.62875]]],[125,[45.36861,87.68106,1,[48.00079,80.51478]]],[84,[46.87556,90.73595,1,[49.00084,79.76095]]],[144,[48.05005,89.9996,1,[48.00089,81.77126]]],[162,[49.92839,92.09547,1,[48.00092,82.37433]]],[123,[47.72581,90.17251,1,[48.10476,80.00052]]],[105,[45.87141,88.27704,1,[48.26375,80.00057]]],[106,[44.13095,85.75712,1,[49.00074,78.21915]]],[164,[47.92189,90.66669,1,[48.00091,82.7599]]],[85,[45.3241,88.88532,1,[49.00083,79.38838]]],[184,[48.88886,89.60802,0,[48.00092,82.48251]]],[185,[46.32412,86.84071,0,[48.00087,81.33755]]],[145,[47.18078,88.51781,0,[48.00089,81.79309]]]
6:[66,[54.07077,107.3947,1,[70.00097,79.47781]]],[67,[54.81425,107.4414,1,[70.001,78.69702]]],[86,[55.02695,107.6186,1,[69.9258,80.00034]]],[46,[55.5392,109.8392,1,[70.00099,79.27985]]],[28,[55.67829,109.2338,1,[70.00098,78.11708]]],[65,[55.48259,109.6624,1,[69.00099,80.18797]]],[47,[56.21682,110.3608,1,[70.00092,79.2961]]],[27,[56.60392,110.5692,1,[70.00098,78.15813]]],[26,[56.89897,111.648,1,[70.00098,79.29889]]],[45,[56.4673,110.8371,1,[69.00098,80.34148]]],[6,[57.64241,113.1165,1,[70.00098,79.18315]]],[8,[57.3787,111.339,1,[70.00098,78.07116]]],[44,[57.12029,111.8873,1,[69.00098,80.16279]]],[7,[58.22761,112.8842,1,[70.00099,79.18769]]],[24,[57.9197,112.7348,1,[69.001,80.16599]]],[48,[58.34792,108.7179,1,[70.00099,78.07854]]],[42,[58.88371,113.9797,1,[70.00099,79.1852]]],[4,[59.12654,113.9294,1,[70.00098,78.08685]]],[25,[58.70063,113.1668,1,[69.001,80.1221]]],[83,[59.53841,112.6425,1,[70.00098,79.05169]]],[9,[59.89938,111.0473,1,[70.00096,78.01802]]],[23,[60.22941,114.6392,1,[70.00098,79.09822]]],[43,[59.60493,114.6815,1,[69.51402,80.00014]]],[82,[60.76398,113.8762,1,[70.00098,79.69525]]],[22,[60.76823,114.3685,1,[70.00097,78.29469]]],[63,[59.85942,114.0686,1,[69.001,80.50148]]],[62,[61.34921,115.3637,1,[70.00098,79.44389]]],[103,[60.67175,111.9864,1,[69.001,80.46911]]],[21,[61.43536,116.2728,1,[70.00098,78.18372]]],[1,[61.95419,116.4755,1,[70.00099,79.32804]]],[5,[62.12368,113.2176,1,[70.00096,78.17213]]],[122,[61.4418,112.4982,1,[69.00099,80.44342]]],[102,[62.5247,112.7682,1,[70.00099,79.36459]]],[121,[62.19471,114.1412,1,[69.00099,80.42265]]],[29,[62.75883,110.7754,1,[70.00098,78.17985]]],[41,[63.15167,114.9124,1,[70.00096,79.44853]]],[3,[63.43727,114.3435,1,[70.00098,78.22408]]],[20,[63.84014,116.2792,1,[70.00098,79.35279]]],[61,[62.98456,114.8016,1,[69.001,80.36592]]],[2,[64.15076,115.3983,1,[70.00098,78.27983]]],[0,[63.63213,116.644,1,[69.001,80.32407]]],[80,[64.6011,114.4145,1,[70.00098,79.21857]]],[60,[64.86228,115.5584,1,[70.00098,78.15593]]],[141,[65.26907,115.4325,1,[70.00098,79.51252]]],[143,[64.31107,113.0309,1,[69.00099,80.21578]]],[101,[65.53703,114.1924,1,[70.00099,78.28894]]],[81,[65.99892,115.2719,1,[70.00099,79.25018]]],[124,[65.26495,117.4081,1,[69.00099,80.26188]]],[40,[66.25848,115.4596,1,[70.00098,78.14152]]],[120,[66.74451,117.6642,1,[70.00098,79.0268]]],[161,[66.03088,116.8164,1,[69.01246,80.00027]]],[140,[67.37785,118.8879,1,[70.00099,79.53091]]],[165,[67.20274,110.0581,0,[69.00098,80.41891]]],[100,[67.40974,116.1885,1,[70.00098,78.27844]]],[104,[68.1099,117.8726,1,[70.00097,79.38388]]],[64,[67.89395,112.2591,1,[69.001,80.38237]]],[160,[68.16409,117.8295,1,[70.00098,78.19826]]],[183,[68.71316,118.7692,1,[70.00098,79.30701]]],[142,[69.02407,118.0769,1,[69.64107,80.0004]]],[182,[68.89355,119.7199,1,[70.00094,78.26595]]],[181,[69.72886,119.1023,1,[70.00098,79.21754]]],[163,[69.45795,113.3571,1,[69.00099,80.19527]]],[180,[69.6125,118.0427,1,[70.00098,78.02637]]],[125,[70.3411,124.3597,1,[70.00097,79.17499]]],[84,[70.20467,123.0074,1,[69.00098,80.01495]]],[144,[70.47849,125.0799,1,[70.11811,78.00021]]],[162,[71.03803,122.044,1,[70.00094,78.87982]]],[123,[71.16697,121.2217,1,[69.53078,80.0003]]],[105,[71.68567,123.1999,1,[70.00098,78.5901]]],[106,[72.07959,121.7709,1,[70.00095,79.93713]]],[164,[72.39347,124.0807,1,[70.00098,78.71562]]],[85,[72.95621,125.8235,1,[70.00099,79.73135]]]

Travel Distances:
[199,141.6718],[198,145.2528],[178,145.6053],[177,145.6662],[158,147.2116],[179,144.4169],[157,147.3361],[197,146.191],[156,149.5313],[138,148.3167],[176,148.5543],[137,150.219],[175,151.2375],[196,149.1869],[155,150.187],[136,150.3521],[195,151.1655],[135,151.8518],[174,151.6273],[116,153.5653],[194,152.9306],[114,153.8966],[154,153.2311],[117,152.8506],[66,157.153],[133,155.5992],[95,154.2446],[159,147.1357],[153,154.7337],[132,155.5314],[134,155.4124],[67,157.6763],[86,157.3544],[152,155.6472],[115,155.4279],[173,154.1028],[76,155.2654],[171,155.7493],[46,158.634],[113,156.7031],[28,159.4502],[131,158.3836],[65,160.0928],[47,159.6744],[172,155.5178],[112,158.6485],[77,156.6229],[27,161.0994],[94,158.4779],[130,160.4754],[26,161.5138],[45,161.4557],[151,158.5874],[78,156.2724],[111,159.3031],[191,157.7091],[6,161.6625],[8,160.3015],[44,162.9097],[139,150.4994],[193,156.3293],[93,160.309],[150,160.4134],[170,158.6225],[7,162.1569],[192,157.9633],[24,162.1438],[119,153.6369],[48,159.3906],[129,161.8424],[110,161.1374],[92,160.6032],[42,163.8952],[169,160.9231],[128,161.9326],[72,161.4783],[74,159.2481],[4,163.2278],[91,160.9164],[25,163.0812],[83,163.1946],[149,161.2184],[73,161.202],[89,163.9128],[147,163.8759],[9,160.9122],[23,163.9603],[43,164.5024],[148,161.8589],[70,163.3595],[109,161.2078],[127,163.6234],[118,154.2207],[82,163.7551],[71,163.6083],[108,163.8711],[22,164.3936],[63,165.1745],[50,164.1463],[69,163.6336],[90,162.8109],[62,164.0207],[103,161.4005],[168,160.7828],[96,156.1862],[53,163.034],[21,166.7354],[126,165.9568],[49,166.4521],[88,164.977],[1,166.0319],[5,162.6756],[122,162.8443],[51,165.0061],[55,160.3712],[187,162.7331],[102,161.1987],[68,167.1484],[107,167.2043],[32,165.5797],[121,164.8046],[167,164.1568],[29,160.7492],[146,166.201],[52,164.4957],[31,165.5769],[12,167.3611],[41,163.9934],[33,166.561],[87,167.7429],[3,165.03],[166,164.9212],[15,168.0558],[20,166.1042],[61,166.0869],[30,168.0262],[10,169.7993],[16,166.932],[99,157.2171],[2,164.6357],[0,166.3669],[190,159.5024],[80,162.9692],[11,170.6561],[13,169.3998],[188,162.1165],[17,166.2742],[60,165.4084],[189,161.9773],[141,164.5467],[79,161.1443],[143,163.0993],[19,165.0502],[18,167.4672],[101,164.6117],[186,166.0693],[38,164.893],[81,164.9499],[34,170.6892],[124,167.9626],[14,170.483],[59,157.3035],[40,164.434],[54,163.5695],[98,159.9601],[120,167.9536],[161,167.7333],[36,167.2252],[140,167.7618],[39,170.9839],[56,162.0087],[75,169.2245],[165,159.2205],[100,166.8836],[35,162.6747],[37,172.0493],[58,171.0977],[104,167.4504],[57,165.6593],[64,161.8272],[160,167.1149],[183,166.9569],[97,160.5127],[142,167.3687],[182,169.4817],[181,167.5569],[163,163.702],[180,168.3952],[125,173.3827],[84,171.838],[144,175.699],[162,171.6838],[123,170.0224],[105,171.6562],[106,170.7252],[164,172.9204],[85,173.5462],[184,237.9057],[185,243.6969],[145,246.7128]

Finish Times:
[199,72.92129],[198,73.96131],[178,74.04131],[177,74.84133],[158,75.28134],[179,75.72135],[157,75.88136],[197,75.88136],[156,76.40137],[138,76.44137],[176,76.68137],[137,77.12138],[175,77.32139],[196,77.6814],[155,77.8014],[136,77.8414],[195,78.32141],[135,78.56142],[174,78.68142],[116,79.04143],[194,79.52144],[114,79.64144],[154,79.76144],[117,79.80145],[66,80.20145],[133,80.32146],[95,80.52146],[159,80.56146],[153,80.60146],[132,80.64146],[134,81.00147],[67,81.08147],[86,81.08147],[152,81.40148],[115,81.52148],[173,81.60149],[76,81.64149],[171,81.64149],[46,81.72149],[113,82.1215],[28,82.2015],[131,82.2815],[65,82.3215],[47,82.3615],[172,82.48151],[112,82.52151],[77,82.96152],[27,83.04152],[94,83.04152],[130,83.12152],[26,83.16152],[45,83.20152],[151,83.28152],[78,83.44153],[111,83.68153],[191,83.72153],[6,83.80154],[8,83.84154],[44,83.96154],[139,84.16154],[193,84.28155],[93,84.32155],[150,84.44155],[170,84.44155],[7,84.48155],[192,84.52155],[24,84.84156],[119,84.88156],[48,85.04156],[129,85.04156],[110,85.12157],[92,85.16157],[42,85.28157],[169,85.28157],[128,85.60158],[72,85.64158],[74,85.64158],[4,85.72158],[91,85.76158],[25,85.88158],[83,85.96159],[149,85.96159],[73,86.04159],[89,86.20159],[147,86.24159],[9,86.4416],[23,86.6416],[43,86.6416],[148,86.6416],[70,86.6816],[109,86.88161],[127,86.92161],[118,86.96161],[82,87.04161],[71,87.24162],[108,87.24162],[22,87.28162],[63,87.40162],[50,87.60162],[69,87.64162],[90,87.64162],[62,87.68163],[103,87.68163],[168,87.84163],[96,87.92163],[53,87.96163],[21,88.12164],[126,88.20164],[49,88.36164],[88,88.40164],[1,88.44164],[5,88.60165],[122,88.64165],[51,88.68165],[55,88.76165],[187,88.76165],[102,88.88165],[68,89.00166],[107,89.00166],[32,89.12166],[121,89.28166],[167,89.32166],[29,89.40166],[146,89.40166],[52,89.48167],[31,89.60167],[12,89.64167],[41,89.72167],[33,89.96168],[87,89.96168],[3,90.00168],[166,90.00168],[15,90.24168],[20,90.24168],[61,90.28168],[30,90.44169],[10,90.60169],[16,90.68169],[99,90.72169],[2,90.7617],[0,90.8017],[190,90.8417],[80,90.9217],[11,91.0817],[13,91.16171],[188,91.24171],[17,91.40171],[60,91.40171],[189,91.52171],[141,91.56171],[79,91.60172],[143,91.68172],[19,91.80172],[18,91.88172],[101,92.08173],[186,92.20173],[38,92.24173],[81,92.24173],[34,92.36173],[124,92.36173],[14,92.52174],[59,92.80174],[40,92.84174],[54,92.92175],[98,92.92175],[120,92.96175],[161,93.08175],[36,93.36176],[140,93.52176],[39,93.56176],[56,93.56176],[75,93.60176],[165,93.72176],[100,93.96177],[35,94.24178],[37,94.24178],[58,94.28178],[104,94.32178],[57,94.48178],[64,94.72179],[160,94.72179],[183,94.88179],[97,95.08179],[142,95.4018],[182,95.4418],[181,95.72181],[163,96.04182],[180,96.28182],[125,96.44183],[84,96.72183],[144,97.08184],[162,97.20184],[123,97.56185],[105,97.92186],[106,98.16187],[164,98.72188],[85,98.92188],[184,125.5225],[185,131.8019],[145,132.5618]

Stuck Times:
[199,0],[198,0],[178,0],[177,0],[158,0],[179,0],[157,0],[197,0],[156,0],[138,0],[176,0],[137,0],[175,0],[196,0],[155,0],[136,0],[195,0],[135,0],[174,0],[116,0],[194,0],[114,0],[154,0],[117,0],[66,0],[133,0],[95,0],[159,5],[153,0],[132,0],[134,0],[67,0],[86,0],[152,0],[115,1],[173,0],[76,0],[171,0],[46,0],[113,0],[28,0],[131,0],[65,0],[47,0],[172,2],[112,0],[77,1],[27,0],[94,0],[130,0],[26,0],[45,0],[151,0],[78,1],[111,0],[191,0],[6,0],[8,0],[44,0],[139,10],[193,3],[93,0],[150,0],[170,0],[7,0],[192,1],[24,0],[119,5],[48,2],[129,0],[110,0],[92,0],[42,0],[169,0],[128,0],[72,0],[74,1],[4,0],[91,0],[25,1],[83,0],[149,1],[73,0],[89,0],[147,0],[9,2],[23,0],[43,0],[148,0],[70,0],[109,0],[127,0],[118,11],[82,0],[71,0],[108,0],[22,0],[63,0],[50,0],[69,0],[90,0],[62,0],[103,1],[168,3],[96,8],[53,2],[21,0],[126,0],[49,0],[88,0],[1,0],[5,4],[122,1],[51,1],[55,2],[187,0],[102,0],[68,0],[107,0],[32,1],[121,2],[167,3],[29,3],[146,0],[52,2],[31,1],[12,2],[41,0],[33,1],[87,0],[3,4],[166,4],[15,1],[20,0],[61,1],[30,1],[10,0],[16,2],[99,11],[2,2],[0,1],[190,7],[80,3],[11,2],[13,1],[188,7],[17,2],[60,0],[189,6],[141,5],[79,8],[143,4],[19,2],[18,4],[101,4],[186,5],[38,6],[81,4],[34,4],[124,4],[14,2],[59,8],[40,3],[54,9],[98,12],[120,4],[161,5],[36,6],[140,5],[39,2],[56,11],[75,4],[165,12],[100,4],[35,10],[37,7],[58,4],[104,8],[57,7],[64,12],[160,4],[183,6],[97,17],[142,7],[182,6],[181,5],[163,12],[180,4],[125,6],[84,7],[144,3],[162,7],[123,8],[105,7],[106,10],[164,10],[85,8],[184,2],[185,3],[145,3]

