Experiment Name: Custom-ShortestPathNotTheBest3
Method Used: FlowField
Run Number: 3
Preparation Time: 0.0003ms
Pathfinding Time: 24.424ms
Finish Time: 97.48185ms
Finish Time 90%: 94.32178ms
Repaths: 0
Soft Repaths: 0

Gates Data:
0:[168,[15.69048,31.34612,0,[32.62828,40.001]]],[177,[14.10372,28.18156,0,[30.87197,38.00095]]],[167,[15.30302,30.43134,0,[31.38757,39.00099]]],[176,[14.42632,28.4971,0,[29.79869,38.00097]]],[157,[16.26142,32.36086,0,[33.3191,40.001]]],[184,[13.7537,27.18353,0,[28.92781,38.00095]]],[156,[16.32212,32.4801,0,[32.23014,40.001]]],[155,[15.99172,31.7226,0,[31.26375,39.001]]],[166,[15.074,29.67699,0,[30.2665,38.001]]],[142,[16.92229,33.65745,0,[33.06997,40.001]]],[141,[16.562,32.86122,0,[31.99798,39.001]]],[140,[16.81658,32.99047,0,[31.00114,39.001]]],[154,[15.80122,30.99543,0,[30.37562,38.001]]],[175,[14.5186,28.58321,0,[28.55809,38.00098]]],[126,[17.25462,34.2559,0,[31.74983,39.001]]],[127,[17.67218,34.98822,0,[32.94916,40.001]]],[139,[16.75121,32.50412,0,[30.34773,38.001]]],[153,[16.11068,31.27991,0,[29.40863,38.001]]],[165,[15.33493,29.91067,0,[29.30783,38.001]]],[125,[17.83896,34.56533,0,[31.87051,39.001]]],[138,[16.72534,32.44814,0,[29.23632,38.001]]],[124,[17.33673,33.7039,0,[30.76378,38.001]]],[183,[15.20165,27.96492,0,[28.1554,38.001]]],[111,[18.46655,36.41496,0,[33.03856,40.001]]],[108,[17.9115,34.97564,0,[30.07219,38.00098]]],[109,[18.39996,35.9698,0,[31.15373,39.001]]],[94,[18.95632,36.86148,0,[31.25229,39.001]]],[164,[15.90871,30.18409,0,[28.30119,38.001]]],[107,[18.51403,35.65374,0,[30.23092,38.001]]],[110,[18.92382,36.77043,0,[32.28748,40.001]]],[123,[17.34978,33.67303,0,[29.68353,38.001]]],[95,[19.81178,37.61583,0,[32.30634,40.00099]]],[152,[16.87207,31.39929,0,[28.176,38.001]]],[112,[19.42302,36.4837,0,[33.00518,40.00098]]],[93,[19.52279,37.51188,0,[31.13293,39.001]]],[92,[19.07265,36.58218,0,[29.96506,38.001]]],[137,[18.14782,33.35521,0,[29.04999,38.001]]],[77,[19.87789,38.06659,0,[30.65689,38.001]]],[79,[20.04487,38.52422,0,[31.49213,39.00097]]],[96,[20.37515,38.03386,0,[32.88397,40.00094]]],[106,[19.61652,36.17307,0,[29.68568,38.001]]],[122,[18.7008,34.47149,0,[29.13441,38.001]]],[121,[20.21617,36.02671,0,[29.7798,38.001]]],[163,[17.61012,31.56717,0,[28.74046,38.001]]],[78,[20.63787,38.44839,0,[30.99981,38.37181]]],[136,[19.27592,34.02239,0,[28.79213,38.001]]],[80,[20.58641,38.36644,0,[31.94959,39.001]]],[76,[20.76609,38.62421,0,[30.06329,38.00098]]],[62,[21.60675,40.45147,0,[31.0351,39.001]]],[174,[17.13224,28.07696,0,[27.66646,37.001]]],[64,[21.25839,39.93841,0,[31.89628,39.001]]],[128,[20.95696,35.81027,0,[32.97763,40.001]]],[173,[19.95448,31.64813,0,[28.75122,38.001]]],[61,[21.39757,39.96917,0,[30.06191,38.001]]],[47,[21.74995,40.74609,0,[30.91029,38.00097]]],[81,[21.61291,39.43088,0,[32.98,40.001]]],[63,[22.01999,40.34372,0,[31.84425,39.001]]],[162,[20.56133,33.76496,0,[28.8849,38.001]]],[151,[17.96684,31.82496,0,[27.99985,37.32456]]],[75,[22.07872,39.30833,0,[29.86194,38.001]]],[60,[22.49718,40.86205,0,[30.66218,38.001]]],[48,[22.77432,41.72791,0,[31.67385,39.001]]],[65,[22.31104,40.30075,0,[32.90356,40.00099]]],[91,[21.14233,37.87499,0,[29.10138,38.001]]],[46,[23.39004,42.70926,0,[31.53951,39.001]]],[182,[18.38876,28.27253,0,[27.92807,37.001]]],[35,[23.86762,43.56533,0,[32.63707,40.001]]],[59,[23.17307,41.63452,0,[30.60827,38.001]]],[33,[24.46169,44.5431,0,[32.25888,40.001]]],[49,[23.08866,42.34058,0,[32.73404,40.00099]]],[105,[21.71804,37.13247,0,[28.91661,38.001]]],[36,[25.00118,43.34066,0,[33.00225,40.00099]]],[45,[24.1419,43.46538,0,[31.26919,39.001]]],[135,[22.38165,36.01016,0,[28.90941,38.001]]],[66,[24.39338,40.81475,0,[33.50426,40.001]]],[90,[22.81861,38.90585,0,[29.71809,38.001]]],[44,[24.39964,43.39281,0,[30.95383,38.001]]],[143,[23.60547,33.99911,0,[33.56451,40.001]]],[172,[19.84506,31.47686,0,[27.78879,37.001]]],[120,[23.49245,38.14209,0,[29.71752,38.001]]],[58,[23.94018,42.59333,0,[30.3973,38.001]]],[181,[19.13393,29.3435,0,[27.78386,37.001]]],[134,[24.12196,38.0165,0,[29.33778,38.001]]],[43,[25.04062,44.32059,0,[30.59762,38.001]]],[74,[24.59062,41.15886,0,[29.89309,38.001]]],[32,[24.64196,44.38831,0,[31.94135,39.001]]],[89,[25.62318,41.4988,0,[30.19072,38.001]]],[31,[26.03877,45.17732,0,[31.25448,39.00097]]],[149,[23.14308,35.93066,0,[28.80597,38.001]]],[104,[25.13446,39.48505,0,[29.4812,38.001]]],[34,[25.78553,44.6831,0,[32.86718,40.00099]]],[30,[27.19421,46.29481,0,[31.28194,39.00098]]],[73,[26.1589,43.99863,0,[30.67999,38.001]]],[12,[26.57443,46.20066,0,[31.71136,39.001]]],[119,[24.59138,38.40255,0,[28.65541,38.001]]],[148,[23.70158,37.14623,0,[28.65979,38.001]]],[20,[25.34238,45.94207,0,[31.6113,39.001]]],[72,[26.75106,44.58376,0,[30.22054,38.00097]]],[103,[26.23599,41.38964,0,[29.591,38.001]]],[118,[25.6802,40.37562,0,[29.09227,38.001]]],[37,[28.29355,44.92651,0,[32.84012,40.00097]]],[57,[27.29799,45.959,0,[30.70369,38.00099]]],[150,[21.05883,34.22015,0,[28.02423,38.001]]],[132,[26.09952,39.00634,0,[28.32104,38.001]]],[19,[28.34669,47.39832,0,[31.22065,39.001]]],[21,[26.38656,46.43559,0,[32.52002,40.00095]]],[147,[23.69441,36.30363,0,[27.92171,37.001]]],[102,[27.21736,42.27253,0,[29.39077,38.001]]],[88,[27.83095,43.06623,0,[30.01986,38.001]]],[51,[27.01352,43.31833,0,[32.85382,40.00097]]],[23,[27.74901,45.45198,0,[31.66737,39.00099]]],[180,[21.11524,30.63329,0,[27.70809,37.001]]],[117,[26.67068,41.20148,0,[28.85805,38.001]]],[101,[28.42288,43.32215,0,[29.49228,38.00099]]],[131,[27.75124,41.34182,0,[28.9326,38.001]]],[24,[27.66338,45.57325,0,[32.60296,40.00096]]],[42,[28.3509,46.65171,0,[30.59646,38.001]]],[171,[22.94821,31.98961,0,[27.69896,37.001]]],[87,[28.96039,44.01112,0,[29.94045,38.001]]],[18,[29.42336,48.05145,0,[31.07957,39.001]]],[10,[29.99395,48.19267,0,[31.12298,39.00099]]],[22,[28.90363,46.65079,0,[31.59538,39.001]]],[170,[25.07826,33.29947,0,[27.72987,37.001]]],[28,[29.5279,48.88813,0,[30.11968,38.00099]]],[8,[30.06727,48.63845,0,[30.82274,38.001]]],[161,[21.71172,33.04819,0,[27.79869,37.001]]],[71,[28.97371,44.28682,0,[28.85282,38.001]]],[56,[30.1307,47.39056,0,[29.73216,38.001]]],[100,[28.32696,43.0337,0,[28.43784,38.00099]]],[38,[29.51965,45.47387,0,[32.91286,40.00095]]],[13,[30.40948,47.89185,0,[31.93703,39.001]]],[29,[30.64294,49.38779,0,[30.34459,38.001]]],[70,[29.65657,46.90323,0,[29.00198,38.00099]]],[2,[31.00328,50.87561,0,[31.50165,39.00099]]],[14,[28.82057,47.6167,0,[32.48646,40.00099]]],[9,[31.08652,49.34511,0,[30.9303,38.00099]]],[86,[30.87262,45.575,0,[29.30095,38.001]]],[159,[26.07884,35.54714,0,[27.70791,37.001]]],[5,[31.51923,50.06597,0,[31.89085,39.00099]]],[179,[28.27452,32.76452,0,[27.81892,37.001]]],[25,[29.97438,47.36005,0,[32.25269,40.001]]],[7,[31.98305,52.58859,0,[30.46023,38.00099]]],[55,[31.3855,48.77442,0,[29.80764,38.001]]],[11,[32.15037,50.72033,0,[31.36355,39.00099]]],[115,[30.38554,43.67944,0,[28.73805,38.001]]],[68,[30.63865,44.07167,0,[32.89649,40.00096]]],[40,[31.94779,49.77632,0,[29.20121,38.001]]],[1,[32.69336,53.05744,0,[30.49742,38.001]]],[133,[25.13749,37.95446,0,[28.36168,38.001]]],[6,[32.88467,51.95517,0,[31.45938,39.001]]],[116,[27.29239,39.95461,0,[27.81291,37.001]]],[169,[29.44896,38.02069,0,[27.9999,37.99899]]],[26,[33.30083,51.31827,0,[30.69313,38.001]]],[144,[34.12563,48.82117,0,[31.57269,39.001]]],[53,[31.54009,46.80492,0,[32.77671,40.00098]]],[15,[33.05637,50.25964,0,[32.56036,40.00098]]],[17,[33.24676,52.22454,0,[29.50874,38.001]]],[3,[33.86906,53.48204,0,[29.78537,38.00097]]],[27,[32.50588,51.38161,0,[29.45667,38.001]]],[39,[33.44993,48.22556,0,[31.5861,39.001]]],[129,[34.9043,50.37871,0,[31.63232,39.00098]]],[54,[34.14649,50.68353,0,[30.73902,38.001]]],[84,[32.4637,44.81456,0,[32.84032,40.00097]]],[158,[32.60717,45.91163,0,[28.21919,38.001]]],[114,[35.00751,52.56438,0,[30.7197,38.001]]],[113,[34.35595,48.88711,0,[32.5698,40.00098]]],[85,[31.37827,45.85088,0,[28.57983,38.001]]],[50,[35.52362,42.05142,0,[33.24239,40.00094]]],[16,[33.83511,53.47924,0,[28.44433,38.001]]],[69,[33.68255,47.40322,0,[32.7355,40.00098]]],[82,[36.27987,54.06339,0,[31.58572,39.00099]]],[67,[36.73778,46.97462,0,[32.88382,40.00099]]],[130,[31.91569,41.41501,0,[28.02833,38.001]]],[4,[34.81997,54.79316,0,[29.66969,38.00098]]],[52,[35.09304,45.80903,0,[32.49035,40.001]]],[83,[36.97781,47.73116,0,[30.99966,38.48397]]],[99,[36.15509,49.2553,0,[32.1383,40.001]]],[145,[30.36493,41.45964,0,[27.99973,37.001]]],[146,[27.18504,39.05066,0,[28.13407,38.001]]],[98,[35.84062,54.59651,0,[30.29329,38.00097]]],[41,[33.17086,50.03592,0,[28.34873,38.001]]],[160,[22.32056,34.26845,0,[27.97014,37.001]]],[97,[37.43672,40.09283,0,[32.20768,40.001]]],[178,[29.557,34.49166,0,[27.86441,37.001]]],[0,[34.49366,55.60212,0,[28.69001,38.00099]]]
2:[168,[33.01175,65.87851,0,[57.00081,62.91284]]],[177,[33.57428,67.0907,0,[57.00077,64.87303]]],[167,[33.93872,67.63237,0,[57.00076,63.95906]]],[176,[34.57969,68.75603,0,[57.0008,65.5057]]],[157,[33.48882,66.19591,0,[57.00078,62.23629]]],[184,[34.07346,67.79149,0,[56.00076,66.29677]]],[156,[34.38219,68.09656,0,[57.0008,63.58261]]],[155,[35.18663,69.70992,0,[57.0008,64.76013]]],[166,[35.2288,69.91698,0,[56.61793,66.00064]]],[142,[34.20414,67.4872,0,[57.00078,62.07335]]],[141,[34.98753,69.06099,0,[57.00079,63.23762]]],[140,[35.7504,70.63764,0,[57.00079,64.27595]]],[154,[36.08149,71.38515,0,[57.00079,65.73575]]],[175,[35.48846,70.3708,0,[56.0007,67.22239]]],[126,[35.72922,70.44328,0,[57.00079,63.1047]]],[127,[35.0032,68.69637,0,[57.00082,62.06242]]],[139,[36.51231,71.89829,0,[57.00079,64.815]]],[153,[36.60209,72.06846,0,[56.44343,66.00066]]],[165,[35.85334,70.88414,0,[56.00074,66.47747]]],[125,[36.45186,71.12144,0,[57.00081,63.43398]]],[138,[37.47228,73.82372,0,[56.83987,66.00063]]],[124,[37.19117,73.17072,0,[57.0008,64.66766]]],[183,[36.76544,70.70132,0,[56.00072,67.41941]]],[111,[35.82795,70.27366,0,[57.00077,62.01238]]],[108,[38.0783,75.19262,0,[57.00079,65.47324]]],[109,[37.14748,72.94642,0,[57.00082,63.41177]]],[94,[37.84947,74.22844,0,[57.00079,64.11869]]],[164,[37.41047,72.56062,0,[56.00072,67.06513]]],[107,[38.53889,75.34445,0,[57.0008,64.75478]]],[110,[36.50288,70.8522,0,[57.00075,62.03197]]],[123,[37.74424,74.30341,0,[56.00077,66.12569]]],[95,[37.93788,72.70375,0,[57.00077,63.12085]]],[152,[38.47974,74.31778,0,[56.00068,67.64666]]],[112,[37.15913,70.54541,0,[57.00079,62.14113]]],[93,[38.68139,74.8308,0,[57.00082,63.71972]]],[92,[39.25551,76.58913,0,[57.00078,65.25286]]],[137,[38.80832,74.59443,0,[56.75023,66.00061]]],[77,[39.42784,76.80975,0,[57.00081,64.23251]]],[79,[38.45893,74.43047,0,[57.00081,62.42387]]],[96,[37.71731,71.59701,0,[57.00077,61.79119]]],[106,[40.01571,76.79598,0,[57.00081,65.5867]]],[122,[39.21236,75.1304,0,[56.05395,66.00066]]],[121,[40.63474,76.59985,0,[57.00082,65.60387]]],[163,[38.82679,73.46533,0,[56.00077,66.87921]]],[78,[40.10098,76.95321,0,[57.00083,64.30154]]],[136,[40.02119,75.25834,0,[56.00077,66.1204]]],[80,[39.33713,74.46125,0,[57.0008,63.03617]]],[76,[41.30199,79.37993,0,[57.00078,65.85342]]],[62,[40.78759,78.3036,0,[57.00082,64.42049]]],[174,[39.64224,72.66595,0,[56.00069,67.76295]]],[64,[40.11348,76.29662,0,[57.00083,63.21478]]],[128,[38.77967,69.51801,0,[57.00076,61.68064]]],[173,[40.71698,72.90449,0,[56.00077,66.29839]]],[61,[41.69794,80.24132,0,[57.00079,65.42796]]],[47,[41.55008,79.46362,0,[57.0008,64.17063]]],[81,[39.50193,73.10708,0,[57.00074,61.8202]]],[63,[40.82794,76.78691,0,[57.0008,63.34379]]],[162,[41.40014,75.16201,0,[56.00076,66.35613]]],[151,[40.11739,75.05894,0,[56.00071,67.40631]]],[75,[42.36757,79.72682,0,[57.00079,65.37368]]],[60,[42.16928,79.73061,0,[57.00079,64.06268]]],[48,[41.38652,77.97894,0,[57.00079,62.90707]]],[65,[40.18357,74.16059,0,[57.00079,62.07105]]],[91,[41.91135,78.74501,0,[56.13622,66.00064]]],[46,[42.9983,81.00236,0,[57.00079,65.26556]]],[182,[40.90051,72.7118,0,[56.00072,67.7473]]],[35,[42.06331,78.60545,0,[57.0008,62.84655]]],[59,[43.49367,81.37097,0,[57.00079,64.81761]]],[33,[42.77587,80.11521,0,[57.00079,63.8551]]],[49,[40.66851,76.14944,0,[57.00078,61.83593]]],[105,[42.62779,78.35536,0,[56.28328,66.00064]]],[36,[42.75042,77.48291,0,[57.00072,62.69097]]],[45,[43.48867,80.65054,0,[57.00079,63.70237]]],[135,[43.09724,77.08425,0,[56.00075,66.1374]]],[66,[41.93386,74.34907,0,[57.00076,61.56692]]],[90,[43.81196,79.54758,0,[56.70369,66.00063]]],[44,[43.76426,81.33815,0,[57.00078,62.98229]]],[143,[41.28469,67.51868,0,[57.00077,61.69263]]],[172,[42.30816,75.92211,0,[56.00067,67.60316]]],[120,[44.30158,79.24493,0,[57.00081,65.50808]]],[58,[44.24448,82.1806,0,[57.00082,64.34777]]],[181,[41.66378,73.70837,0,[56.00071,67.88914]]],[134,[45.02636,79.46519,0,[57.0008,65.89972]]],[43,[44.4698,82.62548,0,[57.00085,63.31536]]],[74,[44.89356,81.02601,0,[57.00085,64.6074]]],[32,[43.03316,79.69739,0,[57.00082,62.00938]]],[89,[45.5037,80.62192,0,[57.00082,64.24657]]],[31,[44.93436,81.61826,0,[57.00077,63.00645]]],[149,[44.20258,77.46655,0,[56.00076,66.1918]]],[104,[45.63859,80.18057,0,[57.00081,65.51276]]],[34,[43.46681,78.09308,0,[57.00071,61.56537]]],[30,[46.16261,83.56836,0,[57.00083,64.27329]]],[73,[46.29836,83.84898,0,[57.00082,65.52561]]],[12,[45.52972,82.51837,0,[57.00076,62.93633]]],[119,[45.4712,79.64936,0,[56.0008,66.15033]]],[148,[45.02842,79.09908,0,[56.00075,66.49152]]],[20,[44.20042,81.68097,0,[57.00084,61.99646]]],[72,[46.82906,84.15736,0,[57.0008,64.75339]]],[103,[46.93978,82.33792,0,[56.8243,66.00061]]],[118,[46.11826,81.10838,0,[56.00078,66.20335]]],[37,[46.40303,79.6918,0,[57.0008,63.30374]]],[57,[47.59578,85.99849,0,[57.00079,65.73181]]],[150,[42.90976,77.06664,0,[56.00076,67.40809]]],[132,[47.14465,80.80965,0,[56.00073,66.5052]]],[19,[47.29587,84.78333,0,[57.00081,64.32894]]],[21,[44.78831,80.23075,0,[57.00076,61.64329]]],[147,[46.49666,80.69563,0,[56.00072,67.72155]]],[102,[48.26983,83.0322,0,[56.52521,66.00057]]],[88,[48.04322,82.94987,0,[57.00084,65.02936]]],[51,[45.65122,77.18934,0,[57.00075,61.95488]]],[23,[46.99129,81.88457,0,[57.00079,62.98074]]],[180,[43.71889,75.30074,0,[56.00068,67.85679]]],[117,[47.60607,82.24912,0,[56.00078,66.19968]]],[101,[48.66602,83.57791,0,[57.00082,64.98368]]],[131,[48.70689,82.21254,0,[56.23597,66.00064]]],[24,[46.27126,79.89448,0,[57.00081,61.98966]]],[42,[48.26675,85.10028,0,[57.00084,63.60477]]],[171,[45.89532,76.92894,0,[56.00073,67.79626]]],[87,[49.52148,84.28766,0,[57.00082,65.77654]]],[18,[48.57151,84.48996,0,[57.00069,62.97784]]],[10,[49.22059,85.76295,0,[57.00082,64.43645]]],[22,[47.70721,83.31239,0,[57.0008,63.66306]]],[170,[48.13845,77.94055,0,[56.00068,67.78466]]],[28,[50.07707,89.25355,0,[57.00079,65.64461]]],[8,[49.92847,87.47998,0,[57.00079,64.37055]]],[161,[44.07126,76.81757,0,[56.0007,67.20373]]],[71,[49.82177,85.12755,0,[56.00077,66.26854]]],[56,[50.73619,87.96666,0,[57.00078,65.53307]]],[100,[49.29774,84.56315,0,[56.00078,66.49097]]],[38,[47.58139,79.38412,0,[57.00079,62.4339]]],[13,[49.2499,84.02744,0,[57.00081,63.21335]]],[29,[50.47437,88.38438,0,[57.00079,64.1656]]],[70,[50.48992,87.98207,0,[56.00077,66.15267]]],[2,[49.76323,87.19693,0,[57.00078,63.01392]]],[14,[46.81093,81.68231,0,[57.00075,61.68163]]],[9,[51.12109,88.30306,0,[57.0008,64.31098]]],[86,[51.37595,86.42426,0,[57.00078,65.67215]]],[159,[49.39773,80.06242,0,[56.00072,67.85094]]],[5,[50.34907,86.38609,0,[57.0008,62.91222]]],[179,[50.76963,76.76563,0,[56.00074,67.70325]]],[25,[47.74474,81.00025,0,[57.00073,61.52743]]],[7,[51.85325,91.81557,0,[57.00079,64.62312]]],[55,[52.0188,89.53965,0,[57.00078,65.91705]]],[11,[51.05167,87.17192,0,[57.00081,63.13345]]],[115,[51.33093,84.98453,0,[56.00074,66.32537]]],[68,[48.88827,77.83757,0,[57.00076,61.84866]]],[40,[52.76681,90.83263,0,[56.98507,66.00063]]],[1,[52.5518,92.32153,0,[57.0008,64.60357]]],[133,[47.08073,80.59209,0,[56.00066,67.54261]]],[6,[51.68821,88.48307,0,[57.00079,63.32032]]],[116,[50.15963,84.40908,0,[56.00069,67.91087]]],[169,[51.47044,81.2813,0,[56.00068,67.68747]]],[26,[53.41579,90.88261,0,[57.00082,64.90096]]],[144,[52.9203,85.60798,0,[57.0008,63.54256]]],[53,[49.61231,80.43884,0,[57.00075,61.74052]]],[15,[51.06403,84.06901,0,[57.00079,61.90874]]],[17,[53.85202,93.16064,0,[56.41156,66.00062]]],[3,[54.31734,93.98665,0,[57.00082,65.28732]]],[27,[53.36295,92.53955,0,[56.97343,66.00063]]],[39,[52.28378,84.79821,0,[57.00081,63.25907]]],[129,[54.25721,87.46838,0,[57.00082,63.96354]]],[54,[53.62087,89.36538,0,[57.00082,63.84849]]],[84,[50.37022,78.66675,0,[57.00076,61.76752]]],[158,[54.16158,88.49886,0,[56.00071,67.35619]]],[114,[54.82716,91.05177,0,[57.00077,63.68545]]],[113,[52.40331,83.01414,0,[57.00081,62.05656]]],[85,[52.13746,87.09019,0,[56.00074,66.33087]]],[50,[53.66852,76.17171,0,[57.00074,62.35589]]],[16,[54.77016,95.03791,0,[56.45042,66.00063]]],[69,[51.69626,81.20905,0,[57.00077,61.89417]]],[82,[55.6632,91.70767,0,[57.00079,64.30861]]],[67,[55.06356,81.37375,0,[57.00083,62.58607]]],[130,[53.3146,83.44495,0,[56.00076,66.77367]]],[4,[55.20177,95.21808,0,[57.00081,65.25301]]],[52,[53.0925,80.13853,0,[57.00085,62.41777]]],[83,[56.52614,86.42531,0,[57.00084,64.73499]]],[99,[54.25005,83.84597,0,[57.0008,62.20093]]],[145,[53.38262,86.14739,0,[56.50239,68.00075]]],[146,[48.56247,81.27025,0,[56.00076,67.17197]]],[98,[56.28893,95.27193,0,[56.83345,66.00056]]],[41,[54.80697,92.80339,0,[56.00075,67.22378]]],[160,[44.9826,78.92616,0,[56.00074,67.79344]]],[97,[55.90724,75.2297,0,[57.00072,63.0279]]],[178,[52.28739,78.85431,0,[56.00068,67.70564]]],[0,[55.44125,97.10371,0,[56.00076,66.35459]]]
4:[168,[45.13518,90.02797,0,[77.00089,76.35866]]],[177,[45.05518,90.04401,0,[76.00085,77.68472]]],[167,[45.69788,91.13108,0,[76.50436,77.00056]]],[176,[45.99862,91.57994,0,[76.00084,78.11677]]],[157,[45.83162,90.49586,0,[77.0008,75.88589]]],[184,[45.60381,90.84131,0,[75.20564,79.00051]]],[156,[46.52479,92.19719,0,[76.93729,77.00044]]],[155,[46.67744,92.66751,0,[76.00089,77.58513]]],[166,[46.90846,93.25412,0,[76.00092,78.90355]]],[142,[46.55576,91.80083,0,[77.00087,75.66689]]],[141,[47.20113,93.26174,0,[77.00094,76.73499]]],[140,[47.27749,93.66048,0,[76.00092,77.20505]]],[154,[47.53019,94.26575,0,[76.00092,78.43194]]],[175,[46.95308,93.12524,0,[75.00096,79.36845]]],[126,[47.96138,94.66287,0,[77.00091,76.58849]]],[127,[47.37661,93.00097,0,[77.00092,75.61386]]],[139,[47.96598,94.70706,0,[76.0009,77.37083]]],[153,[48.28704,95.37493,0,[76.00093,78.54135]]],[165,[47.51318,93.79482,0,[75.00091,79.2086]]],[125,[48.6906,95.21291,0,[77.00091,76.77909]]],[138,[49.01848,96.87233,0,[76.00094,78.74225]]],[124,[48.75824,96.10851,0,[76.00087,77.47942]]],[183,[48.21338,93.26662,0,[75.00091,79.32506]]],[111,[48.25777,94.53164,0,[77.00093,75.56676]]],[108,[49.51178,98.02977,0,[76.00092,78.07756]]],[109,[49.34256,97.11288,0,[77.00095,76.80969]]],[94,[49.55238,97.44377,0,[76.26363,77.0004]]],[164,[48.96339,95.37596,0,[75.00095,79.40272]]],[107,[50.08866,98.3107,0,[76.00093,77.62215]]],[110,[49.05703,95.22414,0,[77.00095,75.6474]]],[123,[49.7033,97.81624,0,[75.55324,79.00037]]],[95,[50.28991,96.91412,0,[77.00094,76.60869]]],[152,[49.9988,97.1505,0,[75.00093,79.78638]]],[112,[49.69843,94.76211,0,[77.00082,75.61915]]],[93,[50.62697,98.46877,0,[76.49281,77.0004]]],[92,[50.78666,99.57545,0,[76.00092,78.11031]]],[137,[50.41577,97.75722,0,[76.00093,78.79186]]],[77,[50.96745,99.73356,0,[76.00087,77.00269]]],[79,[51.01683,98.78199,0,[77.00097,76.15416]]],[96,[50.36693,95.96296,0,[77.0009,75.45905]]],[106,[51.48734,99.54251,0,[76.00092,78.0217]]],[122,[51.34559,98.97131,0,[75.92023,79.00036]]],[121,[52.20782,99.46536,0,[76.00095,78.23226]]],[163,[50.49207,96.28089,0,[75.00091,79.30033]]],[78,[51.7282,99.93953,0,[76.0009,77.15488]]],[136,[51.78853,98.68186,0,[75.48955,79.00042]]],[80,[51.75074,98.71938,0,[77.0009,76.61681]]],[76,[52.793,102.15,0,[76.00092,78.22957]]],[62,[52.38734,101.1651,0,[76.00091,77.0802]]],[174,[51.26156,95.50201,0,[75.00092,79.78369]]],[64,[52.35214,100.4095,0,[77.00095,76.50768]]],[128,[51.46859,93.8932,0,[77.00089,75.38802]]],[173,[52.37841,96.11414,0,[75.2061,79.00039]]],[61,[53.32804,103.0946,0,[76.0009,78.08839]]],[47,[53.23237,102.6177,0,[76.25016,77.00043]]],[81,[52.24406,97.44653,0,[77.00094,75.36722]]],[63,[53.0025,100.7874,0,[77.00097,76.49573]]],[162,[53.12749,98.48882,0,[75.41422,79.00043]]],[151,[52.02209,97.92808,0,[75.00095,79.90973]]],[75,[53.88644,102.5555,0,[76.00087,77.97984]]],[60,[54.00267,102.9896,0,[76.28923,77.00028]]],[48,[53.74172,102.166,0,[77.0009,76.37081]]],[65,[53.09816,98.36262,0,[77.00096,75.46084]]],[91,[53.84979,102.2343,0,[75.6336,79.0005]]],[46,[54.46996,103.7914,0,[76.00092,77.72312]]],[182,[52.7874,95.65955,0,[75.00093,79.9463]]],[35,[54.54326,102.7928,0,[77.00095,76.25246]]],[59,[55.15919,104.5002,0,[76.00095,77.93797]]],[33,[54.91478,103.6986,0,[76.54201,77.00043]]],[49,[53.91659,100.5197,0,[77.00082,75.49259]]],[105,[54.7417,102.0633,0,[76.00092,78.91598]]],[36,[55.5553,101.9303,0,[77.00088,76.61158]]],[45,[55.48033,104.0427,0,[76.00089,77.23326]]],[135,[55.21618,100.8819,0,[75.65669,79.00032]]],[66,[55.53574,98.82892,0,[77.00083,75.40668]]],[90,[55.84346,102.7182,0,[75.82093,79.00047]]],[44,[56.15113,105.576,0,[77.00095,76.53463]]],[143,[54.88401,92.02251,0,[77.00076,75.53702]]],[172,[54.10609,98.54059,0,[75.00093,79.57984]]],[120,[56.11237,102.1253,0,[76.00092,78.18346]]],[58,[56.12658,105.1003,0,[76.00092,77.09956]]],[181,[53.47516,96.50929,0,[75.00089,79.85689]]],[134,[56.70248,102.1755,0,[76.0009,78.25963]]],[43,[56.81342,106.6678,0,[77.0009,76.53814]]],[74,[56.73334,103.8285,0,[76.00089,77.16216]]],[32,[56.25274,103.9867,0,[77.00092,75.42097]]],[89,[57.34676,103.625,0,[76.00093,77.02173]]],[31,[57.47905,105.8175,0,[77.00092,76.35866]]],[149,[56.08076,100.4798,0,[75.02048,79.0004]]],[104,[57.30984,103.0231,0,[76.00094,78.07481]]],[34,[56.88873,102.6401,0,[77.00087,75.48304]]],[30,[57.95745,106.5336,0,[76.00084,77.08186]]],[73,[58.09966,106.7502,0,[76.00094,78.24684]]],[12,[58.28314,106.6539,0,[77.00095,76.28155]]],[119,[57.77362,103.3707,0,[75.83483,79.00042]]],[148,[57.0319,102.4689,0,[75.55606,79.00033]]],[20,[57.59905,105.9983,0,[77.00083,75.35882]]],[72,[58.599,107.1636,0,[76.00093,77.63473]]],[103,[58.86938,105.4685,0,[76.00093,78.81322]]],[118,[57.96491,104.1911,0,[75.00088,79.05257]]],[37,[58.9142,103.9596,0,[77.00093,76.83002]]],[57,[59.29486,108.7212,0,[76.00096,77.97448]]],[150,[54.80943,100.0901,0,[75.00093,79.84575]]],[132,[59.26535,104.2801,0,[75.56574,79.0003]]],[19,[59.28703,108.205,0,[76.51165,77.00027]]],[21,[58.47032,104.6752,0,[77.00086,75.37611]]],[147,[58.64631,103.5955,0,[75.00092,79.68534]]],[102,[59.96738,106.0953,0,[76.00092,78.29639]]],[88,[59.7087,105.5119,0,[76.00092,77.11013]]],[51,[59.22742,101.8283,0,[77.00099,75.97647]]],[23,[59.88475,106.1786,0,[77.00092,76.38357]]],[180,[56.84539,98.45135,0,[75.0009,79.93301]]],[117,[59.70255,105.2704,0,[75.00092,79.04858]]],[101,[60.53033,106.558,0,[76.00092,77.8658]]],[131,[60.67869,105.8144,0,[75.85578,79.0004]]],[24,[60.04729,104.1802,0,[77.00098,75.43103]]],[42,[60.56917,108.9863,0,[76.70717,77.0004]]],[171,[57.68383,99.60586,0,[75.0009,79.83708]]],[87,[61.36382,107.5153,0,[76.00095,78.96227]]],[18,[61.23442,108.9518,0,[76.80143,77.00024]]],[10,[61.17516,109.1043,0,[76.00095,77.8196]]],[22,[60.68748,106.8696,0,[77.00092,75.99052]]],[170,[60.32717,100.7737,0,[75.00093,79.86785]]],[28,[61.87449,112.1253,0,[76.00091,78.27261]]],[8,[61.51058,110.409,0,[76.00092,77.06593]]],[161,[55.78887,99.84172,0,[75.00089,79.84024]]],[71,[62.48306,108.9782,0,[76.00095,78.99522]]],[56,[62.28432,110.5816,0,[76.00095,77.69705]]],[100,[61.41717,107.5712,0,[75.00089,79.03664]]],[38,[61.67208,104.0886,0,[77.00095,76.31399]]],[13,[62.42134,108.3931,0,[77.00097,76.6469]]],[29,[62.77686,111.6557,0,[76.00079,77.48386]]],[70,[63.00527,111.784,0,[76.00092,78.82053]]],[2,[63.07983,111.6601,0,[77.00095,76.82177]]],[14,[61.82322,106.2098,0,[77.00079,75.48145]]],[9,[63.2756,111.3061,0,[76.00089,77.13995]]],[86,[63.47846,109.3811,0,[76.00089,78.34425]]],[159,[62.04971,103.0602,0,[75.00095,79.96737]]],[5,[63.68489,110.6671,0,[77.0009,76.43964]]],[179,[63.11481,99.16296,0,[75.00089,79.02293]]],[25,[62.59405,105.7974,0,[77.00082,75.52453]]],[7,[63.89704,114.5997,0,[76.00089,77.06503]]],[55,[64.08089,112.3337,0,[76.00098,78.22932]]],[11,[64.40881,111.1979,0,[77.00098,76.20515]]],[115,[63.74164,107.9949,0,[75.0009,79.00567]]],[68,[63.50269,102.2526,0,[77.00086,75.38788]]],[40,[64.78117,113.7943,0,[75.86549,79.00043]]],[1,[64.64711,115.5965,0,[76.00091,77.8713]]],[133,[59.43495,103.706,0,[75.00093,79.84918]]],[6,[64.92432,112.411,0,[76.49799,77.00042]]],[116,[62.68533,107.0609,0,[75.00094,79.67576]]],[169,[64.45196,104.1903,0,[75.0009,79.7915]]],[26,[65.31928,114.0791,0,[76.00092,78.06287]]],[144,[65.36143,109.0834,0,[76.04289,77.00036]]],[53,[64.67491,104.9858,0,[77.00079,75.31524]]],[15,[65.42332,108.8782,0,[77.00098,76.15771]]],[17,[66.06043,116.6767,0,[76.00096,78.78422]]],[3,[65.97906,116.6948,0,[76.00091,77.63647]]],[27,[65.16742,115.157,0,[75.43028,79.00039]]],[39,[66.20033,109.0046,0,[77.00097,76.57995]]],[129,[66.68078,111.3298,0,[76.00088,78.08566]]],[54,[66.59975,113.019,0,[76.49966,77.00043]]],[84,[65.82044,103.2279,0,[77.00085,75.40019]]],[158,[66.36138,111.5768,0,[75.44398,79.00043]]],[114,[67.05968,114.6892,0,[76.00095,77.44304]]],[113,[66.6655,107.5196,0,[77.00092,75.98522]]],[85,[65.11263,110.6033,0,[75.00092,80.01582]]],[50,[67.84259,101.0003,0,[77.00091,76.78407]]],[16,[67.33762,118.5721,0,[75.9944,79.00034]]],[69,[67.18917,105.7647,0,[77.0009,75.61398]]],[82,[67.92809,114.9261,0,[76.00084,77.52986]]],[67,[68.68437,106.1524,0,[77.00093,76.91671]]],[130,[65.71721,106.5474,0,[75.00089,79.66763]]],[4,[67.70777,118.4058,0,[76.00089,78.38973]]],[52,[68.0613,104.4972,0,[77.00098,75.80494]]],[83,[69.02135,109.3237,0,[76.00097,77.23105]]],[99,[69.0025,108.5855,0,[77.00098,76.0206]]],[145,[66.74535,108.5272,0,[75.00092,79.74781]]],[146,[60.98969,104.1813,0,[75.00089,79.80526]]],[98,[68.60391,118.0619,0,[76.00094,77.99872]]],[41,[67.49603,115.5403,0,[75.00093,79.5116]]],[160,[63.69033,105.1774,0,[75.00089,80.09831]]],[97,[69.85375,99.62764,0,[77.00093,76.39616]]],[178,[69.41737,104.3278,0,[76.00099,78.6528]]],[0,[68.16322,120.2982,0,[75.33515,79.00039]]]
7:[168,[56.54712,112.7989,0,[97.76416,83.0008]]],[177,[55.97318,111.6145,0,[96.00072,83.07674]]],[167,[57.10972,113.9143,0,[98.0007,82.08536]]],[176,[57.28225,113.9975,0,[97.00244,83.00076]]],[157,[57.53488,113.8377,0,[99.00072,81.14022]]],[184,[57.32904,113.2269,0,[96.00058,83.73579]]],[156,[57.83789,114.7126,0,[98.00072,82.06829]]],[155,[58.20381,115.5096,0,[97.19331,83.00082]]],[166,[58.00438,114.6516,0,[96.00053,83.45493]]],[142,[58.54688,115.6983,0,[99.3896,81.00069]]],[141,[58.75306,116.308,0,[98.45369,82.00069]]],[140,[59.34075,117.5064,0,[98.00058,82.80251]]],[154,[58.84256,116.4996,0,[96.72065,83.00073]]],[175,[58.91566,115.8338,0,[96.00065,83.97668]]],[126,[59.90768,118.4345,0,[99.00066,81.96842]]],[127,[59.76605,117.681,0,[99.97327,81.00076]]],[139,[59.99394,118.5418,0,[98.00066,82.73279]]],[153,[59.53846,117.5724,0,[96.63737,83.00079]]],[165,[59.58762,116.4885,0,[95.93991,84.00082]]],[125,[60.58225,118.8717,0,[99.00069,81.89199]]],[138,[60.27864,119.1339,0,[96.81287,83.00082]]],[124,[60.7458,119.7583,0,[98.00066,82.53143]]],[183,[60.32907,115.9137,0,[96.00053,83.92902]]],[111,[60.73887,119.32,0,[99.96709,81.00075]]],[108,[61.08696,120.6406,0,[97.16454,83.00082]]],[109,[61.02676,120.3718,0,[99.0174,81.00082]]],[94,[61.30178,120.8096,0,[98.14732,82.00079]]],[164,[60.91269,117.8937,0,[96.00072,83.57063]]],[107,[62.03636,122.0357,0,[97.88311,83.00085]]],[110,[61.87513,120.618,0,[100.2118,81.00091]]],[123,[61.47289,120.1796,0,[96.44006,83.00079]]],[95,[62.22169,120.6455,0,[98.84097,82.0008]]],[152,[61.62579,119.5201,0,[95.71085,84.00082]]],[112,[62.32199,119.1417,0,[99.50716,81.00082]]],[93,[62.44756,121.6874,0,[98.00059,82.06508]]],[92,[62.51686,122.679,0,[97.19849,83.00081]]],[137,[62.05248,119.4814,0,[96.00053,83.33173]]],[77,[63.23622,124.056,0,[98.48004,82.00085]]],[79,[62.99767,122.4926,0,[99.15939,81.00072]]],[96,[63.30563,121.5229,0,[100.4903,81.00086]]],[106,[63.49314,123.3289,0,[97.80191,83.00085]]],[122,[62.81397,121.1069,0,[96.53486,83.00072]]],[121,[64.05864,122.8806,0,[97.81152,83.00082]]],[163,[62.8835,118.9973,0,[95.86018,84.00073]]],[78,[63.95926,124.1779,0,[98.53076,82.00068]]],[136,[63.24768,120.5731,0,[96.17691,83.00075]]],[80,[63.85479,122.4871,0,[99.17728,81.00071]]],[76,[64.19909,124.5356,0,[96.86512,83.00085]]],[62,[64.5366,125.0684,0,[98.0006,82.48124]]],[174,[63.70744,117.8015,0,[95.70322,84.00076]]],[64,[64.69788,124.334,0,[99.00062,81.65189]]],[128,[64.56498,119.6264,0,[100.4041,81.00085]]],[173,[64.3193,118.5341,0,[96.00052,83.70088]]],[61,[65.0709,126.274,0,[97.38884,83.00084]]],[47,[65.1157,126.1981,0,[98.09971,82.00084]]],[81,[65.17473,122.8049,0,[100.0948,81.00085]]],[63,[65.35095,124.6242,0,[99.0005,81.33437]]],[162,[65.08803,120.8608,0,[96.29634,83.00082]]],[151,[65.00829,120.3774,0,[95.99493,84.00082]]],[75,[65.91209,126.1293,0,[97.7514,83.00079]]],[60,[66.05665,126.8846,0,[98.42008,82.00086]]],[48,[65.94344,125.9263,0,[99.06203,81.00081]]],[65,[66.17984,124.0929,0,[100.3838,81.00089]]],[91,[65.75473,124.5246,0,[96.35551,83.00076]]],[46,[66.72934,127.8186,0,[97.99474,83.00085]]],[182,[65.69655,118.1278,0,[95.72161,84.0008]]],[35,[66.78188,126.9926,0,[99.36427,81.00083]]],[59,[66.5155,126.9375,0,[96.70673,83.00086]]],[33,[67.04128,127.842,0,[98.67928,82.00092]]],[49,[67.16451,126.5378,0,[100.6339,81.00092]]],[105,[66.56458,123.6494,0,[95.85735,84.00084]]],[36,[67.43851,125.3086,0,[97.91547,83.00092]]],[45,[67.83202,127.6673,0,[98.00076,82.50349]]],[135,[67.08714,123.2604,0,[96.61317,83.0009]]],[66,[67.65359,122.7922,0,[99.25949,81.00074]]],[90,[67.61595,124.52,0,[96.15412,83.00069]]],[44,[68.26575,129.3894,0,[98.89594,82.00085]]],[143,[68.12029,117.9451,0,[100.6959,81.00087]]],[172,[67.31549,121.2383,0,[95.83414,84.00088]]],[120,[68.32886,125.3653,0,[97.5168,83.00078]]],[58,[68.48813,128.8835,0,[98.08617,82.00076]]],[181,[68.10691,118.8194,0,[95.72977,84.00082]]],[134,[68.32803,124.1299,0,[96.29337,83.00082]]],[43,[68.84573,130.3951,0,[99.0007,81.33485]]],[74,[69.0083,127.5263,0,[97.58432,83.00087]]],[32,[69.00945,129.2967,0,[100.2805,81.00085]]],[89,[69.57812,127.5679,0,[98.0006,82.71771]]],[31,[69.62419,129.7786,0,[99.00063,81.87569]]],[149,[68.85758,123.0589,0,[95.77328,84.00079]]],[104,[69.04601,125.1188,0,[96.44762,83.00084]]],[34,[69.79562,127.8618,0,[100.0307,81.00079]]],[30,[69.98314,130.1648,0,[98.15334,82.00072]]],[73,[70.03603,129.6732,0,[97.44415,83.00085]]],[12,[70.11507,130.1823,0,[99.00056,81.17007]]],[119,[69.75241,124.8902,0,[96.04511,83.00072]]],[148,[69.61211,124.4762,0,[95.82224,84.00083]]],[20,[70.67282,131.4607,0,[100.2562,81.00085]]],[72,[70.81823,131.2383,0,[98.54188,82.00077]]],[103,[70.85427,128.8851,0,[97.77409,83.00078]]],[118,[70.45263,127.094,0,[96.30077,83.00079]]],[37,[70.97126,127.7596,0,[99.27951,81.00079]]],[57,[71.5276,132.8153,0,[98.00056,82.8052]]],[150,[70.37639,122.7296,0,[95.62615,84.00084]]],[132,[71.14735,127.3055,0,[96.6804,83.00085]]],[19,[71.69618,132.654,0,[98.86928,82.00082]]],[21,[71.65085,130.5152,0,[100.4364,81.00089]]],[147,[71.17947,126.6363,0,[95.85088,84.00085]]],[102,[71.91077,128.957,0,[97.18455,83.00078]]],[88,[72.10412,129.3944,0,[98.0005,82.30961]]],[51,[72.08852,126.8393,0,[99.91833,81.00083]]],[23,[72.37616,130.2207,0,[99.00051,81.72185]]],[180,[71.78874,121.0468,0,[96.00059,83.71912]]],[117,[72.3085,128.5303,0,[96.71066,83.00085]]],[101,[72.93481,130.7113,0,[98.50598,82.00076]]],[131,[73.10678,129.5945,0,[97.79394,83.00086]]],[24,[73.07154,129.8402,0,[100.4671,81.00087]]],[42,[72.94944,133.1707,0,[99.23408,81.00077]]],[171,[72.48997,122.5774,0,[95.81424,84.00085]]],[87,[72.76109,129.3714,0,[96.31426,83.0008]]],[18,[73.78489,133.4052,0,[99.00046,81.98695]]],[10,[73.68353,133.1058,0,[98.00055,82.64981]]],[22,[73.81651,132.3398,0,[100.032,81.00089]]],[170,[73.42389,123.9015,0,[96.60494,83.0008]]],[28,[74.24111,135.7226,0,[98.00059,82.64638]]],[8,[74.19596,135.3095,0,[99.0006,81.57629]]],[161,[73.26707,123.5441,0,[95.73082,84.00086]]],[71,[74.15388,131.2607,0,[96.82675,83.00082]]],[56,[74.5849,134.165,0,[98.12565,82.00076]]],[100,[74.02174,130.0867,0,[96.00047,83.81972]]],[38,[74.61243,129.5362,0,[100.2661,81.0008]]],[13,[74.62496,131.7727,0,[99.00063,81.01635]]],[29,[75.23698,135.4911,0,[97.78854,83.00085]]],[70,[74.56802,133.7184,0,[96.43079,83.0008]]],[2,[75.43905,135.5398,0,[98.72349,82.00082]]],[14,[75.40657,131.7897,0,[100.3436,81.0009]]],[9,[75.89236,135.1095,0,[98.00061,82.86201]]],[86,[75.26788,131.3996,0,[96.59181,83.00082]]],[159,[74.88099,125.4732,0,[95.80593,84.00079]]],[5,[76.03247,134.2688,0,[99.00058,81.76337]]],[179,[75.72546,121.963,0,[96.00056,83.98891]]],[25,[75.95321,130.9998,0,[99.98382,81.00074]]],[7,[76.33703,138.3848,0,[98.18549,82.00085]]],[55,[76.37897,135.5229,0,[97.55173,83.00085]]],[11,[76.46733,134.8263,0,[99.0005,81.1031]]],[115,[76.10546,130.7549,0,[96.25498,83.00085]]],[68,[76.94019,127.7589,0,[100.3964,81.00087]]],[40,[76.93905,136.8321,0,[97.20354,83.00073]]],[1,[76.91839,139.1047,0,[98.00071,82.01843]]],[133,[76.21551,126.2114,0,[95.61098,84.00087]]],[6,[77.07301,136.3434,0,[99.00053,81.09696]]],[116,[77.01524,130.2232,0,[96.0005,83.98435]]],[169,[77.14201,127.4628,0,[96.3182,83.00083]]],[26,[77.86222,138.115,0,[97.8458,83.00079]]],[144,[77.88358,133.7321,0,[98.64684,82.00077]]],[53,[77.75601,130.5352,0,[100.3099,81.00087]]],[15,[77.98514,133.32,0,[99.39346,81.00079]]],[17,[77.88834,138.8413,0,[96.66514,83.00079]]],[3,[78.41409,140.439,0,[98.00054,82.55622]]],[27,[77.7967,137.2238,0,[95.84856,84.00082]]],[39,[78.69527,132.8457,0,[99.00059,81.65348]]],[129,[78.62065,134.3101,0,[96.9222,83.00084]]],[54,[78.92474,136.5496,0,[98.09169,82.00077]]],[158,[78.50163,134.3195,0,[96.0005,83.95475]]],[114,[79.33299,137.8075,0,[97.38351,83.00081]]],[113,[79.22581,131.9712,0,[99.29523,81.00092]]],[85,[78.9999,133.4522,0,[96.00066,83.5648]]],[50,[79.53645,123.6715,0,[98.00317,82.00073]]],[16,[79.47179,140.4882,0,[96.45828,83.0008]]],[69,[79.86971,129.9483,0,[99.4017,81.00056]]],[82,[80.41309,138.6735,0,[97.84512,83.00083]]],[67,[80.50661,129.5896,0,[98.759,82.00079]]],[130,[79.88277,129.418,0,[95.80584,84.0008]]],[4,[80.11871,140.6712,0,[96.40215,83.00083]]],[52,[80.71773,128.9907,0,[99.74515,81.00078]]],[83,[81.01695,133.1728,0,[98.00053,82.63448]]],[99,[81.2976,132.5819,0,[99.00056,81.76845]]],[145,[80.88013,132.556,0,[96.63182,83.00076]]],[146,[80.71944,127.5173,0,[95.8262,84.00081]]],[98,[81.6711,142.2325,0,[98.00062,82.557]]],[41,[81.63631,139.6873,0,[96.73996,83.00079]]],[160,[81.59759,129.5887,0,[95.9691,84.00081]]],[97,[82.28939,123.7763,0,[98.92909,82.00082]]],[178,[82.583,128.656,0,[97.72632,83.00085]]],[0,[82.12462,142.9517,0,[96.00051,83.17357]]]

Travel Distances:
[168,139.6864],[177,139.5759],[167,139.6817],[176,141.3893],[157,140.7493],[184,140.4867],[156,141.0021],[155,143.0476],[166,142.5721],[142,142.5384],[141,142.7812],[140,144.7951],[154,144.7813],[175,143.9181],[126,144.5954],[127,144.0699],[139,144.5373],[153,144.4432],[165,143.1422],[125,145.6884],[138,146.528],[124,146.2555],[183,143.148],[111,145.7505],[108,146.4347],[109,148.2978],[94,148.1966],[164,145.9904],[107,147.9207],[110,146.7152],[123,147.1815],[95,146.1912],[152,148.0793],[112,146.2623],[93,148.7723],[92,149.6143],[137,147.2455],[77,149.5511],[79,150.3811],[96,148.6557],[106,150.324],[122,149.4358],[121,148.737],[163,146.8627],[78,150.248],[136,147.7268],[80,148.7613],[76,152.0511],[62,151.9689],[174,146.1929],[64,150.8916],[128,146.116],[173,145.6881],[61,152.1094],[47,151.953],[81,150.0424],[63,151.8027],[162,148.572],[151,148.1987],[75,152.2773],[60,152.7428],[48,153.8001],[65,151.5402],[91,152.8784],[46,154.3085],[182,146.3973],[35,153.3288],[59,153.7118],[33,153.7286],[49,152.0262],[105,152.2896],[36,152.3625],[45,153.9899],[135,150.8753],[66,149.45],[90,151.2216],[44,154.6492],[143,143.5905],[172,148.4725],[120,152.6594],[58,155.608],[181,146.4816],[134,151.3931],[43,156.673],[74,153.4926],[32,155.1189],[89,154.39],[31,156.4722],[149,151.0626],[104,152.8062],[34,154.1997],[30,156.184],[73,155.5666],[12,157.9205],[119,153.3461],[148,152.9843],[20,157.8847],[72,157.5957],[103,155.1657],[118,154.1375],[37,153.8022],[57,159.746],[150,151.7055],[132,154.933],[19,159.1795],[21,157.0982],[147,154.0543],[102,155.073],[88,155.1608],[51,154.3159],[23,157.401],[180,149.2927],[117,155.8341],[101,156.8253],[131,155.3624],[24,155.5426],[42,159.2019],[171,151.3414],[87,157.7347],[18,159.8174],[10,159.7234],[22,158.631],[170,150.9085],[28,161.1959],[8,160.8926],[161,152.5935],[71,158.7937],[56,160.9792],[100,157.6431],[38,156.1362],[13,158.4793],[29,161.0101],[70,160.4641],[2,162.6413],[14,158.7527],[9,161.2796],[86,158.6164],[159,153.4722],[5,160.1509],[179,148.4345],[25,156.6769],[7,165.6921],[55,162.7357],[11,161.8599],[115,158.4652],[68,153.6846],[40,162.9099],[1,165.1958],[133,155.5482],[6,164.1275],[116,157.985],[169,155.1163],[26,164.37],[144,159.9507],[53,156.9518],[15,159.228],[17,167.0033],[3,167.5897],[27,165.4922],[39,159.4429],[129,161.0029],[54,162.6938],[84,154.5535],[158,161.1589],[114,165.102],[113,159.5019],[85,161.2565],[50,150.5652],[16,167.4234],[69,156.133],[82,165.807],[67,156.5681],[130,157.428],[4,168.3569],[52,155.5046],[83,159.131],[99,159.9702],[145,160.6342],[146,155.8219],[98,168.8683],[41,166.3671],[160,156.2498],[97,149.1895],[178,155.4625],[0,170.5858]

Finish Times:
[168,71.16125],[177,71.28125],[167,71.92126],[176,72.16127],[157,72.48128],[184,72.48128],[156,72.72128],[155,73.08129],[166,73.3213],[142,73.4813],[141,73.5213],[140,74.00131],[154,74.00131],[175,74.36132],[126,74.44132],[127,74.52132],[139,74.56133],[153,74.64133],[165,74.88133],[125,75.16134],[138,75.20134],[124,75.36134],[183,75.44135],[111,75.56135],[108,75.88136],[109,75.96136],[94,76.08136],[164,76.16136],[107,76.60137],[110,76.64137],[123,76.68137],[95,76.80138],[152,77.16138],[112,77.24139],[93,77.28139],[92,77.36139],[137,77.44139],[77,77.9214],[79,77.9614],[96,78.12141],[106,78.12141],[122,78.12141],[121,78.56142],[163,78.56142],[78,78.60142],[136,78.72142],[80,78.80142],[76,79.12143],[62,79.16143],[174,79.24143],[64,79.40144],[128,79.48144],[173,79.52144],[61,79.84145],[47,79.92145],[81,80.12145],[63,80.20145],[162,80.40146],[151,80.48146],[75,80.56146],[60,80.76147],[48,81.00147],[65,81.00147],[91,81.04147],[46,81.24148],[182,81.24148],[35,81.68149],[59,81.68149],[33,81.72149],[49,81.92149],[105,81.96149],[36,82.0415],[45,82.44151],[135,82.48151],[66,82.60151],[90,82.84151],[44,82.88152],[143,82.92152],[172,82.92152],[120,82.96152],[58,83.44153],[181,83.48153],[134,83.60153],[43,83.68153],[74,83.68153],[32,83.84154],[89,84.16154],[31,84.24155],[149,84.28155],[104,84.32155],[34,84.56155],[30,84.76156],[73,84.80156],[12,85.00156],[119,85.16157],[148,85.20157],[20,85.48158],[72,85.48158],[103,85.48158],[118,85.80158],[37,85.84158],[57,86.08159],[150,86.12159],[132,86.24159],[19,86.28159],[21,86.4016],[147,86.6416],[102,86.7616],[88,86.84161],[51,87.00161],[23,87.04161],[180,87.04161],[117,87.48162],[101,87.64162],[131,87.76163],[24,87.84163],[42,87.84163],[171,88.04163],[87,88.20164],[18,88.32164],[10,88.36164],[22,88.60165],[170,88.64165],[28,88.84165],[8,88.88165],[161,88.96165],[71,89.16166],[56,89.36166],[100,89.40166],[38,89.44167],[13,89.56167],[29,89.80167],[70,89.88168],[2,90.04168],[14,90.20168],[9,90.40169],[86,90.40169],[159,90.44169],[5,90.68169],[179,90.8417],[25,90.9217],[7,91.1217],[55,91.1217],[11,91.40171],[115,91.52171],[68,91.72172],[40,91.76172],[1,91.80172],[133,91.96172],[6,92.00172],[116,92.36173],[169,92.36173],[26,92.44173],[144,92.52174],[53,92.56174],[15,92.88174],[17,93.04175],[3,93.08175],[27,93.16175],[39,93.36176],[129,93.64176],[54,93.72176],[84,93.72176],[158,93.92177],[114,94.04177],[113,94.12177],[85,94.32178],[50,94.40178],[16,94.64178],[69,94.76179],[82,95.00179],[67,95.1218],[130,95.2818],[4,95.3618],[52,95.56181],[83,95.60181],[99,95.96181],[145,95.96181],[146,96.08182],[98,96.36182],[41,96.68183],[160,96.80183],[97,96.88184],[178,97.20184],[0,97.48185]

Stuck Times:
[168,0],[177,0],[167,0],[176,0],[157,0],[184,0],[156,0],[155,0],[166,0],[142,0],[141,0],[140,0],[154,0],[175,0],[126,0],[127,0],[139,0],[153,0],[165,0],[125,0],[138,0],[124,0],[183,1],[111,0],[108,0],[109,0],[94,0],[164,0],[107,0],[110,0],[123,0],[95,0],[152,0],[112,1],[93,0],[92,0],[137,0],[77,0],[79,0],[96,0],[106,0],[122,0],[121,1],[163,1],[78,0],[136,1],[80,1],[76,0],[62,0],[174,4],[64,0],[128,4],[173,5],[61,0],[47,0],[81,1],[63,0],[162,3],[151,2],[75,0],[60,0],[48,0],[65,2],[91,0],[46,0],[182,7],[35,0],[59,0],[33,0],[49,0],[105,0],[36,3],[45,0],[135,4],[66,4],[90,0],[44,0],[143,7],[172,4],[120,2],[58,0],[181,8],[134,3],[43,1],[74,2],[32,1],[89,3],[31,3],[149,5],[104,3],[34,2],[30,2],[73,2],[12,3],[119,4],[148,2],[20,0],[72,2],[103,3],[118,2],[37,6],[57,3],[150,9],[132,4],[19,3],[21,2],[147,4],[102,3],[88,5],[51,7],[23,5],[180,12],[117,2],[101,3],[131,4],[24,6],[42,2],[171,13],[87,6],[18,4],[10,7],[22,6],[170,10],[28,2],[8,6],[161,13],[71,4],[56,4],[100,6],[38,9],[13,7],[29,6],[70,4],[2,6],[14,7],[9,7],[86,5],[159,11],[5,6],[179,14],[25,7],[7,5],[55,5],[11,7],[115,8],[68,12],[40,4],[1,6],[133,10],[6,8],[116,10],[169,12],[26,9],[144,9],[53,11],[15,11],[17,5],[3,6],[27,6],[39,10],[129,10],[54,9],[84,16],[158,8],[114,9],[113,12],[85,8],[50,15],[16,8],[69,15],[82,10],[67,15],[130,15],[4,7],[52,15],[83,15],[99,15],[145,12],[146,15],[98,7],[41,6],[160,18],[97,18],[178,19],[0,6]

