Experiment Name: Custom-ShortestPathNotTheBest3
Method Used: PathFollowingLowerNumberOfPaths
Run Number: 5
Preparation Time: 0.0003ms
Pathfinding Time: 9.7512ms
Finish Time: 98.00186ms
Finish Time 90%: 95.3618ms
Repaths: 0
Soft Repaths: 0

Gates Data:
0:[177,[14.08176,28.13999,0,[30.83099,38.00092]]],[168,[15.77596,31.52348,0,[33.18856,40.00097]]],[167,[15.25922,30.44418,0,[31.67803,39.00096]]],[184,[13.73037,27.0373,0,[29.03358,38.00094]]],[156,[16.35331,32.57177,0,[33.1109,40.001]]],[155,[15.98349,31.72794,0,[31.98096,39.00098]]],[166,[15.22524,29.87132,0,[30.55831,38.00096]]],[141,[17.1348,34.00871,0,[32.27903,40.001]]],[142,[17.08111,33.8686,0,[33.36344,40.001]]],[154,[16.49128,32.10351,0,[31.20154,39.001]]],[176,[14.42912,28.37549,0,[29.83068,38.00093]]],[140,[17.70271,34.56047,0,[32.31418,40.001]]],[153,[16.59885,31.99489,0,[30.90455,38.00099]]],[165,[15.66732,30.43981,0,[30.04761,38.00097]]],[127,[17.81107,35.19849,0,[33.44302,40.001]]],[174,[16.04356,30.22604,0,[29.37766,38.001]]],[138,[17.19641,33.38643,0,[30.63611,38.001]]],[139,[17.74639,34.59419,0,[31.83724,39.001]]],[164,[16.61081,31.41395,0,[29.7871,38.00099]]],[152,[17.26727,32.16253,0,[29.5265,38.001]]],[125,[18.88135,36.13675,0,[32.42058,40.001]]],[126,[18.33904,35.51559,0,[33.03227,40.001]]],[123,[17.83347,34.26934,0,[30.34769,38.001]]],[124,[18.32556,35.41275,0,[31.38638,39.001]]],[107,[18.50612,35.50551,0,[30.29981,38.001]]],[94,[19.53757,37.66496,0,[31.86344,39.001]]],[108,[18.90308,36.68125,0,[31.4234,39.001]]],[111,[18.99242,36.91718,0,[33.47213,40.001]]],[183,[15.33923,28.01526,0,[28.52156,38.00098]]],[92,[19.04469,37.10303,0,[30.85269,38.001]]],[122,[18.70218,34.16411,0,[29.29907,38.001]]],[95,[20.22002,38.56144,0,[32.85732,40.001]]],[78,[20.24242,38.31102,0,[31.30331,39.001]]],[109,[19.47049,37.86236,0,[32.58583,40.001]]],[137,[17.95086,33.57513,0,[29.25352,38.001]]],[80,[21.27044,39.32198,0,[32.77139,40.001]]],[93,[20.74088,39.08189,0,[32.37497,40.001]]],[91,[19.47247,37.23117,0,[30.112,38.00098]]],[77,[21.02008,39.23693,0,[31.66875,39.001]]],[151,[17.41708,32.24204,0,[28.30234,38.001]]],[106,[20.20325,36.65445,0,[30.67323,38.001]]],[63,[22.00255,40.71698,0,[32.37392,40.001]]],[112,[20.69525,37.12403,0,[33.47506,40.001]]],[110,[19.74929,37.61272,0,[33.56942,40.001]]],[76,[20.84869,38.34587,0,[30.78897,38.001]]],[121,[20.51456,35.33915,0,[29.82146,38.001]]],[175,[14.89151,29.15295,0,[29.13246,38.00096]]],[61,[21.91838,40.65005,0,[31.38853,39.001]]],[105,[21.62876,37.7114,0,[30.3484,38.001]]],[162,[18.21681,32.66338,0,[28.23087,38.001]]],[136,[19.89609,34.38584,0,[29.3161,38.001]]],[96,[21.66469,38.64191,0,[33.57747,40.001]]],[182,[16.15521,29.05595,0,[28.21265,38.001]]],[161,[20.48469,33.8318,0,[28.74365,38.001]]],[150,[21.10368,34.43137,0,[29.80364,38.001]]],[173,[18.44597,29.27329,0,[27.79009,37.00099]]],[149,[21.08009,34.68444,0,[28.61874,38.001]]],[60,[22.504,41.53934,0,[31.46027,39.001]]],[90,[22.25219,38.4531,0,[30.37166,38.001]]],[62,[22.65925,41.61586,0,[32.66674,40.00098]]],[75,[22.84791,40.77433,0,[30.67603,38.00098]]],[135,[21.67045,35.9627,0,[29.26242,38.001]]],[134,[22.1199,36.34176,0,[28.6857,38.00099]]],[46,[23.10732,42.47667,0,[31.56685,39.001]]],[79,[22.28003,40.26801,0,[33.43359,40.001]]],[119,[23.21822,38.17748,0,[29.74406,38.001]]],[45,[23.90385,43.32896,0,[31.88897,39.001]]],[120,[22.55441,37.30581,0,[29.50887,38.001]]],[89,[23.45793,40.30904,0,[30.83929,38.001]]],[180,[19.93585,30.35331,0,[27.62239,37.00099]]],[48,[23.30247,42.38186,0,[32.56446,40.001]]],[104,[23.99491,39.64264,0,[30.04035,38.001]]],[65,[23.14178,41.01844,0,[33.59615,40.001]]],[160,[22.94421,35.2704,0,[28.73063,38.001]]],[31,[24.55095,44.57973,0,[31.25678,39.001]]],[148,[23.69642,36.47298,0,[29.05256,38.001]]],[19,[25.09385,45.95045,0,[31.79543,39.001]]],[44,[24.5619,42.78145,0,[30.74083,38.001]]],[33,[25.01398,44.63483,0,[32.45583,40.001]]],[32,[25.59253,45.43477,0,[32.84108,40.001]]],[163,[16.73966,31.4974,0,[28.59816,38.001]]],[47,[23.96072,43.41015,0,[32.48701,40.001]]],[74,[25.23955,41.57071,0,[30.33033,38.001]]],[147,[24.29924,37.58667,0,[29.02891,38.001]]],[64,[23.86968,41.66773,0,[33.57665,40.001]]],[59,[25.64623,43.47391,0,[31.37276,39.001]]],[170,[23.38493,34.74689,0,[28.02767,38.001]]],[88,[24.75578,40.50327,0,[29.73004,38.001]]],[171,[21.03601,31.85653,0,[27.95788,37.001]]],[133,[25.59156,38.87483,0,[29.43583,38.001]]],[103,[25.81297,41.27494,0,[30.60574,38.001]]],[66,[25.06902,41.96543,0,[33.59987,40.001]]],[102,[26.30006,41.54811,0,[29.90821,38.001]]],[178,[23.59237,33.17923,0,[27.90191,37.001]]],[101,[26.88191,42.93665,0,[29.10718,38.001]]],[58,[26.25406,44.65491,0,[31.65181,39.001]]],[132,[26.19641,38.86449,0,[28.8524,38.001]]],[87,[26.99219,42.78281,0,[30.16222,38.001]]],[73,[26.36138,43.80547,0,[30.9792,38.001]]],[71,[27.88684,44.98907,0,[30.09925,38.001]]],[34,[26.62334,44.79331,0,[33.41121,40.001]]],[179,[21.95897,31.84665,0,[27.79269,37.00098]]],[20,[26.26325,47.05007,0,[32.46636,40.001]]],[43,[27.45228,46.29775,0,[31.30461,39.001]]],[131,[26.75375,39.39769,0,[28.05105,38.001]]],[72,[27.46485,46.19762,0,[30.85622,38.001]]],[35,[27.0268,45.57833,0,[32.59388,40.001]]],[172,[19.7309,32.56652,0,[28.19764,38.001]]],[49,[24.47072,43.18613,0,[33.18794,40.001]]],[21,[28.44142,47.08953,0,[32.24285,40.00099]]],[117,[27.50012,40.15958,0,[29.20706,38.001]]],[116,[28.25094,43.48071,0,[29.26746,38.001]]],[169,[24.4753,34.72548,0,[27.66552,37.001]]],[42,[28.30155,47.15408,0,[30.90771,38.001]]],[8,[28.41968,48.72668,0,[31.6955,39.001]]],[56,[28.70478,45.79249,0,[30.03973,38.001]]],[29,[30.0378,48.98746,0,[29.99017,38.00099]]],[30,[29.47641,47.68689,0,[31.14586,39.001]]],[57,[29.38987,48.4331,0,[30.31655,38.001]]],[18,[26.99344,46.55566,0,[31.98422,39.001]]],[146,[25.61016,36.64636,0,[27.75237,37.001]]],[86,[30.21792,46.82146,0,[28.9836,38.001]]],[17,[30.38109,51.21521,0,[31.17213,39.00098]]],[55,[29.41718,47.93646,0,[29.19801,38.001]]],[7,[30.58968,52.3733,0,[30.25755,38.00098]]],[145,[28.67484,38.11555,0,[27.98751,37.001]]],[12,[31.16079,49.33765,0,[30.6888,38.001]]],[1,[31.01703,52.21366,0,[31.20885,39.00096]]],[97,[27.37578,39.54966,0,[33.47886,40.001]]],[41,[30.80368,50.05172,0,[29.15265,38.00099]]],[23,[31.68562,49.6682,0,[31.70417,39.001]]],[36,[31.10109,46.06729,0,[32.48809,40.001]]],[158,[26.90385,36.50916,0,[27.97813,37.00098]]],[0,[31.83297,54.71468,0,[30.13474,38.00096]]],[81,[28.58767,42.51206,0,[33.34651,40.00099]]],[11,[30.3794,49.4052,0,[32.24237,40.00098]]],[2,[32.46561,54.21986,0,[29.94596,38.001]]],[28,[31.35066,52.38105,0,[29.54261,38.00098]]],[113,[30.81423,39.92567,0,[33.37106,40.00095]]],[10,[32.37326,52.52559,0,[31.1618,39.001]]],[27,[32.04316,53.26744,0,[29.00305,38.001]]],[50,[27.93956,44.02291,0,[33.08326,40.00099]]],[52,[32.85896,46.69874,0,[32.2921,40.001]]],[16,[32.90759,56.87667,0,[28.83243,38.001]]],[13,[32.9148,52.48806,0,[31.46968,39.00099]]],[9,[29.09867,48.82141,0,[31.97092,39.00097]]],[115,[28.13331,43.30766,0,[28.15307,38.001]]],[40,[32.38302,50.65288,0,[28.10175,38.001]]],[14,[33.73423,51.98073,0,[31.45169,39.001]]],[38,[34.44335,49.1351,0,[32.38051,40.00099]]],[100,[29.8925,43.50816,0,[27.99986,37.86535]]],[37,[33.79547,48.79208,0,[32.24181,40.001]]],[82,[32.29781,43.12902,0,[32.72487,40.001]]],[4,[32.84987,52.62451,0,[30.70562,38.00099]]],[114,[34.29728,55.94889,0,[30.56399,38.00098]]],[39,[34.34468,50.52985,0,[31.54297,39.00098]]],[70,[31.50334,47.88059,0,[28.28273,38.00099]]],[67,[33.3275,45.5559,0,[33.16349,40.00098]]],[22,[29.18994,47.10828,0,[32.95432,40.00098]]],[15,[33.67384,53.90074,0,[30.46065,38.00099]]],[129,[36.72319,48.18456,0,[32.5662,40.001]]],[159,[24.94912,36.70919,0,[28.71113,38.001]]],[98,[33.96601,41.83203,0,[33.29581,40.00093]]],[3,[33.40602,55.76015,0,[29.42685,38.00095]]],[24,[31.69507,49.08412,0,[32.7849,40.00092]]],[5,[34.217,56.48838,0,[29.13175,38.00099]]],[118,[25.59904,39.13992,0,[28.31469,38.001]]],[83,[34.69103,44.66226,0,[33.38243,40.00098]]],[6,[34.90838,57.26009,0,[29.28999,38.00095]]],[26,[35.02502,54.63326,0,[31.46394,39.00099]]],[181,[19.24018,31.30894,0,[28.99816,38.00098]]],[144,[35.85941,55.10168,0,[31.52311,39.001]]],[68,[37.94423,49.22586,0,[31.5169,39.00081]]],[128,[36.71451,53.86026,0,[31.14994,39.00099]]],[51,[29.99287,45.27063,0,[33.39195,40.00096]]],[157,[32.64872,34.29782,0,[33.59031,40.001]]],[54,[35.05976,55.73713,0,[30.5213,38.001]]],[53,[38.24242,49.69461,0,[32.7295,40.001]]],[130,[30.81423,42.03406,0,[28.02349,38.001]]],[69,[37.17333,49.59047,0,[33.31447,40.001]]],[25,[35.19813,50.98769,0,[32.60616,40.00095]]],[85,[28.80347,44.52964,0,[28.83158,38.001]]],[99,[37.53226,51.27893,0,[32.23629,40.001]]],[84,[35.96652,52.14576,0,[32.68383,40.001]]]
2:[177,[33.20597,66.35159,0,[57.00075,64.41077]]],[168,[32.75978,65.25936,0,[57.00069,62.49868]]],[167,[34.05373,67.89527,0,[57.0008,64.86044]]],[184,[33.77216,67.10718,0,[56.34702,66.00066]]],[156,[33.56185,66.66513,0,[57.00075,62.87383]]],[155,[34.49726,68.54122,0,[57.00079,64.16346]]],[166,[35.23744,69.8455,0,[57.0008,65.84612]]],[141,[34.92164,69.41811,0,[57.00074,63.61438]]],[142,[34.09974,67.53397,0,[57.0008,62.29247]]],[154,[35.70528,70.41396,0,[57.00079,65.20672]]],[176,[34.54134,68.5424,0,[56.00077,66.4254]]],[140,[35.58695,70.03571,0,[57.00078,63.75943]]],[153,[36.50908,71.67348,0,[57.00077,65.41547]]],[165,[35.80431,70.511,0,[56.00077,66.01262]]],[127,[34.89201,68.90507,0,[57.00074,62.11114]]],[174,[36.78456,71.50932,0,[56.00075,66.61406]]],[138,[36.92774,72.64902,0,[57.00076,64.81059]]],[139,[36.19661,71.2659,0,[57.00077,63.63155]]],[164,[37.15753,72.06886,0,[56.65113,66.00066]]],[152,[37.87964,73.1632,0,[56.83023,66.00068]]],[125,[36.60345,71.15206,0,[57.00077,63.13189]]],[126,[35.57491,69.21245,0,[57.00077,62.11734]]],[123,[38.13916,74.4548,0,[57.00079,65.05598]]],[124,[37.34297,73.19537,0,[57.00076,64.38905]]],[107,[38.8593,75.89066,0,[57.00078,65.8026]]],[94,[38.48282,75.25776,0,[57.0008,64.34768]]],[108,[37.49216,73.5219,0,[57.00077,63.4233]]],[111,[36.03282,70.17282,0,[57.00078,61.72852]]],[183,[36.80943,70.71831,0,[56.00074,67.7673]]],[92,[39.3504,77.38121,0,[57.00078,65.50387]]],[122,[39.27297,75.05148,0,[56.00076,66.12637]]],[95,[37.92735,73.44521,0,[57.00076,62.99008]]],[78,[39.4869,76.28522,0,[57.00078,64.59769]]],[109,[36.77087,71.92997,0,[57.00079,62.05176]]],[137,[38.73463,74.76727,0,[56.00078,66.39935]]],[80,[39.09259,74.15814,0,[57.00078,62.99617]]],[93,[38.63097,74.43747,0,[57.00076,63.41701]]],[91,[39.94823,77.70927,0,[56.30697,66.0006]]],[77,[39.88258,76.51317,0,[57.00076,64.11802]]],[151,[39.4623,75.35317,0,[56.0007,67.90415]]],[106,[40.44239,76.68105,0,[57.00079,65.48766]]],[63,[39.80846,75.62598,0,[57.00075,62.93159]]],[112,[38.16373,70.56456,0,[57.00079,61.88716]]],[110,[37.236,70.86297,0,[57.00076,61.65542]]],[76,[40.69817,77.62902,0,[57.00078,64.60617]]],[121,[41.34356,76.28041,0,[57.00082,65.79185]]],[175,[35.5377,70.3753,0,[56.00076,66.90324]]],[61,[40.53918,77.51279,0,[57.00078,63.33435]]],[105,[41.50571,77.22588,0,[57.00084,64.63795]]],[162,[40.07121,75.78684,0,[56.00069,67.67954]]],[136,[40.5532,75.38663,0,[56.00221,66.00063]]],[96,[38.93511,71.95375,0,[57.00074,61.72722]]],[182,[38.43261,72.08623,0,[56.00076,67.05313]]],[161,[41.42015,75.4558,0,[56.00079,66.37392]]],[150,[42.09362,75.55871,0,[57.00079,65.99082]]],[173,[41.38755,74.00484,0,[56.00071,67.70101]]],[149,[42.23598,76.58776,0,[56.00076,66.63734]]],[60,[41.13183,78.35815,0,[57.00085,63.31961]]],[90,[42.47988,78.63848,0,[57.0008,65.53424]]],[62,[40.3532,75.83896,0,[57.00077,62.01921]]],[75,[43.00951,80.38447,0,[57.0008,64.89006]]],[135,[42.56543,76.64413,0,[56.07954,66.00061]]],[134,[43.36707,78.32661,0,[56.00074,66.95572]]],[46,[42.30372,80.02277,0,[57.0008,64.26855]]],[79,[39.67739,73.63329,0,[57.00074,61.67173]]],[119,[43.75265,78.84693,0,[56.26933,66.00065]]],[45,[43.06252,80.40412,0,[57.00084,63.83774]]],[120,[43.36456,78.26231,0,[56.69297,66.00061]]],[89,[43.73141,80.03632,0,[57.00078,65.12457]]],[180,[43.07935,75.15115,0,[56.00071,67.88148]]],[48,[41.5927,77.24415,0,[57.00068,62.88061]]],[104,[44.51234,80.31944,0,[57.00082,65.80373]]],[65,[40.72898,74.35427,0,[57.00074,61.5263]]],[160,[44.28413,77.34464,0,[56.00077,66.86672]]],[31,[43.77818,82.08752,0,[57.00079,64.0696]]],[148,[44.68164,77.79198,0,[56.00079,66.35651]]],[19,[44.4357,83.6823,0,[57.00083,64.50455]]],[44,[45.13662,83.42374,0,[57.00079,65.76556]]],[33,[43.04506,79.55274,0,[57.00085,62.72242]]],[32,[43.83664,80.44331,0,[57.00072,63.03697]]],[163,[37.82836,73.42865,0,[56.00068,66.98235]]],[47,[42.33876,78.47775,0,[57.0008,63.13551]]],[74,[45.7541,81.91801,0,[57.00079,65.646]]],[147,[45.2457,79.14068,0,[56.00077,66.20887]]],[64,[41.58488,75.17352,0,[57.00072,61.72995]]],[59,[45.05814,81.18451,0,[57.00082,64.52737]]],[170,[45.63406,78.30019,0,[56.00071,67.79511]]],[88,[45.87645,81.499,0,[56.00073,66.35962]]],[171,[44.14885,76.45815,0,[56.00067,67.86716]]],[133,[46.47513,80.03009,0,[56.00076,66.38697]]],[103,[46.3841,81.85534,0,[57.00079,65.81815]]],[66,[42.92192,75.28205,0,[57.00072,61.49041]]],[102,[47.05758,82.54217,0,[57.00077,65.96862]]],[178,[46.32887,77.96887,0,[56.00069,67.95297]]],[101,[47.75333,84.40192,0,[57.00077,65.87887]]],[58,[45.68793,82.32273,0,[57.00079,64.39336]]],[132,[47.18577,80.32811,0,[56.00075,66.29459]]],[87,[46.97755,82.48562,0,[57.00078,64.72676]]],[73,[46.31606,82.91907,0,[57.0008,64.59583]]],[71,[48.0109,84.87879,0,[57.00079,65.17496]]],[34,[44.51155,77.92379,0,[57.00078,61.74804]]],[179,[45.04579,76.83108,0,[56.00069,68.08689]]],[20,[44.47457,81.91379,0,[57.00077,63.12553]]],[43,[46.2715,83.09171,0,[57.0008,63.4248]]],[131,[47.8742,81.405,0,[56.00076,66.19348]]],[72,[47.30013,84.85448,0,[57.00079,64.1297]]],[35,[45.05795,80.51481,0,[57.00081,63.13731]]],[172,[42.15443,76.03781,0,[56.0007,67.87341]]],[49,[42.23908,76.80383,0,[57.00076,61.84594]]],[21,[46.6068,81.9272,0,[57.00076,62.86894]]],[117,[48.65699,81.41488,0,[56.8934,66.00062]]],[116,[48.82613,84.43159,0,[56.00077,66.47715]]],[143,[43.84219,68.49194,0,[57.00076,61.70947]]],[169,[48.15958,80.00159,0,[56.00067,67.74494]]],[42,[48.18096,85.84503,0,[57.0008,64.31837]]],[8,[47.28029,84.98354,0,[57.00076,62.99776]]],[56,[49.19958,86.17624,0,[57.00079,65.80767]]],[29,[50.30955,89.25317,0,[57.00078,65.48981]]],[30,[48.76171,85.27362,0,[57.00077,64.38278]]],[57,[49.73646,88.77,0,[57.00079,65.64453]]],[18,[45.624,82.72863,0,[57.00077,63.1113]]],[146,[48.83765,81.4412,0,[56.00073,67.66724]]],[86,[50.78726,87.77426,0,[56.28693,66.00063]]],[17,[49.32036,88.73055,0,[57.0008,64.22499]]],[55,[50.06547,88.89579,0,[56.00074,66.14208]]],[7,[50.70815,91.96327,0,[57.00079,64.92513]]],[145,[51.05846,82.16346,0,[56.00072,67.50745]]],[12,[51.44175,89.51086,0,[57.00079,65.43565]]],[1,[49.95066,89.29367,0,[57.00078,64.06535]]],[97,[45.10955,72.86004,0,[57.00077,61.68061]]],[41,[51.37535,90.92426,0,[56.00076,66.08923]]],[23,[50.66567,86.62389,0,[57.00078,63.70893]]],[36,[49.23416,80.88997,0,[57.00081,62.97861]]],[158,[49.69892,80.56764,0,[56.00071,67.91105]]],[0,[52.18921,95.20979,0,[57.00079,65.60553]]],[81,[46.4919,75.87344,0,[57.00073,61.63021]]],[11,[48.53346,84.22568,0,[57.00076,63.02017]]],[2,[52.87459,94.89706,0,[57.00077,65.69952]]],[28,[52.10021,93.57357,0,[56.00076,66.23818]]],[113,[48.50459,73.17156,0,[57.00074,61.73886]]],[10,[51.38242,90.10545,0,[57.0008,64.23346]]],[27,[52.80573,94.57697,0,[56.00076,66.31601]]],[50,[45.78661,77.72895,0,[57.00077,61.84033]]],[52,[50.81783,81.44399,0,[57.00077,62.70699]]],[16,[53.54936,98.08813,0,[56.5265,66.00064]]],[13,[52.15591,90.33888,0,[57.00081,64.41537]]],[9,[47.92044,84.97407,0,[57.00074,62.96683]]],[115,[50.41103,86.47618,0,[56.0007,67.81156]]],[40,[54.13141,93.40677,0,[56.00076,67.25986]]],[14,[52.28102,88.74841,0,[57.0008,63.4153]]],[38,[52.91441,84.48292,0,[57.00076,63.39233]]],[100,[51.89842,86.75214,0,[56.00074,67.71384]]],[37,[51.50274,83.92406,0,[57.00077,63.11068]]],[82,[49.94402,77.74652,0,[57.00076,62.90738]]],[4,[53.05759,92.26747,0,[57.00082,64.80376]]],[114,[54.44689,95.36435,0,[57.0008,64.86259]]],[39,[53.67875,88.67127,0,[57.00078,64.74959]]],[70,[53.5877,91.27708,0,[56.00069,67.67018]]],[67,[50.81969,78.96281,0,[57.00076,61.56602]]],[22,[47.16271,80.75666,0,[57.00074,61.64352]]],[15,[54.17978,94.50618,0,[56.55196,66.00063]]],[129,[54.62651,83.69096,0,[57.00078,63.76441]]],[159,[46.94682,79.83378,0,[56.00074,67.93578]]],[98,[51.63269,75.66346,0,[57.00079,62.0041]]],[3,[54.91495,98.05193,0,[56.00079,67.30679]]],[24,[49.22364,82.52397,0,[57.00078,61.69771]]],[5,[54.79198,97.30556,0,[56.36131,66.0006]]],[118,[47.52366,82.41784,0,[56.00069,67.8223]]],[83,[52.2184,78.17817,0,[57.00077,61.91968]]],[6,[55.53617,98.31038,0,[56.00078,66.59008]]],[26,[53.68002,91.23242,0,[57.00077,63.4629]]],[181,[40.58083,73.52657,0,[56.00072,67.33685]]],[144,[55.33586,93.60564,0,[57.0008,65.34279]]],[68,[57.08902,87.29247,0,[57.00082,65.25568]]],[128,[55.47229,91.25101,0,[57.00079,63.99583]]],[51,[47.81602,78.73567,0,[57.00077,61.61056]]],[157,[50.03371,67.60817,0,[57.00077,61.77349]]],[54,[56.18227,96.38071,0,[57.00082,65.85611]]],[53,[56.12609,84.6618,0,[57.0008,63.61934]]],[130,[52.78896,85.32544,0,[56.00073,67.81833]]],[69,[54.46965,83.46745,0,[57.00077,62.3571]]],[25,[52.9235,84.70284,0,[57.00075,61.98975]]],[85,[49.44723,85.6456,0,[56.00077,66.31937]]],[99,[55.12504,85.44491,0,[57.00074,62.21595]]],[84,[53.7599,86.30968,0,[57.00074,62.30698]]]
4:[177,[44.84015,89.58903,0,[76.41351,77.00072]]],[168,[44.9534,89.44936,0,[77.00072,75.88581]]],[167,[45.52389,90.80137,0,[76.36813,77.00061]]],[184,[45.42425,90.38367,0,[76.00079,78.34471]]],[156,[45.66314,90.51967,0,[77.00079,75.78143]]],[155,[46.41747,92.34053,0,[77.00085,76.93618]]],[166,[46.49073,92.33219,0,[76.00082,77.71162]]],[141,[47.07693,93.5204,0,[77.00092,76.86857]]],[142,[46.39317,91.64319,0,[77.00083,75.54582]]],[154,[47.1738,93.27649,0,[76.00088,77.74329]]],[176,[46.36102,92.16587,0,[76.00076,78.8155]]],[140,[47.75865,94.15603,0,[77.00085,76.99915]]],[153,[47.85271,94.3196,0,[76.00085,77.5894]]],[165,[47.87304,94.39977,0,[75.94411,79.00049]]],[127,[47.25832,93.18008,0,[77.00089,75.55608]]],[174,[48.58493,95.03838,0,[76.00091,78.82858]]],[138,[48.58062,95.8781,0,[76.69974,77.00046]]],[139,[48.12922,95.05608,0,[77.00094,76.37189]]],[164,[48.65382,94.7846,0,[76.0009,77.79437]]],[152,[49.41991,96.19157,0,[76.00089,78.65066]]],[125,[49.09232,95.34907,0,[77.00095,76.53757]]],[126,[48.24012,93.35719,0,[77.00089,75.36205]]],[123,[49.69938,97.29199,0,[76.00085,77.65319]]],[124,[49.03604,96.16702,0,[76.00092,77.19488]]],[107,[50.33616,98.65471,0,[76.0009,78.26059]]],[94,[50.14595,98.36576,0,[76.29619,77.00037]]],[108,[49.76169,97.53057,0,[77.00088,76.60242]]],[111,[49.0885,94.69589,0,[77.00095,75.43642]]],[183,[48.17526,93.28483,0,[75.00092,79.61218]]],[92,[50.63745,99.86665,0,[76.00086,77.45464]]],[122,[51.20128,98.70889,0,[76.00092,78.56738]]],[95,[50.52071,97.51084,0,[77.00093,76.1739]]],[78,[51.25824,99.30214,0,[76.00092,77.39179]]],[109,[49.80658,96.13548,0,[77.00079,75.52211]]],[137,[50.5541,98.00324,0,[75.43225,79.00042]]],[80,[51.63194,98.352,0,[77.00089,76.3414]]],[93,[51.22812,98.62734,0,[77.00095,76.8523]]],[91,[51.82361,101.2049,0,[76.00091,78.65938]]],[77,[51.80335,99.74111,0,[76.19917,77.00054]]],[151,[50.8769,97.90556,0,[75.0009,79.7796]]],[106,[52.19398,99.53441,0,[76.00093,78.04649]]],[63,[52.38148,99.88232,0,[77.00094,76.3587]]],[112,[51.63164,94.80693,0,[77.00079,75.29181]]],[110,[50.78512,95.37061,0,[77.00072,75.43032]]],[76,[52.39356,100.428,0,[76.00093,77.01207]]],[121,[52.9051,98.97956,0,[76.00092,78.06283]]],[61,[53.16017,101.6475,0,[77.00099,76.47406]]],[105,[53.13625,100.0664,0,[76.00096,77.13095]]],[162,[51.36627,98.2178,0,[75.0009,79.40406]]],[136,[52.68322,99.22537,0,[75.88451,79.00039]]],[96,[52.56253,96.47215,0,[77.00086,75.43494]]],[182,[50.01868,95.07518,0,[75.00093,79.5696]]],[161,[53.49014,99.13066,0,[75.90501,79.00028]]],[150,[53.67563,98.11082,0,[76.00096,77.9835]]],[173,[52.83859,96.64383,0,[75.00092,79.79742]]],[149,[53.85799,99.67943,0,[75.39143,79.00034]]],[60,[53.98486,102.5135,0,[76.4361,77.00037]]],[90,[54.31242,101.4891,0,[76.00095,77.98644]]],[62,[53.73765,100.9125,0,[77.00093,76.28857]]],[75,[55.03242,103.6762,0,[76.00098,78.10834]]],[135,[54.73441,100.5435,0,[75.95634,79.00032]]],[134,[55.19046,101.5054,0,[75.00093,80.04049]]],[46,[54.63495,103.5876,0,[76.54073,77.00023]]],[79,[53.79776,98.14757,0,[77.00082,75.34936]]],[119,[55.75145,102.3646,0,[76.00092,78.68527]]],[45,[54.98654,103.6859,0,[76.08658,77.00065]]],[120,[54.98716,101.0924,0,[75.28426,79.00049]]],[89,[55.57043,102.7598,0,[76.00094,77.46811]]],[180,[54.46155,97.76717,0,[75.00092,79.89574]]],[48,[54.51466,101.4815,0,[77.00098,76.03896]]],[104,[56.39058,103.0497,0,[76.00095,78.14787]]],[65,[55.1295,99.09363,0,[77.0009,75.45753]]],[160,[55.93004,100.1436,0,[75.14838,79.00027]]],[31,[56.07392,105.259,0,[76.00098,77.05198]]],[148,[56.87561,101.3397,0,[75.72383,79.00044]]],[19,[56.98782,107.2672,0,[76.0009,77.93164]]],[44,[57.70904,106.659,0,[76.00089,78.73399]]],[33,[56.46938,103.9215,0,[77.00099,76.11583]]],[32,[56.96128,104.914,0,[76.59699,77.00043]]],[163,[49.26156,96.24625,0,[75.00089,79.45493]]],[47,[55.77256,102.6907,0,[77.00095,76.29377]]],[74,[57.52725,104.4023,0,[76.00089,77.53517]]],[147,[57.12624,102.394,0,[75.00087,79.31787]]],[64,[57.11708,99.72117,0,[77.00094,75.43021]]],[59,[58.2212,104.8778,0,[77.001,76.95226]]],[170,[57.83805,101.1221,0,[75.00093,80.08318]]],[88,[57.90102,104.7906,0,[75.22385,79.00027]]],[171,[56.11531,99.4475,0,[75.00093,80.1029]]],[133,[58.8204,103.6159,0,[75.64292,79.0004]]],[103,[58.32461,104.685,0,[76.00095,78.1355]]],[66,[57.60365,100.8963,0,[77.00097,76.37544]]],[102,[59.02373,105.2607,0,[76.00098,78.05612]]],[178,[58.50187,101.1335,0,[75.0009,79.8511]]],[101,[59.63424,107.1838,0,[76.00092,78.17721]]],[58,[59.04228,105.4949,0,[76.28568,77.00019]]],[132,[59.31706,103.471,0,[75.18268,79.00037]]],[87,[59.61586,105.3195,0,[76.00089,77.10493]]],[73,[58.32198,105.809,0,[76.00095,77.05091]]],[71,[60.26048,108.131,0,[76.00094,78.27999]]],[34,[59.77341,103.3142,0,[77.00091,76.4416]]],[179,[56.6641,99.51038,0,[75.00088,79.92616]]],[20,[58.55541,106.0555,0,[77.00099,76.10535]]],[43,[60.33129,106.9623,0,[76.00094,77.24635]]],[131,[60.07011,104.4455,0,[75.00093,79.01692]]],[72,[61.00115,108.9685,0,[76.00098,78.13075]]],[35,[60.4207,104.9504,0,[77.00096,76.53901]]],[172,[53.67845,98.73451,0,[75.00095,79.99626]]],[49,[59.20332,101.5636,0,[77.00094,75.40927]]],[21,[60.90496,106.164,0,[76.18184,77.00051]]],[117,[60.81401,104.2091,0,[75.39101,79.00048]]],[116,[61.20346,107.4769,0,[75.00093,79.10556]]],[143,[60.07938,93.5444,0,[77.00097,75.44082]]],[169,[59.86986,102.7649,0,[75.00094,79.91808]]],[42,[61.40187,109.1273,0,[76.00095,77.18915]]],[8,[61.5797,109.1577,0,[77.00099,76.17403]]],[56,[62.17257,109.4629,0,[75.68371,79.00031]]],[29,[62.69323,112.3988,0,[76.00095,78.3488]]],[30,[61.72049,109.2057,0,[76.00094,78.34685]]],[57,[62.12073,111.4079,0,[76.00098,77.70625]]],[18,[60.91005,107.0871,0,[77.00089,76.18427]]],[146,[60.74435,104.3963,0,[75.00089,80.03785]]],[86,[63.55484,111.3763,0,[76.00098,78.67204]]],[17,[62.32971,112.5616,0,[77.00099,76.79068]]],[55,[62.60384,112.0782,0,[75.00095,79.01817]]],[7,[63.10995,115.0192,0,[76.00099,77.79539]]],[145,[63.25671,105.0452,0,[75.00097,79.68288]]],[12,[64.00693,112.4589,0,[76.00095,78.01269]]],[1,[62.51126,112.4022,0,[76.00097,77.04664]]],[97,[62.02925,97.67619,0,[77.00097,75.46911]]],[41,[63.84927,114.3989,0,[75.33246,79.00028]]],[23,[63.51048,110.0822,0,[76.00098,77.11201]]],[36,[64.14698,104.708,0,[76.00092,77.00841]]],[158,[61.74962,103.5191,0,[75.00095,79.97395]]],[0,[64.68679,118.6099,0,[76.00089,78.89063]]],[81,[62.71266,101.1602,0,[77.00096,76.08354]]],[11,[63.46113,108.9121,0,[77.00098,76.52378]]],[2,[65.36687,118.228,0,[75.99687,79.00031]]],[28,[64.60914,117.0412,0,[75.00087,79.59078]]],[113,[64.9314,98.62334,0,[77.00085,76.4874]]],[10,[64.83017,113.6947,0,[76.00087,77.94987]]],[27,[66.04984,118.5425,0,[76.00094,78.96468]]],[50,[63.34419,102.6773,0,[77.00095,75.36079]]],[52,[64.95451,105.489,0,[76.02011,77.00057]]],[16,[66.11949,121.1792,0,[76.00096,77.91161]]],[13,[65.44424,113.8457,0,[76.00097,77.89471]]],[9,[64.14832,109.3566,0,[77.00099,76.23682]]],[115,[64.12024,109.7656,0,[75.00093,79.9099]]],[40,[66.48107,116.4347,0,[75.57125,79.0003]]],[14,[66.76162,113.6681,0,[76.00092,77.98855]]],[38,[66.44785,108.441,0,[76.34132,77.0003]]],[100,[65.26915,109.7479,0,[75.00094,79.72659]]],[37,[66.13457,108.8539,0,[77.00096,76.93586]]],[82,[65.59145,102.1549,0,[77.00099,76.118]]],[4,[67.31969,116.5556,0,[75.96483,79.00034]]],[114,[67.45055,118.6384,0,[76.00095,77.93816]]],[39,[66.89853,111.6238,0,[76.00079,77.00806]]],[70,[65.97601,114.1906,0,[75.00095,79.86979]]],[67,[66.6905,104.0829,0,[77.00096,76.04754]]],[22,[64.37982,105.5705,0,[77.00089,75.27833]]],[15,[67.77266,118.1124,0,[75.69828,79.00029]]],[129,[67.84719,107.2587,0,[76.00079,77.35976]]],[159,[59.15864,102.651,0,[75.00089,79.98431]]],[98,[68.23309,101.5791,0,[77.00092,76.64922]]],[3,[66.88567,121.1999,0,[75.00092,79.81622]]],[24,[66.05598,107.3508,0,[77.00094,75.45219]]],[5,[68.46319,120.7524,0,[76.00092,78.57219]]],[118,[67.7581,110.9399,0,[75.00095,79.90901]]],[83,[67.4778,103.2128,0,[77.00098,76.22592]]],[6,[68.31224,121.6721,0,[75.00092,79.39907]]],[26,[68.63705,115.6795,0,[76.39526,77.00059]]],[181,[52.05479,96.24889,0,[75.00092,79.60777]]],[144,[69.02086,116.626,0,[76.00096,78.11375]]],[68,[69.75284,110.5185,0,[76.0009,78.43711]]],[128,[69.40686,115.0148,0,[76.62711,77.00031]]],[51,[67.89958,103.8061,0,[77.00081,75.39844]]],[157,[68.73769,93.32715,0,[77.0008,76.06222]]],[54,[68.90995,119.0989,0,[75.0008,79.11504]]],[53,[69.99231,108.3294,0,[76.00085,77.45161]]],[130,[70.37273,110.5126,0,[75.8145,79.00027]]],[69,[70.04157,108.2521,0,[77.001,76.36599]]],[25,[69.21887,109.4992,0,[77.0009,75.62376]]],[85,[62.37925,109.5768,0,[75.00095,79.90265]]],[99,[70.65553,110.1456,0,[76.0007,77.35251]]],[84,[70.79781,111.366,0,[77.00076,76.27481]]]
7:[177,[55.57252,110.883,0,[96.26595,83.00063]]],[168,[56.17793,111.8257,0,[98.00077,82.21112]]],[167,[56.91756,113.5382,0,[97.63962,83.00066]]],[184,[56.65404,111.9197,0,[96.00074,83.39133]]],[156,[57.39569,113.9338,0,[98.99165,82.00067]]],[155,[57.71481,114.8594,0,[98.00073,82.95093]]],[166,[57.27893,113.6149,0,[96.00068,83.14775]]],[141,[58.25466,115.6898,0,[97.56937,83.00076]]],[142,[58.1997,115.1686,0,[98.83306,82.00072]]],[154,[58.16943,114.737,0,[96.00064,83.38357]]],[176,[59.15973,113.7813,0,[96.00067,83.72758]]],[140,[58.79617,116.1446,0,[98.00082,82.08865]]],[153,[59.17989,116.8821,0,[97.27814,83.00069]]],[165,[59.7534,117.0686,0,[96.96195,83.00068]]],[127,[58.89783,116.3492,0,[99.1261,81.00053]]],[174,[59.95376,116.4809,0,[96.0007,83.76117]]],[138,[59.89905,118.4507,0,[98.00077,82.10217]]],[139,[59.69878,118.1084,0,[99.00079,81.59956]]],[164,[60.53765,117.5772,0,[97.39709,83.0007]]],[152,[60.58953,117.4833,0,[96.00068,83.57398]]],[125,[60.84675,118.5728,0,[99.00076,81.79498]]],[126,[60.40667,117.4104,0,[99.73481,81.00067]]],[123,[61.13465,119.7164,0,[97.00658,83.00077]]],[124,[61.0348,119.5683,0,[98.00066,82.19697]]],[107,[61.39883,120.2858,0,[96.00061,83.59263]]],[94,[61.92974,121.6527,0,[98.00073,82.714]]],[108,[61.71317,121.0905,0,[99.0007,81.65738]]],[111,[61.37251,119.1145,0,[99.94941,81.00076]]],[183,[62.04627,116.7299,0,[96.70457,83.00076]]],[92,[62.53818,123.2391,0,[98.00069,82.49009]]],[122,[62.47543,120.0574,0,[96.00063,83.75523]]],[95,[62.39389,121.1505,0,[99.00069,81.71256]]],[78,[63.01175,121.9342,0,[97.23197,83.00079]]],[109,[62.47129,121.1934,0,[100.2376,81.00074]]],[137,[63.14542,120.1889,0,[96.0006,83.69016]]],[80,[63.28156,121.0562,0,[98.35255,82.00072]]],[93,[62.92466,121.8738,0,[99.22903,81.00062]]],[91,[63.51879,123.2926,0,[96.59618,83.00071]]],[77,[63.93344,123.1351,0,[98.00073,82.55955]]],[151,[64.12718,121.0288,0,[96.00058,83.90546]]],[106,[64.30253,122.2024,0,[97.03723,83.00077]]],[63,[64.37649,123.5736,0,[98.97596,82.00081]]],[112,[63.91233,118.8584,0,[99.54044,81.00072]]],[110,[63.94959,120.9627,0,[100.7887,81.00079]]],[76,[64.54231,123.7801,0,[98.00069,82.04776]]],[121,[65.02441,121.5877,0,[97.38525,83.00084]]],[175,[64.6954,116.1477,0,[96.00067,83.64422]]],[61,[64.85773,124.9126,0,[99.03888,81.00066]]],[105,[65.33955,123.6943,0,[98.40369,82.00077]]],[162,[65.1461,120.9662,0,[96.00063,83.18316]]],[136,[65.69709,122.5011,0,[97.56641,83.00073]]],[96,[65.54882,121.9823,0,[100.6059,81.00082]]],[182,[65.80538,117.5591,0,[96.00079,83.35307]]],[161,[66.40195,122.2934,0,[97.86899,83.00068]]],[150,[66.00989,121.7424,0,[98.41035,82.0007]]],[173,[66.55623,119.9828,0,[96.98764,83.00069]]],[149,[66.62665,122.0669,0,[95.97762,84.00071]]],[60,[66.06049,126.355,0,[99.05084,81.00073]]],[90,[66.79919,125.4787,0,[98.73286,82.0007]]],[62,[66.03145,125.2786,0,[100.1627,81.00074]]],[75,[67.10487,126.968,0,[98.00056,82.35081]]],[135,[67.02762,122.577,0,[96.69035,83.0008]]],[134,[67.29401,123.7855,0,[95.95586,84.00082]]],[46,[66.91498,127.8654,0,[99.5368,81.00076]]],[79,[66.92133,123.882,0,[100.7874,81.0008]]],[119,[67.9054,125.8655,0,[97.92466,83.00076]]],[45,[67.34479,127.9332,0,[99.00063,81.11006]]],[120,[67.63825,123.6248,0,[96.52097,83.00074]]],[89,[67.8484,126.8831,0,[98.51679,82.00078]]],[180,[67.98148,120.7133,0,[95.94704,84.00071]]],[48,[67.74639,127.3935,0,[100.7759,81.00086]]],[104,[68.59751,126.5839,0,[98.0006,82.85863]]],[65,[68.1257,124.2374,0,[99.93008,81.00088]]],[160,[68.37974,123.1879,0,[96.63392,83.00076]]],[31,[68.62687,129.6478,0,[98.89177,82.00081]]],[148,[68.72369,122.9401,0,[95.94809,84.00074]]],[19,[69.12096,130.6913,0,[98.0006,82.47082]]],[44,[69.09018,128.579,0,[96.73768,83.00079]]],[33,[68.68819,127.9368,0,[99.42556,81.00085]]],[32,[69.37391,128.7686,0,[99.0006,81.71238]]],[163,[69.57852,119.5942,0,[96.00069,83.8756]]],[47,[69.09852,128.6453,0,[100.7478,81.00086]]],[74,[69.63487,127.5508,0,[98.00072,82.00599]]],[147,[69.88317,125.9846,0,[97.26295,83.00066]]],[64,[69.67713,124.6861,0,[100.2115,81.00082]]],[59,[69.89194,127.986,0,[99.00072,81.12744]]],[170,[70.19572,123.9876,0,[96.62154,83.00074]]],[88,[70.49445,128.9229,0,[98.00071,82.39294]]],[171,[70.43398,122.0368,0,[95.90022,84.00076]]],[133,[70.87402,125.8604,0,[96.77055,83.00064]]],[103,[70.68584,128.8666,0,[99.00076,81.44889]]],[66,[70.54369,126.1402,0,[100.5337,81.00085]]],[102,[71.0477,128.3144,0,[98.00063,82.25428]]],[178,[71.22447,123.5793,0,[96.00057,83.85686]]],[101,[71.68876,130.1208,0,[97.4248,83.00078]]],[58,[71.31252,129.4388,0,[99.00065,81.4388]]],[132,[71.51623,125.6319,0,[96.00062,83.07671]]],[87,[71.67572,129.0298,0,[98.1934,82.00078]]],[73,[71.30731,131.4506,0,[100.1651,81.00075]]],[71,[72.34817,131.3058,0,[97.51638,83.00079]]],[34,[71.80235,126.9639,0,[99.03453,81.00079]]],[179,[72.30759,122.4973,0,[96.00068,83.5865]]],[20,[72.00308,132.1712,0,[100.4649,81.00086]]],[43,[72.51314,131.0638,0,[98.55345,82.00079]]],[131,[72.9056,127.9566,0,[97.05359,83.00068]]],[72,[72.91143,131.8851,0,[98.00072,82.2348]]],[35,[72.59702,128.821,0,[99.37683,81.00082]]],[172,[72.95303,121.841,0,[96.00073,83.52303]]],[49,[72.70798,127.5143,0,[100.7596,81.00083]]],[21,[73.16871,130.089,0,[99.00048,81.41655]]],[117,[73.7644,128.5466,0,[98.0006,82.82899]]],[116,[73.68573,130.7014,0,[96.79874,83.00078]]],[143,[73.39545,119.4492,0,[100.481,81.00089]]],[169,[73.71971,125.4472,0,[95.99252,84.00077]]],[42,[73.90977,133.273,0,[98.55719,82.00087]]],[8,[73.75629,133.1445,0,[99.37783,81.0009]]],[56,[74.30929,131.2367,0,[95.96051,84.00081]]],[29,[74.35955,134.5496,0,[96.7653,83.00077]]],[30,[74.55289,132.7238,0,[98.00064,82.56879]]],[57,[74.62454,135.7549,0,[99.00064,81.79474]]],[18,[74.25098,133.0535,0,[100.6768,81.00086]]],[146,[74.8672,126.7218,0,[96.00073,83.71938]]],[86,[75.31301,134.2836,0,[97.77744,83.0007]]],[17,[74.81271,136.7999,0,[99.84449,81.00077]]],[55,[75.27187,134.8606,0,[96.48968,83.00071]]],[7,[75.43927,138.6005,0,[98.48674,82.00071]]],[145,[75.8473,127.3771,0,[96.00072,83.73748]]],[12,[75.93416,135.6598,0,[98.00075,82.43816]]],[1,[75.26325,136.6393,0,[99.1813,81.00075]]],[97,[75.50488,123.8062,0,[100.8117,81.00087]]],[41,[76.22958,137.681,0,[97.26502,83.00079]]],[23,[76.36021,134.4514,0,[99.0006,81.85287]]],[36,[76.55671,128.1423,0,[98.05176,82.00082]]],[158,[76.56325,126.1744,0,[95.90772,84.00077]]],[0,[76.55583,140.5235,0,[96.69008,83.00071]]],[81,[76.21718,126.487,0,[100.7305,81.00088]]],[11,[76.37514,133.0788,0,[99.75118,81.00085]]],[2,[77.34282,140.8239,0,[97.28743,83.00072]]],[28,[77.18634,139.6113,0,[96.0006,83.79637]]],[113,[76.90306,122.0878,0,[99.00063,81.25671]]],[10,[77.13064,136.7526,0,[98.0007,82.04833]]],[27,[77.57044,140.2468,0,[96.46613,83.00074]]],[50,[77.14922,129.0145,0,[100.7598,81.00088]]],[52,[77.41521,129.5191,0,[99.00069,81.00714]]],[16,[78.26729,144.7705,0,[97.93063,83.00085]]],[13,[77.95798,137.8267,0,[98.63949,82.00069]]],[9,[77.65367,134.6021,0,[100.5388,81.00073]]],[115,[77.94624,132.3952,0,[95.89604,84.00073]]],[40,[78.27036,138.741,0,[96.51662,83.0008]]],[14,[78.85416,137.2724,0,[98.00061,82.93726]]],[38,[78.71928,132.5157,0,[98.76778,82.00081]]],[100,[78.68045,132.3843,0,[95.88218,84.0008]]],[37,[78.34166,132.7055,0,[99.40838,81.00082]]],[82,[78.25303,127.1917,0,[100.4546,81.00077]]],[4,[79.04937,138.7492,0,[96.83702,83.00085]]],[114,[79.38546,142.2289,0,[98.00051,82.62474]]],[39,[79.45309,136.3462,0,[98.98393,82.00087]]],[70,[79.40448,136.8122,0,[96.00057,83.93372]]],[67,[79.23102,128.6456,0,[99.71073,81.00088]]],[22,[79.06223,132.2258,0,[100.7599,81.00089]]],[15,[79.84138,140.8526,0,[97.08651,83.00074]]],[129,[79.82294,130.6742,0,[98.00067,82.04087]]],[159,[80.01673,125.963,0,[96.00059,83.78163]]],[98,[80.03615,125.032,0,[99.00057,81.27298]]],[3,[80.33352,144.5291,0,[96.84548,83.00072]]],[24,[79.90318,133.5953,0,[100.8757,81.0009]]],[5,[80.73253,144.1919,0,[98.00073,82.39674]]],[118,[80.71401,133.7784,0,[96.00072,83.73983]]],[83,[80.36362,128.0949,0,[100.2426,81.00084]]],[6,[81.11095,145.5205,0,[97.19533,83.0008]]],[26,[80.79127,139.7738,0,[99.00072,81.71313]]],[181,[81.38548,122.0883,0,[96.0006,83.73153]]],[144,[81.63107,140.38,0,[98.00061,82.30945]]],[68,[81.70879,132.9812,0,[96.95815,83.00076]]],[128,[81.58585,138.9782,0,[99.00054,81.67957]]],[51,[81.19293,129.9478,0,[100.9759,81.00092]]],[157,[81.17568,117.835,0,[99.80608,81.00082]]],[54,[82.12515,141.7147,0,[96.00056,83.62237]]],[53,[82.22054,131.7052,0,[98.13815,82.00074]]],[130,[82.4987,133.5687,0,[97.23708,83.00076]]],[69,[82.12366,131.8449,0,[99.07597,81.00076]]],[25,[82.16441,134.8197,0,[100.4264,81.0008]]],[85,[82.70111,134.9139,0,[96.11363,83.00076]]],[99,[83.0284,134.2057,0,[98.00067,82.31361]]],[84,[82.81124,134.7871,0,[99.00075,81.1248]]]

Travel Distances:
[177,137.7228],[168,139.4626],[167,139.6991],[184,138.583],[156,141.1386],[155,141.4246],[166,141.0183],[141,141.1538],[142,140.7634],[154,142.3341],[176,139.4197],[140,142.5418],[153,142.5127],[165,143.5509],[127,144.499],[174,142.5293],[138,144.645],[139,144.6835],[164,144.4844],[152,144.25],[125,144.8672],[126,144.5128],[123,145.4184],[124,145.4795],[107,147.37],[94,147.7861],[108,147.6544],[111,146.2871],[183,142.623],[92,150.1197],[122,147.0563],[95,148.3053],[78,147.8968],[109,148.1462],[137,145.8112],[80,148.4859],[93,149.9947],[91,150.2443],[77,149.2627],[151,146.732],[106,147.5848],[63,150.7843],[112,146.9928],[110,149.0107],[76,150.6753],[121,147.5125],[175,142.7097],[61,153.183],[105,151.0005],[162,148.617],[136,149.0961],[96,148.7651],[182,143.9134],[161,147.4783],[150,147.7109],[173,146.8531],[149,148.7495],[60,154.1002],[90,151.8663],[62,153.0892],[75,152.7406],[135,148.467],[134,151.0972],[46,155.985],[79,151.7538],[119,152.0101],[45,155.2039],[120,150.2669],[89,153.1571],[180,146.5797],[48,153.6413],[104,153.3559],[65,151.8107],[160,150.3804],[31,156.3816],[148,149.2512],[19,156.4243],[44,154.3808],[33,154.455],[32,155.8889],[163,146.3211],[47,156.2226],[74,154.2476],[147,152.2072],[64,151.129],[59,154.1468],[170,151.5249],[88,155.9193],[171,149.0987],[133,152.0967],[103,155.4737],[66,152.8102],[102,154.2092],[178,149.0927],[101,156.7265],[58,156.799],[132,152.5663],[87,155.6527],[73,158.7928],[71,156.5511],[34,155.2841],[179,149.7964],[20,159.9993],[43,158.0243],[131,154.1214],[72,158.0443],[35,155.5358],[172,147.8811],[49,155.7878],[21,157.6587],[117,154.9978],[116,157.3059],[143,146.3914],[169,151.8934],[42,159.382],[8,159.5403],[56,158.4234],[29,161.795],[30,159.5931],[57,162.4837],[18,160.2536],[146,152.7183],[86,159.6508],[17,163.1385],[55,162.289],[7,165.7085],[145,153.6483],[12,161.7773],[1,163.6551],[97,150.5627],[41,163.1998],[23,161.6847],[36,154.992],[158,152.986],[0,167.2587],[81,153.7766],[11,160.0973],[2,166.1116],[28,165.1532],[113,148.2538],[10,164.4227],[27,167.0718],[50,156.5818],[52,156.5972],[16,170.216],[13,163.7491],[9,161.1068],[115,158.3634],[40,166.1414],[14,163.5409],[38,159.0338],[100,158.8732],[37,159.965],[82,154.4619],[4,164.6273],[114,167.4352],[39,163.3788],[70,163.9078],[67,156.1367],[22,159.8361],[15,167.1591],[129,157.0166],[159,151.8491],[98,152.9388],[3,171.8299],[24,161.5039],[5,170.7106],[118,160.3074],[83,155.096],[6,171.279],[26,166.0109],[181,149.2381],[144,167.1023],[68,159.5381],[128,165.7398],[51,157.3512],[157,144.8789],[54,167.3646],[53,159.2428],[130,160.5499],[69,159.5327],[25,162.0826],[85,161.458],[99,160.1326],[84,163.066]

Finish Times:
[177,70.48123],[168,71.08125],[167,71.40125],[184,71.40125],[156,72.12127],[155,72.16127],[166,72.16127],[141,72.72128],[142,72.88129],[154,72.96129],[176,73.80131],[140,73.84131],[153,73.84131],[165,74.40132],[127,74.44132],[174,74.60133],[138,74.72133],[139,74.72133],[164,75.08134],[152,75.32134],[125,75.68135],[126,75.72135],[123,75.76135],[124,75.80135],[107,76.16136],[94,76.40137],[108,76.52137],[111,76.52137],[183,76.76138],[92,77.16138],[122,77.20139],[95,77.24139],[78,77.56139],[109,77.60139],[137,77.8814],[80,78.0414],[93,78.12141],[91,78.24141],[77,78.48141],[151,78.76142],[106,78.92142],[63,79.00143],[112,79.04143],[110,79.16143],[76,79.32143],[121,79.56144],[175,79.56144],[61,80.04145],[105,80.08145],[162,80.08145],[136,80.16145],[96,80.60146],[182,80.60146],[161,80.84147],[150,80.88147],[173,81.20148],[149,81.24148],[60,81.44148],[90,81.52148],[62,81.56149],[75,81.76149],[135,81.76149],[134,82.0015],[46,82.0815],[79,82.2815],[119,82.2815],[45,82.4015],[120,82.48151],[89,82.52151],[180,82.84151],[48,82.88152],[104,83.00152],[65,83.16152],[160,83.16152],[31,83.24152],[148,83.52153],[19,83.72153],[44,83.80154],[33,83.88154],[32,84.20155],[163,84.28155],[47,84.32155],[74,84.44155],[147,84.44155],[64,84.76156],[59,84.92156],[170,85.00156],[88,85.12157],[171,85.20157],[133,85.56158],[103,85.64158],[66,85.68158],[102,85.76158],[178,85.88158],[101,86.20159],[58,86.3616],[132,86.4416],[87,86.4816],[73,86.6416],[71,86.84161],[34,86.96161],[179,87.08161],[20,87.16161],[43,87.20161],[131,87.52162],[72,87.60162],[35,87.72163],[172,87.80163],[49,87.96163],[21,88.04163],[117,88.16164],[116,88.40164],[143,88.48164],[169,88.56165],[42,88.60165],[8,88.84165],[56,89.04166],[29,89.08166],[30,89.08166],[57,89.32166],[18,89.40166],[146,89.68167],[86,89.76167],[17,89.84167],[55,90.04168],[7,90.24168],[145,90.52169],[12,90.56169],[1,90.72169],[97,90.7617],[41,90.8017],[23,91.0817],[36,91.32171],[158,91.32171],[0,91.36171],[81,91.56171],[11,91.60172],[2,91.88172],[28,91.92172],[113,91.92172],[10,91.96172],[27,92.40173],[50,92.56174],[52,92.60174],[16,92.64174],[13,92.68174],[9,92.76174],[115,92.76174],[40,93.08175],[14,93.28175],[38,93.44176],[100,93.44176],[37,93.56176],[82,93.72176],[4,93.76176],[114,93.88177],[39,94.04177],[70,94.20177],[67,94.24178],[22,94.28178],[15,94.44178],[129,94.60178],[159,94.76179],[98,94.96179],[3,95.00179],[24,95.1618],[5,95.3618],[118,95.4018],[83,95.4818],[6,95.68181],[26,95.68181],[181,96.16182],[144,96.28182],[68,96.36182],[128,96.36182],[51,96.40182],[157,96.52183],[54,96.92184],[53,97.00184],[130,97.04184],[69,97.24184],[25,97.36185],[85,97.64185],[99,97.76186],[84,98.00186]

Stuck Times:
[177,0],[168,0],[167,0],[184,0],[156,0],[155,0],[166,0],[141,0],[142,0],[154,0],[176,1],[140,0],[153,0],[165,0],[127,0],[174,0],[138,0],[139,0],[164,0],[152,0],[125,0],[126,0],[123,0],[124,0],[107,0],[94,0],[108,0],[111,0],[183,1],[92,0],[122,0],[95,0],[78,0],[109,0],[137,2],[80,0],[93,0],[91,0],[77,0],[151,1],[106,0],[63,0],[112,2],[110,0],[76,0],[121,0],[175,7],[61,0],[105,0],[162,2],[136,0],[96,2],[182,4],[161,4],[150,4],[173,4],[149,4],[60,0],[90,2],[62,0],[75,1],[135,4],[134,4],[46,1],[79,2],[119,2],[45,0],[120,2],[89,1],[180,7],[48,1],[104,2],[65,3],[160,7],[31,0],[148,5],[19,0],[44,1],[33,0],[32,0],[163,10],[47,1],[74,1],[147,6],[64,6],[59,1],[170,9],[88,2],[171,10],[133,3],[103,3],[66,3],[102,3],[178,10],[101,4],[58,1],[132,10],[87,5],[73,2],[71,5],[34,4],[179,10],[20,1],[43,4],[131,10],[72,3],[35,6],[172,11],[49,7],[21,5],[117,9],[116,4],[143,13],[169,11],[42,3],[8,5],[56,3],[29,4],[30,5],[57,2],[18,4],[146,12],[86,6],[17,4],[55,3],[7,3],[145,14],[12,5],[1,4],[97,13],[41,3],[23,6],[36,7],[158,15],[0,3],[81,10],[11,6],[2,5],[28,2],[113,14],[10,4],[27,3],[50,12],[52,11],[16,3],[13,7],[9,10],[115,10],[40,6],[14,9],[38,11],[100,9],[37,12],[82,14],[4,7],[114,3],[39,9],[70,8],[67,15],[22,10],[15,6],[129,13],[159,18],[98,18],[3,5],[24,11],[5,5],[118,9],[83,13],[6,6],[26,8],[181,21],[144,9],[68,14],[128,9],[51,18],[157,21],[54,8],[53,17],[130,15],[69,16],[25,14],[85,14],[99,14],[84,13]

