Experiment Name: Custom-ShortestPathNotTheBest3
Method Used: RegionalFlowGraph
Run Number: 4
Preparation Time: 76.5212ms
Pathfinding Time: 4.3921ms
Finish Time: 95.76181ms
Finish Time 90%: 93.20175ms
Repaths: 0
Soft Repaths: 1

Gates Data:
0:[168,[14.16947,28.31209,0,[30.64531,38.00099]]],[157,[15.74082,31.43102,0,[32.30085,40.00099]]],[177,[13.61253,27.13934,0,[28.86792,38.001]]],[143,[16.45287,32.81087,0,[32.58483,40.00099]]],[156,[15.66421,30.97707,0,[31.3446,39.001]]],[167,[14.75337,29.09263,0,[30.2692,38.001]]],[144,[16.82206,33.07141,0,[33.54473,40.001]]],[142,[16.2867,32.15593,0,[31.51623,39.00099]]],[128,[17.33455,34.10354,0,[32.38754,40.00099]]],[141,[16.03998,31.32763,0,[30.47809,38.001]]],[155,[15.44692,30.2591,0,[30.25009,38.001]]],[129,[17.69696,34.59259,0,[33.38087,40.00099]]],[140,[15.96763,31.28108,0,[29.3819,38.00099]]],[127,[16.97183,33.277,0,[31.40312,39.00098]]],[176,[14.41697,28.32034,0,[29.19971,38.001]]],[166,[15.14402,29.324,0,[29.2684,38.001]]],[97,[18.22329,35.84959,0,[31.99971,39.00098]]],[112,[17.59897,34.57192,0,[31.70098,39.00096]]],[184,[13.97678,25.88073,0,[27.95304,37.00097]]],[175,[14.56827,27.71308,0,[27.97784,37.001]]],[113,[18.3502,35.56635,0,[32.88993,40.00089]]],[96,[18.89784,35.79979,0,[31.21151,39.00095]]],[110,[17.73499,33.71101,0,[30.84054,38.001]]],[154,[15.63831,29.96624,0,[28.59428,38.001]]],[114,[19.60816,36.21524,0,[33.51018,40.001]]],[111,[17.14943,33.47372,0,[30.84947,38.00097]]],[109,[18.36366,34.39919,0,[30.40506,38.00095]]],[95,[19.52811,36.32476,0,[31.29813,39.00098]]],[153,[17.17217,31.23341,0,[28.53089,38.00097]]],[126,[16.62233,32.24569,0,[30.42365,38.00097]]],[98,[19.53354,37.07257,0,[32.34438,40.001]]],[125,[17.14734,32.60131,0,[29.6625,38.00098]]],[82,[20.37655,37.97158,0,[32.18867,40.001]]],[138,[19.04121,34.01463,0,[30.39573,38.00098]]],[83,[20.49606,37.9279,0,[33.25734,40.001]]],[124,[17.74786,33.09336,0,[29.74171,38.001]]],[139,[16.55241,31.84597,0,[29.21377,38.00096]]],[81,[20.53348,37.43059,0,[31.8498,39.00093]]],[122,[20.16451,37.31515,0,[31.03403,39.001]]],[68,[21.22844,39.25265,0,[32.8513,40.001]]],[152,[18.35485,32.65071,0,[29.32218,38.00095]]],[183,[15.43749,27.18619,0,[27.71833,37.001]]],[123,[21.36524,37.83265,0,[31.07221,39.001]]],[151,[19.6608,34.34861,0,[30.02117,38.00099]]],[108,[21.9976,40.19279,0,[32.08091,40.00099]]],[163,[18.92593,33.21378,0,[29.36966,38.00099]]],[148,[21.77438,39.20657,0,[30.99957,38.5179]]],[165,[16.55813,29.50569,0,[27.99972,37.85716]]],[162,[19.70203,33.73138,0,[28.92121,38.00099]]],[99,[22.15589,38.12088,0,[33.20857,40.00099]]],[173,[18.31004,31.52215,0,[28.2606,38.00096]]],[149,[20.62336,36.0056,0,[29.67256,38.00098]]],[171,[20.32909,34.13917,0,[28.75728,38.001]]],[136,[21.22452,36.49018,0,[30.15108,38.00093]]],[164,[17.74485,30.87425,0,[28.64813,38.001]]],[161,[21.92067,35.89037,0,[29.1222,38.00092]]],[137,[20.21685,35.50499,0,[30.6909,38.00098]]],[160,[22.13776,37.63999,0,[30.59095,38.001]]],[181,[19.20758,30.04817,0,[27.85827,37.00099]]],[69,[22.89494,40.91706,0,[32.23747,40.00097]]],[174,[17.00918,28.30923,0,[27.63865,37.001]]],[170,[21.12547,35.30067,0,[28.79286,38.001]]],[172,[19.1886,32.93101,0,[28.28336,38.00096]]],[84,[24.35273,40.54922,0,[32.10093,40.00099]]],[150,[23.25549,37.7683,0,[30.1077,38.00036]]],[159,[22.65268,37.80129,0,[29.41011,38.00096]]],[180,[20.17278,30.92038,0,[27.8396,37.001]]],[178,[23.232,35.46817,0,[28.42248,38.001]]],[182,[18.18302,28.37222,0,[27.57909,37.00099]]],[169,[22.3728,37.27011,0,[28.09754,38.00099]]],[179,[21.54469,33.43955,0,[27.99991,37.88857]]],[94,[23.54034,40.97129,0,[31.08423,39.00056]]]
2:[168,[33.42535,66.68851,3,[57.00086,64.44479]]],[157,[33.10886,65.68275,3,[57.00081,62.69604]]],[177,[33.87963,67.29784,3,[56.278,66.00061]]],[143,[33.64208,66.66547,3,[57.00075,62.17551]]],[156,[34.26555,67.88109,3,[57.0008,63.97233]]],[167,[34.69021,68.80042,3,[57.00084,65.54768]]],[144,[34.21207,66.48031,3,[57.00076,61.81869]]],[142,[34.67286,68.51323,3,[57.0008,63.45952]]],[128,[35.02536,68.54511,3,[57.0008,62.61756]]],[141,[35.53191,69.9054,3,[57.00087,64.23382]]],[155,[35.27718,69.78413,3,[57.0008,65.15585]]],[129,[35.30607,67.99154,3,[57.00079,61.82182]]],[140,[36.2549,71.5673,3,[57.00075,65.35623]]],[127,[35.91607,70.10229,3,[57.0008,63.64568]]],[176,[34.79301,68.82037,3,[56.00083,66.38145]]],[166,[35.59615,69.9582,3,[56.40833,66.00056]]],[97,[37.00153,71.85954,3,[57.00081,63.09858]]],[112,[36.12663,70.4175,3,[57.00082,62.68562]]],[184,[35.78561,69.09718,3,[56.00083,67.26247]]],[175,[36.76615,71.58452,0,[56.00077,67.55428]]],[113,[36.23015,68.98067,3,[57.00076,61.63401]]],[96,[37.69453,72.30676,3,[57.00079,63.26479]]],[110,[37.55972,72.40839,3,[57.00083,64.4647]]],[154,[36.22676,70.89495,3,[56.00079,66.06024]]],[114,[37.01289,69.59609,3,[57.00078,61.78327]]],[111,[36.74811,72.04579,3,[57.00083,64.00987]]],[109,[38.451,73.79134,3,[57.00077,64.7724]]],[95,[38.43123,73.18082,3,[57.00081,63.58516]]],[153,[37.90834,72.43674,3,[56.00079,66.26729]]],[126,[36.84217,72.10184,3,[57.00083,65.30824]]],[98,[37.80343,71.00301,3,[57.0008,62.01117]]],[125,[37.66408,73.19751,3,[57.00081,65.7818]]],[82,[38.7484,73.03545,3,[57.0008,62.95164]]],[138,[39.22249,73.85164,3,[57.00076,65.13412]]],[83,[38.44885,71.33256,3,[57.00076,61.6311]]],[124,[38.47721,73.71705,3,[57.0006,65.98372]]],[139,[36.97296,72.49162,0,[56.00079,66.11344]]],[81,[39.44637,73.77987,3,[57.00085,63.05246]]],[122,[39.36142,74.95181,3,[57.00083,64.16122]]],[68,[39.30805,72.89124,3,[57.00079,61.77615]]],[152,[38.95188,73.46951,3,[56.52779,66.00062]]],[183,[37.6498,70.79937,0,[56.00075,67.52175]]],[123,[40.1435,74.39523,3,[57.00083,63.08563]]],[151,[40.01637,74.14682,3,[57.0008,64.5745]]],[108,[40.11137,74.07862,3,[57.00076,61.7147]]],[163,[40.09196,74.61917,3,[57.00062,65.88431]]],[148,[40.83603,76.30386,3,[57.00077,63.15546]]],[165,[38.58167,72.97749,0,[56.00063,67.98291]]],[162,[40.78074,75.17059,3,[57.00087,65.80179]]],[99,[41.10351,72.08121,3,[57.00082,62.24752]]],[173,[39.4397,73.26447,3,[56.00083,66.31448]]],[149,[41.3591,75.566,3,[57.00081,64.79835]]],[171,[41.37225,75.06364,3,[56.64434,66.00069]]],[136,[41.66193,75.27258,3,[57.0009,63.96432]]],[164,[38.92904,72.65503,0,[56.0008,67.08782]]],[161,[42.60828,76.03551,0,[57.00079,65.36063]]],[137,[40.61335,74.58284,3,[57.00085,64.41571]]],[160,[42.11534,75.40512,0,[57.00078,63.47329]]],[181,[41.66587,73.54803,0,[56.00079,67.27148]]],[69,[41.68131,74.78317,0,[57.00079,61.87458]]],[174,[40.13353,72.75386,0,[56.0005,67.70965]]],[170,[42.1285,76.16215,0,[56.86846,66.00077]]],[172,[40.77234,74.96211,0,[56.00083,66.3735]]],[84,[42.6413,75.19172,0,[57.00083,62.68458]]],[150,[43.72972,76.07601,0,[57.00087,62.52993]]],[159,[43.00222,77.09385,0,[57.00072,64.49297]]],[180,[42.19031,73.83596,0,[56.00067,67.00677]]],[178,[44.2363,76.54797,0,[56.97111,66.00095]]],[182,[40.99405,72.92157,0,[56.00082,67.68771]]],[169,[43.23029,78.15848,0,[56.32563,66.00072]]],[179,[42.61801,74.8308,0,[56.00078,66.47778]]],[94,[43.6178,78.11017,0,[57.00086,63.91452]]]
3:[168,[46.12853,91.86374,3,[63.30222,87.001]]],[157,[47.44055,94.16898,3,[64.16489,88.00099]]],[177,[45.39165,89.74148,3,[62.01725,86.00094]]],[143,[48.50922,96.16631,3,[64.67598,88.00095]]],[156,[47.37768,93.88978,3,[63.12697,87.00098]]],[167,[46.24302,91.67896,3,[62.77909,86.00095]]],[144,[49.68669,97.0778,3,[64.93697,88.00099]]],[142,[48.14494,95.22109,3,[63.54949,87.00094]]],[128,[49.58028,96.72854,3,[63.9074,87.00098]]],[141,[48.75635,95.6861,3,[63.79057,87.00099]]],[155,[47.14616,93.33387,3,[62.01597,86.00096]]],[129,[50.69795,98.42905,3,[64.75679,88.001]]],[140,[48.38465,94.80258,3,[62.48833,86.00097]]],[127,[49.00904,95.75021,3,[62.97607,86.00098]]],[176,[46.56154,91.21495,3,[61.26237,86.00093]]],[166,[47.65965,93.00898,3,[62.59745,86.00094]]],[97,[51.46937,100.3157,3,[64.07792,88.001]]],[112,[50.37228,98.31416,3,[63.46345,87.00099]]],[184,[47.31889,90.89536,3,[60.50193,86.00094]]],[175,[48.64014,93.21671,0,[60.92488,86.00095]]],[113,[51.85094,99.63382,3,[65.07207,88.00097]]],[96,[51.85342,100.0351,3,[63.99964,87.13442]]],[110,[50.67234,97.31667,3,[62.99961,86.27674]]],[154,[47.94888,93.49949,3,[61.11566,86.00093]]],[114,[52.6914,100.3555,3,[65.01842,88.00098]]],[111,[49.68463,96.94405,3,[62.54445,86.00095]]],[109,[51.53275,99.04999,3,[62.99956,86.69765]]],[95,[52.45888,100.3677,3,[63.8777,87.00098]]],[153,[50.51588,95.6786,3,[61.81142,86.0009]]],[126,[49.1121,95.78122,3,[61.75094,86.00098]]],[98,[53.51874,101.7921,3,[65.06791,88.00098]]],[125,[49.88194,96.14235,3,[61.20373,86.00095]]],[82,[53.19994,101.4228,3,[63.96877,87.00099]]],[138,[51.7859,97.95223,3,[62.89751,86.00095]]],[83,[54.42414,102.4684,3,[64.69735,88.001]]],[124,[51.14612,96.46404,3,[62.07552,86.00092]]],[139,[49.38492,95.72488,3,[60.37143,86.00095]]],[81,[53.82603,101.5397,3,[63.57742,87.00096]]],[122,[52.70059,100.7465,3,[62.99963,86.43582]]],[68,[54.49461,102.4891,3,[63.92829,87.00099]]],[152,[51.78507,96.47119,3,[61.47485,86.00093]]],[183,[50.56371,92.39348,0,[60.41359,86.00089]]],[123,[53.76085,100.9584,3,[62.84713,86.00095]]],[151,[53.0663,98.74231,3,[62.71006,86.00096]]],[108,[55.89818,104.7941,3,[64.94099,88.00097]]],[163,[52.37975,97.76085,3,[61.96922,86.00094]]],[148,[55.5071,104.4516,3,[63.99977,87.61327]]],[165,[51.25394,94.47362,0,[60.62754,86.00093]]],[162,[53.4643,98.45152,3,[61.59642,86.00094]]],[99,[56.64385,102.2463,3,[64.84287,88.00098]]],[173,[52.86989,96.33549,3,[60.82553,86.00092]]],[149,[55.89711,101.5207,3,[63.66791,87.00098]]],[171,[54.73245,98.964,3,[62.99968,86.36309]]],[136,[56.64458,102.562,3,[63.82671,87.00096]]],[164,[52.26593,94.76054,0,[60.32995,86.00097]]],[161,[55.35679,99.79772,0,[62.72824,86.00097]]],[137,[54.21223,99.59692,3,[61.83156,86.00096]]],[160,[56.11108,100.9866,0,[62.92281,86.00095]]],[181,[54.90399,96.31077,0,[61.71687,86.00092]]],[69,[57.45896,103.5882,0,[63.99972,87.10098]]],[174,[53.51621,94.31477,0,[60.19357,86.00095]]],[170,[55.71787,99.01304,0,[61.45655,86.00094]]],[172,[54.12517,98.23756,0,[60.47084,86.00098]]],[84,[56.92885,101.4176,0,[62.92725,86.00097]]],[150,[58.23512,103.107,0,[63.08558,87.001]]],[159,[56.39613,101.3245,0,[61.61583,86.00089]]],[180,[55.51657,95.97496,0,[60.34124,86.00094]]],[178,[57.67231,99.09678,0,[61.57936,86.00094]]],[182,[54.81538,94.51788,0,[60.38446,86.00089]]],[169,[57.03379,101.5852,0,[61.38581,86.00079]]],[179,[56.41126,97.7262,0,[60.35423,86.00092]]],[94,[58.40021,102.5493,0,[61.76202,86.00078]]]
6:[168,[68.39325,136.1133,3,[91.001,114.3598]]],[157,[69.20358,137.0586,3,[91.00099,114.2398]]],[177,[69.33583,137.3278,3,[91.00099,115.9083]]],[143,[69.63906,137.5401,3,[90.001,113.8691]]],[156,[70.3254,139.2895,3,[91.00099,115.4523]]],[167,[70.48804,139.964,3,[91.001,116.9528]]],[144,[71.00973,138.9991,3,[91.001,114.1456]]],[142,[71.02986,140.7825,3,[91.001,115.785]]],[128,[71.25751,139.4516,3,[90.001,113.7872]]],[141,[71.66058,140.5915,3,[91.00099,115.1204]]],[155,[71.52223,141.8395,3,[91.001,116.7482]]],[129,[71.89684,139.203,3,[90.001,113.236]]],[140,[72.3799,142.0857,3,[91.001,115.7763]]],[127,[72.55626,142.1363,3,[91.001,114.5418]]],[176,[71.95703,141.7931,3,[91.12215,117.9999]]],[166,[72.34962,142.0312,3,[91.001,116.9989]]],[97,[72.53157,142.0221,3,[90.001,113.5281]]],[112,[73.32847,143.6534,3,[91.001,115.0313]]],[184,[72.89389,141.7542,3,[91.001,117.817]]],[175,[73.30666,142.295,0,[91.001,116.4692]]],[113,[73.17043,140.4198,3,[90.001,113.6884]]],[96,[74.1886,144.3164,3,[91.001,114.6453]]],[110,[74.10675,143.9176,3,[91.001,115.9429]]],[154,[73.66881,144.6143,3,[91.001,117.8599]]],[114,[73.85207,141.0685,3,[90.001,113.2491]]],[111,[74.28587,145.4809,3,[91.001,117.175]]],[109,[74.86515,145.3382,3,[91.001,115.1723]]],[95,[74.9393,144.6567,3,[91.001,114.0491]]],[153,[74.9366,144.2095,3,[91.001,116.2779]]],[126,[75.1997,147.1626,3,[92.001,118.3494]]],[98,[74.80933,142.5134,3,[90.001,113.146]]],[125,[75.12425,146.1887,3,[91.001,117.3407]]],[82,[75.73395,145.7915,3,[91.001,114.514]]],[138,[75.65273,145.3547,3,[91.001,115.8247]]],[83,[75.55515,143.3628,3,[90.001,113.3789]]],[124,[75.91832,145.8155,3,[91.001,117.0084]]],[139,[76.104,148.6667,3,[92.001,118.343]]],[81,[76.52879,146.3459,3,[91.001,114.5807]]],[122,[76.45047,147.6476,3,[91.00099,115.884]]],[68,[76.27499,144.8846,3,[90.001,113.3779]]],[152,[76.70274,145.9822,3,[91.001,117.1011]]],[183,[76.84167,144.6988,0,[92.001,118.3381]]],[123,[77.2404,147.2936,3,[91.001,114.557]]],[151,[77.2112,146.6214,3,[91.001,115.8323]]],[108,[76.95939,145.601,3,[90.001,113.2827]]],[163,[77.46391,147.4484,3,[91.001,116.9716]]],[148,[77.89413,148.4537,3,[91.001,114.4409]]],[165,[77.76244,147.1178,0,[92.001,118.2672]]],[162,[77.92473,146.7732,3,[91.001,115.736]]],[99,[77.75381,143.0703,3,[90.001,113.281]]],[173,[78.20438,146.3806,3,[91.001,116.9593]]],[149,[78.57376,146.1708,3,[91.001,114.6548]]],[171,[78.73633,146.1414,3,[91.001,116.0974]]],[136,[78.54282,145.0657,3,[90.001,113.5548]]],[164,[78.79958,147.5905,0,[92.001,118.2239]]],[161,[79.20809,146.8547,0,[91.001,115.2132]]],[137,[79.16315,149.055,3,[91.001,117.1895]]],[160,[79.72159,147.1534,0,[91.001,114.4602]]],[181,[79.64824,145.3865,0,[91.001,116.1484]]],[69,[79.3997,145.7672,0,[90.001,113.2725]]],[174,[80.00367,147.0706,0,[92.001,118.3378]]],[170,[80.22067,147.1395,0,[91.001,115.7697]]],[172,[80.00902,149.3536,0,[91.001,117.2829]]],[84,[80.46237,147.5299,0,[91.001,114.3611]]],[150,[80.2064,145.4359,0,[90.001,113.2122]]],[159,[80.88306,149.3681,0,[91.00099,115.2784]]],[180,[80.80758,146.0952,0,[91.00099,116.6597]]],[178,[81.28341,145.2442,0,[91.001,114.061]]],[182,[80.92963,146.4136,0,[91.28201,117.9999]]],[169,[81.60949,150.2144,0,[91.001,115.5122]]],[179,[81.61964,147.8356,0,[91.001,117.0179]]],[94,[82.04134,148.8774,0,[91.001,114.1347]]]
1:[66,[23.05218,45.86227,1,[53.001,26.41282]]],[67,[21.90946,43.50719,1,[52.001,24.5506]]],[80,[23.69277,46.81081,1,[53.001,27.00676]]],[79,[23.16936,45.78255,1,[52.001,25.4253]]],[54,[22.5981,42.95496,1,[52.00099,25.06953]]],[92,[24.55002,48.96437,1,[53.001,27.25246]]],[93,[23.78489,46.63674,1,[52.001,25.99831]]],[121,[25.2243,49.74114,1,[53.001,27.35592]]],[65,[23.06651,44.67747,1,[52.001,24.01774]]],[106,[25.01558,49.30929,1,[53.001,26.05981]]],[78,[23.86088,46.71204,1,[52.00099,24.5253]]],[53,[22.3376,43.03674,1,[52.00098,23.19438]]],[119,[25.81381,51.30141,1,[53.00099,26.4866]]],[105,[25.07002,48.99719,1,[52.001,25.48724]]],[64,[23.61047,45.63951,1,[52.00098,23.31329]]],[50,[23.09759,44.76418,1,[52.001,22.53951]]],[91,[24.42627,48.20283,1,[52.00098,24.92461]]],[134,[26.30665,51.71856,1,[53.00092,27.21349]]],[103,[25.88506,51.16763,1,[52.00098,25.62328]]],[90,[24.99517,48.91883,1,[52.00099,24.18538]]],[77,[24.39219,46.96524,1,[52.00099,23.51991]]],[104,[25.58911,49.83619,1,[52.00099,24.70532]]],[133,[27.07309,52.99977,1,[53.001,27.21567]]],[118,[26.89276,52.55853,1,[53.00092,26.1087]]],[76,[25.54495,48.81374,1,[52.00099,23.55676]]],[62,[25.00313,47.86232,1,[52.001,22.85441]]],[88,[26.27082,51.36282,1,[52.00098,24.65213]]],[52,[22.36597,42.31733,1,[51.00099,21.31628]]],[132,[27.72199,53.76988,1,[53.00098,27.13177]]],[117,[27.50304,53.66486,1,[53.00099,26.14936]]],[102,[26.64519,52.28453,1,[52.00093,25.33419]]],[116,[27.45036,53.57667,1,[52.00099,25.53666]]],[63,[24.05688,46.75236,1,[52.001,22.2588]]],[131,[28.24655,54.74144,1,[53.001,26.35638]]],[147,[28.3587,54.36513,1,[53.00097,27.45955]]],[75,[26.21634,49.50212,1,[52.00098,23.56926]]],[87,[27.2191,52.58512,1,[52.00099,24.58958]]],[101,[28.85672,55.12017,1,[53.001,26.29094]]],[72,[28.07119,53.37885,1,[52.001,25.33423]]],[89,[26.83292,50.30112,1,[52.00098,23.75175]]],[73,[27.828,51.81326,1,[52.00096,24.33866]]],[146,[29.17094,54.88707,1,[53.00098,27.41209]]],[115,[29.57705,56.60432,1,[53.00097,26.33163]]],[86,[28.76073,54.30408,1,[52.00099,25.55108]]],[60,[25.88826,49.63153,1,[52.00099,22.559]]],[59,[27.43773,51.30882,1,[52.00098,23.47087]]],[71,[30.36611,56.14782,1,[53.001,26.43304]]],[130,[29.89717,56.94503,1,[53.00096,27.11977]]],[57,[28.42972,53.95921,1,[52.00098,24.3333]]],[74,[26.63594,50.22016,1,[52.00098,22.60904]]],[58,[28.16923,52.34357,1,[52.00099,23.29331]]],[135,[30.74309,53.38099,1,[53.00087,27.33243]]],[85,[29.45887,56.17065,1,[52.00098,25.60135]]],[47,[24.2709,46.84797,1,[51.00098,21.8614]]],[42,[29.00368,54.29832,1,[52.001,24.47602]]],[44,[27.2053,51.33508,1,[52.00098,22.52048]]],[36,[23.85533,44.47143,1,[51.00099,20.99365]]],[40,[30.16253,57.66776,1,[52.00099,25.43438]]],[56,[29.64489,55.71838,1,[52.00097,24.47649]]],[29,[28.74603,53.95403,1,[52.00097,23.09555]]],[100,[31.00322,57.93289,1,[53.001,26.13651]]],[31,[29.27605,52.98914,1,[52.001,23.44221]]],[43,[27.8419,52.20499,1,[52.00098,22.49504]]],[30,[30.30105,54.88454,1,[52.00099,24.32129]]],[55,[30.93588,58.22082,1,[52.0009,25.54669]]],[45,[25.78744,48.94955,1,[51.00099,21.81296]]],[41,[29.9038,56.47467,1,[52.00096,23.34381]]],[70,[31.70313,58.64325,1,[53.001,26.52337]]],[28,[30.82502,57.90495,1,[52.00094,24.55041]]],[35,[27.82901,47.32909,1,[51.00099,21.97861]]],[9,[31.46111,56.15805,1,[52.00099,24.79913]]],[46,[26.37896,47.93922,1,[51.00097,21.65613]]],[18,[31.7149,57.11458,1,[52.00098,25.79467]]],[33,[28.85562,50.30746,1,[51.82243,21.99977]]],[21,[30.64592,52.01391,1,[52.00098,23.29367]]],[32,[31.28398,53.39827,1,[52.001,23.70979]]],[23,[28.23063,48.27998,1,[51.00097,20.94909]]],[24,[27.08838,46.4792,1,[51.00098,21.67996]]],[145,[32.40619,57.7592,1,[53.00085,27.05009]]],[11,[31.21014,53.39475,1,[52.00099,22.59402]]],[17,[32.41031,58.10274,1,[52.00097,25.059]]],[20,[32.00256,54.09801,1,[52.001,24.14423]]],[19,[30.35131,54.33284,1,[52.00098,22.45875]]],[34,[29.61467,50.47989,1,[52.00098,22.38058]]],[2,[31.80876,55.54772,1,[52.00098,22.97093]]],[22,[30.36739,49.68785,1,[51.00096,21.8939]]],[27,[32.78133,61.06591,1,[52.42807,25.99942]]],[120,[25.69682,51.15192,1,[53.00097,28.1026]]],[8,[32.85799,58.05571,1,[52.00096,23.81948]]],[37,[26.81268,44.04519,1,[51.00097,20.62167]]],[14,[29.63787,48.52388,1,[51.00098,21.68582]]],[7,[33.32266,58.65264,1,[52.001,24.73881]]],[48,[25.34496,46.27553,1,[51.00096,20.89157]]],[10,[32.4659,55.40168,1,[52.00097,23.11646]]],[158,[33.99798,57.87207,1,[53.00079,26.34054]]],[49,[23.10049,44.69491,1,[51.00097,21.41088]]],[38,[28.8355,43.85172,1,[51.00099,20.52586]]],[0,[33.57751,58.01638,1,[52.00099,23.20093]]],[39,[30.18222,44.44593,1,[51.00093,20.86426]]],[51,[26.02802,42.64986,1,[51.00096,20.68835]]],[107,[34.30663,52.46403,1,[53.00095,27.64972]]],[3,[31.13662,52.10977,1,[51.00098,21.88751]]],[4,[33.02404,54.96881,1,[52.001,22.25377]]],[25,[27.59796,45.97315,1,[51.00097,20.71587]]],[1,[32.14575,55.58469,1,[51.75771,21.9998]]],[16,[34.01379,60.68459,1,[52.00094,25.23391]]],[15,[29.55933,47.73574,1,[51.00097,20.55568]]],[5,[31.6367,51.97345,1,[51.00096,20.76624]]],[6,[33.11229,52.19813,1,[51.00098,21.62156]]],[61,[24.92484,47.51145,1,[51.001,21.94688]]],[13,[32.33347,49.40082,1,[51.00096,21.15835]]],[26,[28.96722,46.24228,1,[51.00099,21.55844]]],[12,[30.88413,49.60501,1,[51.00098,20.79874]]]
5:[66,[38.37599,76.36047,1,[83.00082,29.79983]]],[67,[37.64227,74.91691,1,[83.00093,28.21156]]],[80,[38.66761,76.43616,1,[82.00084,30.497]]],[79,[39.08318,77.46017,1,[83.00072,29.40709]]],[54,[38.33191,74.36913,1,[83.0009,28.01159]]],[92,[39.47368,78.66157,1,[82.0008,30.44619]]],[93,[39.71095,78.32961,1,[83.00082,29.4322]]],[121,[40.39423,79.69793,1,[82.00064,31.0994]]],[65,[39.30458,76.9967,1,[83.62214,28.00062]]],[106,[40.478,80.05109,1,[82.82661,30.00073]]],[78,[39.73302,78.38931,1,[83.00085,28.18578]]],[53,[38.6613,75.6045,1,[84.00091,26.77903]]],[119,[40.87538,81.13338,1,[82.00079,30.47848]]],[105,[41.14703,80.93231,1,[83.00054,29.68072]]],[64,[40.20508,78.50165,1,[84.00074,27.51035]]],[50,[39.51679,77.53882,1,[84.00084,26.55425]]],[91,[40.37391,79.91151,1,[83.00081,28.36707]]],[134,[41.8299,81.99079,1,[82.00073,31.49524]]],[103,[41.63235,82.54623,1,[82.39919,30.00066]]],[90,[40.97575,80.71462,1,[83.04141,28.00056]]],[77,[40.90178,79.87344,1,[84.00081,27.67848]]],[104,[41.70362,81.80029,1,[83.00076,28.94512]]],[133,[42.24221,82.89736,1,[82.00051,30.84186]]],[118,[42.46442,83.45115,1,[82.8109,30.00084]]],[76,[42.04768,81.58683,1,[83.72293,28.00078]]],[62,[41.51712,80.8007,1,[84.0008,27.15865]]],[88,[42.34439,83.41193,1,[83.00063,28.63841]]],[52,[40.06171,77.20222,1,[84.64521,26.00073]]],[132,[42.94689,83.58367,1,[82.00085,31.10337]]],[117,[43.01376,84.14029,1,[82.70425,30.00084]]],[102,[42.88592,83.98241,1,[83.00085,28.5514]]],[116,[43.7344,85.82922,1,[82.97741,30.00078]]],[63,[40.56554,79.59771,1,[84.00079,26.30591]]],[131,[43.44553,84.84098,1,[82.0006,30.5268]]],[147,[43.84962,84.52893,1,[81.72983,32.00081]]],[75,[42.84365,82.63145,1,[84.00076,27.9333]]],[87,[43.52088,84.59016,1,[83.00074,28.47335]]],[101,[44.0202,85.09136,1,[82.00056,30.38549]]],[72,[44.37868,85.67088,1,[82.99499,30.00082]]],[89,[43.41024,83.30554,1,[83.89352,28.00068]]],[73,[44.1213,83.9026,1,[83.00066,28.49065]]],[146,[44.59571,85.04149,1,[81.70853,32.00083]]],[115,[44.71598,86.60793,1,[82.00076,30.38063]]],[86,[45.01104,86.39841,1,[83.0005,29.80481]]],[60,[42.48566,82.55952,1,[84.00074,26.39154]]],[59,[44.17315,84.59776,1,[84.00067,27.98064]]],[71,[45.46407,86.08723,1,[82.00067,30.4724]]],[130,[45.45951,87.16353,1,[81.79491,32.0009]]],[57,[44.65496,85.90565,1,[83.0008,28.36829]]],[74,[43.26925,83.29199,1,[84.00073,26.7578]]],[58,[44.78141,85.43764,1,[84.0008,27.75274]]],[135,[46.23883,83.63715,1,[81.799,32.00095]]],[85,[45.71929,88.31109,1,[83.00067,29.9485]]],[47,[41.82159,81.29488,1,[84.00049,26.5003]]],[42,[45.18119,86.11298,1,[83.00072,28.25532]]],[44,[43.8698,84.51202,1,[84.00076,26.54231]]],[36,[42.13655,80.24044,1,[85.00068,25.96659]]],[40,[46.17211,89.20154,1,[82.2644,30.00081]]],[56,[45.97625,87.98355,1,[83.00074,29.14374]]],[29,[45.50481,87.1515,1,[84.00072,27.72066]]],[100,[46.62064,88.52986,1,[82.00059,31.49401]]],[31,[45.91056,85.47087,1,[83.20833,28.0007]]],[43,[44.6783,85.28159,1,[84.00079,26.52836]]],[30,[46.69927,87.4575,1,[83.00066,29.51865]]],[55,[46.80361,89.36008,1,[82.00069,30.2241]]],[45,[43.35208,83.96456,1,[84.78873,26.00067]]],[41,[46.64462,88.97496,1,[83.00073,28.23085]]],[70,[47.33615,89.01566,1,[81.79425,32.0009]]],[28,[47.4517,90.38155,1,[83.00061,29.92811]]],[35,[45.92478,82.43974,1,[84.0007,27.23967]]],[9,[47.5661,87.54704,1,[82.00066,30.12999]]],[46,[44.39415,83.19649,1,[84.67276,26.00055]]],[18,[47.94793,88.79506,1,[82.00066,31.76214]]],[33,[46.68581,84.35837,1,[84.00075,27.74254]]],[21,[47.25068,84.35159,1,[83.00073,28.36215]]],[32,[48.0531,86.07227,1,[83.00052,29.65209]]],[23,[45.89562,83.02872,1,[84.00065,26.02243]]],[24,[45.09258,81.28209,1,[84.00861,26.0007]]],[145,[48.77104,88.62199,1,[82.00043,31.92685]]],[11,[47.73352,86.01873,1,[83.00072,28.10103]]],[17,[48.33767,89.57436,1,[82.16296,30.00081]]],[20,[48.66871,86.33541,1,[83.00068,29.17199]]],[19,[47.43393,87.87747,1,[84.00071,27.74124]]],[34,[46.65825,83.59425,1,[84.0008,26.54061]]],[2,[48.55833,88.45078,1,[83.61332,28.00072]]],[22,[47.99551,84.59238,1,[84.00073,27.51888]]],[27,[49.03176,91.96928,1,[82.28242,30.0009]]],[120,[49.4266,82.76382,1,[82.0003,31.85175]]],[8,[49.28379,90.19685,1,[83.00066,29.04313]]],[37,[45.8117,80.51205,1,[85.00064,25.70634]]],[14,[47.31799,82.99619,1,[84.00073,26.10587]]],[7,[49.78242,90.32639,1,[82.42222,30.0007]]],[48,[43.77942,82.17696,1,[85.00047,25.56154]]],[10,[49.1689,88.01659,1,[83.60535,28.00073]]],[158,[50.16156,88.53152,1,[82.00034,31.75826]]],[49,[41.17227,79.99497,1,[85.0006,25.91429]]],[38,[47.76206,80.12795,1,[85.00063,25.55449]]],[0,[50.00845,90.43567,1,[83.00044,28.96916]]],[39,[47.92435,79.41106,1,[84.04137,26.0008]]],[51,[45.05651,78.88277,1,[85.00069,25.51645]]],[107,[50.66975,82.86193,1,[82.00063,30.94683]]],[3,[48.75716,86.57156,1,[84.00082,26.84111]]],[4,[49.86816,87.95649,1,[83.71583,28.00057]]],[25,[46.39317,81.81441,1,[85.00058,25.48848]]],[1,[49.45544,88.84132,1,[84.00082,26.74836]]],[16,[51.06153,93.14565,1,[82.81481,30.00099]]],[15,[48.67135,83.88853,1,[85.00057,25.73729]]],[5,[50.10247,87.08316,1,[84.56354,26.00075]]],[6,[50.45081,86.12484,1,[83.00072,28.13665]]],[61,[42.73355,82.67896,1,[85.00069,25.74664]]],[13,[50.45753,84.19586,1,[84.00071,27.28083]]],[26,[47.19647,81.68165,1,[84.96915,26.00063]]],[12,[49.39633,85.36504,1,[84.93008,26.00066]]]
7:[66,[65.79876,131.1252,1,[99.18568,81.00099]]],[67,[66.40147,132.2068,1,[100.2692,81.00091]]],[80,[66.32084,131.5828,1,[98.0003,82.32805]]],[79,[66.84244,132.8785,1,[99.22543,81.00099]]],[54,[67.24292,132.036,1,[100.5073,81.00091]]],[92,[67.03331,133.7101,1,[98.16011,82.00095]]],[93,[67.48308,133.3216,1,[99.26388,81.00096]]],[121,[67.81242,134.4277,1,[97.26535,83.00098]]],[65,[67.94817,134.118,1,[100.5635,81.00097]]],[106,[68.00598,135.0165,1,[98.19055,82.00093]]],[78,[68.08875,134.8876,1,[99.00295,81.00092]]],[53,[68.56447,134.6605,1,[100.321,81.0009]]],[119,[68.55121,136.4095,1,[97.17494,83.00096]]],[105,[68.71449,136.016,1,[98.04168,82.00095]]],[64,[68.88005,135.6679,1,[99.24671,81.00097]]],[50,[69.22133,136.6089,1,[100.6475,81.00082]]],[91,[69.36674,136.9915,1,[98.38187,82.0009]]],[134,[68.90711,135.8831,1,[96.08966,83.00097]]],[103,[69.56368,138.2778,1,[97.33115,83.00093]]],[90,[69.73637,137.729,1,[99.47956,81.00096]]],[77,[69.92153,137.5284,1,[100.6674,81.00096]]],[104,[69.98699,138.2203,1,[98.56609,82.00097]]],[133,[69.86629,137.8889,1,[96.00033,83.46999]]],[118,[70.42684,139.3163,1,[97.59564,83.00096]]],[76,[70.81983,138.9577,1,[98.99777,82.00093]]],[62,[70.5299,138.541,1,[99.80791,81.00092]]],[88,[70.91462,140.4187,1,[98.00034,82.54283]]],[52,[70.75937,137.131,1,[101.0004,80.94248]]],[132,[70.29607,138.0613,1,[96.2117,83.00096]]],[117,[71.01022,139.8285,1,[96.96062,83.00089]]],[102,[70.98338,140.0305,1,[99.0256,81.00099]]],[116,[71.29617,140.8523,1,[98.05618,82.00093]]],[63,[71.38608,138.9465,1,[100.5041,81.00089]]],[131,[71.34669,139.897,1,[96.21011,83.00093]]],[147,[71.27549,138.9896,1,[95.79321,84.00093]]],[75,[71.6655,139.594,1,[99.66207,81.00092]]],[87,[72.08453,141.5601,1,[98.89138,82.00087]]],[101,[71.90514,140.5225,1,[97.09662,83.00092]]],[72,[72.26919,141.1774,1,[98.00052,82.61035]]],[89,[72.24107,140.0205,1,[100.6438,81.00085]]],[73,[72.19836,139.5772,1,[99.07328,81.00088]]],[146,[72.19903,139.5516,1,[96.0005,83.78549]]],[115,[72.55563,142.0323,1,[96.9748,83.00089]]],[86,[72.64379,141.2814,1,[98.08154,82.00091]]],[60,[72.88019,141.7265,1,[100.7557,81.00096]]],[59,[72.80272,140.9019,1,[99.35114,81.00098]]],[71,[73.19801,141.3132,1,[96.96336,83.00083]]],[130,[72.90717,141.4996,1,[96.0005,83.82658]]],[57,[73.35834,142.8371,1,[98.3744,82.00095]]],[74,[73.42408,141.4907,1,[99.85117,81.00092]]],[58,[73.79816,143.0913,1,[99.00036,81.74785]]],[135,[73.51987,137.8089,1,[96.00066,83.69547]]],[85,[73.87081,144.153,1,[97.52746,83.00095]]],[47,[73.63568,140.1328,1,[101.0004,80.897]]],[42,[74.22461,143.492,1,[98.34319,82.00091]]],[44,[74.01794,143.2054,1,[99.50039,81.00088]]],[36,[74.38965,140.3965,1,[100.7684,81.00087]]],[40,[74.05248,144.848,1,[96.37589,83.0009]]],[56,[74.54921,144.9086,1,[97.5813,83.00091]]],[29,[74.63926,144.7302,1,[99.00044,81.60773]]],[100,[74.15742,143.3968,1,[95.66624,84.00089]]],[31,[74.80096,142.9227,1,[98.05376,82.0009]]],[43,[74.82629,144.0661,1,[99.74045,81.00091]]],[30,[75.14326,143.8346,1,[97.34446,83.00089]]],[55,[74.698,144.8086,1,[96.16522,83.00089]]],[45,[75.1015,143.6422,1,[100.9775,81.00088]]],[41,[75.4837,146.1376,1,[98.61593,82.00085]]],[70,[74.81166,143.507,1,[95.51701,84.00089]]],[28,[75.8462,146.5358,1,[97.92575,83.00085]]],[35,[75.34093,140.2809,1,[99.25813,81.00085]]],[9,[75.59321,143.2749,1,[96.48387,83.00091]]],[46,[75.62888,143.2332,1,[100.5534,81.00085]]],[18,[75.64003,143.5598,1,[95.77002,84.00091]]],[33,[76.08097,141.5247,1,[99.00046,81.3919]]],[21,[76.12769,141.4282,1,[98.08077,82.00089]]],[32,[76.29047,142.1337,1,[97.39773,83.00089]]],[23,[76.31919,142.2023,1,[99.95837,81.00089]]],[24,[76.21111,140.8055,1,[101.0004,80.77972]]],[145,[76.37477,143.4084,1,[95.78911,84.00084]]],[11,[76.86895,143.2171,1,[98.65887,82.00091]]],[17,[76.37717,145.1639,1,[96.38538,83.00086]]],[20,[77.18825,142.9664,1,[97.82346,83.00087]]],[19,[76.72187,145.1872,1,[99.40998,81.00091]]],[34,[77.01424,143.0545,1,[100.7991,81.00086]]],[2,[77.43723,145.5444,1,[98.34452,82.00091]]],[22,[77.27867,141.421,1,[99.07903,81.00089]]],[27,[77.14285,147.5225,1,[96.58276,83.00091]]],[120,[77.14307,137.2928,1,[95.82017,84.00089]]],[8,[77.85419,147.0855,1,[97.55618,83.00092]]],[37,[77.62669,140.6197,1,[100.574,81.00081]]],[14,[78.22692,142.7272,1,[99.0003,81.85071]]],[7,[77.83298,145.9159,1,[96.35527,83.00092]]],[48,[78.05271,143.1931,1,[99.91883,81.00094]]],[10,[78.52947,146.3075,1,[97.90147,83.0009]]],[158,[77.85869,143.1811,1,[95.71064,84.00089]]],[49,[78.62886,140.2419,1,[100.9752,81.00089]]],[38,[78.70267,140.1508,1,[99.00028,81.58082]]],[0,[78.49747,147.0565,1,[96.56232,83.00089]]],[39,[78.59749,138.8307,1,[98.02367,82.00098]]],[51,[78.85021,140.2252,1,[99.80228,81.00095]]],[107,[78.73951,138.4487,1,[95.75233,84.00086]]],[3,[79.59822,145.7544,1,[98.98401,82.00094]]],[4,[79.17712,145.727,1,[97.07871,83.00094]]],[25,[79.42861,143.0169,1,[100.8327,81.00087]]],[1,[79.88881,148.3575,1,[97.97335,83.00095]]],[16,[79.52243,149.7047,1,[95.99226,84.00089]]],[15,[79.65408,143.5227,1,[99.49127,81.00095]]],[5,[80.09055,146.522,1,[98.33106,82.00082]]],[6,[79.71821,143.8027,1,[96.34019,83.00095]]],[61,[80.19324,144.3133,1,[100.6187,81.00087]]],[13,[80.55418,143.0043,1,[97.45271,83.00087]]],[26,[80.72647,141.8546,1,[99.827,81.00092]]],[12,[80.8454,145.2044,1,[98.59545,82.00098]]]

Travel Distances:
[168,153.3054],[157,154.5188],[177,154.574],[143,156.1713],[156,156.6136],[66,157.4943],[167,156.937],[144,156.9554],[67,159.2471],[80,158.8589],[142,158.7123],[79,159.1791],[128,156.9145],[141,157.1188],[54,157.453],[92,159.602],[155,160.6566],[93,160.2794],[129,157.3497],[140,159.2127],[121,160.7551],[127,158.9488],[176,159.7874],[65,160.087],[166,159.2664],[106,160.9876],[78,162.5347],[97,160.7894],[53,161.4459],[119,163.2202],[112,160.8778],[184,159.8198],[105,162.5674],[175,159.6398],[113,157.8656],[64,161.6925],[50,163.9401],[91,164.2289],[134,163.9704],[96,161.8227],[103,164.9736],[110,161.6733],[154,163.1811],[114,159.1179],[90,164.1178],[77,163.3946],[111,162.814],[104,164.0323],[133,166.1214],[109,163.4675],[95,162.6025],[118,166.3955],[153,162.3011],[76,165.2826],[62,165.2984],[88,166.5484],[126,164.6246],[98,160.5893],[52,163.4438],[132,165.2449],[125,163.6719],[82,162.2408],[138,161.97],[117,165.625],[102,167.9788],[83,162.0551],[116,168.1104],[63,165.952],[124,163.8578],[139,166.2646],[131,167.1128],[81,163.2229],[122,164.7141],[147,166.2726],[75,166.0753],[87,167.356],[101,166.6214],[68,164.1503],[72,168.4325],[152,164.3988],[89,167.3778],[73,167.1087],[183,162.6645],[123,164.7585],[146,166.9754],[151,164.1742],[115,168.7897],[86,167.761],[108,163.4267],[60,167.6745],[59,167.0211],[163,164.351],[71,168.8737],[148,166.5091],[130,169.5267],[165,165.3398],[162,164.7988],[57,169.9062],[74,168.4721],[99,161.286],[58,169.3555],[135,164.6518],[85,170.1479],[47,166.5843],[173,163.8472],[149,162.8758],[42,171.0038],[171,164.6194],[44,170.9478],[136,163.7594],[164,165.5675],[36,167.4382],[40,172.5196],[56,171.5767],[161,164.3581],[29,171.2881],[100,170.9901],[137,166.7052],[31,169.2132],[43,170.2125],[160,163.5157],[181,162.0747],[30,169.3463],[55,173.1733],[69,164.7984],[45,171.1892],[41,172.9612],[70,171.7592],[174,164.7848],[28,172.6187],[170,164.5563],[35,167.244],[172,167.1342],[84,164.5588],[9,169.9717],[46,169.6113],[18,170.1624],[150,162.8497],[33,169.1848],[21,168.939],[32,169.3662],[159,167.398],[180,164.3105],[23,169.2328],[24,167.935],[178,162.5198],[145,170.563],[182,164.3369],[11,169.2763],[17,172.042],[20,168.5076],[19,171.3932],[169,166.7894],[34,170.6047],[179,166.4549],[94,166.5915],[2,172.4623],[22,168.628],[27,174.9451],[120,164.8436],[8,173.3264],[37,166.8877],[14,168.2048],[7,174.0275],[48,170.7009],[10,173.1458],[158,171.2627],[49,166.7368],[38,166.5507],[0,173.8284],[39,165.2055],[51,166.2833],[107,166.8122],[3,172.4971],[4,172.9368],[25,169.8179],[1,174.3713],[16,176.4943],[15,169.9823],[5,174.1412],[6,171.9486],[61,171.544],[13,169.6868],[26,168.2075],[12,171.1829]

Finish Times:
[168,78.48141],[157,79.32143],[177,79.60144],[143,80.20145],[156,80.48146],[66,80.76147],[167,80.92147],[144,81.04147],[67,81.12148],[80,81.16148],[142,81.24148],[79,81.76149],[128,81.80149],[141,81.84149],[54,81.92149],[92,81.92149],[155,81.96149],[93,82.48151],[129,82.52151],[140,82.60151],[121,82.64151],[127,82.68151],[176,82.68151],[65,82.76151],[166,82.76151],[106,82.84151],[78,83.16152],[97,83.20152],[53,83.28152],[119,83.44153],[112,83.48153],[184,83.56153],[105,83.60153],[175,83.60153],[113,83.80154],[64,83.92154],[50,84.08154],[91,84.12154],[134,84.20155],[96,84.32155],[103,84.32155],[110,84.32155],[154,84.36155],[114,84.56155],[90,84.68156],[77,84.72156],[111,84.76156],[104,84.80156],[133,85.00156],[109,85.04156],[95,85.08157],[118,85.12157],[153,85.20157],[76,85.40157],[62,85.48158],[88,85.56158],[126,85.56158],[98,85.60158],[52,85.64158],[132,85.68158],[125,85.72158],[82,85.84158],[138,85.88158],[117,85.92159],[102,86.04159],[83,86.20159],[116,86.20159],[63,86.32159],[124,86.3616],[139,86.4816],[131,86.6016],[81,86.6416],[122,86.6416],[147,86.6416],[75,86.6816],[87,86.7216],[101,86.7216],[68,86.96161],[72,87.00161],[152,87.16161],[89,87.20161],[73,87.24162],[183,87.24162],[123,87.36162],[146,87.36162],[151,87.40162],[115,87.48162],[86,87.56162],[108,87.68163],[60,87.72163],[59,87.84163],[163,87.92163],[71,88.00163],[148,88.04163],[130,88.08163],[165,88.12164],[162,88.16164],[57,88.20164],[74,88.40164],[99,88.48164],[58,88.56165],[135,88.56165],[85,88.60165],[47,88.64165],[173,88.68165],[149,88.72165],[42,88.96165],[171,89.00166],[44,89.08166],[136,89.20166],[164,89.24166],[36,89.28166],[40,89.28166],[56,89.28166],[161,89.36166],[29,89.48167],[100,89.48167],[137,89.60167],[31,89.68167],[43,89.84167],[160,89.88168],[181,89.88168],[30,89.92168],[55,90.04168],[69,90.08168],[45,90.16168],[41,90.24168],[70,90.28168],[174,90.36169],[28,90.40169],[170,90.44169],[35,90.48169],[172,90.52169],[84,90.56169],[9,90.68169],[46,90.68169],[18,90.8817],[150,90.9217],[33,91.0017],[21,91.0417],[32,91.0417],[159,91.1217],[180,91.20171],[23,91.40171],[24,91.44171],[178,91.44171],[145,91.52171],[182,91.52171],[11,91.60172],[17,91.64172],[20,91.72172],[19,91.84172],[169,91.84172],[34,92.04173],[179,92.08173],[94,92.16173],[2,92.28173],[22,92.36173],[27,92.36173],[120,92.44173],[8,92.52174],[37,92.60174],[14,92.92175],[7,93.08175],[48,93.08175],[10,93.12175],[158,93.20175],[49,93.48176],[38,93.56176],[0,93.68176],[39,93.72176],[51,93.84177],[107,94.00177],[3,94.24178],[4,94.28178],[25,94.32178],[1,94.48178],[16,94.68179],[15,94.72179],[5,94.96179],[6,95.1618],[61,95.1618],[13,95.4018],[26,95.64181],[12,95.76181]

Stuck Times:
[168,0],[157,0],[177,0],[143,0],[156,0],[66,0],[167,0],[144,0],[67,0],[80,0],[142,0],[79,0],[128,0],[141,0],[54,0],[92,0],[155,0],[93,0],[129,0],[140,0],[121,0],[127,0],[176,0],[65,0],[166,0],[106,0],[78,0],[97,0],[53,0],[119,0],[112,0],[184,0],[105,0],[175,0],[113,0],[64,0],[50,0],[91,0],[134,0],[96,0],[103,0],[110,0],[154,0],[114,1],[90,0],[77,0],[111,0],[104,0],[133,0],[109,0],[95,0],[118,0],[153,1],[76,0],[62,0],[88,0],[126,0],[98,0],[52,1],[132,0],[125,0],[82,0],[138,0],[117,0],[102,0],[83,1],[116,0],[63,0],[124,0],[139,0],[131,0],[81,0],[122,0],[147,0],[75,0],[87,0],[101,0],[68,1],[72,0],[152,1],[89,0],[73,0],[183,2],[123,0],[146,0],[151,0],[115,0],[86,0],[108,0],[60,0],[59,0],[163,2],[71,0],[148,0],[130,0],[165,1],[162,2],[57,0],[74,0],[99,3],[58,0],[135,2],[85,0],[47,2],[173,1],[149,0],[42,0],[171,2],[44,0],[136,0],[164,2],[36,0],[40,0],[56,0],[161,1],[29,0],[100,0],[137,0],[31,2],[43,0],[160,0],[181,5],[30,1],[55,0],[69,3],[45,1],[41,0],[70,0],[174,4],[28,1],[170,4],[35,3],[172,1],[84,5],[9,1],[46,1],[18,1],[150,0],[33,2],[21,2],[32,4],[159,0],[180,6],[23,3],[24,4],[178,4],[145,2],[182,7],[11,4],[17,2],[20,4],[19,1],[169,1],[34,4],[179,5],[94,3],[2,0],[22,4],[27,0],[120,8],[8,1],[37,5],[14,4],[7,3],[48,6],[10,4],[158,5],[49,8],[38,8],[0,3],[39,8],[51,7],[107,8],[3,2],[4,5],[25,5],[1,3],[16,3],[15,4],[5,2],[6,4],[61,7],[13,7],[26,7],[12,5]

