Experiment Name: Custom-ConstantGateSize5
Method Used: PathFollowingLowerNumberOfPaths
Run Number: 3
Preparation Time: 0.0002ms
Pathfinding Time: 10.2543ms
Finish Time: 111.7622ms
Finish Time 90%: 104.922ms
Repaths: 1
Soft Repaths: 0

Gates Data:
2:[355,[5.725197,11.42428,0,[158.999,129.9219]]],[325,[6.233541,12.44718,0,[157.999,128.692]]],[385,[5.730546,11.4363,0,[158.999,131.107]]],[295,[6.255655,12.49197,0,[157.999,127.4794]]],[326,[6.290013,12.53548,0,[158.999,129.3341]]],[356,[6.454838,12.60045,0,[158.999,130.4044]]],[296,[6.811134,13.57685,0,[157.999,128.1827]]],[265,[6.287009,12.56612,0,[157.999,126.2898]]],[386,[6.333332,12.59573,0,[158.999,131.7495]]],[327,[6.839314,13.61891,0,[158.999,129.0165]]],[266,[6.846433,13.6257,0,[157.999,127.055]]],[357,[7.069916,13.77525,0,[158.999,130.0115]]],[387,[6.86348,13.6585,0,[158.999,131.1669]]],[297,[7.394258,14.71035,0,[157.999,127.936]]],[328,[7.908455,15.65722,0,[157.999,128.8892]]],[388,[7.497703,14.77358,0,[158.999,130.7103]]],[239,[6.806265,13.58887,0,[157.999,125.8891]]],[298,[8.018784,15.7943,0,[157.999,127.8113]]],[358,[7.751798,14.91469,0,[158.999,129.7381]]],[267,[7.392694,14.7099,0,[157.999,126.8389]]],[415,[5.732408,11.4341,0,[158.999,132.4626]]],[268,[7.958772,15.721,0,[157.999,126.726]]],[329,[8.472518,16.79876,0,[157.999,128.6668]]],[389,[8.144644,15.86119,0,[158.999,130.5347]]],[359,[8.353281,16.11273,0,[158.999,129.5014]]],[417,[7.339275,14.08123,0,[158.999,131.7621]]],[299,[8.676926,16.97161,0,[157.999,127.6368]]],[418,[7.897059,15.24083,0,[158.999,131.514]]],[330,[9.055571,17.9361,0,[157.999,128.468]]],[240,[7.48208,14.70338,0,[157.999,125.7566]]],[390,[8.800412,17.11986,0,[158.999,130.1814]]],[269,[8.60464,16.88128,0,[157.999,126.557]]],[360,[9.002713,17.3412,0,[158.999,129.1216]]],[419,[8.593942,16.44137,0,[158.999,131.2292]]],[300,[9.277791,18.09081,0,[157.999,127.4481]]],[331,[9.736208,19.08001,0,[157.999,128.0628]]],[391,[9.388841,18.237,0,[158.999,130.0125]]],[420,[9.220401,17.71034,0,[158.999,131.0734]]],[361,[10.08677,19.43948,0,[157.999,128.9704]]],[446,[6.924167,13.43164,0,[158.999,132.4505]]],[241,[8.186841,15.74285,0,[157.999,125.7259]]],[270,[9.356364,17.9619,0,[157.999,126.3716]]],[447,[7.762725,14.66811,0,[158.999,132.5834]]],[301,[10.29665,19.32805,0,[157.999,127.8128]]],[392,[10.0709,19.35273,0,[158.999,129.7348]]],[421,[9.837696,18.71331,0,[158.999,130.8793]]],[449,[9.033724,16.85045,0,[158.999,132.1163]]],[271,[9.953667,19.19374,0,[157.999,126.9268]]],[332,[10.66915,20.21071,0,[157.999,128.6365]]],[451,[9.664266,18.49512,0,[158.999,132.0646]]],[422,[10.422,19.63316,0,[158.999,130.6543]]],[242,[8.936399,16.96257,0,[157.999,125.6693]]],[393,[10.79313,20.27333,0,[158.999,129.8319]]],[362,[11.22231,20.58837,0,[157.999,128.7575]]],[272,[10.6453,20.19668,0,[157.999,126.9521]]],[450,[9.587128,17.55157,0,[158.999,133.2307]]],[302,[11.09285,20.36222,0,[157.999,127.6965]]],[453,[10.80322,20.59811,0,[158.999,131.4698]]],[423,[11.1693,20.76781,0,[158.999,130.6319]]],[363,[11.37427,20.39169,0,[158.999,129.5744]]],[333,[11.76737,21.31489,0,[157.999,128.4796]]],[244,[10.45063,19.28751,0,[157.999,125.9178]]],[245,[11.30058,20.59332,0,[157.999,126.6834]]],[452,[10.25258,19.38821,0,[158.999,131.8945]]],[416,[6.418234,12.75407,0,[158.999,133.132]]],[273,[11.73431,21.45931,0,[157.999,127.3707]]],[454,[11.72051,21.69817,0,[158.999,130.8192]]],[394,[12.01573,21.21923,0,[158.999,129.9083]]],[303,[12.3183,21.58829,0,[157.999,127.7751]]],[334,[12.3999,22.0899,0,[157.999,128.8523]]],[243,[9.84622,18.06114,0,[157.999,125.8298]]],[246,[12.45404,21.65239,0,[157.999,126.7256]]],[448,[8.366025,15.84162,0,[158.999,132.2476]]],[221,[11.86606,19.75854,0,[157.999,126.1644]]],[424,[12.29122,21.74485,0,[158.999,130.8903]]],[480,[11.35266,19.05548,0,[158.999,131.6937]]],[364,[12.55161,21.39045,0,[158.999,129.6512]]],[274,[12.90496,22.46309,0,[157.999,128.4124]]],[304,[13.43807,22.35506,0,[157.999,128.8658]]],[335,[13.21317,22.21866,0,[158.999,129.8265]]],[395,[12.83096,22.29691,0,[158.999,130.6412]]],[477,[8.224255,15.4976,0,[158.999,133.3924]]],[223,[12.95582,22.12024,0,[157.999,127.3079]]],[275,[13.58528,23.27301,0,[157.999,127.8148]]],[305,[14.06675,23.44907,0,[157.999,128.5042]]],[219,[11.10021,17.65897,0,[157.999,125.677]]],[365,[13.69775,22.59011,0,[158.999,130.521]]],[336,[13.83743,23.31034,0,[158.999,129.4653]]],[248,[14.26347,23.4614,0,[157.999,127.4711]]],[455,[12.63158,22.65654,0,[158.999,131.78]]],[481,[11.9522,19.84681,0,[158.999,131.8241]]],[222,[12.94785,21.4771,0,[157.999,126.0881]]],[306,[14.70317,24.57358,0,[157.999,128.6406]]],[224,[14.03363,22.41222,0,[157.999,126.4468]]],[425,[13.29639,22.77148,0,[158.999,131.2823]]],[483,[13.17827,21.72571,0,[158.999,132.3584]]],[396,[14.32924,23.60402,0,[158.999,130.4969]]],[217,[12.40104,15.60224,0,[157.999,125.6315]]],[479,[10.8962,17.81774,0,[158.999,132.5676]]],[276,[14.93154,24.29951,0,[157.999,127.6501]]],[366,[14.55564,23.8413,0,[158.999,129.4916]]],[247,[13.49846,22.39224,0,[157.999,126.7455]]],[426,[14.9179,24.20667,0,[158.999,130.6352]]],[484,[14.62292,22.90986,0,[158.999,131.5731]]],[482,[12.30833,20.77322,0,[158.999,132.6807]]],[225,[14.70221,23.48973,0,[157.999,126.6563]]],[397,[15.12406,24.88684,0,[158.999,129.624]]],[337,[15.33107,25.61184,0,[157.999,128.4319]]],[456,[13.97383,23.93283,0,[158.999,131.4838]]],[367,[15.94692,26.18503,0,[157.999,128.7516]]],[457,[15.54134,25.1344,0,[158.999,130.5995]]],[226,[15.37893,24.93934,0,[157.999,126.9818]]],[427,[15.79422,25.39219,0,[158.999,129.601]]],[478,[8.866639,16.49883,0,[158.999,133.1617]]],[249,[15.84398,24.87462,0,[157.999,127.6931]]],[504,[12.82502,18.35091,0,[158.999,133.2202]]],[220,[13.53009,19.34506,0,[157.999,125.6481]]],[485,[15.23717,24.06277,0,[158.999,131.548]]],[458,[16.28342,26.50399,0,[158.999,130.0957]]],[277,[16.46769,25.67461,0,[157.999,128.2074]]],[307,[16.87967,25.9169,0,[157.999,128.9897]]],[207,[16.43111,25.85068,0,[157.999,127.0863]]],[508,[14.54484,21.7501,0,[158.999,132.6588]]],[487,[16.70633,27.11206,0,[158.999,130.8173]]],[338,[16.90958,26.00839,0,[158.999,129.6252]]],[205,[15.19018,23.02187,0,[157.999,125.9224]]],[206,[15.92739,24.231,0,[157.999,126.6216]]],[250,[17.06904,26.08043,0,[157.999,127.8818]]],[506,[11.6011,19.77236,0,[158.999,132.679]]],[486,[16.09437,25.57895,0,[158.999,131.1474]]],[278,[17.53967,26.92407,0,[157.999,128.5413]]],[398,[17.43455,25.98693,0,[158.999,129.9524]]],[507,[13.99785,21.80254,0,[158.999,132.5796]]],[511,[17.24352,26.5838,0,[158.999,131.044]]],[191,[16.97348,24.89639,0,[157.999,126.7835]]],[308,[18.21227,27.29139,0,[157.999,128.9881]]],[510,[15.76013,24.59558,0,[158.999,132.0351]]],[227,[17.60593,27.0587,0,[157.999,127.1892]]],[279,[18.08173,28.33789,0,[157.999,127.9193]]],[203,[14.46289,22.20532,0,[157.999,125.668]]],[368,[18.12394,26.22347,0,[158.999,129.7293]]],[428,[17.85756,26.41516,0,[158.999,130.7449]]],[309,[18.78117,28.56735,0,[157.999,128.4877]]],[204,[16.66681,22.8056,0,[157.999,125.8556]]],[505,[13.57669,19.36856,0,[158.999,133.2567]]],[179,[18.65573,27.52339,0,[157.999,127.4073]]],[190,[17.48804,24.06688,0,[157.999,126.0284]]],[339,[18.69896,27.13526,0,[158.999,129.2572]]],[399,[18.58726,27.06789,0,[158.999,130.3286]]],[445,[7.326111,13.22326,0,[158.999,133.23]]],[251,[19.38287,27.92588,0,[157.999,128.2256]]],[531,[16.54131,25.83794,0,[158.999,131.9717]]],[476,[11.21823,14.22091,0,[158.999,133.4764]]],[178,[19.22896,26.27629,0,[157.999,127.1607]]],[369,[19.2078,27.42619,0,[158.999,130.0706]]],[429,[19.02809,27.74563,0,[158.999,131.1185]]],[169,[18.18738,25.41773,0,[157.999,126.8251]]],[310,[19.37377,28.6435,0,[158.999,129.0172]]],[218,[15.93899,17.89245,0,[157.999,125.5497]]],[547,[18.38757,26.22192,0,[158.999,131.336]]],[340,[19.8201,28.51478,0,[158.999,129.8083]]],[171,[19.86277,27.69371,0,[157.999,126.8102]]],[280,[20.42275,29.79905,0,[157.999,128.5958]]],[400,[19.6705,28.65885,0,[158.999,130.9499]]],[180,[19.89258,28.88375,0,[157.999,127.9095]]],[529,[16.19242,22.80788,0,[158.999,132.876]]],[158,[18.74561,25.40199,0,[157.999,126.1267]]],[311,[20.3751,29.60628,0,[158.999,129.2711]]],[370,[20.28663,28.5581,0,[158.999,130.4326]]],[572,[18.77053,26.34099,0,[158.999,132.1306]]],[252,[20.9597,31.01115,0,[157.999,128.0826]]],[509,[15.18779,23.05951,0,[158.999,132.6514]]],[172,[20.38442,28.72091,0,[157.999,127.4453]]],[145,[19.33567,24.84662,0,[157.999,126.0686]]],[563,[19.33999,27.10338,0,[158.999,132.0652]]],[281,[21.45195,30.88543,0,[157.999,128.7069]]],[371,[20.86653,29.5555,0,[158.999,129.947]]],[181,[21.35888,29.48039,0,[157.999,127.2811]]],[475,[14.82451,14.6217,0,[158.999,133.5999]]],[341,[22.03812,30.74983,0,[157.999,128.7797]]],[564,[20.14443,28.39222,0,[158.999,131.5176]]],[556,[20.77299,28.05316,0,[158.999,131.1122]]],[253,[21.88597,31.91722,0,[157.999,127.6909]]],[160,[20.84649,26.85156,0,[157.999,126.858]]],[401,[21.45894,29.64235,0,[158.999,129.881]]],[189,[18.1003,23.99536,0,[157.999,125.7435]]],[170,[20.3409,25.95899,0,[157.999,126.2117]]],[312,[22.55983,31.81599,0,[157.999,128.2754]]],[555,[17.68997,26.4148,0,[158.999,131.8328]]],[372,[22.1026,30.75688,0,[158.999,129.5002]]],[431,[21.46949,29.69283,0,[158.999,130.9924]]],[432,[22.10641,30.84943,0,[158.999,130.6272]]],[174,[22.53467,30.73115,0,[157.999,127.1628]]],[282,[23.2285,31.86286,0,[157.999,127.9848]]],[402,[22.70198,30.77444,0,[158.999,130.1692]]],[201,[19.85011,20.15148,0,[157.999,125.6773]]],[161,[21.89959,28.10431,0,[157.999,126.5386]]],[342,[22.62319,30.75278,0,[158.999,129.071]]],[430,[21.15183,28.62082,0,[158.999,132.1247]]],[461,[22.34161,29.91,0,[158.999,131.6392]]],[573,[19.87021,27.64135,0,[158.999,132.4749]]],[147,[23.09388,26.72208,0,[157.999,126.924]]],[373,[23.22662,31.72418,0,[158.999,129.8834]]],[313,[23.67417,32.76681,0,[157.999,128.774]]],[460,[21.75264,28.92707,0,[158.999,131.9775]]],[571,[17.55051,25.40627,0,[158.999,133.1685]]],[528,[18.97778,21.72852,0,[158.999,133.1473]]],[343,[23.7279,31.75949,0,[158.999,129.0794]]],[462,[22.9869,30.89929,0,[158.999,131.0928]]],[162,[23.76377,29.23279,0,[157.999,127.658]]],[159,[21.42141,25.64671,0,[157.999,125.9779]]],[584,[19.573,26.81154,0,[158.999,133.4174]]],[188,[22.42484,24.65022,0,[157.999,126.0119]]],[404,[24.23888,33.01144,0,[158.999,129.6904]]],[459,[20.58232,27.42008,0,[158.999,132.2991]]],[182,[24.29441,31.37634,0,[157.999,127.9739]]],[530,[17.10011,24.3921,0,[158.999,132.1855]]],[403,[23.75116,31.85677,0,[158.999,130.2381]]],[283,[24.77672,33.01003,0,[157.999,128.5163]]],[148,[24.08202,27.78418,0,[157.999,126.7711]]],[583,[22.98955,26.65949,0,[158.999,132.1816]]],[344,[24.8093,33.10973,0,[158.999,129.0614]]],[433,[23.54131,31.94374,0,[158.999,131.2518]]],[173,[24.67883,30.04774,0,[157.999,127.1793]]],[546,[16.85477,23.87127,0,[158.999,133.275]]],[434,[24.79853,33.21684,0,[158.999,130.1676]]],[254,[25.27719,33.08601,0,[157.999,127.9569]]],[202,[20.85168,22.55103,0,[157.999,125.7497]]],[374,[25.35434,33.09319,0,[158.999,129.2005]]],[146,[23.5324,25.73555,0,[157.999,126.2326]]],[464,[24.27176,33.22123,0,[158.999,130.9178]]],[489,[24.06268,31.26584,0,[158.999,131.9467]]],[175,[25.79996,31.81127,0,[157.999,126.9411]]],[284,[25.83111,34.27756,0,[157.999,128.0612]]],[490,[25.34209,32.87061,0,[158.999,130.3166]]],[435,[25.86872,34.20783,0,[158.999,129.9468]]],[488,[22.39931,30.17261,0,[158.999,132.8286]]],[228,[26.37018,32.34351,0,[157.999,127.5644]]],[558,[25.62762,30.26455,0,[158.999,131.2562]]],[463,[24.85399,32.35841,0,[158.999,131.2737]]],[314,[26.36011,34.23087,0,[157.999,128.7413]]],[491,[26.39898,33.47845,0,[158.999,130.2378]]],[405,[26.43839,34.13786,0,[158.999,129.1318]]],[149,[25.23387,28.78095,0,[157.999,126.8612]]],[199,[22.97367,19.24356,0,[157.999,125.8337]]],[229,[26.91038,33.41711,0,[157.999,128.0222]]],[565,[24.67191,29.52261,0,[158.999,132.5874]]],[566,[26.19044,30.28887,0,[158.999,131.2611]]],[345,[27.47924,35.19835,0,[157.999,128.507]]],[465,[27.00958,34.37583,0,[158.999,129.759]]],[574,[23.54396,28.92728,0,[158.999,132.3631]]],[436,[27.52984,35.31629,0,[158.999,129.0644]]],[559,[26.86618,31.28746,0,[158.999,130.853]]],[585,[25.21834,28.73119,0,[158.999,132.0916]]],[164,[26.91019,31.19541,0,[157.999,126.9071]]],[524,[15.64813,17.57986,0,[158.999,133.297]]],[492,[27.75511,34.67833,0,[158.999,130.0607]]],[183,[27.4725,31.8854,0,[157.999,127.3253]]],[163,[26.36693,30.07059,0,[157.999,126.4194]]],[255,[28.0791,34.62169,0,[157.999,127.9643]]],[576,[27.24218,30.22691,0,[158.999,132.2081]]],[512,[27.38567,31.91121,0,[158.999,131.1145]]],[375,[28.57913,35.07111,0,[157.999,128.826]]],[151,[28.07243,30.59028,0,[157.999,126.8636]]],[562,[18.17037,25.91362,0,[158.999,132.3556]]],[133,[26.91374,27.28435,0,[157.999,125.7906]]],[165,[28.62037,32.23342,0,[157.999,127.7259]]],[466,[28.3061,35.27615,0,[158.999,129.8253]]],[208,[29.14713,34.00809,0,[157.999,128.5196]]],[611,[27.89882,28.56399,0,[158.999,132.2064]]],[513,[27.93304,32.64156,0,[158.999,131.0962]]],[597,[23.50778,27.64989,0,[158.999,133.4685]]],[150,[27.49768,29.3193,0,[157.999,126.1219]]],[285,[28.93142,34.56982,0,[158.999,129.4591]]],[136,[28.69718,29.89469,0,[157.999,126.6396]]],[493,[28.73507,35.52948,0,[158.999,130.488]]],[137,[29.1966,31.21873,0,[157.999,127.4205]]],[527,[22.90047,21.46458,0,[158.999,133.2669]]],[134,[24.6857,28.09072,0,[157.999,126.0612]]],[560,[29.08502,31.85247,0,[158.999,131.326]]],[256,[29.70608,35.75941,0,[157.999,128.4512]]],[315,[29.6524,34.68194,0,[158.999,129.2136]]],[598,[20.31102,28.32579,0,[158.999,133.3358]]],[406,[29.35972,35.18411,0,[158.999,130.1753]]],[121,[29.75051,30.69841,0,[157.999,127.2302]]],[119,[28.17213,28.61301,0,[157.999,125.7794]]],[152,[30.21022,31.72935,0,[157.999,127.9934]]],[568,[28.45095,31.84953,0,[158.999,131.4249]]],[514,[29.66971,33.78089,0,[158.999,131.116]]],[176,[30.71785,33.53377,0,[157.999,128.4652]]],[316,[30.4344,35.72134,0,[158.999,129.4718]]],[120,[29.32056,29.38127,0,[157.999,126.339]]],[494,[30.02132,36.95188,0,[158.999,130.1836]]],[523,[18.35507,17.33186,0,[158.999,133.3799]]],[230,[30.97577,34.19881,0,[158.999,129.222]]],[567,[26.68988,30.85972,0,[158.999,132.0359]]],[138,[30.83033,31.80037,0,[157.999,127.3752]]],[586,[25.91127,29.24306,0,[158.999,132.2156]]],[376,[30.85812,35.54707,0,[158.999,130.3275]]],[577,[29.25825,31.43558,0,[158.999,132.359]]],[106,[30.29237,30.99434,0,[157.999,126.8867]]],[166,[31.33446,33.53659,0,[157.999,128.1474]]],[346,[31.95242,36.652,0,[157.999,128.5078]]],[122,[31.37562,31.55692,0,[157.999,126.9959]]],[135,[25.90667,28.71574,0,[157.999,125.8075]]],[407,[31.50079,36.69807,0,[158.999,129.6162]]],[515,[30.3933,35.05139,0,[158.999,131.0026]]],[595,[27.60484,25.65943,0,[158.999,133.1492]]],[153,[31.89101,32.66949,0,[157.999,127.4063]]],[557,[21.05932,28.1454,0,[158.999,133.3005]]],[131,[29.84456,25.89386,0,[157.999,125.9609]]],[117,[30.92924,27.31107,0,[157.999,126.2734]]],[377,[32.24014,36.8577,0,[158.999,129.4381]]],[467,[31.93338,36.70808,0,[158.999,130.3773]]],[437,[31.39078,36.5621,0,[158.999,130.7961]]],[575,[24.18382,29.31422,0,[158.999,133.105]]],[184,[32.52137,33.77115,0,[157.999,128.3965]]],[200,[28.90269,22.21658,0,[157.999,125.6176]]],[286,[33.23389,37.01504,0,[157.999,128.6202]]],[438,[32.82965,37.88847,0,[158.999,129.7117]]],[535,[32.49526,36.61829,0,[158.999,130.8175]]],[139,[32.45142,32.82892,0,[157.999,127.1931]]],[612,[26.81059,28.22629,0,[158.999,133.2462]]],[154,[33.0448,33.55755,0,[157.999,127.5863]]],[516,[33.10693,36.30404,0,[158.999,130.6606]]],[569,[30.9226,32.99082,0,[158.999,131.5512]]],[209,[33.74607,35.163,0,[157.999,127.9432]]],[317,[33.31739,37.16257,0,[158.999,129.0449]]],[582,[26.12193,25.27058,0,[158.999,133.2178]]],[107,[31.94197,31.83316,0,[157.999,126.2628]]],[600,[28.65707,30.1626,0,[158.999,132.4315]]],[185,[30.43135,23.06841,0,[157.999,125.7994]]],[533,[31.89745,34.32858,0,[158.999,131.5611]]],[408,[33.71197,37.73716,0,[158.999,129.793]]],[140,[33.54617,33.77591,0,[157.999,126.9164]]],[231,[34.30299,36.04579,0,[157.999,128.3604]]],[347,[34.23515,37.32452,0,[158.999,129.1036]]],[548,[34.20848,35.33814,0,[158.999,130.2428]]],[604,[33.08686,32.9929,0,[158.999,131.7749]]],[104,[33.94019,29.21779,0,[157.999,126.1236]]],[468,[34.71928,38.19777,0,[158.999,129.8315]]],[589,[31.40317,31.61303,0,[158.999,132.0914]]],[124,[34.24329,33.7067,0,[157.999,127.1823]]],[123,[33.0065,32.43636,0,[157.999,126.474]]],[167,[34.86347,34.80481,0,[157.999,128.0016]]],[579,[33.64891,33.53971,0,[158.999,130.902]]],[561,[32.48927,33.02236,0,[158.999,132.0285]]],[116,[31.43657,26.27027,0,[157.999,125.7933]]],[439,[35.20301,39.15097,0,[158.999,130.4768]]],[578,[30.42884,32.34363,0,[158.999,132.1121]]],[105,[34.87151,30.69917,0,[157.999,126.8956]]],[177,[35.32393,35.38132,0,[157.999,128.7514]]],[155,[35.87335,35.22137,0,[157.999,128.2746]]],[141,[35.4049,35.01416,0,[157.999,127.6596]]],[517,[34.69474,37.65767,0,[158.999,130.9452]]],[580,[34.17101,34.3581,0,[158.999,131.3404]]],[288,[35.30446,37.84335,0,[158.999,129.3823]]],[118,[32.48544,27.77794,0,[157.999,125.9215]]],[287,[36.42184,38.24896,0,[157.999,128.6169]]],[610,[28.2857,27.09574,0,[158.999,133.3024]]],[125,[36.17253,34.81488,0,[157.999,127.3464]]],[130,[33.40517,25.90059,0,[157.999,125.7061]]],[590,[33.65889,32.70639,0,[158.999,132.0223]]],[550,[35.72523,37.25282,0,[158.999,130.8999]]],[109,[35.61078,33.7936,0,[157.999,126.6582]]],[348,[35.83149,37.99091,0,[158.999,129.7448]]],[532,[29.85903,32.90034,0,[158.999,132.1579]]],[318,[36.46764,38.0077,0,[158.999,129.2797]]],[534,[35.19977,36.06996,0,[158.999,131.6226]]],[210,[36.90655,36.19142,0,[157.999,128.0997]]],[495,[36.31028,39.1368,0,[158.999,130.5124]]],[110,[36.77611,34.94724,0,[157.999,127.0291]]],[378,[37.04267,38.25475,0,[158.999,129.1016]]],[570,[36.86806,34.8249,0,[158.999,130.1832]]],[257,[37.46825,37.91435,0,[157.999,128.009]]],[187,[24.14342,23.79074,0,[157.999,125.6785]]],[596,[25.36254,27.09048,0,[158.999,133.1579]]],[605,[34.68926,33.87013,0,[158.999,132.0558]]],[156,[37.46659,36.03109,0,[157.999,126.9076]]],[606,[36.88263,35.24564,0,[158.999,131.2865]]],[319,[38.11227,40.39835,0,[157.999,128.8746]]],[519,[37.44593,40.58881,0,[158.999,129.9435]]],[349,[38.06086,39.52896,0,[158.999,129.6895]]],[588,[31.94716,30.99682,0,[158.999,132.8174]]],[103,[35.12804,28.68804,0,[157.999,125.905]]],[192,[38.02348,35.90255,0,[157.999,127.7729]]],[591,[36.31715,34.15571,0,[158.999,131.7036]]],[91,[36.27935,31.9898,0,[157.999,126.2536]]],[549,[38.17723,36.90783,0,[158.999,130.7812]]],[211,[38.62754,37.88973,0,[157.999,128.5049]]],[469,[38.65918,39.4983,0,[158.999,130.1998]]],[320,[38.64355,40.99036,0,[158.999,129.0884]]],[94,[38.68147,35.10653,0,[157.999,127.401]]],[602,[30.79795,30.85855,0,[158.999,132.9379]]],[587,[29.60701,29.59185,0,[158.999,133.2208]]],[620,[35.77493,34.96418,0,[158.999,132.0529]]],[592,[37.63225,35.52404,0,[158.999,130.9695]]],[142,[38.23543,35.8162,0,[157.999,126.7504]]],[143,[39.16654,37.30821,0,[157.999,127.9696]]],[258,[39.66562,39.30168,0,[157.999,128.5143]]],[379,[39.17248,39.49121,0,[158.999,129.6738]]],[632,[35.33826,33.07035,0,[158.999,132.748]]],[599,[33.13928,28.73194,0,[158.999,132.8927]]],[502,[11.97946,15.86573,0,[158.999,133.5611]]],[581,[38.66517,36.41969,0,[158.999,131.3795]]],[259,[40.20255,40.12751,0,[157.999,128.97]]],[496,[39.15607,40.64081,0,[158.999,130.8718]]],[168,[40.17656,36.3899,0,[157.999,127.8703]]],[90,[39.12917,31.44144,0,[157.999,126.7815]]],[101,[35.81575,27.15145,0,[157.999,125.6386]]],[607,[38.04261,36.41404,0,[158.999,131.913]]],[350,[40.21667,40.44025,0,[158.999,129.5302]]],[409,[39.69603,39.72475,0,[158.999,130.0692]]],[232,[40.72209,38.38354,0,[157.999,128.3812]]],[551,[40.23981,39.16157,0,[158.999,130.7385]]],[603,[32.58132,31.65726,0,[158.999,133.2594]]],[126,[39.64672,36.14727,0,[157.999,127.3049]]],[108,[37.38604,33.15311,0,[157.999,125.8208]]],[234,[41.32813,41.03476,0,[157.999,128.9416]]],[594,[39.70601,38.64708,0,[158.999,131.165]]],[193,[41.31772,37.94378,0,[157.999,127.8495]]],[380,[40.7522,40.30848,0,[158.999,130.026]]],[157,[40.70523,38.23671,0,[157.999,127.2472]]],[518,[40.79097,40.05727,0,[158.999,131.1225]]],[619,[34.1651,33.55401,0,[158.999,132.4424]]],[128,[41.86332,39.16022,0,[157.999,126.872]]],[233,[41.86511,40.86341,0,[157.999,127.9882]]],[381,[41.36892,41.45937,0,[158.999,129.1029]]],[634,[37.38448,35.15189,0,[158.999,131.9506]]],[93,[39.63539,33.97446,0,[157.999,126.1247]]],[127,[40.18011,36.90704,0,[157.999,126.7696]]],[102,[34.49376,28.00151,0,[157.999,125.9627]]],[410,[41.32618,40.52345,0,[158.999,130.2126]]],[382,[41.87035,43.24493,0,[158.999,129.8817]]],[289,[42.41175,41.65712,0,[157.999,128.7429]]],[194,[42.44157,40.51683,0,[157.999,127.6257]]],[593,[40.26445,36.72328,0,[158.999,131.9325]]],[544,[30.21995,23.81895,0,[158.999,133.3152]]],[497,[42.14985,41.95291,0,[158.999,130.8332]]],[112,[41.30531,37.14889,0,[157.999,126.7601]]],[537,[41.52638,40.23908,0,[158.999,131.2385]]],[351,[42.39949,42.2843,0,[158.999,129.5262]]],[132,[25.29391,26.02405,0,[157.999,125.7659]]],[260,[42.94498,41.93036,0,[157.999,128.2878]]],[96,[42.99274,38.02456,0,[157.999,127.1122]]],[618,[33.68117,32.58231,0,[158.999,133.2893]]],[498,[42.6949,44.1835,0,[158.999,131.0596]]],[635,[38.54839,36.04595,0,[158.999,132.4625]]],[290,[43.45392,43.9197,0,[157.999,128.7525]]],[89,[38.04914,30.38165,0,[157.999,125.7306]]],[440,[42.89512,40.89616,0,[158.999,130.0141]]],[636,[39.12613,37.62784,0,[158.999,132.1359]]],[212,[43.53144,41.1654,0,[157.999,127.5238]]],[536,[43.32839,38.7727,0,[158.999,130.7965]]],[621,[40.95278,37.65405,0,[158.999,132.1645]]],[411,[43.43568,42.53248,0,[158.999,129.5043]]],[79,[42.45475,35.90277,0,[157.999,126.5133]]],[235,[44.04755,43.59116,0,[157.999,128.3389]]],[470,[43.93872,41.49607,0,[158.999,129.9894]]],[503,[10.28551,16.94587,0,[158.999,133.0651]]],[651,[39.68089,37.54234,0,[158.999,132.2532]]],[95,[44.10204,36.3301,0,[157.999,127.1344]]],[650,[42.06458,36.77371,0,[158.999,131.9352]]],[113,[44.6321,39.6428,0,[157.999,128.9063]]],[87,[36.82811,29.1891,0,[157.999,125.9179]]],[92,[42.03309,33.51289,0,[157.999,125.7888]]],[383,[44.53015,44.33503,0,[158.999,129.6566]]],[63,[44.65789,35.36651,0,[157.999,127.8181]]],[616,[34.82234,30.84381,0,[158.999,133.1231]]],[648,[37.68977,34.11556,0,[158.999,132.8774]]],[414,[44.50345,46.08758,0,[158.999,130.7425]]],[97,[45.2403,39.62297,0,[157.999,127.7249]]],[78,[43.44744,34.42001,0,[157.999,126.2651]]],[196,[45.36108,44.10319,0,[157.999,128.7743]]],[321,[45.09728,44.25183,0,[158.999,129.7604]]],[62,[44.80322,34.15724,0,[157.999,126.7658]]],[413,[45.06262,46.10268,0,[158.999,130.8655]]],[473,[43.9418,45.80161,0,[158.999,131.1039]]],[81,[45.36079,37.9665,0,[157.999,126.669]]],[545,[21.7443,24.17348,0,[158.999,133.1404]]],[213,[46.1597,43.05528,0,[157.999,128.8684]]],[352,[46.13798,43.5867,0,[158.999,129.4574]]],[144,[45.84713,42.03664,0,[157.999,127.9589]]],[471,[44.66343,43.70671,0,[158.999,131.7826]]],[111,[40.73877,36.26688,0,[157.999,126.0895]]],[82,[45.90656,40.03474,0,[157.999,126.8497]]],[74,[41.37269,31.09158,0,[157.999,125.6758]]],[353,[45.63104,45.76978,0,[158.999,130.0343]]],[622,[43.19097,39.88891,0,[158.999,131.9203]]],[631,[36.88755,32.17488,0,[158.999,132.4447]]],[236,[46.77646,47.06203,0,[157.999,128.3213]]],[261,[47.23227,44.87756,0,[157.999,128.9116]]],[215,[46.40873,47.02074,0,[157.999,127.4951]]],[668,[43.75812,42.09325,0,[158.999,132.143]]],[322,[46.81037,45.23261,0,[158.999,130.0107]]],[647,[40.39753,34.02468,0,[158.999,133.0465]]],[214,[47.67266,44.74639,0,[157.999,128.1005]]],[633,[36.37227,33.98317,0,[158.999,132.965]]],[67,[47.02045,41.27922,0,[157.999,127.3238]]],[77,[44.06177,33.7224,0,[157.999,126.0217]]],[474,[45.76016,48.99801,0,[158.999,131.1073]]],[412,[46.29365,46.29719,0,[158.999,130.5303]]],[293,[47.28061,46.80842,0,[158.999,129.2123]]],[64,[46.5792,36.80716,0,[157.999,126.431]]],[80,[48.19098,37.47105,0,[157.999,127.6335]]],[662,[41.49867,34.92179,0,[158.999,132.3476]]],[609,[45.23895,42.04734,0,[158.999,131.9259]]],[630,[39.82619,31.75004,0,[158.999,133.301]]],[262,[48.28742,48.27731,0,[157.999,128.7233]]],[49,[47.57611,37.6824,0,[157.999,127.0062]]],[472,[47.4042,45.64186,0,[158.999,130.3013]]],[444,[47.93732,51.18882,0,[158.999,129.7794]]],[73,[45.48673,30.47134,0,[157.999,125.6176]]],[76,[42.91572,32.52821,0,[157.999,125.8512]]],[666,[46.27536,39.5482,0,[158.999,131.6467]]],[237,[48.77447,49.21672,0,[157.999,127.936]]],[638,[46.95389,42.27264,0,[158.999,131.0865]]],[291,[48.95791,47.28571,0,[157.999,128.9853]]],[539,[48.47829,47.23612,0,[158.999,130.0547]]],[522,[48.98104,50.74804,0,[158.999,129.4949]]],[652,[42.18343,38.29191,0,[158.999,133.0795]]],[216,[49.43026,51.16917,0,[157.999,128.2491]]],[75,[47.11757,32.42276,0,[157.999,126.0514]]],[615,[38.20064,30.6039,0,[158.999,133.3002]]],[65,[48.62861,38.17513,0,[157.999,126.8186]]],[664,[47.46548,37.8128,0,[158.999,131.5232]]],[441,[49.51594,45.81008,0,[158.999,129.0766]]],[667,[47.94568,42.62053,0,[158.999,130.8967]]],[552,[49.57151,46.75365,0,[158.999,130.3057]]],[197,[50.16136,47.65642,0,[157.999,127.9606]]],[661,[46.77232,35.07119,0,[158.999,132.1387]]],[98,[49.73115,41.57505,0,[157.999,127.1855]]],[238,[50.66656,51.56941,0,[157.999,128.576]]],[653,[49.0269,42.6568,0,[158.999,130.7003]]],[644,[44.27752,33.03203,0,[158.999,132.5304]]],[681,[48.50499,40.23708,0,[158.999,131.1561]]],[86,[44.67801,28.36868,0,[157.999,125.708]]],[520,[50.07685,47.58489,0,[158.999,129.7179]]],[46,[50.31209,35.00689,0,[157.999,126.784]]],[114,[50.77603,44.63224,0,[157.999,127.423]]],[292,[50.67216,46.59122,0,[158.999,129.5076]]],[678,[47.94843,36.86247,0,[158.999,132.0896]]],[695,[49.62783,40.34562,0,[158.999,131.5771]]],[129,[51.25184,47.86563,0,[157.999,128.305]]],[613,[40.95043,30.68612,0,[158.999,133.2741]]],[60,[48.08179,33.02845,0,[157.999,126.5434]]],[51,[51.46891,40.07034,0,[157.999,127.1345]]],[195,[49.16977,44.10808,0,[157.999,127.1069]]],[645,[46.2803,33.17988,0,[158.999,132.9868]]],[654,[50.12915,46.07349,0,[158.999,130.8721]]],[443,[51.30524,50.79349,0,[158.999,129.0234]]],[58,[49.71209,31.89324,0,[157.999,126.0176]]],[637,[42.61094,39.10247,0,[158.999,132.207]]],[294,[51.85391,49.92597,0,[157.999,127.9486]]],[679,[49.08426,38.35641,0,[158.999,131.8963]]],[500,[51.38041,49.95792,0,[158.999,130.1016]]],[83,[52.03621,43.42545,0,[157.999,126.9044]]],[614,[28.97239,29.50889,0,[158.999,133.3436]]],[624,[50.71975,48.38484,0,[158.999,130.6552]]],[324,[52.35936,50.83328,0,[157.999,128.8183]]],[115,[47.67397,27.06907,0,[157.999,125.7813]]],[48,[46.12144,35.62256,0,[157.999,125.8157]]],[99,[52.54068,48.61778,0,[157.999,127.7765]]],[682,[50.28071,43.32933,0,[158.999,131.9738]]],[538,[51.98004,48.31419,0,[158.999,129.8903]]],[699,[51.88404,51.31182,0,[158.999,130.9862]]],[198,[53.02678,52.9087,0,[157.999,128.9586]]],[61,[49.09544,34.07159,0,[157.999,125.956]]],[627,[43.72974,30.16233,0,[158.999,133.2598]]],[53,[53.09861,44.46242,0,[157.999,127.8565]]],[697,[53.04939,46.01815,0,[158.999,130.8966]]],[663,[45.77835,36.08754,0,[158.999,132.2276]]],[623,[52.54453,48.13876,0,[158.999,130.0871]]],[52,[53.23412,43.26808,0,[157.999,126.7787]]],[88,[40.20687,29.45105,0,[157.999,125.6694]]],[264,[53.6242,52.11808,0,[157.999,128.519]]],[692,[49.18645,36.89901,0,[158.999,133.083]]],[54,[53.69691,47.93313,0,[157.999,127.4029]]],[72,[48.45865,30.12687,0,[157.999,125.725]]],[354,[53.06387,49.50796,0,[158.999,129.6964]]],[540,[53.59124,51.69351,0,[158.999,129.3301]]],[601,[31.37294,30.51881,0,[158.999,133.2034]]],[649,[39.02856,34.8955,0,[158.999,133.3383]]],[68,[54.22071,46.22172,0,[157.999,128.1875]]],[696,[51.339,43.11206,0,[158.999,131.1894]]],[44,[53.65392,33.3494,0,[157.999,126.0335]]],[554,[54.10349,55.14155,0,[158.999,129.823]]],[683,[53.59214,48.43366,0,[158.999,130.6082]]],[69,[54.69962,50.24873,0,[157.999,127.4874]]],[499,[54.75566,53.18272,0,[157.999,128.7578]]],[694,[53.34222,40.68766,0,[158.999,131.8932]]],[684,[50.84589,47.57835,0,[158.999,131.8683]]],[66,[52.59958,39.79819,0,[157.999,126.6713]]],[721,[54.80438,44.17041,0,[158.999,131.0146]]],[639,[54.67429,51.892,0,[158.999,129.9057]]],[39,[55.21993,49.49234,0,[157.999,128.0617]]],[711,[54.18674,46.88259,0,[158.999,130.9412]]],[37,[54.19858,43.9548,0,[157.999,126.9253]]],[521,[55.5324,53.98757,0,[157.999,128.9852]]],[677,[48.53365,35.96504,0,[158.999,132.2478]]],[709,[55.36039,44.77283,0,[158.999,130.845]]],[669,[55.42807,55.66671,0,[158.999,129.7606]]],[34,[55.2114,39.00841,0,[157.999,126.9442]]],[706,[53.90645,39.39639,0,[158.999,131.9322]]],[186,[39.12045,25.47332,0,[157.999,125.6872]]],[35,[55.79794,41.76509,0,[157.999,127.8308]]],[263,[56.27142,53.98584,0,[157.999,128.9348]]],[698,[55.99033,53.99505,0,[158.999,130.0826]]],[676,[51.4903,35.60895,0,[158.999,132.2569]]],[57,[52.96038,31.81108,0,[157.999,125.781]]],[553,[56.32547,54.071,0,[158.999,129.1995]]],[708,[52.47902,41.22579,0,[158.999,131.1928]]],[690,[54.55747,37.58151,0,[158.999,132.0875]]],[42,[56.32652,32.58062,0,[157.999,126.824]]],[36,[56.43241,45.06292,0,[157.999,127.8958]]],[722,[55.90002,47.45568,0,[158.999,131.1734]]],[442,[56.97312,51.51876,0,[157.999,128.1329]]],[712,[56.71742,54.94928,0,[158.999,129.9896]]],[626,[34.30264,29.17228,0,[158.999,133.501]]],[719,[55.26698,41.55426,0,[158.999,131.9522]]],[45,[54.73388,35.08033,0,[157.999,126.2092]]],[720,[56.4512,45.76941,0,[158.999,130.9536]]],[32,[56.94399,37.17899,0,[157.999,127.0145]]],[384,[57.44017,51.17107,0,[157.999,128.9489]]],[59,[51.03658,32.70032,0,[157.999,126.3669]]],[723,[57.27595,53.22394,0,[158.999,129.8468]]],[658,[53.28461,32.53907,0,[158.999,133.0997]]],[738,[57.7748,51.43317,0,[158.999,130.4538]]],[50,[57.49937,40.92744,0,[157.999,127.8407]]],[707,[52.76643,39.2866,0,[158.999,132.1436]]],[30,[55.76851,35.29131,0,[157.999,126.5802]]],[84,[57.99088,51.49412,0,[157.999,128.3545]]],[660,[47.27481,34.35895,0,[158.999,132.5703]]],[710,[57.78577,49.9519,0,[158.999,129.2895]]],[729,[57.04954,43.94141,0,[158.999,130.969]]],[730,[58.26335,46.30418,0,[158.999,131.0698]]],[56,[55.34917,31.57915,0,[157.999,125.7959]]],[22,[58.09973,42.17981,0,[157.999,127.2178]]],[23,[58.59338,43.85149,0,[157.999,128.1969]]],[323,[59.0404,50.55675,0,[157.999,128.9722]]],[739,[58.30793,54.2351,0,[158.999,129.9621]]],[33,[57.54379,38.94204,0,[157.999,126.7545]]],[705,[56.41024,39.37885,0,[158.999,132.0576]]],[642,[46.87223,31.4038,0,[158.999,133.3877]]],[20,[59.19764,40.3695,0,[157.999,127.9096]]],[717,[57.59951,40.8399,0,[158.999,131.5273]]],[11,[58.74514,43.01979,0,[157.999,127.0685]]],[24,[59.67595,48.44146,0,[157.999,128.944]]],[19,[59.42798,37.1143,0,[157.999,126.9029]]],[732,[58.98996,57.07793,0,[158.999,129.9789]]],[659,[50.50687,33.65955,0,[158.999,133.0855]]],[21,[60.2175,43.98794,0,[157.999,128.6525]]],[680,[49.80404,39.52042,0,[158.999,132.8551]]],[737,[58.81182,49.10056,0,[158.999,131.0192]]],[731,[60.10829,55.46217,0,[158.999,129.4055]]],[693,[51.1338,38.22297,0,[158.999,133.106]]],[736,[59.56926,52.29432,0,[158.999,130.0147]]],[71,[54.21978,30.17523,0,[157.999,125.7905]]],[12,[59.79193,43.26167,0,[157.999,127.8606]]],[643,[48.42038,32.49794,0,[158.999,133.3001]]],[29,[60.52102,36.4022,0,[157.999,127.7415]]],[38,[60.98309,51.04307,0,[157.999,128.3716]]],[701,[57.88551,36.9816,0,[158.999,132.48]]],[727,[59.37515,46.56838,0,[158.999,131.088]]],[608,[44.93667,40.57691,0,[158.999,132.8669]]],[734,[60.66766,50.15644,0,[158.999,129.4369]]],[40,[59.47601,31.29422,0,[157.999,125.8049]]],[28,[60.07439,35.33338,0,[157.999,126.9147]]],[100,[50.56103,27.90814,0,[157.999,125.7892]]],[725,[59.9407,43.49219,0,[158.999,131.4576]]],[728,[60.21108,45.14468,0,[158.999,130.4838]]],[9,[61.6087,40.0251,0,[157.999,128.0172]]],[628,[44.49064,30.68701,0,[158.999,133.5541]]],[25,[61.20909,49.42828,0,[158.999,129.1379]]],[670,[60.64025,38.81004,0,[158.999,131.274]]],[43,[58.22257,33.69915,0,[157.999,126.1067]]],[704,[55.85261,38.56089,0,[158.999,132.2693]]],[718,[59.01963,41.98829,0,[158.999,132.1428]]],[733,[61.65742,48.55377,0,[158.999,129.7807]]],[7,[60.64853,37.10453,0,[157.999,126.6708]]],[18,[61.15208,37.45348,0,[157.999,127.2273]]],[10,[62.22587,44.98715,0,[157.999,128.2954]]],[85,[51.5826,28.66299,0,[157.999,125.9155]]],[641,[60.48521,33.67692,0,[158.999,132.3401]]],[617,[35.84917,31.62341,0,[158.999,133.3742]]],[715,[60.9806,42.95659,0,[158.999,130.3655]]],[673,[54.58755,34.23546,0,[158.999,133.2088]]],[27,[60.06719,34.5817,0,[157.999,125.811]]],[8,[62.56712,39.975,0,[157.999,127.3034]]],[1,[61.88295,40.13974,0,[157.999,127.0359]]],[726,[62.17453,49.0405,0,[158.999,129.2332]]],[713,[62.13293,44.79427,0,[158.999,130.5671]]],[655,[61.47893,39.91768,0,[158.999,130.9719]]],[26,[63.16873,48.25809,0,[158.999,129.1041]]],[14,[63.06108,47.57008,0,[157.999,128.3551]]],[691,[52.07043,37.14666,0,[158.999,132.0991]]],[13,[63.11684,44.7524,0,[157.999,127.0249]]],[665,[43.01548,37.17996,0,[158.999,133.0696]]],[685,[62.6402,40.82676,0,[158.999,131.3516]]],[716,[59.62655,41.31052,0,[158.999,132.3903]]],[4,[63.64772,43.8425,0,[157.999,127.7449]]],[31,[56.98429,36.39236,0,[157.999,125.9065]]],[41,[58.87706,32.6017,0,[157.999,125.9828]]],[735,[62.76358,51.48585,0,[158.999,129.9945]]],[3,[63.6475,41.61218,0,[157.999,126.2917]]],[640,[56.05724,31.21094,0,[158.999,133.3218]]],[689,[55.28137,35.27195,0,[158.999,133.0893]]],[700,[61.94196,42.75609,0,[158.999,131.8135]]],[15,[64.31065,47.93277,0,[157.999,127.2626]]],[543,[51.86804,23.3818,0,[158.999,133.222]]],[6,[64.31907,48.12719,0,[157.999,128.717]]],[47,[52.1656,36.19048,0,[157.999,125.8144]]],[688,[57.03702,37.54668,0,[158.999,132.1006]]],[2,[61.38542,41.20196,0,[157.999,126.1773]]],[703,[58.43773,39.10416,0,[158.999,132.1203]]],[656,[47.73896,31.16685,0,[158.999,133.1585]]],[724,[63.34121,45.51116,0,[158.999,130.6521]]],[0,[62.76823,38.56609,0,[157.999,126.0359]]],[629,[41.57626,30.89137,0,[158.999,133.4468]]],[686,[58.51625,33.95749,0,[158.999,133.2296]]],[17,[62.07474,35.90404,0,[157.999,125.9802]]],[671,[61.22308,36.39392,0,[158.999,132.0068]]],[16,[60.85406,36.38069,0,[157.999,125.661]]],[501,[63.87107,22.06711,0,[158.999,131.7459]]],[525,[64.08033,28.96589,0,[158.999,130.1665]]],[625,[61.08355,30.61023,0,[158.999,133.0804]]],[657,[57.43018,32.24017,0,[158.999,133.2549]]],[542,[60.13157,24.22842,0,[158.999,133.2279]]],[646,[45.57119,33.27278,0,[158.999,133.2611]]],[672,[63.20785,39.27357,0,[158.999,132.2084]]],[5,[64.85351,45.84172,0,[157.999,126.6017]]],[55,[57.66026,30.85718,0,[157.999,125.6903]]],[674,[52.5552,34.68167,0,[158.999,133.1988]]],[526,[37.20152,21.54861,0,[158.999,133.4104]]],[702,[59.27079,38.17968,0,[158.999,133.2912]]],[70,[56.36147,29.88664,0,[157.999,125.732]]],[714,[61.85761,40.52584,0,[158.999,132.9717]]],[675,[53.91097,35.87756,0,[158.999,133.1091]]],[687,[56.74201,34.66579,0,[158.999,133.0761]]],[541,[62.57092,26.5868,0,[158.999,132.6975]]]
1:[355,[34.74281,69.45232,0,[100.999,129.0808]]],[325,[34.75451,69.48624,0,[100.999,127.4604]]],[385,[35.26958,70.48666,0,[99.999,130.5608]]],[295,[34.8153,69.59758,0,[100.999,125.9332]]],[326,[35.30387,70.55939,0,[100.999,128.2324]]],[356,[35.485,70.64994,0,[100.999,129.5229]]],[296,[35.35727,70.65866,0,[100.999,126.7552]]],[265,[34.42429,68.78587,0,[101.999,124.4955]]],[386,[36.00129,71.84708,0,[99.999,130.9758]]],[327,[35.88275,71.69691,0,[100.999,127.4337]]],[266,[35.46764,70.82712,0,[100.999,125.3907]]],[357,[36.09473,71.8143,0,[100.999,128.8526]]],[387,[36.5012,72.77882,0,[99.999,130.273]]],[297,[35.99121,71.87921,0,[100.999,125.9879]]],[328,[36.43014,72.68838,0,[100.999,127.7565]]],[388,[36.57631,72.8906,0,[100.999,129.8374]]],[239,[35.18785,70.12377,0,[101.999,124.2114]]],[298,[36.56025,72.85057,0,[100.999,126.5524]]],[358,[36.78791,72.9639,0,[100.999,128.671]]],[267,[35.79061,71.1381,0,[101.999,124.5158]]],[415,[37.03532,71.40115,0,[99.999,131.1086]]],[268,[36.64058,72.87577,0,[100.999,125.4314]]],[329,[37.00645,73.84129,0,[100.999,127.2723]]],[389,[37.28583,73.95141,0,[100.999,129.4002]]],[359,[37.3911,74.15621,0,[100.999,128.1103]]],[417,[37.58945,73.58889,0,[99.999,131.061]]],[299,[37.26534,74.10294,0,[100.999,126.0927]]],[418,[38.0415,74.44187,0,[99.999,130.402]]],[330,[37.67998,75.00224,0,[100.999,126.8402]]],[240,[36.36172,72.01792,0,[101.999,124.147]]],[390,[37.85765,75.19861,0,[100.999,128.9292]]],[269,[36.8721,73.1813,0,[101.999,124.9925]]],[360,[38.02833,75.37749,0,[100.999,127.7363]]],[419,[38.10741,74.67631,0,[100.999,129.9753]]],[300,[37.96209,75.29359,0,[100.999,125.4573]]],[331,[38.28518,76.15259,0,[100.999,126.3742]]],[391,[38.52307,76.32402,0,[100.999,128.5001]]],[420,[38.62451,75.94356,0,[100.999,129.6002]]],[361,[38.63745,76.49697,0,[100.999,127.302]]],[446,[38.50517,73.3419,0,[99.999,131.1507]]],[241,[37.07963,72.19831,0,[101.999,123.9571]]],[270,[37.63517,74.37082,0,[101.999,124.2885]]],[447,[39.09974,74.34135,0,[99.999,131.1471]]],[301,[38.89704,76.4769,0,[100.999,126.098]]],[392,[39.14025,77.41666,0,[100.999,127.9698]]],[421,[39.17944,76.85455,0,[100.999,129.0798]]],[449,[39.51779,76.47724,0,[99.999,130.4531]]],[271,[38.68689,76.45152,0,[100.999,125.0722]]],[332,[39.29055,77.28394,0,[100.999,126.8744]]],[451,[40.03488,77.92284,0,[99.999,130.07]]],[422,[39.82978,77.88788,0,[100.999,129.1172]]],[242,[38.32559,74.09605,0,[101.999,123.9877]]],[393,[39.89672,78.41242,0,[100.999,128.0242]]],[362,[39.84717,77.6703,0,[100.999,126.9255]]],[272,[39.37866,77.46439,0,[100.999,125.1813]]],[450,[40.14793,77.24521,0,[99.999,131.2326]]],[302,[39.83336,77.47917,0,[100.999,125.8146]]],[453,[40.6943,79.9698,0,[99.999,130.0963]]],[423,[40.4927,78.95714,0,[100.999,128.9694]]],[363,[40.53894,78.46856,0,[100.999,127.774]]],[333,[40.4277,78.3951,0,[100.999,126.6618]]],[244,[39.03725,75.7453,0,[101.999,124.0956]]],[245,[39.71173,77.00406,0,[101.999,124.921]]],[452,[41.2093,79.4672,0,[99.999,130.4798]]],[416,[40.89772,73.92616,0,[99.999,131.4072]]],[273,[40.64373,78.70668,0,[100.999,125.5998]]],[454,[41.04488,79.92948,0,[100.999,129.6003]]],[394,[41.13551,79.33943,0,[100.999,128.5046]]],[303,[41.06593,78.74016,0,[100.999,126.3807]]],[334,[41.25205,79.13145,0,[100.999,127.4203]]],[243,[39.82616,75.44655,0,[101.999,123.8443]]],[246,[41.2378,79.03697,0,[100.999,125.1949]]],[448,[41.70793,76.51665,0,[99.999,131.061]]],[221,[40.42182,76.36581,0,[101.999,124.2318]]],[424,[41.75742,80.27466,0,[100.999,129.0395]]],[480,[42.13442,78.71548,0,[99.999,130.1074]]],[364,[41.80356,79.46565,0,[100.999,127.9506]]],[274,[41.65049,79.58251,0,[100.999,126.2246]]],[304,[42.05348,79.4419,0,[100.999,126.9917]]],[335,[42.34078,80.27609,0,[100.999,128.4894]]],[395,[42.24449,80.36228,0,[100.999,129.8642]]],[477,[42.29557,77.07988,0,[99.999,131.1622]]],[223,[41.83841,79.29163,0,[100.999,125.0545]]],[275,[42.31697,80.4185,0,[100.999,126.0263]]],[305,[42.61654,80.50307,0,[100.999,127.3253]]],[219,[41.08718,75.17753,0,[101.999,124.0008]]],[365,[42.85466,80.75129,0,[100.999,129.1322]]],[336,[43.03153,81.3921,0,[100.999,128.0734]]],[248,[42.89672,80.55459,0,[100.999,126.2074]]],[455,[43.30957,82.27611,0,[99.999,130.2402]]],[481,[42.89727,79.30158,0,[99.999,131.208]]],[222,[41.91909,78.23846,0,[101.999,124.9423]]],[306,[43.30646,81.65375,0,[100.999,126.9663]]],[224,[43.03801,79.55498,0,[100.999,125.1244]]],[425,[43.52695,81.47574,0,[100.999,129.0055]]],[483,[43.9066,81.758,0,[99.999,130.0929]]],[396,[43.62789,81.99462,0,[100.999,127.9079]]],[217,[41.87627,72.84564,0,[101.999,123.8456]]],[479,[43.63802,77.79247,0,[99.999,131.1428]]],[276,[43.5769,81.4746,0,[100.999,125.8966]]],[366,[43.94331,82.06966,0,[100.999,126.871]]],[247,[42.61843,78.90269,0,[101.999,124.0162]]],[426,[44.14719,82.43207,0,[100.999,128.7335]]],[484,[44.04851,81.24084,0,[100.999,129.8726]]],[482,[44.3137,80.89882,0,[99.999,131.0876]]],[225,[43.21775,79.84962,0,[101.999,124.8066]]],[397,[44.32656,83.0169,0,[100.999,127.6744]]],[337,[44.15743,82.75455,0,[100.999,125.811]]],[456,[44.71235,83.11308,0,[100.999,129.1802]]],[367,[44.61552,83.26866,0,[100.999,126.4682]]],[457,[44.8862,83.38841,0,[100.999,128.1413]]],[226,[43.84989,81.16759,0,[101.999,124.7608]]],[427,[45.06087,83.56084,0,[100.999,127.1007]]],[478,[44.92809,78.63367,0,[99.999,130.857]]],[249,[44.81081,81.99925,0,[100.999,125.3862]]],[504,[45.41737,79.42304,0,[99.999,130.1928]]],[220,[43.47054,76.25132,0,[101.999,123.8151]]],[485,[45.34486,82.52804,0,[100.999,129.2251]]],[458,[45.47004,84.65358,0,[100.999,128.0874]]],[277,[45.33622,82.77147,0,[100.999,126.1277]]],[307,[45.69046,83.00464,0,[100.999,127.0236]]],[207,[45.3799,83.1068,0,[100.999,125.0212]]],[508,[46.03114,81.38538,0,[99.999,130.3577]]],[487,[45.98351,85.43825,0,[100.999,128.6617]]],[338,[46.20572,84.13708,0,[100.999,127.4033]]],[205,[44.25583,79.55802,0,[101.999,124.0031]]],[206,[44.90555,80.67649,0,[101.999,123.9164]]],[250,[45.96192,83.21195,0,[100.999,125.9185]]],[506,[45.59863,81.06073,0,[99.999,131.238]]],[486,[46.13713,83.9945,0,[100.999,129.7874]]],[278,[46.45004,83.99768,0,[100.999,126.4125]]],[398,[46.61181,84.17647,0,[100.999,128.1181]]],[507,[46.53817,82.14823,0,[99.999,131.1028]]],[511,[46.71843,85.07516,0,[100.999,129.1764]]],[191,[45.67236,81.21111,0,[101.999,124.9023]]],[308,[46.93916,84.35047,0,[100.999,127.2162]]],[510,[47.17377,84.50226,0,[99.999,130.2607]]],[227,[46.70078,84.28322,0,[100.999,125.1764]]],[279,[46.9845,85.45763,0,[100.999,126.1124]]],[203,[45.46711,79.67421,0,[101.999,123.8814]]],[368,[47.29067,84.32984,0,[100.999,128.062]]],[428,[47.3254,84.64226,0,[100.999,129.1526]]],[309,[47.46689,85.64118,0,[100.999,126.7892]]],[204,[46.1308,79.401,0,[101.999,123.945]]],[505,[47.77396,81.87269,0,[99.999,130.2417]]],[179,[47.49667,84.79157,0,[100.999,125.5984]]],[190,[46.68745,80.75305,0,[101.999,124.6676]]],[339,[47.83455,85.22297,0,[100.999,127.8427]]],[399,[47.90673,85.27424,0,[100.999,128.9371]]],[445,[47.08705,77.85979,0,[99.999,131.3311]]],[251,[48.04371,84.98838,0,[100.999,126.818]]],[531,[48.39149,85.65903,0,[99.999,130.0894]]],[476,[47.85829,78.38954,0,[99.999,131.3265]]],[178,[48.08625,83.33649,0,[100.999,125.7139]]],[369,[48.49072,85.75433,0,[100.999,127.7745]]],[429,[48.45928,86.19829,0,[100.999,128.9443]]],[169,[47.45185,81.88187,0,[101.999,124.6236]]],[310,[48.60565,86.85359,0,[100.999,126.5983]]],[218,[47.01482,75.44011,0,[101.999,123.7913]]],[547,[49.05116,85.54421,0,[99.999,130.0345]]],[340,[49.01642,86.64108,0,[100.999,128.1713]]],[171,[48.59187,84.8629,0,[100.999,125.0032]]],[280,[49.13167,86.8476,0,[100.999,127.0543]]],[400,[49.09015,86.96936,0,[100.999,129.2684]]],[180,[48.98185,85.97931,0,[100.999,125.7752]]],[529,[48.64019,83.12032,0,[99.999,131.1367]]],[158,[47.87999,82.20024,0,[101.999,123.8889]]],[311,[49.57512,87.66434,0,[100.999,127.7673]]],[370,[49.71865,86.8647,0,[100.999,128.9]]],[572,[49.80606,86.08659,0,[99.999,130.3014]]],[252,[49.5469,88.06825,0,[100.999,126.2871]]],[509,[49.37129,83.96374,0,[99.999,131.1205]]],[172,[49.46048,85.8431,0,[100.999,125.0422]]],[145,[48.53602,81.19341,0,[101.999,124.147]]],[563,[49.8461,85.99065,0,[100.999,129.9711]]],[281,[50.06892,87.97213,0,[100.999,127.0803]]],[371,[50.21889,87.89117,0,[100.999,128.3452]]],[181,[50.10807,86.68446,0,[100.999,125.8311]]],[475,[50.25814,76.87404,0,[99.99901,131.1793]]],[341,[50.66982,87.85538,0,[100.999,127.1294]]],[564,[50.91692,88.15682,0,[99.999,130.0985]]],[556,[50.73455,86.85899,0,[100.999,129.1806]]],[253,[50.72108,89.02753,0,[100.999,126.0232]]],[160,[49.6909,83.25252,0,[101.999,124.6652]]],[401,[50.9124,87.88573,0,[100.999,128.1412]]],[189,[49.271,81.71273,0,[101.999,123.9415]]],[170,[50.24115,82.46751,0,[101.999,124.8928]]],[312,[51.25086,88.92064,0,[100.999,126.5693]]],[555,[50.89167,87.04248,0,[99.99901,131.2524]]],[372,[51.44259,88.93293,0,[100.999,127.6097]]],[431,[51.26746,87.86812,0,[100.999,129.8759]]],[432,[51.48358,89.04137,0,[100.999,128.8218]]],[174,[51.3181,87.95917,0,[100.999,125.398]]],[282,[51.83936,88.98766,0,[100.999,125.9961]]],[402,[52.04676,88.96577,0,[100.999,128.1129]]],[201,[50.41621,77.07098,0,[101.999,123.8487]]],[161,[50.97556,84.439,0,[101.999,124.327]]],[342,[52.07501,88.84272,0,[100.999,127.0084]]],[430,[52.43457,88.59312,0,[99.999,130.2361]]],[461,[52.11121,88.59941,0,[100.999,129.2114]]],[573,[51.51249,87.81748,0,[99.999,130.8569]]],[147,[51.57285,83.05035,0,[101.999,124.9851]]],[373,[52.63427,89.85226,0,[100.999,127.6323]]],[313,[52.44161,89.91235,0,[100.999,126.1545]]],[460,[52.6856,88.19895,0,[100.999,128.93]]],[571,[53.14104,88.50663,0,[99.999,130.0872]]],[528,[52.17852,82.60131,0,[99.999,131.2497]]],[343,[52.93208,89.8858,0,[100.999,126.6966]]],[462,[53.12494,89.25562,0,[100.999,128.1633]]],[162,[52.7076,86.44295,0,[100.999,125.1745]]],[159,[51.49415,82.45305,0,[101.999,123.8594]]],[584,[53.72295,88.40734,0,[99.999,130.1531]]],[188,[52.12658,81.4482,0,[101.999,124.0675]]],[404,[53.426,91.15695,0,[100.999,127.1837]]],[459,[53.417,87.61775,0,[100.999,129.114]]],[182,[53.27453,88.48327,0,[100.999,125.8492]]],[530,[52.97372,86.18257,0,[99.999,131.1732]]],[403,[53.70525,90.05767,0,[100.999,128.1535]]],[283,[53.78755,90.0881,0,[100.999,126.248]]],[148,[52.8385,84.20714,0,[101.999,124.7635]]],[583,[54.3511,86.15305,0,[99.999,130.2741]]],[344,[54.04433,91.15952,0,[100.999,127.239]]],[433,[54.00849,90.36913,0,[100.999,129.161]]],[173,[53.90398,87.24619,0,[100.999,125.1316]]],[546,[53.76979,86.46591,0,[99.999,131.2622]]],[434,[54.35713,91.37057,0,[100.999,128.267]]],[254,[54.34912,90.28407,0,[100.999,126.129]]],[202,[52.75978,80.74418,0,[101.999,123.6898]]],[374,[54.68904,91.24683,0,[100.999,127.2759]]],[146,[53.46904,82.67433,0,[101.999,124.0176]]],[464,[54.65634,91.52418,0,[100.999,129.3327]]],[489,[55.02406,90.70551,0,[99.999,130.3714]]],[175,[54.04839,87.97298,0,[101.999,124.9844]]],[284,[54.90633,91.41146,0,[100.999,126.1485]]],[490,[55.04736,91.14726,0,[100.999,128.5029]]],[435,[55.24433,92.48318,0,[100.999,127.4493]]],[488,[54.63579,89.78758,0,[99.999,131.2837]]],[228,[55.19777,89.52839,0,[100.999,125.1475]]],[558,[55.4666,88.68359,0,[100.999,129.2957]]],[463,[55.71127,91.62827,0,[99.999,130.2504]]],[314,[55.45851,91.34505,0,[100.999,126.3878]]],[491,[55.75503,91.76553,0,[100.999,128.339]]],[405,[55.88136,92.24326,0,[100.999,127.2572]]],[149,[54.3098,85.22646,0,[101.999,123.9779]]],[199,[54.86344,77.40642,0,[101.999,124.0814]]],[229,[55.73575,90.5807,0,[100.999,125.3412]]],[565,[56.47586,89.58058,0,[99.999,130.0669]]],[566,[56.22088,89.28618,0,[100.999,129.0699]]],[345,[56.12443,92.29916,0,[100.999,126.257]]],[465,[56.34975,92.57618,0,[100.999,127.9961]]],[574,[55.54111,88.57202,0,[99.999,131.2987]]],[436,[56.63993,93.4618,0,[100.999,127.08]]],[559,[56.78799,90.0007,0,[100.999,129.0204]]],[585,[57.16294,89.00981,0,[99.999,130.1342]]],[164,[55.74932,87.39589,0,[101.999,124.9292]]],[524,[56.33784,82.72363,0,[99.999,131.1354]]],[492,[57.01503,92.93961,0,[100.999,128.0078]]],[183,[56.62348,88.98581,0,[100.999,125.7824]]],[163,[55.41195,86.40527,0,[101.999,123.9963]]],[255,[57.07922,91.6885,0,[100.999,126.4285]]],[576,[57.27546,89.07169,0,[100.999,129.7539]]],[512,[57.49921,90.43506,0,[100.999,128.699]]],[375,[57.43261,92.1198,0,[100.999,127.2836]]],[151,[56.43602,86.73444,0,[101.999,124.8719]]],[562,[57.09371,88.30771,0,[99.999,131.2432]]],[133,[56.04437,83.94337,0,[101.999,123.9265]]],[165,[57.5201,89.35896,0,[100.999,125.7761]]],[466,[57.91726,93.41998,0,[100.999,127.8616]]],[208,[57.88785,91.07712,0,[100.999,126.6011]]],[611,[58.31635,88.19565,0,[99.999,130.1443]]],[513,[58.05628,91.03926,0,[100.999,129.1035]]],[597,[57.81373,89.75746,0,[99.999,130.9784]]],[150,[56.98226,85.64455,0,[101.999,124.6835]]],[285,[58.42762,92.72129,0,[100.999,127.0661]]],[136,[57.98928,87.24001,0,[100.999,125.1601]]],[493,[58.46146,93.84945,0,[100.999,128.2066]]],[137,[58.42832,88.39534,0,[100.999,125.8407]]],[527,[58.89341,84.11532,0,[99.999,130.2808]]],[134,[56.74651,85.03441,0,[101.999,123.6954]]],[560,[58.69197,90.19963,0,[100.999,129.3445]]],[256,[58.95096,92.8421,0,[100.999,126.2727]]],[315,[59.07075,92.74393,0,[100.999,127.3652]]],[598,[58.58861,91.31306,0,[99.999,131.2926]]],[406,[59.09116,93.31814,0,[100.999,128.4708]]],[121,[58.05682,86.93069,0,[101.999,124.5815]]],[119,[57.50645,85.21124,0,[101.999,123.9298]]],[152,[59.26178,88.87791,0,[100.999,125.3583]]],[568,[59.63481,91.37582,0,[99.999,130.3648]]],[514,[59.40503,92.34987,0,[100.999,129.4134]]],[176,[59.54789,90.61424,0,[100.999,126.744]]],[316,[59.67578,93.79504,0,[100.999,127.8359]]],[120,[58.62357,85.83007,0,[101.999,124.2667]]],[494,[59.89363,95.05898,0,[100.999,128.8576]]],[523,[59.35017,81.83655,0,[99.999,131.3294]]],[230,[60.19275,92.29212,0,[100.999,127.0988]]],[567,[60.47003,91.86749,0,[99.999,130.143]]],[138,[59.8773,89.04358,0,[100.999,125.8663]]],[586,[60.19704,90.10495,0,[99.999,131.1463]]],[376,[60.36964,93.74957,0,[100.999,128.1529]]],[577,[60.4174,91.16782,0,[100.999,129.2934]]],[106,[59.25116,87.41448,0,[101.999,124.7964]]],[166,[60.429,90.71315,0,[100.999,126.0924]]],[346,[60.82023,93.9147,0,[100.999,127.1611]]],[122,[59.94147,87.93356,0,[101.999,124.9801]]],[135,[59.10777,86.02286,0,[101.999,123.7288]]],[407,[61.02063,94.80382,0,[100.999,128.1834]]],[515,[60.99129,93.48833,0,[100.999,129.2798]]],[595,[61.25028,86.16155,0,[99.999,130.3185]]],[153,[61.01342,89.95937,0,[100.999,126.133]]],[557,[60.92789,92.96365,0,[99.999,131.2182]]],[131,[59.7475,82.72179,0,[101.999,123.9368]]],[117,[61.00369,85.07503,0,[100.999,125.0268]]],[377,[61.53925,95,0,[100.999,127.0579]]],[467,[61.65011,94.9052,0,[100.999,128.1247]]],[437,[61.63293,94.83227,0,[100.999,129.2252]]],[575,[61.87975,92.33834,0,[99.999,130.1966]]],[184,[61.5648,90.93436,0,[100.999,125.957]]],[200,[60.56255,79.18432,0,[101.999,123.9247]]],[286,[62.06112,94.11533,0,[100.999,126.638]]],[438,[62.24828,96.13153,0,[100.999,127.6938]]],[535,[62.19064,95.19109,0,[100.999,128.8304]]],[139,[61.05534,89.07847,0,[101.999,124.8633]]],[612,[62.45233,89.87891,0,[99.999,130.3128]]],[154,[62.07527,90.71544,0,[100.999,125.3787]]],[516,[62.77315,94.64676,0,[100.999,128.4415]]],[569,[62.44876,91.75787,0,[100.999,129.8289]]],[209,[62.56323,92.31735,0,[100.999,126.1383]]],[317,[62.77201,95.25267,0,[100.999,127.2407]]],[582,[61.88593,87.32339,0,[99.999,131.3112]]],[107,[61.70819,88.43027,0,[101.999,124.2627]]],[600,[62.79665,90.58899,0,[99.999,131.2585]]],[185,[61.1867,80.65501,0,[101.999,123.7934]]],[533,[62.98832,92.98492,0,[100.999,129.4631]]],[408,[63.28093,95.94243,0,[100.999,127.9859]]],[140,[62.73935,91.11628,0,[100.999,125.0799]]],[231,[63.11565,93.15868,0,[100.999,126.2907]]],[347,[63.54705,95.47984,0,[100.999,127.0095]]],[548,[63.57915,93.5631,0,[100.999,128.9712]]],[604,[63.96111,92.34406,0,[99.999,130.0999]]],[104,[63.34762,86.76459,0,[100.999,125.2645]]],[468,[63.94967,96.34393,0,[100.999,127.9755]]],[589,[63.3913,91.4071,0,[99.999,130.7594]]],[124,[63.83118,90.97475,0,[100.999,125.9912]]],[123,[62.82073,88.92763,0,[101.999,124.1118]]],[167,[64.14216,92.02927,0,[100.999,126.9115]]],[579,[64.17736,91.8305,0,[100.999,129.12]]],[561,[64.52154,92.91127,0,[99.999,130.1874]]],[116,[62.26237,83.28717,0,[101.999,123.9254]]],[439,[64.53588,97.41025,0,[100.999,128.2632]]],[578,[64.05231,92.41865,0,[99.999,131.225]]],[105,[63.40809,87.01873,0,[101.999,124.8892]]],[177,[64.68584,92.47093,0,[100.999,127.203]]],[155,[64.67623,92.33613,0,[100.999,126.0981]]],[141,[64.45921,92.19805,0,[100.999,125.0852]]],[517,[64.91829,95.97662,0,[100.999,129.0766]]],[580,[65.07542,93.82464,0,[99.999,130.0023]]],[288,[65.20182,95.89864,0,[100.999,128.0262]]],[118,[63.45602,84.70468,0,[101.999,123.7907]]],[287,[65.30087,95.33631,0,[100.999,126.9464]]],[610,[64.79995,88.70423,0,[99.999,131.1793]]],[125,[65.21629,92.02363,0,[100.999,125.8508]]],[130,[64.05858,83.10122,0,[101.999,123.9812]]],[590,[65.65296,92.73802,0,[99.999,130.1365]]],[550,[65.53008,95.90723,0,[100.999,128.9466]]],[109,[64.61152,90.11265,0,[101.999,124.7501]]],[348,[65.89272,96.43339,0,[100.999,128.0854]]],[532,[65.46239,94.20865,0,[99.999,131.2272]]],[318,[65.88435,96.28026,0,[100.999,126.985]]],[534,[66.24266,95.72103,0,[99.999,130.0749]]],[210,[65.81774,93.33783,0,[100.999,125.8843]]],[495,[66.11253,97.44337,0,[100.999,129.1805]]],[110,[65.27392,91.25558,0,[101.999,124.7699]]],[378,[66.50249,96.40022,0,[100.999,127.0771]]],[570,[66.53543,93.02249,0,[100.999,128.1743]]],[257,[66.38229,95.00677,0,[100.999,125.9823]]],[187,[64.87396,83.74846,0,[101.999,123.792]]],[596,[66.0949,90.6701,0,[99.999,131.2329]]],[605,[67.0196,94.1273,0,[99.999,130.1211]]],[156,[65.91589,92.17579,0,[101.999,124.8531]]],[606,[66.80415,93.55115,0,[100.999,129.1738]]],[319,[66.93444,97.57711,0,[100.999,126.1927]]],[519,[67.17539,98.72035,0,[100.999,128.2759]]],[349,[67.20113,97.71062,0,[100.999,127.1736]]],[588,[66.68359,91.77737,0,[99.99901,131.0828]]],[103,[65.59341,85.32043,0,[101.999,123.86]]],[192,[66.98717,93.03185,0,[100.999,125.0778]]],[591,[67.71737,93.55272,0,[99.999,130.0656]]],[91,[66.2045,88.4535,0,[101.999,123.8991]]],[549,[67.57723,95.05386,0,[100.999,129.0956]]],[211,[67.53835,94.98483,0,[100.999,126.0318]]],[469,[67.89005,97.6286,0,[100.999,128.1024]]],[320,[67.8375,99.06413,0,[100.999,126.9903]]],[94,[67.10947,91.30194,0,[101.999,124.9129]]],[602,[68.30257,92.53687,0,[99.999,130.1953]]],[587,[67.42482,91.66043,0,[99.999,131.07]]],[620,[68.26095,94.32687,0,[100.999,129.6286]]],[592,[68.45837,94.36292,0,[100.999,128.5719]]],[142,[66.81271,92.11823,0,[101.999,123.9379]]],[143,[68.15871,94.44576,0,[100.999,125.5211]]],[258,[68.45181,96.38715,0,[100.999,126.4561]]],[379,[68.61676,97.55911,0,[100.999,127.5021]]],[632,[68.83256,93.58174,0,[100.999,129.7979]]],[599,[68.18582,89.96761,0,[99.999,131.2762]]],[502,[68.89663,89.38145,0,[99.999,130.8994]]],[581,[69.17309,94.98192,0,[100.999,128.8367]]],[259,[69.05919,97.23409,0,[100.999,126.5506]]],[496,[69.16597,99.14639,0,[100.999,127.7259]]],[168,[68.86237,93.5713,0,[100.999,125.492]]],[90,[68.04084,88.11315,0,[101.999,124.5934]]],[101,[67.55242,84.83641,0,[101.999,124.0371]]],[607,[69.41501,94.99213,0,[100.999,129.9675]]],[350,[69.66853,98.64525,0,[100.999,126.8965]]],[409,[69.79855,97.91481,0,[100.999,127.9853]]],[232,[69.56087,95.50549,0,[100.999,125.8012]]],[551,[69.85625,97.28685,0,[100.999,129.0881]]],[603,[69.54849,94.3131,0,[99.999,131]]],[126,[68.83495,92.40272,0,[101.999,124.7729]]],[108,[68.47382,90.05299,0,[101.999,123.875]]],[234,[70.27543,98.08975,0,[100.999,127.1513]]],[594,[70.55818,97.85513,0,[99.999,130.1354]]],[193,[70.2158,95.1134,0,[100.999,126.0625]]],[380,[70.44543,98.43617,0,[100.999,128.1932]]],[157,[70.03084,95.43842,0,[100.999,125.0189]]],[518,[70.5671,98.37326,0,[100.999,129.2569]]],[619,[70.25167,95.2676,0,[99.999,131.1351]]],[128,[70.77683,96.32072,0,[100.999,125.9119]]],[233,[70.94261,97.91122,0,[100.999,126.9773]]],[381,[71.00388,99.54868,0,[100.999,128.0827]]],[634,[71.17629,95.16315,0,[99.999,130.329]]],[93,[70.09475,91.03779,0,[101.999,124.8401]]],[127,[69.27676,93.24001,0,[101.999,123.9772]]],[102,[69.83972,85.95164,0,[101.999,123.8369]]],[410,[71.26379,98.7589,0,[100.999,129.0765]]],[382,[71.61856,101.4442,0,[100.999,127.9969]]],[289,[71.57158,98.74219,0,[100.999,126.8934]]],[194,[71.36241,97.62341,0,[100.999,125.8624]]],[593,[71.76247,96.34828,0,[99.999,130.1773]]],[544,[70.98306,86.87824,0,[99.999,131.3584]]],[497,[71.93578,100.2512,0,[100.999,128.9093]]],[112,[70.80376,93.64159,0,[101.999,124.7494]]],[537,[71.96909,98.89899,0,[100.6857,130]]],[351,[72.20979,100.37,0,[100.999,127.7103]]],[132,[70.46172,87.51048,0,[101.999,123.8646]]],[260,[72.10547,99.02107,0,[100.999,126.4314]]],[96,[71.92044,95.1793,0,[100.999,125.3535]]],[618,[71.80352,95.03711,0,[99.999,131.2941]]],[498,[72.48797,102.7639,0,[100.999,128.9418]]],[635,[72.88934,96.53268,0,[99.999,130.1109]]],[290,[72.68105,100.9789,0,[100.999,127.0864]]],[89,[71.38573,88.56738,0,[101.999,124.1705]]],[440,[72.86444,99.24909,0,[100.999,128.1364]]],[636,[72.5248,97.15656,0,[99.999,131.1844]]],[212,[72.74258,98.26869,0,[100.999,125.9991]]],[536,[73.24751,97.27395,0,[100.999,128.9466]]],[621,[72.9372,96.71595,0,[100.999,129.8888]]],[411,[73.26177,100.7484,0,[100.999,127.2291]]],[79,[72.06009,92.33508,0,[101.999,124.9499]]],[235,[73.36029,100.6876,0,[100.999,126.14]]],[470,[73.63757,99.84033,0,[100.999,128.0497]]],[503,[73.26411,93.01735,0,[99.999,131.1165]]],[651,[74.07684,98.14256,0,[99.999,130.029]]],[95,[73.27596,93.5115,0,[100.999,125.0408]]],[650,[73.87894,96.06673,0,[100.999,129.0736]]],[113,[73.86369,96.80663,0,[100.999,126.7363]]],[87,[71.93296,88.33801,0,[101.999,123.867]]],[92,[72.54253,90.19909,0,[101.999,123.9893]]],[383,[74.21463,102.6074,0,[100.999,127.5989]]],[63,[73.85585,92.53188,0,[100.999,125.4549]]],[616,[73.91064,94.90005,0,[99.999,131.1277]]],[648,[74.66168,96.11789,0,[99.999,130.1601]]],[414,[74.3942,104.6024,0,[100.999,128.6598]]],[97,[74.32626,96.6988,0,[100.999,126.0511]]],[78,[73.21591,90.65776,0,[101.999,124.3073]]],[196,[74.74359,101.2375,0,[100.999,126.7548]]],[321,[74.87082,102.5389,0,[100.999,127.8258]]],[62,[73.79534,90.53633,0,[101.999,124.7413]]],[413,[74.99312,104.6495,0,[100.999,128.9089]]],[473,[74.67319,104.4888,0,[100.999,129.8067]]],[81,[74.77048,95.05779,0,[100.999,125.3246]]],[545,[74.64288,93.80853,0,[99.999,131.2668]]],[213,[75.34061,100.1946,0,[100.999,126.978]]],[352,[75.44493,101.6656,0,[100.999,128.0736]]],[144,[75.24845,99.13186,0,[100.999,125.8814]]],[471,[75.51412,102.6124,0,[100.999,129.381]]],[111,[73.65439,93.35251,0,[101.999,123.6597]]],[82,[74.7794,96.38787,0,[101.999,124.554]]],[74,[74.30679,88.7677,0,[101.999,123.9565]]],[353,[75.94053,103.9502,0,[100.999,128.6201]]],[622,[75.7813,99.67439,0,[99.999,130.3659]]],[631,[75.30096,95.01611,0,[99.999,131.1155]]],[236,[75.92383,104.2067,0,[100.999,126.4629]]],[261,[76.05396,101.9353,0,[100.999,127.5321]]],[215,[75.80028,104.2414,0,[100.999,125.3837]]],[668,[76.15564,101.4198,0,[100.999,129.6417]]],[322,[76.57916,103.4336,0,[100.999,128.0363]]],[647,[76.48705,95.70753,0,[99.999,130.6452]]],[214,[76.62601,101.9023,0,[100.999,126.94]]],[633,[76.05134,98.00985,0,[99.999,131.4136]]],[67,[76.46256,98.52986,0,[100.999,125.8809]]],[77,[75.38082,90.62142,0,[101.999,124.2885]]],[474,[76.65099,107.6504,0,[100.999,129.1267]]],[412,[77.13725,104.7261,0,[100.999,128.2009]]],[293,[77.19948,104.9657,0,[100.999,127.1004]]],[64,[76.00484,93.17871,0,[101.999,124.7722]]],[80,[77.04333,94.737,0,[100.999,125.9593]]],[662,[77.3405,95.85858,0,[99.999,130.2444]]],[609,[77.23371,101.189,0,[100.999,129.3381]]],[630,[77.0304,94.08779,0,[99.999,131.1854]]],[262,[77.61021,105.3996,0,[100.999,126.3193]]],[49,[76.72636,94.12549,0,[101.999,124.9145]]],[472,[77.69173,103.8767,0,[100.999,128.5473]]],[444,[77.79721,109.3871,0,[100.999,127.4688]]],[73,[76.47217,87.18917,0,[101.999,123.9232]]],[76,[75.84142,90.10196,0,[101.999,123.7036]]],[666,[78.05868,99.20432,0,[99.999,130.3557]]],[237,[77.78436,106.3804,0,[100.999,125.2757]]],[638,[77.95532,100.7077,0,[100.999,129.5957]]],[291,[78.22301,104.4216,0,[100.999,126.6623]]],[539,[78.27672,105.3596,0,[100.999,128.6453]]],[522,[78.48573,108.8638,0,[100.999,127.6374]]],[652,[77.745,99.3926,0,[99.999,131.2934]]],[216,[78.45319,108.3363,0,[100.999,125.6733]]],[75,[77.18103,89.33665,0,[101.999,123.9855]]],[615,[78.48845,94.39883,0,[99.999,131.2999]]],[65,[77.76497,94.59635,0,[101.999,124.631]]],[664,[78.61095,96.42083,0,[100.999,129.548]]],[441,[78.86861,103.9049,0,[100.999,126.6666]]],[667,[78.95794,101.1338,0,[100.999,128.6688]]],[552,[79.14899,105.0394,0,[100.999,127.6279]]],[197,[79.10741,104.7579,0,[100.999,125.664]]],[661,[79.57668,95.02879,0,[99.999,130.3454]]],[98,[78.37785,97.72282,0,[101.999,124.6697]]],[238,[79.49122,108.6476,0,[100.999,126.4656]]],[653,[79.67486,101.2316,0,[100.999,128.5405]]],[644,[78.9286,93.2374,0,[99.999,130.5809]]],[681,[79.43867,98.99792,0,[100.999,129.5333]]],[86,[78.05273,85.77544,0,[101.999,123.7021]]],[520,[79.74351,105.6771,0,[100.999,127.4422]]],[46,[79.57193,92.25994,0,[100.999,125.032]]],[114,[79.95598,101.7721,0,[100.999,125.8458]]],[292,[80.25581,104.8146,0,[100.999,128.1243]]],[678,[80.48109,97.226,0,[99.999,130.1778]]],[695,[80.25356,99.08548,0,[100.999,129.229]]],[129,[80.29464,104.9623,0,[100.999,127.0138]]],[613,[79.46056,93.01763,0,[99.999,131.433]]],[60,[78.77058,89.87781,0,[101.999,123.8833]]],[51,[80.55908,97.20591,0,[100.999,126.0313]]],[195,[79.39832,100.5918,0,[101.999,124.1293]]],[645,[81.10257,94.42223,0,[99.999,130.306]]],[654,[80.83192,104.4824,0,[100.999,128.5078]]],[443,[80.89658,108.9043,0,[100.999,127.4183]]],[58,[79.91951,88.50282,0,[101.999,124.9683]]],[637,[80.18076,100.64,0,[99.999,131.118]]],[294,[81.10414,107.0047,0,[100.999,126.4137]]],[679,[80.99619,97.4484,0,[100.999,129.5706]]],[500,[81.49335,108.5502,0,[100.999,127.9974]]],[83,[81.11928,100.7101,0,[100.999,125.3074]]],[614,[80.97831,99.23988,0,[99.999,131.3857]]],[624,[81.49495,107.1026,0,[100.999,129.0877]]],[324,[81.66463,108.0127,0,[100.999,126.9646]]],[115,[80.51247,85.0715,0,[101.999,124.2017]]],[48,[79.95922,93.3433,0,[101.999,123.8566]]],[99,[81.73385,105.8836,0,[100.999,125.8803]]],[682,[82.10742,103.2949,0,[99.999,130.1957]]],[538,[82.09821,106.4697,0,[100.999,128.1152]]],[699,[82.06684,109.8635,0,[100.999,129.2137]]],[198,[82.25149,110.0748,0,[100.999,127.0546]]],[61,[81.16056,91.29353,0,[101.999,124.7898]]],[627,[81.70608,92.69218,0,[99.999,131.0126]]],[53,[82.30154,101.5497,0,[100.999,125.9588]]],[697,[82.64179,104.4674,0,[100.999,128.8486]]],[663,[82.68247,98.319,0,[99.999,130.2958]]],[623,[82.70249,106.7578,0,[100.999,127.7321]]],[52,[81.75935,99.40677,0,[101.999,124.8656]]],[88,[81.01322,88.47094,0,[101.999,123.728]]],[264,[82.7987,109.2231,0,[100.999,126.5187]]],[692,[82.71297,96.74831,0,[100.999,129.959]]],[54,[82.88136,105.082,0,[100.999,125.3111]]],[72,[81.70008,88.10474,0,[101.999,123.769]]],[354,[83.24467,107.6036,0,[100.999,128.6464]]],[540,[83.28898,109.7968,0,[100.999,127.5238]]],[601,[82.47971,97.51218,0,[99.999,131.3259]]],[649,[83.25919,99.94926,0,[99.999,131.1027]]],[68,[83.41051,103.3057,0,[100.999,126.4122]]],[696,[83.28702,102.0939,0,[100.999,129.7697]]],[44,[82.3082,89.84093,0,[101.999,124.1201]]],[554,[83.93497,113.4774,0,[100.999,127.9773]]],[683,[83.89079,106.6747,0,[100.999,129.0743]]],[69,[83.57175,107.3669,0,[100.999,125.3497]]],[499,[84.00661,110.3785,0,[100.999,126.8919]]],[694,[84.36869,100.0794,0,[99.999,130.188]]],[684,[83.92509,107.9336,0,[99.999,131.0031]]],[66,[82.96838,96.50086,0,[101.999,124.1846]]],[721,[84.50224,102.3887,0,[100.999,128.7381]]],[639,[84.52322,110.0283,0,[100.999,127.4868]]],[39,[84.28601,106.6236,0,[100.999,125.9664]]],[711,[84.47885,105.121,0,[100.999,129.9333]]],[37,[83.67204,100.3823,0,[101.999,124.8909]]],[521,[84.83522,111.1451,0,[100.999,126.268]]],[677,[84.67961,96.85744,0,[99.999,131.1546]]],[709,[85.12521,103.2658,0,[100.999,128.2782]]],[669,[85.14425,113.9756,0,[100.999,127.1985]]],[34,[84.80182,96.27045,0,[100.999,125.0836]]],[706,[85.20818,98.51974,0,[100.999,129.356]]],[186,[83.60579,87.41379,0,[101.999,123.8015]]],[35,[85.35687,99.01807,0,[100.999,125.4815]]],[263,[85.56348,111.1356,0,[100.999,126.514]]],[698,[85.70138,112.2856,0,[100.999,128.5612]]],[676,[85.78211,95.77734,0,[99.999,130.4506]]],[57,[84.25784,88.80416,0,[101.999,123.9653]]],[553,[85.86178,112.2065,0,[100.999,127.5147]]],[708,[85.32445,101.2072,0,[99.999,131.1998]]],[690,[85.79404,96.41405,0,[100.999,129.6953]]],[42,[84.96804,88.86666,0,[101.999,124.3938]]],[36,[85.94697,102.2812,0,[100.999,125.7192]]],[722,[86.25909,106.4447,0,[100.999,128.7458]]],[442,[86.24667,108.614,0,[100.999,126.7103]]],[712,[86.48067,113.3081,0,[100.999,127.7253]]],[626,[86.13839,98.98557,0,[99.999,131.3764]]],[719,[86.40684,100.4412,0,[100.999,129.8215]]],[45,[85.66241,91.72835,0,[101.999,124.7098]]],[720,[86.84828,104.2,0,[100.999,128.861]]],[32,[86.56009,94.37521,0,[100.999,125.7877]]],[384,[86.8855,108.3294,0,[100.999,126.837]]],[59,[85.40219,90.70383,0,[101.999,123.7215]]],[723,[87.10741,111.3658,0,[100.999,127.8465]]],[658,[86.9614,92.37199,0,[100.999,130]]],[738,[87.43288,109.637,0,[100.999,128.867]]],[50,[87.14048,98.05631,0,[100.999,125.8523]]],[707,[86.64279,99.50262,0,[99.999,130.7745]]],[30,[86.30842,91.85107,0,[101.999,124.7917]]],[84,[87.57171,108.5761,0,[100.999,126.6498]]],[660,[87.24706,96.81509,0,[99.999,131.1643]]],[710,[87.69271,108.0136,0,[100.999,127.7504]]],[729,[87.53673,102.1626,0,[100.999,129.9705]]],[730,[87.99125,104.7441,0,[100.999,128.8736]]],[56,[86.04623,88.43317,0,[101.999,123.806]]],[22,[86.91328,98.3716,0,[101.999,124.8825]]],[23,[87.84266,101.0101,0,[100.999,125.5949]]],[323,[88.21835,107.6809,0,[100.999,127.0365]]],[739,[88.38465,112.4019,0,[100.999,128.0911]]],[33,[86.73927,95.47205,0,[101.999,123.8232]]],[705,[88.15888,98.03546,0,[100.999,129.9443]]],[642,[87.89009,94.10635,0,[99.999,131.1049]]],[20,[88.39612,97.50348,0,[100.999,126.0008]]],[717,[88.65137,99.75734,0,[100.999,129.0957]]],[11,[87.43172,99.3089,0,[101.999,124.1802]]],[24,[88.83743,105.6352,0,[100.999,127.0955]]],[19,[87.97412,93.22483,0,[101.999,124.9086]]],[732,[89.01611,115.4537,0,[100.999,128.1489]]],[659,[89.28042,96.53178,0,[99.999,130.2276]]],[21,[88.98521,101.1792,0,[100.999,125.9755]]],[680,[88.53783,101.8057,0,[99.999,131.0334]]],[737,[89.51491,107.9004,0,[100.999,128.7259]]],[731,[89.4277,113.6592,0,[100.999,126.7598]]],[693,[89.269,99.74683,0,[100.999,129.7049]]],[736,[89.71393,110.6003,0,[100.999,127.7047]]],[71,[88.15207,87.72733,0,[101.999,123.8673]]],[12,[88.67886,99.4642,0,[101.999,124.9306]]],[643,[89.20253,95.64133,0,[99.999,131.3369]]],[29,[89.62428,93.55027,0,[100.999,125.6463]]],[38,[89.98747,108.0958,0,[100.999,126.6569]]],[701,[89.83284,96.15914,0,[100.999,129.9485]]],[727,[90.07323,105.0849,0,[100.999,128.8355]]],[608,[89.91842,105.5158,0,[99.999,130.9492]]],[734,[90.28268,108.3051,0,[100.999,127.6232]]],[40,[89.26999,87.80486,0,[101.999,124.5021]]],[28,[90.20703,92.78138,0,[100.999,125.6288]]],[100,[88.75897,90.07473,0,[101.999,123.8305]]],[725,[90.59356,102.0951,0,[100.999,129.3645]]],[728,[90.7234,103.4813,0,[100.999,128.2992]]],[9,[90.59381,97.16885,0,[100.999,126.408]]],[628,[90.92327,97.86818,0,[99.999,130.3833]]],[25,[90.93102,107.488,0,[100.999,127.2744]]],[670,[91.15345,97.19532,0,[100.999,129.1486]]],[43,[89.92146,90.67809,0,[101.999,124.6256]]],[704,[90.57047,98.92532,0,[99.999,131.2583]]],[718,[91.62436,101.7274,0,[99.999,130.255]]],[733,[91.32923,106.6223,0,[100.999,128.0857]]],[7,[90.8969,94.75227,0,[100.999,125.1887]]],[18,[91.16536,94.84554,0,[100.999,126.1488]]],[10,[91.51202,102.1422,0,[100.999,127.021]]],[85,[89.69513,88.00952,0,[101.999,123.626]]],[641,[91.72174,92.56226,0,[100.999,129.1488]]],[617,[91.37801,104.1694,0,[99.999,131.2829]]],[715,[91.89257,101.1753,0,[100.999,128.0901]]],[673,[92.30341,95.89932,0,[99.999,130.2517]]],[27,[90.42641,91.15622,0,[101.999,123.9987]]],[8,[91.78378,97.10716,0,[100.999,125.94]]],[1,[91.01763,96.48092,0,[101.999,124.9668]]],[726,[92.09863,107.2778,0,[100.999,127.0577]]],[713,[92.41257,103.0217,0,[100.999,128.5243]]],[655,[92.29041,98.24046,0,[100.999,129.6759]]],[26,[92.6417,106.3878,0,[100.999,127.3624]]],[14,[92.38882,104.6876,0,[100.999,126.0985]]],[691,[92.12228,100.0917,0,[99.999,131.3]]],[13,[92.28802,101.8628,0,[101.1277,125]]],[665,[92.83028,106.8712,0,[99.999,131.0636]]],[685,[92.99995,99.2351,0,[100.999,128.3098]]],[716,[92.91238,101.106,0,[100.999,129.4549]]],[4,[92.9661,101.0313,0,[100.999,126.3336]]],[31,[91.01614,94.02945,0,[101.999,123.8648]]],[41,[91.62858,90.46117,0,[101.999,123.9862]]],[735,[93.27967,109.7477,0,[100.999,127.3438]]],[3,[92.96368,99.11575,0,[100.999,125.2049]]],[640,[93.48766,93.59959,0,[100.999,128.9844]]],[689,[94.01868,98.74833,0,[99.999,130.0887]]],[700,[93.8341,102.2971,0,[100.999,128.1198]]],[15,[93.60081,105.1479,0,[100.999,126.0593]]],[543,[93.36319,88.33122,0,[99.999,130.6308]]],[6,[93.89063,105.2284,0,[100.999,127.0101]]],[47,[92.4724,97.80923,0,[101.999,124.0315]]],[688,[94.06098,100.4325,0,[100.999,129.4703]]],[2,[93.12682,97.91643,0,[101.999,124.938]]],[703,[94.42949,101.3569,0,[100.999,127.9567]]],[656,[93.97733,97.53674,0,[99.999,131.2276]]],[724,[94.41995,104.1922,0,[100.999,126.6467]]],[0,[94.22038,96.91109,0,[100.999,125.5159]]],[629,[94.66612,102.5532,0,[99.999,130.7376]]],[686,[94.62561,97.16489,0,[100.999,129.2448]]],[17,[93.311,92.86956,0,[101.999,123.8944]]],[671,[95.03214,97.46752,0,[100.999,128.1691]]],[16,[93.90317,95.80571,0,[101.999,124.3622]]],[501,[95.02648,81.48745,0,[100.999,126.9044]]],[525,[94.89211,87.76809,0,[100.999,125.5943]]],[625,[95.30042,93.18004,0,[100.999,129.3962]]],[657,[95.31308,96.29615,0,[99.999,130.5557]]],[542,[95.71472,86.67435,0,[100.999,128.004]]],[646,[96.04382,102.9851,0,[99.999,130.6036]]],[672,[95.72504,99.97323,0,[100.999,126.7519]]],[5,[95.55819,103.7658,0,[100.999,125.5648]]],[55,[94.61198,90.33388,0,[101.999,124.3437]]],[674,[95.99545,102.7379,0,[100.999,129.1732]]],[526,[96.76736,99.20105,0,[99.999,130.431]]],[702,[96.51876,104.612,0,[100.999,127.6696]]],[70,[95.39616,93.23808,0,[101.999,124.4856]]],[714,[96.53647,105.2696,0,[100.999,126.2367]]],[675,[96.81325,107.2514,0,[100.999,128.9333]]],[687,[97.57304,103.369,0,[99.999,130.2677]]],[541,[96.17397,89.29144,0,[101.999,124.8215]]]

Travel Distances:
[355,95.96703],[325,95.9773],[385,95.94633],[295,95.96603],[326,95.95144],[356,97.67675],[296,97.93723],[265,97.92756],[386,97.79871],[327,97.92997],[266,97.88397],[357,97.6245],[387,97.77054],[297,97.89547],[328,99.81249],[388,99.63124],[239,99.7169],[298,99.72536],[358,99.38441],[267,99.55044],[415,97.28853],[268,99.58502],[329,99.82611],[389,99.36971],[359,99.37148],[417,98.34916],[299,101.5653],[418,100.3178],[330,101.6385],[240,101.2236],[390,101.3766],[269,101.4232],[360,101.3195],[419,100.4237],[300,101.3606],[331,103.5738],[391,103.2679],[420,102.6891],[361,103.2153],[446,100.2744],[241,101.9598],[270,103.0627],[447,100.0633],[301,102.6774],[392,103.0689],[421,102.4908],[449,101.4156],[271,103.0653],[332,102.7003],[451,103.7442],[422,104.2242],[242,103.3493],[393,104.6176],[362,103.9339],[272,104.686],[450,102.8608],[302,103.8092],[453,104.5539],[423,105.9664],[363,105.388],[333,105.5288],[244,105.5681],[245,105.5622],[452,104.9941],[416,100.0564],[273,105.4131],[454,105.8365],[394,105.068],[303,104.6056],[334,104.6259],[243,105.7345],[246,106.5466],[448,103.0043],[221,105.4904],[424,106.753],[480,104.4185],[364,105.8489],[274,106.2736],[304,105.3274],[335,105.5926],[395,105.8594],[477,102.0945],[223,105.5977],[275,107.7661],[305,107.2566],[219,104.8937],[365,107.0336],[336,107.3269],[248,106.7552],[455,107.6237],[481,105.2072],[222,106.3264],[306,107.0391],[224,107.4309],[425,108.4055],[483,107.8979],[396,108.7236],[217,103.0229],[479,104.0562],[276,108.3145],[366,108.1782],[247,107.5724],[426,108.1217],[484,107.0108],[482,105.8824],[225,107.3979],[397,108.348],[337,110.421],[456,109.671],[367,110.0292],[457,109.6069],[226,109.4364],[427,109.4331],[478,104.2417],[249,108.3703],[504,104.2702],[220,105.2481],[485,107.7372],[458,111.6148],[277,110.0795],[307,109.5786],[207,110.2357],[508,106.9345],[487,111.3925],[338,109.7078],[205,108.9536],[206,108.8432],[250,109.2734],[506,106.761],[486,109.5072],[278,111.0755],[398,110.8606],[507,108.3833],[511,111.5248],[191,109.8326],[308,110.4308],[510,109.879],[227,110.8623],[279,111.4499],[203,108.6262],[368,109.5992],[428,111.8367],[309,112.6296],[204,108.9311],[505,107.9689],[179,111.7714],[190,109.3177],[339,111.3723],[399,111.301],[445,104.0808],[251,110.8313],[531,110.4171],[476,105.1929],[178,111.0689],[369,112.7025],[429,113.1039],[169,110.9319],[310,113.6279],[218,105.2834],[547,110.9859],[340,112.4545],[171,111.6594],[280,112.5671],[400,112.6244],[180,111.9895],[529,108.5833],[158,112.3523],[311,114.3737],[370,113.4034],[572,111.9739],[252,114.938],[509,110.0191],[172,112.8955],[145,110.0353],[563,111.811],[281,113.8123],[371,113.328],[181,114.4378],[475,103.5801],[341,114.426],[564,113.9949],[556,113.1864],[253,115.5544],[160,111.8408],[401,113.8574],[189,111.0925],[170,109.9377],[312,114.3851],[555,112.1189],[372,115.9038],[431,115.0464],[432,115.8286],[174,115.3065],[282,115.2738],[402,114.7325],[201,106.1683],[161,112.4657],[342,114.5997],[430,113.3992],[461,114.0481],[573,113.2513],[147,111.8393],[373,116.5667],[313,116.9639],[460,114.4679],[571,113.9496],[528,108.4024],[343,116.0113],[462,114.8541],[162,112.9675],[159,111.3535],[584,114.6063],[188,111.1065],[404,118.142],[459,114.4293],[182,115.9112],[530,112.5163],[403,116.2367],[283,116.4597],[148,112.4911],[583,111.0614],[344,116.7943],[433,115.8709],[173,113.4064],[546,113.3827],[434,118.2774],[254,117.5404],[202,111.0712],[374,117.6763],[146,111.5775],[464,117.687],[489,116.2053],[175,115.8447],[284,117.4963],[490,116.7708],[435,117.7563],[488,117.0002],[228,117.1011],[558,115.4537],[463,117.7801],[314,118.2031],[491,118.0968],[405,118.3191],[149,114.5652],[199,105.6222],[229,116.9966],[565,114.3923],[566,114.7123],[345,117.9027],[465,117.7622],[574,113.8439],[436,120.1189],[559,116.26],[585,114.4716],[164,115.7053],[524,108.4992],[492,118.8073],[183,115.5333],[163,115.4459],[255,117.4258],[576,116.3057],[512,117.3604],[375,119.0956],[151,115.7469],[562,114.6391],[133,113.617],[165,116.2955],[466,119.4344],[208,117.256],[611,113.1826],[513,116.4916],[597,114.7239],[150,115.6024],[285,119.8194],[136,115.2227],[493,120.5936],[137,115.5153],[527,109.8094],[134,115.4463],[560,116.3991],[256,118.9164],[315,118.5389],[598,116.8685],[406,118.8002],[121,116.7759],[119,116.0741],[152,116.2956],[568,117.6699],[514,119.1164],[176,117.3864],[316,120.3493],[120,114.5466],[494,120.9629],[523,107.9028],[230,117.8966],[567,116.5851],[138,115.2232],[586,116.902],[376,120.6721],[577,118.0421],[106,116.864],[166,117.837],[346,120.2357],[122,116.0244],[135,115.7197],[407,120.5444],[515,119.1884],[595,111.1809],[153,115.8942],[557,118.2708],[131,112.996],[117,112.9742],[377,121.8728],[467,121.509],[437,121.403],[575,118.2574],[184,117.7627],[200,108.0026],[286,119.9785],[438,121.6216],[535,120.7237],[139,116.9142],[612,114.5479],[154,118.535],[516,121.0776],[569,118.3442],[209,119.1758],[317,121.7002],[582,113.7656],[107,116.9785],[600,115.8316],[185,110.1751],[533,118.6332],[408,121.3741],[140,117.6204],[231,118.84],[347,122.3704],[548,120.1942],[604,118.0795],[104,114.0234],[468,122.413],[589,117.4252],[124,117.2953],[123,117.2151],[167,117.676],[579,117.2934],[561,117.4873],[116,112.6462],[439,124.2204],[578,119.0208],[105,116.1578],[177,119.0328],[155,118.9445],[141,119.232],[517,121.9685],[580,119.2719],[288,121.418],[118,113.704],[287,120.6663],[610,113.9474],[125,119.4944],[130,112.7844],[590,118.8706],[550,122.6279],[109,118.8519],[348,122.5602],[532,120.0479],[318,122.4547],[534,120.5808],[210,119.6704],[495,122.8428],[110,120.6664],[378,123.2664],[570,119.7721],[257,122.1884],[187,113.9059],[596,117.0363],[605,119.6803],[156,120.2904],[606,119.5719],[319,123.6429],[519,124.2371],[349,123.1776],[588,116.6501],[103,116.0553],[192,120.8911],[591,119.7392],[91,117.9492],[549,121.6357],[211,121.8812],[469,123.8246],[320,125.2761],[94,119.0561],[602,117.5219],[587,117.0644],[620,119.6192],[592,121.3198],[142,122.3557],[143,122.079],[258,123.4327],[379,124.2716],[632,119.7108],[599,115.9366],[502,114.406],[581,120.5245],[259,123.0928],[496,124.7291],[168,119.8364],[90,116.0111],[101,113.6572],[607,121.8868],[350,125.2983],[409,124.2809],[232,122.3738],[551,123.5025],[603,119.9658],[126,120.7113],[108,119.0215],[234,123.4816],[594,122.331],[193,122.6264],[380,125.4475],[157,123.3028],[518,124.8995],[619,121.4717],[128,122.6686],[233,123.9414],[381,125.3962],[634,120.3447],[93,118.6374],[127,122.6348],[102,114.1445],[410,125.9637],[382,128.1783],[289,125.5817],[194,124.8682],[593,122.3929],[544,113.3521],[497,126.3132],[112,121.997],[537,124.5076],[351,125.9336],[132,116.4352],[260,124.796],[96,123.2668],[618,121.9239],[498,129.6619],[635,122.2946],[290,127.5922],[89,117.7644],[440,125.4129],[636,122.7216],[212,124.7627],[536,122.635],[621,122.3524],[411,126.2113],[79,120.1882],[235,127.9442],[470,126.5243],[503,119.1346],[651,123.6408],[95,120.936],[650,122.2112],[113,123.0651],[87,118.3277],[92,118.9621],[383,128.149],[63,118.8064],[616,121.5707],[648,122.331],[414,131.5694],[97,124.0236],[78,120.1924],[196,127.7227],[321,128.7721],[62,118.9144],[413,130.4362],[473,130.5109],[81,121.5036],[545,119.1457],[213,127.4034],[352,128.7292],[144,126.55],[471,129.2819],[111,123.8126],[82,124.7944],[74,118.0404],[353,129.9254],[622,125.1172],[631,121.0034],[236,130.3239],[261,127.7639],[215,130.6046],[668,126.843],[322,130.2113],[647,121.7339],[214,128.5992],[633,124.403],[67,125.5397],[77,119.7866],[474,133.9119],[412,130.391],[293,130.5417],[64,121.0971],[80,120.6335],[662,120.5397],[609,128.2853],[630,120.9051],[262,132.1613],[49,122.6416],[472,130.2935],[444,135.6651],[73,116.0112],[76,120.0707],[666,124.572],[237,132.7984],[638,126.3059],[291,129.9483],[539,130.64],[522,135.6714],[652,126.5207],[216,135.4079],[75,118.7993],[615,120.4271],[65,123.0386],[664,122.8229],[441,130.1147],[667,127.0737],[552,130.6405],[197,132.5086],[661,121.3615],[98,126.9221],[238,135.6099],[653,127.7794],[644,119.9884],[681,125.5232],[86,115.5802],[520,132.069],[46,119.0742],[114,127.8056],[292,130.1709],[678,121.8973],[695,124.3825],[129,130.2995],[613,118.2917],[60,120.2247],[51,124.0083],[195,129.7251],[645,119.942],[654,130.6219],[443,135.0728],[58,116.6211],[637,126.3129],[294,132.7608],[679,122.8628],[500,135.5298],[83,128.4443],[614,125.5318],[624,133.8809],[324,134.6413],[115,114.0052],[48,123.1911],[99,132.3866],[682,128.4566],[538,132.2156],[699,135.4785],[198,135.5395],[61,120.9259],[627,119.5509],[53,128.9017],[697,131.1077],[663,124.2595],[623,133.1759],[52,127.8352],[88,118.3215],[264,135.5196],[692,122.797],[54,131.2493],[72,116.6127],[354,132.9531],[540,136.9672],[601,124.9187],[649,126.3062],[68,130.401],[696,128.9895],[44,119.0742],[554,139.5254],[683,132.7276],[69,134.1844],[499,136.3229],[694,124.7321],[684,134.9373],[66,126.4281],[721,129.3007],[639,136.9382],[39,134.0271],[711,131.6021],[37,128.9941],[521,137.4535],[677,122.3836],[709,128.9749],[669,139.6417],[34,122.6346],[706,123.9678],[186,118.1124],[35,126.2883],[263,137.9579],[698,138.8649],[676,121.6006],[57,118.111],[553,138.4676],[708,127.4865],[690,122.3961],[42,116.9066],[36,128.3757],[722,131.8674],[442,134.0968],[712,140.2788],[626,125.6771],[719,127.2338],[45,120.3846],[720,130.4688],[32,121.2355],[384,134.5475],[59,119.8313],[723,137.1379],[658,117.9744],[738,136.6988],[50,125.7551],[707,126.715],[30,121.2073],[84,135.4171],[660,122.8932],[710,134.5852],[729,128.5869],[730,130.6808],[56,118.2487],[22,126.5227],[23,127.3128],[323,133.2259],[739,137.5982],[33,125.8798],[705,125.2831],[642,120.7642],[20,124.6475],[717,126.2623],[11,128.3328],[24,131.9449],[19,121.2472],[732,141.3009],[659,121.5848],[21,127.1927],[680,127.1382],[737,134.7891],[731,140.7647],[693,126.6701],[736,137.1167],[71,117.3599],[12,128.0839],[643,121.5759],[29,120.2848],[38,134.0935],[701,121.8877],[727,130.7324],[608,130.2631],[734,133.6054],[40,117.224],[28,120.3344],[100,120.3714],[725,128.6372],[728,129.8361],[9,123.91],[628,123.3158],[25,133.4277],[670,122.6167],[43,118.7992],[704,124.201],[718,127.9996],[733,133.7286],[7,122.8974],[18,122.4246],[10,128.9396],[85,118.5383],[641,118.8526],[617,130.0762],[715,127.185],[673,120.9753],[27,120.1982],[8,123.4013],[1,124.3611],[726,132.9381],[713,130.0795],[655,125.3505],[26,133.0613],[14,131.748],[691,126.4251],[13,129.2307],[665,132.2726],[685,125.1873],[716,127.0265],[4,127.0689],[31,123.8934],[41,119.0307],[735,135.1686],[3,127.0683],[640,120.5472],[689,124.3379],[700,128.5664],[15,131.9242],[543,114.3055],[6,131.4214],[47,126.74],[688,126.1832],[2,125.6261],[703,128.4474],[656,123.8543],[724,131.3131],[0,124.4492],[629,128.3349],[686,123.6604],[17,122.188],[671,123.2806],[16,123.9389],[501,107.3948],[525,113.9589],[625,118.4999],[657,120.9296],[542,113.2101],[646,128.3665],[672,126.4892],[5,130.6326],[55,118.9756],[674,128.651],[526,125.2828],[702,131.5711],[70,122.3499],[714,132.1944],[675,133.5898],[687,127.9902],[541,116.9265]

Finish Times:
[355,49.24075],[325,49.32075],[385,49.32075],[295,49.64075],[326,49.80076],[356,50.00076],[296,50.04076],[265,50.20077],[386,50.28077],[327,50.44077],[266,50.48077],[357,50.56078],[387,50.56078],[297,50.76078],[328,50.96078],[388,51.20079],[239,51.24079],[298,51.24079],[358,51.28079],[267,51.5208],[415,51.5208],[268,51.5608],[329,51.5608],[389,51.8008],[359,51.88081],[417,51.88081],[299,52.04081],[418,52.20081],[330,52.28082],[240,52.40082],[390,52.44082],[269,52.48082],[360,52.56082],[419,52.84083],[300,52.88083],[331,52.96083],[391,53.00083],[420,53.16084],[361,53.20084],[446,53.24084],[241,53.40084],[270,53.40084],[447,53.56084],[301,53.64085],[392,53.68085],[421,53.68085],[449,53.68085],[271,53.72085],[332,53.88085],[451,54.16086],[422,54.32086],[242,54.36086],[393,54.40086],[362,54.44086],[272,54.48087],[450,54.52087],[302,54.64087],[453,54.80087],[423,55.00088],[363,55.04088],[333,55.08088],[244,55.16088],[245,55.44089],[452,55.44089],[416,55.48089],[273,55.52089],[454,55.60089],[394,55.64089],[303,55.76089],[334,55.8009],[243,56.1609],[246,56.2009],[448,56.2009],[221,56.28091],[424,56.28091],[480,56.28091],[364,56.32091],[274,56.40091],[304,56.68092],[335,56.84092],[395,56.84092],[477,56.84092],[223,56.92092],[275,57.16093],[305,57.16093],[219,57.24093],[365,57.40093],[336,57.52094],[248,57.60094],[455,57.60094],[481,57.68094],[222,57.72094],[306,57.88094],[224,58.04095],[425,58.04095],[483,58.08095],[396,58.12095],[217,58.24095],[479,58.32095],[276,58.36095],[366,58.56096],[247,58.64096],[426,58.64096],[484,58.68096],[482,58.80096],[225,58.84097],[397,58.88097],[337,59.00097],[456,59.24097],[367,59.28098],[457,59.40098],[226,59.64098],[427,59.64098],[478,59.64098],[249,59.72099],[504,59.72099],[220,59.76099],[485,59.92099],[458,60.00099],[277,60.08099],[307,60.321],[207,60.441],[508,60.481],[487,60.521],[338,60.72101],[205,60.76101],[206,60.80101],[250,60.80101],[506,60.80101],[486,60.84101],[278,61.08102],[398,61.16102],[507,61.32102],[511,61.32102],[191,61.40102],[308,61.48103],[510,61.52103],[227,61.60103],[279,61.68103],[203,61.84103],[368,61.88103],[428,61.96104],[309,62.08104],[204,62.20104],[505,62.20104],[179,62.28104],[190,62.32104],[339,62.44105],[399,62.48105],[445,62.52105],[251,62.68105],[531,62.76105],[476,62.96106],[178,63.00106],[369,63.04106],[429,63.04106],[169,63.20107],[310,63.28107],[218,63.32107],[547,63.48107],[340,63.60107],[171,63.72108],[280,63.72108],[400,63.72108],[180,63.80108],[529,63.84108],[158,64.08109],[311,64.16109],[370,64.24109],[572,64.24109],[252,64.28109],[509,64.44109],[172,64.48109],[145,64.5611],[563,64.6811],[281,64.7211],[371,64.8011],[181,64.96111],[475,65.08111],[341,65.24111],[564,65.28111],[556,65.36111],[253,65.44112],[160,65.48112],[401,65.52112],[189,65.64112],[170,65.84113],[312,65.88113],[555,65.92113],[372,66.04113],[431,66.08113],[432,66.12113],[174,66.16113],[282,66.60114],[402,66.60114],[201,66.64114],[161,66.68114],[342,66.68114],[430,66.80115],[461,66.80115],[573,66.80115],[147,67.16116],[373,67.16116],[313,67.20116],[460,67.36116],[571,67.44116],[528,67.52116],[343,67.56116],[462,67.68117],[162,67.72117],[159,67.92117],[584,68.00117],[188,68.04118],[404,68.08118],[459,68.08118],[182,68.12118],[530,68.16118],[403,68.40118],[283,68.52119],[148,68.60119],[583,68.72119],[344,68.76119],[433,68.80119],[173,68.9212],[546,69.0012],[434,69.0412],[254,69.1212],[202,69.1612],[374,69.32121],[146,69.48121],[464,69.48121],[489,69.48121],[175,69.64121],[284,69.64121],[490,69.68121],[435,69.92122],[488,69.96122],[228,70.16122],[558,70.16122],[463,70.20123],[314,70.28123],[491,70.32123],[405,70.52123],[149,70.72124],[199,70.72124],[229,70.76124],[565,70.80124],[566,70.80124],[345,70.92124],[465,70.92124],[574,70.92124],[436,71.24125],[559,71.36125],[585,71.40125],[164,71.52126],[524,71.52126],[492,71.56126],[183,71.60126],[163,71.72126],[255,71.84126],[576,71.96127],[512,72.04127],[375,72.08127],[151,72.16127],[562,72.16127],[133,72.32127],[165,72.44128],[466,72.52128],[208,72.56128],[611,72.64128],[513,72.80128],[597,72.92129],[150,73.00129],[285,73.04129],[136,73.12129],[493,73.12129],[137,73.2813],[527,73.3613],[134,73.4013],[560,73.4413],[256,73.6413],[315,73.6413],[598,73.72131],[406,73.76131],[121,74.08131],[119,74.12132],[152,74.12132],[568,74.12132],[514,74.16132],[176,74.24132],[316,74.24132],[120,74.28132],[494,74.56133],[523,74.64133],[230,74.76133],[567,74.76133],[138,74.84133],[586,74.96133],[376,75.04134],[577,75.08134],[106,75.12134],[166,75.20134],[346,75.40134],[122,75.60135],[135,75.60135],[407,75.64135],[515,75.64135],[595,75.64135],[153,75.76135],[557,75.76135],[131,76.00136],[117,76.04136],[377,76.12136],[467,76.20136],[437,76.28136],[575,76.36137],[184,76.40137],[200,76.64137],[286,76.72137],[438,76.76138],[535,76.76138],[139,76.80138],[612,76.88138],[154,77.04138],[516,77.28139],[569,77.28139],[209,77.32139],[317,77.32139],[582,77.36139],[107,77.60139],[600,77.6414],[185,77.7214],[533,77.7214],[408,77.8014],[140,77.8414],[231,77.8814],[347,78.16141],[548,78.20141],[604,78.28141],[104,78.40141],[468,78.48141],[589,78.48141],[124,78.64142],[123,78.80142],[167,78.80142],[579,78.80142],[561,78.84142],[116,78.92142],[439,79.08143],[578,79.12143],[105,79.16143],[177,79.28143],[155,79.40144],[141,79.44144],[517,79.52144],[580,79.52144],[288,79.76144],[118,79.88145],[287,79.92145],[610,79.92145],[125,80.04145],[130,80.04145],[590,80.08145],[550,80.16145],[109,80.20145],[348,80.44146],[532,80.48146],[318,80.52146],[534,80.72147],[210,80.76147],[495,80.80147],[110,81.08147],[378,81.12148],[570,81.12148],[257,81.16148],[187,81.24148],[596,81.24148],[605,81.36148],[156,81.48148],[606,81.52148],[319,81.68149],[519,81.76149],[349,81.84149],[588,81.92149],[103,82.0415],[192,82.0415],[591,82.0415],[91,82.1215],[549,82.2415],[211,82.3215],[469,82.4015],[320,82.48151],[94,82.76151],[602,82.76151],[587,82.88152],[620,82.92152],[592,83.00152],[142,83.04152],[143,83.08152],[258,83.12152],[379,83.16152],[632,83.48153],[599,83.52153],[502,83.68153],[581,83.72153],[259,83.76154],[496,83.76154],[168,83.80154],[90,83.84154],[101,83.92154],[607,84.16154],[350,84.28155],[409,84.32155],[232,84.40155],[551,84.40155],[603,84.52155],[126,84.56155],[108,84.80156],[234,84.88156],[594,84.88156],[193,85.00156],[380,85.00156],[157,85.16157],[518,85.28157],[619,85.28157],[128,85.52158],[233,85.52158],[381,85.60158],[634,85.60158],[93,85.68158],[127,85.72158],[102,85.84158],[410,85.96159],[382,86.12159],[289,86.16159],[194,86.20159],[593,86.24159],[544,86.32159],[497,86.4816],[112,86.5216],[537,86.6816],[351,86.7616],[132,86.80161],[260,86.84161],[96,87.00161],[618,87.00161],[498,87.04161],[635,87.16161],[290,87.32162],[89,87.40162],[440,87.44162],[636,87.48162],[212,87.64162],[536,87.80163],[621,87.80163],[411,87.84163],[79,87.88163],[235,88.16164],[470,88.16164],[503,88.28164],[651,88.36164],[95,88.40164],[650,88.44164],[113,88.52164],[87,88.68165],[92,88.72165],[383,88.76165],[63,88.88165],[616,88.96165],[648,88.96165],[414,89.00166],[97,89.08166],[78,89.32166],[196,89.40166],[321,89.40166],[62,89.60167],[413,89.64167],[473,89.68167],[81,89.72167],[545,89.84167],[213,89.96168],[352,89.96168],[144,90.04168],[471,90.24168],[111,90.32169],[82,90.40169],[74,90.44169],[353,90.52169],[622,90.52169],[631,90.60169],[236,90.64169],[261,90.64169],[215,90.8417],[668,90.8417],[322,91.1217],[647,91.16171],[214,91.28171],[633,91.28171],[67,91.40171],[77,91.40171],[474,91.40171],[412,91.68172],[293,91.76172],[64,91.80172],[80,91.80172],[662,91.88172],[609,92.00172],[630,92.12173],[262,92.24173],[49,92.28173],[472,92.28173],[444,92.36173],[73,92.56174],[76,92.56174],[666,92.60174],[237,92.64174],[638,92.76174],[291,92.84174],[539,92.88174],[522,93.12175],[652,93.12175],[216,93.24175],[75,93.28175],[615,93.28175],[65,93.40176],[664,93.40176],[441,93.52176],[667,93.52176],[552,93.72176],[197,93.96177],[661,94.08177],[98,94.12177],[238,94.16177],[653,94.24178],[644,94.28178],[681,94.32178],[86,94.36178],[520,94.36178],[46,94.72179],[114,94.80179],[292,94.84179],[678,94.88179],[695,94.88179],[129,94.92179],[613,94.92179],[60,95.2818],[51,95.4018],[195,95.4018],[645,95.4018],[654,95.4018],[443,95.4418],[58,95.56181],[637,95.60181],[294,95.80181],[679,95.88181],[500,96.00182],[83,96.08182],[614,96.12182],[624,96.12182],[324,96.32182],[115,96.40182],[48,96.48183],[99,96.60183],[682,96.60183],[538,96.64183],[699,96.76183],[198,96.84184],[61,96.96184],[627,97.04184],[53,97.08184],[697,97.20184],[663,97.28185],[623,97.32185],[52,97.36185],[88,97.48185],[264,97.52185],[692,97.56185],[54,97.84186],[72,97.84186],[354,97.84186],[540,97.96186],[601,97.96186],[649,98.12186],[68,98.16187],[696,98.16187],[44,98.20187],[554,98.48187],[683,98.52187],[69,98.60188],[499,98.68188],[694,98.84188],[684,99.00188],[66,99.04189],[721,99.04189],[639,99.08189],[39,99.12189],[711,99.36189],[37,99.44189],[521,99.5219],[677,99.6019],[709,99.6419],[669,99.7219],[34,99.8419],[706,99.8419],[186,100.0019],[35,100.2019],[263,100.2019],[698,100.2019],[676,100.3219],[57,100.3619],[553,100.4019],[708,100.5219],[690,100.6019],[42,100.6819],[36,100.8019],[722,100.8019],[442,100.8819],[712,101.0019],[626,101.0819],[719,101.3219],[45,101.3619],[720,101.3619],[32,101.4419],[384,101.5219],[59,101.6419],[723,101.6419],[658,101.7619],[738,101.962],[50,102.002],[707,102.042],[30,102.122],[84,102.242],[660,102.242],[710,102.242],[729,102.362],[730,102.522],[56,102.562],[22,102.602],[23,102.722],[323,102.802],[739,102.922],[33,103.002],[705,103.002],[642,103.042],[20,103.202],[717,103.282],[11,103.402],[24,103.442],[19,103.562],[732,103.562],[659,103.722],[21,103.802],[680,103.922],[737,104.042],[731,104.082],[693,104.162],[736,104.242],[71,104.322],[12,104.362],[643,104.442],[29,104.522],[38,104.682],[701,104.682],[727,104.682],[608,104.882],[734,104.922],[40,105.122],[28,105.202],[100,105.242],[725,105.242],[728,105.322],[9,105.362],[628,105.482],[25,105.642],[670,105.802],[43,105.882],[704,105.882],[718,105.962],[733,105.962],[7,106.042],[18,106.042],[10,106.2421],[85,106.2821],[641,106.3621],[617,106.4021],[715,106.5221],[673,106.6421],[27,106.6821],[8,106.7621],[1,106.8421],[726,106.8421],[713,106.9621],[655,107.0021],[26,107.2021],[14,107.2421],[691,107.3621],[13,107.5221],[665,107.5221],[685,107.5221],[716,107.6021],[4,107.6821],[31,107.7621],[41,107.8021],[735,107.8421],[3,108.0021],[640,108.0421],[689,108.3221],[700,108.3621],[15,108.4021],[543,108.4421],[6,108.4821],[47,108.5221],[688,108.6421],[2,108.8021],[703,108.9621],[656,109.1221],[724,109.1221],[0,109.1621],[629,109.2021],[686,109.2421],[17,109.5621],[671,109.6021],[16,109.6821],[501,109.6821],[525,109.7621],[625,109.8421],[657,109.8821],[542,110.2421],[646,110.4021],[672,110.4021],[5,110.4421],[55,110.5221],[674,110.5621],[526,111.0022],[702,111.0822],[70,111.1222],[714,111.2822],[675,111.3222],[687,111.7222],[541,111.7622]

Stuck Times:
[355,0],[325,0],[385,0],[295,0],[326,0],[356,0],[296,0],[265,0],[386,0],[327,0],[266,0],[357,0],[387,0],[297,0],[328,0],[388,0],[239,0],[298,0],[358,0],[267,0],[415,1],[268,0],[329,0],[389,0],[359,0],[417,0],[299,0],[418,0],[330,0],[240,0],[390,0],[269,0],[360,0],[419,0],[300,0],[331,0],[391,0],[420,0],[361,0],[446,2],[241,0],[270,0],[447,2],[301,0],[392,0],[421,0],[449,0],[271,0],[332,0],[451,0],[422,0],[242,0],[393,0],[362,0],[272,0],[450,0],[302,0],[453,0],[423,0],[363,0],[333,0],[244,0],[245,0],[452,0],[416,5],[273,0],[454,0],[394,0],[303,0],[334,1],[243,1],[246,0],[448,3],[221,1],[424,0],[480,1],[364,0],[274,1],[304,2],[335,1],[395,0],[477,3],[223,1],[275,2],[305,1],[219,4],[365,0],[336,0],[248,1],[455,0],[481,1],[222,1],[306,0],[224,1],[425,0],[483,2],[396,0],[217,5],[479,5],[276,0],[366,0],[247,2],[426,0],[484,2],[482,1],[225,1],[397,0],[337,0],[456,0],[367,0],[457,2],[226,1],[427,2],[478,6],[249,1],[504,5],[220,5],[485,3],[458,2],[277,1],[307,1],[207,1],[508,2],[487,2],[338,2],[205,4],[206,3],[250,2],[506,3],[486,3],[278,2],[398,4],[507,4],[511,2],[191,4],[308,3],[510,5],[227,3],[279,2],[203,6],[368,5],[428,5],[309,4],[204,5],[505,5],[179,4],[190,6],[339,5],[399,6],[445,10],[251,5],[531,3],[476,11],[178,7],[369,5],[429,7],[169,6],[310,6],[218,10],[547,9],[340,6],[171,5],[280,5],[400,7],[180,7],[529,6],[158,6],[311,6],[370,7],[572,8],[252,6],[509,7],[172,5],[145,9],[563,6],[281,5],[371,7],[181,7],[475,13],[341,8],[564,6],[556,9],[253,7],[160,8],[401,7],[189,9],[170,10],[312,7],[555,7],[372,9],[431,8],[432,8],[174,9],[282,8],[402,9],[201,13],[161,9],[342,8],[430,8],[461,8],[573,7],[147,11],[373,9],[313,9],[460,9],[571,8],[528,11],[343,9],[462,8],[162,11],[159,10],[584,11],[188,12],[404,10],[459,11],[182,9],[530,12],[403,9],[283,10],[148,12],[583,14],[344,10],[433,10],[173,10],[546,11],[434,9],[254,9],[202,13],[374,11],[146,13],[464,10],[489,11],[175,11],[284,10],[490,11],[435,11],[488,10],[228,14],[558,12],[463,12],[314,11],[491,11],[405,12],[149,14],[199,18],[229,13],[565,13],[566,13],[345,13],[465,12],[574,10],[436,10],[559,14],[585,14],[164,15],[524,17],[492,11],[183,15],[163,15],[255,15],[576,16],[512,13],[375,12],[151,15],[562,15],[133,17],[165,16],[466,13],[208,17],[611,17],[513,14],[597,15],[150,15],[285,15],[136,17],[493,14],[137,18],[527,20],[134,16],[560,17],[256,17],[315,15],[598,13],[406,14],[121,18],[119,17],[152,19],[568,16],[514,15],[176,17],[316,16],[120,18],[494,17],[523,21],[230,18],[567,17],[138,19],[586,17],[376,16],[577,17],[106,18],[166,18],[346,17],[122,19],[135,18],[407,17],[515,15],[595,19],[153,20],[557,16],[131,21],[117,20],[377,17],[467,18],[437,18],[575,18],[184,20],[200,23],[286,20],[438,18],[535,16],[139,20],[612,20],[154,20],[516,18],[569,17],[209,20],[317,19],[582,20],[107,21],[600,21],[185,24],[533,17],[408,17],[140,21],[231,22],[347,18],[548,18],[604,20],[104,22],[468,21],[589,20],[124,21],[123,20],[167,21],[579,19],[561,19],[116,23],[439,21],[578,20],[105,22],[177,21],[155,21],[141,23],[517,19],[580,19],[288,21],[118,22],[287,21],[610,24],[125,23],[130,25],[590,22],[550,20],[109,22],[348,21],[532,21],[318,23],[534,22],[210,24],[495,21],[110,23],[378,23],[570,25],[257,24],[187,25],[596,26],[605,22],[156,24],[606,22],[319,24],[519,22],[349,23],[588,24],[103,27],[192,25],[591,23],[91,25],[549,24],[211,26],[469,24],[320,24],[94,25],[602,25],[587,25],[620,22],[592,24],[142,25],[143,26],[258,26],[379,23],[632,23],[599,25],[502,29],[581,25],[259,26],[496,24],[168,26],[90,25],[101,29],[607,23],[350,27],[409,25],[232,27],[551,26],[603,26],[126,26],[108,26],[234,26],[594,27],[193,27],[380,27],[157,28],[518,27],[619,26],[128,27],[233,27],[381,26],[634,27],[93,29],[127,28],[102,32],[410,28],[382,26],[289,30],[194,27],[593,29],[544,31],[497,28],[112,28],[537,26],[351,29],[132,31],[260,27],[96,30],[618,28],[498,27],[635,26],[290,28],[89,31],[440,29],[636,25],[212,28],[536,28],[621,25],[411,28],[79,30],[235,28],[470,27],[503,31],[651,26],[95,31],[650,31],[113,32],[87,32],[92,29],[383,28],[63,31],[616,33],[648,30],[414,26],[97,33],[78,31],[196,30],[321,28],[62,33],[413,29],[473,27],[81,31],[545,34],[213,31],[352,32],[144,33],[471,29],[111,32],[82,34],[74,34],[353,26],[622,32],[631,31],[236,30],[261,32],[215,28],[668,28],[322,31],[647,32],[214,32],[633,31],[67,34],[77,34],[474,25],[412,27],[293,29],[64,36],[80,34],[662,33],[609,30],[630,35],[262,30],[49,33],[472,29],[444,24],[73,38],[76,37],[666,32],[237,33],[638,34],[291,31],[539,32],[522,27],[652,35],[216,32],[75,37],[615,36],[65,32],[664,36],[441,36],[667,33],[552,32],[197,34],[661,36],[98,35],[238,31],[653,35],[644,35],[681,34],[86,41],[520,33],[46,37],[114,37],[292,36],[678,36],[695,36],[129,36],[613,40],[60,36],[51,38],[195,36],[645,35],[654,35],[443,32],[58,39],[637,35],[294,35],[679,37],[500,33],[83,38],[614,38],[624,31],[324,34],[115,43],[48,38],[99,36],[682,35],[538,33],[699,31],[198,32],[61,41],[627,41],[53,39],[697,37],[663,40],[623,33],[52,39],[88,41],[264,36],[692,38],[54,38],[72,42],[354,37],[540,33],[601,40],[649,39],[68,38],[696,37],[44,42],[554,31],[683,32],[69,37],[499,33],[694,37],[684,32],[66,42],[721,34],[639,33],[39,38],[711,35],[37,40],[521,32],[677,42],[709,37],[669,31],[34,42],[706,39],[186,46],[35,43],[263,39],[698,32],[676,43],[57,43],[553,36],[708,38],[690,42],[42,44],[36,42],[722,35],[442,39],[712,33],[626,43],[719,41],[45,44],[720,40],[32,44],[384,38],[59,45],[723,38],[658,43],[738,39],[50,45],[707,40],[30,43],[84,43],[660,43],[710,38],[729,40],[730,40],[56,47],[22,44],[23,45],[323,44],[739,36],[33,44],[705,44],[642,48],[20,45],[717,42],[11,42],[24,42],[19,46],[732,34],[659,46],[21,46],[680,43],[737,38],[731,38],[693,44],[736,39],[71,50],[12,42],[643,43],[29,47],[38,42],[701,46],[727,41],[608,45],[734,41],[40,51],[28,48],[100,47],[725,42],[728,44],[9,48],[628,48],[25,46],[670,47],[43,50],[704,46],[718,43],[733,41],[7,48],[18,48],[10,46],[85,51],[641,49],[617,46],[715,46],[673,51],[27,50],[8,48],[1,47],[726,42],[713,44],[655,46],[26,47],[14,46],[691,47],[13,48],[665,47],[685,47],[716,46],[4,49],[31,50],[41,51],[735,43],[3,51],[640,52],[689,48],[700,47],[15,48],[543,50],[6,48],[47,50],[688,50],[2,50],[703,50],[656,52],[724,45],[0,53],[629,51],[686,50],[17,52],[671,50],[16,51],[501,57],[525,52],[625,51],[657,51],[542,54],[646,51],[672,49],[5,50],[55,56],[674,48],[526,55],[702,49],[70,54],[714,49],[675,49],[687,50],[541,54]

