Experiment Name: Custom-ExampleMap-4
Method Used: PathFollowingLowerNumberOfPaths
Run Number: 0
Preparation Time: 0.0003ms
Pathfinding Time: 16.5771ms
Finish Time: 177.9542ms
Finish Time 90%: 172.0352ms
Repaths: 0
Soft Repaths: 0

Gates Data:
18:[260,[33.16883,66.24348,0,[155.999,28.56271]]],[288,[34.27697,68.53352,0,[154.999,31.22096]]],[261,[33.89366,67.51686,0,[155.999,28.87269]]],[289,[34.7792,69.44715,0,[154.999,30.31433]]],[290,[34.92859,69.70914,0,[155.999,29.97221]]],[262,[34.61894,68.67811,0,[155.999,28.75337]]],[314,[34.89022,69.63318,0,[154.999,31.88953]]],[231,[33.97577,66.90902,0,[155.999,26.93407]]],[263,[35.34937,70.08147,0,[155.999,28.66912]]],[291,[36.13127,72.17468,0,[154.999,30.12884]]],[315,[35.50115,70.93955,0,[154.999,31.16924]]],[264,[36.04836,71.68819,0,[155.999,29.31304]]],[232,[34.6185,67.89166,0,[155.999,27.28305]]],[292,[36.83135,73.54272,0,[154.999,30.59252]]],[234,[36.09032,70.8399,0,[155.999,28.07482]]],[316,[36.22694,72.32037,0,[154.999,31.31875]]],[233,[35.6498,69.44914,0,[155.999,27.21004]]],[237,[37.46796,74.07946,0,[155.999,28.79958]]],[265,[36.70941,72.87771,0,[155.999,29.64627]]],[236,[36.85879,72.75473,0,[155.999,28.42973]]],[202,[35.26928,69.01699,0,[155.999,26.02204]]],[207,[37.81787,74.54572,0,[155.999,27.79447]]],[266,[37.33597,74.25669,0,[155.999,29.92677]]],[336,[35.76028,71.28336,0,[154.999,32.2875]]],[238,[38.1486,75.39181,0,[155.999,28.9269]]],[235,[37.28873,71.77627,0,[155.999,27.14432]]],[294,[38.26254,76.39688,0,[154.999,30.86163]]],[293,[37.52123,74.94988,0,[154.999,30.86048]]],[206,[37.98196,72.99662,0,[155.999,26.49055]]],[204,[36.67001,71.40256,0,[155.999,27.24328]]],[177,[38.39817,75.29175,0,[155.999,27.63331]]],[317,[37.1062,73.74976,0,[154.999,31.73328]]],[179,[39.11065,77.08835,0,[155.999,27.70252]]],[205,[36.92882,71.76884,0,[155.999,25.89883]]],[209,[39.50988,77.52552,0,[155.999,28.72176]]],[208,[38.75219,76.42374,0,[155.999,28.75871]]],[178,[39.70341,76.30385,0,[155.999,27.55049]]],[174,[37.56034,71.53565,0,[155.999,25.47289]]],[176,[38.78812,74.11385,0,[155.999,26.5674]]],[240,[39.60477,78.15827,0,[155.999,29.81336]]],[180,[40.08594,78.41405,0,[155.999,28.79006]]],[239,[38.8461,76.79113,0,[155.999,29.86609]]],[147,[39.36114,75.40855,0,[155.999,26.26075]]],[175,[38.45115,72.74392,0,[155.999,25.4005]]],[150,[40.26503,78.75294,0,[155.999,27.63856]]],[210,[40.33365,78.8451,0,[155.999,29.7526]]],[151,[40.86701,79.94398,0,[155.999,27.76962]]],[149,[39.94542,77.1391,0,[155.999,26.43122]]],[267,[38.63507,76.52289,0,[154.999,30.02199]]],[203,[36.24674,69.83863,0,[155.999,26.14893]]],[181,[40.7771,79.56653,0,[155.999,28.89631]]],[213,[41.51667,81.33916,0,[155.999,28.22468]]],[318,[37.86292,75.21992,0,[154.999,31.79581]]],[182,[41.33732,81.41721,0,[155.999,29.2805]]],[173,[37.55582,69.6944,0,[156.999,24.1764]]],[211,[41.48034,81.69626,0,[154.999,30.13574]]],[120,[40.5984,78.96311,0,[155.999,26.42066]]],[183,[41.68058,81.24285,0,[155.999,27.15734]]],[214,[42.25475,82.20444,0,[155.999,27.35375]]],[268,[39.18486,77.99845,0,[154.999,30.87489]]],[244,[41.9369,82.28783,0,[155.999,29.32538]]],[121,[41.17315,80.09927,0,[155.999,26.69239]]],[274,[42.89956,83.54995,0,[155.999,28.46894]]],[92,[41.78987,80.15717,0,[155.999,25.95094]]],[241,[40.79245,80.38835,0,[154.999,30.74894]]],[324,[43.585,86.28456,0,[154.999,30.0601]]],[148,[40.31088,75.93597,0,[155.999,25.31779]]],[301,[43.33243,84.63403,0,[155.999,29.18331]]],[152,[42.81359,80.90657,0,[155.999,27.25955]]],[122,[42.90973,81.05219,0,[155.999,25.98293]]],[269,[40.08117,79.45659,0,[154.999,30.8686]]],[230,[36.58329,65.42573,0,[156.999,24.38317]]],[243,[43.24222,84.15599,0,[154.999,31.09038]]],[273,[42.29774,82.92746,0,[155.999,28.45012]]],[246,[43.36549,83.91639,0,[155.999,27.77064]]],[184,[43.40874,82.14906,0,[155.999,26.58602]]],[146,[39.64259,74.21989,0,[155.999,25.11166]]],[143,[39.1422,70.53319,0,[156.999,23.532]]],[275,[43.94189,84.28563,0,[155.999,27.35837]]],[325,[44.17627,86.76124,0,[154.999,30.38958]]],[117,[40.37188,74.58313,0,[156.999,24.47384]]],[302,[43.85931,85.34681,0,[155.999,28.46958]]],[118,[42.34173,77.72748,0,[155.999,26.21989]]],[247,[44.05322,84.34837,0,[155.999,26.24805]]],[337,[36.55601,72.88944,0,[154.999,32.39175]]],[248,[44.89043,85.48717,0,[155.999,26.14307]]],[276,[44.58102,85.35998,0,[155.999,27.06751]]],[326,[44.80528,88.1227,0,[154.999,30.27929]]],[249,[45.40665,86.81093,0,[155.999,26.81446]]],[144,[38.58032,71.3838,0,[156.999,24.52508]]],[303,[43.95582,86.64912,0,[155.999,29.52646]]],[217,[45.5044,84.99746,0,[155.999,25.71153]]],[219,[45.9868,87.5104,0,[155.999,26.53251]]],[218,[46.28772,86.49046,0,[155.999,25.61733]]],[278,[45.1283,87.96265,0,[155.999,27.78921]]],[277,[44.49327,86.68568,0,[155.999,28.16711]]],[93,[42.62762,79.27577,0,[156.999,24.88328]]],[250,[46.48793,88.76011,0,[155.999,27.41835]]],[251,[45.87476,89.24513,0,[155.999,27.62386]]],[153,[43.65113,81.28968,0,[155.999,25.37671]]],[215,[44.47949,81.69563,0,[156.999,24.96936]]],[323,[43.86813,85.85767,0,[154.999,31.39053]]],[119,[41.27087,77.73411,0,[155.999,25.41451]]],[295,[39.53769,77.96939,0,[154.999,31.72403]]],[221,[47.25349,90.47561,0,[155.999,27.15605]]],[222,[47.71896,91.01904,0,[155.999,26.47691]]],[220,[46.74456,89.10521,0,[155.999,26.39097]]],[91,[42.14154,77.65201,0,[156.6537,24.99992]]],[300,[42.64402,84.12533,0,[155.999,29.50099]]],[191,[47.20945,89.6851,0,[155.999,25.68134]]],[281,[46.39138,91.56407,0,[155.999,28.50327]]],[252,[47.10015,91.26257,0,[155.999,28.22673]]],[187,[45.71863,83.90578,0,[156.999,23.92239]]],[245,[44.36409,82.28645,0,[155.999,25.22404]]],[194,[48.31611,93.04891,0,[155.999,26.64804]]],[271,[42.63249,83.28632,0,[154.999,31.30889]]],[304,[44.53402,87.78465,0,[155.999,29.27465]]],[190,[46.80746,87.73546,0,[156.999,24.62317]]],[253,[47.67239,92.16204,0,[155.999,28.48593]]],[216,[45.33823,82.86256,0,[156.999,24.83727]]],[192,[48.467,91.0098,0,[155.999,25.55157]]],[193,[47.8425,91.70915,0,[155.999,25.39485]]],[188,[46.38055,85.33465,0,[156.999,23.70588]]],[306,[46.11739,90.13284,0,[155.999,29.5277]]],[223,[47.98342,92.46507,0,[155.999,27.53833]]],[161,[48.10583,89.40798,0,[156.999,24.48395]]],[159,[47.48163,87.52876,0,[156.999,24.34991]]],[255,[48.50833,94.83539,0,[155.999,28.64304]]],[186,[46.06201,82.69962,0,[156.999,22.65439]]],[123,[43.51585,80.38079,0,[156.999,24.29462]]],[163,[49.0802,92.82827,0,[155.999,25.3295]]],[307,[46.77448,91.366,0,[155.999,29.2663]]],[154,[44.88076,81.17509,0,[156.999,23.94116]]],[279,[45.10332,89.17709,0,[155.999,28.88885]]],[225,[48.92907,94.5848,0,[155.999,26.4306]]],[189,[46.14123,86.3113,0,[156.999,24.78986]]],[165,[50.05878,95.51799,0,[155.999,26.65622]]],[164,[49.55317,94.00835,0,[155.999,25.89314]]],[224,[48.76105,94.09902,0,[155.999,27.55719]]],[89,[41.38043,75.7774,0,[156.999,24.6518]]],[131,[49.48279,90.70559,0,[156.999,24.72002]]],[134,[50.1296,94.42626,0,[155.999,25.5638]]],[329,[46.73655,91.31285,0,[154.999,30.5826]]],[90,[42.36704,76.186,0,[156.999,23.79431]]],[156,[50.11288,86.06997,0,[156.999,24.80178]]],[129,[51.26455,90.96097,0,[155.999,25.38877]]],[135,[51.13337,96.50485,0,[155.999,26.51374]]],[328,[46.0155,90.19394,0,[154.999,30.74048]]],[195,[49.39399,94.98614,0,[155.999,27.03458]]],[66,[43.02289,78.51528,0,[156.999,23.512]]],[167,[51.05073,98.90135,0,[155.999,27.64187]]],[185,[49.12618,83.74923,0,[156.999,23.41427]]],[95,[50.43581,83.46046,0,[156.999,23.85846]]],[319,[38.69022,76.8363,0,[154.999,31.61616]]],[133,[50.67639,93.98628,0,[155.999,25.84636]]],[282,[47.39423,92.97017,0,[155.999,29.46675]]],[157,[47.02338,84.82261,0,[156.999,23.42346]]],[283,[48.93013,95.55333,0,[155.2677,29.99986]]],[162,[48.87776,90.68554,0,[156.999,24.45655]]],[104,[51.77724,96.11081,0,[155.999,25.73397]]],[105,[51.63181,97.31539,0,[155.999,26.91502]]],[145,[39.70188,72.29876,0,[156.999,23.9995]]],[305,[45.46556,88.97063,0,[155.999,29.74314]]],[102,[52.51403,93.91153,0,[155.999,25.6449]]],[137,[52.23293,99.61152,0,[155.999,26.68037]]],[158,[47.71201,86.46228,0,[156.999,23.29192]]],[254,[48.02667,93.47783,0,[155.999,29.5362]]],[166,[51.08476,97.2943,0,[155.999,28.72585]]],[130,[51.65138,91.91777,0,[156.999,24.93682]]],[197,[51.75059,98.47147,0,[155.9991,27.93427]]],[308,[48.21713,93.71198,0,[154.999,30.4567]]],[64,[46.64154,77.46155,0,[156.999,22.34473]]],[196,[49.82183,96.44446,0,[155.999,27.72688]]],[78,[52.85571,98.46552,0,[155.999,26.79218]]],[99,[51.9832,90.6106,0,[156.999,23.96756]]],[334,[51.90382,98.59467,0,[155.5859,29.99965]]],[257,[50.38092,97.54247,0,[155.999,28.19639]]],[100,[52.37325,92.22942,0,[156.999,24.82974]]],[198,[52.37377,100.1518,0,[155.999,27.74914]]],[42,[49.73386,80.57602,0,[156.999,23.63747]]],[155,[51.3773,86.18832,0,[156.999,23.55936]]],[126,[52.9356,89.04616,0,[156.999,24.76968]]],[62,[48.80066,77.08195,0,[156.999,22.29656]]],[75,[53.83742,96.35412,0,[155.9991,26.24958]]],[212,[42.11007,83.22575,0,[154.999,30.2768]]],[132,[53.19943,95.8221,0,[155.999,25.81003]]],[74,[54.45081,95.92718,0,[155.9991,25.18614]]],[24,[52.56548,82.71112,0,[156.999,23.46161]]],[108,[53.37801,100.2271,0,[155.9991,27.28129]]],[136,[50.54726,97.56935,0,[155.999,27.09447]]],[201,[42.55192,68.26202,0,[156.999,22.39075]]],[258,[51.66963,99.05695,0,[155.9991,29.06019]]],[72,[53.83732,93.73624,0,[155.999,25.17007]]],[68,[49.45413,81.42374,0,[156.999,22.33797]]],[52,[55.13797,100.6173,0,[155.999,26.6212]]],[96,[50.11992,84.20724,0,[156.999,22.55856]]],[45,[55.86957,91.9873,0,[155.999,25.79234]]],[285,[51.63535,98.36877,0,[154.999,30.72266]]],[73,[55.27576,96.31362,0,[155.999,25.4471]]],[12,[56.50797,88.71297,0,[155.999,26.05274]]],[228,[52.3383,100.3713,0,[155.999,29.03855]]],[50,[54.54855,98.76489,0,[155.9991,26.21878]]],[51,[55.76216,102.0739,0,[155.999,26.92774]]],[160,[48.43589,88.67145,0,[156.999,23.49267]]],[10,[57.29866,89.13364,0,[155.999,25.59991]]],[259,[53.03338,101.0958,0,[155.999,29.40207]]],[98,[53.73756,91.38656,0,[156.999,24.34078]]],[125,[56.3966,97.2557,0,[155.999,27.20274]]],[25,[55.46216,90.10123,0,[156.999,24.82225]]],[53,[56.8356,103.8856,0,[155.999,27.85169]]],[101,[54.61243,96.42846,0,[155.999,27.54592]]],[46,[57.72091,96.60676,0,[155.9991,26.58631]]],[168,[52.88884,101.3904,0,[155.999,28.2522]]],[20,[55.20561,83.27493,0,[156.999,23.89214]]],[344,[44.78238,87.23749,0,[154.999,31.36171]]],[69,[53.17572,85.85831,0,[156.999,23.67513]]],[14,[57.06456,93.30844,0,[155.999,26.7191]]],[127,[50.78967,88.2951,0,[156.999,22.92366]]],[84,[56.91384,80.02054,0,[156.999,24.65112]]],[18,[55.60643,80.21746,0,[156.999,22.93926]]],[330,[47.49971,92.55641,0,[154.999,30.21021]]],[41,[48.56538,78.33126,0,[156.999,21.00385]]],[4,[58.1188,94.01322,0,[155.9991,27.98057]]],[11,[56.44138,87.73831,0,[156.4693,24.99972]]],[81,[55.44239,105.7226,0,[155.999,28.97738]]],[6,[59.91331,98.30054,0,[155.999,27.14735]]],[128,[50.97892,89.1009,0,[156.999,24.47554]]],[106,[54.00646,99.94877,0,[155.9991,27.42123]]],[22,[50.01882,79.6003,0,[156.999,21.23642]]],[9,[59.06864,90.20613,0,[155.9991,26.49853]]],[77,[55.82847,100.0283,0,[155.999,27.99225]]],[284,[49.709,96.37623,0,[155.9991,28.98247]]],[8,[56.19271,84.29114,0,[156.999,23.87636]]],[124,[45.35886,81.4689,0,[156.999,22.93222]]],[85,[52.42623,75.24333,0,[156.999,22.14593]]],[44,[51.31709,82.56725,0,[156.999,22.0658]]],[58,[58.76262,84.25632,0,[155.9991,25.74426]]],[88,[46.21117,74.53508,0,[156.999,21.20737]]],[111,[58.00935,77.26633,0,[155.999,25.39337]]],[280,[45.68982,90.37819,0,[155.999,28.68193]]],[56,[59.78633,88.24023,0,[155.999,26.0009]]],[13,[54.5095,86.33878,0,[156.999,24.67136]]],[71,[57.50176,99.23014,0,[155.9991,27.78571]]],[141,[51.84729,72.22203,0,[156.999,22.718]]],[70,[61.69293,106.0156,0,[154.999,30.40093]]],[138,[53.56011,101.125,0,[155.999,28.46038]]],[82,[60.72049,83.50533,0,[155.999,26.68754]]],[35,[60.8155,94.81211,0,[155.999,28.72542]]],[112,[54.84058,73.54639,0,[156.999,22.44057]]],[29,[62.54222,110.0864,0,[154.9991,30.88041]]],[39,[53.83992,80.85382,0,[156.999,23.01574]]],[5,[61.87606,103.6226,0,[155.9991,29.75252]]],[7,[61.21477,94.29056,0,[155.999,27.51467]]],[226,[49.23233,96.16717,0,[155.999,28.24107]]],[21,[54.52225,83.84678,0,[156.999,23.56068]]],[110,[62.51159,80.67866,0,[155.9991,28.38086]]],[43,[48.08432,80.35071,0,[156.999,22.25396]]],[340,[58.38083,80.71851,0,[154.9992,32.51713]]],[26,[58.94754,100.1442,0,[155.9992,27.67488]]],[27,[61.15543,109.9713,0,[155.9991,29.60408]]],[37,[53.60044,77.71564,0,[156.999,21.37778]]],[270,[41.41711,80.85706,0,[154.999,31.23246]]],[0,[59.7603,90.8278,0,[156.8418,24.99962]]],[28,[59.71827,108.2128,0,[155.7554,29.99962]]],[65,[44.60246,77.51009,0,[156.999,22.59457]]],[34,[58.96381,82.5718,0,[156.645,24.99967]]],[345,[45.80014,88.12329,0,[154.999,32.1727]]],[1,[61.70893,97.89888,0,[155.9991,28.22725]]],[86,[46.47625,72.04087,0,[157.9372,20.99994]]],[107,[54.23794,100.3957,0,[155.999,28.62261]]],[67,[47.30749,79.81969,0,[156.999,22.1877]]],[3,[58.31534,93.46494,0,[155.999,26.81181]]],[140,[60.85287,74.60584,0,[155.999,25.30016]]],[60,[53.13914,77.1944,0,[156.999,22.43673]]],[171,[40.34585,68.46059,0,[156.999,22.92872]]],[48,[61.30886,104.4759,0,[154.999,31.57191]]],[49,[57.65988,103.395,0,[155.999,29.09534]]],[170,[59.35014,70.92403,0,[156.9991,23.89613]]],[57,[58.04437,81.12843,0,[156.999,24.93231]]],[36,[57.54948,78.30808,0,[156.999,24.04367]]],[30,[58.5164,106.8649,0,[155.9992,29.01003]]],[15,[59.9103,102.797,0,[155.9991,28.81822]]],[33,[57.12417,108.1284,0,[155.7984,29.99965]]],[327,[45.4672,88.83645,0,[154.999,30.17676]]],[2,[60.41759,96.80034,0,[155.999,27.96231]]],[97,[59.45333,103.409,0,[155.999,28.20494]]],[80,[56.37955,104.1275,0,[155.9991,29.91925]]],[142,[45.44089,70.46455,0,[156.999,21.5666]]],[32,[60.58267,109.8109,0,[154.999,30.91113]]],[19,[56.91184,81.57872,0,[156.999,23.25647]]],[199,[53.71724,102.1959,0,[155.999,29.57016]]],[40,[55.4563,77.87061,0,[156.999,21.5362]]],[61,[51.91365,75.32407,0,[156.999,21.13651]]],[17,[60.2913,89.80751,0,[155.999,29.70822]]],[367,[63.41693,96.62761,0,[154.9991,30.80849]]],[357,[64.37662,94.44332,0,[154.999,31.11658]]],[76,[55.1856,99.47594,0,[155.999,27.84533]]],[114,[40.95892,72.23929,0,[156.999,23.65368]]],[358,[50.43254,92.15664,0,[154.9991,32.07581]]],[79,[54.84326,101.7294,0,[155.9991,28.90201]]],[342,[42.79539,81.36263,0,[154.999,32.34097]]],[200,[52.84893,67.45558,0,[157.1538,20.99987]]],[338,[38.17705,74.46483,0,[154.999,32.66016]]],[59,[56.34808,76.27699,0,[156.999,22.39856]]],[311,[50.43339,97.46018,0,[155.999,29.26548]]],[172,[38.58025,68.8745,0,[156.999,22.8581]]],[94,[44.13339,79.88033,0,[156.999,23.92402]]],[343,[62.17469,88.6104,0,[154.9992,32.35215]]],[362,[53.90869,98.52634,0,[154.999,31.46615]]],[363,[59.08245,91.60459,0,[154.9993,31.21754]]],[16,[61.5504,89.74161,0,[155.999,26.09019]]],[116,[41.71822,73.56786,0,[156.999,23.29701]]],[38,[54.2498,79.96334,0,[156.999,21.75229]]],[256,[48.99171,95.9423,0,[155.999,29.30771]]],[320,[53.16489,81.2485,0,[154.9991,32.49516]]],[113,[48.90542,71.69038,0,[157.9198,20.99994]]],[341,[44.99369,79.91747,0,[154.999,32.37481]]],[352,[53.25753,97.59166,0,[154.999,31.12999]]],[349,[48.20351,92.8273,0,[154.999,31.5584]]],[23,[50.76185,80.23085,0,[156.999,21.42825]]],[353,[60.21169,100.9511,0,[154.9991,31.95155]]],[47,[59.1162,103.3088,0,[155.9991,29.40738]]],[169,[56.12136,104.6412,0,[154.999,30.43164]]],[339,[40.04777,76.12333,0,[154.999,32.59724]]],[368,[59.28744,97.97446,0,[154.999,30.10893]]],[115,[43.30402,73.01961,0,[156.999,22.02618]]],[229,[55.31593,103.8645,0,[154.999,30.83448]]],[331,[48.77745,93.9585,0,[154.999,32.2444]]],[350,[52.61786,94.95106,0,[154.999,31.86547]]],[335,[62.75178,101.3098,0,[155.9992,29.8569]]],[359,[51.68085,93.55054,0,[154.999,31.78576]]],[365,[57.04524,92.72988,0,[154.999,31.85418]]],[55,[57.80728,108.2635,0,[154.9991,30.76543]]],[287,[54.50719,102.5076,0,[154.999,30.64186]]],[63,[43.84372,75.91579,0,[156.999,22.82046]]],[310,[49.79278,96.67796,0,[154.999,30.34361]]],[312,[53.82647,99.72398,0,[154.999,30.21346]]],[31,[56.90506,104.5568,0,[155.9991,28.9105]]],[242,[42.06188,82.35466,0,[154.999,31.37374]]],[87,[47.56158,74.18034,0,[157.4462,20.99996]]],[356,[47.87434,89.30247,0,[154.999,32.52832]]],[286,[53.13628,100.2163,0,[154.999,30.02715]]],[351,[50.41726,96.09009,0,[154.999,30.78241]]],[361,[54.68747,97.27496,0,[154.999,31.67058]]],[366,[56.0702,93.28955,0,[154.999,31.4868]]],[272,[47.2219,85.15883,0,[154.999,32.3993]]],[360,[55.10419,95.266,0,[154.9991,32.58183]]],[364,[51.07757,91.2205,0,[154.999,30.19631]]],[298,[44.32049,84.05688,0,[154.999,32.10558]]],[297,[41.77475,80.97158,0,[154.999,32.38339]]],[139,[54.34588,103.1451,0,[155.999,29.94543]]],[355,[50.96881,89.43105,0,[154.999,31.33582]]],[309,[48.90339,95.07688,0,[154.999,31.02629]]],[321,[41.07544,80.19179,0,[154.999,32.0991]]],[83,[58.37169,76.90753,0,[156.999,23.5357]]],[333,[49.80493,96.32268,0,[155.9991,29.96312]]],[347,[46.56757,90.55092,0,[154.999,31.70799]]],[346,[45.42324,89.06878,0,[154.999,31.30297]]],[354,[52.4199,89.89323,0,[154.999,30.87679]]],[369,[56.93608,98.39619,0,[154.9991,30.65046]]],[296,[40.45591,79.46828,0,[154.999,31.73301]]],[103,[56.25549,100.692,0,[155.999,28.63554]]],[299,[42.73388,84.65064,0,[154.999,30.21937]]],[54,[58.0935,107.69,0,[155.5757,29.99941]]],[348,[47.3554,91.39249,0,[154.999,31.26508]]],[109,[55.05298,103.5319,0,[155.999,29.98726]]],[227,[51.08826,97.67126,0,[155.999,29.82028]]],[313,[55.79737,102.3621,0,[155.9992,29.72399]]],[332,[49.54492,95.44398,0,[154.999,31.57453]]],[322,[43.41663,81.79575,0,[154.999,32.17259]]]
10:[260,[64.41283,128.5034,0,[107.9992,63.18118]]],[288,[64.57121,128.6845,0,[108.9992,64.21637]]],[261,[65.45486,130.2371,0,[107.9993,63.24448]]],[289,[65.42614,130.1327,0,[108.9993,64.46392]]],[290,[66.48524,132.3454,0,[108.4812,64.00072]]],[262,[66.44427,132.1434,0,[107.5792,63.00068]]],[314,[66.52465,130.7301,0,[108.9993,65.26528]]],[231,[66.65191,131.2832,0,[106.9992,61.84349]]],[263,[67.52178,134.0682,0,[107.2864,63.00071]]],[291,[67.34435,134.1072,0,[108.2694,64.00072]]],[315,[67.29083,132.445,0,[108.9994,65.12589]]],[264,[68.14874,134.7842,0,[107.5415,63.0007]]],[232,[67.68288,132.6635,0,[106.9992,61.57944]]],[292,[68.17089,134.8461,0,[108.4732,64.00073]]],[234,[68.74403,134.8981,0,[107.9993,63.36465]]],[316,[68.216,133.8584,0,[108.9994,65.19274]]],[233,[68.53705,133.7595,0,[106.9993,62.02854]]],[237,[69.59588,137.9448,0,[107.9993,63.49715]]],[265,[68.97918,135.9384,0,[108.9993,64.17369]]],[236,[69.41718,137.1308,0,[106.9993,62.68166]]],[202,[69.80688,135.2382,0,[106.9992,61.82862]]],[207,[70.20466,138.7102,0,[107.7438,63.00074]]],[266,[69.91059,137.4323,0,[108.8234,64.00072]]],[336,[70.09994,133.0131,0,[108.9995,65.61298]]],[238,[70.96358,139.659,0,[107.4744,63.00069]]],[235,[70.40891,136.7046,0,[106.9993,61.62099]]],[294,[70.7615,139.2312,0,[108.4676,64.00075]]],[293,[70.93408,138.064,0,[108.9994,65.66356]]],[206,[71.65166,138.5965,0,[107.3816,63.00072]]],[204,[71.00526,137.0695,0,[106.9993,61.40887]]],[177,[71.57133,139.7121,0,[108.2919,64.00075]]],[317,[71.51007,137.4365,0,[108.9995,65.3027]]],[179,[72.40062,141.6995,0,[107.4148,63.00073]]],[205,[71.72011,137.9105,0,[106.9992,61.46786]]],[209,[72.3344,141.5827,0,[108.3155,64.00078]]],[208,[72.07303,140.3561,0,[108.9995,64.9458]]],[178,[72.90771,141.2853,0,[107.9993,63.15882]]],[174,[72.49307,137.7538,0,[106.9993,61.65104]]],[176,[73.41184,140.0879,0,[106.9993,62.58207]]],[240,[73.05613,141.4967,0,[108.9042,64.00075]]],[180,[73.5411,143.1303,0,[107.9993,63.32589]]],[239,[72.89798,141.0768,0,[108.9994,65.23291]]],[147,[74.00449,141.9178,0,[106.9994,62.49327]]],[175,[73.07586,138.9298,0,[106.8023,61.00068]]],[150,[74.13641,144.1543,0,[107.9994,63.34593]]],[210,[73.66835,142.9193,0,[108.9825,64.0007]]],[151,[74.7344,145.253,0,[106.9993,62.71669]]],[149,[74.8432,144.0452,0,[107.9993,63.47427]]],[267,[73.84571,139.6841,0,[108.9994,65.68651]]],[203,[73.83479,137.2771,0,[106.8593,61.0006]]],[181,[74.41685,143.9177,0,[108.9686,64.00078]]],[213,[75.54159,146.9811,0,[106.9993,62.89184]]],[318,[74.67429,138.973,0,[108.9995,65.76863]]],[182,[75.54498,146.7499,0,[107.9993,63.47405]]],[173,[74.5021,138.8965,0,[106.9993,61.00005]]],[211,[75.21976,144.7186,0,[108.9906,64.00074]]],[120,[75.1438,145.2958,0,[106.9993,61.17592]]],[183,[76.28658,148.2624,0,[107.9993,63.82582]]],[214,[76.26864,148.8691,0,[106.9994,62.97392]]],[268,[75.44244,141.1962,0,[108.9995,65.62132]]],[244,[76.24664,146.9739,0,[108.9994,64.44451]]],[121,[76.52422,146.7989,0,[106.9993,62.1176]]],[274,[76.58206,148.4586,0,[107.9807,63.00071]]],[92,[77.39774,148.123,0,[106.9994,62.87155]]],[241,[76.09155,144.3453,0,[108.9995,65.44062]]],[324,[76.73424,149.6727,0,[108.7826,64.00074]]],[148,[75.86826,143.1421,0,[106.632,61.00058]]],[301,[77.50706,150.6651,0,[107.9994,63.91301]]],[152,[78.26276,148.1453,0,[107.9994,63.87309]]],[122,[77.94642,148.6972,0,[107.1765,63.00074]]],[269,[77.16788,143.5853,0,[108.9995,65.61445]]],[230,[76.72489,135.0217,0,[106.8505,61.00064]]],[243,[77.76331,147.4145,0,[108.9994,64.17625]]],[273,[77.96612,149.8269,0,[108.9994,65.74412]]],[246,[78.67428,150.9063,0,[107.9993,63.45284]]],[184,[78.59299,150.2325,0,[106.9993,62.718]]],[146,[77.49044,140.9661,0,[106.9993,61.25846]]],[143,[78.86302,141.8655,0,[106.9993,61.80559]]],[275,[79.1993,151.505,0,[107.5944,63.00076]]],[325,[78.67866,150.281,0,[108.9993,64.20761]]],[117,[78.21293,143.4651,0,[106.7204,61.00067]]],[302,[79.35869,152.5199,0,[108.5035,64.00076]]],[118,[79.79198,146.2902,0,[106.9993,62.408]]],[247,[79.70213,152.6379,0,[107.9993,63.16213]]],[337,[79.05343,138.4491,0,[109.0069,66.00087]]],[248,[80.62024,153.6775,0,[106.9994,62.89543]]],[276,[80.93075,152.1681,0,[107.9993,63.42693]]],[326,[79.75443,151.8425,0,[108.9993,64.11411]]],[249,[80.43968,153.4373,0,[107.9994,63.6787]]],[144,[79.29652,141.5624,0,[106.6384,61.0007]]],[303,[79.81433,153.6168,0,[108.9994,65.6384]]],[217,[81.19673,153.2371,0,[106.9993,62.6392]]],[219,[81.4129,154.7849,0,[107.9993,63.18975]]],[218,[81.68571,154.2538,0,[106.9993,62.30099]]],[278,[81.20133,153.6053,0,[108.9614,64.0008]]],[277,[80.49558,153.2245,0,[108.9994,64.13467]]],[93,[80.55652,147.8176,0,[106.891,61.00065]]],[250,[81.97388,155.4474,0,[107.8532,63.00072]]],[251,[81.91068,155.5577,0,[108.6792,64.00073]]],[153,[82.50254,151.5808,0,[106.9993,62.58651]]],[215,[81.32841,150.7588,0,[106.614,61.00065]]],[323,[81.68049,149.866,0,[108.9995,65.79071]]],[119,[79.87502,146.0643,0,[106.968,61.00063]]],[295,[80.96785,142.8905,0,[108.9995,65.97432]]],[221,[82.75365,157.7944,0,[107.9994,63.99879]]],[222,[83.17117,157.3407,0,[107.9993,63.29095]]],[220,[83.07018,157.2622,0,[106.9993,62.60608]]],[91,[82.60197,147.259,0,[106.8351,61.00062]]],[300,[82.45934,150.5401,0,[108.9994,65.71201]]],[191,[83.83441,156.9769,0,[107.1396,63.00071]]],[281,[82.91213,157.269,0,[108.9993,64.17779]]],[252,[83.60015,158.2275,0,[108.5618,64.00076]]],[187,[84.2479,154.874,0,[106.9993,62.28105]]],[245,[81.94874,150.5376,0,[106.7383,61.00063]]],[194,[84.08633,159.8076,0,[107.9994,63.20133]]],[271,[83.95015,148.7543,0,[108.9994,65.98432]]],[304,[82.94844,154.4896,0,[108.9994,65.44658]]],[190,[84.95426,158.1848,0,[106.9993,62.75259]]],[253,[84.19414,157.5043,0,[108.8303,64.0008]]],[216,[83.9653,152.9173,0,[106.5312,61.00064]]],[192,[84.79504,159.209,0,[107.9993,63.35791]]],[193,[85.30686,160.073,0,[107.9601,63.0007]]],[188,[85.26549,156.9047,0,[106.9993,62.12782]]],[306,[84.25947,156.3806,0,[108.9995,65.23711]]],[223,[84.78073,158.3196,0,[108.9205,64.0007]]],[161,[85.909,159.3964,0,[106.9993,62.28955]]],[159,[86.11984,158.4288,0,[107.793,63.00074]]],[255,[85.428,160.9468,0,[108.7105,64.0007]]],[186,[86.72279,156.7576,0,[106.9993,62.5039]]],[123,[84.5954,151.631,0,[106.7578,61.00063]]],[163,[86.75613,162.1545,0,[107.9993,63.60508]]],[307,[85.26704,158.6206,0,[108.9995,65.82024]]],[154,[85.49997,152.8887,0,[106.5955,61.00064]]],[279,[85.84592,156.7787,0,[108.9993,65.55128]]],[225,[86.07229,161.9615,0,[108.5106,64.00079]]],[189,[83.26181,155.9055,0,[106.9993,61.34281]]],[165,[87.4092,164.0048,0,[108.2198,64.00079]]],[164,[87.30362,163.0438,0,[107.3421,63.00079]]],[224,[86.67849,160.7823,0,[108.9994,64.30276]]],[89,[86.77657,146.8582,0,[106.9993,61.01395]]],[131,[87.71982,161.1317,0,[106.9993,62.2937]]],[134,[87.71749,163.5029,0,[107.9993,63.20689]]],[329,[86.65196,157.2265,0,[108.9994,65.60854]]],[90,[86.14084,149.7641,0,[106.7665,61.00069]]],[156,[88.49916,156.9071,0,[107.0256,63.00073]]],[129,[89.04427,160.2209,0,[106.9994,62.66992]]],[135,[88.65281,164.8184,0,[107.9993,63.51217]]],[328,[87.68443,155.6967,0,[108.9994,64.53947]]],[195,[88.15433,164.282,0,[108.5636,64.00084]]],[66,[87.65335,152.2374,0,[106.6617,61.00065]]],[167,[89.21392,165.8336,0,[107.9994,63.0939]]],[185,[89.47174,155.4829,0,[106.9993,62.10183]]],[95,[89.87533,154.0001,0,[107.6044,63.00074]]],[319,[87.75104,143.0264,0,[108.9995,65.83888]]],[133,[89.16428,162.7346,0,[108.7005,64.00079]]],[282,[89.66676,159.2901,0,[108.8691,64.00079]]],[157,[88.19028,155.6756,0,[106.9993,61.18701]]],[283,[88.67366,160.6303,0,[108.9993,64.41013]]],[162,[90.31469,160.7446,0,[106.9993,62.18415]]],[104,[90.69366,165.0293,0,[107.5959,63.00074]]],[105,[90.41793,166.1301,0,[108.1889,64.00086]]],[145,[88.98483,145.0052,0,[106.5076,61.00059]]],[305,[89.77972,155.9593,0,[108.9994,65.78671]]],[102,[90.99693,162.2281,0,[106.9992,61.89233]]],[137,[91.26531,167.9212,0,[107.6811,63.00079]]],[158,[90.63078,158.2591,0,[106.4992,61.00065]]],[254,[88.92578,160.7816,0,[108.9995,65.98568]]],[166,[91.02953,164.4048,0,[108.2855,64.00088]]],[130,[91.68629,163.4122,0,[106.9993,62.18797]]],[197,[91.87586,166.8174,0,[107.9993,63.62577]]],[308,[91.34626,161.1597,0,[108.9993,64.14408]]],[64,[91.44458,149.8649,0,[106.4433,61.00066]]],[196,[90.80643,164.4802,0,[108.9995,65.97859]]],[78,[92.24476,166.5001,0,[107.3597,63.00077]]],[99,[92.81344,163.3751,0,[106.9993,62.7466]]],[334,[92.0052,164.8403,0,[108.9716,64.00087]]],[257,[90.94675,166.315,0,[108.9995,65.0759]]],[100,[93.04951,163.1031,0,[107.9994,63.27651]]],[198,[92.66611,168.5619,0,[107.9994,63.88998]]],[42,[91.89829,151.8617,0,[106.9992,61.06109]]],[155,[93.29649,158.6266,0,[106.9994,62.44931]]],[126,[93.57398,159.6054,0,[107.9902,63.00073]]],[62,[92.66118,150.57,0,[106.7334,61.00064]]],[75,[93.49541,165.1273,0,[108.8162,64.00076]]],[212,[92.19663,148.6763,0,[108.9995,65.94701]]],[132,[92.82957,165.021,0,[108.9993,64.0709]]],[74,[94.26394,164.2298,0,[107.8326,63.00079]]],[24,[93.90999,153.7284,0,[106.9993,62.19063]]],[108,[94.19928,169.3243,0,[108.6367,64.00079]]],[136,[93.79317,167.8187,0,[108.9994,65.84177]]],[201,[89.77149,142.8224,0,[106.6663,61.00064]]],[258,[93.11285,167.4953,0,[109.0454,66.00086]]],[72,[94.83517,162.9003,0,[107.7913,63.00073]]],[68,[94.66998,155.7187,0,[106.9993,62.13868]]],[52,[94.8457,168.0412,0,[108.6037,64.00072]]],[96,[94.17116,156.6875,0,[106.5598,61.00072]]],[45,[95.43076,160.5407,0,[107.9994,63.35809]]],[285,[94.47698,165.0586,0,[108.9995,65.83842]]],[73,[95.33371,165.7965,0,[106.9993,62.23842]]],[12,[96.33793,158.0686,0,[106.9994,62.19418]]],[228,[95.42187,168.6158,0,[108.9994,64.21163]]],[50,[96.01273,169.1611,0,[107.1752,63.00085]]],[51,[96.27831,170.3901,0,[107.9578,63.00081]]],[160,[94.9947,160.3281,0,[106.4981,61.00062]]],[10,[96.99794,158.9137,0,[107.5473,63.00072]]],[259,[94.9882,168.8635,0,[108.9994,65.39747]]],[98,[95.5584,162.4792,0,[106.889,61.00066]]],[125,[96.02245,165.2961,0,[108.3782,64.00085]]],[25,[96.88278,161.1197,0,[106.9993,61.83054]]],[53,[97.18196,171.2161,0,[108.4987,64.00085]]],[101,[96.5906,164.4349,0,[108.6094,64.0008]]],[46,[97.5752,165.598,0,[107.9994,63.49628]]],[168,[96.7181,170.7312,0,[108.9994,65.19864]]],[20,[97.7208,155.9551,0,[106.9993,62.68346]]],[344,[96.46204,153.22,0,[109.0579,66.00089]]],[69,[96.5058,157.7002,0,[106.4419,61.00068]]],[14,[97.91577,161.7946,0,[108.8877,64.00082]]],[127,[97.99596,161.6558,0,[106.9993,61.68605]]],[84,[98.03936,151.6649,0,[107.8197,63.00082]]],[18,[98.8012,153.306,0,[106.9993,62.35447]]],[330,[97.5843,160.4018,0,[108.9994,65.72443]]],[41,[97.35648,154.8878,0,[106.645,61.00069]]],[4,[99.45502,162.2654,0,[108.3532,64.00079]]],[11,[98.70334,159.0285,0,[107.9867,63.00075]]],[81,[98.62505,174.1165,0,[108.498,64.0008]]],[6,[99.54262,167.2699,0,[107.8962,63.00077]]],[128,[93.40653,160.6203,0,[106.6524,61.00065]]],[106,[98.13488,169.3245,0,[108.9995,65.58369]]],[22,[99.75072,155.1127,0,[106.9993,61.72108]]],[9,[99.36054,159.4385,0,[106.9993,62.32804]]],[77,[99.823,168.0924,0,[108.9995,64.04073]]],[284,[99.21431,164.5527,0,[108.9994,64.7425]]],[8,[100.2857,158.3164,0,[107.4236,63.00085]]],[124,[98.54516,154.608,0,[106.5566,61.00071]]],[85,[100.9303,149.2523,0,[107.3536,63.00075]]],[44,[100.5251,156.6299,0,[106.9993,61.65007]]],[58,[101.2686,154.9914,0,[108.0716,64.00085]]],[88,[99.29009,150.3222,0,[106.3889,61.00072]]],[111,[100.5708,147.5309,0,[108.2585,64.00085]]],[280,[99.06989,157.5676,0,[108.9995,65.70686]]],[56,[101.4821,158.2007,0,[107.9105,63.00077]]],[13,[101.4438,159.3375,0,[106.9993,62.26701]]],[71,[101.4789,167.702,0,[108.9994,64.13663]]],[141,[100.196,145.7071,0,[106.322,61.00072]]],[70,[102.2826,172.5989,0,[107.655,63.00079]]],[138,[101.118,171.1062,0,[108.9995,65.9898]]],[82,[102.5722,152.0025,0,[106.9993,61.8713]]],[35,[102.1016,162.6148,0,[108.3902,64.00086]]],[112,[101.9731,148.3934,0,[106.9993,62.01597]]],[29,[102.8073,177.1343,0,[107.8003,63.00079]]],[39,[101.2851,154.9683,0,[106.5414,61.00069]]],[5,[102.7647,171.2522,0,[108.3675,64.00079]]],[7,[103.3909,163.5837,0,[106.9994,62.61715]]],[226,[102.6801,164.8302,0,[108.9995,65.93872]]],[21,[103.8943,159.1986,0,[106.9993,62.34494]]],[110,[103.525,149.9612,0,[107.9994,63.30291]]],[43,[102.1129,154.9352,0,[106.3886,61.00071]]],[340,[104.2046,147.1871,0,[107.7904,63.0008]]],[26,[103.1631,170.1142,0,[108.9076,64.00082]]],[27,[104.1106,179.6446,0,[108.4153,64.00086]]],[37,[104.4888,154.7802,0,[106.9993,62.18708]]],[270,[100.1983,146.9202,0,[108.9996,65.91906]]],[0,[105.0791,162.8198,0,[107.4059,63.00085]]],[28,[104.9526,175.6543,0,[107.9994,63.96016]]],[65,[103.512,152.8258,0,[106.7014,61.00066]]],[34,[105.3209,154.6917,0,[106.9994,62.05893]]],[345,[103.0466,155.9004,0,[108.9996,65.35629]]],[1,[105.4347,169.3343,0,[107.967,63.00084]]],[86,[102.9857,151.6377,0,[106.538,61.00064]]],[107,[104.6346,169.436,0,[108.9995,64.48162]]],[67,[104.2254,154.2096,0,[106.4714,61.00069]]],[3,[101.244,163.9154,0,[108.9995,65.03662]]],[140,[106.0439,147.5738,0,[107.911,63.00078]]],[60,[104.8219,151.874,0,[106.5346,61.00063]]],[171,[105.9813,143.563,0,[106.9994,62.28885]]],[48,[105.2166,173.2899,0,[108.8194,64.00083]]],[49,[105.8418,174.1264,0,[108.6856,64.00086]]],[170,[106.7641,149.4615,0,[107.6512,63.00073]]],[57,[106.534,156.4961,0,[106.9993,62.08071]]],[36,[105.6091,151.3784,0,[106.5044,61.00071]]],[30,[104.5206,176.3586,0,[108.9995,65.52263]]],[15,[106.6175,173.6658,0,[108.4042,64.0008]]],[33,[107.3159,178.3916,0,[107.9994,63.46278]]],[327,[105.7859,157.6413,0,[108.9995,65.94051]]],[2,[107.2356,169.4305,0,[106.9993,62.0805]]],[97,[107.7809,175.1401,0,[107.3795,63.00074]]],[80,[107.0907,173.3311,0,[108.9594,64.00076]]],[142,[107.0724,151.0698,0,[106.4451,61.00073]]],[32,[108.1713,179.1919,0,[107.9994,63.73949]]],[19,[108.4927,161.6346,0,[107.3881,63.00079]]],[199,[107.0027,171.9503,0,[108.9995,65.40765]]],[40,[107.8976,157.3763,0,[106.9993,61.92178]]],[61,[107.9138,153.9481,0,[106.1793,61.00063]]],[17,[107.7027,159.8571,0,[108.9993,64.12032]]],[367,[108.9212,168.1042,0,[107.9994,63.60367]]],[357,[109.3547,166.374,0,[107.9994,63.22856]]],[76,[104.1328,168.7814,0,[109.0141,66.00088]]],[114,[109.6129,150.1567,0,[106.9993,62.41244]]],[358,[109.1444,164.7154,0,[106.9994,62.77557]]],[79,[109.0494,176.1989,0,[108.9565,64.00086]]],[342,[108.3228,152.8211,0,[108.9449,64.0008]]],[200,[108.2478,148.8754,0,[106.9993,61.1461]]],[338,[109.9368,150.1192,0,[107.9993,63.1713]]],[59,[110.292,157.7064,0,[106.9994,62.59975]]],[311,[107.8844,167.1975,0,[108.9994,65.73455]]],[172,[108.9745,144.1146,0,[106.6931,61.00062]]],[94,[106.3544,155.743,0,[106.4421,61.00069]]],[343,[110.6902,160.3325,0,[107.9993,63.17446]]],[362,[110.2988,169.674,0,[108.8522,64.00074]]],[363,[109.6854,162.782,0,[108.8455,64.00071]]],[16,[110.8572,168.9079,0,[106.9993,62.46025]]],[116,[111.5478,150.4452,0,[106.9993,62.46611]]],[38,[110.3704,160.4197,0,[106.7612,61.00067]]],[256,[108.8086,166.5159,0,[108.9995,65.89819]]],[320,[111.3939,158.6619,0,[107.9994,63.22433]]],[113,[111.9339,158.1279,0,[107.9361,63.00076]]],[341,[112.2369,158.9873,0,[106.9993,62.24553]]],[352,[111.0286,172.4901,0,[108.7731,64.00082]]],[349,[112.7755,172.044,0,[107.4784,63.00077]]],[23,[109.6431,157.0036,0,[106.8324,61.00066]]],[353,[112.7982,174.8806,0,[108.2475,64.00078]]],[47,[109.3591,174.8717,0,[108.9995,65.62321]]],[169,[111.8439,175.1028,0,[108.7256,64.00081]]],[339,[113.0492,154.7549,0,[106.9994,61.86467]]],[368,[113.4205,175.7839,0,[107.5011,63.00077]]],[115,[111.7636,155.9394,0,[106.629,61.00069]]],[229,[110.9518,173.3025,0,[108.9993,65.67832]]],[331,[113.5658,171.2151,0,[108.1319,64.00079]]],[350,[113.874,176.4523,0,[106.9993,62.34007]]],[335,[112.5306,182.3578,0,[106.5343,61.00075]]],[359,[113.8982,177.5591,0,[107.9993,63.11468]]],[365,[111.6666,164.1195,0,[108.9995,65.72972]]],[55,[114.5729,189.8586,0,[106.9993,62.56151]]],[287,[113.8486,179.4138,0,[108.8644,64.00067]]],[63,[113.3978,157.2366,0,[106.5838,61.00069]]],[310,[114.5933,186.6388,0,[107.9993,63.24413]]],[312,[115.3168,192.1469,0,[106.9993,62.77894]]],[31,[106.5911,174.9044,0,[109.0164,66.00088]]],[242,[115.3865,178.2772,0,[107.9994,63.36324]]],[87,[111.0407,151.9709,0,[106.7149,61.00069]]],[356,[114.44,169.4167,0,[108.8713,64.00077]]],[286,[115.084,175.2279,0,[108.8714,64.0008]]],[351,[115.9032,182.6786,0,[106.9993,62.46373]]],[361,[113.9986,183.2847,0,[106.8135,61.00064]]],[366,[112.9294,168.9583,0,[108.9994,65.21057]]],[272,[115.878,164.479,0,[107.9993,63.12381]]],[360,[113.5152,168.3527,0,[108.9996,64.86921]]],[364,[116.5309,182.0189,0,[107.9993,63.30901]]],[298,[115.8135,157.7928,0,[108.8768,64.00071]]],[297,[116.5831,170.3956,0,[106.9993,62.50091]]],[139,[116.5943,179.8429,0,[108.9416,64.00069]]],[355,[117.3194,171.2177,0,[107.174,63.00074]]],[309,[114.8052,163.2551,0,[108.9995,65.93542]]],[321,[117.4116,149.9207,0,[108.0679,64.00075]]],[83,[114.6879,159.025,0,[106.9635,61.00066]]],[333,[117.6761,170.1047,0,[108.9992,64.02982]]],[347,[117.1162,162.1188,0,[108.9995,65.61132]]],[346,[117.7041,167.2632,0,[107.9993,63.01222]]],[354,[117.6848,159.066,0,[108.9994,65.36194]]],[369,[116.3406,173.2787,0,[108.9993,65.57552]]],[296,[116.2817,174.4403,0,[106.867,61.00066]]],[103,[118.7096,172.002,0,[108.9994,65.16317]]],[299,[118.6199,154.575,0,[107.9993,63.86113]]],[54,[110.4058,180.8334,0,[108.9995,65.99673]]],[348,[117.0267,174.0137,0,[106.9993,61.34258]]],[109,[112.5153,174.3514,0,[108.9994,65.77594]]],[227,[118.9879,172.8665,0,[108.9994,64.17671]]],[313,[115.6096,173.1191,0,[108.9995,65.78509]]],[332,[115.5309,184.4368,0,[106.8007,61.00065]]],[322,[117.922,157.7973,0,[106.9993,62.10846]]]
8:[260,[84.56448,168.6847,0,[88.43857,98.00094]]],[288,[84.07317,167.6465,0,[89.92502,98.00092]]],[261,[85.62892,170.409,0,[88.45911,98.00093]]],[289,[84.93458,169.0962,0,[89.61887,98.00093]]],[290,[86.08295,171.4944,0,[89.47519,98.00091]]],[262,[86.7004,172.3752,0,[88.36346,98.00093]]],[314,[85.94699,169.4678,0,[90.25185,99.00092]]],[231,[87.63438,172.5239,0,[88.02848,98.00095]]],[263,[87.38876,173.6882,0,[89.22523,98.00094]]],[291,[86.85362,173.0536,0,[89.99959,98.19492]]],[315,[86.64734,170.9619,0,[90.99669,99.0009]]],[264,[88.15665,174.7041,0,[88.94243,98.00093]]],[232,[88.61521,173.9972,0,[87.99964,97.80749]]],[292,[88.09158,174.6299,0,[90.00228,99.00092]]],[234,[88.40514,174.1546,0,[89.99959,98.00868]]],[316,[87.8628,172.9607,0,[90.9996,99.7078]]],[233,[89.06468,174.4257,0,[88.631,98.00092]]],[237,[89.3343,177.3447,0,[89.58102,98.00092]]],[265,[88.76118,175.4453,0,[90.99959,99.1336]]],[236,[89.86507,177.5734,0,[88.20211,98.00092]]],[202,[90.6367,176.4507,0,[88.14159,98.00094]]],[207,[90.14937,178.5327,0,[89.3868,98.00093]]],[266,[89.85666,177.1795,0,[90.43712,99.00093]]],[336,[89.73804,171.8185,0,[91.37276,100.0009]]],[238,[90.8357,179.2898,0,[89.36193,98.00092]]],[235,[91.36536,178.0794,0,[88.10117,98.00095]]],[294,[90.61641,178.8461,0,[90.34792,99.00092]]],[293,[90.5209,176.8213,0,[91.41476,100.0009]]],[206,[91.51588,178.1689,0,[89.40276,98.00092]]],[204,[92.08015,178.6773,0,[88.07018,98.00095]]],[177,[91.37766,179.2448,0,[90.30523,99.00093]]],[317,[91.29688,176.5499,0,[91.35163,100.0009]]],[179,[92.23972,181.2924,0,[89.43649,98.00093]]],[205,[92.79057,179.3857,0,[88.04153,98.00093]]],[209,[92.15367,181.1299,0,[90.27217,99.00092]]],[208,[92.02474,179.7867,0,[91.29366,100.0009]]],[178,[92.93459,181.2588,0,[89.15337,98.00093]]],[174,[93.49846,179.0967,0,[87.99965,97.78189]]],[176,[93.67547,180.2503,0,[88.97845,98.00094]]],[240,[93.02238,181.3672,0,[90.3373,99.00093]]],[180,[93.4902,182.9046,0,[89.9996,98.43598]]],[239,[92.75197,180.288,0,[91.23602,100.0009]]],[147,[94.188,182.0015,0,[89.28017,98.00093]]],[175,[94.54559,181.0251,0,[88.04163,98.00095]]],[150,[94.32538,184.3473,0,[90.14793,99.00092]]],[210,[93.76718,182.9279,0,[90.99961,99.44612]]],[151,[94.79096,185.0285,0,[89.29427,98.00092]]],[149,[94.89687,183.9967,0,[90.26489,99.00091]]],[267,[93.38215,178.2643,0,[91.87262,100.0009]]],[203,[95.25037,179.2267,0,[87.99968,97.9792]]],[181,[94.70245,184.3233,0,[91.14117,100.0009]]],[213,[95.51376,186.7325,0,[89.09207,98.00093]]],[318,[94.08765,177.2018,0,[92.51559,100.0009]]],[182,[95.6702,186.8713,0,[90.02122,99.00092]]],[173,[95.89798,180.7094,0,[87.99961,97.7434]]],[211,[95.62241,185.2269,0,[90.9996,99.98352]]],[120,[96.70269,187.0104,0,[87.99961,97.6989]]],[183,[96.04121,187.6238,0,[89.99963,98.40663]]],[214,[96.26736,188.64,0,[88.96924,98.00093]]],[268,[94.98061,179.6003,0,[92.39367,100.0009]]],[244,[96.10162,186.5813,0,[90.99962,99.3368]]],[121,[96.95182,187.3223,0,[89.02322,98.00094]]],[274,[96.85988,188.9149,0,[89.9996,98.94188]]],[92,[97.11852,187.4131,0,[89.99963,98.04242]]],[241,[95.91869,183.1194,0,[92.19276,100.0009]]],[324,[96.98883,189.9859,0,[91.18382,100.0009]]],[148,[97.57045,185.1225,0,[88.26273,98.00095]]],[301,[97.21267,189.8971,0,[90.99961,99.0711]]],[152,[98.0333,187.6214,0,[90.46864,99.00092]]],[122,[97.87875,188.2524,0,[89.34588,98.00091]]],[269,[96.5184,181.8376,0,[92.82993,100.0009]]],[230,[98.29755,176.8978,0,[88.02783,98.00096]]],[243,[98.10044,187.4393,0,[91.56873,100.0009]]],[273,[97.3568,188.0911,0,[92.34838,100.0009]]],[246,[98.72715,190.9177,0,[89.99958,98.86841]]],[184,[98.70766,190.1395,0,[89.04649,98.00091]]],[146,[98.81166,182.4186,0,[87.99957,97.60505]]],[143,[99.65146,182.8196,0,[88.96455,98.00091]]],[275,[99.01689,191.0419,0,[89.83646,98.00092]]],[325,[98.90116,190.5876,0,[91.08602,100.0009]]],[117,[99.62467,185.0863,0,[87.99956,97.51189]]],[302,[99.10388,191.9105,0,[90.94949,99.00092]]],[118,[100.0482,186.1735,0,[89.51251,98.00092]]],[247,[99.89436,192.9321,0,[90.16176,99.00091]]],[337,[98.61653,176.4311,0,[92.691,100.0009]]],[248,[100.7684,193.4538,0,[88.89446,98.00095]]],[276,[100.84,191.8158,0,[89.99966,98.4766]]],[326,[100.201,192.1347,0,[91.24152,100.0009]]],[249,[100.4214,193.1501,0,[90.57446,99.00092]]],[144,[100.5162,183.2883,0,[87.99965,97.91971]]],[303,[99.44949,192.1109,0,[92.16482,100.0009]]],[217,[101.3421,193.2496,0,[89.12009,98.00095]]],[219,[101.7033,195.2132,0,[89.99963,98.99995]]],[218,[101.999,194.6006,0,[88.9949,98.00092]]],[278,[101.3159,193.5923,0,[90.99962,99.45851]]],[277,[100.8268,193.4513,0,[91.59272,100.0009]]],[93,[101.8991,189.4289,0,[87.9996,97.45557]]],[250,[102.2371,195.7805,0,[89.99967,98.83621]]],[251,[102.1545,195.861,0,[90.99961,99.90427]]],[153,[102.5011,191.3449,0,[89.67725,98.0009]]],[215,[102.7959,192.7666,0,[88.27007,98.00091]]],[323,[101.5014,188.1423,0,[92.32446,100.0009]]],[119,[101.3139,187.9444,0,[87.99971,97.71895]]],[295,[100.8003,181.1445,0,[92.99958,100.3294]]],[221,[102.4915,197.0338,0,[90.99962,99.13039]]],[222,[103.2882,197.5076,0,[90.32561,99.00092]]],[220,[103.207,197.2806,0,[89.42656,98.00093]]],[91,[104.0687,189.1451,0,[87.99972,97.6661]]],[300,[102.2974,188.9782,0,[92.28474,100.0009]]],[191,[103.8749,196.6744,0,[89.10934,98.00093]]],[281,[103.2627,197.4195,0,[91.53973,100.0009]]],[252,[103.9045,198.2807,0,[90.9996,99.70874]]],[187,[104.4602,195.0662,0,[89.30135,98.00092]]],[245,[103.5218,192.4791,0,[88.07516,98.00094]]],[194,[104.3202,200.1243,0,[90.04343,99.00093]]],[271,[103.6128,186.9167,0,[92.59375,100.0009]]],[304,[103.0702,193.222,0,[92.99958,100.4328]]],[190,[105.1402,198.1661,0,[89.05231,98.00094]]],[253,[104.7089,197.7543,0,[90.99962,99.75274]]],[216,[105.5162,194.5955,0,[87.99965,97.72495]]],[192,[105.033,199.413,0,[90.14569,99.00092]]],[193,[105.4617,200.1348,0,[89.99962,98.41006]]],[188,[105.8076,197.5379,0,[88.96417,98.00093]]],[306,[104.3046,195.2731,0,[92.21475,100.0009]]],[223,[105.4323,198.8079,0,[91.26508,100.0009]]],[161,[106.3548,199.7366,0,[89.11493,98.00094]]],[159,[106.3745,198.8225,0,[89.99963,98.93981]]],[255,[105.6622,200.6424,0,[90.9996,99.11423]]],[186,[106.746,196.6263,0,[89.71051,98.00093]]],[123,[106.2327,193.3089,0,[87.99973,97.56634]]],[163,[106.739,201.8293,0,[90.6888,99.00092]]],[307,[104.9375,196.8324,0,[92.80785,100.0009]]],[154,[107.1036,194.7979,0,[88.14608,98.00094]]],[279,[105.8105,195.3414,0,[92.37209,100.0009]]],[225,[106.5602,202.0525,0,[91.37257,100.0009]]],[189,[104.9131,197.6366,0,[87.9996,97.97669]]],[165,[107.4513,203.6025,0,[90.44166,99.00092]]],[164,[107.4435,202.7945,0,[89.30138,98.00092]]],[224,[107.3764,200.8404,0,[91.49893,100.0009]]],[89,[108.5418,189.1564,0,[88.03825,98.00096]]],[131,[108.1198,201.6254,0,[89.22243,98.00094]]],[134,[108.1832,203.9059,0,[90.05335,99.00092]]],[329,[106.8167,195.5081,0,[92.90369,100.0009]]],[90,[107.8515,191.8352,0,[88.00928,98.00092]]],[156,[108.7081,196.5479,0,[89.20412,98.00093]]],[129,[109.3869,200.2849,0,[88.87915,98.00095]]],[135,[108.9049,204.8632,0,[90.14687,99.00092]]],[328,[108.1143,195.7535,0,[91.27262,100.0009]]],[195,[108.6296,204.416,0,[90.99961,99.7352]]],[66,[108.9336,193.6746,0,[87.9996,97.44221]]],[167,[109.3073,205.7062,0,[89.99966,98.32993]]],[185,[109.9741,196.042,0,[88.9996,98.00069]]],[95,[110.1705,194.1257,0,[89.99965,98.70708]]],[319,[107.8382,181.1268,0,[92.86477,100.0009]]],[133,[109.4582,203.0666,0,[91.15014,100.0009]]],[282,[109.6395,198.9862,0,[90.96982,99.00093]]],[157,[109.7559,197.2782,0,[87.9996,97.51411]]],[283,[108.7231,200.2542,0,[92.37369,100.0009]]],[162,[110.6335,201.0403,0,[89.24208,98.00092]]],[104,[110.8847,205.2977,0,[90.20319,99.00091]]],[105,[110.672,206.2978,0,[90.99962,99.98798]]],[145,[110.6913,186.9357,0,[88.04988,98.00095]]],[305,[109.9616,194.4518,0,[92.09301,100.0009]]],[102,[111.483,202.9073,0,[88.99857,98.00094]]],[137,[111.1928,207.6497,0,[89.99963,98.24431]]],[158,[111.888,199.5921,0,[87.9996,97.42123]]],[254,[109.3853,199.1066,0,[92.9996,100.2978]]],[166,[111.2547,204.6376,0,[91.2255,100.0009]]],[130,[112.0951,203.8815,0,[88.94969,98.00095]]],[197,[112.0851,206.7033,0,[90.0815,99.00092]]],[308,[111.5711,200.9562,0,[90.99962,99.36094]]],[64,[112.767,191.5666,0,[87.9996,97.78708]]],[196,[110.573,202.5834,0,[92.66946,100.0009]]],[78,[112.323,205.9283,0,[89.83563,98.00094]]],[99,[112.9851,203.3495,0,[88.92809,98.00092]]],[334,[112.4434,205.1535,0,[91.41608,100.0009]]],[257,[111.416,205.4396,0,[92.41452,100.0009]]],[100,[113.2298,203.222,0,[89.99964,98.74859]]],[198,[112.5693,207.9642,0,[90.74667,99.00093]]],[42,[113.5232,193.7121,0,[87.99964,97.71375]]],[155,[113.6226,198.8631,0,[89.07352,98.00092]]],[126,[113.9112,200.096,0,[89.9996,98.79407]]],[62,[114.3156,192.4614,0,[87.99969,97.86212]]],[75,[113.6248,205.1828,0,[90.99963,99.43621]]],[212,[111.9785,186.6475,0,[92.99958,100.085]]],[132,[113.1504,205.2747,0,[91.57278,100.0009]]],[74,[114.5388,204.612,0,[90.13528,99.00093]]],[24,[114.3223,194.0387,0,[89.16174,98.00093]]],[108,[114.479,209.6969,0,[91.09877,100.0009]]],[136,[113.6523,206.2035,0,[92.35999,100.0009]]],[201,[111.2959,184.6444,0,[87.99969,97.83418]]],[258,[112.9034,205.6634,0,[92.99957,100.263]]],[72,[115.0199,203.1452,0,[89.9996,98.69847]]],[68,[115.1922,196.2437,0,[88.96353,98.00093]]],[52,[115.1284,208.3038,0,[90.99961,99.93167]]],[96,[115.8713,198.6719,0,[88.01383,98.00092]]],[45,[115.4344,200.075,0,[89.99963,98.27776]]],[285,[114.3574,203.3085,0,[92.62492,100.0009]]],[73,[115.953,206.1088,0,[89.19961,98.00092]]],[12,[116.7047,198.5036,0,[88.85545,98.00094]]],[228,[115.6253,208.5823,0,[90.9996,99.561]]],[50,[116.1021,209.182,0,[90.56113,99.00092]]],[51,[116.6268,210.6201,0,[89.99962,98.735]]],[160,[116.3541,201.7533,0,[87.99967,97.55078]]],[10,[116.8662,198.372,0,[89.81561,98.00094]]],[259,[115.1322,207.5025,0,[92.39554,100.0009]]],[98,[117.1073,204.0747,0,[87.99971,97.39595]]],[125,[116.2933,205.3138,0,[91.63748,100.0009]]],[25,[117.5384,201.9557,0,[88.83662,98.00095]]],[53,[117.209,210.6764,0,[90.84175,99.00092]]],[101,[117.029,204.7573,0,[91.05286,100.0009]]],[46,[117.655,205.3766,0,[89.99965,98.59171]]],[168,[116.5494,209.4405,0,[92.76506,100.0009]]],[20,[118.0404,195.9279,0,[89.21712,98.00095]]],[344,[116.0542,191.6075,0,[92.99958,100.5213]]],[69,[118.3765,199.6675,0,[87.99968,97.9996]]],[14,[118.1796,202.1971,0,[91.13608,100.0009]]],[127,[118.498,202.2149,0,[89.7164,98.0009]]],[84,[118.2729,191.8947,0,[90.3929,99.00092]]],[18,[119.2177,193.4491,0,[89.02145,98.00094]]],[330,[117.4052,198.8718,0,[92.12107,100.0009]]],[41,[119.0083,196.7475,0,[87.99968,97.98576]]],[4,[119.4926,201.9387,0,[90.21679,99.00092]]],[11,[118.7949,199.1287,0,[90.83295,99.0009]]],[81,[118.6597,214.0498,0,[91.63713,100.0009]]],[6,[119.5961,206.9702,0,[89.77004,98.00091]]],[128,[114.9312,202.2915,0,[87.99958,97.68678]]],[106,[117.9909,207.5671,0,[92.98977,100.0009]]],[22,[120.3554,195.7047,0,[89.38103,98.00091]]],[9,[120.1638,199.996,0,[88.43662,98.00086]]],[77,[120.1673,208.5595,0,[90.99958,99.96578]]],[284,[119.2901,203.9958,0,[91.88168,100.0009]]],[8,[120.367,198.3114,0,[90.43491,99.00091]]],[124,[119.5483,195.9919,0,[87.99962,97.5174]]],[85,[121.0294,189.2349,0,[89.99964,98.74461]]],[44,[121.1513,197.5417,0,[89.06184,98.00095]]],[58,[121.2271,194.7566,0,[90.99962,99.65527]]],[88,[120.9478,192.0152,0,[87.99959,97.91608]]],[111,[120.6958,187.313,0,[91.80156,100.0009]]],[280,[119.819,195.8658,0,[92.64169,100.0009]]],[56,[121.5269,198.0658,0,[89.99964,98.2184]]],[13,[121.9989,199.8706,0,[88.8153,98.00094]]],[71,[121.793,207.7212,0,[90.99963,99.32899]]],[141,[121.6959,187.5405,0,[87.99968,97.95846]]],[70,[122.322,212.4155,0,[89.99961,98.25358]]],[138,[121.5356,209.5216,0,[92.2365,100.0009]]],[82,[123.1547,192.7336,0,[89.17459,98.00094]]],[35,[122.3545,202.0576,0,[90.99213,99.00092]]],[112,[122.6227,189.1138,0,[88.99986,98.00092]]],[29,[123.1899,217.4937,0,[90.22579,99.00092]]],[39,[122.6823,196.5276,0,[87.99961,97.54979]]],[5,[123.2683,211.3723,0,[91.38828,100.0009]]],[7,[123.4606,203.1513,0,[89.96458,98.00092]]],[226,[122.3774,203.2942,0,[92.10571,100.0009]]],[21,[124.3283,199.5384,0,[88.90369,98.00095]]],[110,[123.7226,190.0528,0,[90.99954,99.23978]]],[43,[123.696,196.7762,0,[88.27351,98.00095]]],[340,[124.261,186.9593,0,[89.99969,98.20741]]],[26,[123.7162,210.1204,0,[92.21944,100.0009]]],[27,[124.1852,219.1115,0,[90.93754,99.00093]]],[37,[124.9799,195.2294,0,[88.99379,98.00091]]],[270,[123.0393,185.1718,0,[92.99956,100.2302]]],[0,[125.1476,202.5314,0,[89.99968,98.37677]]],[28,[124.8519,214.9522,0,[90.76048,99.00092]]],[65,[124.8791,194.3772,0,[87.99958,97.51386]]],[34,[125.648,195.0586,0,[89.34383,98.00092]]],[345,[124.7644,195.2307,0,[91.86242,100.0009]]],[1,[125.6631,209.4843,0,[90.81049,99.00093]]],[86,[123.9959,192.738,0,[87.99963,97.24873]]],[107,[125.4466,209.3254,0,[91.54037,100.0009]]],[67,[125.7743,196.1279,0,[88.10543,98.00092]]],[3,[124.5185,203.6884,0,[92.9996,100.5798]]],[140,[126.398,188.0323,0,[89.99963,98.95813]]],[60,[126.4722,193.6583,0,[87.99967,97.88112]]],[171,[126.4156,183.9114,0,[89.12769,98.00095]]],[48,[126.0007,213.4131,0,[91.89135,100.0009]]],[49,[126.7617,214.5647,0,[91.06874,100.0009]]],[170,[126.7143,189.0803,0,[89.92709,98.00093]]],[57,[127.2743,197.1894,0,[89.07512,98.00095]]],[36,[127.2031,193.2599,0,[87.99971,97.82394]]],[30,[125.4844,215.1511,0,[92.9996,100.3811]]],[15,[126.9201,213.2081,0,[90.77177,99.00094]]],[33,[127.7551,218.4627,0,[90.19138,99.00093]]],[327,[126.3222,195.9773,0,[92.9996,100.2051]]],[2,[127.9018,210.0634,0,[89.00209,98.00092]]],[97,[128.0419,214.6009,0,[89.99969,98.05251]]],[80,[127.7718,213.8085,0,[91.20125,100.0009]]],[142,[128.657,192.6411,0,[87.99961,97.80566]]],[32,[128.4007,218.7003,0,[90.98489,99.00095]]],[19,[128.8899,201.4042,0,[89.9996,98.47186]]],[199,[127.0368,210.7546,0,[92.2336,100.0009]]],[40,[128.7991,198.0078,0,[88.99325,98.00092]]],[61,[129.5086,195.7709,0,[88.11293,98.00095]]],[17,[128.3325,200.1743,0,[91.50815,100.0009]]],[367,[129.067,207.717,0,[90.99967,99.10513]]],[357,[129.7942,206.5784,0,[90.47323,99.00092]]],[76,[127.6743,207.095,0,[92.83469,100.0009]]],[114,[129.973,190.3008,0,[89.16661,98.00092]]],[358,[129.3392,204.4213,0,[89.47638,98.00093]]],[79,[129.8558,216.5099,0,[91.59164,100.0009]]],[342,[129.1116,193.0049,0,[92.16636,100.0009]]],[200,[130.0861,190.5239,0,[87.99972,97.81495]]],[338,[130.4653,190.4647,0,[90.11704,99.00094]]],[59,[130.6174,197.7497,0,[89.20588,98.00092]]],[311,[128.4322,205.7013,0,[92.99957,100.219]]],[172,[130.7858,186.1857,0,[87.9996,97.91307]]],[94,[127.8473,197.2697,0,[87.9996,97.52398]]],[343,[131.1676,200.7867,0,[90.06646,99.00094]]],[362,[131.0383,210.0376,0,[90.99963,99.78747]]],[363,[130.4993,203.001,0,[91.63458,100.0009]]],[16,[131.2515,209.0437,0,[89.33859,98.00092]]],[116,[131.9104,190.5431,0,[89.11243,98.0009]]],[38,[131.9835,202.0304,0,[87.99954,97.5989]]],[256,[129.968,204.9807,0,[92.99956,100.239]]],[320,[131.7402,198.941,0,[90.2541,99.00091]]],[113,[132.3753,198.5038,0,[89.99965,98.86517]]],[341,[132.5993,199.3875,0,[88.9854,98.00092]]],[352,[131.7735,212.8476,0,[91.1924,100.0009]]],[349,[132.746,211.4877,0,[89.94431,98.00092]]],[23,[131.505,199.0984,0,[88.06564,98.00093]]],[353,[132.8012,214.2469,0,[90.87089,99.00092]]],[47,[131.1341,213.6508,0,[92.55482,100.0009]]],[169,[132.6074,215.5223,0,[91.05621,100.0009]]],[339,[133.499,195.3196,0,[89.30579,98.00094]]],[368,[133.6385,215.9295,0,[90.33397,99.00094]]],[115,[133.5337,197.7708,0,[88.15554,98.00094]]],[229,[132.0317,211.9007,0,[92.49374,100.0009]]],[331,[133.7124,211.1931,0,[91.3049,100.0009]]],[350,[134.2795,216.8355,0,[89.06387,98.00095]]],[335,[134.1219,223.984,0,[87.99969,97.70994]]],[359,[134.3565,218.0903,0,[89.99965,98.92489]]],[365,[132.9833,203.0387,0,[92.23457,100.0009]]],[55,[134.9536,230.0015,0,[88.98282,98.00091]]],[287,[134.4548,219.9504,0,[90.99962,99.86275]]],[63,[134.826,198.7917,0,[87.99958,97.52811]]],[310,[134.8467,226.6831,0,[89.9996,98.63143]]],[312,[135.4705,231.8788,0,[89.34662,98.0009]]],[31,[133.691,213.091,0,[92.74679,100.0009]]],[242,[135.5212,218.3823,0,[90.38236,99.0009]]],[87,[132.6389,193.5989,0,[87.9996,97.51192]]],[356,[135.1112,209.7805,0,[90.99963,99.79877]]],[286,[135.7653,215.6135,0,[91.42292,100.0009]]],[351,[136.2173,222.8384,0,[89.03736,98.00093]]],[361,[135.8255,225.2468,0,[88.0177,98.00092]]],[366,[134.4897,207.8502,0,[92.36435,100.0009]]],[272,[136.2213,204.9087,0,[90.00492,99.00092]]],[360,[135.1059,207.5554,0,[92.86653,100.0009]]],[364,[136.44,221.4434,0,[89.98982,98.00093]]],[298,[136.4661,198.2579,0,[91.09254,100.0009]]],[297,[136.9951,210.668,0,[89.01179,98.00095]]],[139,[136.6696,219.5364,0,[90.93305,99.00092]]],[355,[137.5231,210.9185,0,[89.18063,98.00092]]],[309,[135.9139,201.5774,0,[92.75356,100.0009]]],[321,[137.4675,189.5434,0,[90.17638,99.00093]]],[83,[136.5537,200.9962,0,[87.99968,97.84072]]],[333,[137.9704,209.9195,0,[89.99961,98.4866]]],[347,[137.5217,201.153,0,[91.37313,100.0009]]],[346,[138.2039,207.6522,0,[88.83651,98.00098]]],[354,[138.1197,198.127,0,[90.99963,99.5909]]],[369,[136.7793,211.9103,0,[92.3215,100.0009]]],[296,[137.7867,215.9759,0,[87.99959,97.47596]]],[103,[138.6347,210.9188,0,[90.61951,99.00092]]],[299,[138.5774,193.7986,0,[89.568,98.00092]]],[54,[137.879,219.1302,0,[92.44174,100.0009]]],[348,[138.8845,215.8597,0,[88.10335,98.00093]]],[109,[138.7645,213.0696,0,[91.81455,100.0009]]],[227,[139.2936,212.4589,0,[89.99955,98.32957]]],[313,[139.5422,212.2318,0,[90.99953,99.63982]]],[332,[137.1291,226.1302,0,[87.99971,97.5256]]],[322,[139.5282,198.6088,0,[88.51619,98.00092]]]
3:[260,[107.0691,213.2988,0,[53.99901,123.7889]]],[288,[108.126,215.6452,0,[52.99901,125.3602]]],[261,[108.2518,215.1631,0,[53.99901,123.8633]]],[289,[108.9253,216.997,0,[52.99901,125.7684]]],[290,[109.72,218.6521,0,[52.99901,124.9373]]],[262,[109.3689,216.8839,0,[53.99901,123.1906]]],[314,[110.0866,217.6984,0,[52.99901,126.52]]],[231,[110.1854,216.4718,0,[53.99901,122.784]]],[263,[110.9461,220.5437,0,[52.99901,124.5156]]],[291,[111.0655,221.4408,0,[52.99901,126.1793]]],[315,[111.5378,220.7107,0,[52.99901,127.7549]]],[264,[111.7201,221.3633,0,[52.99901,125.0472]]],[232,[111.2992,218.4018,0,[53.99901,123.3066]]],[292,[112.0401,222.4667,0,[52.99901,126.6611]]],[234,[112.4697,222.1142,0,[52.99901,125.5268]]],[316,[112.5154,222.2184,0,[52.99901,128.0796]]],[233,[112.1774,219.4238,0,[53.99901,123.8957]]],[237,[113.2915,225.1068,0,[52.99901,125.3199]]],[265,[113.2919,224.4453,0,[52.99901,126.9593]]],[236,[112.5037,221.7333,0,[53.99901,122.5905]]],[202,[113.324,220.8852,0,[53.99902,123.1912]]],[207,[114.0349,225.789,0,[52.99901,124.923]]],[266,[114.2035,225.4112,0,[52.99901,126.481]]],[336,[114.4665,221.2061,0,[52.99901,128.0723]]],[238,[114.7504,226.6226,0,[52.99901,124.6739]]],[235,[114.1273,222.7369,0,[53.99901,122.8855]]],[294,[115.0085,227.1494,0,[52.99901,126.2808]]],[293,[115.291,226.3069,0,[52.99901,127.9755]]],[206,[115.6193,225.5759,0,[52.99901,125.2892]]],[204,[115.0346,223.2613,0,[53.99901,123.5116]]],[177,[115.8017,227.6351,0,[52.99901,126.8968]]],[317,[116.1633,226.2429,0,[52.99901,128.7404]]],[179,[116.2691,228.8804,0,[52.99901,124.5082]]],[205,[115.7096,223.6348,0,[53.99901,122.7126]]],[209,[116.6173,229.5391,0,[52.99901,126.4492]]],[208,[116.7657,229.2252,0,[52.99901,127.9873]]],[178,[116.9684,228.6047,0,[52.99901,125.2333]]],[174,[116.4163,223.5451,0,[53.999,122.2732]]],[176,[116.7728,225.9358,0,[53.999,123.8258]]],[240,[117.5267,230.1528,0,[52.99901,127.3693]]],[180,[117.6719,231.0797,0,[52.99901,125.9134]]],[239,[117.7054,230.1218,0,[52.99901,128.9714]]],[147,[118.0626,229.1425,0,[52.99901,124.6713]]],[175,[117.3232,225.4212,0,[53.99901,122.8783]]],[150,[118.4297,232.4012,0,[52.99901,126.4136]]],[210,[118.6533,232.3514,0,[52.99901,127.9841]]],[151,[118.1057,230.718,0,[53.99901,123.5323]]],[149,[118.8508,231.6652,0,[52.99901,125.241]]],[267,[118.8066,229.0798,0,[52.999,129.5719]]],[203,[118.0552,223.2181,0,[53.99901,121.8938]]],[181,[119.1899,233.0247,0,[52.99901,126.9282]]],[213,[119.4609,233.6549,0,[52.999,124.254]]],[318,[119.5818,228.1494,0,[52.99901,128.5427]]],[182,[119.6708,234.5401,0,[52.999,125.7728]]],[173,[118.9106,225.5161,0,[53.99901,122.6112]]],[211,[120.0253,233.9783,0,[52.99901,127.3037]]],[120,[119.6799,231.6185,0,[53.99901,122.9969]]],[183,[120.4965,235.8073,0,[52.99901,126.2002]]],[214,[120.5069,235.7151,0,[52.99901,124.7415]]],[268,[120.5146,230.6291,0,[52.99901,129.2227]]],[244,[120.7504,235.8166,0,[52.99901,127.7917]]],[121,[120.4229,232.4969,0,[53.99901,123.5116]]],[274,[121.287,236.9195,0,[52.99901,126.631]]],[92,[121.3579,235.2194,0,[52.99901,125.0772]]],[241,[121.3832,234.0022,0,[52.99901,129.6889]]],[324,[121.6402,239.2267,0,[52.99901,128.2882]]],[148,[120.8848,229.7839,0,[53.99901,122.4887]]],[301,[122.0511,239.0213,0,[52.99901,127.1733]]],[152,[122.1803,235.5531,0,[52.99901,125.6869]]],[122,[122.1074,235.5776,0,[52.999,124.1771]]],[269,[122.3935,233.5581,0,[52.999,129.8377]]],[230,[121.6928,221.4912,0,[53.999,122.4851]]],[243,[122.7407,236.4332,0,[52.99901,126.9012]]],[273,[122.6795,238.6774,0,[52.999,128.4324]]],[246,[122.8945,238.7859,0,[52.99901,125.4289]]],[184,[122.2808,236.0364,0,[53.999,123.5757]]],[146,[122.3688,226.9861,0,[53.999,121.9317]]],[143,[123.4287,229.9311,0,[52.999,124.6087]]],[275,[123.6925,239.7433,0,[52.99901,126.0729]]],[325,[123.6516,239.923,0,[52.99901,128.4174]]],[117,[123.0391,230.1516,0,[53.999,122.7404]]],[302,[124.102,241.5862,0,[52.99901,127.3943]]],[118,[123.4917,232.4101,0,[53.999,123.9345]]],[247,[124.361,240.9458,0,[52.999,125.9045]]],[337,[124.3566,227.8666,0,[52.99901,129.084]]],[248,[123.725,238.6289,0,[53.999,122.2092]]],[276,[124.7287,239.4234,0,[52.999,124.683]]],[326,[124.8938,241.4326,0,[52.999,127.8406]]],[249,[125.0876,241.8593,0,[52.999,126.3416]]],[144,[124.4285,228.2274,0,[53.999,123.1444]]],[303,[125.1297,243.3477,0,[52.999,129.4616]]],[217,[125.4515,240.6064,0,[52.99901,124.9656]]],[219,[125.8277,243.2682,0,[52.99901,126.4517]]],[218,[125.3036,240.1563,0,[53.999,123.5073]]],[278,[126.1475,243.0701,0,[52.99901,128.0001]]],[277,[126.0258,243.8059,0,[52.99901,129.4883]]],[93,[125.2038,234.0753,0,[53.99901,121.8765]]],[250,[126.2281,243.3918,0,[52.99901,125.0971]]],[251,[126.5997,244.5078,0,[52.99901,126.9431]]],[153,[126.8909,239.554,0,[52.99901,125.6536]]],[215,[126.2311,238.2755,0,[53.999,123.9515]]],[323,[126.9165,238.899,0,[52.99901,128.7804]]],[119,[126.0917,233.4445,0,[53.999,122.4436]]],[295,[126.7954,233.0963,0,[52.99901,130.304]]],[221,[127.3631,246.4884,0,[52.99901,127.7193]]],[222,[127.6177,245.5984,0,[52.99901,126.4392]]],[220,[127.5042,244.4557,0,[52.999,124.5076]]],[91,[126.9988,233.6272,0,[53.99901,122.8098]]],[300,[127.8281,239.9704,0,[52.99901,129.6193]]],[191,[128.0866,244.6272,0,[52.99901,125.5002]]],[281,[128.1064,246.8992,0,[52.999,128.2336]]],[252,[128.5486,247.0226,0,[52.999,127.1043]]],[187,[127.8941,241.3327,0,[53.999,123.9442]]],[245,[127.8053,237.8174,0,[53.999,122.3288]]],[194,[128.8646,248.095,0,[52.999,125.8131]]],[271,[129.0557,237.7179,0,[52.999,128.9442]]],[304,[128.9841,245.0133,0,[52.99901,130.5014]]],[190,[129.0938,245.144,0,[52.999,124.39]]],[253,[129.3616,246.8507,0,[52.999,127.6676]]],[216,[128.5255,239.1418,0,[53.999,122.6369]]],[192,[129.6944,247.8538,0,[52.999,126.4465]]],[193,[129.7505,248.22,0,[52.999,124.9917]]],[188,[129.1414,243.5079,0,[53.999,123.3928]]],[306,[129.97,246.5066,0,[52.99901,129.68]]],[223,[130.2698,248.4088,0,[52.999,128.3006]]],[161,[129.1737,244.6297,0,[53.999,121.6969]]],[159,[130.4203,246.4579,0,[52.999,125.606]]],[255,[130.633,249.9487,0,[52.999,127.1087]]],[186,[130.055,242.888,0,[53.999,123.9732]]],[123,[129.8164,238.0301,0,[53.999,122.5368]]],[163,[131.1555,250.2547,0,[52.99901,126.0783]]],[307,[130.9916,248.8823,0,[52.99901,130.3648]]],[154,[131.2135,241.4383,0,[52.99901,124.6616]]],[279,[131.3044,246.2703,0,[52.99901,129.0435]]],[225,[131.4659,251.3475,0,[52.99901,127.6539]]],[189,[130.7986,243.5056,0,[53.99901,122.9837]]],[165,[131.8152,251.7983,0,[52.99901,126.5409]]],[164,[132.012,250.2751,0,[52.999,125.1587]]],[224,[132.1916,250.173,0,[52.99901,128.1377]]],[89,[131.6673,234.1479,0,[53.999,123.583]]],[131,[132.6569,249.9858,0,[52.99901,126.4326]]],[134,[132.8195,252.984,0,[52.999,127.9104]]],[329,[132.6208,247.0636,0,[52.99901,129.5823]]],[90,[131.838,236.624,0,[53.999,122.078]]],[156,[132.8094,244.2248,0,[52.99901,125.0387]]],[129,[132.6846,246.1509,0,[53.99901,123.7425]]],[135,[133.4683,253.5073,0,[52.99901,126.7255]]],[328,[133.3112,246.0921,0,[52.99901,129.5587]]],[195,[133.5843,254.0449,0,[52.99901,128.2324]]],[66,[132.5655,238.6611,0,[53.999,122.2077]]],[167,[133.6573,253.9992,0,[52.99901,125.3663]]],[185,[133.4283,241.9714,0,[53.999,123.2813]]],[95,[134.2191,241.9758,0,[52.999,124.8373]]],[319,[134.058,233.5142,0,[52.999,130.5481]]],[133,[134.415,252.6997,0,[52.999,127.8689]]],[282,[134.3896,248.333,0,[52.999,126.3517]]],[157,[133.3717,242.3042,0,[53.999,121.7725]]],[283,[134.5182,251.7777,0,[52.999,129.3941]]],[162,[134.1611,246.9882,0,[53.999,123.7895]]],[104,[134.9512,253.0792,0,[52.999,125.4804]]],[105,[135.0712,254.8884,0,[52.999,127.1251]]],[145,[134.15,231.3634,0,[53.999,122.261]]],[305,[135.3789,245.0065,0,[52.999,128.74]]],[102,[135.5578,250.335,0,[52.999,124.7347]]],[137,[135.7193,256.3036,0,[52.999,126.1932]]],[158,[134.8339,244.6583,0,[53.999,123.0974]]],[254,[135.4743,251.2203,0,[52.999,130.3136]]],[166,[135.8414,253.7711,0,[52.999,127.6828]]],[130,[135.6044,249.5439,0,[53.999,123.8512]]],[197,[136.4956,255.0147,0,[52.99901,126.869]]],[308,[136.5392,250.677,0,[52.99901,128.4871]]],[64,[135.6672,236.0436,0,[53.999,122.3191]]],[196,[136.3925,254.1888,0,[52.99901,130.0424]]],[78,[136.6631,254.1246,0,[52.99901,125.3989]]],[99,[136.3631,249.0217,0,[53.99901,123.4224]]],[334,[137.2177,254.652,0,[52.999,128.083]]],[257,[137.1174,256.7838,0,[52.999,129.6935]]],[100,[137.2783,250.967,0,[52.999,125.049]]],[198,[137.4281,256.9991,0,[52.999,126.6848]]],[42,[136.4196,238.1637,0,[53.999,121.7138]]],[155,[137.7894,245.6845,0,[52.999,124.1588]]],[126,[137.9664,247.9104,0,[52.999,125.7894]]],[62,[137.1177,236.7196,0,[53.999,122.558]]],[75,[138.2793,254.3327,0,[52.99901,127.359]]],[212,[137.9626,238.5622,0,[52.99901,130.2021]]],[132,[138.2202,255.3291,0,[52.99901,128.8111]]],[74,[138.6132,252.2008,0,[52.999,125.0078]]],[24,[137.9783,239.7512,0,[53.999,123.418]]],[108,[138.781,258.2254,0,[52.999,126.5548]]],[136,[139.0198,256.8726,0,[52.99901,128.3583]]],[201,[137.9761,230.9069,0,[53.999,121.867]]],[258,[138.9218,257.6062,0,[52.99901,129.9305]]],[72,[139.3438,251.0562,0,[52.999,125.7711]]],[68,[139.3085,243.237,0,[52.999,124.2621]]],[52,[139.5537,256.9753,0,[52.999,127.433]]],[96,[138.7354,243.1644,0,[53.99901,122.6289]]],[45,[140.0737,248.6368,0,[52.999,126.4565]]],[285,[139.905,254.3571,0,[52.99901,129.298]]],[73,[140.0839,253.3757,0,[52.999,124.8875]]],[12,[139.5133,243.5531,0,[53.999,123.2087]]],[228,[140.3844,258.0243,0,[52.99901,128.1944]]],[50,[140.843,258.0945,0,[52.999,127.1307]]],[51,[140.8221,258.4112,0,[52.999,125.6235]]],[160,[139.8567,246.2118,0,[53.999,121.7824]]],[10,[140.2911,244.7081,0,[53.999,123.9292]]],[259,[140.8477,258.8688,0,[52.99901,129.8555]]],[98,[140.5918,249.0322,0,[53.999,122.5957]]],[125,[141.393,255.4895,0,[52.99901,128.992]]],[25,[141.4533,248.9331,0,[52.99901,124.7972]]],[53,[141.6571,259.2177,0,[52.99901,126.3288]]],[101,[141.6344,253.5832,0,[52.99901,127.6711]]],[46,[142.1441,253.3975,0,[52.999,125.5812]]],[168,[142.1709,260.625,0,[52.99901,128.8363]]],[20,[141.5491,241.8492,0,[53.99901,123.9324]]],[344,[142.0786,243.626,0,[52.99901,130.3606]]],[69,[141.4251,244.1611,0,[53.99901,122.4589]]],[14,[142.7765,251.2838,0,[52.999,127.9127]]],[127,[142.7952,250.2488,0,[52.999,124.9161]]],[84,[142.9153,240.516,0,[52.999,126.4479]]],[18,[142.2718,239.1943,0,[53.999,123.3048]]],[330,[143.0181,249.8781,0,[52.999,129.5183]]],[41,[142.0988,240.8487,0,[53.999,121.7699]]],[4,[143.6953,249.7599,0,[52.999,125.6748]]],[11,[143.7382,248.3608,0,[52.999,127.1984]]],[81,[143.7142,264.1042,0,[52.999,128.7532]]],[6,[143.6353,254.2827,0,[52.999,124.1459]]],[128,[142.9309,249.7353,0,[53.999,122.4517]]],[106,[144.1713,259.8921,0,[52.999,130.5913]]],[22,[144.6538,243.7546,0,[52.999,125.1098]]],[9,[144.0066,245.5447,0,[53.999,123.5734]]],[77,[144.7916,257.7466,0,[52.999,128.0228]]],[284,[144.6629,254.6971,0,[52.999,129.4794]]],[8,[144.8373,247.0696,0,[52.999,126.5583]]],[124,[143.8291,241.4141,0,[53.999,122.0706]]],[85,[145.4044,236.9825,0,[52.999,125.4399]]],[44,[144.7957,243.3979,0,[53.999,123.8081]]],[58,[145.6517,243.5194,0,[52.99901,126.9216]]],[88,[144.6925,236.3256,0,[53.999,122.2234]]],[111,[145.8206,237.5149,0,[52.99901,128.4981]]],[280,[145.6605,247.5139,0,[52.999,130.0028]]],[56,[146.2683,245.9662,0,[52.99901,125.7817]]],[13,[146.2491,246.5806,0,[52.99901,124.2307]]],[71,[146.4041,256.5466,0,[52.99901,127.6064]]],[141,[145.8664,232.3254,0,[53.99901,122.5375]]],[70,[146.9375,261.0326,0,[52.99901,126.6766]]],[138,[146.7957,259.9962,0,[52.99901,129.2151]]],[82,[147.028,239.9989,0,[52.99901,125.1469]]],[35,[147.3012,251.8914,0,[52.99901,128.1268]]],[112,[146.8038,234.8079,0,[53.99901,123.7056]]],[29,[147.5666,265.6769,0,[52.99901,126.4483]]],[39,[146.6262,241.1285,0,[53.999,122.1594]]],[5,[148.0389,260.7997,0,[52.99901,128.1371]]],[7,[148.0502,251.4123,0,[52.99901,125.3219]]],[226,[147.9592,254.4095,0,[52.99901,129.6674]]],[21,[147.5701,245.0561,0,[53.99901,123.7219]]],[110,[148.3694,239.0238,0,[52.99901,126.9086]]],[43,[147.4565,241.2274,0,[53.99901,122.186]]],[340,[148.7787,235.2116,0,[52.99901,125.8613]]],[26,[149.0108,260.6292,0,[52.99901,128.988]]],[27,[149.0858,268.6054,0,[52.99901,127.545]]],[37,[148.399,240.5795,0,[53.999,123.5288]]],[270,[149.0653,237.1846,0,[52.99901,130.5452]]],[0,[149.2825,250.2832,0,[52.999,124.96]]],[28,[149.5955,263.8992,0,[52.999,126.6479]]],[65,[148.5306,238.7726,0,[53.999,121.9907]]],[34,[149.0747,241.358,0,[53.999,123.3252]]],[345,[149.9125,245.4933,0,[52.99901,128.4077]]],[1,[150.0611,258.0199,0,[52.999,125.6787]]],[86,[149.289,238.5881,0,[53.999,121.8537]]],[107,[150.3548,258.846,0,[52.999,127.2951]]],[67,[150.2118,242.9743,0,[52.999,124.3186]]],[3,[150.4342,255.4873,0,[52.999,129.6973]]],[140,[150.8114,236.1076,0,[52.999,126.1869]]],[60,[150.1191,239.3189,0,[53.999,123.0744]]],[171,[150.9219,231.6042,0,[52.999,124.7286]]],[48,[151.2455,263.722,0,[52.999,128.8241]]],[49,[151.3567,263.4958,0,[52.999,127.3157]]],[170,[151.4829,238.2215,0,[52.999,125.6766]]],[57,[150.9273,243.384,0,[53.999,123.7154]]],[36,[150.6305,237.8383,0,[53.999,122.0897]]],[30,[151.5262,267.1866,0,[52.999,130.412]]],[15,[152.1629,263.3228,0,[52.999,127.8091]]],[33,[152.1444,266.8372,0,[52.999,126.3518]]],[327,[152.1044,247.4807,0,[52.999,129.3673]]],[2,[151.4166,255.341,0,[53.999,122.384]]],[97,[152.33,262.5676,0,[52.999,124.8694]]],[80,[152.832,263.3011,0,[52.99901,128.4099]]],[142,[152.0625,237.537,0,[53.999,123.3521]]],[32,[152.9931,267.7562,0,[52.99901,126.9217]]],[19,[153.0559,249.2055,0,[52.99901,125.4479]]],[199,[152.9534,262.4318,0,[52.99901,129.9583]]],[40,[152.6898,243.8198,0,[53.99901,123.8192]]],[61,[152.4523,240.1343,0,[53.99901,122.1143]]],[17,[153.7021,250.1922,0,[52.99901,128.8546]]],[367,[153.7645,256.9941,0,[52.99901,127.365]]],[357,[153.9306,254.7406,0,[52.99901,125.9791]]],[76,[153.731,259.1613,0,[52.99901,130.4642]]],[114,[153.9081,237.5178,0,[52.99901,124.5372]]],[358,[153.2384,249.912,0,[53.99901,122.2941]]],[79,[154.639,265.8858,0,[52.99901,127.928]]],[342,[154.554,243.7689,0,[52.99901,129.36]]],[200,[153.8663,235.5971,0,[53.99901,123.3941]]],[338,[154.7089,238.6835,0,[52.99901,126.5257]]],[59,[154.6729,245.1247,0,[52.999,125.0756]]],[311,[154.6002,257.9814,0,[52.99901,130.9124]]],[172,[154.6024,231.7101,0,[53.999,123.8369]]],[94,[154.383,243.3161,0,[53.999,122.2995]]],[343,[155.4392,248.809,0,[52.999,125.9998]]],[362,[155.6661,259.0407,0,[52.999,127.4461]]],[363,[155.6556,253.2829,0,[52.999,128.9465]]],[16,[155.7547,257.2535,0,[52.999,124.7667]]],[116,[155.2772,236.1418,0,[53.999,123.1038]]],[38,[155.0542,246.2686,0,[53.999,121.5204]]],[256,[156.1053,257.2217,0,[52.999,130.3215]]],[320,[156.509,247.9088,0,[52.99901,127.5598]]],[113,[156.5727,246.3543,0,[52.99901,126.0768]]],[341,[156.0993,244.9502,0,[53.999,123.455]]],[352,[156.7677,262.7456,0,[52.99901,129.0859]]],[349,[156.9749,259.547,0,[52.999,124.9417]]],[23,[156.097,243.6824,0,[53.999,121.8774]]],[353,[157.4828,263.2912,0,[52.99901,126.7917]]],[47,[157.2139,265.7511,0,[52.99901,130.5764]]],[169,[157.4576,264.8225,0,[52.99901,128.2774]]],[339,[156.964,241.2636,0,[53.999,123.6898]]],[368,[157.71,263.7773,0,[52.99901,125.481]]],[115,[156.8423,242.1434,0,[53.999,122.093]]],[229,[157.8186,263.4305,0,[52.99901,129.7542]]],[331,[158.2772,260.1489,0,[52.99901,127.4197]]],[350,[158.1564,263.8031,0,[52.99901,124.4274]]],[335,[157.5425,268.7571,0,[53.999,122.7471]]],[359,[158.4937,265.9539,0,[52.99901,126.0755]]],[365,[158.4364,253.8987,0,[52.99901,128.9872]]],[55,[158.8997,277.1199,0,[52.99901,124.9902]]],[287,[159.0354,269.0223,0,[52.99901,128.0966]]],[63,[158.2791,243.6606,0,[53.99901,123.1329]]],[310,[159.2968,275.1674,0,[52.99901,126.7447]]],[312,[158.9201,277.7868,0,[53.99901,123.9377]]],[31,[159.4125,264.4922,0,[52.99901,129.6579]]],[242,[159.7053,266.2922,0,[52.99901,125.6445]]],[87,[158.914,240.443,0,[53.99901,122.3357]]],[356,[159.8837,259.2537,0,[52.99901,128.4735]]],[286,[160.3225,264.6859,0,[52.99901,127.3707]]],[351,[160.1937,269.8651,0,[52.99901,124.5793]]],[361,[159.666,269.7519,0,[53.99901,122.8734]]],[366,[160.3131,259.4204,0,[52.99901,130.1115]]],[272,[160.6025,252.8506,0,[52.99901,126.099]]],[360,[160.8482,258.9973,0,[52.99901,129.1843]]],[364,[160.9415,269.4712,0,[52.99901,124.8755]]],[298,[161.1196,247.4807,0,[52.99901,127.893]]],[297,[160.4288,256.158,0,[53.99901,123.0094]]],[139,[161.4717,268.8204,0,[52.99901,126.8491]]],[355,[161.5133,258.3423,0,[52.99901,124.1878]]],[309,[161.7131,253.1164,0,[52.99901,129.0939]]],[321,[161.7067,237.6994,0,[52.99901,125.6613]]],[83,[161.1192,246.6552,0,[53.99901,122.602]]],[333,[162.3042,257.8174,0,[52.999,125.1642]]],[347,[162.4783,250.842,0,[52.999,128.2336]]],[346,[161.8786,253.5222,0,[53.999,123.5748]]],[354,[162.6638,246.9804,0,[52.999,126.7999]]],[369,[162.5504,263.4099,0,[52.999,129.8362]]],[296,[161.741,260.87,0,[53.999,121.9154]]],[103,[163.1427,259.5796,0,[52.999,125.8169]]],[299,[163.2011,242.0439,0,[52.999,124.3262]]],[54,[163.384,270.0834,0,[52.99901,128.8544]]],[348,[162.5195,261.3109,0,[53.999,122.6693]]],[109,[163.7088,262.898,0,[52.99901,127.4931]]],[227,[164.0321,260.6525,0,[52.999,124.8094]]],[313,[164.1287,261.1137,0,[52.999,126.337]]],[332,[163.2953,273.4799,0,[53.99901,123.1649]]],[322,[164.8686,246.5596,0,[52.99901,125.5455]]]
13:[359,[83.78957,141.3619,0,[129.5636,64.00089]]],[310,[79.24961,145.7529,0,[127.31,64.00092]]],[312,[82.40335,148.5295,0,[129.1241,64.00066]]],[242,[81.76034,142.4136,0,[128.5302,64.00047]]],[351,[80.76255,145.0526,0,[126.999,63.45293]]],[272,[85.59315,134.2419,0,[128.0231,64.00042]]],[364,[80.24854,140.7683,0,[128.4181,64.00064]]],[297,[77.88493,133.5239,0,[126.999,63.83456]]],[355,[83.81274,139.6731,0,[126.9997,63.13129]]],[296,[74.65582,132.4894,0,[126.2407,63.001]]],[332,[87.82659,144.7966,0,[130.0703,65.00073]]]

Travel Distances:
[260,237.16],[288,239.3926],[261,240.6592],[289,241.146],[290,241.2119],[262,242.1451],[314,241.5242],[231,242.1008],[263,244.6513],[291,245.3098],[315,243.6349],[264,243.9228],[232,243.8008],[292,246.385],[234,245.1743],[316,245.1874],[233,243.0683],[237,248.5235],[265,247.8615],[236,246.7221],[202,246.2347],[207,249.7182],[266,249.004],[336,244.2728],[238,249.1214],[235,248.4808],[294,251.1319],[293,249.7247],[206,248.3368],[204,247.1904],[177,250.0315],[317,249.9161],[179,252.3416],[205,248.2153],[209,252.3043],[208,251.6938],[178,252.6595],[174,248.7107],[176,250.3894],[240,253.0992],[180,253.7357],[239,252.7107],[147,253.0094],[175,250.7706],[150,255.5415],[210,255.0446],[151,254.5065],[149,255.9473],[267,253.4488],[203,249.1061],[181,256.6384],[213,256.7326],[318,250.9857],[182,257.1982],[173,249.6928],[211,257.9263],[120,256.2569],[183,258.8141],[214,258.7008],[268,253.5998],[244,258.3157],[121,257.645],[274,260.3448],[92,258.5031],[241,257.2357],[324,261.9461],[148,254.0094],[301,262.9114],[152,259.1924],[122,259.3625],[269,256.7711],[230,246.1037],[243,258.9515],[273,261.3184],[246,262.9866],[184,261.4708],[146,252.2408],[143,253.0733],[275,262.3584],[325,262.6197],[117,256.0713],[302,265.3822],[118,257.407],[247,264.2232],[337,251.1525],[248,263.1782],[276,261.9656],[326,265.6443],[249,265.6822],[144,253.3625],[303,267.0871],[217,263.7029],[219,265.6126],[218,265.5407],[278,266.7744],[277,267.7542],[93,259.6659],[250,266.9345],[251,267.308],[153,263.7542],[215,263.81],[323,263.0643],[119,259.258],[295,257.5049],[221,269.7619],[222,268.3628],[220,267.4465],[91,257.6287],[300,264.3135],[191,268.4464],[281,270.6854],[252,269.9251],[187,265.5436],[245,262.2025],[194,270.3654],[271,261.6059],[304,269.0447],[190,268.955],[253,270.1274],[216,264.0895],[192,270.4649],[193,270.7186],[188,269.2066],[306,270.566],[223,271.8687],[161,270.2786],[159,269.6168],[255,272.6826],[186,266.7777],[123,262.3965],[163,273.9415],[307,272.8987],[154,265.0088],[279,269.6614],[225,274.4156],[189,267.9057],[165,274.1525],[164,274.2462],[224,273.7891],[89,258.8128],[131,272.6714],[134,275.3437],[329,269.8217],[90,262.9342],[156,268.5889],[129,270.7808],[135,276.5705],[328,269.4684],[195,276.876],[66,263.5263],[167,276.6844],[185,267.1129],[95,265.5356],[319,257.3969],[133,275.8696],[282,271.5536],[157,267.556],[283,274.7408],[162,270.6648],[104,277.172],[105,278.7455],[145,257.0596],[305,268.2485],[102,273.2189],[137,278.8646],[158,268.9863],[254,274.2713],[166,276.0883],[130,274.3302],[197,278.0232],[308,273.5984],[64,260.7069],[196,277.4035],[78,276.7982],[99,274.2947],[334,278.216],[257,280.5482],[100,274.4096],[198,280.1426],[42,263.3241],[155,270.0965],[126,271.9698],[62,262.4798],[75,277.7739],[212,262.6363],[132,278.8884],[74,274.9741],[24,263.7933],[108,280.6632],[136,280.8307],[201,256.948],[258,281.7623],[72,274.3666],[68,266.6184],[52,279.8674],[96,267.6915],[45,272.4846],[285,278.5468],[73,277.2074],[12,268.526],[228,281.2552],[50,280.4082],[51,280.7667],[160,272.4893],[10,270.1242],[259,283.1721],[98,273.8441],[125,278.7034],[25,272.026],[53,281.9035],[101,276.3143],[46,277.0555],[168,284.2737],[20,266.7462],[344,267.4677],[69,269.3086],[14,273.7307],[127,272.6578],[84,264.6766],[18,264.6479],[330,273.8388],[41,266.6427],[4,272.3692],[11,270.8842],[81,286.6751],[6,277.0114],[128,275.8694],[106,283.5493],[22,266.4467],[9,269.5308],[77,280.1633],[284,277.3708],[8,269.3949],[124,267.7478],[85,260.173],[44,267.8062],[58,266.2161],[88,260.9399],[111,259.8735],[280,272.192],[56,269.4291],[13,270.0819],[71,279.7381],[141,256.5917],[70,285.1554],[138,284.4025],[82,263.9423],[35,275.2889],[112,259.1997],[29,288.5433],[39,265.8725],[5,284.7214],[7,275.3088],[226,278.4908],[21,269.914],[110,262.2846],[43,266.312],[340,257.6541],[26,284.6072],[27,292.4322],[37,265.7812],[270,261.0535],[0,273.714],[28,286.7081],[65,263.7109],[34,265.2084],[345,269.664],[1,281.8933],[86,264.0082],[107,282.135],[67,266.5495],[3,278.6182],[140,258.4844],[60,265.0767],[171,255.7574],[48,287.2308],[49,286.7788],[170,261.2546],[57,267.5257],[36,262.5721],[30,290.1341],[15,286.9962],[33,290.5451],[327,271.2702],[2,280.507],[97,285.9068],[80,285.6368],[142,261.411],[32,291.7674],[19,273.092],[199,286.5226],[40,268.4282],[61,265.2264],[17,272.7878],[367,279.4648],[357,278.8697],[76,283.6928],[114,261.6997],[358,275.4346],[79,288.6075],[342,266.6604],[200,259.8632],[338,261.2654],[59,267.7787],[311,282.7491],[172,256.501],[94,268.547],[343,271.9305],[362,281.7085],[363,275.9716],[16,281.5379],[116,261.5826],[38,272.1578],[256,281.0041],[320,270.8908],[113,269.2087],[341,268.7513],[352,285.21],[349,283.5745],[23,269.4876],[353,286.3255],[47,289.3227],[169,287.9073],[339,265.3348],[368,286.3569],[115,268.4516],[229,287.7916],[331,283.5942],[350,287.4857],[335,293.6675],[359,288.9663],[365,277.0253],[55,301.3052],[287,292.9489],[63,269.1003],[310,298.5734],[312,301.9451],[31,287.6671],[242,288.8814],[87,266.6024],[356,283.4837],[286,288.0408],[351,293.4763],[361,294.4189],[366,282.7939],[272,275.6455],[360,283.2941],[364,293.5833],[298,271.2413],[297,281.2988],[139,291.8766],[355,281.315],[309,275.69],[321,260.2856],[83,272.4037],[333,281.2055],[347,273.8852],[346,277.7645],[354,269.6526],[369,286.309],[296,285.3845],[103,283.2783],[299,265.6401],[54,293.3153],[348,286.2689],[109,285.4803],[227,284.5875],[313,284.8492],[332,298.8854],[322,270.8218]

Finish Times:
[260,120.7624],[288,121.2024],[261,121.9624],[289,122.0024],[290,122.8424],[262,123.1624],[314,123.1624],[231,124.0425],[263,124.0825],[291,124.1225],[315,124.6425],[264,124.8425],[232,125.0825],[292,125.1225],[234,125.5625],[316,125.6425],[233,125.8825],[237,126.3625],[265,126.3625],[236,126.4025],[202,127.1625],[207,127.1625],[266,127.2425],[336,127.5625],[238,127.8825],[235,128.0025],[294,128.0825],[293,128.4025],[206,128.7224],[204,128.8024],[177,128.8424],[317,129.3223],[179,129.4423],[205,129.6023],[209,129.6423],[208,129.8822],[178,130.0822],[174,130.4421],[176,130.5221],[240,130.5621],[180,130.7221],[239,130.8421],[147,131.202],[175,131.242],[150,131.482],[210,131.7219],[151,131.8819],[149,131.9619],[267,132.0019],[203,132.1618],[181,132.2418],[213,132.6818],[318,132.6818],[182,132.7218],[173,132.9217],[211,133.0817],[120,133.5616],[183,133.5616],[214,133.6416],[268,133.7216],[244,133.8016],[121,134.2415],[274,134.3215],[92,134.4815],[241,134.6414],[324,134.7214],[148,134.8814],[301,135.0814],[152,135.2413],[122,135.3213],[269,135.6413],[230,135.7213],[243,135.7612],[273,135.7612],[246,136.0012],[184,136.0812],[146,136.5211],[143,136.6011],[275,136.7611],[325,136.7611],[117,136.961],[302,137.161],[118,137.201],[247,137.401],[337,137.521],[248,137.7209],[276,137.8809],[326,137.9609],[249,138.1208],[144,138.2808],[303,138.3208],[217,138.5608],[219,138.8807],[218,139.0807],[278,139.2007],[277,139.2807],[93,139.3206],[250,139.3206],[251,139.6406],[153,139.9605],[215,139.9605],[323,140.0405],[119,140.1205],[295,140.1605],[221,140.4405],[222,140.6404],[220,140.6804],[91,140.9204],[300,141.0404],[191,141.1603],[281,141.1603],[252,141.5603],[187,141.6003],[245,141.8002],[194,141.9202],[271,142.1602],[304,142.2802],[190,142.3201],[253,142.4001],[216,142.6001],[192,142.7601],[193,142.8801],[188,143.04],[306,143.16],[223,143.32],[161,143.44],[159,143.4799],[255,143.6799],[186,143.7999],[123,143.8799],[163,144.1998],[307,144.3598],[154,144.3998],[279,144.4798],[225,144.5198],[189,144.7197],[165,144.8797],[164,145.1197],[224,145.2796],[89,145.4796],[131,145.6796],[134,145.8795],[329,145.8795],[90,145.9595],[156,145.9595],[129,146.4794],[135,146.4794],[328,146.5194],[195,146.6394],[66,146.6794],[167,146.7594],[185,147.2793],[95,147.3593],[319,147.3993],[133,147.4393],[282,147.4393],[157,147.5993],[283,147.6792],[162,147.9192],[104,148.0392],[105,148.0792],[145,148.2392],[305,148.4791],[102,148.7191],[137,148.7591],[158,148.7591],[254,148.7591],[166,148.919],[130,149.359],[197,149.5189],[308,149.6389],[64,149.6789],[196,149.6789],[78,149.7589],[99,150.1588],[334,150.2788],[257,150.3588],[100,150.3988],[198,150.4788],[42,150.5588],[155,150.9987],[126,151.0387],[62,151.1187],[75,151.3186],[212,151.3186],[132,151.3586],[74,151.7186],[24,151.7986],[108,151.8385],[136,152.1185],[201,152.1585],[258,152.1985],[72,152.3985],[68,152.5184],[52,152.5984],[96,152.7184],[45,153.1183],[285,153.1183],[73,153.1983],[12,153.3583],[228,153.4783],[50,153.8782],[51,153.8782],[160,153.9982],[10,154.0382],[259,154.0782],[98,154.5581],[125,154.5581],[25,154.5981],[53,154.6781],[101,154.6781],[46,155.238],[168,155.238],[20,155.278],[344,155.358],[69,155.4779],[14,155.8379],[127,155.9179],[84,155.9579],[18,156.1178],[330,156.1978],[41,156.3178],[4,156.7577],[11,156.7577],[81,156.8377],[6,156.8777],[128,156.9977],[106,157.4776],[22,157.7576],[9,157.8375],[77,157.8375],[284,157.8375],[8,157.8775],[124,158.0375],[85,158.4774],[44,158.5574],[58,158.6774],[88,158.7574],[111,158.9174],[280,158.9973],[56,159.3173],[13,159.4373],[71,159.4773],[141,159.8372],[70,159.9572],[138,159.9972],[82,160.1172],[35,160.3571],[112,160.5571],[29,160.5971],[39,160.7171],[5,161.117],[7,161.157],[226,161.197],[21,161.3569],[110,161.3969],[43,161.5569],[340,161.8369],[26,162.1168],[27,162.1168],[37,162.1968],[270,162.3568],[0,162.3968],[28,162.6367],[65,162.6767],[34,162.9167],[345,162.9967],[1,163.1167],[86,163.3966],[107,163.3966],[67,163.4366],[3,163.5966],[140,163.8365],[60,164.0365],[171,164.0765],[48,164.3165],[49,164.3564],[170,164.5564],[57,164.7164],[36,164.7564],[30,164.7964],[15,165.1963],[33,165.1963],[327,165.2363],[2,165.4363],[97,165.4763],[80,165.8762],[142,165.9162],[32,165.9962],[19,166.1561],[199,166.1961],[40,166.4761],[61,166.5961],[17,166.796],[367,166.796],[357,166.996],[76,167.076],[114,167.116],[358,167.276],[79,167.6759],[342,167.6759],[200,167.7159],[338,167.7159],[59,167.7959],[311,167.9558],[172,168.3558],[94,168.4758],[343,168.4758],[362,168.6757],[363,168.7557],[16,168.9957],[116,169.1556],[38,169.3156],[256,169.3556],[320,169.5556],[113,169.6356],[341,169.9155],[352,169.9155],[349,170.1155],[23,170.2355],[353,170.5154],[47,170.5554],[169,170.5554],[339,170.7154],[368,170.7954],[115,170.9553],[229,171.0753],[331,171.3153],[350,171.3153],[335,171.5152],[359,171.5552],[365,171.5952],[55,172.0352],[287,172.1151],[63,172.1551],[310,172.3151],[312,172.6351],[31,172.675],[242,172.795],[87,172.955],[356,172.995],[286,173.3549],[351,173.3549],[361,173.5549],[366,173.5949],[272,173.6349],[360,173.9948],[364,174.0748],[298,174.1548],[297,174.3548],[139,174.5147],[355,174.7547],[309,174.7947],[321,174.7947],[83,175.1146],[333,175.3946],[347,175.5546],[346,175.6745],[354,175.6745],[369,175.7945],[296,175.8745],[103,176.1945],[299,176.3944],[54,176.5144],[348,176.5144],[109,176.7544],[227,177.1543],[313,177.1543],[332,177.1943],[322,177.9542]

Stuck Times:
[260,0],[288,0],[261,0],[289,0],[290,0],[262,0],[314,0],[231,0],[263,0],[291,0],[315,0],[264,0],[232,0],[292,0],[234,0],[316,0],[233,0],[237,0],[265,0],[236,0],[202,1],[207,0],[266,0],[336,1],[238,0],[235,0],[294,0],[293,0],[206,0],[204,0],[177,0],[317,1],[179,0],[205,1],[209,0],[208,0],[178,0],[174,1],[176,0],[240,0],[180,0],[239,0],[147,0],[175,1],[150,0],[210,0],[151,0],[149,0],[267,1],[203,4],[181,0],[213,0],[318,2],[182,0],[173,4],[211,0],[120,1],[183,0],[214,0],[268,2],[244,0],[121,1],[274,0],[92,0],[241,0],[324,0],[148,0],[301,0],[152,0],[122,0],[269,2],[230,9],[243,0],[273,0],[246,0],[184,0],[146,4],[143,6],[275,0],[325,0],[117,6],[302,0],[118,3],[247,0],[337,8],[248,0],[276,0],[326,0],[249,0],[144,7],[303,0],[217,0],[219,0],[218,0],[278,0],[277,0],[93,3],[250,0],[251,0],[153,2],[215,1],[323,1],[119,6],[295,7],[221,0],[222,0],[220,0],[91,8],[300,3],[191,0],[281,0],[252,0],[187,2],[245,1],[194,0],[271,3],[304,1],[190,1],[253,0],[216,1],[192,0],[193,0],[188,3],[306,0],[223,0],[161,1],[159,1],[255,0],[186,6],[123,3],[163,1],[307,0],[154,4],[279,4],[225,0],[189,3],[165,0],[164,0],[224,0],[89,14],[131,3],[134,1],[329,2],[90,10],[156,7],[129,5],[135,1],[328,5],[195,0],[66,10],[167,0],[185,8],[95,12],[319,16],[133,2],[282,7],[157,8],[283,1],[162,7],[104,2],[105,1],[145,16],[305,9],[102,5],[137,1],[158,8],[254,2],[166,1],[130,6],[197,0],[308,4],[64,14],[196,1],[78,1],[99,5],[334,2],[257,0],[100,8],[198,0],[42,16],[155,11],[126,9],[62,15],[75,6],[212,18],[132,4],[74,4],[24,14],[108,1],[136,4],[201,24],[258,1],[72,9],[68,16],[52,8],[96,16],[45,9],[285,3],[73,6],[12,10],[228,4],[50,5],[51,5],[160,11],[10,11],[259,3],[98,8],[125,5],[25,9],[53,5],[101,9],[46,9],[168,3],[20,17],[344,20],[69,15],[14,10],[127,13],[84,19],[18,22],[330,14],[41,22],[4,10],[11,13],[81,7],[6,9],[128,13],[106,5],[22,23],[9,12],[77,9],[284,13],[8,16],[124,20],[85,25],[44,21],[58,19],[88,23],[111,23],[280,22],[56,17],[13,18],[71,11],[141,26],[70,9],[138,10],[82,22],[35,16],[112,31],[29,8],[39,21],[5,9],[7,17],[226,23],[21,25],[110,24],[43,27],[340,31],[26,10],[27,8],[37,31],[270,33],[0,22],[28,9],[65,30],[34,29],[345,25],[1,19],[86,31],[107,18],[67,29],[3,17],[140,29],[60,30],[171,35],[48,11],[49,15],[170,28],[57,29],[36,31],[30,9],[15,16],[33,13],[327,28],[2,21],[97,14],[80,15],[142,37],[32,16],[19,30],[199,17],[40,34],[61,36],[17,28],[367,20],[357,22],[76,21],[114,35],[358,26],[79,17],[342,32],[200,35],[338,32],[59,37],[311,24],[172,43],[94,30],[343,28],[362,22],[363,23],[16,26],[116,39],[38,29],[256,27],[320,27],[113,37],[341,31],[352,21],[349,21],[23,34],[353,16],[47,18],[169,23],[339,34],[368,22],[115,36],[229,22],[331,25],[350,21],[335,15],[359,18],[365,27],[55,15],[287,18],[63,37],[310,15],[312,9],[31,22],[242,20],[87,43],[356,29],[286,22],[351,18],[361,15],[366,26],[272,30],[360,29],[364,16],[298,35],[297,30],[139,23],[355,29],[309,40],[321,44],[83,37],[333,33],[347,39],[346,34],[354,40],[369,23],[296,26],[103,31],[299,43],[54,21],[348,24],[109,30],[227,32],[313,32],[332,20],[322,38]

