Experiment Name: Custom-ExampleMap-4
Method Used: RegionalFlowGraph
Run Number: 8
Preparation Time: 735.7981ms
Pathfinding Time: 5.1123ms
Finish Time: 155.198ms
Finish Time 90%: 150.0388ms
Repaths: 0
Soft Repaths: 0

Gates Data:
18:[314,[34.96349,69.87007,0,[155.999,27.22727]]],[288,[34.26172,68.47894,0,[155.999,26.37906]]],[263,[35.78666,71.49605,0,[155.999,26.26108]]],[290,[35.96778,71.88889,0,[155.999,27.73175]]],[289,[34.96066,69.80847,0,[155.999,25.74763]]],[261,[33.9555,67.51497,0,[156.999,24.97128]]],[234,[36.49907,72.61755,0,[155.999,26.63006]]],[264,[37.03197,73.98575,0,[155.999,27.71887]]],[262,[34.62261,68.91913,0,[156.999,24.38739]]],[235,[37.16144,73.89701,0,[155.999,26.24342]]],[233,[35.31748,69.92294,0,[156.999,24.9558]]],[236,[37.88649,75.59299,0,[155.999,27.56581]]],[207,[38.71759,77.10406,0,[155.999,28.09582]]],[205,[36.8193,72.86758,0,[156.999,24.98732]]],[178,[39.51027,78.79748,0,[155.999,28.20749]]],[204,[36.51402,72.52538,0,[155.999,25.13071]]],[206,[37.85699,75.4519,0,[155.999,26.12256]]],[177,[38.86071,77.1175,0,[155.999,26.61963]]],[179,[39.59981,78.36858,0,[155.999,26.6782]]],[180,[40.23115,80.20174,0,[155.999,27.86923]]],[148,[39.19994,77.55824,0,[155.999,25.45638]]],[150,[40.31602,80.05293,0,[155.999,26.44104]]],[181,[40.95291,81.71803,0,[155.999,28.59148]]],[213,[41.73927,83.22731,0,[155.999,28.79358]]],[260,[33.22981,66.26437,2,[156.999,24.98374]]],[149,[39.78875,78.32411,0,[155.999,25.11235]]],[151,[41.08978,81.48318,0,[155.999,27.17151]]],[212,[41.75537,81.59407,0,[155.999,27.33224]]],[231,[33.71387,66.67535,2,[156.999,23.66769]]],[120,[40.82576,80.80751,0,[155.999,25.75896]]],[152,[41.45139,81.63169,0,[155.999,25.99071]]],[230,[33.16368,65.57471,2,[156.999,22.93164]]],[182,[42.13618,81.5099,0,[155.999,26.11935]]],[203,[35.73351,70.09982,2,[156.999,23.86253]]],[121,[41.17637,80.15702,0,[156.999,24.88255]]],[119,[39.89892,78.34207,0,[156.999,24.95146]]],[202,[35.09941,68.8571,2,[156.9991,23.43897]]],[232,[34.40189,67.99654,2,[156.999,22.90636]]],[246,[43.0335,85.56379,0,[155.999,27.86173]]],[174,[36.38778,71.76257,2,[156.999,23.91143]]],[173,[35.85684,70.4128,2,[156.999,22.43647]]],[245,[42.44722,84.49944,0,[155.999,27.43568]]],[247,[43.38715,85.71226,0,[155.999,26.53959]]],[92,[40.53069,79.72309,0,[156.999,24.56658]]],[172,[35.07516,68.90002,2,[156.9991,21.99627]]],[176,[37.61565,74.58904,2,[156.999,24.96186]]],[275,[43.64785,85.97552,0,[155.999,27.74859]]],[201,[34.42079,67.26247,2,[156.999,21.17395]]],[274,[43.31622,85.96129,0,[155.999,29.10835]]],[175,[37.17547,73.34679,2,[156.999,23.81836]]],[214,[42.8138,83.39698,0,[155.999,26.10679]]],[277,[44.3549,87.89682,0,[155.999,27.81929]]],[276,[44.02411,86.43942,0,[155.999,26.49403]]],[147,[38.3583,75.24055,2,[156.999,24.54993]]],[273,[43.81033,86.95456,0,[154.999,30.37349]]],[144,[36.72438,72.1217,2,[156.999,22.55956]]],[200,[35.3028,65.82882,2,[157.999,20.42375]]],[146,[37.84655,74.76715,2,[156.999,23.62618]]],[117,[39.56297,76.27017,2,[156.999,23.77127]]],[304,[45.23581,88.98627,0,[155.999,27.52659]]],[183,[41.85001,80.93456,0,[156.999,24.99109]]],[302,[43.98298,87.29138,0,[155.999,28.99665]]],[118,[38.93687,76.75576,2,[156.999,24.04885]]],[327,[44.93263,89.20309,0,[155.999,28.7539]]],[145,[37.4287,73.54642,2,[156.999,22.40567]]],[142,[36.48658,70.24986,2,[156.999,21.01808]]],[250,[45.19159,88.76495,0,[155.999,25.91747]]],[278,[44.8103,88.63815,0,[155.999,26.72981]]],[116,[38.49905,74.50968,2,[156.999,22.91847]]],[90,[40.17196,77.33205,2,[156.999,23.55621]]],[279,[45.76654,90.22749,0,[155.999,28.16519]]],[89,[39.83382,76.22958,2,[156.999,22.26257]]],[249,[44.35622,87.25472,0,[155.999,25.51897]]],[114,[38.0612,73.33266,2,[156.9991,21.8399]]],[251,[46.4499,90.87775,0,[155.999,28.07521]]],[143,[36.74385,70.49416,2,[157.999,20.82847]]],[88,[39.18094,75.23972,2,[156.9991,22.63463]]],[328,[46.35772,92.01643,0,[154.999,30.60358]]],[153,[41.64254,80.75186,2,[156.999,23.86288]]],[91,[40.95419,78.52644,2,[156.999,23.50559]]],[217,[43.54846,85.77233,0,[155.999,25.26722]]],[115,[38.82858,73.43945,2,[156.999,21.35985]]],[193,[47.26374,92.65323,0,[155.999,27.17454]]],[221,[46.56654,90.80522,0,[155.999,26.79704]]],[220,[45.86234,89.39024,0,[155.999,26.682]]],[64,[40.55423,77.73018,2,[156.999,22.22374]]],[113,[37.68121,71.20494,2,[157.999,20.32448]]],[216,[42.92115,83.29586,2,[156.999,23.97635]]],[184,[42.26936,81.55402,2,[156.999,23.63427]]],[305,[46.12111,90.66653,0,[155.999,29.32541]]],[93,[41.64032,79.64774,2,[156.999,22.66161]]],[225,[47.95932,95.25777,0,[155.999,28.48737]]],[86,[40.18208,73.75775,2,[157.1526,20.99972]]],[219,[44.3129,86.62312,0,[156.999,24.79155]]],[194,[47.16964,94.11653,0,[155.999,28.52458]]],[112,[39.07977,70.68709,2,[157.999,20.94641]]],[62,[41.18659,76.56316,2,[156.999,21.94413]]],[164,[48.07532,93.75226,0,[155.999,25.99281]]],[186,[43.42676,83.70274,2,[156.999,23.01323]]],[226,[48.4951,95.43567,0,[155.999,27.2145]]],[122,[42.80169,80.54183,2,[156.999,22.56468]]],[85,[40.53967,72.47006,2,[157.999,20.7106]]],[198,[49.28473,97.94988,0,[155.999,27.49232]]],[66,[42.21975,79.46376,2,[156.999,22.14692]]],[171,[38.55634,67.16776,2,[157.999,19.90311]]],[191,[46.83482,90.7405,0,[155.999,25.63382]]],[218,[44.05347,85.40008,2,[156.999,23.58118]]],[258,[49.57431,98.43909,0,[155.999,28.81674]]],[227,[48.78151,97.10606,0,[155.999,28.49708]]],[167,[50.47275,97.60817,0,[155.999,26.81654]]],[195,[47.88677,94.67421,0,[155.999,27.1883]]],[87,[41.81651,75.07146,2,[157.0913,20.99983]]],[141,[40.19959,68.9221,2,[157.999,19.63956]]],[196,[48.95084,95.21323,0,[155.999,26.21674]]],[188,[45.46677,86.18602,2,[156.999,24.24581]]],[154,[43.94643,81.78416,2,[156.999,22.0571]]],[165,[48.53044,94.38649,0,[155.999,25.07232]]],[187,[44.75148,84.73955,2,[156.999,23.77116]]],[257,[49.79372,98.47898,0,[154.999,30.11801]]],[94,[43.33051,80.87492,2,[156.9991,21.47818]]],[286,[50.44138,99.42649,0,[155.999,29.13072]]],[197,[49.74181,96.57264,0,[155.999,26.4993]]],[248,[43.54697,84.98877,0,[156.999,24.42439]]],[163,[47.36848,91.44544,0,[156.999,24.90065]]],[215,[42.4688,83.10557,0,[156.999,24.89383]]],[63,[42.53764,76.93147,2,[157.4296,20.99976]]],[157,[45.98439,85.29421,0,[156.999,23.47734]]],[185,[45.28823,83.03519,2,[156.999,23.13195]]],[111,[41.28764,70.13894,2,[157.999,19.78609]]],[192,[46.97095,93.00768,0,[155.999,29.90629]]],[138,[51.09192,99.0791,0,[155.999,27.29772]]],[123,[44.61275,81.6721,2,[156.999,22.4525]]],[137,[50.60255,97.43909,0,[155.999,25.63206]]],[259,[51.74501,100.7519,0,[154.999,30.08972]]],[161,[46.72935,89.71538,0,[156.999,24.64941]]],[189,[45.00592,87.14072,0,[156.999,24.98911]]],[65,[43.40335,77.797,2,[157.999,20.6334]]],[139,[52.58014,100.1989,0,[155.999,25.90932]]],[60,[42.05936,74.03671,2,[157.999,19.92999]]],[156,[45.77762,84.21955,2,[156.999,22.27946]]],[158,[46.64326,86.72532,2,[156.999,23.49917]]],[256,[48.4692,96.28198,0,[155.999,29.82178]]],[303,[44.80836,89.31454,0,[155.4813,29.99995]]],[228,[50.09057,98.37079,0,[155.999,27.81151]]],[108,[51.11456,98.09771,0,[155.999,25.0555]]],[136,[49.93824,96.33747,0,[155.999,25.30394]]],[313,[53.19308,100.1447,0,[155.999,26.88454]]],[39,[42.92175,75.87334,2,[157.999,19.93505]]],[67,[45.23853,80.37699,2,[156.999,21.73293]]],[159,[46.05979,87.6695,0,[156.999,24.63089]]],[79,[53.60527,98.69799,0,[155.999,25.79069]]],[127,[46.40291,85.59437,2,[156.999,22.18629]]],[132,[47.96058,90.5338,0,[156.999,23.96694]]],[169,[52.21547,100.2507,0,[155.999,26.84009]]],[109,[51.49577,99.97539,0,[155.999,26.26953]]],[166,[49.22466,95.56555,0,[155.999,25.14957]]],[55,[53.87973,102.0505,0,[155.999,27.74439]]],[160,[47.34636,88.37666,2,[156.999,23.68822]]],[95,[45.95912,81.45013,2,[156.999,21.05107]]],[99,[53.57999,91.34109,0,[156.999,24.94415]]],[162,[47.41612,91.65946,0,[155.999,25.88997]]],[41,[44.57341,78.79901,2,[156.999,21.01062]]],[80,[51.88906,98.67832,0,[155.999,25.24107]]],[107,[49.893,95.56828,0,[156.999,24.47225]]],[130,[47.03056,88.51553,2,[156.9991,22.49242]]],[40,[44.74384,76.85884,2,[157.999,20.57931]]],[135,[48.54228,93.29634,2,[156.999,24.04338]]],[25,[53.86362,85.78702,0,[156.999,22.54064]]],[78,[54.25191,98.77121,0,[155.999,26.57961]]],[190,[46.17978,89.43488,0,[155.999,25.55086]]],[155,[46.37814,82.63451,2,[157.7431,20.99985]]],[168,[51.79166,99.04136,0,[155.999,27.71626]]],[199,[51.23824,99.75809,0,[155.999,28.65442]]],[81,[52.51376,98.89812,0,[156.8774,24.99991]]],[48,[54.16528,93.71034,0,[156.999,24.07954]]],[106,[48.94179,93.74251,2,[156.999,23.05962]]],[133,[48.31055,91.39638,2,[156.999,22.70306]]],[61,[44.11206,74.48827,2,[157.999,19.81328]]],[42,[45.55103,77.75095,2,[157.999,19.87639]]],[134,[49.21988,92.62849,0,[156.999,24.25234]]],[73,[52.94268,91.68438,0,[156.999,24.23937]]],[26,[54.51524,87.24831,0,[156.999,22.81986]]],[98,[54.94936,91.0679,0,[156.999,23.88476]]],[131,[47.68688,89.56233,2,[156.999,22.46377]]],[229,[52.03862,100.7682,0,[155.9991,29.01961]]],[74,[54.69975,95.86632,0,[155.999,25.51613]]],[104,[51.85965,94.8142,0,[156.999,24.48516]]],[103,[49.64506,91.19614,2,[156.999,23.17027]]],[100,[48.72633,88.12911,2,[156.999,21.41176]]],[129,[47.43135,87.32501,2,[156.9991,21.09955]]],[72,[53.53827,91.56835,0,[156.999,23.62093]]],[105,[50.40207,93.42512,2,[156.999,23.79666]]],[27,[55.31946,94.6399,0,[156.999,22.6601]]],[101,[48.08488,88.84423,2,[156.9991,21.31622]]],[47,[55.53491,93.58981,0,[156.999,24.49986]]],[170,[44.91707,68.48125,2,[157.999,19.37239]]],[76,[52.39413,94.56105,0,[156.999,23.56026]]],[13,[55.93104,86.78633,0,[156.999,21.64152]]],[58,[54.15215,75.73877,0,[156.999,21.29762]]],[69,[50.17133,83.9556,2,[156.999,22.47237]]],[128,[51.53845,89.09125,2,[156.999,23.4319]]],[70,[52.99488,87.27846,0,[156.999,22.73408]]],[96,[50.85821,84.75187,2,[156.999,22.83148]]],[43,[49.371,81.12058,2,[156.999,21.86468]]],[49,[55.93396,96.34917,0,[156.999,23.39926]]],[68,[46.16968,80.02437,2,[157.999,19.67336]]],[124,[47.51744,81.61089,2,[157.999,19.90032]]],[75,[55.41768,97.48103,0,[155.999,25.11077]]],[36,[57.05984,81.71233,0,[156.999,23.58187]]],[102,[51.02367,92.74942,0,[156.999,24.23903]]],[11,[54.84156,82.20137,0,[156.999,21.48174]]],[44,[50.67248,82.56824,2,[156.999,21.34129]]],[50,[56.47506,99.50172,0,[156.999,24.24339]]],[23,[49.9674,81.08152,0,[156.999,21.0464]]],[12,[53.4046,83.22324,0,[156.999,21.28992]]],[37,[46.85456,74.40165,2,[157.999,19.95445]]],[46,[51.40477,85.64101,2,[156.999,22.06617]]],[22,[48.75748,78.06877,2,[157.999,20.49409]]],[125,[52.03971,87.20145,2,[156.9991,22.59497]]],[30,[56.55266,100.4078,0,[155.999,25.43082]]],[6,[57.60844,90.40331,0,[156.999,24.32124]]],[10,[53.49698,80.44749,0,[157.999,19.88259]]],[14,[54.92202,84.19374,0,[157.999,20.61159]]],[51,[56.01181,99.27464,0,[155.9991,26.03953]]],[24,[51.93707,82.8239,2,[156.999,21.16493]]],[45,[52.66362,84.97842,2,[156.9991,21.47007]]],[21,[50.75948,78.18115,2,[157.999,20.80248]]],[28,[57.54773,101.2205,0,[155.999,25.15321]]],[59,[50.05181,74.27749,2,[157.999,20.10203]]],[126,[48.18768,83.64503,2,[157.999,19.89641]]],[8,[57.97521,84.49907,0,[156.999,23.22246]]],[97,[56.55011,93.37997,0,[156.999,22.5352]]],[52,[57.1901,100.4565,0,[155.999,26.22719]]],[110,[57.38033,76.24664,0,[156.999,22.27559]]],[84,[49.43973,71.96918,2,[157.999,19.62664]]],[35,[58.67134,81.91009,0,[156.999,23.49409]]],[4,[58.2417,92.06197,0,[156.999,24.74561]]],[17,[59.43695,86.60455,0,[156.999,23.77307]]],[140,[57.23147,70.82728,0,[157.999,20.80573]]],[77,[55.29597,98.86961,0,[155.999,26.43067]]],[18,[51.48639,77.26389,2,[157.999,19.74835]]],[54,[54.57144,101.7161,0,[155.999,28.69437]]],[83,[52.72838,72.87792,2,[157.999,19.94608]]],[3,[60.26363,95.1829,0,[155.999,25.12823]]],[38,[50.80272,76.12309,2,[157.999,19.48254]]],[57,[58.40764,76.30116,0,[156.999,21.89373]]],[20,[52.00989,79.56862,2,[157.9991,20.47678]]],[7,[60.19862,88.48275,0,[156.999,23.93235]]],[1,[58.95033,89.58086,0,[156.999,24.97219]]],[0,[60.9637,90.91878,0,[155.999,25.2317]]],[19,[54.29407,76.86826,0,[157.999,19.9183]]],[32,[56.69326,103.6413,0,[155.999,27.20902]]],[5,[59.7258,96.16697,0,[155.999,26.38065]]],[34,[59.19899,81.86742,0,[156.9991,22.38237]]],[29,[58.57761,105.1085,0,[155.999,27.51138]]],[2,[56.89888,82.21106,0,[156.999,21.11983]]],[16,[60.97868,87.20581,0,[156.999,23.9998]]],[15,[58.20045,93.67834,0,[155.999,25.85943]]],[31,[57.84865,103.7363,0,[155.999,27.02548]]],[33,[55.87133,103.174,0,[155.999,27.55737]]],[53,[55.05538,101.5232,0,[155.9991,27.57973]]],[56,[61.58307,82.11671,0,[156.999,24.91483]]],[82,[60.10831,78.03913,0,[156.999,22.52079]]],[71,[58.9201,101.0776,0,[155.999,26.10256]]],[9,[55.78245,79.6451,0,[157.999,20.15482]]],[287,[52.7608,101.0998,0,[155.999,28.06909]]],[224,[47.75113,95.18527,0,[155.999,29.92306]]]
10:[314,[66.03594,131.4861,0,[108.9565,64.00071]]],[288,[65.71806,131.0248,0,[107.867,63.00065]]],[263,[67.48588,134.5903,0,[107.5872,63.00062]]],[290,[67.18989,133.5858,0,[108.842,64.00071]]],[289,[66.66412,132.6936,0,[107.9992,63.28443]]],[261,[66.77924,132.473,0,[106.9992,62.11696]]],[234,[68.20828,135.6807,0,[108.0561,64.00081]]],[264,[68.55224,136.0973,0,[108.9409,64.00072]]],[262,[67.68232,134.3911,0,[106.9992,61.6891]]],[235,[68.98961,136.9064,0,[107.9992,63.08762]]],[233,[68.56812,135.2311,0,[107.2284,63.00069]]],[236,[69.32512,137.5845,0,[108.9993,64.01524]]],[207,[70.24501,139.2614,0,[108.9993,64.43696]]],[205,[69.87239,137.9876,0,[106.9992,61.89698]]],[178,[70.93069,140.9393,0,[107.9992,63.87511]]],[204,[69.09644,136.6037,0,[106.9992,61.93484]]],[206,[69.84778,138.5734,0,[107.9992,63.15211]]],[177,[70.79353,140.2326,0,[106.9992,62.71794]]],[179,[71.34624,141.3745,0,[107.6958,63.00064]]],[180,[71.60513,142.2981,0,[108.6874,64.00067]]],[148,[71.51846,141.4429,0,[106.9992,61.72772]]],[150,[72.0785,143.0581,0,[107.7158,63.00071]]],[181,[72.5757,143.6775,0,[108.9992,64.53168]]],[213,[73.4839,145.2074,0,[108.9993,64.4525]]],[149,[72.21576,142.1862,0,[106.9992,61.48312]]],[151,[72.85146,144.3803,0,[107.9992,63.6553]]],[212,[73.50208,144.496,0,[107.9993,63.40854]]],[120,[73.08587,144.9295,0,[106.9994,62.75368]]],[152,[74.11911,145.9959,0,[106.9994,62.81426]]],[182,[74.39993,145.322,0,[107.9993,63.76358]]],[121,[74.88704,146.3253,0,[106.9992,62.89973]]],[119,[73.25692,144.0321,0,[106.9992,61.34369]]],[246,[75.15806,149.1381,0,[107.9993,63.73079]]],[245,[74.42886,147.3543,0,[108.9993,64.68053]]],[247,[75.71349,149.898,0,[106.9992,62.94211]]],[92,[74.15108,145.7498,0,[106.9992,61.20739]]],[275,[75.89492,149.228,0,[107.9992,63.8172]]],[274,[75.28007,148.6084,0,[108.9994,64.57571]]],[214,[74.94025,147.1518,0,[106.9992,61.3098]]],[277,[76.56311,150.9241,0,[107.9992,63.80097]]],[276,[76.41451,150.4708,0,[106.9992,62.98526]]],[273,[76.14703,148.3555,0,[108.9994,64.74471]]],[304,[77.30999,152.3801,0,[107.9993,63.84322]]],[183,[75.64878,147.4832,0,[106.9992,61.2312]]],[302,[76.81229,149.6681,0,[108.9992,64.5256]]],[327,[77.63586,151.8434,0,[108.9992,64.63734]]],[250,[77.90071,153.4722,0,[106.9992,62.92898]]],[278,[77.16016,152.6331,0,[107.0411,63.00073]]],[279,[77.97716,153.7749,0,[107.9992,63.74778]]],[249,[77.05955,151.3132,0,[106.9992,61.37579]]],[251,[78.7111,154.2371,0,[107.9992,63.74758]]],[328,[78.54775,153.8006,0,[108.9993,64.69416]]],[217,[76.35767,149.8551,0,[106.9992,61.30212]]],[193,[79.52443,156.1954,0,[107.9993,63.92382]]],[221,[79.21795,154.9913,0,[107.0586,63.00074]]],[220,[78.55869,153.8358,0,[106.9992,62.90245]]],[305,[79.35524,153.4363,0,[108.9993,64.83374]]],[225,[80.12786,158.201,0,[107.9994,63.55602]]],[219,[78.35625,152.4661,0,[106.9992,61.18736]]],[194,[80.09431,156.6732,0,[108.9994,64.67465]]],[164,[80.7359,157.8215,0,[107.6817,63.00063]]],[226,[80.59928,158.5726,0,[108.7315,64.0007]]],[198,[81.52076,161.0394,0,[108.6981,64.00069]]],[191,[79.83195,155.5754,0,[106.9992,62.87891]]],[258,[82.36965,161.9639,0,[108.9994,64.64983]]],[227,[81.53072,160.5661,0,[108.9995,65.32616]]],[167,[82.74371,161.4385,0,[107.9992,63.08849]]],[195,[80.3606,158.1722,0,[106.9992,62.50275]]],[196,[81.23713,158.8791,0,[107.9999,63.0006]]],[165,[82.13476,159.914,0,[106.9994,62.80944]]],[257,[83.03464,160.8752,0,[108.7371,64.00075]]],[286,[83.86653,163.0325,0,[108.4012,64.00064]]],[197,[82.26459,160.9404,0,[107.9994,63.64097]]],[248,[81.62624,152.142,0,[106.9601,61.00061]]],[163,[82.68843,158.7938,0,[106.9992,62.37563]]],[215,[77.6833,150.1377,0,[106.9992,61.17669]]],[192,[83.72366,156.6957,0,[108.9993,65.19366]]],[138,[84.5901,162.7426,0,[108.3894,64.00065]]],[137,[83.38725,161.9482,0,[106.9992,62.24815]]],[259,[85.27032,163.0078,0,[108.376,64.00079]]],[161,[82.61964,157.3589,0,[106.6429,61.00054]]],[189,[79.67906,153.6644,0,[106.8589,61.00055]]],[139,[85.46082,164.5246,0,[107.9992,63.03725]]],[256,[84.38786,160.0013,0,[108.9994,65.07639]]],[303,[85.06668,152.8058,0,[108.9996,64.82891]]],[228,[83.47086,161.883,0,[107.8814,63.0006]]],[108,[84.07283,163.1857,0,[106.9993,62.13556]]],[136,[83.43661,160.6359,0,[106.6337,61.00056]]],[313,[85.69614,163.718,0,[108.9993,64.25879]]],[159,[81.21694,155.2042,0,[106.9992,62.05407]]],[79,[86.12551,162.8511,0,[107.7914,63.00069]]],[169,[84.78095,163.9504,0,[106.9992,62.03648]]],[109,[84.16351,163.868,0,[107.8442,63.00068]]],[166,[84.2446,160.8927,0,[106.5831,61.0006]]],[55,[86.55188,165.9759,0,[108.2909,64.00072]]],[99,[86.98528,157.0494,0,[107.4983,63.00064]]],[162,[80.39588,155.4051,0,[106.9992,61.01369]]],[80,[85.60627,164.0243,0,[106.9992,62.18736]]],[107,[85.06773,162.1573,0,[106.6102,61.00064]]],[25,[87.69415,152.6619,0,[107.8447,63.00063]]],[78,[87.25895,162.6913,0,[108.1769,64.00077]]],[190,[79.02353,153.4344,0,[106.9992,61.24544]]],[168,[86.6415,162.8374,0,[108.9993,65.06946]]],[199,[84.87949,163.1355,0,[107.7009,63.00062]]],[81,[86.395,164.6452,0,[106.9992,62.1792]]],[48,[87.7314,159.4548,0,[108.5492,64.00067]]],[134,[85.90536,160.3667,0,[106.5704,61.00055]]],[73,[87.2719,158.2022,0,[106.9993,62.18364]]],[26,[88.43557,153.9205,0,[107.7686,63.00063]]],[98,[88.49579,157.219,0,[108.3785,64.00066]]],[229,[87.43495,164.9873,0,[108.9994,65.04457]]],[74,[88.32633,160.437,0,[108.9994,65.28787]]],[104,[86.60608,161.1905,0,[106.7839,61.00058]]],[72,[87.93281,158.3898,0,[106.9992,62.13656]]],[27,[89.50488,161.754,0,[106.9993,62.92013]]],[47,[89.32039,159.5772,0,[108.0011,64.00085]]],[76,[87.59024,161.9278,0,[106.4387,61.00054]]],[13,[90.06094,154.2621,0,[106.9994,62.42707]]],[58,[88.61258,143.5523,0,[106.9992,62.11286]]],[70,[89.42591,155.5952,0,[106.9124,61.00047]]],[49,[89.71604,162.6051,0,[107.9993,63.30966]]],[75,[88.85792,162.1416,0,[108.9992,64.69803]]],[36,[90.64008,148.0018,0,[106.9992,62.08049]]],[102,[88.26865,160.8002,0,[106.5389,61.00058]]],[11,[90.29414,149.6375,0,[106.5062,61.00053]]],[50,[90.36987,165.231,0,[107.9208,63.00065]]],[12,[88.7777,150.9902,0,[106.9651,61.0006]]],[30,[89.93638,164.3861,0,[108.8721,64.00066]]],[6,[91.12911,156.1985,0,[107.6352,63.00074]]],[10,[91.01962,151.1305,0,[106.5312,61.00061]]],[14,[91.41724,154.3226,0,[106.9992,62.0684]]],[51,[89.67988,163.5591,0,[108.9993,64.952]]],[28,[91.44777,165.9367,0,[108.3077,64.00072]]],[8,[91.78324,150.9546,0,[107.6524,63.00063]]],[97,[91.85688,160.7901,0,[106.4059,61.00054]]],[52,[90.76819,164.6574,0,[108.4313,64.00068]]],[110,[92.18774,143.5171,0,[106.9992,62.14306]]],[35,[92.45818,148.3937,0,[107.6857,63.00062]]],[4,[92.16155,157.8684,0,[108.332,64.00083]]],[17,[93.07625,152.8908,0,[106.9993,62.48653]]],[140,[92.4295,139.3225,0,[106.8122,61.00052]]],[77,[91.68555,163.7321,0,[108.9993,65.11528]]],[54,[90.94955,165.8195,0,[108.9993,65.18943]]],[3,[93.44356,159.6071,0,[107.7515,63.00065]]],[57,[93.13188,143.1154,0,[106.7579,61.00059]]],[7,[93.72013,154.6611,0,[106.9992,62.1177]]],[1,[93.02635,155.7086,0,[107.9995,63.89047]]],[0,[94.20463,155.6384,0,[107.9993,63.42604]]],[19,[93.89516,148.0184,0,[106.6735,61.00061]]],[32,[92.46663,168.1979,0,[108.9995,65.0975]]],[5,[93.66461,160.6415,0,[108.3204,64.00066]]],[34,[94.42972,150.0474,0,[106.9992,62.54491]]],[29,[94.97616,169.5672,0,[107.9993,63.89748]]],[2,[94.46992,150.8471,0,[106.9992,61.17059]]],[16,[95.23652,153.7988,0,[106.9992,62.98697]]],[15,[94.20036,158.3932,0,[108.9993,64.35027]]],[31,[92.99885,167.8122,0,[108.9993,64.72372]]],[33,[95.49438,169.6382,0,[107.9993,63.3021]]],[53,[95.08923,166.5768,0,[108.9994,64.86922]]],[56,[96.1104,148.2625,0,[106.9994,62.78083]]],[82,[95.20548,144.6067,0,[106.9991,61.31452]]],[71,[93.87404,165.8347,0,[108.9993,65.12476]]],[9,[96.90074,152.472,0,[107.0393,63.00067]]],[287,[96.47777,166.0606,0,[108.101,64.0008]]],[224,[95.55215,158.6389,0,[108.9993,64.18274]]]
8:[314,[85.89758,171.1098,0,[92.98006,100.001]]],[288,[86.21285,171.8935,1,[91.23717,100.0008]]],[263,[87.77525,175.0596,0,[91.98048,100.0009]]],[290,[87.35676,173.7907,0,[92.99958,100.666]]],[289,[86.94119,173.151,1,[91.77348,100.001]]],[261,[87.22128,173.1307,1,[90.83492,99.00079]]],[234,[88.23958,175.671,0,[93.23396,101.0009]]],[264,[88.76947,176.121,0,[92.9996,100.4553]]],[262,[88.44003,175.6543,1,[89.99948,98.93163]]],[235,[89.38768,177.3114,0,[92.19215,100.0008]]],[233,[88.83386,175.6885,1,[91.42305,100.0009]]],[236,[89.66315,177.9221,0,[93.43906,101.0009]]],[207,[90.45869,179.432,0,[93.03914,101.0008]]],[336,[88.94862,177.5567,0,[96.66285,103.0006]]],[315,[89.62523,178.5915,0,[94.99938,101.5242]]],[205,[90.3457,178.6675,1,[89.9994,98.40459]]],[178,[90.77371,180.4162,0,[92.54149,100.0008]]],[204,[89.58585,177.4168,1,[90.71931,99.00092]]],[292,[90.33163,180.0865,0,[94.99936,101.1594]]],[316,[89.97295,179.6286,1,[95.99921,102.1854]]],[206,[90.22809,179.1096,1,[91.84451,100.0008]]],[266,[91.32526,182.2112,0,[94.718,101.0008]]],[291,[91.08937,181.424,0,[93.49493,101.0006]]],[177,[91.08618,180.691,1,[90.99912,99.58039]]],[265,[92.09569,182.3867,0,[93.62424,101.0006]]],[179,[91.8878,182.2737,1,[91.19872,100.0007]]],[337,[90.00819,179.2124,0,[97.67406,103.0007]]],[293,[90.87167,181.0636,0,[95.73289,102.0007]]],[267,[92.06187,183.5098,0,[94.99924,101.9476]]],[294,[91.87299,182.8492,0,[95.99936,102.9716]]],[180,[91.56998,181.8524,1,[92.94195,100.0008]]],[237,[92.7628,184.1712,0,[93.79646,101.0008]]],[148,[92.24205,182.5797,1,[89.99922,98.72009]]],[238,[92.67816,184.2084,0,[94.99946,101.5761]]],[317,[90.83186,180.0061,0,[97.35802,103.0006]]],[295,[91.43758,182.2675,0,[97.99932,103.0077]]],[268,[92.40298,184.0915,0,[95.99944,102.3797]]],[150,[92.64333,183.9289,1,[90.99921,99.81947]]],[181,[92.36977,182.9469,1,[92.9869,100.0008]]],[213,[93.58762,185.0416,0,[92.99943,100.5949]]],[239,[93.39818,185.9171,0,[94.43398,101.0008]]],[149,[92.80234,183.011,1,[89.96072,98.00082]]],[151,[93.16694,184.4267,1,[91.85769,100.0004]]],[269,[93.35376,186.0283,0,[95.31186,102.0008]]],[212,[93.8441,184.7865,1,[91.85873,100.0008]]],[240,[94.08058,186.8207,0,[94.6572,101.0007]]],[296,[92.36127,184.1935,0,[97.39278,103.0008]]],[270,[93.48573,186.4879,0,[96.25715,103.0008]]],[208,[94.40476,187.8034,0,[93.078,101.0007]]],[120,[93.1473,184.8741,1,[90.95786,99.00045]]],[241,[94.12125,187.3654,0,[95.40383,102.0008]]],[152,[94.1486,185.9243,1,[90.80044,99.00066]]],[182,[94.59831,185.4709,1,[91.55492,100.0007]]],[242,[94.99647,188.9053,1,[95.29136,102.0008]]],[209,[95.3335,189.3933,0,[93.25514,101.0008]]],[210,[94.87615,188.895,0,[94.66541,101.0008]]],[271,[94.20869,188.0101,0,[96.3191,103.0008]]],[297,[92.93125,185.0662,0,[97.99925,103.1646]]],[121,[94.93328,186.2649,1,[90.51776,99.00084]]],[272,[95.00416,188.884,0,[96.16499,103.0007]]],[119,[93.96976,185.0512,0,[89.72319,98.00082]]],[246,[95.45306,189.4975,1,[91.08057,100.0006]]],[211,[96.20551,191.3279,0,[93.51221,101.0008]]],[323,[95.35499,189.209,0,[95.99942,102.1484]]],[243,[95.56312,189.5833,0,[94.99937,101.0533]]],[298,[93.68294,186.573,0,[97.99934,103.1875]]],[343,[94.43539,188.1268,0,[97.74233,103.0008]]],[245,[94.49561,186.6011,1,[92.89613,100.0008]]],[247,[95.70473,189.7814,1,[90.68921,99.00074]]],[92,[94.95446,186.9868,1,[89.49255,98.00088]]],[301,[96.55038,190.2482,0,[94.99937,101.2732]]],[299,[96.03748,190.0415,0,[95.63687,102.0007]]],[280,[97.0328,193.6375,0,[93.73574,101.0006]]],[275,[96.08286,189.3762,1,[91.47134,100.0004]]],[274,[95.31171,187.9201,1,[92.73833,100.0008]]],[324,[95.81178,189.956,0,[96.80567,103.0008]]],[325,[96.58012,190.9282,0,[95.99937,102.0146]]],[214,[95.66386,188.1503,1,[89.69753,98.00079]]],[306,[97.211,193.085,0,[94.72161,101.0008]]],[326,[96.43378,191.7976,0,[96.92189,103.0007]]],[277,[96.8074,191.0842,1,[91.3023,100.0008]]],[276,[96.62409,190.6159,1,[90.1473,99.00072]]],[344,[95.19068,189.0955,0,[97.9993,103.4058]]],[300,[96.80402,190.2346,0,[92.99936,100.2636]]],[273,[96.15146,187.6858,1,[92.78274,100.0008]]],[281,[97.91608,195.4558,0,[93.6469,101.0008]]],[329,[97.70533,194.0468,0,[95.21748,102.0008]]],[304,[97.16229,191.9167,1,[90.99918,99.12963]]],[346,[97.41478,193.8518,0,[96.13268,103.0007]]],[183,[96.57085,188.8918,1,[89.09102,98.00079]]],[252,[98.30724,194.5144,0,[92.99928,100.3598]]],[302,[97.39777,189.5802,1,[91.71701,100.0006]]],[345,[96.40945,190.5212,0,[97.99931,103.8269]]],[307,[97.98309,194.8797,1,[94.73518,101.0008]]],[327,[97.5215,191.0589,0,[92.99048,100.0008]]],[347,[97.98206,193.8129,1,[95.99938,102.498]]],[250,[97.90114,193.3195,1,[90.66114,99.00082]]],[278,[97.05306,192.2234,1,[89.99922,98.35165]]],[282,[98.73537,195.9561,0,[94.84602,101.0008]]],[279,[98.16666,193.8946,1,[91.48328,100.0006]]],[348,[97.69823,194.2922,0,[97.17528,103.0008]]],[308,[98.68169,196.3945,0,[95.12657,102.0008]]],[356,[96.81455,191.3737,0,[97.99929,103.0876]]],[330,[98.78964,195.754,0,[95.99944,102.8253]]],[249,[97.77538,192.2883,1,[89.56219,98.00083]]],[254,[99.14957,197.4046,0,[93.36752,101.0006]]],[251,[98.57391,193.7409,1,[90.95775,99.00075]]],[283,[99.70448,198.2957,0,[93.8573,101.0008]]],[328,[98.83383,193.6257,1,[91.5899,100.0008]]],[253,[98.82301,196.3457,1,[92.75079,100.0008]]],[309,[99.45461,197.7961,0,[94.99943,101.4997]]],[331,[99.13676,196.4512,0,[95.95176,102.0008]]],[349,[98.33836,195.744,0,[97.23032,103.0008]]],[357,[97.82722,193.1686,0,[98.08114,104.0008]]],[222,[100.076,198.0944,0,[92.9992,100.409]]],[350,[99.16582,197.0426,0,[96.84558,103.0008]]],[217,[97.57221,191.5291,1,[88.41551,98.00073]]],[193,[99.80248,196.4492,1,[91.31816,100.0007]]],[221,[99.20835,194.7723,1,[90.92159,99.00073]]],[255,[100.664,198.9237,0,[93.35889,101.0008]]],[220,[98.45441,193.4142,1,[89.99933,98.25032]]],[310,[99.99324,198.4134,1,[94.82405,101.0008]]],[358,[98.57372,194.4031,0,[97.99943,103.9934]]],[333,[100.0733,198.6812,0,[95.49385,102.0007]]],[223,[101.3724,199.671,0,[93.20122,101.0008]]],[285,[100.8204,200.5328,0,[94.60429,101.0008]]],[305,[99.3367,192.6527,1,[92.9993,100.015]]],[225,[100.1981,198.1605,1,[90.99918,99.36997]]],[332,[100.1038,198.2859,0,[96.18428,103.0007]]],[311,[101.0857,200.5379,0,[95.23917,102.0008]]],[219,[99.12132,193.5827,1,[89.6685,98.00086]]],[194,[100.4867,196.7413,1,[91.67652,100.0006]]],[359,[99.11371,195.3206,0,[97.99941,103.7231]]],[352,[100.7661,199.0947,0,[95.99941,102.6161]]],[312,[101.6106,201.1224,0,[95.7051,102.0008]]],[244,[101.4784,199.3957,0,[94.88157,101.0008]]],[284,[102.0566,200.2539,0,[93.37846,101.0006]]],[164,[101.4139,198.6872,1,[91.13593,100.0006]]],[226,[100.7605,198.2551,1,[92.71966,100.0008]]],[351,[99.4536,197.4581,0,[97.82229,103.0008]]],[334,[101.5428,199.8846,0,[96.47166,103.0008]]],[369,[100.4778,197.3951,0,[97.25223,103.0008]]],[198,[102.0374,201.3836,1,[91.45531,100.0005]]],[191,[100.0237,195.5882,1,[89.99915,98.7514]]],[335,[102.4587,202.5271,0,[95.53551,102.0009]]],[258,[102.7599,201.9838,0,[93.18282,101.0009]]],[227,[101.4837,199.3426,1,[92.75884,100.0008]]],[167,[103.0726,201.7398,0,[92.76862,100.0008]]],[361,[100.9675,198.2038,0,[97.99932,103.5709]]],[360,[100.2674,196.6776,0,[98.15485,104.0008]]],[362,[102.4506,199.6374,0,[96.39839,103.0009]]],[195,[100.8245,198.5066,1,[90.56501,99.00088]]],[196,[101.6018,199.2495,1,[90.68438,99.00073]]],[353,[102.4131,199.6773,0,[94.69592,101.0009]]],[165,[102.49,200.0639,1,[90.99947,99.38981]]],[257,[103.3099,201.0896,0,[93.85626,101.0009]]],[368,[101.5675,197.7945,0,[97.96442,103.0008]]],[286,[104.1065,203.2616,0,[93.45197,101.0009]]],[197,[102.4339,200.8651,1,[92.27969,100.0008]]],[248,[102.7639,193.8657,1,[89.99976,98.64475]]],[163,[103.4063,199.8207,1,[90.99922,99.64874]]],[215,[98.8343,191.8408,1,[88.45088,98.00076]]],[192,[103.6411,195.6448,0,[94.99968,101.1269]]],[138,[104.8338,203.0543,0,[93.49142,101.0009]]],[137,[104.2176,203.21,1,[90.99929,99.72866]]],[259,[105.5757,203.3449,0,[93.11105,101.0009]]],[161,[103.6142,198.5947,1,[89.99987,98.13566]]],[189,[100.8118,194.9431,1,[89.73002,98.00094]]],[139,[105.8019,204.8587,0,[92.73543,100.0009]]],[256,[104.5953,199.438,0,[94.99966,101.534]]],[303,[105.1081,192.0065,0,[94.81346,101.0009]]],[228,[103.8178,202.4408,1,[92.32155,100.0009]]],[108,[104.8605,204.2609,1,[90.9997,99.5403]]],[136,[104.4616,201.7983,1,[89.8419,98.00098]]],[313,[105.964,203.6701,0,[94.15224,101.0009]]],[159,[101.5753,195.3782,1,[89.92874,98.00076]]],[79,[106.6492,203.4456,0,[92.05914,100.0009]]],[169,[105.6038,205.0874,1,[90.9995,99.46753]]],[109,[104.5441,204.4321,1,[92.34045,100.0009]]],[166,[105.2434,202.0839,1,[89.8504,98.00092]]],[55,[106.8572,206.3172,0,[93.12461,101.0009]]],[99,[107.2987,197.3158,0,[92.36572,100.0008]]],[162,[102.9841,197.1678,0,[89.27965,98.00095]]],[80,[106.0859,204.5954,1,[90.9995,99.09855]]],[107,[106.118,203.2953,1,[89.73152,98.00092]]],[25,[108.1218,193.2636,0,[91.91608,100.0007]]],[78,[107.4143,202.7732,0,[93.71304,101.0009]]],[190,[100.9927,195.3268,1,[88.38063,98.00037]]],[168,[106.6605,201.8107,0,[94.98592,101.0009]]],[199,[105.2567,203.6188,1,[92.12215,100.0008]]],[81,[107.0255,205.6136,1,[90.99913,99.43474]]],[48,[108.1252,199.8455,0,[92.99929,100.9443]]],[134,[106.9172,201.4852,1,[89.84373,98.00092]]],[73,[107.6331,198.7429,1,[90.88345,99.00092]]],[26,[108.8958,194.5215,0,[91.95543,100.0009]]],[98,[108.7705,197.5057,0,[92.9996,100.8759]]],[229,[107.7675,204.4186,0,[94.99958,101.4619]]],[74,[108.3035,199.2847,0,[94.48774,101.0009]]],[104,[107.7651,202.4321,1,[89.7115,98.00095]]],[72,[108.3833,198.9902,1,[90.83125,99.00084]]],[27,[109.8103,202.1198,0,[91.83867,100.0009]]],[47,[109.4244,199.4641,0,[92.99957,100.631]]],[76,[108.5728,203.0114,1,[89.703,98.00092]]],[13,[110.7029,195.3428,0,[91.25497,100.0008]]],[58,[109.1382,184.2772,1,[90.9993,99.10391]]],[70,[110.5009,196.9227,0,[89.52599,98.00092]]],[49,[110.1846,203.2116,0,[92.99944,100.7077]]],[75,[109.0377,201.6224,0,[94.45512,101.0009]]],[36,[111.064,188.6415,0,[90.82691,99.00069]]],[102,[109.3984,202.1479,1,[89.47774,98.00094]]],[11,[111.355,190.8526,0,[89.59978,98.00084]]],[50,[110.6911,205.6413,0,[92.77023,100.0009]]],[12,[109.9693,192.7453,0,[90.59371,99.00094]]],[30,[110.3906,204.3893,0,[94.48295,101.0009]]],[6,[111.6016,196.867,0,[91.63078,100.0008]]],[10,[112.1107,192.3648,0,[89.99929,98.10106]]],[14,[112.004,195.2378,0,[90.99918,99.30461]]],[51,[110.0013,203.3165,0,[94.99953,101.6505]]],[28,[111.6062,205.8276,0,[92.99944,100.463]]],[8,[112.2037,191.4121,0,[92.16287,100.0007]]],[97,[112.8867,201.946,0,[89.45306,98.00096]]],[52,[111.1166,204.8953,0,[93.81876,101.0008]]],[110,[113.002,184.9066,0,[90.9991,99.81886]]],[35,[112.8456,188.7594,0,[92.51218,100.0009]]],[4,[112.6082,198.2082,0,[93.09572,101.0008]]],[17,[113.3617,193.1463,0,[90.73502,99.00088]]],[140,[113.5891,180.5753,0,[89.63596,98.0009]]],[77,[111.8169,202.7458,0,[94.59527,101.0009]]],[54,[111.5133,205.6524,0,[94.99953,101.8883]]],[3,[113.871,200.2235,0,[91.85779,100.0009]]],[57,[114.315,184.4303,0,[89.86533,98.00089]]],[7,[114.1681,195.338,0,[90.99941,99.11674]]],[1,[113.3657,195.8537,0,[93.42602,101.0008]]],[0,[114.4072,195.7936,0,[92.49692,100.0009]]],[19,[115.3529,190.0667,0,[90.40691,99.00068]]],[32,[112.7191,207.1554,0,[94.99957,101.0428]]],[5,[114.1354,200.9421,0,[92.99949,100.9083]]],[34,[115.1817,191.2418,0,[91.2746,100.0007]]],[29,[115.0059,209.0831,0,[92.9994,100.0383]]],[2,[115.7994,192.3304,0,[89.99938,98.28328]]],[16,[115.8328,194.3664,0,[91.55468,100.0008]]],[15,[114.7181,198.5586,0,[93.71727,101.0009]]],[31,[113.7423,207.2186,0,[94.65778,101.0009]]],[33,[115.9741,210.2337,0,[92.99955,100.6457]]],[53,[115.3704,206.0767,0,[94.13574,101.0009]]],[56,[116.4855,188.7757,0,[91.90186,100.0008]]],[82,[116.71,186.2719,0,[90.99956,99.11153]]],[71,[115.049,205.4681,0,[94.99951,101.7989]]],[9,[117.1326,192.4624,0,[92.58224,100.0007]]],[287,[116.8219,206.2219,0,[93.23711,101.0009]]],[224,[116.0796,198.5711,0,[94.57034,101.0009]]]
3:[314,[110.3701,219.7742,0,[52.99901,124.5405]]],[263,[111.2589,221.3183,0,[53.999,123.7544]]],[290,[112.0416,223.0301,0,[52.99901,127.6156]]],[234,[113.1327,225.2142,0,[52.99901,128.3875]]],[264,[113.2045,224.627,0,[52.99902,125.905]]],[235,[112.8158,223.7363,0,[53.999,123.3678]]],[236,[114.2509,226.7989,0,[52.99902,126.2115]]],[207,[113.8617,225.7797,0,[53.999,123.6147]]],[336,[114.7978,229.0517,0,[52.99905,129.0852]]],[315,[115.1794,228.8377,0,[52.999,127.8158]]],[178,[114.5992,227.3306,0,[53.999,123.0346]]],[292,[115.4009,229.8441,0,[52.99903,125.4235]]],[316,[115.9051,231.2409,0,[52.99902,129.1528]]],[266,[116.0079,231.1668,0,[52.999,124.5063]]],[291,[116.325,231.0535,0,[52.99902,127.3927]]],[265,[115.993,229.3618,0,[53.999,123.0122]]],[337,[116.7297,232.4867,0,[52.99901,130.3023]]],[293,[116.9551,232.8448,0,[52.99902,129]]],[267,[116.9107,232.4671,0,[52.99902,125.0081]]],[294,[117.1148,233.0096,0,[52.99901,127.6118]]],[237,[116.8179,231.2226,0,[53.999,123.3029]]],[238,[117.8188,233.9417,0,[52.99902,126.4583]]],[317,[117.6611,233.3542,0,[52.99902,130.4517]]],[295,[117.9375,235.0642,0,[52.99901,129.2738]]],[268,[118.0871,235.0255,0,[52.999,127.9909]]],[213,[117.662,231.8907,0,[53.999,123.1095]]],[239,[118.3998,235.2588,0,[52.999,125.0131]]],[269,[118.8155,236.559,0,[52.99906,127.9357]]],[240,[119.2717,236.4165,0,[52.999,126.1775]]],[296,[118.9948,237.2408,0,[52.99901,130.2747]]],[270,[119.3273,237.9904,0,[52.99901,129.1935]]],[208,[118.7303,234.5446,0,[53.99901,123.609]]],[241,[119.6281,237.9254,0,[52.999,127.935]]],[242,[120.0361,238.7017,0,[52.999,126.8882]]],[209,[119.3782,236.0836,0,[53.999,122.9003]]],[210,[120.1607,238.3559,0,[52.999,124.9311]]],[271,[120.1251,239.7072,0,[52.99901,129.412]]],[297,[119.9362,238.9014,0,[52.99901,130.6831]]],[272,[120.4611,239.6325,0,[52.999,128.39]]],[211,[120.1793,238.0866,0,[53.99902,123.6828]]],[323,[120.8527,239.9692,0,[52.99901,127.4823]]],[243,[120.9762,239.4405,0,[52.99902,126.2031]]],[298,[120.7214,240.3699,0,[52.999,130.4559]]],[343,[121.1219,240.9946,0,[52.99901,129.1944]]],[301,[121.4519,239.6127,0,[52.999,125.0039]]],[299,[121.6401,240.8702,0,[52.99901,128.0822]]],[280,[120.8069,240.2736,0,[53.999,122.9695]]],[324,[121.9799,242.0911,0,[52.99902,129.6527]]],[325,[122.1401,241.5383,0,[52.999,127.0653]]],[306,[122.0173,242.2566,0,[52.999,124.3382]]],[326,[122.4011,243.4043,0,[52.999,128.5512]]],[344,[122.3008,242.8766,0,[52.99902,131.0167]]],[300,[121.6889,237.3837,0,[53.999,122.7475]]],[281,[122.8555,244.8312,0,[52.99902,126.1221]]],[329,[123.0469,244.3815,0,[52.999,127.7217]]],[346,[123.2311,245.1499,0,[52.99901,129.1933]]],[252,[123.1293,243.3624,0,[52.999,124.6394]]],[345,[123.0853,243.6087,0,[52.99902,130.5211]]],[307,[123.5925,245.4921,0,[52.999,126.589]]],[327,[122.8348,238.4943,0,[53.99903,122.9811]]],[347,[123.7628,244.8922,0,[52.999,128.225]]],[282,[124.0742,245.5639,0,[52.99902,124.9275]]],[348,[124.1257,246.9005,0,[52.99901,129.7446]]],[308,[124.3253,246.2936,0,[52.999,127.0877]]],[356,[124.0473,245.4399,0,[52.99902,131.1087]]],[330,[124.526,246.8935,0,[52.999,128.663]]],[254,[123.7745,244.2315,0,[53.99901,122.795]]],[283,[124.7136,247.0513,0,[52.999,124.3107]]],[309,[125.0081,247.9162,0,[52.999,126.362]]],[331,[124.981,247.5101,0,[52.99901,127.8133]]],[349,[124.9757,248.6078,0,[52.99901,129.9428]]],[357,[124.9613,246.8805,0,[52.99901,131.3412]]],[222,[124.6199,245.2268,0,[53.999,122.9566]]],[350,[125.4247,249.0423,0,[52.999,128.9512]]],[255,[125.4525,247.6286,0,[52.999,124.8633]]],[310,[125.8449,249.0889,0,[52.99902,127.1363]]],[358,[125.6659,247.8863,0,[52.999,130.4643]]],[333,[126.0913,250.0704,0,[52.999,128.5656]]],[223,[125.5303,246.5903,0,[53.999,123.3195]]],[285,[126.2571,250.1729,0,[52.999,125.9279]]],[332,[126.3457,250.3305,0,[52.999,129.845]]],[311,[126.6918,250.9503,0,[52.999,127.6786]]],[359,[126.4298,249.2091,0,[52.99902,131.3501]]],[352,[127.0073,250.6314,0,[52.999,129.0967]]],[312,[127.0627,251.3519,0,[52.999,126.6041]]],[244,[127.0861,249.1008,0,[52.999,124.8885]]],[284,[126.4269,247.3271,0,[53.999,122.9718]]],[351,[127.1211,251.5662,0,[52.99903,130.8372]]],[334,[127.5648,251.0865,0,[52.999,128.3305]]],[369,[127.5442,250.5338,0,[52.999,129.9006]]],[335,[127.8924,252.9843,0,[52.99901,127.2146]]],[258,[127.9664,250.9939,0,[52.99907,125.7701]]],[167,[127.4809,249.1093,0,[53.999,123.2398]]],[361,[128.2315,251.3201,0,[52.99903,129.8004]]],[360,[128.0763,250.8995,0,[52.99903,131.1506]]],[362,[128.5043,251.1063,0,[52.99901,128.6331]]],[353,[128.6742,250.9063,0,[52.99901,127.3359]]],[257,[128.7921,250.6344,0,[52.99902,125.9758]]],[338,[128.761,256.2496,3,[52.99909,132.7077]]],[368,[129.076,251.4866,0,[52.999,129.7148]]],[318,[129.1514,257.3156,3,[52.999,131.0942]]],[286,[128.3228,250.3822,0,[53.999,123.453]]],[192,[129.7413,247.4924,0,[52.99901,129.3095]]],[138,[129.8069,252.5939,0,[52.99902,127.7694]]],[339,[129.4445,257.7011,3,[52.99905,133.3586]]],[259,[129.7966,251.3537,0,[52.99902,125.1757]]],[319,[129.9079,258.1664,3,[52.99915,131.0369]]],[139,[129.5313,251.6287,0,[53.999,123.1567]]],[256,[130.6207,251.1748,0,[52.99902,129.779]]],[303,[130.6841,242.953,0,[52.99901,128.2523]]],[320,[130.3703,259.1693,3,[52.99903,132.2567]]],[313,[130.8744,253.2338,0,[52.99908,126.7086]]],[340,[130.6462,259.6735,3,[52.99908,133.6103]]],[79,[130.3236,250.235,0,[53.999,123.5866]]],[321,[131.2586,260.4684,3,[52.99901,130.8186]]],[55,[131.7594,255.7591,0,[52.99907,127.8029]]],[341,[131.435,261.0677,3,[52.99908,133.3578]]],[99,[131.6667,245.2191,0,[52.99902,124.8648]]],[322,[132.0455,262.4031,3,[52.999,131.526]]],[354,[132.223,262.8537,3,[52.999,130.0342]]],[25,[131.7095,239.82,0,[53.999,123.5009]]],[78,[132.5535,252.7726,0,[52.999,128.0591]]],[342,[132.2528,262.6325,3,[52.99903,133.5185]]],[168,[132.8017,253.9705,0,[52.999,129.2733]]],[48,[132.8457,248.8269,0,[52.99902,126.746]]],[355,[132.8328,264.2723,3,[52.99905,131.8683]]],[364,[133.158,264.2454,3,[52.999,130.4834]]],[26,[132.4389,240.6004,0,[53.999,122.9916]]],[98,[133.2367,245.7217,0,[52.999,124.9241]]],[229,[133.6091,255.9957,0,[52.999,129.498]]],[363,[133.1428,264.659,3,[52.999,133.4895]]],[74,[133.7243,249.9193,0,[52.99901,128.1259]]],[365,[133.7843,266.2219,3,[52.99908,131.7266]]],[27,[133.3499,248.127,0,[53.999,123.362]]],[47,[134.2189,248.4009,0,[52.99902,127.0917]]],[366,[134.3581,267.6729,3,[52.99901,130.4206]]],[13,[134.5142,242.5145,0,[52.99901,124.9716]]],[70,[134.1458,242.6785,0,[53.999,123.0677]]],[49,[134.9634,252.6362,0,[52.999,127.9359]]],[367,[134.6551,267.9769,3,[52.99908,132.5063]]],[75,[134.7778,252.9315,0,[52.999,129.317]]],[36,[135.3918,236.7577,0,[52.999,126.4466]]],[11,[134.9684,236.797,0,[53.99901,123.9884]]],[50,[135.8416,255.2879,0,[52.99902,128.0865]]],[30,[136.0246,255.5697,0,[52.999,129.4465]]],[6,[136.1772,244.9792,0,[52.99902,126.8373]]],[10,[135.5497,238.0969,0,[53.999,122.9638]]],[14,[136.3603,242.6855,0,[52.999,124.7492]]],[51,[136.1553,255.5371,0,[52.99902,130.8614]]],[28,[136.8574,255.8734,0,[52.99902,128.8044]]],[8,[137.1504,240.5805,0,[52.999,127.5133]]],[97,[136.3724,247.4078,0,[53.999,123.2298]]],[52,[136.9904,256.2107,0,[52.99901,130.2359]]],[110,[137.174,232.2111,0,[52.99901,125.4556]]],[35,[137.7455,237.9107,0,[52.999,126.5723]]],[4,[137.838,248.1808,0,[52.99901,128.2392]]],[17,[137.8777,240.762,0,[52.999,124.8507]]],[140,[137.1434,226.2857,0,[53.999,122.9979]]],[77,[137.9138,254.7265,0,[52.99901,129.6546]]],[54,[137.8837,258.2968,0,[52.99902,131.0465]]],[3,[138.6236,249.2885,0,[52.999,127.8569]]],[57,[137.9411,230.3483,0,[53.999,123.394]]],[7,[138.7936,243.4509,0,[52.99905,126.337]]],[1,[138.7832,246.5428,0,[52.99901,129.3731]]],[0,[139.3547,245.3344,0,[52.999,127.7936]]],[19,[138.6777,235.5965,0,[53.999,123.5118]]],[32,[139.2675,260.083,0,[52.99902,130.6816]]],[5,[139.4874,251.2515,0,[52.99901,129.2508]]],[34,[139.622,239.0191,0,[52.999,126.3341]]],[29,[140.1531,259.1506,0,[52.99901,127.715]]],[2,[139.4721,238.0444,0,[53.999,123.0966]]],[16,[140.1525,242.0457,0,[52.999,125.1106]]],[15,[140.275,249.4498,0,[52.999,129.1173]]],[31,[140.1381,259.8393,0,[52.99901,130.5511]]],[33,[140.9105,259.7779,0,[52.99902,127.7099]]],[53,[141.0872,257.3249,0,[52.999,129.0661]]],[56,[141.0889,237.1787,0,[52.99901,126.2292]]],[82,[140.3567,232.4362,0,[53.999,123.2347]]],[71,[141.343,257.8827,0,[52.99901,130.4775]]],[9,[141.6891,240.8048,0,[52.99902,124.2927]]],[287,[141.9599,255.9545,0,[52.99905,127.8876]]],[224,[142.0487,250.3796,0,[52.999,129.4434]]]
5:[288,[101.6705,202.486,1,[61.999,100.7662]]],[289,[102.8549,204.625,1,[61.999,101.4463]]],[261,[102.7693,203.5791,1,[61.999,100.0025]]],[262,[103.6005,205.458,1,[61.999,100.4896]]],[233,[104.4051,206.486,1,[61.999,101.0576]]],[205,[105.6809,208.5493,1,[61.999,100.8423]]],[204,[105.654,209.0159,1,[60.999,99.94397]]],[206,[106.1179,210.5773,1,[61.99903,102.0127]]],[177,[106.5509,210.8481,1,[61.999,100.4631]]],[179,[107.3016,212.836,1,[61.99901,101.5075]]],[180,[108.0934,214.7011,1,[61.99903,102.2644]]],[148,[107.4267,212.1283,1,[61.999,100.0052]]],[150,[108.1981,214.4998,1,[61.99902,100.8953]]],[181,[108.8728,215.8041,1,[61.999,102.4131]]],[149,[108.7141,214.0792,1,[60.999,99.51222]]],[151,[109.0309,215.6393,1,[61.99902,101.0232]]],[212,[109.7919,216.5362,1,[61.999,101.9888]]],[120,[109.453,216.2316,1,[60.999,99.74115]]],[152,[109.7386,216.6662,1,[61.999,100.4876]]],[182,[110.4349,216.923,1,[61.99902,102.8365]]],[121,[110.4115,216.621,1,[61.999,101.0554]]],[119,[110.2437,215.8,1,[60.999,99.09087]]],[246,[111.0115,220.1998,1,[61.99904,101.6563]]],[245,[111.3184,219.6029,1,[61.99906,103.1833]]],[247,[111.1748,220.2113,1,[61.99902,100.3257]]],[92,[111.0084,217.4748,1,[60.999,99.69895]]],[275,[111.8005,220.392,1,[61.999,101.0339]]],[274,[111.9854,220.7152,1,[61.999,102.3727]]],[214,[112.0013,218.8965,1,[60.999,99.40883]]],[277,[112.8063,222.1583,1,[61.999,101.835]]],[276,[112.3429,220.8077,1,[61.999,100.3362]]],[273,[112.7767,220.7343,1,[61.999,103.3488]]],[304,[113.0423,222.6682,1,[61.99902,100.6325]]],[183,[112.7663,219.224,1,[60.999,98.99352]]],[302,[113.5456,221.2383,1,[61.99901,102.5396]]],[250,[113.9054,224.3266,1,[61.999,101.201]]],[278,[113.4876,223.0613,1,[60.999,99.28437]]],[279,[114.5173,225.2984,1,[61.99901,102.3039]]],[249,[114.1776,223.4187,1,[60.999,99.94136]]],[251,[114.4115,224.4982,1,[61.99901,100.1584]]],[328,[114.9784,224.5317,1,[61.999,101.045]]],[253,[115.2951,228.794,1,[61.99906,102.6897]]],[217,[115.0728,221.3252,1,[60.999,98.88251]]],[193,[115.8744,227.5781,1,[61.999,101.8647]]],[221,[115.6827,225.5049,1,[61.999,100.5969]]],[220,[115.6974,224.7197,1,[60.999,99.68833]]],[305,[116.3482,225.9043,1,[61.99906,103.1874]]],[225,[116.4972,229.1215,1,[61.999,101.0147]]],[219,[116.5888,224.4578,1,[60.999,99.54549]]],[194,[116.9652,228.5156,1,[61.999,102.1629]]],[164,[117.279,229.4464,1,[61.999,100.9317]]],[226,[117.6047,230.9658,1,[61.99902,103.1897]]],[198,[117.9176,232.5003,1,[61.999,101.6834]]],[191,[117.3426,226.579,1,[60.999,99.73172]]],[227,[118.4889,232.2933,1,[61.99902,103.1011]]],[195,[118.1622,230.0599,1,[60.99901,99.79517]]],[196,[118.267,229.7494,1,[61.999,100.4735]]],[165,[118.7247,231.2537,1,[61.999,101.6947]]],[197,[119.3591,233.5372,1,[61.99903,102.7997]]],[248,[118.967,224.1588,1,[61.999,100.255]]],[163,[119.5154,230.9841,1,[61.999,101.2709]]],[215,[118.9691,221.6328,1,[60.999,99.17828]]],[137,[120.0626,234.0832,1,[61.99902,101.9047]]],[161,[119.8232,229.3466,1,[61.999,100.0794]]],[189,[119.7749,225.9196,1,[60.999,99.049]]],[228,[120.5037,235.2869,1,[61.99903,103.3544]]],[108,[120.809,235.4832,1,[61.999,101.753]]],[136,[120.457,232.5111,1,[61.999,100.4911]]],[159,[120.5713,226.5235,1,[60.999,98.80984]]],[169,[121.461,236.2002,1,[61.999,101.3017]]],[109,[121.3577,237.6213,1,[61.99901,103.8836]]],[166,[121.2824,232.5338,1,[61.999,100.0363]]],[162,[121.2993,227.613,1,[60.99901,99.08453]]],[80,[122.1668,236.187,1,[61.99905,101.5874]]],[107,[122.0053,233.918,1,[61.99902,100.1369]]],[190,[122.2422,226.5988,1,[60.999,98.81796]]],[199,[121.7845,236.0991,1,[61.999,102.7179]]],[81,[122.754,236.4268,1,[61.99901,100.985]]],[134,[123.1523,232.4922,1,[60.999,99.59885]]],[73,[123.4443,229.9038,1,[61.99902,101.7697]]],[104,[123.4443,232.4011,1,[61.999,100.0256]]],[72,[124.1437,229.9644,1,[61.99902,101.0778]]],[76,[124.694,233.9948,1,[60.999,99.72021]]],[58,[124.8189,215.2019,1,[61.999,101.2902]]],[102,[125.4837,232.5029,1,[61.42,100]]],[12,[125.8627,223.9129,1,[61.999,100.9664]]]
21:[336,[32.53778,65.03648,1,[204.0278,85.00098]]],[315,[33.38254,66.57832,1,[202.9677,85.00085]]],[292,[33.96755,67.70449,1,[203.4456,85.00096]]],[316,[33.1567,66.21101,1,[204.6605,85.00089]]],[266,[34.74086,69.30698,1,[203.5539,85.00094]]],[291,[34.7826,69.31279,1,[201.5482,85.00072]]],[265,[35.62226,69.9836,1,[201.5973,85.00047]]],[337,[32.89085,65.75179,1,[205.5656,86.00098]]],[293,[33.81665,67.56841,1,[204.7913,85.00096]]],[267,[34.55702,68.98455,1,[204.8885,85.00095]]],[294,[34.33305,68.58084,1,[205.5433,86.00082]]],[237,[36.22902,71.48086,1,[202.1864,85.00052]]],[238,[35.57897,70.70222,1,[203.909,85.00088]]],[317,[33.5766,66.90691,1,[205.698,86.00091]]],[295,[34.29488,68.5137,1,[206.7598,86.00088]]],[268,[35.03084,69.93116,1,[205.8546,86.00057]]],[239,[35.74881,71.08615,1,[204.9995,85.49412]]],[269,[34.98378,69.87511,1,[207.1147,86.00098]]],[240,[35.85076,71.51414,1,[206.0446,86.00089]]],[296,[34.2917,68.52473,1,[207.9169,86.00092]]],[270,[34.94071,69.78786,1,[208.2615,86.00098]]],[208,[36.55395,72.56364,1,[203.9131,85.0006]]],[241,[35.8122,71.35896,1,[207.208,86.00089]]],[242,[35.71788,71.26511,1,[208.4025,86.00091]]],[209,[36.85524,73.30173,1,[204.9992,85.76241]]],[210,[36.89156,73.2717,1,[206.389,86.00066]]],[271,[35.32124,70.53233,1,[208.9994,86.59361]]],[297,[34.3938,68.75108,1,[208.9997,86.22714]]],[272,[35.95905,71.07772,1,[209.4014,87.00092]]],[211,[36.66063,72.79781,1,[207.9797,86.00085]]],[323,[35.3648,70.25934,1,[210.4263,87.00091]]],[243,[36.42493,71.83034,1,[208.9995,86.58403]]],[298,[34.90537,69.75888,1,[209.8599,87.00097]]],[343,[34.66716,69.31849,1,[211.0295,87.00098]]],[301,[37.14438,72.14117,1,[208.9994,86.66039]]],[299,[36.27658,71.1833,1,[210.2275,87.00084]]],[280,[37.49411,74.88407,1,[208.2237,86.00076]]],[324,[35.46528,70.22752,1,[211.5184,87.00092]]],[325,[36.17606,70.90411,1,[211.5333,87.00086]]],[306,[36.93709,73.65482,1,[210.2406,87.00091]]],[326,[35.50348,70.67269,1,[212.7437,87.00096]]],[344,[34.74371,69.44976,1,[212.1262,87.00098]]],[300,[38.38974,74.06239,1,[204.999,85.98745]]],[281,[37.96699,75.85651,1,[209.1589,87.00077]]],[329,[36.1276,71.5588,1,[212.8238,87.00086]]],[346,[35.19401,70.29115,1,[214.1064,88.00089]]],[252,[38.71949,77.10258,1,[205.9536,86.00039]]],[345,[34.6893,69.33859,1,[213.2566,87.00098]]],[307,[36.96238,73.6221,1,[211.4906,87.00089]]],[347,[35.32201,69.94978,1,[213.9893,87.00098]]],[282,[37.8909,75.62314,1,[210.7023,87.00076]]],[348,[35.46931,70.67265,1,[215.1083,88.00097]]],[308,[36.86492,73.4464,1,[212.9417,87.00089]]],[356,[34.54283,69.03503,1,[214.2152,88.00098]]],[330,[36.25264,71.96191,1,[213.9996,87.4305]]],[254,[38.6688,77.14131,1,[208.9993,86.71089]]],[283,[37.77273,75.48949,1,[212.2927,87.00079]]],[253,[38.29846,76.39244,1,[208.145,86.0005]]],[309,[37.10313,74.12895,1,[213.9995,87.58062]]],[331,[36.36115,72.46248,1,[215.167,88.00092]]],[349,[35.48765,70.78146,1,[216.3692,88.00097]]],[357,[34.57217,69.05261,1,[215.4467,88.00098]]],[222,[39.54215,78.79948,1,[207.1864,86.0005]]],[350,[35.48392,70.80662,1,[217.6968,88.00097]]],[255,[38.87061,77.29856,1,[210.323,87.00075]]],[310,[37.53801,74.64293,1,[213.9767,87.00082]]],[358,[34.5461,68.95013,1,[216.7686,88.00098]]],[333,[37.28447,74.19981,1,[215.3313,88.00089]]],[223,[39.32903,78.49883,1,[208.9993,86.3293]]],[285,[38.3947,76.56454,1,[213.7166,87.00092]]],[332,[36.36765,72.55852,1,[216.5877,88.00092]]],[311,[38.17319,75.91949,1,[214.8685,88.00098]]],[359,[34.61231,69.06559,1,[218.0843,88.00096]]],[352,[36.76635,72.6732,1,[217.5934,88.00095]]],[312,[39.05819,77.46804,1,[214.6194,88.00094]]],[244,[40.15342,79.75456,1,[208.3903,86.00099]]],[284,[38.64753,76.64202,1,[212.0558,87.0008]]],[351,[35.90025,71.34209,1,[218.4788,88.00092]]],[334,[37.79684,74.62131,1,[216.6075,88.00081]]],[369,[36.97145,71.23349,1,[218.9997,88.89085]]],[335,[38.70756,76.41653,1,[216.4174,88.00091]]],[361,[36.03886,71.11655,1,[219.6469,89.00092]]],[360,[34.97834,69.58065,1,[218.9996,88.17012]]],[362,[37.58649,71.80164,1,[218.7867,88.00085]]],[353,[39.66246,75.79124,1,[213.9994,87.14294]]],[338,[32.76735,65.5106,3,[207.1168,86.00098]]],[368,[35.15192,69.4406,1,[220.1784,89.00093]]],[318,[33.47322,66.78403,3,[206.9916,86.00092]]],[339,[32.69886,65.38283,3,[208.5358,86.00099]]],[319,[33.45324,66.62625,3,[208.1363,86.00094]]],[320,[33.82466,67.51212,3,[208.9997,86.84422]]],[340,[33.16313,66.30078,3,[209.7326,87.00095]]],[321,[33.90267,67.76952,3,[210.1026,87.00095]]],[341,[33.16151,66.28497,3,[211.1369,87.00097]]],[322,[34.07996,68.1323,3,[211.0389,87.00088]]],[354,[34.10678,68.20056,3,[212.1525,87.00093]]],[342,[33.19449,66.34377,3,[212.588,87.00097]]],[355,[34.05807,68.10233,3,[213.2892,87.00094]]],[364,[33.88537,67.74735,3,[215.2635,88.00095]]],[363,[33.6158,67.21024,3,[213.9997,87.34935]]],[365,[33.8371,67.65018,3,[216.7381,88.00094]]],[366,[33.81853,67.58508,3,[218.2463,88.00092]]],[367,[34.51273,68.72147,3,[219.3159,89.00098]]]
12:[336,[79.75049,159.262,1,[112.999,96.18015]]],[315,[80.18734,159.7816,1,[111.999,94.77487]]],[292,[80.93998,161.374,1,[111.999,94.77338]]],[316,[80.65749,161.0376,1,[112.999,96.02657]]],[266,[81.60629,162.8231,1,[111.999,94.19302]]],[291,[80.60809,160.5733,1,[111.999,93.45122]]],[265,[81.37556,161.0406,1,[111.999,92.88214]]],[337,[81.11413,161.9071,1,[112.999,96.81777]]],[293,[81.26426,161.9516,1,[112.999,95.51057]]],[267,[82.30627,164.1704,1,[111.999,94.75298]]],[294,[82.16171,163.5024,1,[112.999,95.84789]]],[237,[82.19669,163.0938,1,[111.999,93.09315]]],[238,[82.77371,164.4885,1,[111.999,93.77877]]],[317,[81.7514,162.486,1,[112.999,96.79156]]],[295,[82.76708,165.0814,1,[112.999,96.52882]]],[268,[82.68193,164.7345,1,[112.999,95.14027]]],[239,[83.44518,166.0588,1,[111.999,94.09537]]],[269,[83.3801,166.1537,1,[112.999,95.16963]]],[240,[84.0281,166.9201,1,[111.999,93.77105]]],[296,[83.44753,166.5701,1,[112.999,96.66251]]],[270,[83.90905,167.4289,1,[112.999,95.85625]]],[208,[83.39462,165.855,1,[111.999,92.70187]]],[241,[84.52504,168.2564,1,[111.999,94.69019]]],[242,[85.29025,169.5749,1,[111.999,94.55608]]],[209,[84.25013,167.3387,1,[111.999,92.48328]]],[210,[84.79425,168.8467,1,[111.999,93.35691]]],[271,[84.54943,168.8108,1,[112.999,95.71468]]],[297,[84.20116,168.0942,1,[112.999,97.00577]]],[272,[85.22313,169.3772,1,[112.999,95.45486]]],[211,[85.61752,170.2086,1,[111.999,93.45715]]],[323,[85.7382,170.3552,1,[112.999,96.02073]]],[243,[86.01131,170.524,1,[111.999,94.44603]]],[298,[84.94792,169.4234,1,[112.999,96.78706]]],[343,[85.70595,170.8685,1,[112.999,97.1179]]],[301,[86.73381,170.7091,1,[111.999,94.09806]]],[299,[86.05168,170.3644,1,[112.999,95.08405]]],[280,[86.39367,172.4346,1,[111.999,93.16325]]],[324,[86.42684,171.4322,1,[112.999,96.12907]]],[325,[86.77048,171.5886,1,[112.999,95.1787]]],[306,[87.39711,173.5131,1,[111.999,94.18925]]],[326,[87.12398,173.3248,1,[112.999,96.04809]]],[344,[86.424,172.0128,1,[112.999,97.2658]]],[300,[85.71045,168.2088,1,[111.999,92.26869]]],[281,[87.1885,174.0723,1,[111.999,93.11246]]],[329,[88.01122,174.7238,1,[111.999,94.83642]]],[346,[87.69798,174.6211,1,[112.999,96.04797]]],[252,[86.66247,172.124,1,[111.999,92.13232]]],[345,[87.08154,173.1842,1,[112.999,97.14814]]],[307,[87.88956,174.8553,1,[111.999,93.61205]]],[347,[88.05561,174.179,1,[112.999,95.21225]]],[282,[88.51051,175.6202,1,[111.999,93.15919]]],[348,[88.38992,175.9454,1,[112.999,96.12188]]],[308,[88.69807,176.5226,1,[111.999,94.22479]]],[356,[87.7926,174.3228,1,[112.999,97.14753]]],[330,[88.67693,175.6884,1,[112.999,95.07121]]],[254,[88.01854,175.2649,1,[111.999,92.39439]]],[283,[89.09218,177.2775,1,[111.999,93.46338]]],[253,[87.42529,173.73,1,[111.999,92.08839]]],[309,[89.52173,178.1891,1,[111.999,94.2751]]],[331,[89.36755,177.0992,1,[112.999,95.1685]]],[349,[89.0325,177.3471,1,[112.999,96.0049]]],[357,[88.48534,175.6091,1,[112.999,97.20984]]],[222,[88.66304,175.4709,1,[111.999,92.0243]]],[350,[89.74961,178.5148,1,[112.999,96.25867]]],[255,[89.25491,176.7663,1,[111.999,92.35667]]],[310,[89.81319,178.2303,1,[111.999,93.33981]]],[358,[89.19992,176.6975,1,[112.999,97.08402]]],[333,[90.25561,179.234,1,[111.999,94.31684]]],[223,[89.88394,177.0155,1,[111.999,92.19581]]],[285,[90.48248,180.0407,1,[111.999,93.2795]]],[332,[90.01368,178.5021,1,[112.999,95.26402]]],[311,[91.08756,180.6783,1,[111.999,93.96846]]],[359,[90.05254,178.0118,1,[112.999,97.25034]]],[352,[90.65235,179.3198,1,[112.999,95.0462]]],[312,[91.87801,181.8117,1,[111.999,93.81562]]],[244,[91.2353,179.094,1,[111.999,92.70376]]],[284,[90.59117,177.851,1,[111.999,92.11765]]],[351,[90.46936,179.7789,1,[112.999,96.13552]]],[334,[91.84276,181.152,1,[112.3486,95.00017]]],[369,[91.22706,179.1223,1,[112.999,95.88665]]],[335,[92.56044,182.9486,1,[111.999,93.66471]]],[361,[91.60361,180.6303,1,[112.999,96.89896]]],[360,[90.86709,179.2347,1,[112.999,97.01531]]],[362,[92.46018,180.4001,1,[112.7155,95.00008]]],[353,[92.06204,179.1146,1,[111.999,92.55109]]],[368,[92.16042,180.5397,1,[112.999,96.20799]]]
11:[260,[55.58062,110.922,2,[113.999,14.0261]]],[231,[56.09681,111.2986,2,[113.999,13.04234]]],[230,[56.1439,111.4227,2,[112.999,11.99116]]],[203,[57.98831,114.5542,2,[113.999,14.41073]]],[202,[57.43443,113.4426,2,[113.999,13.5244]]],[232,[56.80145,112.6065,2,[113.999,13.00174]]],[174,[58.66986,116.2132,2,[113.999,13.85865]]],[173,[58.20541,114.9768,2,[113.999,12.69834]]],[172,[57.54075,113.5601,2,[113.999,12.038]]],[176,[59.80394,118.8393,2,[113.999,15.16208]]],[201,[57.29681,112.9018,2,[112.999,11.58687]]],[175,[59.33773,117.6123,2,[113.999,13.92805]]],[147,[60.54974,119.5596,2,[113.999,14.88603]]],[144,[59.05523,116.7212,2,[113.999,12.52018]]],[200,[58.61791,112.3235,2,[112.999,11.19271]]],[146,[60.06918,119.1482,2,[113.999,13.52409]]],[117,[61.65131,120.3568,2,[113.999,15.40312]]],[118,[61.17203,121.1811,2,[113.999,14.05552]]],[145,[59.69851,117.9202,2,[113.999,12.46873]]],[142,[59.33894,115.7925,2,[112.999,11.14761]]],[116,[60.78425,118.9521,2,[113.999,12.98445]]],[90,[62.33303,121.5276,2,[113.9991,14.83202]]],[89,[61.95283,120.3645,2,[113.999,13.38542]]],[114,[60.88585,118.8002,2,[112.999,11.97734]]],[143,[60.16625,117.1407,2,[112.999,11.02599]]],[88,[61.52103,119.8208,2,[113.999,12.5697]]],[153,[63.72056,124.8159,2,[113.999,15.60105]]],[91,[63.04565,122.6628,2,[113.999,14.45736]]],[115,[61.6574,119.0062,2,[112.999,11.51607]]],[64,[62.72412,121.9862,2,[113.999,13.265]]],[113,[60.99434,117.7146,2,[112.999,10.58605]]],[216,[64.99206,127.3839,2,[113.999,15.32191]]],[184,[64.39661,125.7217,2,[113.999,14.59543]]],[93,[63.74548,123.7887,2,[113.999,13.99643]]],[86,[63.09772,119.1873,2,[112.999,11.9996]]],[112,[62.4737,117.2669,2,[112.999,11.35488]]],[62,[63.4424,120.9191,2,[113.999,12.81153]]],[186,[65.56164,127.867,2,[113.999,14.2563]]],[122,[64.95213,124.7545,2,[113.999,13.59493]]],[85,[63.80553,118.8394,2,[112.999,11.53913]]],[66,[64.44063,123.8027,2,[113.999,13.05698]]],[171,[61.93951,113.8139,2,[112.999,10.19395]]],[218,[66.19131,129.56,2,[113.999,14.68135]]],[87,[64.63339,120.588,2,[112.999,11.95389]]],[141,[63.50137,115.3873,2,[112.999,10.30279]]],[188,[67.51846,130.2167,2,[113.999,15.94676]]],[154,[66.1021,126.0374,2,[113.999,13.1642]]],[187,[66.86836,128.8396,2,[113.999,14.94509]]],[94,[65.51426,125.1504,2,[113.999,12.62676]]],[63,[64.99308,121.7502,2,[113.999,12.01706]]],[157,[68.07403,129.4069,2,[113.9991,14.74986]]],[185,[67.4082,127.2308,2,[113.999,14.14343]]],[111,[64.61805,116.6606,2,[112.999,10.51557]]],[123,[66.75456,125.8689,2,[113.999,13.45147]]],[65,[66.67349,124.1399,2,[112.999,11.92531]]],[60,[65.42088,120.5988,2,[112.999,10.57516]]],[156,[67.95271,128.519,2,[113.999,13.28919]]],[158,[68.77378,130.7598,2,[113.999,14.63022]]],[39,[66.23922,122.3951,2,[112.999,10.73459]]],[67,[67.43672,124.7121,2,[113.999,12.65408]]],[127,[68.57929,129.7041,2,[113.999,13.30331]]],[132,[70.01479,134.6022,2,[113.9991,15.05711]]],[160,[69.47011,132.5663,2,[113.999,14.32469]]],[95,[68.17422,125.7963,2,[113.999,12.11473]]],[41,[66.84135,123.0891,2,[113.999,12.01862]]],[130,[69.26909,132.7753,2,[113.999,13.03129]]],[40,[68.0751,123.3207,2,[112.999,11.30742]]],[135,[70.62002,137.343,2,[113.9991,16.31779]]],[155,[69.32484,128.3927,2,[113.1516,12.00005]]],[106,[71.00265,137.8177,2,[113.9991,14.6364]]],[133,[70.41286,135.5414,2,[113.999,14.02411]]],[61,[67.44821,120.9801,2,[112.999,10.48248]]],[42,[68.87779,124.2192,2,[112.999,10.86857]]],[131,[69.95305,133.908,2,[113.999,13.00769]]],[103,[71.73907,135.2314,2,[113.999,14.76248]]],[100,[70.87021,132.2938,2,[113.999,12.98816]]],[129,[70.17689,132.7271,2,[112.999,11.72728]]],[105,[72.48258,137.4883,2,[113.999,15.4684]]],[101,[70.45301,133.2752,2,[113.999,12.00353]]],[170,[68.39156,115.1964,2,[112.999,9.793641]]],[69,[72.29924,128.1323,2,[113.999,13.67137]]],[128,[73.64238,133.1923,2,[113.999,15.36821]]],[96,[72.94087,128.8591,2,[113.999,14.28315]]],[43,[71.53402,125.262,2,[113.999,13.37456]]],[68,[69.59921,126.256,2,[112.999,10.55829]]],[124,[70.90127,128.0237,2,[112.999,10.70236]]],[44,[72.8437,126.751,2,[113.999,12.816]]],[23,[72.14247,125.3473,2,[113.999,12.20919]]],[37,[70.30991,121.1798,2,[112.999,10.08743]]],[46,[73.53429,129.8505,2,[113.999,13.52785]]],[22,[71.74551,123.812,2,[113.5181,12]]],[125,[74.18619,131.3846,2,[113.9991,14.4559]]],[24,[74.13116,127.0812,2,[113.999,12.85661]]],[45,[74.80994,129.1312,2,[113.999,13.61088]]],[21,[73.52576,123.5644,2,[113.999,12.00168]]],[59,[73.33217,120.5585,2,[112.999,11.51078]]],[126,[71.62446,130.2643,2,[112.999,10.86071]]],[84,[72.73995,118.4231,2,[112.999,10.67054]]],[18,[74.79022,123.6708,2,[112.999,11.62531]]],[83,[75.61563,118.1192,2,[113.999,13.0754]]],[38,[74.17778,122.729,2,[112.999,10.58908]]],[20,[75.09476,125.0414,2,[113.8519,12.00008]]]
6:[260,[85.23166,170.1738,2,[62.99905,43.04107]]],[231,[85.63824,170.2524,2,[62.99908,41.73581]]],[230,[85.1938,169.352,2,[62.99904,39.80218]]],[203,[87.98792,174.4879,2,[62.99912,45.18673]]],[202,[86.86963,172.2077,2,[62.99914,41.81659]]],[232,[86.06922,171.0275,2,[62.99908,40.0781]]],[174,[88.51518,175.8172,2,[62.99907,44.10532]]],[173,[88.00885,174.5072,2,[62.99915,42.25708]]],[172,[87.22438,172.7438,2,[62.99905,40.47578]]],[176,[89.91561,179.0024,2,[62.99912,46.2244]]],[201,[86.444,170.8278,2,[62.99902,38.89831]]],[175,[88.98061,176.7872,2,[62.99915,42.85784]]],[147,[90.35648,179.0875,2,[62.99905,44.71941]]],[144,[88.59862,175.6781,2,[62.99909,40.79425]]],[200,[87.69102,170.2991,2,[62.99908,39.26459]]],[146,[89.79951,178.5206,2,[62.99912,42.65381]]],[117,[91.7676,180.5192,2,[62.99912,46.60118]]],[118,[91.14622,181.0195,2,[62.99908,44.34002]]],[145,[89.38079,177.0955,2,[62.99904,40.57256]]],[142,[88.56355,173.9592,2,[62.99906,39.06768]]],[116,[90.59131,178.4677,2,[62.99908,42.2592]]],[90,[92.47872,181.7069,2,[62.99906,46.08909]]],[89,[92.08343,180.5175,2,[62.99909,44.32709]]],[114,[90.22478,177.2081,2,[62.99905,40.44507]]],[143,[89.48104,175.492,2,[62.99904,38.93589]]],[88,[91.44957,179.5747,2,[62.99905,42.23084]]],[153,[93.80781,184.914,2,[62.99912,46.67257]]],[91,[92.7486,181.9543,2,[62.99911,44.04639]]],[115,[91.20024,177.7446,2,[62.99905,40.56281]]],[64,[92.29363,181.0583,2,[62.99905,42.13627]]],[113,[90.63556,176.3565,2,[62.99906,38.90045]]],[216,[95.48275,188.2217,2,[62.99914,47.93194]]],[184,[94.45728,185.7035,2,[62.99915,45.47461]]],[93,[93.52168,183.2485,2,[62.99907,43.68537]]],[86,[92.18694,177.2322,2,[62.99906,40.51754]]],[112,[91.48922,175.0751,2,[62.99905,38.89976]]],[62,[93.15502,180.2896,2,[62.9991,42.04715]]],[186,[95.66923,187.9737,2,[62.99916,45.33126]]],[122,[94.80005,184.3809,2,[62.99913,43.50236]]],[85,[93.15867,177.4087,2,[62.99905,40.49833]]],[66,[94.15518,183.1477,2,[62.99915,41.82158]]],[171,[92.29723,172.9333,2,[62.99902,38.98981]]],[218,[96.77446,190.4721,2,[62.9992,47.28314]]],[87,[94.03495,179.0217,2,[62.9991,40.23345]]],[141,[93.05998,174.1378,2,[62.99902,38.93426]]],[188,[98.02833,191.1453,2,[62.99923,48.5056]]],[154,[96.14903,186.0441,2,[62.99918,43.93232]]],[187,[96.99151,188.9105,2,[62.99914,45.66243]]],[94,[95.35408,184.763,2,[62.99905,42.15344]]],[63,[94.9638,181.257,2,[62.99913,40.57979]]],[157,[98.36147,189.8881,2,[62.99916,46.65551]]],[185,[97.3902,187.0955,2,[62.99911,44.46157]]],[111,[94.14317,175.3356,2,[62.99902,38.81748]]],[123,[96.56528,185.3932,2,[62.99907,42.61679]]],[65,[95.95919,182.6146,2,[62.99915,41.00305]]],[60,[94.92282,179.2475,2,[62.99909,39.0487]]],[156,[97.64402,187.8317,2,[62.9991,42.85685]]],[158,[98.86079,190.8349,2,[62.99914,45.57786]]],[39,[95.77795,180.9329,2,[62.99909,39.26338]]],[67,[96.99068,183.7326,2,[62.99915,41.11022]]],[127,[98.5906,189.6279,2,[62.99909,43.60081]]],[132,[100.4123,195.279,2,[62.99916,47.19766]]],[160,[99.59148,192.7069,2,[62.99911,45.14165]]],[95,[98.09187,185.5424,2,[62.99912,41.83591]]],[41,[96.47485,181.7953,2,[62.99904,39.07196]]],[130,[99.3272,192.7744,2,[62.99907,43.34077]]],[40,[97.46561,181.9026,2,[62.99905,40.12956]]],[135,[100.9067,197.7842,2,[63.61425,49.0006]]],[155,[98.88004,187.4107,2,[62.99913,41.6222]]],[106,[101.1771,198.0419,2,[62.99915,46.03333]]],[133,[100.3312,195.3148,2,[62.99907,44.1731]]],[61,[97.47044,179.7224,2,[62.99902,38.68844]]],[42,[98.4242,182.9987,2,[62.99907,39.93541]]],[131,[99.76277,193.4333,2,[62.99912,42.23115]]],[103,[101.7261,195.0946,2,[62.99912,44.98987]]],[100,[100.8439,192.1669,2,[62.99911,43.35641]]],[129,[99.47558,191.1801,2,[62.99908,40.35999]]],[105,[102.7165,197.8422,2,[62.99916,46.96261]]],[101,[100.3713,192.9833,2,[62.99907,41.57345]]],[170,[98.57215,174.3274,2,[62.99903,38.63065]]],[69,[102.08,187.6371,2,[62.99925,43.22109]]],[128,[104.0342,193.8997,2,[62.99929,47.5897]]],[96,[102.9576,188.8159,2,[62.99916,45.0093]]],[43,[101.2028,184.448,2,[62.99913,41.69088]]],[68,[99.46714,184.8182,2,[62.99904,38.82039]]],[124,[100.4067,186.842,2,[62.99904,40.07206]]],[44,[102.6668,186.3351,2,[62.99912,42.55734]]],[23,[101.8431,184.6486,2,[62.99909,41.06174]]],[37,[100.2548,180.0501,2,[62.99902,38.59568]]],[46,[103.5741,189.86,2,[62.99919,44.32819]]],[22,[101.1073,182.3755,2,[62.99907,39.66031]]],[125,[104.4616,191.8446,2,[62.99927,46.3164]]],[24,[104.3047,187.3566,2,[62.99916,43.94139]]],[45,[105.1748,189.769,2,[62.99931,45.73736]]],[21,[103.5537,183.5045,2,[62.99908,42.06157]]],[59,[102.7656,179.2879,2,[62.9991,40.70693]]],[126,[101.7297,189.3043,2,[62.99905,39.22549]]],[84,[102.6583,177.1586,2,[62.99906,39.03679]]],[18,[104.204,182.3645,2,[62.99904,41.02631]]],[83,[105.7423,178.2558,2,[62.99911,44.17878]]],[38,[103.6528,181.2195,2,[62.99908,39.19913]]],[20,[105.1252,184.9288,2,[62.99916,42.30511]]]
2:[260,[103.9289,207.3946,2,[37.99929,70.02191]]],[231,[104.4588,207.5528,2,[40.56323,71.00087]]],[230,[105.4526,209.6674,2,[37.99952,70.73478]]],[203,[105.2938,208.8673,2,[40.99952,71.10435]]],[202,[106.2189,210.4853,2,[38.68879,71.00097]]],[232,[106.0354,210.7626,2,[37.42838,70.00092]]],[174,[106.3354,211.2496,2,[41.56791,72.00092]]],[173,[106.5701,211.308,2,[40.32702,71.00084]]],[172,[107.1999,212.2772,2,[38.43995,71.00093]]],[176,[107.2247,213.0817,2,[41.26892,72.00096]]],[201,[106.9454,211.6239,2,[37.2322,70.00082]]],[175,[107.4897,213.4561,2,[40.09646,71.00089]]],[147,[108.1541,214.3941,2,[41.08062,72.00093]]],[144,[108.4124,214.8845,2,[38.42396,71.00093]]],[200,[108.0112,210.7018,2,[37.2886,70.00088]]],[146,[108.3923,215.2529,2,[40.03049,71.00093]]],[117,[108.2123,213.037,2,[42.97047,72.00094]]],[118,[109.0246,216.4222,2,[40.99968,71.74535]]],[145,[109.3234,216.5974,2,[38.31036,71.00092]]],[142,[108.988,214.588,2,[37.15841,70.00083]]],[116,[109.3858,215.6309,2,[39.80949,71.00094]]],[90,[109.2101,214.8382,2,[42.76337,72.00093]]],[89,[109.8898,215.8542,2,[40.99946,71.6377]]],[114,[110.2981,216.9435,2,[38.11588,71.00092]]],[143,[110.0109,216.3932,2,[36.95798,70.00088]]],[88,[110.3037,216.8844,2,[39.65533,71.00094]]],[153,[110.371,217.7199,2,[42.46768,72.00093]]],[91,[110.6958,217.2197,2,[40.99955,71.35942]]],[115,[111.0519,217.196,2,[37.99963,70.65924]]],[64,[111.2991,218.6834,2,[39.3228,71.00095]]],[113,[111.2382,217.4183,2,[36.76802,70.00089]]],[216,[110.7511,218.5329,2,[44.90023,72.0009]]],[184,[111.5725,219.6422,2,[42.0828,72.00092]]],[93,[111.4237,218.6355,2,[40.82563,71.00092]]],[86,[111.8963,216.3941,2,[37.99946,70.28513]]],[112,[112.1545,216.2613,2,[36.53773,70.00089]]],[62,[112.2675,217.9938,2,[39.26754,71.00097]]],[186,[112.6446,221.8065,2,[42.40679,72.00089]]],[122,[112.6584,219.8483,2,[40.99949,71.18211]]],[85,[113.0282,216.779,2,[37.99966,70.50653]]],[66,[113.2165,220.8788,2,[39.38036,71.00095]]],[171,[112.8779,213.9267,2,[36.7817,70.00084]]],[218,[112.3771,221.397,2,[44.72888,72.00093]]],[87,[114.2173,218.943,2,[38.01239,71.00094]]],[141,[113.6504,215.134,2,[37.05182,70.00086]]],[188,[113.088,220.8348,2,[45.14519,72.00093]]],[154,[113.881,221.2302,2,[40.99941,71.25249]]],[187,[113.8581,222.3374,2,[42.55189,72.00085]]],[94,[114.3013,222.2437,2,[39.50514,71.00095]]],[63,[114.9859,220.9267,2,[37.99955,70.90696]]],[157,[114.3137,221.6582,2,[44.14215,72.00094]]],[185,[115.1266,222.3477,2,[41.28164,72.00095]]],[111,[114.8007,216.5507,2,[36.76875,70.00086]]],[123,[115.1094,222.0936,2,[40.02251,71.00094]]],[65,[115.7152,221.766,2,[38.45428,71.00094]]],[60,[115.4363,220.0906,2,[37.19404,70.00088]]],[156,[116.0173,224.3748,2,[39.93262,71.00091]]],[158,[116.1302,225.0398,2,[41.55054,72.00094]]],[39,[116.1039,221.3293,2,[37.42864,70.00085]]],[67,[116.7097,222.801,2,[38.31784,71.00092]]],[127,[116.4319,224.9638,2,[40.93332,71.00089]]],[132,[116.0388,226.3554,2,[44.64899,72.00093]]],[160,[116.9963,226.9676,2,[41.97862,72.00086]]],[95,[117.1896,223.392,2,[39.22702,71.00095]]],[41,[116.9997,222.5854,2,[36.92225,70.00088]]],[130,[117.2901,228.4625,2,[40.85362,71.00095]]],[40,[117.2915,221.1476,2,[37.99967,70.01638]]],[135,[116.9975,228.6526,2,[43.91397,72.00086]]],[155,[118.0635,225.5428,2,[39.06274,71.00095]]],[106,[118.1522,231.7442,2,[41.84066,72.00096]]],[133,[118.1843,230.5465,2,[40.5543,71.00095]]],[61,[118.266,221.0969,2,[36.55056,70.00085]]],[42,[118.2507,222.374,2,[37.96065,70.00092]]],[131,[118.8869,231.1633,2,[38.95426,71.00091]]],[103,[119.1524,229.7938,2,[41.43989,72.00098]]],[100,[119.0854,228.1148,2,[40.2245,71.00097]]],[129,[119.1476,230.325,2,[37.77317,70.00092]]],[105,[118.5598,229.394,2,[44.05403,72.00092]]],[101,[119.7702,231.3982,2,[38.78976,71.00095]]],[170,[119.4737,215.923,2,[36.22002,70.00087]]],[69,[120.0747,223.409,2,[40.59902,71.00097]]],[128,[119.4132,224.4878,2,[44.85643,72.00093]]],[96,[120.2627,223.1721,2,[41.93443,72.00098]]],[43,[120.4313,222.5098,2,[39.0781,71.00097]]],[68,[120.1785,226.0225,2,[36.57178,70.00086]]],[124,[120.2302,226.2119,2,[37.87458,70.00094]]],[44,[120.951,222.7441,2,[40.44837,71.00079]]],[23,[121.3478,223.2933,2,[38.88482,71.00096]]],[37,[121.1613,221.7338,2,[36.32813,70.00087]]],[46,[121.1836,224.8825,2,[41.76754,72.00098]]],[22,[121.0947,222.1173,2,[37.79992,70.00092]]],[125,[120.3829,223.5444,2,[44.70503,72.00094]]],[24,[122.0984,222.7695,2,[41.65392,72.00094]]],[45,[121.2971,221.8994,2,[44.71849,72.00095]]],[21,[122.1404,220.4301,2,[40.37416,71.00094]]],[59,[122.5214,218.4617,2,[38.64175,71.00094]]],[126,[122.1129,229.74,2,[37.47512,70.00087]]],[84,[122.9821,217.4913,2,[37.77717,70.00081]]],[18,[123.8978,221.5362,2,[38.43711,71.00085]]],[83,[123.7143,213.9062,2,[41.08157,72.00085]]],[38,[123.9923,221.6928,2,[37.35704,70.00085]]],[20,[123.9044,221.9529,2,[39.95108,71.00083]]]
14:[338,[83.31006,166.3815,3,[132.0705,152.0006]]],[318,[83.77773,167.225,3,[131.7494,151.0007]]],[339,[83.62827,166.7916,3,[132.9993,152.0389]]],[319,[84.56466,168.2523,3,[131.9992,151.7452]]],[320,[84.91827,168.577,3,[132.9391,152.0006]]],[340,[84.54425,168.7322,3,[132.9993,153.2131]]],[321,[85.2902,170.1567,3,[131.9991,151.009]]],[341,[85.49818,170.5915,3,[132.9993,153.9672]]],[322,[86.36578,171.6445,3,[132.2365,152.0006]]],[354,[86.71594,172.9949,3,[131.2926,151.0006]]],[342,[85.8058,171.0748,3,[132.9992,152.7107]]],[355,[87.05869,173.4884,3,[132.4052,152.0006]]],[364,[87.51408,174.0706,3,[131.6103,151.0006]]],[363,[86.81951,173.2903,3,[132.9992,153.1664]]],[365,[87.582,174.7002,3,[132.8322,152.0006]]],[366,[88.36036,176.2841,3,[132.9993,152.9399]]],[367,[89.17488,177.7462,3,[132.8927,152.0007]]]
9:[338,[105.6809,210.987,3,[90.99914,156.3848]]],[318,[105.9275,211.0257,3,[91.99919,154.9299]]],[339,[106.682,212.691,3,[90.99913,156.5148]]],[319,[106.7404,211.9418,3,[91.99384,154.9995]]],[320,[107.7162,213.9671,3,[90.99913,155.8422]]],[340,[107.1849,213.7406,3,[90.99908,158.1438]]],[321,[108.057,214.1584,3,[91.99906,154.8529]]],[341,[108.1615,215.7716,3,[90.99907,157.1893]]],[322,[109.1354,216.9191,3,[90.99905,155.5839]]],[354,[108.9473,216.3625,3,[91.99911,154.3823]]],[342,[108.9673,216.9186,3,[90.99914,157.9909]]],[355,[109.7678,218.6217,3,[90.99911,156.0888]]],[364,[109.7854,217.6126,3,[91.99911,154.8124]]],[363,[109.7062,218.8209,3,[90.99911,158.142]]],[365,[110.6871,220.4673,3,[90.99914,156.1662]]],[366,[110.8937,220.8929,3,[91.99915,154.8568]]],[367,[112.0415,222.9775,3,[91.39,154.9995]]]

Travel Distances:
[314,242.9319],[288,244.9881],[263,246.7166],[290,246.821],[289,246.7689],[261,247.8685],[234,248.8251],[264,248.0918],[262,248.0603],[235,247.98],[233,249.407],[236,250.1742],[207,250.0179],[336,253.4073],[315,252.3397],[205,251.0452],[178,252.0016],[204,251.6012],[292,252.9368],[316,255.3448],[206,253.217],[266,255.0145],[291,254.3625],[177,253.6026],[265,253.2818],[179,256.1056],[337,256.9566],[293,256.84],[267,256.4816],[294,256.6612],[180,256.3296],[237,255.3932],[148,255.1579],[238,256.195],[317,257.976],[295,259.0973],[268,258.8161],[150,257.7816],[181,257.7704],[213,256.3744],[239,258.3198],[260,259.4138],[149,256.5681],[151,259.4447],[269,260.7858],[212,258.858],[240,259.8149],[231,260.5033],[296,261.2088],[270,261.3164],[208,259.0529],[120,259.0925],[241,260.51],[152,259.1237],[230,262.6729],[182,259.6366],[203,262.1424],[242,262.3919],[209,261.2097],[210,261.9516],[271,263.4505],[297,262.9857],[121,259.6617],[272,262.6941],[119,259.2072],[202,261.9534],[232,262.6061],[246,261.8893],[211,263.6402],[174,264.4905],[323,264.0317],[243,263.406],[298,264.7712],[343,264.6542],[173,264.1059],[245,261.7791],[247,263.8141],[92,261.2444],[301,262.5618],[299,263.5331],[280,264.4831],[172,263.7694],[176,264.4693],[275,262.5849],[201,265.5976],[274,263.9527],[324,266.1184],[325,265.1868],[175,266.3996],[214,262.7892],[306,265.9092],[326,266.4839],[277,264.4364],[276,264.0745],[344,266.1815],[147,265.9504],[300,261.8156],[273,262.0128],[281,267.0924],[144,267.9881],[200,264.5952],[329,268.2422],[146,268.3671],[117,266.5057],[304,266.1056],[346,268.6593],[183,263.5694],[252,266.9465],[302,263.2443],[345,267.3293],[118,268.2269],[307,268.1114],[327,262.6901],[145,267.8948],[347,267.2601],[142,268.5101],[250,268.1494],[278,267.5045],[116,268.7599],[90,268.3093],[282,269.3829],[279,267.8766],[348,270.6275],[308,269.5055],[356,269.275],[330,269.7957],[89,267.9099],[249,266.4767],[254,268.573],[114,268.3024],[251,267.5584],[143,270.2604],[283,271.4595],[88,270.1683],[328,268.3506],[253,271.8602],[309,271.8293],[331,271.2435],[349,272.6464],[153,270.8601],[357,270.872],[91,269.6674],[222,269.7393],[350,272.1173],[217,265.0844],[115,269.0724],[193,269.4272],[221,268.0476],[255,270.3787],[220,267.074],[310,271.3778],[64,271.9727],[358,272.4417],[113,270.8295],[333,273.8168],[216,272.885],[184,272.3399],[223,271.3397],[285,273.44],[305,267.897],[93,271.5761],[225,272.0087],[332,273.532],[86,268.5546],[311,273.5048],[219,266.9754],[194,271.9009],[359,274.2761],[112,269.8992],[62,270.9906],[352,274.6051],[312,274.9821],[244,272.7403],[284,272.3472],[164,272.8308],[186,274.3912],[226,272.9673],[122,272.4148],[351,275.2668],[85,268.6728],[334,273.7694],[369,273.3993],[198,274.4692],[66,272.3101],[171,266.0002],[191,269.5482],[335,277.0383],[218,276.0446],[258,274.9247],[227,274.558],[167,274.0662],[361,274.727],[360,274.6689],[362,274.0763],[195,273.6042],[87,270.459],[141,267.6845],[196,273.1475],[188,274.499],[154,273.3601],[353,273.3511],[165,273.4488],[187,275.8918],[257,274.763],[338,280.6414],[368,275.1353],[94,275.0903],[318,280.993],[286,275.5591],[197,275.9832],[248,268.1401],[163,273.8698],[215,265.5854],[63,272.8762],[157,274.8003],[185,274.002],[111,268.9301],[192,269.8227],[138,274.8699],[123,273.7747],[339,280.6106],[137,277.4352],[259,275.6284],[161,273.5902],[319,282.2363],[189,270.1213],[65,274.1607],[139,276.4986],[60,273.1636],[156,276.3167],[158,276.6882],[256,273.8686],[303,265.5049],[320,282.2983],[228,276.6736],[108,277.455],[136,275.3753],[313,277.3141],[39,274.9828],[67,275.3198],[159,271.245],[340,284.3127],[79,275.4364],[127,277.949],[321,283.7776],[132,280.149],[169,278.8394],[109,279.174],[166,275.9088],[55,278.2167],[160,278.7908],[341,284.092],[95,274.8939],[99,269.6979],[162,272.7343],[41,276.4263],[80,279.1546],[322,286.214],[354,286.3812],[107,277.7253],[130,281.6737],[40,274.3992],[135,282.1745],[25,264.3582],[78,275.6138],[190,269.961],[155,277.3177],[342,285.9646],[168,276.2111],[199,277.542],[81,280.57],[48,272.9182],[106,284.999],[133,283.9958],[61,274.503],[355,288.4746],[364,287.8959],[42,275.4431],[134,275.9777],[73,272.5972],[26,265.6037],[98,269.0731],[131,283.2167],[229,278.6175],[363,288.1843],[74,272.447],[104,275.3958],[103,281.3957],[100,281.7415],[365,290.5371],[129,283.974],[72,273.3384],[105,283.8117],[27,273.3237],[101,283.8156],[47,271.7845],[170,268.9193],[366,290.8485],[76,276.3289],[13,265.3288],[58,256.9184],[69,277.1806],[128,279.5187],[70,268.2375],[96,276.5498],[43,275.4653],[49,276.572],[367,292.5511],[68,279.528],[124,279.6406],[75,276.8518],[36,259.9034],[102,275.3925],[11,260.6659],[44,274.7303],[50,277.5858],[23,274.4587],[12,267.8277],[37,275.3437],[46,278.3828],[22,275.7446],[125,278.4753],[30,279.4161],[6,268.3994],[10,262.9118],[14,265.8098],[51,279.1445],[24,274.4644],[45,275.2011],[21,274.0345],[28,280.1194],[59,271.3157],[126,283.434],[8,264.2488],[97,272.5475],[52,280.136],[110,255.7351],[84,269.4794],[35,260.185],[4,272.3526],[17,264.7979],[140,251.8713],[77,278.8095],[18,273.6698],[54,282.4358],[83,266.4248],[3,272.0265],[38,273.6],[57,254.3507],[20,273.9487],[7,265.7956],[1,268.9716],[0,268.4954],[19,260.0165],[32,283.4909],[5,274.1269],[34,261.6446],[29,282.7222],[2,262.9383],[16,265.5416],[15,272.7711],[31,283.4541],[33,283.7749],[53,281.006],[56,260.8011],[82,257.5689],[71,281.1122],[9,265.2333],[287,279.9265],[224,274.194]

Finish Times:
[314,123.6824],[288,124.5625],[263,125.0825],[290,125.1625],[289,125.4825],[261,126.0425],[234,126.3225],[264,126.3625],[262,126.4825],[235,126.6825],[233,127.3225],[236,127.4425],[207,127.6825],[336,128.0025],[315,128.3225],[205,128.4425],[178,128.5225],[204,128.5625],[292,128.6024],[316,129.0424],[206,129.1624],[266,129.2823],[291,129.4023],[177,129.8422],[265,129.8822],[179,129.9622],[337,130.0822],[293,130.1222],[267,130.1622],[294,130.2022],[180,130.6421],[237,130.7621],[148,130.8021],[238,130.9221],[317,131.042],[295,131.082],[268,131.122],[150,131.282],[181,131.402],[213,131.562],[239,131.6419],[260,131.7619],[149,131.8819],[151,131.9619],[269,131.9619],[212,132.3218],[240,132.3618],[231,132.4418],[296,132.4418],[270,132.4818],[208,132.5218],[120,132.6418],[241,132.7617],[152,132.8017],[230,132.9617],[182,133.0417],[203,133.2017],[242,133.2017],[209,133.3217],[210,133.3217],[271,133.3217],[297,133.4416],[121,133.5216],[272,133.5616],[119,133.6016],[202,133.7216],[232,133.8816],[246,133.8816],[211,133.9615],[174,134.0015],[323,134.0015],[243,134.0815],[298,134.1215],[343,134.3215],[173,134.4015],[245,134.4015],[247,134.4015],[92,134.4415],[301,134.6414],[299,134.6814],[280,134.7214],[172,134.7614],[176,134.8814],[275,134.8814],[201,134.9614],[274,135.0014],[324,135.1214],[325,135.2013],[175,135.2813],[214,135.3213],[306,135.3613],[326,135.5613],[277,135.6413],[276,135.6813],[344,135.6813],[147,135.7213],[300,135.7213],[273,135.8012],[281,135.9212],[144,135.9612],[200,136.0412],[329,136.1212],[146,136.1612],[117,136.2012],[304,136.3611],[346,136.3611],[183,136.4011],[252,136.4011],[302,136.4811],[345,136.5211],[118,136.7211],[307,136.7211],[327,136.7611],[145,136.8011],[347,136.8411],[142,136.961],[250,137.001],[278,137.001],[116,137.121],[90,137.201],[282,137.241],[279,137.321],[348,137.321],[308,137.401],[356,137.521],[330,137.6009],[89,137.6409],[249,137.7209],[254,137.7209],[114,137.7609],[251,137.7609],[143,138.0009],[283,138.0009],[88,138.0409],[328,138.0809],[253,138.1208],[309,138.1208],[331,138.1608],[349,138.1608],[153,138.2808],[357,138.4808],[91,138.5608],[222,138.6008],[350,138.6008],[217,138.6408],[115,138.6808],[193,138.7607],[221,138.8007],[255,138.8007],[220,138.8807],[310,138.8807],[64,139.0007],[358,139.0407],[113,139.2007],[333,139.2007],[216,139.2407],[184,139.3606],[223,139.4406],[285,139.4406],[305,139.4406],[93,139.4806],[225,139.5606],[332,139.6006],[86,139.6806],[311,139.7606],[219,139.9205],[194,139.9605],[359,139.9605],[112,140.0405],[62,140.1205],[352,140.1205],[312,140.2405],[244,140.3205],[284,140.4005],[164,140.4805],[186,140.5204],[226,140.5204],[122,140.5604],[351,140.5604],[85,140.7204],[334,140.7204],[369,140.7604],[198,140.8804],[66,140.9204],[171,140.9204],[191,140.9204],[335,141.0004],[218,141.1603],[258,141.1603],[227,141.3603],[167,141.4003],[361,141.4403],[360,141.5203],[362,141.5203],[195,141.5603],[87,141.6003],[141,141.6003],[196,141.6003],[188,141.6403],[154,141.7602],[353,141.8002],[165,141.8402],[187,142.0002],[257,142.0802],[338,142.1202],[368,142.1602],[94,142.2002],[318,142.2402],[286,142.3201],[197,142.3601],[248,142.3601],[163,142.4401],[215,142.4801],[63,142.5601],[157,142.6401],[185,142.6801],[111,142.7601],[192,142.8401],[138,142.8801],[123,142.92],[339,142.92],[137,143],[259,143],[161,143.04],[319,143.08],[189,143.16],[65,143.32],[139,143.4799],[60,143.5199],[156,143.6799],[158,143.7199],[256,143.7199],[303,143.7199],[320,143.7199],[228,143.7599],[108,143.8799],[136,143.8799],[313,143.9999],[39,144.0798],[67,144.1598],[159,144.1598],[340,144.1998],[79,144.2398],[127,144.3998],[321,144.3998],[132,144.4398],[169,144.5198],[109,144.5998],[166,144.7197],[55,144.7997],[160,144.7997],[341,144.8397],[95,144.8797],[99,144.9597],[162,144.9997],[41,145.0397],[80,145.1997],[322,145.2397],[354,145.2397],[107,145.2796],[130,145.3196],[40,145.3596],[135,145.4396],[25,145.5596],[78,145.5996],[190,145.6396],[155,145.7596],[342,145.7996],[168,145.8795],[199,145.8795],[81,145.9595],[48,146.0395],[106,146.0795],[133,146.1195],[61,146.1595],[355,146.1595],[364,146.2395],[42,146.3995],[134,146.3995],[73,146.4395],[26,146.4794],[98,146.5194],[131,146.5594],[229,146.7194],[363,146.7194],[74,146.7594],[104,146.8394],[103,146.8794],[100,146.9994],[365,147.0394],[129,147.0793],[72,147.1593],[105,147.1593],[27,147.1993],[101,147.3593],[47,147.3993],[170,147.3993],[366,147.5193],[76,147.6393],[13,147.7192],[58,147.9192],[69,147.9592],[128,147.9992],[70,148.0392],[96,148.0392],[43,148.0792],[49,148.0792],[367,148.0792],[68,148.1192],[124,148.1592],[75,148.1992],[36,148.4791],[102,148.5191],[11,148.7591],[44,148.8391],[50,148.879],[23,148.919],[12,148.959],[37,148.959],[46,148.999],[22,149.039],[125,149.119],[30,149.199],[6,149.399],[10,149.4389],[14,149.5989],[51,149.5989],[24,149.7989],[45,149.8389],[21,149.9589],[28,149.9589],[59,150.0388],[126,150.0388],[8,150.1988],[97,150.2788],[52,150.3188],[110,150.3188],[84,150.7987],[35,150.9187],[4,150.9987],[17,151.1187],[140,151.1187],[77,151.1587],[18,151.3986],[54,151.4386],[83,151.4786],[3,151.6386],[38,151.7986],[57,151.7986],[20,151.8385],[7,151.8785],[1,151.9185],[0,152.4384],[19,152.5984],[32,152.6384],[5,152.6784],[34,152.7184],[29,153.2383],[2,153.3983],[16,153.3983],[15,153.4383],[31,153.5183],[33,154.0382],[53,154.2781],[56,154.2781],[82,154.2781],[71,154.7181],[9,154.998],[287,154.998],[224,155.198]

Stuck Times:
[314,0],[288,0],[263,0],[290,0],[289,0],[261,0],[234,0],[264,0],[262,0],[235,0],[233,0],[236,0],[207,0],[336,0],[315,0],[205,0],[178,0],[204,0],[292,0],[316,0],[206,0],[266,0],[291,0],[177,0],[265,0],[179,0],[337,0],[293,0],[267,0],[294,0],[180,0],[237,0],[148,0],[238,0],[317,0],[295,0],[268,0],[150,0],[181,0],[213,0],[239,0],[260,0],[149,0],[151,0],[269,0],[212,0],[240,0],[231,0],[296,0],[270,0],[208,0],[120,0],[241,0],[152,0],[230,0],[182,0],[203,0],[242,0],[209,0],[210,0],[271,0],[297,0],[121,0],[272,0],[119,0],[202,0],[232,0],[246,0],[211,0],[174,0],[323,0],[243,0],[298,0],[343,0],[173,0],[245,0],[247,0],[92,0],[301,0],[299,0],[280,0],[172,0],[176,0],[275,0],[201,0],[274,0],[324,0],[325,0],[175,0],[214,0],[306,0],[326,0],[277,0],[276,0],[344,0],[147,0],[300,1],[273,0],[281,0],[144,0],[200,1],[329,0],[146,0],[117,0],[304,0],[346,0],[183,0],[252,0],[302,0],[345,0],[118,0],[307,0],[327,1],[145,0],[347,0],[142,0],[250,0],[278,0],[116,0],[90,0],[282,0],[279,0],[348,0],[308,0],[356,0],[330,0],[89,0],[249,0],[254,0],[114,0],[251,0],[143,0],[283,0],[88,0],[328,0],[253,0],[309,0],[331,0],[349,0],[153,0],[357,0],[91,0],[222,0],[350,0],[217,2],[115,1],[193,0],[221,1],[255,0],[220,1],[310,0],[64,0],[358,0],[113,0],[333,0],[216,0],[184,0],[223,0],[285,0],[305,0],[93,0],[225,0],[332,0],[86,3],[311,0],[219,0],[194,0],[359,0],[112,3],[62,1],[352,0],[312,0],[244,0],[284,0],[164,0],[186,0],[226,0],[122,0],[351,0],[85,3],[334,0],[369,1],[198,0],[66,0],[171,4],[191,0],[335,0],[218,0],[258,0],[227,0],[167,0],[361,0],[360,0],[362,1],[195,0],[87,4],[141,5],[196,0],[188,0],[154,1],[353,1],[165,0],[187,0],[257,0],[338,0],[368,1],[94,0],[318,0],[286,0],[197,0],[248,4],[163,1],[215,6],[63,3],[157,2],[185,1],[111,8],[192,3],[138,0],[123,0],[339,0],[137,0],[259,1],[161,0],[319,0],[189,3],[65,3],[139,1],[60,5],[156,0],[158,0],[256,3],[303,9],[320,0],[228,0],[108,0],[136,0],[313,2],[39,5],[67,5],[159,2],[340,0],[79,4],[127,1],[321,0],[132,0],[169,1],[109,0],[166,1],[55,0],[160,1],[341,0],[95,4],[99,9],[162,4],[41,5],[80,1],[322,0],[354,0],[107,1],[130,0],[40,6],[135,0],[25,14],[78,3],[190,7],[155,4],[342,0],[168,3],[199,1],[81,1],[48,7],[106,0],[133,0],[61,7],[355,0],[364,0],[42,6],[134,2],[73,8],[26,10],[98,11],[131,0],[229,2],[363,0],[74,8],[104,3],[103,2],[100,3],[365,0],[129,2],[72,7],[105,2],[27,10],[101,1],[47,8],[170,13],[366,0],[76,4],[13,12],[58,20],[69,10],[128,7],[70,10],[96,9],[43,10],[49,6],[367,0],[68,6],[124,5],[75,6],[36,16],[102,7],[11,18],[44,11],[50,5],[23,12],[12,13],[37,13],[46,10],[22,11],[125,9],[30,5],[6,11],[10,17],[14,14],[51,7],[24,11],[45,11],[21,15],[28,5],[59,16],[126,4],[8,15],[97,10],[52,7],[110,22],[84,17],[35,20],[4,11],[17,17],[140,24],[77,11],[18,15],[54,7],[83,18],[3,11],[38,15],[57,22],[20,15],[7,17],[1,14],[0,15],[19,23],[32,4],[5,10],[34,21],[29,6],[2,21],[16,17],[15,14],[31,8],[33,11],[53,9],[56,22],[82,24],[71,6],[9,24],[287,12],[224,16]

