Experiment Name: Custom-ExampleOverflow
Method Used: FlowField
Run Number: 5
Preparation Time: 0.0003ms
Pathfinding Time: 28.4965ms
Finish Time: 82.76151ms
Finish Time 90%: 78.08141ms
Repaths: 0
Soft Repaths: 0

Gates Data:
0:[99,[6.149297,12.2886,0,[32.001,59.43958]]],[114,[6.650927,13.2944,0,[33.001,60.62429]]],[84,[6.160178,12.30538,0,[32.001,58.32373]]],[98,[6.710609,13.3736,0,[32.001,59.33753]]],[113,[7.226945,14.40814,0,[33.001,60.42174]]],[69,[6.196295,12.35524,0,[32.001,57.20652]]],[83,[6.729784,13.41093,0,[32.001,58.23389]]],[112,[7.786357,15.50715,0,[33.001,60.0995]]],[97,[7.262903,14.45769,0,[32.001,59.01481]]],[82,[7.301864,14.52852,0,[32.001,57.93425]]],[128,[7.254674,14.48176,0,[33.001,61.52826]]],[111,[8.330044,16.5605,0,[33.001,60.39853]]],[81,[7.85371,15.60633,0,[32.001,58.23234]]],[127,[7.828021,15.55721,0,[33.001,61.18672]]],[96,[7.804038,15.52233,0,[32.001,59.31369]]],[126,[8.36937,16.65544,0,[33.001,61.48455]]],[95,[8.339948,16.57939,0,[32.001,58.99434]]],[67,[7.34567,14.58956,0,[32.001,56.85093]]],[110,[8.860227,17.6519,0,[33.001,60.08688]]],[94,[8.883125,17.65096,0,[32.001,59.1893]]],[129,[6.660126,13.31665,0,[33.001,61.86109]]],[142,[7.790526,15.47836,0,[33.001,62.28143]]],[80,[8.42341,16.67844,0,[32.001,57.90952]]],[109,[9.416244,18.74315,0,[33.001,60.29666]]],[93,[9.474338,18.71906,0,[32.001,58.99936]]],[125,[8.949059,17.76097,0,[33.001,61.17967]]],[108,[9.996309,19.81797,0,[33.001,60.07309]]],[143,[7.276668,14.49917,0,[33.001,62.68981]]],[79,[9.109528,17.7601,0,[32.001,58.18606]]],[92,[10.09825,19.80228,0,[32.001,59.34195]]],[107,[10.59757,20.92781,0,[33.001,60.43538]]],[78,[9.903055,18.88545,0,[32.001,58.30894]]],[106,[11.15732,22.06105,0,[33.001,60.35844]]],[123,[10.15728,19.96335,0,[33.001,61.11027]]],[77,[10.6021,20.0104,0,[32.001,58.90213]]],[91,[11.04141,20.94211,0,[32.001,59.56958]]],[122,[10.75826,21.03986,0,[33.001,61.50676]]],[62,[11.0151,20.21574,0,[32.001,58.15745]]],[64,[9.550783,17.87208,0,[32.001,57.46826]]],[76,[11.45119,21.14875,0,[32.001,58.85704]]],[63,[10.40469,19.13144,0,[32.001,57.83303]]],[61,[11.88341,21.39681,0,[32.001,58.23391]]],[121,[11.424,22.15201,0,[33.001,61.3976]]],[90,[11.71414,22.04177,0,[32.001,59.8284]]],[68,[6.750869,13.44246,0,[32.001,57.12375]]],[45,[12.42393,22.35961,0,[32.001,58.06522]]],[105,[11.79386,23.1375,0,[33.001,60.56448]]],[75,[12.16952,22.23944,0,[32.001,59.18806]]],[124,[9.613642,18.86304,0,[33.001,61.33745]]],[47,[11.43936,20.1549,0,[32.001,57.38388]]],[136,[11.99907,21.96873,0,[33.001,61.66405]]],[60,[12.71245,22.57847,0,[32.001,59.0218]]],[104,[12.83769,24.24653,0,[33.001,60.24283]]],[120,[12.39342,23.34526,0,[33.001,60.8924]]],[141,[8.33663,16.5339,0,[33.001,62.58334]]],[46,[11.9839,21.37599,0,[32.001,57.16216]]],[44,[13.13697,23.70103,0,[32.001,58.34501]]],[89,[13.38816,24.13978,0,[33.001,60.066]]],[138,[10.26252,19.75816,0,[33.001,62.17419]]],[30,[13.47864,24.16585,0,[32.001,57.49196]]],[74,[13.32592,23.37226,0,[32.001,59.38929]]],[119,[13.22677,24.47238,0,[33.001,61.12604]]],[152,[10.64836,19.94986,0,[33.001,62.99691]]],[88,[14.21477,25.30827,0,[33.001,60.17455]]],[59,[13.72434,23.73802,0,[32.001,58.62651]]],[103,[13.78073,25.37289,0,[33.001,60.87174]]],[154,[9.156517,17.77883,0,[33.001,63.41933]]],[73,[14.12059,24.53887,0,[32.001,59.40485]]],[49,[10.0591,17.93915,0,[32.001,56.95645]]],[102,[14.75989,26.51201,0,[33.001,60.53215]]],[133,[13.59144,25.21323,0,[33.001,61.96395]]],[58,[14.53621,24.88219,0,[32.001,58.67905]]],[66,[7.948749,15.64255,0,[32.001,57.16194]]],[118,[14.37186,25.59008,0,[33.001,61.31269]]],[87,[14.67709,25.40685,0,[32.001,59.7864]]],[33,[11.2842,20.26837,0,[32.001,56.17838]]],[43,[14.13229,24.72011,0,[32.001,57.89901]]],[117,[15.22843,26.79116,0,[33.001,61.14198]]],[72,[15.18771,25.58098,0,[32.001,59.36757]]],[31,[12.85614,22.69174,0,[32.001,57.38652]]],[101,[15.66191,27.62313,0,[33.001,60.47972]]],[29,[15.07193,25.79313,0,[32.001,58.29411]]],[42,[15.67878,26.47533,0,[32.001,58.8554]]],[139,[9.426256,18.69801,0,[33.001,62.3715]]],[137,[11.13265,20.83331,0,[33.001,62.4333]]],[131,[16.07178,27.83057,0,[33.001,61.27894]]],[57,[16.16963,26.45067,0,[32.001,59.4017]]],[19,[16.14312,24.31651,0,[32.001,58.23747]]],[86,[16.18017,27.68631,0,[33.001,60.02095]]],[135,[12.32358,23.16385,0,[33.001,62.62253]]],[140,[8.867378,17.60196,0,[33.001,62.28108]]],[28,[16.74672,27.3873,0,[32.001,58.97467]]],[25,[12.45024,17.35676,0,[32.001,56.63286]]],[71,[17.17296,28.22034,0,[33.001,60.09926]]],[145,[16.99883,28.99573,0,[33.001,61.4938]]],[100,[17.50779,29.0973,0,[33.001,61.0452]]],[147,[14.1304,25.7498,0,[33.001,62.3056]]],[32,[14.68009,22.41367,0,[32.001,57.49016]]],[18,[16.67264,26.44147,0,[32.001,57.87169]]],[116,[16.64105,28.29656,0,[33.001,60.64602]]],[27,[17.8933,28.79702,0,[32.001,59.37795]]],[150,[11.72414,22.18861,0,[33.001,62.63176]]],[20,[15.55665,23.47326,0,[32.001,57.7639]]],[170,[17.26577,26.6202,0,[33.001,62.46633]]],[17,[17.38563,27.37354,0,[32.001,58.6508]]],[132,[14.81293,26.3264,0,[33.001,62.10347]]],[11,[15.16109,22.50377,0,[32.001,56.96794]]],[146,[15.56515,27.1813,0,[33.001,62.00253]]],[34,[13.93104,20.22883,0,[32.001,56.86454]]],[21,[14.4388,21.45632,0,[32.001,56.39602]]],[1,[17.86949,27.64738,0,[32.001,57.72429]]],[134,[12.76543,24.14504,0,[33.001,61.72048]]],[41,[17.23624,28.23771,0,[32.001,59.82606]]],[0,[18.76118,29.6835,0,[32.001,58.1142]]],[7,[18.245,29.30887,0,[32.001,58.54242]]],[10,[16.60849,25.09819,0,[32.001,56.74921]]],[160,[14.4739,24.58684,0,[33.001,63.1804]]],[179,[19.35783,29.50674,0,[33.001,61.73723]]],[183,[17.93109,26.61061,0,[33.001,62.55959]]],[24,[13.19992,18.14351,0,[32.001,56.51052]]],[115,[18.94653,29.99723,0,[33.001,60.45353]]],[8,[17.26049,27.20303,0,[32.001,57.46997]]],[130,[18.0382,29.44571,0,[33.001,61.46976]]],[56,[18.65585,27.83032,0,[32.001,59.40546]]],[14,[12.771,18.2482,0,[32.001,55.75663]]],[5,[20.19481,27.47877,0,[32.001,57.00876]]],[162,[12.44815,22.1405,0,[33.001,63.80406]]],[184,[18.85527,29.40714,0,[33.001,62.55368]]],[167,[19.77638,17.67066,0,[33.001,63.02066]]],[148,[12.9554,24.46985,0,[33.001,62.76117]]],[155,[8.614857,16.68295,0,[33.001,63.62162]]],[35,[10.51916,18.10888,0,[32.001,56.0707]]],[23,[13.67032,19.15217,0,[32.001,55.88431]]],[70,[18.26099,29.44675,0,[33.001,60.45034]]],[169,[18.62799,28.2901,0,[33.001,61.49449]]],[158,[19.6249,29.68233,0,[33.001,60.56958]]],[22,[15.59494,21.81835,0,[32.001,56.19623]]],[9,[16.00423,25.91718,0,[32.001,57.12139]]],[176,[19.99807,27.81287,0,[33.001,61.67159]]],[40,[19.31817,29.22404,0,[32.001,58.46762]]],[38,[11.89945,15.57802,0,[32.001,56.0139]]],[175,[16.03061,22.85799,0,[33.001,63.9436]]],[15,[17.7932,19.9132,0,[32.001,56.41121]]],[85,[19.37745,28.85244,0,[32.001,59.57372]]],[54,[6.32857,12.50649,0,[32.001,56.08059]]],[177,[20.37871,30.73981,0,[33.001,60.64212]]],[39,[8.224388,13.82156,0,[32.001,55.63448]]],[3,[17.20262,25.01656,0,[32.001,56.20549]]],[65,[8.880764,16.77312,0,[32.001,57.20864]]],[26,[16.17958,17.75058,0,[32.001,55.9838]]],[182,[17.94801,25.34499,0,[33.001,63.70572]]],[159,[16.47552,26.68542,0,[33.001,62.0636]]],[173,[20.52386,28.49248,0,[33.001,62.49518]]],[6,[19.57951,23.91134,0,[32.001,56.30346]]],[50,[9.30185,16.79186,0,[32.001,56.47727]]],[153,[9.914743,18.96192,0,[33.001,63.00463]]],[171,[15.96625,25.02236,0,[33.001,62.78128]]],[12,[18.68779,24.02385,0,[32.001,56.20713]]],[161,[15.31345,24.20624,0,[33.001,63.00765]]],[48,[10.82387,19.31372,0,[32.001,57.03204]]],[157,[7.392457,14.60708,0,[33.001,63.80912]]],[4,[18.37744,24.95217,0,[32.001,57.15541]]],[174,[18.82624,25.65475,0,[33.001,63.69866]]],[165,[11.79842,19.5293,0,[33.001,63.73783]]],[53,[6.955643,13.48157,0,[32.001,55.99747]]],[36,[9.799282,17.07124,0,[32.001,55.96708]]],[16,[19.95583,29.44528,0,[32.001,58.2262]]],[2,[19.22019,28.69308,0,[32.001,57.24051]]],[52,[7.72024,14.78166,0,[32.001,56.04966]]],[37,[8.842189,15.81724,0,[32.001,55.87204]]],[149,[13.56106,23.71359,0,[33.001,63.07484]]],[51,[8.420017,15.66415,0,[32.001,56.64826]]],[55,[20.13277,29.54453,0,[32.001,59.45085]]],[181,[17.23986,24.01734,0,[33.001,63.65065]]],[163,[13.11,21.42523,0,[33.001,63.91301]]],[13,[14.93867,20.24689,0,[32.001,55.93213]]],[151,[11.14664,21.11333,0,[33.001,63.8002]]],[180,[14.94528,23.8035,0,[33.001,63.85114]]],[168,[8.172762,15.83753,0,[33.001,64.36457]]],[172,[13.98311,22.6924,0,[33.001,63.94621]]],[144,[6.693154,13.38034,0,[33.001,63.21159]]],[178,[16.66231,27.29972,0,[33.001,63.23444]]],[166,[9.651535,17.71104,0,[33.001,63.98056]]],[156,[7.946059,15.5997,0,[33.001,63.35412]]],[164,[10.33964,19.90282,0,[33.001,64.00098]]]
1:[99,[33.66253,67.29807,0,[87.001,59.31537]]],[114,[34.16682,68.31341,0,[88.001,60.45961]]],[84,[33.6846,67.32071,0,[87.001,58.13559]]],[98,[34.2471,68.39323,0,[87.001,58.93233]]],[113,[34.80635,69.41994,0,[88.001,60.02795]]],[69,[34.42497,67.49352,0,[87.001,57.87275]]],[83,[34.79271,68.58659,0,[87.001,58.71352]]],[112,[34.86598,69.5303,0,[87.001,59.81383]]],[97,[35.34072,69.53824,0,[87.001,58.94986]]],[82,[35.22096,69.6618,0,[87.001,57.8676]]],[128,[34.79382,69.50232,0,[88.001,61.13747]]],[111,[35.52384,70.5714,0,[87.001,59.99091]]],[81,[35.89268,70.65559,0,[87.001,58.05526]]],[127,[35.38478,70.57788,0,[88.001,60.91689]]],[96,[35.91225,70.54239,0,[87.001,59.18332]]],[126,[36.1466,71.68801,0,[88.001,61.04608]]],[95,[36.50174,71.65222,0,[87.001,58.97353]]],[67,[36.61174,70.54089,0,[87.001,57.89843]]],[110,[36.8292,72.68697,0,[88.001,60.01843]]],[94,[37.13994,72.68673,0,[87.001,58.81868]]],[129,[34.21991,68.37029,0,[88.001,61.68344]]],[142,[35.75524,70.5331,0,[88.001,61.83707]]],[80,[37.41232,71.79882,0,[87.001,57.86311]]],[109,[36.96423,72.77186,0,[87.001,59.87225]]],[93,[37.85405,73.76814,0,[87.001,58.65149]]],[125,[36.74891,72.77247,0,[88.001,61.10238]]],[108,[37.55935,73.86552,0,[87.001,59.5818]]],[143,[35.11797,69.60561,0,[88.001,62.12143]]],[79,[38.2246,72.82667,0,[87.001,57.8061]]],[92,[38.30389,74.83142,0,[87.001,59.28322]]],[107,[38.58165,75.96228,0,[88.001,60.2721]]],[78,[38.67481,73.98098,0,[87.001,58.41928]]],[106,[38.73875,76.08156,0,[87.001,59.91664]]],[123,[37.88019,75.03034,0,[88.001,60.63598]]],[77,[39.15287,75.12672,0,[87.001,59.03152]]],[91,[39.44424,76.0686,0,[87.001,59.99325]]],[122,[38.95657,76.08805,0,[88.001,61.11436]]],[62,[39.69894,75.32523,0,[87.001,58.38675]]],[64,[39.17171,73.07034,0,[87.001,57.79205]]],[76,[39.93628,76.28271,0,[87.001,59.41107]]],[63,[40.22836,74.40409,0,[87.001,57.88159]]],[61,[40.49672,76.71105,0,[87.001,58.87023]]],[121,[39.57497,77.18493,0,[88.001,60.80429]]],[90,[41.23067,78.14971,0,[88.00099,60.01519]]],[68,[40.82366,69.35476,0,[87.001,57.86094]]],[45,[41.12904,77.53619,0,[87.001,58.87682]]],[105,[40.47988,78.21709,0,[88.001,60.76462]]],[75,[41.28877,77.4262,0,[87.001,59.93484]]],[124,[37.33356,73.89336,0,[88.001,60.99654]]],[47,[41.5868,75.47852,0,[87.001,57.86786]]],[136,[41.22195,77.12122,0,[88.00099,61.09814]]],[60,[41.88436,77.68688,0,[87.001,58.88942]]],[104,[42.1682,78.40862,0,[87.001,59.88329]]],[120,[42.13615,78.50576,0,[88.001,60.99261]]],[141,[36.48222,71.69927,0,[88.001,62.07052]]],[46,[42.34639,76.77467,0,[87.001,57.86972]]],[44,[42.55243,78.91644,0,[87.001,58.90781]]],[89,[42.79441,78.20094,0,[87.001,59.93787]]],[138,[39.40968,74.90445,0,[88.001,61.94695]]],[30,[43.03242,79.41946,0,[87.00099,57.94164]]],[74,[43.16594,78.4179,0,[87.00099,58.99373]]],[119,[42.99031,79.53083,0,[88.001,60.86852]]],[152,[40.74815,75.50192,0,[88.001,61.97607]]],[88,[43.79281,79.61527,0,[87.00098,58.64662]]],[59,[43.7705,78.96474,0,[87.00097,57.5801]]],[103,[43.55396,79.6634,0,[87.00096,59.7825]]],[154,[38.69973,73.26115,0,[88.001,62.0989]]],[73,[44.32213,79.68344,0,[87.00099,59.22475]]],[49,[44.44476,74.59926,0,[87.001,58.07256]]],[102,[44.87326,81.84125,0,[88.00099,60.20806]]],[133,[44.06275,80.48975,0,[88.001,60.6247]]],[58,[44.99089,80.08067,0,[87.00098,58.75614]]],[66,[45.18671,72.11035,0,[87.00098,57.6417]]],[118,[44.84442,80.90971,0,[88.00099,61.29758]]],[87,[44.88127,80.55131,0,[87.00098,59.83979]]],[33,[45.92478,76.39454,0,[87.001,58.04072]]],[43,[45.82717,80.0603,0,[87.001,59.13]]],[117,[45.73474,82.22011,0,[88.00097,60.68726]]],[72,[46.77466,81.79889,0,[88.001,60.19078]]],[31,[46.65253,78.41973,0,[87.00098,57.49442]]],[101,[46.70714,82.80009,0,[88.00098,61.34254]]],[29,[46.69216,81.22452,0,[87.00096,58.56413]]],[42,[46.70038,81.78859,0,[87.00095,59.66665]]],[139,[38.12872,73.84267,0,[88.001,61.64585]]],[137,[40.08003,75.99447,0,[88.00098,61.62127]]],[131,[47.63928,83.31837,0,[88.00099,60.65039]]],[57,[47.55211,81.65126,0,[87.001,58.9768]]],[19,[47.54749,79.60696,0,[87.001,57.8256]]],[86,[48.4897,82.76999,0,[87.92966,59.9998]]],[135,[43.84886,78.43594,0,[88.00095,61.73544]]],[140,[37.50325,72.65068,0,[88.001,62.06957]]],[28,[48.38816,82.66969,0,[87.001,58.44827]]],[25,[48.59177,73.75026,0,[87.001,57.44454]]],[71,[48.53139,82.4201,0,[87.001,59.53382]]],[145,[49.35234,84.34412,0,[88.00099,60.54427]]],[100,[50.28233,84.45046,0,[88.001,60.38989]]],[147,[45.53481,81.14771,0,[88.001,62.14219]]],[32,[49.2714,78.39646,0,[87.00098,58.67834]]],[18,[49.86889,82.3124,0,[87.001,59.43996]]],[116,[48.53518,83.50085,0,[88.001,61.2273]]],[27,[51.10934,84.97198,0,[88.00099,60.31544]]],[150,[41.67316,77.54135,0,[88.001,61.9972]]],[20,[49.53438,79.56941,0,[87.00098,57.59563]]],[170,[50.01999,82.07188,0,[88.001,61.3773]]],[17,[50.25326,82.69305,0,[87.001,58.44678]]],[132,[47.66047,81.90843,0,[88.00098,61.76339]]],[11,[50.72282,79.08211,0,[87.001,59.38406]]],[146,[48.33211,83.02227,0,[88.001,62.42966]]],[34,[50.72992,76.42584,0,[87.001,57.50534]]],[21,[51.19326,78.93406,0,[87.001,58.46971]]],[1,[51.64888,83.23675,0,[87.001,59.43243]]],[134,[42.74411,79.28889,0,[88.001,61.9685]]],[41,[51.64472,84.69292,0,[88.001,61.26755]]],[0,[52.18351,85.51758,0,[87.001,58.50369]]],[7,[52.06618,85.6237,0,[88.001,60.31001]]],[10,[51.70839,81.95666,0,[87.001,57.55323]]],[160,[49.24611,80.87661,0,[88.00094,62.23241]]],[179,[52.65834,83.88686,0,[87.001,59.48724]]],[183,[52.59334,82.61288,0,[88.001,61.40453]]],[24,[52.77003,75.33101,0,[87.001,57.5745]]],[115,[53.07483,85.23589,0,[88.001,60.42426]]],[8,[53.22355,83.86603,0,[87.001,58.58007]]],[130,[54.10962,85.21241,0,[88.001,60.45797]]],[56,[53.70992,83.26382,0,[87.001,59.56141]]],[14,[53.79559,77.28695,0,[87.001,57.65985]]],[5,[54.23663,83.23427,0,[87.001,58.61536]]],[162,[46.83645,78.31987,0,[88.00099,62.55893]]],[184,[55.07274,85.66858,0,[88.001,60.4105]]],[167,[54.67643,72.57867,0,[87.00099,59.51046]]],[148,[44.42247,79.80222,0,[88.001,62.57593]]],[155,[56.01442,85.34722,0,[88.001,60.3625]]],[35,[54.68036,79.70863,0,[87.001,57.61986]]],[23,[55.13334,78.76276,0,[87.001,58.51733]]],[70,[52.71304,84.80746,0,[88.001,62.49121]]],[169,[53.52972,83.76441,0,[88.001,61.38117]]],[158,[55.60954,83.90183,0,[87.001,59.44204]]],[22,[55.62595,80.77205,0,[87.001,57.5447]]],[9,[56.13306,85.08632,0,[87.001,58.49351]]],[176,[57.25313,83.19254,0,[88.00099,60.36991]]],[40,[56.77847,84.90228,0,[87.001,59.47808]]],[38,[56.88094,74.28677,0,[87.001,57.59594]]],[175,[54.61032,80.09797,0,[88.001,61.39643]]],[15,[57.35977,77.92429,0,[87.00099,58.51682]]],[85,[57.87098,84.70347,0,[87.00098,59.37926]]],[54,[58.36064,80.19095,0,[87.00099,58.49922]]],[177,[58.27132,86.4771,0,[88.001,60.32892]]],[39,[57.90452,76.48811,0,[87.00099,57.51158]]],[3,[58.80047,83.53353,0,[87.00099,59.51863]]],[65,[58.88166,77.82665,0,[87.001,57.65523]]],[26,[59.25028,77.67104,0,[87.001,58.64285]]],[182,[59.10833,85.26929,0,[88.001,60.45675]]],[159,[51.35108,82.24564,0,[88.00098,62.26231]]],[173,[59.5865,84.41042,0,[87.001,59.63625]]],[6,[59.83705,82.96708,0,[88.001,60.54861]]],[50,[59.73948,80.15067,0,[87.001,57.76538]]],[153,[60.8515,91.08278,0,[88.001,60.61659]]],[171,[54.0057,81.58305,0,[88.00099,62.32404]]],[12,[60.06289,83.38255,0,[87.001,58.7683]]],[161,[56.68256,82.2839,0,[88.001,61.32423]]],[48,[60.69258,80.86155,0,[87.001,57.85284]]],[157,[60.17221,81.47133,0,[88.001,61.52684]]],[4,[60.51636,82.88025,0,[87.001,59.71532]]],[174,[58.39341,82.44709,0,[88.001,61.3786]]],[165,[61.84373,86.54565,0,[88.00096,60.39522]]],[53,[61.76247,81.93959,0,[87.001,57.95535]]],[36,[61.13964,81.03664,0,[87.001,58.8548]]],[16,[61.5467,86.71861,0,[88.00097,61.505]]],[2,[61.70652,87.1936,0,[87.00099,59.75831]]],[52,[63.02048,80.6695,0,[87.001,58.02086]]],[37,[62.36692,84.6973,0,[87.001,58.86253]]],[149,[62.71273,90.08569,0,[88.001,60.9888]]],[51,[63.99386,84.05029,0,[87.00097,58.21506]]],[55,[63.21738,87.13444,0,[87.00095,59.30019]]],[181,[55.60857,81.81812,0,[88.001,61.37325]]],[163,[63.87766,87.07883,0,[88.00095,60.15875]]],[13,[64.84354,84.78033,0,[87.00099,58.80407]]],[151,[64.12991,87.47623,0,[87.00094,59.73634]]],[180,[56.65033,84.58932,0,[88.001,62.39196]]],[168,[65.4056,84.51172,0,[87.00076,59.79727]]],[172,[59.12138,82.2276,0,[88.00098,62.4144]]],[144,[62.70182,86.15407,0,[88.00099,62.14725]]],[178,[55.42594,83.94592,0,[88.001,62.45251]]],[166,[60.7844,84.80458,0,[88.00099,62.46305]]],[156,[57.90395,71.05921,0,[88.001,62.4407]]],[164,[66.17371,89.3488,0,[88.001,60.92916]]]

Travel Distances:
[99,91.94118],[114,91.85021],[84,91.92652],[98,91.84534],[113,93.68148],[69,92.56673],[83,92.85818],[112,93.45416],[97,94.544],[82,95.04052],[128,93.48752],[111,94.68978],[81,94.60358],[127,93.13081],[96,95.85763],[126,95.5498],[95,95.77374],[67,94.86758],[110,96.9018],[94,97.66063],[129,92.34261],[142,93.68458],[80,96.75363],[109,96.82798],[93,97.62971],[125,96.68343],[108,98.84746],[143,93.46877],[79,97.33316],[92,98.64706],[107,98.66179],[78,99.05621],[106,100.76],[123,98.5599],[77,99.00639],[91,99.59701],[122,100.0986],[62,99.77177],[64,97.7893],[76,100.1839],[63,99.84719],[61,101.467],[121,100.9078],[90,100.919],[68,93.54087],[45,102.8734],[105,101.9288],[75,101.5554],[124,97.6689],[47,100.1495],[136,99.60348],[60,103.1899],[104,103.4581],[120,101.6936],[141,95.47008],[46,101.1204],[44,102.6287],[89,102.7087],[138,99.2716],[30,104.4433],[74,102.2338],[119,104.2241],[152,100.1872],[88,103.78],[59,103.461],[103,103.0019],[154,98.52631],[73,104.684],[49,99.79166],[102,104.9722],[133,103.5572],[58,105.2942],[66,97.84653],[118,104.6292],[87,104.9209],[33,100.8358],[43,103.8583],[117,106.5069],[72,105.4498],[31,103.508],[101,105.9587],[29,105.1963],[42,105.2882],[139,98.76036],[137,100.827],[131,106.7382],[57,106.0073],[19,104.3684],[86,107.1833],[135,103.5895],[140,97.28199],[28,108.1462],[25,98.04917],[71,106.6386],[145,107.4062],[100,108.4927],[147,105.608],[32,103.3992],[18,106.4144],[116,106.4577],[27,109.0839],[150,102.2219],[20,104.5085],[170,105.1916],[17,106.6502],[132,106.5202],[11,103.9676],[146,107.4025],[34,101.7171],[21,103.1562],[1,106.9009],[134,102.6497],[41,109.2487],[0,110.3463],[7,109.1904],[10,107.0708],[160,104.1162],[179,107.59],[183,106.8548],[24,100.9651],[115,108.9815],[8,108.2552],[130,107.6917],[56,108.5313],[14,103.3405],[5,108.1925],[162,102.854],[184,108.9379],[167,96.6932],[148,105.7045],[155,109.5162],[35,105.3172],[23,103.5786],[70,108.3182],[169,107.2452],[158,107.8037],[22,106.781],[9,110.1833],[176,107.013],[40,108.9051],[38,98.69021],[175,104.7447],[15,103.1992],[85,109.432],[54,104.073],[177,109.1349],[39,100.8831],[3,108.3304],[65,102.9434],[26,101.7416],[182,108.0755],[159,106.4777],[173,109.2477],[6,106.4794],[50,105.2975],[153,113.8542],[171,104.6051],[12,107.4199],[161,106.5923],[48,105.727],[157,105.385],[4,106.7137],[174,107.0298],[165,110.1903],[53,106.7108],[36,106.6802],[16,111.5199],[2,112.514],[52,104.8158],[37,108.4236],[149,114.7216],[51,108.8003],[55,111.6381],[181,106.5644],[163,111.4341],[13,110.1958],[151,111.7729],[180,108.7152],[168,108.5255],[172,108.1484],[144,111.784],[178,109.0736],[166,111.3547],[156,96.59581],[164,113.0407]

Finish Times:
[99,47.2007],[114,47.3207],[84,47.3607],[98,47.84071],[113,47.96072],[69,48.32072],[83,48.48073],[112,48.56073],[97,49.08074],[82,49.16074],[128,49.16074],[111,49.52075],[81,49.84076],[127,49.92076],[96,49.96076],[126,50.28077],[95,50.56078],[67,50.68078],[110,50.96078],[94,51.16079],[129,51.4408],[142,51.6008],[80,51.6408],[109,51.6408],[93,51.92081],[125,52.20081],[108,52.24081],[143,52.32082],[79,52.72083],[92,52.76083],[107,52.80083],[78,53.32084],[106,53.32084],[123,53.48084],[77,53.80085],[91,53.92085],[122,54.32086],[62,54.40086],[64,54.56087],[76,54.64087],[63,55.04088],[61,55.20088],[121,55.40089],[90,55.76089],[68,55.8009],[45,56.0409],[105,56.32091],[75,56.56091],[124,56.56091],[47,56.68092],[136,56.92092],[60,57.00092],[104,57.16093],[120,57.64094],[141,57.68094],[46,57.76094],[44,57.88094],[89,58.40096],[138,58.40096],[30,58.44096],[74,58.84097],[119,59.00097],[152,59.24097],[88,59.52098],[59,59.60098],[103,59.92099],[154,60.04099],[73,60.201],[49,60.401],[102,60.64101],[133,60.64101],[58,61.04102],[66,61.08102],[118,61.36102],[87,61.44102],[33,61.72103],[43,61.80103],[117,62.00104],[72,62.32104],[31,62.44105],[101,62.60105],[29,62.80106],[42,62.88106],[139,63.28107],[137,63.32107],[131,63.44107],[57,63.52107],[19,63.68108],[86,63.96108],[135,64.00108],[140,64.16109],[28,64.20109],[25,64.5611],[71,64.5611],[145,64.8011],[100,65.12111],[147,65.28111],[32,65.48112],[18,65.68112],[116,65.72112],[27,66.16113],[150,66.20113],[20,66.48114],[170,66.64114],[17,66.76115],[132,67.04115],[11,67.16116],[146,67.32116],[34,67.44116],[21,67.68117],[1,67.76117],[134,67.84117],[41,68.04118],[0,68.28118],[7,68.36118],[10,68.52119],[160,68.76119],[179,68.80119],[183,69.0812],[24,69.1212],[115,69.2412],[8,69.52121],[130,69.88122],[56,69.96122],[14,70.08122],[5,70.32123],[162,70.48123],[184,70.48123],[167,70.60123],[148,70.96124],[155,71.04124],[35,71.16125],[23,71.28125],[70,71.60126],[169,71.60126],[158,71.64126],[22,71.96127],[9,72.12127],[176,72.20127],[40,72.60128],[38,72.76128],[175,73.00129],[15,73.08129],[85,73.20129],[54,73.6813],[177,73.84131],[39,73.88131],[3,74.20132],[65,74.28132],[26,74.64133],[182,74.76133],[159,74.84133],[173,75.28134],[6,75.36134],[50,75.40134],[153,75.80135],[171,75.84135],[12,75.92136],[161,76.24136],[48,76.32137],[157,76.36137],[4,76.80138],[174,77.04138],[165,77.36139],[53,77.40139],[36,78.0014],[16,78.08141],[2,78.12141],[52,78.72142],[37,78.76142],[149,78.96143],[51,79.36143],[55,79.40144],[181,80.00145],[163,80.04145],[13,80.20145],[151,80.52146],[180,80.80147],[168,80.88147],[172,81.16148],[144,81.60149],[178,81.88149],[166,82.0415],[156,82.76151],[164,82.76151]

Stuck Times:
[99,0],[114,0],[84,0],[98,0],[113,0],[69,1],[83,0],[112,0],[97,0],[82,0],[128,1],[111,0],[81,0],[127,1],[96,0],[126,0],[95,0],[67,1],[110,0],[94,0],[129,4],[142,3],[80,0],[109,0],[93,0],[125,2],[108,0],[143,4],[79,0],[92,0],[107,0],[78,0],[106,0],[123,2],[77,0],[91,0],[122,1],[62,0],[64,1],[76,0],[63,0],[61,0],[121,2],[90,0],[68,6],[45,0],[105,1],[75,0],[124,6],[47,2],[136,3],[60,0],[104,1],[120,2],[141,8],[46,1],[44,2],[89,2],[138,7],[30,1],[74,2],[119,3],[152,6],[88,3],[59,2],[103,2],[154,10],[73,3],[49,7],[102,1],[133,2],[58,4],[66,10],[118,4],[87,1],[33,8],[43,4],[117,4],[72,4],[31,7],[101,4],[29,3],[42,4],[139,11],[137,12],[131,4],[57,3],[19,5],[86,4],[135,12],[140,13],[28,4],[25,14],[71,5],[145,4],[100,4],[147,10],[32,11],[18,6],[116,9],[27,5],[150,16],[20,12],[170,10],[17,8],[132,13],[11,11],[146,9],[34,16],[21,12],[1,9],[134,15],[41,10],[0,9],[7,8],[10,11],[160,14],[179,11],[183,12],[24,18],[115,9],[8,11],[130,10],[56,14],[14,15],[5,11],[162,20],[184,12],[167,19],[148,18],[155,13],[35,14],[23,19],[70,15],[169,15],[158,13],[22,17],[9,14],[176,15],[40,15],[38,21],[175,23],[15,19],[85,14],[54,19],[177,14],[39,20],[3,16],[65,21],[26,23],[182,15],[159,20],[173,16],[6,19],[50,22],[153,10],[171,24],[12,17],[161,23],[48,21],[157,23],[4,18],[174,24],[165,18],[53,23],[36,24],[16,20],[2,20],[52,25],[37,23],[149,14],[51,24],[55,20],[181,28],[163,22],[13,26],[151,24],[180,28],[168,26],[172,30],[144,25],[178,31],[166,26],[156,33],[164,25]

