Experiment Name: Custom-ExampleOverflow
Method Used: FlowField
Run Number: 0
Preparation Time: 0.0003ms
Pathfinding Time: 29.0423ms
Finish Time: 79.96145ms
Finish Time 90%: 75.40134ms
Repaths: 0
Soft Repaths: 0

Gates Data:
0:[99,[6.147797,12.28854,0,[32.001,59.43428]]],[114,[6.650078,13.29503,0,[33.001,60.63505]]],[84,[6.166119,12.30499,0,[32.001,58.31836]]],[113,[7.220068,14.40539,0,[33.001,60.48669]]],[98,[6.715358,13.3707,0,[32.001,59.42534]]],[128,[7.257957,14.47841,0,[33.001,61.58879]]],[97,[7.262743,14.44805,0,[32.001,59.37215]]],[83,[6.729308,13.40841,0,[32.001,58.31744]]],[112,[7.772067,15.50152,0,[33.001,60.49361]]],[82,[7.293265,14.51416,0,[32.001,58.29025]]],[129,[6.66109,13.31861,0,[33.001,61.8955]]],[96,[7.811503,15.52224,0,[32.001,59.60423]]],[144,[6.694942,13.3838,0,[33.001,63.2827]]],[127,[7.809873,15.55624,0,[33.001,61.59349]]],[111,[8.341932,16.56187,0,[33.001,60.69464]]],[69,[6.203434,12.35476,0,[32.001,57.19422]]],[81,[7.863848,15.60408,0,[32.001,58.52139]]],[110,[8.887917,17.66063,0,[33.001,60.38801]]],[141,[8.366341,16.53792,0,[33.001,62.88426]]],[95,[8.34336,16.58765,0,[32.001,59.2937]]],[67,[7.33987,14.56851,0,[32.001,57.21044]]],[80,[8.504717,16.69016,0,[32.001,58.26102]]],[109,[9.445487,18.74426,0,[33.001,60.31192]]],[94,[8.899601,17.65356,0,[32.001,59.23849]]],[126,[8.386646,16.65774,0,[33.001,61.77888]]],[108,[9.997194,19.82583,0,[33.001,60.06498]]],[66,[8.085907,15.6466,0,[32.001,57.53964]]],[93,[9.501474,18.72736,0,[32.001,58.97203]]],[124,[9.673248,18.861,0,[33.001,61.28135]]],[140,[8.890007,17.61085,0,[33.001,62.5075]]],[92,[10.05484,19.80596,0,[32.001,59.05797]]],[79,[9.092048,17.76433,0,[32.001,58.2452]]],[78,[9.818444,18.8775,0,[32.001,58.05487]]],[123,[10.2962,19.96879,0,[33.001,60.97888]]],[107,[10.64525,20.93368,0,[33.001,60.12416]]],[68,[6.754033,13.44039,0,[32.001,57.20219]]],[91,[10.63834,20.9024,0,[32.001,59.42144]]],[154,[9.267145,17.78085,0,[33.001,63.31747]]],[77,[10.47757,19.95417,0,[32.001,58.36352]]],[122,[10.9811,21.07306,0,[33.001,60.99444]]],[136,[11.18829,21.90195,0,[33.001,62.01966]]],[125,[9.030578,17.76956,0,[33.001,61.44035]]],[121,[11.65077,22.15111,0,[33.001,61.34502]]],[106,[11.41672,22.04915,0,[33.001,60.35087]]],[120,[12.25701,23.2992,0,[33.001,61.83107]]],[139,[9.462254,18.69112,0,[33.001,62.2865]]],[52,[7.789867,14.83005,0,[32.001,56.62714]]],[76,[11.077,21.09472,0,[32.001,58.74527]]],[138,[10.09128,19.75773,0,[33.001,62.00068]]],[90,[11.3622,22.01476,0,[32.001,59.72948]]],[65,[8.78713,16.77209,0,[32.001,57.3253]]],[47,[11.52202,20.19585,0,[32.001,57.88699]]],[75,[11.99634,22.37467,0,[32.001,59.84428]]],[152,[10.61209,19.97312,0,[33.001,62.98577]]],[153,[9.923945,18.93566,0,[33.001,63.03001]]],[54,[6.338789,12.51166,0,[32.001,56.08228]]],[61,[11.72395,21.49169,0,[32.001,58.89301]]],[105,[12.18464,23.14779,0,[33.001,60.74102]]],[89,[12.56202,23.27363,0,[32.001,59.78048]]],[155,[8.593227,16.68432,0,[33.001,63.89026]]],[60,[12.32411,22.55194,0,[32.001,58.81196]]],[64,[9.389877,17.87486,0,[32.001,57.35888]]],[137,[10.64041,20.86652,0,[33.001,61.87385]]],[73,[13.83489,24.5037,0,[32.001,59.21621]]],[103,[13.44796,25.43192,0,[33.001,60.54549]]],[45,[12.13896,22.32119,0,[32.001,57.80208]]],[74,[12.88631,23.41998,0,[32.001,58.86127]]],[58,[14.38628,24.84453,0,[32.001,58.98212]]],[134,[12.86055,24.07148,0,[33.001,61.91151]]],[135,[11.75617,23.02192,0,[33.001,62.50643]]],[59,[13.34316,23.74582,0,[32.001,58.24029]]],[51,[8.380559,15.63989,0,[32.001,56.59779]]],[88,[13.31097,24.31555,0,[32.001,59.56897]]],[87,[14.5773,25.47862,0,[32.001,59.99141]]],[62,[10.90216,20.11943,0,[32.001,57.6632]]],[43,[13.91564,24.69575,0,[32.001,58.12817]]],[102,[14.53202,26.58115,0,[33.001,60.24149]]],[104,[12.87323,24.37679,0,[33.001,60.81644]]],[72,[14.95343,25.5691,0,[32.001,58.89038]]],[42,[14.55483,25.78367,0,[32.001,57.95422]]],[148,[13.50259,24.43451,0,[33.001,62.75355]]],[133,[14.03706,25.30199,0,[33.001,61.74232]]],[57,[15.46068,25.90626,0,[32.001,58.23518]]],[101,[15.62987,27.72863,0,[33.001,60.08927]]],[117,[15.10727,26.91339,0,[33.001,61.07691]]],[71,[15.52327,26.82377,0,[32.001,59.33317]]],[119,[13.44495,24.53205,0,[33.001,61.64849]]],[44,[12.70666,23.55334,0,[32.001,57.6904]]],[86,[16.41166,27.95404,0,[33.001,60.32588]]],[20,[15.72148,23.05031,0,[32.001,57.21741]]],[32,[13.96507,22.41309,0,[32.001,57.03927]]],[116,[15.80915,28.19723,0,[33.001,61.125]]],[41,[16.07426,27.41068,0,[32.001,59.25047]]],[53,[6.997696,13.4846,0,[32.001,56.08482]]],[146,[16.3977,27.51255,0,[33.001,61.44502]]],[30,[16.07718,25.25237,0,[32.001,58.14443]]],[118,[14.00124,25.73034,0,[33.001,60.61211]]],[56,[16.55241,27.63871,0,[32.001,59.80464]]],[130,[16.99598,29.13088,0,[33.001,60.90377]]],[49,[9.816955,17.84215,0,[32.001,56.696]]],[18,[16.59991,26.06492,0,[32.001,58.69127]]],[161,[12.95288,23.63548,0,[33.001,62.99841]]],[132,[14.56453,26.44878,0,[33.001,61.3529]]],[70,[17.55193,29.19178,0,[33.001,60.61005]]],[17,[17.1165,27.3755,0,[32.001,59.5005]]],[158,[18.26975,28.76896,0,[33.001,61.45026]]],[19,[15.05276,23.71425,0,[32.001,57.47198]]],[145,[17.67288,29.2765,0,[33.001,61.69524]]],[165,[12.50401,19.03868,0,[33.001,64.04587]]],[16,[17.22134,28.89103,0,[32.001,58.41337]]],[63,[10.2583,19.02,0,[32.001,57.35229]]],[169,[17.05895,28.52916,0,[33.001,62.00236]]],[28,[17.73932,28.15548,0,[32.001,59.24136]]],[55,[18.11978,30.23134,0,[33.001,60.33393]]],[40,[18.29549,29.58931,0,[32.001,59.79313]]],[174,[18.78299,27.08058,0,[33.001,62.24604]]],[100,[18.76743,29.07369,0,[33.001,60.90075]]],[181,[19.32189,28.21398,0,[33.001,61.49522]]],[85,[19.48027,29.57617,0,[33.001,60.14589]]],[29,[13.2461,24.90338,0,[32.001,57.14326]]],[115,[20.018,30.08458,0,[33.001,61.16399]]],[131,[15.35197,27.66644,0,[33.001,62.04743]]],[23,[14.51299,19.63181,0,[32.001,56.86205]]],[182,[16.93674,25.19962,0,[33.001,63.61951]]],[9,[16.75598,25.06187,0,[32.001,57.62173]]],[7,[18.02348,28.29054,0,[32.001,58.29668]]],[160,[14.23026,24.5134,0,[33.001,62.79282]]],[147,[14.75813,25.67067,0,[33.001,62.40276]]],[11,[16.2763,22.30545,0,[32.001,57.05041]]],[31,[12.53053,22.48898,0,[32.001,56.51341]]],[183,[18.05083,26.85159,0,[33.001,62.61758]]],[5,[18.09992,25.38207,0,[32.001,57.19221]]],[175,[15.82889,23.69164,0,[33.001,63.39939]]],[159,[15.89817,26.29977,0,[33.001,62.27578]]],[50,[9.103949,16.74621,0,[32.001,56.42606]]],[0,[18.569,29.96235,0,[32.001,58.83382]]],[3,[15.80983,22.84868,0,[32.001,56.03111]]],[178,[17.37775,28.268,0,[33.001,62.9111]]],[179,[16.50183,27.09804,0,[33.001,62.65289]]],[184,[17.80197,24.01565,0,[33.001,63.75781]]],[10,[17.50528,25.47794,0,[32.001,57.46034]]],[46,[11.90326,21.23374,0,[32.001,56.83536]]],[170,[15.2126,25.46509,0,[33.001,63.11304]]],[4,[19.49433,28.16834,0,[32.001,57.83846]]],[33,[11.2977,20.31729,0,[32.001,56.88639]]],[24,[11.97289,17.43572,0,[32.001,55.75747]]],[167,[19.27598,26.48827,0,[33.001,63.14829]]],[177,[19.86102,29.89937,0,[33.001,62.52607]]],[14,[14.03962,18.27412,0,[32.001,55.94301]]],[15,[17.03485,23.12268,0,[32.001,56.61044]]],[156,[7.943594,15.60204,0,[33.001,63.92321]]],[8,[18.78438,27.34836,0,[32.001,57.77491]]],[48,[10.68848,19.14747,0,[32.001,56.52086]]],[13,[16.50427,20.45969,0,[32.001,56.01805]]],[163,[13.17188,21.25977,0,[33.001,64.02712]]],[25,[18.31661,22.66093,0,[32.001,56.14684]]],[38,[11.24966,15.52128,0,[32.001,55.79954]]],[172,[15.24475,22.48451,0,[33.001,64.22176]]],[1,[19.25891,30.36124,0,[32.001,58.99927]]],[12,[17.56935,22.31462,0,[32.001,56.1626]]],[6,[19.69557,26.44105,0,[32.001,56.60146]]],[36,[9.53353,16.89754,0,[32.001,55.74294]]],[162,[11.79397,22.14028,0,[33.001,63.8862]]],[22,[14.72833,20.67711,0,[32.001,55.85242]]],[27,[19.74365,30.26582,0,[32.001,59.94705]]],[34,[13.15936,19.77631,0,[32.001,56.04253]]],[26,[18.94293,23.96246,0,[32.001,56.58892]]],[143,[7.286475,14.49554,0,[33.001,62.70111]]],[164,[10.36314,19.86198,0,[33.001,63.98732]]],[39,[7.968691,13.81655,0,[32.001,55.61614]]],[21,[15.23625,21.48393,0,[32.001,56.40118]]],[176,[16.37268,22.07738,0,[33.001,63.97729]]],[157,[7.383428,14.60553,0,[33.001,63.8012]]],[35,[10.21582,18.0019,0,[32.001,55.92667]]],[2,[20.05169,30.02939,0,[32.001,58.70211]]],[142,[7.826973,15.4812,0,[33.001,62.70349]]],[37,[8.690234,15.76586,0,[32.001,55.69963]]],[150,[11.28562,22.12587,0,[33.001,63.10785]]],[149,[12.31078,23.3611,0,[33.001,62.94895]]],[166,[9.742392,17.69446,0,[33.001,64.06345]]],[171,[13.81989,24.20206,0,[33.001,63.76648]]],[180,[14.55048,23.88531,0,[33.001,63.82579]]],[168,[9.091969,15.79562,0,[33.001,64.36911]]],[173,[18.54685,24.50323,0,[33.001,63.47849]]],[151,[11.07085,21.09273,0,[33.001,64.13657]]]
1:[99,[33.66045,67.30124,0,[87.001,59.11232]]],[114,[34.15986,68.31095,0,[88.001,60.2247]]],[84,[33.70015,67.33384,0,[87.001,58.00178]]],[113,[34.28372,68.44449,0,[87.001,59.62452]]],[98,[34.29921,68.43231,0,[87.001,58.50864]]],[128,[34.82057,69.51142,0,[88.001,60.81123]]],[97,[34.96593,69.46014,0,[87.001,59.1557]]],[83,[34.79025,68.61303,0,[87.001,57.99212]]],[112,[35.33957,70.52657,0,[88.001,60.23137]]],[82,[35.40223,69.56491,0,[87.001,58.4654]]],[129,[34.19147,68.36121,0,[88.001,61.35087]]],[96,[35.7688,70.563,0,[87.001,59.27498]]],[144,[34.65609,68.57522,0,[88.001,62.06748]]],[127,[35.6831,70.67983,0,[88.001,61.10693]]],[111,[35.97964,71.57872,0,[88.001,60.18148]]],[69,[35.80738,67.59038,0,[87.001,57.73977]]],[81,[36.17894,70.73901,0,[87.001,58.56453]]],[110,[36.63227,72.70568,0,[88.001,60.14458]]],[141,[36.0499,71.59523,0,[88.001,62.04152]]],[95,[36.5351,71.68452,0,[87.001,59.39918]]],[67,[36.54961,69.72945,0,[87.001,57.75561]]],[80,[36.91,71.8653,0,[87.001,58.59358]]],[109,[37.31689,73.8057,0,[88.001,60.34631]]],[94,[37.20241,72.78072,0,[87.001,59.54147]]],[126,[36.35345,71.67365,0,[88.001,61.10232]]],[108,[37.88868,73.84749,0,[87.001,59.74717]]],[66,[37.32998,70.9473,0,[87.001,57.84442]]],[93,[37.61325,73.76217,0,[87.001,58.79128]]],[124,[37.89122,73.93241,0,[88.001,60.61123]]],[140,[36.73026,72.64921,0,[88.001,62.20662]]],[92,[38.43707,74.86668,0,[87.001,59.28056]]],[79,[38.13458,72.88747,0,[87.001,58.14878]]],[78,[38.92195,74.13186,0,[87.001,58.7755]]],[123,[38.6085,74.98567,0,[88.001,60.7747]]],[107,[39.17839,75.9927,0,[88.001,60.36459]]],[68,[39.08743,69.49807,0,[87.001,57.73739]]],[91,[39.17738,76.05241,0,[87.001,59.74714]]],[154,[38.84145,73.36114,0,[88.001,61.79279]]],[77,[39.50426,75.14574,0,[87.001,58.54745]]],[122,[39.78651,76.19817,0,[88.001,60.83119]]],[136,[40.54007,77.21897,0,[88.00099,60.67321]]],[125,[36.97932,72.79002,0,[88.001,61.20805]]],[121,[40.42239,76.3866,0,[87.001,59.94434]]],[106,[39.78651,76.0905,0,[87.00099,59.4844]]],[120,[41.23519,78.42156,0,[88.001,60.91856]]],[139,[37.52091,73.72807,0,[88.001,61.68363]]],[52,[40.01279,71.14388,0,[87.001,57.90601]]],[76,[40.39142,76.22705,0,[87.001,58.83413]]],[138,[38.16671,74.85606,0,[88.00099,61.74499]]],[90,[41.00976,77.13103,0,[87.00099,59.42462]]],[65,[41.27799,72.98267,0,[87.001,58.50169]]],[47,[40.80676,75.51168,0,[87.00099,57.84793]]],[75,[41.59156,77.43763,0,[87.001,59.46888]]],[152,[40.83692,75.29973,0,[88.00099,61.96209]]],[153,[40.2535,74.57905,0,[88.001,61.64342]]],[54,[41.63067,69.73811,0,[87.001,57.65451]]],[61,[41.93099,76.60491,0,[87.001,58.57286]]],[105,[41.79608,78.18713,0,[88.001,60.56069]]],[89,[42.21528,78.54196,0,[87.001,59.55322]]],[155,[42.05218,71.93355,0,[88.001,62.51152]]],[60,[42.64099,77.9641,0,[87.001,58.79163]]],[64,[42.36951,73.55839,0,[87.001,57.82397]]],[137,[39.54911,75.9799,0,[88.00096,61.90353]]],[73,[43.01903,79.6998,0,[87.001,59.60423]]],[103,[42.45472,80.48974,0,[88.001,60.49479]]],[45,[43.06574,78.07552,0,[87.00099,57.98238]]],[74,[43.53888,78.66473,0,[87.001,58.96132]]],[58,[44.00652,80.07075,0,[87.00098,59.87971]]],[134,[42.66555,79.15912,0,[88.001,62.37365]]],[135,[41.54708,78.16761,0,[88.001,61.83554]]],[59,[44.20966,79.37485,0,[87.00099,58.7901]]],[51,[43.82604,72.579,0,[87.001,57.89293]]],[88,[43.22414,80.486,0,[88.00099,60.48423]]],[87,[45.14485,81.44159,0,[87.74117,59.99967]]],[62,[44.61955,75.92996,0,[87.00099,57.73049]]],[43,[44.98014,80.13023,0,[87.001,59.08674]]],[102,[44.08863,81.74036,0,[88.00099,60.46906]]],[104,[42.18679,79.4978,0,[88.001,61.45807]]],[72,[45.43048,80.9476,0,[87.00098,59.88124]]],[42,[45.33493,81.33587,0,[87.00096,57.95695]]],[148,[45.80214,80.14767,0,[88.00097,60.72278]]],[133,[43.40215,80.43008,0,[88.00099,62.17105]]],[57,[45.71651,81.37457,0,[87.00098,58.78723]]],[101,[46.19994,81.98762,0,[87.00098,59.78379]]],[117,[46.49653,82.09494,0,[88.00098,60.64017]]],[71,[46.46326,82.04626,0,[87.00099,58.73256]]],[119,[42.89075,79.63202,0,[88.00099,61.39121]]],[44,[46.12923,79.47516,0,[87.001,57.77087]]],[86,[47.41905,83.02544,0,[88.001,60.00208]]],[20,[46.89259,78.84465,0,[87.00099,57.73913]]],[32,[47.14064,78.58276,0,[87.001,59.0416]]],[116,[47.10373,83.35751,0,[88.001,61.01609]]],[41,[48.03548,83.58511,0,[87.88454,59.99985]]],[53,[47.58521,72.14856,0,[87.001,58.00677]]],[146,[48.03918,82.79746,0,[88.001,61.0897]]],[30,[47.81042,80.64063,0,[87.001,59.0331]]],[118,[43.76143,80.92368,0,[88.00098,61.34931]]],[56,[48.16943,82.75784,0,[87.001,59.96926]]],[130,[49.06881,84.38,0,[88.001,61.03168]]],[49,[48.32101,74.95246,0,[87.001,57.85903]]],[18,[48.53145,81.18269,0,[87.00099,58.9854]]],[161,[44.57906,79.54498,0,[88.001,62.09322]]],[132,[44.98721,81.81392,0,[88.00099,61.13379]]],[70,[49.53252,84.27756,0,[88.001,60.10902]]],[17,[49.31001,82.46323,0,[87.001,59.25]]],[158,[50.33913,84.1105,0,[88.00099,60.34533]]],[19,[49.05629,79.78636,0,[87.001,58.20422]]],[145,[49.82592,84.59482,0,[88.001,61.12782]]],[165,[45.77324,75.19335,0,[88.00093,62.52988]]],[16,[49.93641,84.4603,0,[87.001,58.66005]]],[63,[49.68663,76.00401,0,[87.001,57.60392]]],[169,[50.65644,84.30289,0,[88.00098,61.40847]]],[28,[50.37937,83.58427,0,[87.001,57.75684]]],[55,[50.22459,84.4792,0,[87.001,59.67362]]],[40,[50.72118,84.83869,0,[87.001,58.78812]]],[174,[51.25708,82.47446,0,[88.00098,60.66465]]],[100,[50.98462,83.3595,0,[87.001,59.81038]]],[181,[51.9789,83.73951,0,[88.001,60.65038]]],[85,[51.55345,83.77989,0,[87.00099,58.88799]]],[29,[51.09847,81.9047,0,[87.001,57.80461]]],[115,[51.82354,84.24081,0,[87.001,59.89674]]],[131,[47.65631,82.82803,0,[88.001,62.04341]]],[23,[52.18011,77.46469,0,[87.00098,58.06974]]],[182,[52.88058,82.77198,0,[88.00099,61.2006]]],[9,[52.4309,81.94472,0,[87.00098,59.21955]]],[7,[53.55581,85.94131,0,[88.00098,60.29426]]],[160,[46.80139,81.11887,0,[88.00091,62.06737]]],[147,[48.51271,81.72009,0,[88.001,62.18082]]],[11,[53.06031,80.3038,0,[87.00099,58.53986]]],[31,[52.82954,81.60278,0,[87.001,57.49205]]],[183,[53.81777,83.0266,0,[88.001,61.44313]]],[5,[53.32657,82.39429,0,[87.00099,59.57512]]],[175,[51.48909,80.40959,0,[88.00093,61.79505]]],[159,[49.41733,81.87116,0,[88.001,62.06953]]],[50,[53.78469,74.79971,0,[87.001,57.67836]]],[0,[54.35814,87.3659,0,[88.001,60.54158]]],[3,[54.02314,81.5388,0,[87.00099,58.72593]]],[178,[54.20615,85.76991,0,[87.00099,59.77961]]],[179,[52.20144,83.4664,0,[88.00096,62.23059]]],[184,[55.20348,82.26483,0,[88.001,60.71287]]],[10,[54.81686,82.74752,0,[87.00099,58.90781]]],[46,[54.61696,79.11314,0,[87.00099,57.86336]]],[170,[50.35279,82.36597,0,[88.00092,62.33424]]],[4,[55.02816,84.19861,0,[87.00099,59.9304]]],[33,[55.43614,79.52363,0,[87.001,57.9087]]],[24,[55.63258,78.42191,0,[87.001,58.9765]]],[167,[56.07079,83.13918,0,[88.00098,61.05367]]],[177,[56.72837,86.54236,0,[88.00098,60.07776]]],[14,[56.23315,78.09142,0,[87.001,58.12587]]],[15,[56.43475,82.05917,0,[87.00098,59.33059]]],[156,[57.01714,82.53104,0,[88.00096,61.30221]]],[8,[57.61834,85.07794,0,[88.00098,60.26638]]],[48,[56.82894,77.7153,0,[87.00099,57.43494]]],[13,[57.09497,80.56694,0,[87.001,58.41288]]],[163,[57.94706,85.16247,0,[88.001,61.36709]]],[25,[57.37861,81.07471,0,[87.00099,59.53482]]],[38,[57.92687,77.02124,0,[87.001,57.70132]]],[172,[53.04381,80.20708,0,[88.001,62.34826]]],[1,[58.43989,88.29966,0,[88.00099,60.58088]]],[12,[58.16133,81.73357,0,[87.001,58.772]]],[6,[58.39814,83.35591,0,[87.00099,59.91677]]],[36,[58.91822,78.66193,0,[87.001,57.92841]]],[162,[56.30756,83.61088,0,[88.00098,62.18039]]],[22,[59.05336,82.94125,0,[87.00098,59.26608]]],[27,[60.0628,88.23013,0,[88.00098,60.76294]]],[34,[59.71923,82.93089,0,[87.00098,58.6713]]],[26,[59.89558,81.76852,0,[87.001,59.87456]]],[143,[35.2608,69.61281,0,[88.001,61.80823]]],[164,[60.89681,89.67509,0,[88.001,60.98249]]],[39,[60.2748,83.75625,0,[87.001,57.82942]]],[21,[60.55549,84.21683,0,[87.001,59.06047]]],[176,[54.63936,80.96819,0,[88.00099,61.59696]]],[157,[61.54083,87.67364,0,[88.00099,60.16869]]],[35,[61.37881,87.31255,0,[87.00098,58.34657]]],[2,[61.61301,86.59038,0,[87.00098,59.63381]]],[142,[59.15166,86.47092,0,[88.001,61.16584]]],[37,[62.61073,81.35147,0,[87.001,58.59228]]],[150,[59.5948,88.949,0,[88.001,62.17972]]],[149,[62.16016,90.18188,0,[88.00099,60.97637]]],[166,[62.94139,83.66648,0,[87.001,59.9138]]],[171,[55.41612,80.55372,0,[88.00099,61.86818]]],[180,[64.05753,84.85885,0,[88.001,61.0107]]],[168,[58.10015,82.86236,0,[88.00083,62.40004]]],[173,[61.25261,82.51514,0,[88.00098,61.97011]]],[151,[54.13391,82.16174,0,[88.001,62.51336]]]

Travel Distances:
[99,91.92918],[114,91.90646],[84,91.87611],[113,91.81033],[98,93.78405],[128,92.73066],[97,93.40201],[83,92.86064],[112,94.32587],[82,94.58018],[129,92.16389],[96,94.54053],[144,91.555],[127,95.02846],[111,95.74395],[69,93.32418],[81,95.54543],[110,95.42068],[141,94.66676],[95,95.30314],[67,95.96099],[80,96.99704],[109,97.51053],[94,97.19426],[126,94.83125],[108,97.37309],[66,96.71315],[93,98.829],[124,97.51625],[140,96.38726],[92,99.09492],[79,97.22547],[78,97.68453],[123,99.36599],[107,99.83277],[68,94.44733],[91,100.4188],[154,96.1327],[77,100.796],[122,100.4883],[136,100.3257],[125,96.17387],[121,100.1529],[106,100.5735],[120,102.5137],[139,98.11552],[52,96.16261],[76,100.5892],[138,98.50871],[90,100.796],[65,98.07144],[47,101.1945],[75,101.8407],[152,99.2713],[153,98.44045],[54,94.10855],[61,100.1727],[105,100.621],[89,103.083],[155,95.92575],[60,102.253],[64,98.61333],[137,99.87252],[73,103.0792],[103,102.7869],[45,103.5367],[74,103.2592],[58,104.1212],[134,102.5009],[135,101.2055],[59,104.6079],[51,98.42434],[88,104.1952],[87,105.1926],[62,100.4991],[43,103.9585],[102,106.1278],[104,103.9479],[72,105.6214],[42,106.3472],[148,103.2044],[133,103.2746],[57,105.2398],[101,107.3238],[117,105.8732],[71,106.1421],[119,103.0475],[44,104.1104],[86,105.4697],[20,104.2713],[32,103.3594],[116,106.6172],[41,106.3294],[53,96.38041],[146,106.7481],[30,105.8317],[118,104.5475],[56,107.1258],[130,107.0803],[49,100.8343],[18,106.3663],[161,104.2194],[132,105.8408],[70,107.8509],[17,106.3872],[158,106.5235],[19,106.245],[145,108.7747],[165,99.89668],[16,109.0553],[63,101.0203],[169,107.4901],[28,107.4522],[55,107.9166],[40,109.5223],[174,106.047],[100,107.6192],[181,108.0422],[85,108.9541],[29,107.5423],[115,108.3378],[131,106.3987],[23,101.8631],[182,105.2508],[9,107.3789],[7,109.762],[160,105.2298],[147,105.3582],[11,104.2204],[31,106.0634],[183,105.5352],[5,107.0608],[175,104.0179],[159,105.7628],[50,99.91105],[0,110.2433],[3,107.457],[178,111.0156],[179,107.6736],[184,105.6025],[10,106.8228],[46,103.8028],[170,105.3733],[4,109.3768],[33,104.9528],[24,103.0353],[167,106.3723],[177,109.3938],[14,102.142],[15,107.4262],[156,106.3161],[8,108.5548],[48,102.3387],[13,104.358],[163,109.6742],[25,105.8388],[38,101.9674],[172,103.4449],[1,111.0534],[12,105.6462],[6,108.6612],[36,103.3882],[162,107.8657],[22,107.0052],[27,112.2518],[34,108.3285],[26,106.2969],[143,95.94987],[164,112.4356],[39,109.3788],[21,109.1796],[176,105.3872],[157,110.8201],[35,111.3527],[2,111.7706],[142,110.5524],[37,105.611],[150,112.8783],[149,114.3229],[166,108.8677],[171,105.7512],[180,110.1424],[168,108.5575],[173,106.689],[151,108.6076]

Finish Times:
[99,47.2407],[114,47.2807],[84,47.52071],[113,47.88071],[98,48.00072],[128,48.56073],[97,48.64073],[83,48.80074],[112,49.16074],[82,49.24075],[129,49.28075],[96,49.64075],[144,49.80076],[127,49.96076],[111,50.04076],[69,50.08076],[81,50.32077],[110,50.68078],[141,50.72078],[95,50.76078],[67,51.04079],[80,51.24079],[109,51.24079],[94,51.4408],[126,51.6808],[108,51.8008],[66,52.08081],[93,52.12081],[124,52.28082],[140,52.36082],[92,52.44082],[79,52.80083],[78,52.88083],[123,53.04083],[107,53.20084],[68,53.48084],[91,53.52084],[154,53.88085],[77,54.04086],[122,54.16086],[136,54.56087],[125,54.64087],[121,54.84087],[106,54.88087],[120,55.12088],[139,55.20088],[52,55.40089],[76,55.44089],[138,55.60089],[90,55.72089],[65,56.1209],[47,56.28091],[75,56.32091],[152,56.36091],[153,56.36091],[54,56.72092],[61,56.84092],[105,56.88092],[89,57.32093],[155,57.32093],[60,57.64094],[64,57.64094],[137,57.64094],[73,57.92094],[103,57.92094],[45,58.44096],[74,58.48096],[58,58.56096],[134,58.56096],[135,58.68096],[59,59.04097],[51,59.32098],[88,59.32098],[87,59.36098],[62,59.64098],[43,59.80099],[102,59.96099],[104,60.08099],[72,60.361],[42,60.561],[148,60.60101],[133,60.84101],[57,60.92101],[101,60.96101],[117,61.24102],[71,61.56103],[119,61.68103],[44,61.72103],[86,61.92104],[20,62.04104],[32,62.24104],[116,62.56105],[41,62.84106],[53,62.88106],[146,63.20107],[30,63.28107],[118,63.44107],[56,63.56107],[130,63.80108],[49,64.16109],[18,64.20109],[161,64.20109],[132,64.32109],[70,64.36109],[17,64.8411],[158,64.9211],[19,64.96111],[145,65.16111],[165,65.16111],[16,65.36111],[63,65.56112],[169,65.60112],[28,65.92113],[55,65.92113],[40,66.40114],[174,66.40114],[100,66.48114],[181,67.04115],[85,67.08115],[29,67.16116],[115,67.60117],[131,67.60117],[23,67.80117],[182,67.92117],[9,68.04118],[7,68.20118],[160,68.48119],[147,68.64119],[11,68.72119],[31,68.80119],[183,68.9212],[5,69.36121],[175,69.40121],[159,69.48121],[50,69.56121],[0,69.64121],[3,70.00122],[178,70.08122],[179,70.20123],[184,70.44123],[10,70.60123],[46,70.80124],[170,70.92124],[4,71.00124],[33,71.08125],[24,71.32125],[167,71.56126],[177,71.64126],[14,71.92126],[15,71.96127],[156,72.28127],[8,72.36127],[48,72.60128],[13,72.76128],[163,72.96129],[25,73.20129],[38,73.4813],[172,73.6813],[1,73.72131],[12,73.76131],[6,74.00131],[36,74.48132],[162,74.48132],[22,74.64133],[27,75.08134],[34,75.20134],[26,75.40134],[143,75.60135],[164,75.72135],[39,76.04136],[21,76.12136],[176,76.36137],[157,76.52137],[35,76.76138],[2,77.00138],[142,77.12138],[37,77.60139],[150,77.60139],[149,78.24141],[166,78.40141],[171,78.48141],[180,79.04143],[168,79.08143],[173,79.76144],[151,79.96145]

Stuck Times:
[99,0],[114,0],[84,0],[113,0],[98,0],[128,0],[97,0],[83,0],[112,0],[82,0],[129,2],[96,0],[144,2],[127,1],[111,0],[69,2],[81,0],[110,0],[141,0],[95,0],[67,2],[80,0],[109,0],[94,0],[126,2],[108,0],[66,1],[93,0],[124,0],[140,1],[92,0],[79,0],[78,0],[123,0],[107,0],[68,5],[91,0],[154,1],[77,0],[122,0],[136,0],[125,4],[121,0],[106,1],[120,0],[139,5],[52,5],[76,0],[138,3],[90,1],[65,5],[47,2],[75,1],[152,2],[153,3],[54,8],[61,1],[105,3],[89,1],[155,7],[60,2],[64,5],[137,5],[73,0],[103,2],[45,3],[74,2],[58,0],[134,3],[135,5],[59,1],[51,8],[88,3],[87,1],[62,7],[43,0],[102,2],[104,5],[72,1],[42,1],[148,5],[133,6],[57,0],[101,2],[117,5],[71,2],[119,6],[44,3],[86,5],[20,5],[32,5],[116,5],[41,1],[53,13],[146,6],[30,4],[118,7],[56,5],[130,5],[49,10],[18,7],[161,9],[132,10],[70,7],[17,5],[158,7],[19,6],[145,6],[165,15],[16,4],[63,15],[169,6],[28,9],[55,6],[40,5],[174,7],[100,7],[181,8],[85,9],[29,11],[115,8],[131,13],[23,15],[182,10],[9,11],[7,9],[160,12],[147,15],[11,13],[31,10],[183,10],[5,13],[175,13],[159,16],[50,16],[0,8],[3,13],[178,12],[179,13],[184,13],[10,13],[46,14],[170,19],[4,12],[33,17],[24,17],[167,15],[177,12],[14,20],[15,15],[156,17],[8,17],[48,19],[13,17],[163,17],[25,19],[38,22],[172,22],[1,10],[12,16],[6,17],[36,23],[162,19],[22,18],[27,15],[34,20],[26,22],[143,28],[164,16],[39,21],[21,22],[176,23],[157,24],[35,18],[2,17],[142,19],[37,24],[150,21],[149,20],[166,22],[171,21],[180,25],[168,28],[173,27],[151,27]

