Experiment Name: Custom-SimpleTwoPaths
Method Used: FlowField
Run Number: 8
Preparation Time: 0.0003ms
Pathfinding Time: 21.6ms
Finish Time: 87.76163ms
Finish Time 90%: 84.72156ms
Repaths: 0
Soft Repaths: 0

Gates Data:
0:[95,[14.40173,28.7931,0,[38.00066,33.74184]]],[81,[13.21646,26.42978,0,[38.00065,30.59163]]],[80,[14.16287,28.31462,0,[38.00066,32.14068]]],[94,[15.2552,30.48934,0,[38.00068,35.01249]]],[79,[14.99905,29.97615,0,[38.00066,33.35974]]],[69,[13.03311,26.06219,0,[38.07719,29.00075]]],[68,[13.98976,27.97087,0,[38.00066,30.6815]]],[93,[16.04016,32.02373,0,[38.00068,35.9511]]],[107,[16.10694,32.18902,0,[38.00068,37.23142]]],[78,[15.81037,31.58838,0,[38.00068,34.55596]]],[67,[14.89697,29.77697,0,[38.00066,31.9761]]],[59,[13.80899,27.60663,0,[39.00068,28.99989]]],[92,[16.73578,33.0865,0,[38.00068,36.41192]]],[149,[16.37715,32.68929,0,[37.17733,38.00073]]],[77,[16.4873,32.6716,0,[38.00068,34.93167]]],[66,[15.7245,31.42306,0,[38.00068,33.22927]]],[58,[14.0458,28.07307,0,[38.00067,29.60327]]],[56,[15.72425,31.39972,0,[38.00068,32.04256]]],[106,[16.75695,33.23277,0,[38.00068,37.52387]]],[57,[14.90235,29.7779,0,[38.00067,30.77332]]],[158,[16.80699,33.51781,0,[37.00068,39.39]]],[65,[16.41956,32.60994,0,[38.00068,33.64163]]],[47,[14.42863,28.83586,0,[38.73932,29.00074]]],[91,[17.26714,33.81447,0,[38.00069,36.38868]]],[45,[15.59787,31.10803,0,[38.00068,30.75623]]],[138,[17.03347,33.58155,0,[37.28996,38.00072]]],[76,[17.15262,33.56451,0,[38.00069,35.15902]]],[55,[16.49022,32.65051,0,[38.00068,32.59437]]],[48,[13.71736,27.35808,0,[39.00068,27.61326]]],[105,[17.71956,34.41439,0,[38.00069,37.91736]]],[90,[18.03052,35.13945,0,[38.00071,37.18026]]],[64,[17.20691,33.77539,0,[38.00068,34.1306]]],[44,[16.35398,32.46591,0,[38.00068,31.32626]]],[75,[17.87568,34.72801,0,[38.00068,35.71903]]],[46,[14.77743,29.5187,0,[38.00067,29.41669]]],[54,[17.34189,33.80159,0,[38.00068,33.23978]]],[137,[17.58358,34.43382,0,[37.0007,38.45623]]],[63,[18.02522,35.09442,0,[38.00069,34.83604]]],[35,[15.50121,30.57437,0,[38.76484,29.00073]]],[43,[17.06277,33.56379,0,[38.00068,31.80838]]],[116,[18.61341,35.91489,0,[38.00067,37.25436]]],[53,[18.1381,35.09789,0,[38.00068,33.89112]]],[42,[17.7991,34.92974,0,[38.00068,32.40815]]],[34,[15.66554,31.19848,0,[38.00069,29.72859]]],[89,[18.7422,35.45736,0,[38.00069,36.33395]]],[74,[18.86872,35.46888,0,[38.00068,35.42934]]],[148,[17.3099,34.25039,0,[37.00069,39.26759]]],[32,[17.13128,33.5379,0,[38.00068,30.77488]]],[33,[16.37352,32.40205,0,[38.00068,30.16458]]],[104,[19.51706,36.89557,0,[38.00029,37.00072]]],[52,[18.54734,35.31963,0,[38.00071,33.06889]]],[115,[19.36049,37.12894,0,[38.0007,37.87947]]],[24,[15.99463,31.72226,0,[38.44251,29.00072]]],[31,[17.94553,34.91955,0,[38.00067,31.45878]]],[62,[19.04496,35.96823,0,[38.0007,34.6039]]],[30,[18.72376,36.26472,0,[38.00068,32.08994]]],[126,[18.54744,35.09287,0,[37.23991,38.00075]]],[21,[18.13638,35.37876,0,[38.00068,30.46361]]],[22,[17.28669,33.74975,0,[38.00067,29.76663]]],[73,[19.70981,37.07443,0,[38.0007,36.14625]]],[41,[19.29919,36.86938,0,[38.0007,33.6736]]],[103,[20.29058,38.04832,0,[38.00074,37.67288]]],[87,[19.80288,37.48269,0,[38.00072,33.48106]]],[113,[20.23595,38.25264,0,[37.00074,38.1876]]],[23,[16.49077,32.43793,0,[38.00068,29.12802]]],[61,[19.84365,37.62371,0,[38.0007,35.21147]]],[114,[19.71183,37.74347,0,[37.43129,38.00072]]],[86,[20.35887,38.84278,0,[38.00071,34.99408]]],[88,[20.46232,38.25867,0,[38.00072,36.70195]]],[99,[21.33155,40.38044,0,[38.00072,36.07513]]],[25,[15.58738,30.64283,0,[39.0007,27.83554]]],[50,[19.69816,36.74453,0,[38.00072,31.50568]]],[124,[19.89882,37.40162,0,[37.00069,39.1186]]],[101,[20.94583,38.88165,0,[38.00071,36.49989]]],[72,[20.24064,38.66318,0,[38.00071,33.03479]]],[51,[19.23139,35.90396,0,[38.00072,31.9656]]],[102,[20.95458,39.29575,0,[37.82135,38.00069]]],[13,[17.55929,34.25932,0,[38.62184,29.00073]]],[111,[21.76748,39.87136,0,[38.0007,35.76612]]],[29,[18.92889,36.67587,0,[38.00072,30.54252]]],[15,[16.42657,32.52519,0,[39.00068,28.51475]]],[14,[17.12536,33.66494,0,[39.00068,28.91282]]],[100,[20.7871,38.80796,0,[38.00072,34.558]]],[145,[20.68654,37.05361,0,[37.00074,39.63491]]],[112,[21.58371,40.0407,0,[38.00072,37.97047]]],[16,[15.80717,30.84023,0,[39.00068,26.87988]]],[120,[22.41223,40.71444,0,[38.00071,35.84019]]],[84,[20.73561,39.35328,0,[38.0007,32.69039]]],[122,[21.99234,39.27762,0,[38.00072,37.52134]]],[98,[21.37887,40.59958,0,[38.0007,34.25702]]],[6,[17.27811,33.63298,0,[39.00069,27.53342]]],[36,[14.96463,29.70987,0,[39.00067,28.7214]]],[132,[21.88696,38.91409,0,[37.00072,38.04078]]],[121,[22.46696,40.19752,0,[38.0007,37.25698]]],[131,[22.4958,40.26435,0,[37.18847,38.00072]]],[130,[23.22081,42.40604,0,[38.00073,37.91454]]],[39,[20.14641,37.98272,0,[38.0007,31.09615]]],[7,[16.5405,32.40841,0,[39.00067,27.24168]]],[160,[24.48882,42.93746,0,[37.68304,38.00066]]],[118,[22.8819,42.6553,0,[38.00072,35.33097]]],[142,[22.97328,39.86676,0,[37.00069,39.40443]]],[12,[17.87015,34.99031,0,[38.00068,29.03489]]],[83,[21.33224,40.8475,0,[38.0007,32.52847]]],[119,[23.18761,42.14162,0,[38.00072,36.77502]]],[110,[21.99942,40.43158,0,[38.0007,34.19308]]],[133,[21.49319,38.17043,0,[37.00072,38.47091]]],[26,[14.8382,29.429,0,[39.00068,27.26324]]],[40,[19.34367,35.84438,0,[38.00072,29.85102]]],[168,[25.21126,44.3109,0,[38.00072,37.85494]]],[140,[23.90382,42.8832,0,[38.00076,37.308]]],[152,[23.15287,39.62753,0,[37.00075,38.5503]]],[5,[18.15764,35.25322,0,[39.00069,28.50453]]],[109,[22.8248,41.63306,0,[38.00072,34.13711]]],[141,[23.57158,41.22699,0,[37.32956,38.00064]]],[129,[23.58528,42.62613,0,[38.00076,35.77622]]],[135,[19.71115,37.08047,0,[37.00069,39.93927]]],[28,[19.76135,37.77861,0,[38.00072,29.08523]]],[97,[22.08484,41.36606,0,[38.00071,32.70793]]],[170,[24.86098,39.05064,0,[37.00074,38.57698]]],[159,[25.04161,44.80356,0,[38.00073,36.41352]]],[143,[22.44922,38.92556,0,[37.00071,39.57242]]],[11,[18.72543,36.64626,0,[39.00073,28.47589]]],[171,[23.90885,37.39006,0,[37.00086,39.39642]]],[60,[12.77083,25.52439,0,[39.00067,27.33237]]],[153,[23.26101,39.24015,0,[37.00075,41.01384]]],[150,[24.3914,44.43688,0,[38.00075,36.77494]]],[20,[18.44641,35.59837,0,[38.00072,29.03286]]],[169,[25.37322,40.81755,0,[37.00074,38.1771]]],[8,[16.13528,30.83869,0,[39.00068,25.63619]]],[175,[25.8351,46.7534,0,[38.00073,36.05267]]],[125,[19.1142,35.89488,0,[37.00069,38.37397]]],[128,[24.07852,44.66708,0,[38.00074,35.2073]]],[19,[19.41422,37.62185,0,[38.78234,29.0007]]],[151,[24.27307,41.54229,0,[37.00075,38.81153]]],[117,[23.27394,44.14262,0,[38.00073,33.70641]]],[123,[21.00419,38.06456,0,[37.00069,38.68425]]],[85,[20.62956,37.74093,0,[38.00071,30.78814]]],[161,[24.80516,40.47659,0,[37.00076,40.50468]]],[4,[18.56911,35.87337,0,[39.00072,27.15165]]],[165,[20.39606,35.87245,0,[37.00072,41.45137]]],[71,[20.54442,37.92302,0,[38.00071,29.15134]]],[154,[22.53417,38.77551,0,[37.0007,41.43651]]],[176,[25.96463,44.6516,0,[38.00075,37.65445]]],[134,[21.49647,38.32828,0,[37.00069,40.24024]]],[3,[19.5091,38.11384,0,[39.0007,27.87267]]],[10,[20.32155,38.97389,0,[39.00071,28.29555]]],[136,[18.96172,35.80463,0,[37.00066,39.38388]]],[173,[26.02143,38.71857,0,[37.00071,40.02459]]],[108,[23.78369,42.8494,0,[38.00073,32.68062]]],[144,[22.03086,38.26318,0,[37.00072,39.96519]]],[49,[12.88622,25.49479,0,[39.00067,25.8987]]],[174,[18.3453,34.43376,0,[37.0007,41.41149]]],[82,[21.89716,41.33498,0,[38.00074,30.01537]]],[96,[22.65446,42.60981,0,[38.00074,31.95448]]],[146,[19.49757,36.97665,0,[37.00069,40.96616]]],[139,[24.59461,45.68014,0,[38.00072,34.6457]]],[9,[17.63931,30.57232,0,[39.00072,25.45431]]],[17,[14.88164,29.36545,0,[39.00071,25.87885]]],[177,[26.72589,43.26731,0,[37.87323,38.00066]]],[147,[18.36566,34.9961,0,[37.00074,39.34802]]],[2,[18.62262,32.45528,0,[39.00072,25.86552]]],[27,[14.14435,27.75039,0,[39.00072,25.51179]]],[156,[18.89308,36.24464,0,[37.00073,40.9238]]],[155,[20.69325,37.13871,0,[37.00071,40.7507]]],[38,[13.46641,26.58519,0,[39.00068,25.50662]]],[70,[21.39148,40.13329,0,[38.00071,30.95184]]],[162,[23.91632,38.75896,0,[37.00081,40.52242]]],[164,[21.47293,36.78429,0,[37.00071,41.30969]]],[172,[26.28888,40.30463,0,[37.00074,38.93716]]],[0,[17.79285,34.91129,0,[39.00069,26.90829]]],[166,[17.60309,34.6313,0,[37.00069,40.81979]]],[167,[16.77926,33.47199,0,[37.00069,40.447]]],[37,[14.17377,28.0889,0,[39.00069,27.18183]]],[1,[16.88071,33.02958,0,[39.00068,25.78725]]],[157,[18.06801,34.73672,0,[37.0007,40.00555]]],[18,[15.30179,29.10131,0,[39.00065,25.2231]]],[163,[25.43051,37.44017,0,[37.00067,40.31548]]]
2:[95,[51.21357,102.3382,0,[87.59749,88.00071]]],[81,[50.60045,101.1439,0,[88.00071,86.03854]]],[80,[51.4034,102.703,0,[88.0007,87.16206]]],[94,[51.56827,102.9325,0,[87.00071,88.31908]]],[79,[52.22369,104.0547,0,[87.94689,88.0007]]],[69,[50.95187,101.3867,0,[88.00069,85.25779]]],[68,[51.75894,102.9809,0,[88.0007,86.49566]]],[93,[52.25857,103.9742,0,[87.0007,88.54192]]],[107,[52.21613,104.133,0,[87.00072,89.83661]]],[78,[52.76673,104.6511,0,[87.74654,88.0007]]],[67,[52.39696,104.002,0,[88.00071,86.69382]]],[59,[51.67863,102.4147,0,[88.00069,85.12998]]],[92,[52.95779,104.8497,0,[87.00071,88.74501]]],[149,[53.03387,105.077,0,[87.00072,90.0278]]],[77,[53.27801,105.3858,0,[87.61499,88.0007]]],[66,[53.04504,104.7576,0,[88.00069,86.78071]]],[58,[52.37852,103.1677,0,[88.00073,85.2974]]],[56,[53.95141,106.5012,0,[87.98322,88.00072]]],[106,[53.61616,104.4389,0,[87.00072,88.69398]]],[57,[53.57125,104.7059,0,[88.00069,86.50008]]],[158,[53.84256,105.3619,0,[87.00072,90.05989]]],[65,[54.54524,106.5524,0,[88.0007,87.97725]]],[47,[52.87139,103.6083,0,[88.0007,84.95222]]],[91,[54.03382,105.4618,0,[87.00069,88.32927]]],[45,[54.11792,106.1454,0,[88.00071,86.45164]]],[138,[54.63596,105.9433,0,[87.00072,89.98394]]],[76,[54.80806,106.0102,0,[87.32804,88.00069]]],[55,[54.85985,106.7429,0,[88.00072,87.13884]]],[48,[53.5274,103.5488,0,[88.00069,84.88383]]],[105,[54.82677,105.5501,0,[87.0007,89.08324]]],[90,[55.34542,106.4945,0,[87.00074,88.73058]]],[64,[55.62696,107.3249,0,[87.93332,88.00069]]],[44,[55.11249,107.0553,0,[88.00072,86.43338]]],[75,[55.77556,106.7726,0,[87.00072,88.38934]]],[46,[54.30074,104.7978,0,[88.00072,85.2621]]],[54,[55.84052,107.3588,0,[88.00072,87.01758]]],[137,[55.75543,106.7707,0,[87.00073,90.18816]]],[63,[56.27171,107.898,0,[87.55646,88.00072]]],[35,[54.93584,105.5805,0,[88.00069,85.09924]]],[43,[56.29684,107.9743,0,[88.00069,86.72576]]],[116,[56.67605,107.481,0,[87.00075,89.01088]]],[127,[56.45247,106.8987,0,[87.00068,89.98267]]],[53,[56.89277,108.7201,0,[87.74488,88.00072]]],[42,[56.94943,109.0262,0,[88.00069,86.97858]]],[34,[55.58165,106.2493,0,[88.00071,85.20174]]],[89,[57.14816,107.2334,0,[87.00072,88.5591]]],[74,[57.55393,107.9932,0,[87.7383,88.00069]]],[148,[57.55667,106.5519,0,[87.00072,90.05689]]],[32,[57.36496,108.6027,0,[88.00073,86.61723]]],[33,[56.2973,107.0863,0,[88.0007,85.34232]]],[104,[57.84015,108.2573,0,[87.00071,88.47117]]],[52,[58.19889,109.8043,0,[88.00071,87.96899]]],[115,[58.10727,108.8524,0,[87.00071,89.88099]]],[24,[56.82174,106.7912,0,[88.00071,85.08119]]],[31,[57.89391,109.4499,0,[88.0007,86.5263]]],[62,[58.4103,108.9469,0,[87.00071,88.42457]]],[30,[58.75231,111.3715,0,[88.0007,87.92596]]],[126,[58.78623,107.4642,0,[87.00072,89.93365]]],[21,[58.4396,110.6386,0,[88.00071,86.46653]]],[22,[57.44307,108.3999,0,[88.00069,84.97392]]],[73,[58.96453,109.0177,0,[87.00069,88.38311]]],[41,[59.29893,110.7852,0,[88.00071,87.88236]]],[103,[59.39743,110.0067,0,[87.00071,89.91685]]],[87,[59.00558,110.4603,0,[88.00071,86.44575]]],[113,[59.55867,110.2209,0,[87.00072,88.48233]]],[23,[58.11616,107.8145,0,[88.0007,85.00639]]],[61,[59.90288,110.4931,0,[88.00072,87.97975]]],[114,[60.00834,109.9565,0,[87.00048,90.0007]]],[86,[59.60869,110.8713,0,[88.00072,86.55643]]],[88,[60.15764,110.2347,0,[87.00072,88.49201]]],[99,[60.47152,112.8096,0,[88.00073,87.9656]]],[25,[58.78299,107.0234,0,[88.0007,85.00999]]],[50,[60.20707,111.3919,0,[88.00073,86.5652]]],[124,[60.59711,109.9322,0,[87.00072,90.0033]]],[101,[60.77329,110.7016,0,[87.00071,88.39668]]],[72,[61.02173,113.0961,0,[88.0007,87.85633]]],[51,[59.43664,109.0965,0,[88.00072,85.16754]]],[102,[61.15675,111.6813,0,[87.00069,89.90245]]],[13,[60.65493,110.6817,0,[88.00069,86.24883]]],[111,[61.21293,111.8864,0,[87.00069,88.08862]]],[29,[61.45334,113.0045,0,[88.00069,87.55342]]],[15,[59.88657,108.0688,0,[88.0007,84.78957]]],[14,[61.38588,111.1624,0,[88.00069,86.36713]]],[100,[61.96795,112.1105,0,[87.65407,88.00071]]],[145,[61.79451,109.1469,0,[87.00068,90.01308]]],[112,[62.02367,111.5958,0,[87.00072,89.27745]]],[16,[60.62686,108.6552,0,[88.0007,84.90419]]],[120,[62.59247,113.0104,0,[87.84298,88.00069]]],[84,[62.04577,113.243,0,[88.00072,86.67825]]],[122,[62.28583,110.4165,0,[87.00072,88.60158]]],[98,[62.92242,113.744,0,[88.00071,87.40208]]],[6,[62.25536,111.7633,0,[88.00072,85.88828]]],[36,[61.45406,105.6513,0,[88.00069,84.98269]]],[132,[62.82296,111.6951,0,[87.00072,90.15739]]],[121,[62.78572,111.5178,0,[87.00072,88.43124]]],[131,[63.36625,112.6342,0,[87.00071,89.99686]]],[130,[63.23753,112.9881,0,[87.33578,88.00072]]],[39,[63.0451,112.9087,0,[88.00068,86.47828]]],[7,[62.3254,110.0714,0,[88.00072,84.87386]]],[160,[63.79332,113.8955,0,[87.0007,88.56631]]],[118,[63.88234,115.3696,0,[88.00069,87.81627]]],[142,[63.83162,111.9648,0,[87.00069,89.7269]]],[12,[63.11438,111.2026,0,[88.0007,85.40422]]],[83,[63.91044,115.1456,0,[88.0007,86.74714]]],[119,[64.13153,113.3212,0,[87.11521,88.00072]]],[110,[64.69891,113.9545,0,[88.00071,87.69973]]],[133,[64.60278,111.1088,0,[87.0007,89.99373]]],[26,[63.55844,107.7726,0,[88.0007,84.99973]]],[40,[64.39108,112.1717,0,[88.00069,86.25349]]],[168,[64.7913,114.6259,0,[87.00071,88.14117]]],[140,[65.27394,114.145,0,[88.00069,87.70466]]],[152,[64.99255,111.8438,0,[87.00069,89.50199]]],[5,[64.27448,111.4075,0,[88.00071,84.91877]]],[109,[65.08172,114.4029,0,[88.00069,86.3295]]],[141,[65.40477,112.7776,0,[87.00073,88.23073]]],[129,[65.91398,115.132,0,[88.0007,87.76278]]],[135,[65.71106,110.8128,0,[87.00072,89.75978]]],[28,[65.1027,114.0835,0,[88.00071,85.16053]]],[97,[65.90515,116.0468,0,[88.00069,86.58351]]],[170,[65.98622,110.6293,0,[87.00069,88.17773]]],[159,[66.6606,117.2259,0,[88.00072,87.95499]]],[143,[66.31842,111.4436,0,[87.0007,89.728]]],[11,[66.58775,115.0051,0,[88.00069,86.59756]]],[171,[66.74732,109.6959,0,[87.00069,88.43253]]],[60,[65.80859,102.3967,0,[88.00069,85.13202]]],[153,[66.96846,111.1541,0,[87.00069,89.80548]]],[150,[67.24072,116.7782,0,[87.88298,88.00069]]],[20,[67.21319,114.4536,0,[88.0007,86.74153]]],[169,[67.41519,112.5353,0,[87.00069,88.65931]]],[8,[66.5158,110.5838,0,[88.00072,85.12444]]],[175,[67.71839,119.1553,0,[87.61631,88.00072]]],[125,[67.802,111.0844,0,[87.00069,90.17017]]],[128,[67.98415,117.7604,0,[88.0007,87.26817]]],[19,[67.26925,115.459,0,[88.00068,85.57281]]],[151,[68.08904,114.0225,0,[87.00069,88.24417]]],[117,[68.72838,119.6501,0,[87.93434,88.0007]]],[123,[68.33691,112.5374,0,[87.00071,89.67625]]],[85,[68.20313,114.8766,0,[88.00071,86.49929]]],[161,[69.29668,113.0849,0,[87.91073,88.00072]]],[4,[67.60501,113.9792,0,[88.0007,84.92616]]],[165,[68.85606,114.219,0,[87.00069,88.52791]]],[71,[68.78403,117.1309,0,[88.00072,86.52422]]],[154,[69.0649,112.4316,0,[87.00068,89.88969]]],[176,[69.81705,116.258,0,[88.00069,87.8036]]],[134,[69.46225,114.7556,0,[87.00068,88.40979]]],[3,[68.3275,117.1474,0,[88.00072,84.99886]]],[10,[69.30073,118.2884,0,[88.0007,86.21024]]],[136,[69.78557,110.1247,0,[87.00071,89.91565]]],[173,[70.0331,109.4063,0,[87.00073,88.31622]]],[108,[70.42326,118.9858,0,[88.00074,87.80821]]],[144,[70.45593,112.2348,0,[87.00074,89.87071]]],[49,[69.34262,105.8685,0,[88.00069,85.09118]]],[174,[70.66431,115.3058,0,[87.00072,88.24284]]],[82,[70.15964,120.3247,0,[88.00072,86.41299]]],[96,[71.04034,121.1738,0,[88.00069,87.7474]]],[146,[71.08459,117.0217,0,[87.0007,89.76649]]],[139,[71.2907,119.7921,0,[87.0007,88.25734]]],[9,[71.02906,114.0613,0,[88.00069,86.62132]]],[17,[70.19379,111.5753,0,[88.00069,85.24226]]],[177,[71.90012,114.5449,0,[87.97623,88.00072]]],[147,[71.81587,107.3088,0,[87.0007,89.83852]]],[2,[71.85886,116.0885,0,[88.00069,86.8379]]],[27,[71.02525,109.7182,0,[88.00073,85.33578]]],[156,[72.35676,111.3263,0,[87.00074,89.40179]]],[155,[72.1292,113.6552,0,[87.11079,88.00069]]],[38,[71.8848,111.0115,0,[88.00072,85.52971]]],[70,[72.62484,119.7509,0,[88.00072,87.38258]]],[162,[72.85255,112.6197,0,[87.07491,88.0007]]],[164,[73.13651,111.5209,0,[87.00069,89.4742]]],[172,[73.33637,112.2027,0,[88.00074,87.39034]]],[0,[72.57475,117.6479,0,[88.00073,85.73127]]],[166,[73.6804,114.628,0,[87.20472,88.00068]]],[167,[73.89792,110.7511,0,[87.00069,89.42494]]],[37,[73.4117,111.3257,0,[88.00069,85.97445]]],[1,[74.30184,121.6702,0,[88.0007,87.65778]]],[157,[74.52331,113.6337,0,[87.00073,88.88598]]],[18,[74.48701,117.7524,0,[88.00068,86.4644]]],[163,[74.89243,110.2246,0,[87.37801,88.00073]]]

Travel Distances:
[95,123.8956],[81,123.8648],[80,123.7762],[94,125.6408],[79,125.4664],[69,125.0937],[68,125.0767],[93,125.2155],[107,125.0184],[78,126.9585],[67,126.7699],[59,126.4425],[92,126.363],[149,126.297],[77,126.5664],[66,126.26],[58,127.6613],[56,128.2965],[106,126.7359],[57,127.2878],[158,127.0246],[65,127.2149],[47,126.865],[91,126.6628],[45,129.5247],[138,128.1779],[76,128.1816],[55,128.7491],[48,126.8772],[105,126.9759],[90,127.4226],[64,129.6566],[44,130.4351],[75,128.7323],[46,128.5277],[54,129.2876],[137,127.806],[63,128.8956],[35,130.2684],[43,130.9519],[116,129.3254],[127,128.6782],[53,130.3347],[42,130.6907],[34,129.6074],[89,128.2084],[74,130.4671],[148,128.8167],[32,131.2559],[33,131.0601],[104,130.17],[52,130.8733],[115,129.964],[24,131.6958],[31,132.9038],[62,131.7399],[30,133.2818],[126,129.3026],[21,132.9303],[22,132.105],[73,130.7032],[41,131.5961],[103,132.687],[87,133.5849],[113,132.6691],[23,132.1837],[61,132.1069],[114,131.3938],[86,132.8052],[88,131.5326],[99,133.3226],[25,130.0517],[50,134.1897],[124,132.0773],[101,132.9078],[72,134.5699],[51,132.6607],[102,132.6082],[13,132.5733],[111,135.0778],[29,135.5803],[15,132.5911],[14,133.8003],[100,133.6541],[145,130.6391],[112,132.7398],[16,131.849],[120,135.4948],[84,136.4939],[122,132.8554],[98,135.4441],[6,134.3875],[36,129.4046],[132,133.0953],[121,132.8774],[131,132.9979],[130,135.613],[39,135.8281],[7,134.5394],[160,135.8165],[118,136.5474],[142,133.283],[12,133.9415],[83,138.4427],[119,136.2749],[110,135.9524],[133,132.9006],[26,131.4684],[40,134.4501],[168,136.3243],[140,134.7966],[152,134.7554],[5,135.8143],[109,137.3803],[141,135.0683],[129,136.5304],[135,132.318],[28,138.94],[97,139.4993],[170,133.7319],[159,139.1703],[143,133.6625],[11,137.1443],[171,131.3106],[60,125.8789],[153,132.0667],[150,137.3567],[20,137.3152],[169,134.8034],[8,134.7363],[175,140.8036],[125,132.4594],[128,139.2005],[19,137.9641],[151,137.0855],[117,141.7749],[123,134.9674],[85,137.7731],[161,134.1087],[4,137.5523],[165,135.7414],[71,138.8008],[154,133.2651],[176,138.234],[134,137.0482],[3,141.1479],[10,140.6981],[136,131.3979],[173,130.7339],[108,139.5361],[144,134.0875],[49,130.0058],[174,137.539],[82,142.8324],[96,142.4019],[146,139.4622],[139,142.662],[9,137.085],[17,135.8864],[177,135.882],[147,128.3353],[2,137.662],[27,132.6082],[156,133.4681],[155,136.284],[38,134.3801],[70,141.5562],[162,134.0216],[164,132.2245],[172,134.5585],[0,141.3669],[166,136.6101],[167,131.9977],[37,133.3855],[1,144.2407],[157,135.7131],[18,140.0596],[163,131.435]

Finish Times:
[95,63.48107],[81,63.56107],[80,63.92108],[94,64.08109],[79,64.44109],[69,64.48109],[68,64.6411],[93,64.7611],[107,64.8011],[78,65.08111],[67,65.24111],[59,65.36111],[92,65.56112],[149,65.60112],[77,65.68112],[66,65.84113],[58,66.08113],[56,66.24113],[106,66.24113],[57,66.40114],[158,66.40114],[65,66.80115],[47,66.88115],[91,66.88115],[45,67.08115],[138,67.08115],[76,67.32116],[55,67.44116],[48,67.76117],[105,67.76117],[90,67.88117],[64,68.00117],[44,68.04118],[75,68.48119],[46,68.52119],[54,68.52119],[137,68.64119],[63,68.80119],[35,69.0012],[43,69.1212],[116,69.32121],[127,69.32121],[53,69.40121],[42,69.68121],[34,69.72121],[89,69.92122],[74,70.00122],[148,70.12122],[32,70.32123],[33,70.32123],[104,70.48123],[52,70.60123],[115,70.72124],[24,70.96124],[31,70.96124],[62,71.04124],[30,71.20125],[126,71.32125],[21,71.56126],[22,71.64126],[73,71.64126],[41,71.76126],[103,72.00127],[87,72.16127],[113,72.20127],[23,72.28127],[61,72.32127],[114,72.44128],[86,72.72128],[88,72.80128],[99,72.88129],[25,72.92129],[50,73.2813],[124,73.2813],[101,73.3613],[72,73.4413],[51,73.6013],[102,73.72131],[13,73.84131],[111,73.96131],[29,74.00131],[15,74.28132],[14,74.40132],[100,74.52132],[145,74.60133],[112,74.68133],[16,74.88133],[120,74.96133],[84,75.04134],[122,75.16134],[98,75.48135],[6,75.60135],[36,75.60135],[132,75.64135],[121,75.76135],[131,75.92136],[130,76.04136],[39,76.24136],[7,76.28136],[160,76.44137],[118,76.60137],[142,76.76138],[12,76.92138],[83,76.96138],[119,77.04138],[110,77.24139],[133,77.28139],[26,77.60139],[40,77.6414],[168,77.6814],[140,77.9214],[152,77.9614],[5,78.28141],[109,78.28141],[141,78.36141],[129,78.52142],[135,78.52142],[28,78.96143],[97,78.96143],[170,78.96143],[159,79.16143],[143,79.24143],[11,79.60144],[171,79.60144],[60,79.64144],[153,79.72144],[150,79.88145],[20,80.20145],[169,80.28146],[8,80.36146],[175,80.44146],[125,80.64146],[128,80.68147],[19,80.92147],[151,81.00147],[117,81.08147],[123,81.16148],[85,81.24148],[161,81.64149],[4,81.68149],[165,81.68149],[71,81.88149],[154,81.88149],[176,82.2015],[134,82.3215],[3,82.48151],[10,82.60151],[136,82.60151],[173,82.76151],[108,82.92152],[144,83.20152],[49,83.32153],[174,83.36153],[82,83.48153],[96,83.60153],[146,83.96154],[139,84.04154],[9,84.12154],[17,84.16154],[177,84.48155],[147,84.72156],[2,84.76156],[27,84.80156],[156,85.08157],[155,85.16157],[38,85.48158],[70,85.48158],[162,85.80158],[164,85.84158],[172,86.16159],[0,86.24159],[166,86.4816],[167,86.6016],[37,86.92161],[1,86.96161],[157,87.24162],[18,87.56162],[163,87.76163]

Stuck Times:
[95,0],[81,0],[80,0],[94,0],[79,0],[69,0],[68,0],[93,0],[107,0],[78,0],[67,0],[59,0],[92,0],[149,0],[77,0],[66,0],[58,0],[56,0],[106,0],[57,0],[158,0],[65,0],[47,0],[91,0],[45,0],[138,0],[76,0],[55,0],[48,1],[105,0],[90,0],[64,0],[44,0],[75,0],[46,0],[54,0],[137,0],[63,0],[35,0],[43,0],[116,0],[127,1],[53,0],[42,0],[34,0],[89,1],[74,0],[148,3],[32,0],[33,0],[104,2],[52,1],[115,2],[24,2],[31,0],[62,1],[30,2],[126,3],[21,0],[22,0],[73,3],[41,1],[103,1],[87,2],[113,3],[23,2],[61,3],[114,4],[86,1],[88,4],[99,3],[25,6],[50,2],[124,4],[101,4],[72,3],[51,2],[102,5],[13,4],[111,4],[29,4],[15,6],[14,5],[100,3],[145,6],[112,4],[16,6],[120,4],[84,4],[122,5],[98,4],[6,6],[36,8],[132,3],[121,5],[131,4],[130,5],[39,6],[7,8],[160,4],[118,3],[142,6],[12,8],[83,6],[119,7],[110,7],[133,7],[26,9],[40,8],[168,4],[140,6],[152,8],[5,9],[109,5],[141,9],[129,6],[135,9],[28,8],[97,6],[170,11],[159,6],[143,7],[11,8],[171,9],[60,14],[153,8],[150,5],[20,11],[169,11],[8,12],[175,7],[125,11],[128,7],[19,11],[151,12],[117,8],[123,10],[85,11],[161,9],[4,11],[165,9],[71,10],[154,9],[176,12],[134,9],[3,10],[10,9],[136,15],[173,15],[108,11],[144,12],[49,17],[174,11],[82,9],[96,10],[146,13],[139,12],[9,15],[17,16],[177,15],[147,16],[2,13],[27,17],[156,16],[155,17],[38,19],[70,14],[162,16],[164,17],[172,18],[0,13],[166,18],[167,20],[37,17],[1,13],[157,20],[18,15],[163,19]

