Experiment Name: Custom-SimpleTwoPaths
Method Used: FlowGraph
Run Number: 3
Preparation Time: 59.1419ms
Pathfinding Time: 4.5095ms
Finish Time: 87.76163ms
Finish Time 90%: 84.64156ms
Repaths: 0
Soft Repaths: 0

Gates Data:
0:[94,[13.95495,27.90018,0,[38.00069,31.7127]]],[95,[13.03466,26.06541,0,[38.00069,30.22925]]],[107,[14.96853,29.92329,0,[38.00069,34.41283]]],[106,[15.90219,31.76819,0,[38.0007,35.75878]]],[93,[14.75083,29.48638,0,[38.0007,32.75717]]],[92,[15.54318,31.06486,0,[38.0007,33.89901]]],[149,[16.59094,33.16283,0,[38.0007,37.86933]]],[79,[13.7001,27.3866,0,[38.00069,29.94447]]],[78,[14.4982,28.98281,0,[38.0007,31.11576]]],[105,[16.29424,32.42986,0,[38.0007,35.3217]]],[91,[16.02576,31.7548,0,[38.0007,33.69214]]],[138,[16.72471,33.38868,0,[38.0007,36.9794]]],[66,[14.34196,28.66245,0,[38.0007,29.62961]]],[127,[17.08785,33.94207,0,[38.00071,36.38063]]],[77,[15.28749,30.5535,0,[38.0007,32.21169]]],[90,[16.80909,33.38095,0,[38.0007,34.9423]]],[75,[16.58325,33.06433,0,[38.00071,33.53259]]],[137,[17.52441,34.75444,0,[38.00071,37.94867]]],[158,[16.46629,32.88419,0,[37.00069,38.53476]]],[65,[15.12599,30.21502,0,[38.0007,30.65238]]],[89,[17.33996,33.98574,0,[38.0007,34.38704]]],[76,[15.82902,31.37179,0,[38.0007,32.16272]]],[116,[17.57473,34.84879,0,[38.0007,35.77962]]],[148,[16.84969,33.46304,0,[37.0007,38.08848]]],[80,[13.089,26.17433,0,[38.32642,29.00072]]],[104,[18.07917,35.46951,0,[38.00071,35.09243]]],[63,[16.6101,33.1356,0,[38.00071,32.4542]]],[126,[17.85748,35.08973,0,[38.0007,37.21568]]],[115,[18.32162,36.07741,0,[38.00071,36.47517]]],[55,[15.19159,30.21536,0,[38.00071,29.52646]]],[74,[17.37589,33.80331,0,[38.00071,33.29916]]],[64,[15.86268,31.38049,0,[38.00071,31.05892]]],[103,[18.80304,36.67028,0,[38.00071,35.69452]]],[53,[16.76904,33.19615,0,[38.00071,31.5325]]],[136,[17.72548,34.94537,0,[37.18308,38.00072]]],[67,[13.95403,27.88503,0,[38.60102,29.00072]]],[73,[18.13586,35.29996,0,[38.00071,34.06157]]],[125,[18.58523,36.28275,0,[38.00071,37.87172]]],[62,[17.60023,34.11773,0,[38.00071,32.42821]]],[54,[16.00341,31.43864,0,[38.00071,30.14527]]],[56,[14.68964,29.28634,0,[38.38191,29.00071]]],[157,[17.42484,34.51586,0,[37.00071,39.66578]]],[88,[19.00206,36.82352,0,[38.00071,34.84732]]],[61,[18.38434,35.94716,0,[38.00071,33.29081]]],[114,[19.08117,37.49273,0,[38.0007,37.12579]]],[52,[17.45258,33.73305,0,[38.00071,31.13878]]],[45,[15.17773,30.19042,0,[39.00071,28.56193]]],[101,[19.56631,38.57463,0,[38.00071,36.47417]]],[51,[18.22386,35.30262,0,[38.00071,31.97382]]],[87,[19.13524,37.35608,0,[38.00071,33.69955]]],[44,[15.60364,30.94015,0,[38.4391,29.00071]]],[135,[18.31404,35.95314,0,[37.00071,38.39485]]],[124,[18.93336,36.90656,0,[37.44982,38.00071]]],[42,[16.67925,33.07817,0,[38.00071,30.19095]]],[102,[19.74802,37.47472,0,[38.00071,35.25662]]],[86,[19.71522,37.71888,0,[38.00071,33.30858]]],[34,[15.48864,30.68806,0,[39.00071,27.94604]]],[50,[18.94284,36.6962,0,[38.00072,32.36019]]],[134,[19.08242,37.3413,0,[37.00071,39.20849]]],[100,[20.13036,39.00565,0,[38.00071,34.82264]]],[147,[17.84597,34.95801,0,[37.0007,39.23225]]],[84,[20.26233,39.48527,0,[38.00071,33.1314]]],[112,[20.23819,39.14973,0,[38.00071,36.80278]]],[43,[16.13704,31.61717,0,[38.27174,29.00071]]],[57,[14.36219,28.46824,0,[39.00071,28.26838]]],[146,[18.73846,36.20491,0,[37.00071,39.89426]]],[111,[20.70647,39.96485,0,[38.00071,36.38892]]],[41,[17.67727,34.10301,0,[38.00071,30.2615]]],[72,[19.49491,37.62894,0,[38.00071,31.85998]]],[113,[19.8389,38.72278,0,[38.00071,37.9034]]],[31,[16.89992,33.29595,0,[38.00071,29.38157]]],[121,[21.03115,40.24703,0,[38.00071,37.88839]]],[99,[20.68929,39.58212,0,[38.00071,34.67312]]],[40,[18.43605,35.71543,0,[38.00071,30.83536]]],[110,[21.33243,41.02161,0,[38.00071,36.20203]]],[85,[20.41781,38.22954,0,[38.00071,32.19411]]],[123,[19.36891,37.54707,0,[37.00071,38.29934]]],[30,[17.91488,34.08038,0,[38.00071,29.28703]]],[29,[18.85238,35.82071,0,[38.00071,30.3505]]],[122,[20.34683,39.15623,0,[37.78812,38.0007]]],[98,[21.0927,40.52478,0,[38.00071,34.05602]]],[131,[22.10637,41.07185,0,[38.00071,37.65559]]],[39,[19.67924,36.79037,0,[38.00072,30.78727]]],[97,[21.82516,42.37398,0,[38.00071,34.29851]]],[32,[16.89717,32.85304,0,[39.00071,28.90972]]],[119,[21.79442,41.97159,0,[38.00071,35.68912]]],[21,[17.48373,34.38392,0,[38.59552,29.00071]]],[145,[19.8146,37.21202,0,[37.00071,39.82267]]],[109,[22.56941,42.70195,0,[38.00071,35.70079]]],[20,[18.48293,35.51273,0,[38.96287,29.0007]]],[33,[16.07239,31.47268,0,[39.0007,28.03109]]],[120,[21.5581,41.28656,0,[38.00071,37.71698]]],[83,[21.21079,40.69313,0,[38.00071,32.72797]]],[130,[22.56631,42.54971,0,[38.00071,37.11369]]],[13,[17.73731,33.93067,0,[39.00072,27.88584]]],[19,[18.61841,36.0263,0,[38.06372,29.0007]]],[129,[23.35378,44.18855,0,[38.00071,36.91368]]],[118,[23.09293,43.85671,0,[38.00071,35.05247]]],[143,[21.17603,38.63151,0,[37.00071,38.2586]]],[141,[22.38106,41.56417,0,[37.19076,38.00071]]],[161,[23.24167,42.48563,0,[37.63948,38.00072]]],[11,[19.13264,36.25922,0,[39.00072,28.59111]]],[70,[20.67838,39.76952,0,[38.00071,31.13605]]],[140,[23.91515,45.2822,0,[38.0007,36.47005]]],[151,[24.02606,44.49107,0,[37.69554,38.00069]]],[162,[22.28094,38.82605,0,[37.00069,40.23122]]],[10,[19.9144,37.86761,0,[39.00071,28.87705]]],[82,[21.6797,42.37669,0,[38.00071,31.99195]]],[155,[19.74074,37.26454,0,[37.00072,40.86254]]],[128,[24.52433,47.13829,0,[38.00072,36.2088]]],[71,[20.0189,37.68391,0,[38.00071,29.58845]]],[142,[21.79125,39.95151,0,[37.00071,38.4237]]],[28,[19.30175,36.59884,0,[38.00072,29.28392]]],[132,[20.58571,39.09601,0,[37.00071,38.32442]]],[139,[24.79549,47.33524,0,[38.00072,37.96738]]],[3,[21.043,38.96161,0,[38.00071,30.29558]]],[22,[17.13964,32.89042,0,[39.00071,27.80283]]],[165,[19.39239,35.83974,0,[37.00071,41.413]]],[4,[19.05636,35.60619,0,[39.00072,27.23515]]],[160,[24.46237,44.92567,0,[37.00071,38.83119]]],[96,[22.31664,43.9044,0,[38.00071,33.64274]]],[17,[20.56325,35.38641,0,[39.00072,27.78773]]],[15,[16.97965,31.45023,0,[39.0007,26.32894]]],[154,[20.50308,37.90223,0,[37.00072,40.17966]]],[164,[20.5107,36.91948,0,[37.00071,41.33931]]],[169,[25.01138,42.87902,0,[37.00069,38.36974]]],[0,[20.53209,37.89792,0,[38.62245,29.00071]]],[8,[20.96797,38.42713,0,[38.05489,29.00072]]],[171,[23.1608,38.71162,0,[37.00072,39.12778]]],[174,[17.32019,33.88457,0,[37.00069,40.81203]]],[5,[18.27806,33.74382,0,[39.0007,26.36025]]],[1,[19.77619,35.91271,0,[39.00068,27.39803]]],[49,[19.79222,26.90352,0,[39.00068,25.88939]]],[159,[25.89902,46.19452,0,[37.00072,38.98922]]],[172,[21.31908,37.09545,0,[37.0007,41.32931]]],[12,[18.35794,34.5807,0,[39.00071,27.73326]]],[150,[25.53938,47.5579,0,[38.00072,37.66287]]],[6,[17.60766,33.00885,0,[39.00072,26.37255]]],[152,[22.64849,40.90492,0,[37.0007,39.5142]]],[166,[18.09739,34.78139,0,[37.00071,41.19376]]],[16,[18.85569,32.22262,0,[39.00071,25.57917]]],[26,[16.24424,28.04788,0,[39.00072,24.80064]]],[37,[14.68924,26.89512,0,[39.0007,24.9183]]],[2,[22.03546,40.76261,0,[38.00072,30.94483]]],[156,[18.59006,36.16417,0,[37.0007,40.84716]]],[18,[21.45877,38.47397,0,[39.00071,28.39727]]],[7,[17.85564,31.22191,0,[39.00072,24.83656]]],[46,[14.51103,28.41564,0,[39.00071,27.02486]]],[117,[23.6805,46.39142,0,[38.00072,34.49398]]],[144,[20.94731,38.35773,0,[37.00071,39.82208]]],[108,[22.90616,43.83723,0,[38.00071,32.67537]]],[25,[15.38763,28.64499,0,[39.0007,24.88612]]],[23,[16.41492,31.82759,0,[39.00071,27.34718]]],[170,[23.74458,41.41795,0,[37.00071,38.87135]]],[27,[17.10135,28.69573,0,[39.00072,24.82974]]],[167,[16.47532,32.90847,0,[37.00069,39.66422]]],[35,[14.86685,28.87509,0,[39.00071,26.38329]]],[58,[13.57436,27.00563,0,[39.00069,27.31304]]],[9,[21.76195,40.78531,0,[38.00071,29.22855]]],[36,[14.01612,27.17536,0,[39.0007,25.10785]]],[163,[22.01911,37.98094,0,[37.00071,41.25114]]],[47,[13.77998,27.17768,0,[39.00071,26.38951]]],[59,[12.92652,25.1587,0,[39.00069,25.6653]]],[48,[13.21531,25.4109,0,[39.00072,24.81553]]],[133,[20.06874,38.15496,0,[37.00072,38.66274]]],[14,[16.20014,31.65926,0,[39.0007,25.9726]]],[168,[25.80651,44.69045,0,[37.00071,40.37006]]],[69,[12.48401,24.94711,0,[39.0007,26.62885]]],[177,[23.14755,37.73548,0,[37.00072,41.13014]]],[38,[20.74089,30.90294,0,[39.0007,26.37416]]],[176,[23.74148,39.84629,0,[37.00073,40.77429]]],[173,[25.14454,37.44467,0,[37.00073,40.65904]]],[60,[12.17585,23.98828,0,[39.00072,25.04601]]],[153,[21.46319,38.78855,0,[37.00071,39.69165]]],[24,[15.556,30.25055,0,[39.0007,26.38275]]],[81,[12.65475,25.30645,0,[39.0007,28.21411]]],[68,[13.38107,26.75417,0,[39.0007,28.16151]]],[175,[24.38652,42.38941,0,[37.00068,40.59637]]]
2:[94,[51.69365,103.2232,0,[88.0007,87.78294]]],[95,[50.83891,101.0868,0,[88.00069,85.82469]]],[107,[51.64335,103.2578,0,[87.0007,88.90819]]],[106,[51.97443,103.6504,0,[87.00072,88.26503]]],[93,[51.7491,102.8942,0,[88.0007,86.38472]]],[92,[52.46568,104.7148,0,[88.00071,87.87009]]],[149,[52.60323,104.9195,0,[87.00069,89.98392]]],[79,[51.3903,101.8446,0,[88.00071,84.87273]]],[78,[52.41898,103.8702,0,[88.00072,86.57107]]],[105,[52.5979,104.5103,0,[87.06178,88.0007]]],[91,[53.30747,105.448,0,[88.00072,87.70346]]],[138,[53.18335,105.49,0,[87.00072,89.70444]]],[66,[52.09304,103.3816,0,[88.00071,84.86222]]],[127,[53.27221,105.5233,0,[87.00071,88.3811]]],[77,[52.90997,104.2086,0,[88.00071,86.13284]]],[90,[54.00331,106.3597,0,[87.89781,88.00072]]],[75,[53.58965,106.083,0,[88.0007,86.5397]]],[137,[53.92978,105.7986,0,[87.00071,88.68353]]],[158,[53.94805,105.4249,0,[87.00072,90.04424]]],[65,[52.92325,104.0639,0,[88.00072,84.83096]]],[89,[54.59349,107.4204,0,[87.98276,88.0007]]],[76,[54.09468,105.2156,0,[88.0007,86.3683]]],[116,[54.53832,107.0621,0,[87.00072,88.64182]]],[148,[54.69106,106.2074,0,[87.0007,90.14689]]],[80,[53.65611,101.5872,0,[88.0007,84.82305]]],[104,[54.98205,108.0079,0,[87.43436,88.00072]]],[63,[54.79752,107.2644,0,[88.00069,86.84223]]],[126,[55.38897,107.3348,0,[87.00072,90.08163]]],[115,[55.42765,108.0408,0,[87.0007,88.98125]]],[55,[54.36938,105.4012,0,[88.00072,85.0564]]],[74,[55.72069,108.0443,0,[87.9695,88.0007]]],[64,[55.21004,106.2723,0,[88.00071,86.45987]]],[103,[55.78883,108.8462,0,[87.00071,88.47768]]],[53,[55.76794,107.8152,0,[88.00071,86.40749]]],[136,[56.27902,107.5693,0,[87.00072,90.14475]]],[67,[54.91586,103.2713,0,[88.00072,84.83652]]],[73,[56.4011,109.0243,0,[88.0007,87.97122]]],[125,[56.40857,107.4288,0,[87.00072,88.50862]]],[62,[56.938,109.2621,0,[88.00069,87.86121]]],[54,[56.34666,107.1241,0,[88.00069,86.26172]]],[56,[55.55078,104.9663,0,[88.00069,84.83978]]],[157,[56.9452,106.9067,0,[87.00072,90.05386]]],[88,[56.93605,109.652,0,[87.00071,88.36319]]],[61,[57.56059,110.5383,0,[88.0007,87.86168]]],[114,[57.57706,110.0043,0,[87.00069,89.96897]]],[52,[56.95709,108.4602,0,[88.0007,86.23141]]],[45,[56.21696,105.8523,0,[88.00071,84.75162]]],[101,[57.56687,110.6321,0,[87.0007,88.46775]]],[51,[57.68088,109.8473,0,[88.0007,86.75594]]],[87,[58.10413,111.0663,0,[87.61527,88.0007]]],[44,[57.12918,106.6594,0,[88.00072,84.97574]]],[135,[58.20493,108.6869,0,[87.00072,90.10722]]],[124,[58.53373,109.2248,0,[87.00069,89.47924]]],[42,[58.0658,108.8196,0,[88.00071,86.26952]]],[102,[58.4477,109.9072,0,[87.00071,88.24424]]],[86,[58.8069,111.8959,0,[88.00071,87.73209]]],[34,[57.8745,107.1228,0,[88.00072,84.82926]]],[50,[58.75558,110.5374,0,[88.00071,86.4]]],[134,[59.12878,109.2663,0,[87.00069,88.61549]]],[100,[59.46121,112.2691,0,[87.93946,88.00072]]],[147,[59.32772,107.6298,0,[87.00072,90.09974]]],[84,[59.8834,113.8846,0,[88.0007,87.6176]]],[112,[59.71515,111.0239,0,[87.0007,88.51277]]],[43,[59.25558,108.0208,0,[88.0007,85.93087]]],[57,[58.46442,104.3037,0,[88.00071,84.7531]]],[146,[60.02379,109.3257,0,[87.0007,90.05011]]],[111,[60.1389,111.8609,0,[87.0007,88.17942]]],[41,[59.93681,109.7412,0,[88.0007,86.31385]]],[72,[60.63001,113.0733,0,[88.00071,87.80086]]],[113,[60.68714,110.9354,0,[87.0007,89.8775]]],[31,[59.53873,108.4306,0,[88.00069,84.78813]]],[121,[60.82825,111.5066,0,[87.00069,88.53706]]],[99,[61.22492,113.2563,0,[88.00071,87.90648]]],[40,[60.64141,110.943,0,[88.00072,86.28058]]],[110,[61.28904,113.0719,0,[87.00072,88.27191]]],[85,[61.505,113.0373,0,[88.00071,87.25583]]],[123,[61.363,110.6743,0,[87.00072,90.10508]]],[30,[60.18512,109.3439,0,[88.00072,84.74284]]],[29,[61.04738,110.8551,0,[88.00069,85.57888]]],[122,[61.97959,111.9525,0,[87.00072,89.9925]]],[98,[62.03985,114.1853,0,[87.63684,88.00071]]],[131,[62.05244,112.7486,0,[87.0007,88.91821]]],[39,[61.8914,112.4656,0,[88.0007,86.72784]]],[97,[62.66551,115.6368,0,[88.0007,87.63266]]],[32,[61.12247,107.9656,0,[88.00071,84.58382]]],[119,[62.49212,114.4857,0,[87.00071,88.40311]]],[21,[61.92899,110.9487,0,[88.0007,85.6877]]],[145,[62.84042,110.3993,0,[87.0007,90.1742]]],[109,[63.01085,114.9821,0,[87.39362,88.00071]]],[20,[62.71865,112.7124,0,[88.00071,86.42574]]],[33,[61.9861,107.9787,0,[88.00071,84.64665]]],[120,[63.32588,113.9758,0,[87.00069,89.74591]]],[83,[63.51415,115.3458,0,[88.0007,87.60155]]],[130,[63.51348,114.6493,0,[87.0007,88.82113]]],[13,[62.63828,110.7621,0,[88.0007,84.86268]]],[19,[63.40725,113.571,0,[88.0007,86.18017]]],[129,[63.70556,115.7451,0,[87.00071,88.0331]]],[118,[64.14702,116.7579,0,[88.00071,87.60991]]],[143,[64.13261,112.3642,0,[87.00071,90.37808]]],[141,[64.54764,114.5534,0,[87.00069,89.76814]]],[161,[64.41875,114.342,0,[87.0007,88.37469]]],[11,[63.37632,112.2001,0,[88.00069,84.86438]]],[70,[64.2074,114.8245,0,[88.00071,86.32327]]],[140,[64.85657,117.7338,0,[88.0007,87.93085]]],[151,[65.2532,116.0791,0,[87.57391,88.00071]]],[162,[65.28564,111.6402,0,[87.00071,88.97067]]],[10,[64.11468,113.6606,0,[88.00072,84.92754]]],[82,[64.97037,117.2546,0,[88.00072,86.69365]]],[155,[65.29236,111.4135,0,[87.00072,90.12263]]],[128,[65.8874,119.4324,0,[88.00069,87.82692]]],[71,[64.86542,113.7166,0,[88.00069,85.3998]]],[142,[65.76241,113.0397,0,[87.00069,88.58798]]],[28,[65.6494,114.3963,0,[88.0007,86.40414]]],[132,[66.1581,113.6548,0,[87.0007,90.13345]]],[139,[66.12711,118.0361,0,[87.00072,88.07215]]],[3,[66.43867,117.1909,0,[88.00072,87.48174]]],[22,[65.06927,109.3727,0,[88.00071,84.60292]]],[165,[66.76683,112.6032,0,[87.00072,89.79431]]],[4,[65.88522,113.5287,0,[88.00072,85.40778]]],[160,[66.90797,117.0215,0,[87.00071,88.60716]]],[96,[67.15703,118.7497,0,[87.8941,88.00071]]],[17,[66.71304,114.1422,0,[88.0007,86.54063]]],[15,[66.30671,109.6598,0,[88.00071,84.88551]]],[154,[67.52464,112.8294,0,[87.0007,90.16998]]],[164,[67.50508,114.1444,0,[87.0007,88.53984]]],[169,[67.72494,115.238,0,[88.0007,87.92661]]],[0,[67.24431,115.9445,0,[88.00071,86.35252]]],[8,[68.30547,117.5679,0,[88.00071,87.85979]]],[171,[68.02116,113.3017,0,[87.00071,88.44186]]],[174,[68.14935,107.8675,0,[87.00071,90.0946]]],[5,[67.72673,114.8285,0,[88.00071,86.12431]]],[1,[66.87391,113.9362,0,[88.00072,84.68201]]],[49,[68.46689,108.7463,0,[88.0007,86.78202]]],[159,[68.63185,118.0811,0,[87.0007,88.44933]]],[172,[68.78116,115.2887,0,[87.00071,89.96722]]],[12,[67.71056,112.0215,0,[88.0007,84.88981]]],[150,[69.09026,119.4875,0,[87.79614,88.00071]]],[6,[69.05779,117.411,0,[88.00072,86.81111]]],[152,[69.35831,117.2253,0,[87.00072,88.81391]]],[166,[69.46745,110.4733,0,[87.00072,90.11555]]],[16,[69.83302,118.9092,0,[88.00069,87.56683]]],[26,[68.38098,110.8913,0,[88.00071,84.98077]]],[37,[69.20304,116.3835,0,[88.00069,85.89099]]],[2,[69.60319,118.5087,0,[87.00068,88.10966]]],[156,[70.22902,112.5228,0,[87.00072,90.04272]]],[18,[70.38211,118.3942,0,[87.63054,88.0007]]],[7,[70.10341,119.4338,0,[88.00072,86.63646]]],[46,[69.20695,107.9039,0,[88.00071,84.78481]]],[117,[70.59916,121.9939,0,[87.00068,89.44059]]],[144,[70.74872,115.7531,0,[87.0007,88.48201]]],[108,[71.15097,121.0059,0,[88.00069,87.95969]]],[25,[70.68295,115.9001,0,[88.00071,86.40763]]],[23,[69.89166,111.0924,0,[88.00073,84.97615]]],[170,[71.4157,115.6276,0,[87.00071,88.64358]]],[27,[71.70005,121.0432,0,[87.89752,88.00071]]],[167,[71.47565,107.0007,0,[87.00072,90.08952]]],[35,[71.29147,112.6105,0,[88.00071,86.39575]]],[58,[70.49202,105.9725,0,[88.00069,84.84343]]],[9,[72.05539,120.9235,0,[87.00072,88.4534]]],[36,[72.19702,117.9102,0,[88.00071,87.73911]]],[163,[72.21404,116.557,0,[87.00072,89.99028]]],[47,[71.2748,109.4988,0,[88.00073,85.02857]]],[59,[72.0933,111.4466,0,[88.00071,86.37904]]],[48,[72.93359,119.0031,0,[87.97085,88.00071]]],[133,[72.94481,117.719,0,[87.0007,90.00484]]],[14,[72.79161,118.325,0,[88.00071,86.51108]]],[168,[72.8029,117.9499,0,[87.00069,88.63745]]],[69,[72.01713,106.5272,0,[88.00069,84.88543]]],[177,[73.3106,115.7731,0,[87.00074,88.06901]]],[38,[73.5918,114.2069,0,[88.00074,87.32135]]],[176,[73.73685,119.471,0,[87.00071,89.76118]]],[173,[74.17831,112.2249,0,[87.41503,88.0007]]],[60,[73.07074,108.957,0,[88.0007,85.31934]]],[153,[74.42753,119.5626,0,[87.00069,89.44878]]],[24,[74.01449,116.4615,0,[88.00074,86.57619]]],[81,[75.03497,109.5287,0,[88.0007,87.98517]]],[68,[74.58775,105.6845,0,[88.00072,86.02139]]],[175,[75.09152,121.0335,0,[87.00072,89.05305]]]

Travel Distances:
[94,123.8176],[95,125.1423],[107,125.9018],[106,125.6557],[93,125.3727],[92,125.7449],[149,125.2581],[79,126.7883],[78,126.9436],[105,127.2611],[91,126.8165],[138,126.722],[66,126.9978],[127,126.9311],[77,126.2266],[90,128.3163],[75,128.7545],[137,127.8572],[158,127.1392],[65,127.8498],[89,128.183],[76,126.88],[116,129.8271],[148,128.4613],[80,126.0149],[104,129.9753],[63,129.5475],[126,128.2655],[115,129.0659],[55,128.383],[74,128.4886],[64,129.7091],[103,131.0167],[53,130.1664],[136,128.857],[67,127.1359],[73,130.1279],[125,128.4347],[62,131.2511],[54,130.2601],[56,129.5438],[157,128.7967],[88,131.6411],[61,131.4052],[114,130.5923],[52,130.2638],[45,131.0802],[101,133.3916],[51,132.2774],[87,132.7885],[44,130.0516],[135,129.8794],[124,129.849],[42,132.4743],[102,132.8365],[86,134.1324],[34,131.126],[50,132.8731],[134,130.87],[100,133.221],[147,128.6269],[84,135.978],[112,133.4756],[43,131.3995],[57,129.0418],[146,130.8985],[111,133.4712],[41,131.7275],[72,133.748],[113,133.2],[31,133.1193],[121,133.6711],[99,134.7531],[40,133.546],[110,134.346],[85,133.994],[123,131.5483],[30,134.6084],[29,134.5212],[122,133.6757],[98,135.9722],[131,134.5193],[39,134.534],[97,138.2105],[32,133.3076],[119,137.3784],[21,134.7981],[145,132.4273],[109,136.8572],[20,135.0078],[33,131.7345],[120,134.9545],[83,136.1502],[130,137.4007],[13,135.1427],[19,136.576],[129,138.0715],[118,138.2568],[143,133.4606],[141,136.8853],[161,137.227],[11,137.1468],[70,138.2145],[140,139.8379],[151,137.3182],[162,132.8686],[10,137.1711],[82,139.0756],[155,132.2368],[128,141.4065],[71,137.6734],[142,135.3147],[28,136.9451],[132,134.9965],[139,139.6135],[3,138.1426],[22,134.708],[165,134.7498],[4,137.5075],[160,139.0916],[96,140.3095],[17,136.5162],[15,134.7059],[154,135.2856],[164,137.0702],[169,137.6657],[0,139.3387],[8,138.8773],[171,135.1227],[174,129.0567],[5,137.1895],[1,137.7187],[49,131.6823],[159,140.6396],[172,137.2337],[12,136.058],[150,140.8978],[6,139.2245],[152,138.1639],[166,131.0695],[16,141.1826],[26,135.452],[37,139.6801],[2,140.7416],[156,133.7312],[18,139.4652],[7,141.0109],[46,131.1678],[117,144.2426],[144,138.0874],[108,142.5786],[25,138.3077],[23,134.9046],[170,136.5311],[27,143.4279],[167,129.361],[35,135.6527],[58,130.5024],[9,142.5108],[36,139.1691],[163,137.5445],[47,134.3781],[59,134.8129],[48,140.9866],[133,139.2514],[14,140.4953],[168,139.3539],[69,129.7049],[177,138.5587],[38,136.6894],[176,140.6902],[173,133.6912],[60,132.1521],[153,141.8203],[24,139.8032],[81,131.2594],[68,127.9481],[175,141.9536]

Finish Times:
[94,63.92108],[95,64.00108],[107,64.00108],[106,64.44109],[93,64.5211],[92,64.6411],[149,64.9211],[79,65.00111],[78,65.12111],[105,65.12111],[91,65.56112],[138,65.56112],[66,65.72112],[127,65.72112],[77,65.84113],[90,66.20113],[75,66.36114],[137,66.36114],[158,66.36114],[65,66.60114],[89,66.76115],[76,66.92115],[116,67.00115],[148,67.04115],[80,67.32116],[104,67.36116],[63,67.44116],[126,67.72117],[115,67.76117],[55,67.88117],[74,67.92117],[64,68.00117],[103,68.36118],[53,68.56119],[136,68.56119],[67,68.60119],[73,68.60119],[125,68.9212],[62,69.1612],[54,69.2412],[56,69.2412],[157,69.2812],[88,69.44121],[61,69.76122],[114,69.88122],[52,69.92122],[45,70.00122],[101,70.04122],[51,70.36123],[87,70.40123],[44,70.72124],[135,70.72124],[124,70.88124],[42,70.96124],[102,70.96124],[86,71.12125],[34,71.52126],[50,71.56126],[134,71.60126],[100,71.68126],[147,71.72126],[84,72.20127],[112,72.20127],[43,72.24127],[57,72.24127],[146,72.44128],[111,72.68128],[41,72.80128],[72,72.88129],[113,73.00129],[31,73.20129],[121,73.3613],[99,73.4013],[40,73.5213],[110,73.80131],[85,73.92131],[123,73.92131],[30,74.00131],[29,74.28132],[122,74.28132],[98,74.36132],[131,74.40132],[39,74.56133],[97,74.96133],[32,75.00134],[119,75.00134],[21,75.08134],[145,75.12134],[109,75.44135],[20,75.60135],[33,75.72135],[120,75.76135],[83,75.88136],[130,75.96136],[13,76.32137],[19,76.32137],[129,76.36137],[118,76.52137],[143,76.60137],[141,77.00138],[161,77.00138],[11,77.04138],[70,77.08138],[140,77.12138],[151,77.6814],[162,77.6814],[10,77.7214],[82,77.7214],[155,77.8414],[128,78.20141],[71,78.28141],[142,78.28141],[28,78.48141],[132,78.52142],[139,78.72142],[3,78.84142],[22,79.04143],[165,79.12143],[4,79.20143],[160,79.36143],[96,79.40144],[17,79.48144],[15,79.96145],[154,79.96145],[164,79.96145],[169,79.96145],[0,80.04145],[8,80.52146],[171,80.52146],[174,80.60146],[5,80.68147],[1,80.76147],[49,81.12148],[159,81.12148],[172,81.12148],[12,81.40148],[150,81.48148],[6,81.68149],[152,81.84149],[166,81.84149],[16,82.1615],[26,82.1615],[37,82.2815],[2,82.44151],[156,82.60151],[18,82.72151],[7,82.84151],[46,82.88152],[117,83.24152],[144,83.24152],[108,83.36153],[25,83.52153],[23,83.56153],[170,83.92154],[27,83.96154],[167,84.00154],[35,84.24155],[58,84.28155],[9,84.60155],[36,84.60155],[163,84.64156],[47,84.96156],[59,85.04156],[48,85.16157],[133,85.36157],[14,85.60158],[168,85.72158],[69,85.80158],[177,86.12159],[38,86.16159],[176,86.5216],[173,86.6016],[60,86.6816],[153,86.96161],[24,87.00161],[81,87.28162],[68,87.72163],[175,87.76163]

Stuck Times:
[94,0],[95,0],[107,0],[106,0],[93,0],[92,0],[149,0],[79,0],[78,0],[105,0],[91,0],[138,0],[66,0],[127,0],[77,0],[90,0],[75,0],[137,1],[158,0],[65,0],[89,0],[76,0],[116,0],[148,0],[80,3],[104,0],[63,0],[126,1],[115,0],[55,0],[74,0],[64,2],[103,0],[53,1],[136,2],[67,4],[73,0],[125,1],[62,0],[54,1],[56,2],[157,5],[88,0],[61,1],[114,2],[52,1],[45,4],[101,1],[51,2],[87,1],[44,4],[135,4],[124,4],[42,4],[102,2],[86,2],[34,4],[50,3],[134,5],[100,1],[147,6],[84,1],[112,4],[43,6],[57,7],[146,5],[111,4],[41,5],[72,4],[113,6],[31,5],[121,4],[99,4],[40,5],[110,4],[85,4],[123,7],[30,4],[29,5],[122,7],[98,4],[131,6],[39,6],[97,4],[32,6],[119,5],[21,7],[145,7],[109,7],[20,6],[33,10],[120,7],[83,4],[130,7],[13,8],[19,5],[129,8],[118,6],[143,8],[141,7],[161,9],[11,7],[70,7],[140,6],[151,8],[162,10],[10,7],[82,7],[155,11],[128,7],[71,7],[142,9],[28,9],[132,9],[139,7],[3,8],[22,13],[165,13],[4,12],[160,9],[96,10],[17,8],[15,13],[154,10],[164,12],[169,11],[0,9],[8,9],[171,12],[174,14],[5,11],[1,11],[49,13],[159,10],[172,10],[12,15],[150,9],[6,10],[152,11],[166,13],[16,10],[26,13],[37,9],[2,11],[156,12],[18,14],[7,6],[46,19],[117,9],[144,12],[108,11],[25,16],[23,15],[170,15],[27,10],[167,18],[35,15],[58,18],[9,13],[36,12],[163,12],[47,17],[59,16],[48,14],[133,16],[14,14],[168,14],[69,20],[177,16],[38,20],[176,11],[173,17],[60,19],[153,13],[24,16],[81,22],[68,22],[175,15]

