Experiment Name: Custom-SimpleTwoPaths
Method Used: RegionalFlowGraph
Run Number: 1
Preparation Time: 107.5267ms
Pathfinding Time: 1.132ms
Finish Time: 88.44164ms
Finish Time 90%: 85.48158ms
Repaths: 0
Soft Repaths: 0

Gates Data:
0:[95,[12.58387,25.14614,0,[39.00081,27.86535]]],[107,[13.44419,26.87226,0,[38.00081,30.1632]]],[167,[15.56738,31.11789,0,[38.0008,35.55491]]],[94,[13.36305,26.69772,0,[38.97532,29.00068]]],[149,[15.07262,30.13031,0,[38.00077,33]]],[106,[14.37109,28.69094,0,[38.00075,31.45679]]],[158,[15.57598,31.12568,0,[38.0008,34.46306]]],[80,[12.47929,24.90372,0,[39.00076,26.53938]]],[174,[16.37515,32.71187,0,[37.89727,38.00074]]],[148,[15.7556,31.31723,0,[38.00082,33.51723]]],[138,[15.19533,30.31077,0,[38.00077,32.0918]]],[93,[13.71566,27.30817,0,[38.52791,29.00055]]],[166,[16.31706,32.60175,0,[38.0007,36.64893]]],[137,[15.82005,31.27692,0,[38.00088,32.35475]]],[157,[16.32209,32.598,0,[38.00071,35.52264]]],[92,[14.07071,28.10397,0,[38.00077,29.59596]]],[147,[16.51496,32.79454,0,[38.00069,34.70285]]],[79,[13.21978,26.37388,0,[39.00072,27.53593]]],[105,[14.73732,29.3455,0,[38.00079,30.74692]]],[165,[17.21874,34.31659,0,[37.98257,38.00085]]],[77,[14.53776,28.86408,0,[38.84514,29.0006]]],[136,[16.53482,32.85173,0,[38.00073,33.5972]]],[127,[15.36695,30.32463,0,[38.00084,30.71346]]],[91,[14.66451,29.04906,0,[38.0008,29.53187]]],[78,[13.93236,27.5706,0,[39.00084,28.06416]]],[135,[17.32677,34.38672,0,[38.00068,34.47221]]],[126,[16.15248,31.57247,0,[38.00071,31.74599]]],[116,[15.95573,31.43898,0,[38.00082,30.42945]]],[156,[17.14398,34.15015,0,[38.00061,36.57272]]],[134,[17.86842,35.26767,0,[38.00074,34.33191]]],[76,[15.1286,29.8694,0,[39.00074,28.88897]]],[125,[16.94345,33.10284,0,[38.00074,33.00025]]],[115,[16.73101,32.95222,0,[38.00076,31.66575]]],[146,[17.34716,34.26362,0,[38.00066,35.59628]]],[133,[18.44169,36.13536,0,[38.00067,34.26666]]],[124,[17.56347,34.11288,0,[38.00072,32.9251]]],[90,[15.19873,29.70555,0,[38.0008,29.36648]]],[114,[17.33934,34.01747,0,[38.00073,31.59704]]],[164,[17.67992,34.96955,0,[37.56676,38.00079]]],[121,[19.00781,37.55428,0,[38.00062,34.18242]]],[123,[18.18339,35.00079,0,[38.00068,32.83862]]],[75,[15.75883,30.64282,0,[39.0008,28.86129]]],[144,[18.75289,36.40705,0,[38.0006,36.00004]]],[122,[18.77158,35.98728,0,[38.00079,32.85508]]],[132,[19.29635,37.95551,0,[38.00057,35.88026]]],[104,[16.55057,32.435,0,[38.00076,30.3721]]],[113,[17.90791,34.72789,0,[38.00085,31.41175]]],[145,[18.1491,35.43875,0,[38.00058,35.97054]]],[120,[19.63874,38.62597,0,[38.00072,34.20065]]],[112,[18.50892,35.96472,0,[38.00083,31.47861]]],[89,[15.7858,30.65947,0,[38.00083,29.19078]]],[103,[17.0707,33.09483,0,[38.00071,30.14769]]],[143,[19.50299,38.47176,0,[38.00054,37.95281]]],[101,[17.64956,34.71214,0,[38.00086,30.16072]]],[110,[19.98696,39.26162,0,[38.00082,33.61153]]],[66,[14.38307,28.2743,0,[39.0008,27.62021]]],[73,[16.33651,32.08694,0,[38.0008,29.02003]]],[131,[19.87659,39.05856,0,[38.00061,35.89774]]],[119,[20.7391,40.02622,0,[38.00069,35.12091]]],[111,[19.2541,37.33776,0,[38.00077,32.57473]]],[74,[16.28684,31.42054,0,[39.00079,28.58199]]],[88,[17.02807,33.33532,0,[38.22303,29.00064]]],[155,[18.041,35.59023,0,[38.00055,37.27841]]],[99,[19.83339,38.1491,0,[38.0008,32.34872]]],[100,[19.01544,36.85948,0,[38.00077,31.22239]]],[62,[16.86812,32.30663,0,[39.00085,28.3993]]],[102,[18.25383,34.44317,0,[38.00083,30.18897]]],[142,[20.08501,39.4234,0,[38.00051,37.82872]]],[84,[19.83325,38.60553,0,[38.00084,31.19056]]],[154,[18.84733,37.01029,0,[38.00058,37.84924]]],[86,[19.07688,35.85199,0,[38.0008,30.19057]]],[64,[15.49533,29.76348,0,[39.00078,27.37936]]],[109,[20.68615,40.05789,0,[38.00077,33.72159]]],[97,[20.60226,40.18259,0,[38.00076,32.51994]]],[161,[20.23563,38.39535,0,[37.0515,38.0008]]],[61,[17.54781,33.37226,0,[38.03573,29.00053]]],[50,[18.97759,35.07696,0,[38.1213,29.00053]]],[118,[21.41324,41.42924,0,[38.00061,35.32187]]],[83,[20.48777,40.05338,0,[38.0008,31.25784]]],[130,[20.47927,39.95803,0,[38.00059,35.85049]]],[51,[18.26598,34.05354,0,[39.00077,28.70572]]],[82,[22.02439,42.7609,0,[38.00055,33.78647]]],[87,[18.3798,34.86267,0,[38.00087,29.24443]]],[72,[19.64666,36.93726,0,[38.00086,29.9211]]],[141,[20.86606,40.41771,0,[38.00056,37.68754]]],[98,[21.302,39.62848,0,[38.0008,32.48742]]],[41,[18.84049,34.08616,0,[39.00088,28.58981]]],[40,[19.82845,35.62881,0,[38.68909,29.00046]]],[39,[20.26228,37.00735,0,[38.0008,29.96085]]],[28,[21.93259,39.79021,0,[38.00084,32.21866]]],[108,[21.44832,41.65054,0,[38.00064,33.99902]]],[85,[21.11498,38.72178,0,[38.00081,31.21302]]],[65,[15.02275,29.06569,0,[39.00076,27.6679]]],[129,[21.56637,41.8019,0,[38.00058,36.91571]]],[163,[18.0766,35.63149,0,[37.0006,38.02201]]],[29,[20.76655,35.9198,0,[38.00077,29.67398]]],[21,[20.34537,35.03627,0,[38.51138,29.00062]]],[11,[22.65425,40.40905,0,[38.00077,32.3566]]],[151,[22.16144,40.55056,0,[37.4283,38.00087]]],[24,[20.83562,32.92699,0,[39.00079,28.45964]]],[13,[21.7338,35.9959,0,[38.00081,29.78137]]],[30,[19.33925,34.66309,0,[39.00088,28.25094]]],[175,[24.46988,39.0943,0,[38.0009,33.22936]]],[14,[21.19327,34.74276,0,[38.39861,29.00057]]],[117,[22.46236,43.40686,0,[38.00046,35.83505]]],[20,[21.68556,37.46289,0,[38.0008,30.84579]]],[12,[22.85949,39.03778,0,[38.00071,31.32808]]],[53,[16.55207,30.97198,0,[39.00082,27.07404]]],[96,[23.09377,43.78239,0,[38.00029,35.56313]]],[22,[19.84478,33.57078,0,[39.0008,27.89393]]],[5,[22.14894,37.2411,0,[38.87896,29.00076]]],[3,[23.25231,40.98293,0,[38.00097,30.31862]]],[71,[22.79919,42.55869,0,[38.00068,33.91362]]],[4,[22.32982,39.16684,0,[38.00079,29.49612]]],[7,[21.69181,34.9973,0,[39.00082,27.65871]]],[23,[19.06761,31.88429,0,[39.00083,26.79278]]],[153,[18.85954,37.33377,0,[37.00058,38.34869]]],[173,[16.78488,33.28421,0,[37.00072,38.61692]]],[0,[22.649,39.12078,0,[39.00085,28.44811]]],[19,[23.44563,41.02665,0,[38.00094,32.84376]]],[67,[13.60355,26.75799,0,[39.00079,26.65701]]],[128,[22.51252,43.39812,0,[38.00045,37.17529]]],[8,[23.1155,38.92918,0,[38.5518,29.00032]]],[52,[17.46841,32.66116,0,[39.00085,28.32393]]],[171,[18.85709,36.60186,0,[37.00063,40.04623]]],[10,[23.86601,41.89627,0,[38.00098,31.7217]]],[31,[18.64254,32.85265,0,[39.00087,27.37655]]],[6,[21.01489,34.70991,0,[39.00067,27.5748]]],[169,[21.41962,39.61126,0,[37.00054,39.78621]]],[56,[14.45546,27.93419,0,[39.00083,26.41535]]],[159,[23.90979,42.67387,0,[38.00095,35.36015]]],[15,[20.21954,31.71188,0,[39.00075,26.13769]]],[27,[22.90654,34.27191,0,[39.00085,27.43222]]],[63,[16.02205,30.60137,0,[39.00087,27.26653]]],[9,[23.62616,41.07353,0,[38.05464,29.00033]]],[170,[20.6577,38.19577,0,[37.00064,39.98895]]],[16,[20.97296,32.3184,0,[39.00074,26.1619]]],[17,[24.57463,40.18495,0,[38.00077,29.83264]]],[42,[18.03405,32.17467,0,[39.00079,27.42418]]],[2,[24.67246,42.95013,0,[38.00043,31.52034]]],[150,[22.86049,42.19406,0,[37.00528,38.00087]]],[25,[20.13796,31.66722,0,[39.00077,27.17217]]],[36,[21.93438,30.78468,0,[39.00075,26.63533]]],[69,[12.00785,23.72243,0,[39.0007,24.70004]]],[177,[25.54014,34.45322,0,[38.00034,35.26851]]],[140,[21.44715,41.26678,0,[37.64971,38.0007]]],[26,[21.83149,31.84536,0,[39.0008,25.22321]]],[49,[23.7717,29.44309,0,[39.00072,26.19208]]],[58,[13.61444,26.01139,0,[39.00068,25.56637]]],[70,[23.83307,43.5299,0,[38.00095,34.08743]]],[48,[20.11036,26.15982,0,[39.00074,24.71111]]],[176,[24.94906,39.13159,0,[38.00047,37.84765]]],[38,[23.85715,36.57867,0,[39.00091,27.79171]]],[43,[17.158,31.13471,0,[39.00085,27.04341]]],[139,[23.82798,44.41952,0,[37.75997,38.00094]]],[1,[20.87226,34.50834,0,[39.00072,24.72318]]],[152,[19.57727,38.54291,0,[37.00056,38.39603]]],[60,[22.80412,25.81457,0,[39.0008,25.96175]]],[59,[12.69282,24.64596,0,[39.00076,24.52514]]],[32,[18.11374,31.11303,0,[39.00087,26.16167]]],[18,[24.97108,40.75529,0,[39.00081,28.5519]]],[34,[16.53529,28.15336,0,[39.00095,24.28289]]],[162,[19.89964,37.84597,0,[37.0006,40.30468]]],[44,[16.30799,29.35287,0,[39.00078,25.77677]]],[35,[18.68935,27.96795,0,[39.00068,24.40339]]],[54,[15.58119,29.42148,0,[39.00085,26.00692]]],[168,[22.98831,41.9008,0,[37.00053,39.74864]]],[57,[13.83682,26.12476,0,[39.00074,24.73106]]],[46,[18.65188,27.85239,0,[39.00068,25.44925]]],[45,[15.32843,27.68332,0,[39.00079,24.66212]]],[33,[17.17819,30.27865,0,[39.00072,25.96789]]],[172,[17.7824,34.84029,0,[37.0006,39.31676]]],[160,[21.81307,40.04753,0,[37.00072,39.045]]],[37,[24.58658,34.41739,0,[39.00079,26.05814]]],[68,[12.82324,25.23519,0,[39.00077,25.83722]]],[47,[14.47135,26.11197,0,[39.00069,24.48137]]],[55,[14.92171,28.54108,0,[39.00077,25.98617]]],[81,[11.73493,23.43163,0,[39.00076,25.42517]]]
2:[95,[50.52797,100.7646,0,[88.00076,85.15995]]],[107,[51.84394,103.5182,0,[88.00078,87.87103]]],[167,[51.81196,103.5419,0,[87.00078,88.69178]]],[94,[51.34155,102.2761,0,[88.00076,86.229]]],[149,[52.4269,104.3658,0,[88.00072,87.69351]]],[106,[51.96902,102.9665,0,[88.00075,86.18219]]],[158,[52.35877,104.0351,0,[87.00074,88.28463]]],[80,[51.36763,101.6998,0,[88.00074,84.70782]]],[174,[52.75652,104.6499,0,[87.00072,89.81867]]],[148,[53.10287,105.3904,0,[87.92072,88.00072]]],[138,[52.79114,104.3869,0,[88.00078,86.53192]]],[93,[52.14687,102.5363,0,[88.00077,85.15559]]],[166,[53.4005,104.959,0,[87.00072,89.55499]]],[137,[53.61895,105.9883,0,[88.00076,87.55546]]],[157,[53.33114,104.8973,0,[87.00073,88.31992]]],[92,[53.18314,103.6851,0,[88.00069,86.0136]]],[147,[53.93125,105.6533,0,[87.3557,88.00063]]],[79,[52.51124,102.003,0,[88.00072,84.58611]]],[105,[54.09192,104.876,0,[88.00071,87.02284]]],[165,[54.23236,105.8474,0,[87.00074,89.52833]]],[77,[53.36235,103.7594,0,[88.00075,84.95998]]],[136,[54.46128,106.5121,0,[87.00069,88.4585]]],[127,[54.92724,106.6031,0,[88.00072,87.95847]]],[91,[54.28972,104.8956,0,[88.00071,86.20272]]],[78,[53.92115,103.0424,0,[88.00072,84.69466]]],[135,[54.97503,107.3991,0,[87.00078,88.2805]]],[126,[55.41182,106.8272,0,[88.00069,87.69119]]],[116,[54.85833,106.5387,0,[88.00077,86.147]]],[156,[55.15062,106.8712,0,[87.00069,90.03683]]],[134,[55.63325,108.4092,0,[87.0008,88.28801]]],[76,[54.5535,104.6126,0,[88.00076,84.75592]]],[125,[55.97682,107.4173,0,[88.00082,87.57146]]],[115,[55.46938,107.1897,0,[88.0008,86.18507]]],[146,[55.84666,107.5546,0,[87.00072,89.87296]]],[133,[56.23257,109.2064,0,[87.00076,88.17553]]],[124,[56.53226,108.3363,0,[88.00077,87.47732]]],[90,[55.16341,104.893,0,[88.00077,84.77073]]],[114,[56.0374,108.1384,0,[88.00076,86.02847]]],[164,[56.62672,107.3179,0,[87.00069,89.84634]]],[121,[57.0742,111.031,0,[87.6526,88.0007]]],[123,[56.8611,108.7488,0,[88.00079,86.64625]]],[75,[55.78036,105.5831,0,[88.00077,84.66]]],[144,[57.04523,109.0374,0,[87.00072,89.13489]]],[122,[57.75752,110.4626,0,[88.00079,87.65835]]],[132,[57.49287,110.0258,0,[87.00079,88.29369]]],[104,[56.56194,106.8942,0,[88.00069,85.14383]]],[113,[57.44192,109.2734,0,[88.00076,86.27375]]],[145,[57.91555,108.5942,0,[87.00075,89.81545]]],[120,[58.07417,111.853,0,[87.00076,88.19114]]],[112,[58.33475,111.5594,0,[88.00073,87.53361]]],[89,[56.97812,105.8466,0,[88.00074,84.68925]]],[103,[57.96967,108.3842,0,[88.00079,85.9911]]],[143,[58.58537,110.4221,0,[87.00078,89.76384]]],[101,[58.87677,111.2026,0,[88.00076,87.28399]]],[110,[58.67742,112.8637,0,[87.14165,88.00062]]],[66,[57.57736,104.2,0,[88.0008,84.5301]]],[73,[58.5341,108.2676,0,[88.0007,85.84277]]],[131,[59.17231,112.0973,0,[87.00069,89.49354]]],[119,[59.26259,112.6961,0,[87.00082,88.17431]]],[111,[59.54716,111.8898,0,[88.0008,87.48917]]],[74,[58.44359,106.421,0,[88.00072,84.60655]]],[88,[59.23338,109.7502,0,[88.00014,86.00066]]],[155,[59.8316,108.0959,0,[87.0008,89.56243]]],[99,[59.82915,112.9014,0,[87.00073,88.02554]]],[100,[60.10327,112.2072,0,[88.00074,87.26423]]],[62,[59.15468,107.9069,0,[88.00076,84.73122]]],[102,[59.97503,109.5928,0,[88.00075,85.94691]]],[142,[60.6848,111.5973,0,[87.00076,88.95683]]],[84,[60.74119,114.4361,0,[87.66762,88.00066]]],[154,[60.59698,110.146,0,[87.00073,89.94878]]],[86,[60.7899,111.893,0,[88.00079,86.93228]]],[64,[59.76346,106.0619,0,[88.00076,84.48605]]],[109,[61.09319,114.0666,0,[87.00072,88.42329]]],[97,[61.6418,115.2638,0,[88.00076,87.951]]],[161,[61.57744,111.7866,0,[87.00071,89.97527]]],[61,[60.68701,109.3526,0,[88.00071,85.70584]]],[50,[61.58677,111.936,0,[88.00079,86.79127]]],[118,[61.70816,114.3211,0,[87.00075,88.30487]]],[83,[62.35511,115.9998,0,[87.96335,88.00071]]],[130,[62.25724,113.5391,0,[87.00067,89.8425]]],[51,[60.57942,108.8202,0,[88.00078,84.48679]]],[82,[62.42091,116.7861,0,[87.00075,88.61408]]],[87,[61.59218,111.029,0,[88.00063,85.74258]]],[72,[62.52344,113.1746,0,[88.00075,87.10011]]],[141,[63.11035,113.544,0,[87.00069,90.07838]]],[98,[62.8264,114.4311,0,[87.43066,88.00065]]],[41,[61.50917,109.5853,0,[88.00076,84.58451]]],[40,[62.49729,111.4654,0,[88.00073,85.94379]]],[39,[63.26908,113.6165,0,[88.00071,87.33581]]],[28,[63.27949,114.6582,0,[87.02988,88.00068]]],[108,[63.2709,116.1471,0,[87.0007,89.14957]]],[85,[64.01242,114.6839,0,[88.00076,87.6805]]],[65,[62.16303,104.8107,0,[88.00069,84.54032]]],[129,[63.99879,114.5,0,[87.00077,88.60658]]],[163,[64.09285,109.9886,0,[87.00074,89.84081]]],[29,[64.51678,113.0982,0,[88.00076,87.46317]]],[21,[63.2648,111.1583,0,[88.00072,85.99529]]],[11,[64.37683,115.6994,0,[87.00076,88.01642]]],[151,[64.81966,113.9096,0,[87.00076,89.87637]]],[24,[64.11291,109.2535,0,[88.00072,86.06988]]],[13,[65.15696,113.6743,0,[88.0007,87.59286]]],[30,[63.15349,110.0436,0,[88.00068,84.52682]]],[175,[65.15362,113.779,0,[87.00071,88.14226]]],[14,[64.87225,111.0991,0,[88.00074,86.09175]]],[117,[65.16779,117.2966,0,[87.00072,89.31286]]],[20,[65.67194,113.8055,0,[88.00076,87.3232]]],[12,[65.75447,115.0069,0,[87.1895,88.00066]]],[53,[64.06496,107.9682,0,[88.00075,84.63003]]],[96,[65.95331,118.7732,0,[87.00076,90.04276]]],[22,[65.45824,110.4831,0,[88.00074,85.9356]]],[5,[66.28303,114.3845,0,[88.00072,87.30909]]],[3,[66.33408,118.4396,0,[87.00073,88.2179]]],[71,[66.22569,118.1566,0,[87.00072,89.3455]]],[4,[67.05559,116.9778,0,[87.99582,88.00066]]],[7,[66.09187,111.7508,0,[88.00073,85.90034]]],[23,[64.7696,108.5297,0,[88.00079,84.45913]]],[153,[67.16466,112.0116,0,[87.00082,88.9665]]],[173,[67.03485,106.1363,0,[87.0007,89.983]]],[0,[67.01282,116.2939,0,[88.00074,86.8498]]],[19,[67.3362,116.9727,0,[87.29858,88.00057]]],[67,[65.66032,105.2559,0,[88.00085,84.39979]]],[128,[67.91911,118.1383,0,[87.00074,88.75883]]],[8,[67.80556,116.4516,0,[88.00086,87.19778]]],[52,[67.01743,110.4245,0,[88.00076,85.7682]]],[171,[67.96627,110.5303,0,[87.00074,89.94581]]],[10,[68.1927,118.0027,0,[87.49412,88.00067]]],[31,[67.75118,111.856,0,[88.00083,86.01901]]],[6,[68.6135,113.3943,0,[88.00069,87.41042]]],[169,[68.75472,113.4991,0,[87.00074,89.92547]]],[56,[66.86145,106.3807,0,[88.00072,84.49278]]],[159,[68.63054,117.9924,0,[87.00076,88.54899]]],[15,[68.64024,110.9495,0,[88.00079,86.24187]]],[27,[69.15252,113.1672,0,[87.55627,88.00062]]],[63,[67.82721,109.7352,0,[88.00078,84.98726]]],[9,[69.49225,119.4339,0,[87.00076,88.79598]]],[170,[69.46692,114.3136,0,[87.00073,89.91047]]],[16,[69.47327,112.5127,0,[88.00083,87.12302]]],[17,[69.81757,117.7875,0,[87.53905,88.0006]]],[42,[69.14063,111.8774,0,[88.00087,85.8419]]],[2,[70.21535,119.9797,0,[87.00074,88.63432]]],[150,[70.2889,118.1318,0,[87.00071,89.90166]]],[25,[69.92014,112.0276,0,[88.00077,86.59315]]],[36,[70.63371,110.7934,0,[88.00077,87.94801]]],[69,[68.4059,106.3295,0,[88.00073,84.5178]]],[177,[70.8091,109.9504,0,[87.00076,88.58682]]],[140,[71.059,118.8977,0,[87.00071,90.06354]]],[26,[70.7618,112.4911,0,[88.00076,86.68397]]],[49,[71.20001,109.1722,0,[87.85383,88.00066]]],[58,[70.02122,108.5027,0,[88.00085,85.62393]]],[70,[71.40389,121.8218,0,[87.00078,88.366]]],[48,[71.12329,107.2247,0,[88.00072,86.14615]]],[176,[71.71419,114.359,0,[87.00077,89.84542]]],[38,[71.76441,115.4669,0,[88.00076,87.68154]]],[43,[70.00109,112.4218,0,[88.00071,84.53552]]],[139,[71.9584,121.0645,0,[87.0008,88.1562]]],[1,[71.76343,116.6218,0,[88.00078,86.21219]]],[152,[72.31052,116.1619,0,[87.00064,89.68441]]],[60,[72.42252,107.1626,0,[88.00071,87.69462]]],[59,[71.09142,107.6629,0,[88.00079,84.88288]]],[32,[72.33971,113.2283,0,[88.00074,86.14996]]],[18,[72.60043,119.1326,0,[87.00078,88.20645]]],[34,[73.07318,115.512,0,[88.00064,87.60742]]],[162,[73.00365,114.5066,0,[87.00066,89.70629]]],[44,[71.567,111.525,0,[88.00072,84.44514]]],[35,[73.22022,113.3481,0,[87.00079,88.07986]]],[54,[73.19188,113.6036,0,[88.00072,86.61773]]],[168,[73.68224,120.5607,0,[87.00077,89.6417]]],[57,[72.45855,109.0484,0,[88.00076,85.03609]]],[46,[74.11517,113.1956,0,[88.00065,87.80888]]],[45,[73.72241,113.9629,0,[88.00081,86.30896]]],[33,[73.01612,112.4963,0,[88.00076,84.76415]]],[172,[74.24137,109.33,0,[87.00074,89.13273]]],[160,[74.4092,119.0984,0,[87.14267,88.00043]]],[37,[74.74975,115.1201,0,[88.00088,87.02248]]],[68,[73.99508,107.5612,0,[88.00075,85.37469]]],[47,[75.26638,116.6239,0,[87.00072,88.71428]]],[55,[75.8009,117.3164,0,[88.0008,87.80538]]],[81,[75.01629,104.7799,0,[88.00073,85.78791]]]

Travel Distances:
[95,123.586],[107,125.7981],[167,125.7329],[94,125.1124],[149,125.4181],[106,126.4674],[158,126.9406],[80,126.6231],[174,126.8066],[148,126.9785],[138,126.5285],[93,125.5734],[166,125.7386],[137,128.6145],[157,127.7575],[92,126.8532],[147,127.4916],[79,126.1441],[105,126.4255],[165,128.6132],[77,128.4244],[136,129.2341],[127,128.4784],[91,128.0056],[78,126.6433],[135,128.9666],[126,127.7149],[116,128.5102],[156,127.6422],[134,130.6844],[76,128.8942],[125,129.1772],[115,129.9088],[146,128.9545],[133,132.3329],[124,130.9761],[90,129.8279],[114,131.6332],[164,129.2874],[121,132.4648],[123,130.6737],[75,129.2213],[144,130.2144],[122,132.6509],[132,132.6],[104,130.9827],[113,131.916],[145,130.0137],[120,133.3691],[112,132.5606],[89,130.9859],[103,131.9159],[143,132.5632],[101,133.1913],[110,135.2004],[66,128.1326],[73,130.6796],[131,133.0053],[119,135.8016],[111,134.3784],[74,130.9411],[88,132.6939],[155,129.545],[99,134.8746],[100,133.53],[62,132.9751],[102,133.1963],[142,133.6577],[84,136.345],[154,131.9405],[86,133.6471],[64,129.9248],[109,135.2846],[97,137.6431],[161,134.0503],[61,133.1489],[50,134.3603],[118,136.4238],[83,137.0382],[130,134.5149],[51,134.1986],[82,139.533],[87,134.9455],[72,135.5809],[141,134.9542],[98,136.2291],[41,133.4615],[40,133.7446],[39,134.6187],[28,137.6044],[108,138.8322],[85,136.4027],[65,129.1102],[129,136.082],[163,130.8035],[29,133.8932],[21,135.1488],[11,138.4389],[151,135.5531],[24,132.247],[13,135.1255],[30,133.6813],[175,135.165],[14,134.9099],[117,140.1324],[20,136.2988],[12,137.217],[53,132.0412],[96,139.8492],[22,133.0435],[5,135.625],[3,141.3338],[71,140.5516],[4,138.5984],[7,134.9726],[23,133.2305],[153,133.0894],[173,126.8673],[0,137.6967],[19,139.7454],[67,130.566],[128,139.988],[8,138.3723],[52,133.526],[171,131.9509],[10,139.3024],[31,135.5136],[6,135.8105],[169,135.3867],[56,131.2409],[159,140.1346],[15,133.1454],[27,134.3835],[63,132.8985],[9,142.0544],[170,136.7666],[16,134.969],[17,139.8258],[42,135.1102],[2,141.261],[150,139.0668],[25,133.6146],[36,131.2414],[69,131.2182],[177,131.9392],[140,140.3024],[26,134.7134],[49,130.3765],[58,131.4188],[70,144.6267],[48,130.5628],[176,136.5003],[38,137.4659],[43,136.7623],[139,142.6046],[1,138.6537],[152,137.0457],[60,127.8099],[59,132.3581],[32,136.0389],[18,141.2061],[34,136.9445],[162,135.9222],[44,135.028],[35,136.0855],[54,136.5839],[168,142.2265],[57,132.8395],[46,134.2726],[45,135.7563],[33,137.0471],[172,131.5441],[160,141.3716],[37,136.8178],[68,130.1886],[47,139.075],[55,139.2601],[81,127.8774]

Finish Times:
[95,63.80108],[107,64.04108],[167,64.24109],[94,64.40109],[149,64.7211],[106,65.04111],[158,65.04111],[80,65.08111],[174,65.20111],[148,65.40112],[138,65.60112],[93,65.84113],[166,65.92113],[137,65.96113],[157,66.08113],[92,66.28114],[147,66.48114],[79,66.56114],[105,66.72115],[165,66.96115],[77,67.04115],[136,67.08115],[127,67.20116],[91,67.24116],[78,67.72117],[135,67.72117],[126,67.80117],[116,67.84117],[156,67.84117],[134,68.36118],[76,68.40118],[125,68.40118],[115,68.48119],[146,68.56119],[133,68.9612],[124,69.0012],[90,69.0812],[114,69.1212],[164,69.2412],[121,69.56121],[123,69.68121],[75,69.72121],[144,69.72121],[122,70.16122],[132,70.24123],[104,70.28123],[113,70.44123],[145,70.64124],[120,70.76124],[112,70.80124],[89,70.96124],[103,71.12125],[143,71.12125],[101,71.40125],[110,71.40125],[66,71.64126],[73,71.72126],[131,71.92126],[119,71.96127],[111,72.08127],[74,72.32127],[88,72.40128],[155,72.56128],[99,72.60128],[100,72.72128],[62,73.00129],[102,73.12129],[142,73.24129],[84,73.2813],[154,73.3213],[86,73.6813],[64,73.72131],[109,73.84131],[97,73.96131],[161,74.08131],[61,74.28132],[50,74.40132],[118,74.44132],[83,74.64133],[130,74.76133],[51,74.96133],[82,75.00134],[87,75.04134],[72,75.24134],[141,75.44135],[98,75.52135],[41,75.68135],[40,75.76135],[39,75.88136],[28,76.12136],[108,76.16136],[85,76.40137],[65,76.44137],[129,76.52137],[163,76.88138],[29,76.92138],[21,77.04138],[11,77.16138],[151,77.24139],[24,77.36139],[13,77.56139],[30,77.8414],[175,77.8414],[14,77.9614],[117,78.08141],[20,78.12141],[12,78.40141],[53,78.56142],[96,78.56142],[22,78.64142],[5,78.76142],[3,79.04143],[71,79.24143],[4,79.32143],[7,79.32143],[23,79.32143],[153,79.72144],[173,79.80145],[0,79.88145],[19,80.00145],[67,80.00145],[128,80.44146],[8,80.48146],[52,80.52146],[171,80.56146],[10,80.68147],[31,81.08147],[6,81.12148],[169,81.20148],[56,81.28148],[159,81.32148],[15,81.68149],[27,81.68149],[63,81.88149],[9,82.0015],[170,82.0015],[16,82.2415],[17,82.2815],[42,82.52151],[2,82.72151],[150,82.76151],[25,82.88152],[36,82.92152],[69,83.16152],[177,83.40153],[140,83.44153],[26,83.52153],[49,83.60153],[58,83.76154],[70,84.08154],[48,84.16154],[176,84.16154],[38,84.24155],[43,84.44155],[139,84.76156],[1,84.80156],[152,84.88156],[60,84.92156],[59,85.12157],[32,85.40157],[18,85.48158],[34,85.56158],[162,85.60158],[44,85.88158],[35,86.16159],[54,86.16159],[168,86.4016],[57,86.4416],[46,86.7216],[45,86.84161],[33,87.16161],[172,87.20161],[160,87.36162],[37,87.64162],[68,87.92163],[47,88.16164],[55,88.28164],[81,88.44164]

Stuck Times:
[95,0],[107,0],[167,0],[94,0],[149,0],[106,0],[158,0],[80,0],[174,0],[148,0],[138,0],[93,0],[166,0],[137,0],[157,0],[92,0],[147,0],[79,0],[105,0],[165,1],[77,1],[136,0],[127,0],[91,1],[78,0],[135,0],[126,1],[116,0],[156,1],[134,0],[76,1],[125,0],[115,0],[146,1],[133,0],[124,0],[90,0],[114,0],[164,2],[121,0],[123,1],[75,2],[144,1],[122,0],[132,1],[104,2],[113,0],[145,3],[120,0],[112,0],[89,3],[103,1],[143,3],[101,0],[110,0],[66,5],[73,2],[131,2],[119,1],[111,3],[74,3],[88,2],[155,7],[99,1],[100,3],[62,4],[102,3],[142,5],[84,2],[154,5],[86,2],[64,6],[109,3],[97,2],[161,5],[61,5],[50,3],[118,3],[83,3],[130,5],[51,6],[82,2],[87,4],[72,2],[141,7],[98,3],[41,5],[40,5],[39,3],[28,2],[108,4],[85,5],[65,9],[129,6],[163,8],[29,4],[21,5],[11,1],[151,5],[24,8],[13,5],[30,6],[175,5],[14,7],[117,4],[20,5],[12,4],[53,10],[96,3],[22,10],[5,8],[3,1],[71,6],[4,5],[7,8],[23,8],[153,11],[173,14],[0,9],[19,7],[67,15],[128,8],[8,7],[52,13],[171,12],[10,5],[31,11],[6,9],[169,12],[56,15],[159,7],[15,13],[27,12],[63,13],[9,8],[170,11],[16,11],[17,12],[42,13],[2,10],[150,10],[25,12],[36,13],[69,18],[177,14],[140,11],[26,16],[49,18],[58,17],[70,8],[48,20],[176,14],[38,15],[43,14],[139,10],[1,15],[152,15],[60,20],[59,18],[32,14],[18,11],[34,18],[162,15],[44,15],[35,17],[54,16],[168,12],[57,17],[46,21],[45,15],[33,15],[172,19],[160,14],[37,20],[68,20],[47,15],[55,18],[81,22]

