Experiment Name: Custom-SimpleTwoPaths
Method Used: RegionalFlowGraph
Run Number: 4
Preparation Time: 107.5267ms
Pathfinding Time: 1.068ms
Finish Time: 88.68165ms
Finish Time 90%: 85.60158ms
Repaths: 0
Soft Repaths: 0

Gates Data:
0:[95,[12.60353,25.18643,0,[39.0008,27.92611]]],[107,[13.46338,26.91157,0,[38.0008,30.22476]]],[94,[13.34084,26.65168,0,[38.91169,29.00069]]],[167,[15.58522,31.15708,0,[38.0008,35.61496]]],[158,[15.59289,31.16329,0,[38.0008,34.51931]]],[80,[12.51029,24.96741,0,[39.00075,26.63441]]],[149,[15.1012,30.18763,0,[38.00078,33.08449]]],[106,[14.39915,28.74606,0,[38.00074,31.54425]]],[174,[16.31095,32.58423,0,[37.74231,38.00072]]],[166,[16.35405,32.67182,0,[38.0007,36.76989]]],[148,[15.80168,31.41158,0,[38.0008,33.66735]]],[138,[15.26213,30.40446,0,[38.00077,32.23361]]],[93,[13.65323,27.19246,0,[38.37931,29.00057]]],[157,[16.35754,32.6721,0,[38.00071,35.64322]]],[137,[15.91864,31.39092,0,[38.00085,32.54469]]],[165,[17.18354,34.25534,0,[37.92223,38.00087]]],[92,[14.10515,28.16642,0,[38.00077,29.69564]]],[79,[13.25265,26.42912,0,[39.00072,27.6194]]],[147,[16.59727,32.9061,0,[38.00069,34.88229]]],[126,[16.1584,31.60405,0,[38.00074,31.7885]]],[105,[14.76314,29.43148,0,[38.00078,30.87957]]],[156,[17.18003,34.16605,0,[38.00058,36.59859]]],[77,[14.50784,28.8308,0,[38.77486,29.00057]]],[127,[15.36295,30.34443,0,[38.00084,30.73726]]],[136,[16.62731,32.96035,0,[38.00076,33.77718]]],[91,[14.66998,29.05742,0,[38.00082,29.55307]]],[164,[17.68086,35.00388,0,[37.57347,38.0008]]],[115,[16.73351,33.01692,0,[38.00077,31.7339]]],[135,[17.55011,34.49722,0,[38.00064,34.62354]]],[78,[13.95012,27.65558,0,[39.00082,28.20506]]],[116,[15.98197,31.47763,0,[38.00083,30.48566]]],[146,[17.35473,34.15341,0,[38.00062,35.4061]]],[125,[16.88709,33.12377,0,[38.00076,33.02465]]],[145,[18.33084,35.73324,0,[38.00055,36.4063]]],[155,[17.9759,35.54023,0,[38.00063,37.15779]]],[76,[15.10768,29.82047,0,[39.0007,28.78887]]],[90,[15.23131,29.76239,0,[38.00082,29.46012]]],[114,[17.30636,34.10717,0,[38.00072,31.72002]]],[124,[17.47074,34.17025,0,[38.00071,33.04581]]],[104,[16.55485,32.49096,0,[38.00077,30.44433]]],[66,[14.39739,28.32325,0,[39.00086,27.76267]]],[154,[18.83426,36.93812,0,[37.77504,38.00083]]],[123,[18.06339,35.09513,0,[38.00072,33.0982]]],[103,[17.13151,33.29276,0,[38.0007,30.41943]]],[75,[15.73089,30.66983,0,[39.00083,28.90034]]],[134,[18.10509,35.41499,0,[38.00063,34.56956]]],[122,[18.73624,36.24852,0,[38.00077,33.33833]]],[113,[17.94954,35.01708,0,[38.00079,31.87073]]],[89,[15.78575,30.70534,0,[38.00085,29.24084]]],[101,[18.13448,35.29966,0,[38.00075,31.03854]]],[120,[19.58855,38.51743,0,[38.00074,34.12358]]],[144,[18.85745,36.53174,0,[38.00063,36.28147]]],[67,[13.56566,26.64176,0,[39.00085,26.54034]]],[112,[18.83259,36.53817,0,[38.00076,32.3772]]],[73,[16.36147,32.17945,0,[38.00076,29.1528]]],[121,[19.34287,37.95502,0,[38.00063,34.884]]],[88,[17.46843,33.71979,0,[38.00082,29.87055]]],[133,[18.66863,36.34155,0,[38.00072,34.59095]]],[132,[19.4223,38.20958,0,[38.00057,36.26965]]],[74,[16.29232,31.52803,0,[39.00074,28.73613]]],[62,[17.02155,32.20126,0,[38.35712,29.0006]]],[100,[18.78633,36.81046,0,[38.00077,31.21525]]],[142,[20.15696,39.44933,0,[37.87096,38.00083]]],[111,[19.57425,37.55794,0,[38.00077,32.92218]]],[65,[14.94676,28.97522,0,[39.00087,27.48946]]],[86,[19.02638,35.98664,0,[38.00071,30.46679]]],[99,[19.67155,37.80085,0,[38.00073,31.94346]]],[109,[20.29125,40.43534,0,[38.00066,34.34393]]],[110,[20.44402,39.15802,0,[38.00065,33.45437]]],[72,[19.66765,37.39163,0,[38.00074,30.67749]]],[84,[20.38219,39.23448,0,[38.00067,32.18858]]],[102,[18.03413,34.20964,0,[38.00074,29.81791]]],[64,[15.58208,29.92444,0,[39.00084,27.65361]]],[63,[16.70531,31.23337,0,[39.00083,28.26094]]],[50,[18.96502,35.12624,0,[38.00072,29.24665]]],[85,[20.30873,38.04768,0,[38.00067,30.83295]]],[131,[20.18756,39.55664,0,[38.00055,36.6023]]],[56,[14.21764,28.05675,0,[39.00086,26.52199]]],[39,[19.62445,36.39563,0,[38.0008,29.40702]]],[61,[17.67566,33.69733,0,[38.47251,29.00056]]],[130,[20.90156,40.98495,0,[37.67714,38.00084]]],[119,[20.37592,40.24152,0,[38.0006,35.6407]]],[129,[21.16933,41.36937,0,[38.00063,35.69045]]],[87,[18.24598,34.69176,0,[38.00071,29.02809]]],[53,[16.70355,31.03255,0,[39.00081,27.1608]]],[140,[21.32858,41.6511,0,[38.0006,37.28344]]],[83,[21.15379,40.62379,0,[38.00086,32.18132]]],[173,[16.84164,33.34779,0,[37.00073,38.73262]]],[51,[18.24311,33.95111,0,[39.00068,28.63256]]],[97,[21.30753,41.58979,0,[38.00081,34.57056]]],[98,[21.23926,40.10105,0,[38.00087,33.36]]],[160,[22.14821,41.1179,0,[38.00039,37.58215]]],[29,[20.23959,36.07837,0,[38.00076,29.48902]]],[52,[17.37047,32.62142,0,[39.00084,28.26873]]],[118,[21.99483,41.99528,0,[38.00077,35.84725]]],[128,[21.98583,42.29067,0,[38.00081,34.47057]]],[20,[20.71904,35.93287,0,[38.00072,29.19477]]],[54,[15.87652,29.97999,0,[39.00079,26.96855]]],[19,[21.62619,38.6553,0,[38.00089,30.6051]]],[143,[19.47412,38.33819,0,[37.834,38.00085]]],[108,[21.99436,41.29534,0,[38.00082,33.24888]]],[13,[21.04247,35.6535,0,[39.00071,28.65662]]],[40,[19.62634,35.49437,0,[39.00077,28.88898]]],[71,[20.93043,39.96748,0,[38.00078,30.76508]]],[139,[23.05749,43.8203,0,[37.86184,38.00095]]],[163,[18.08902,35.62427,0,[37.06799,38.00082]]],[31,[18.83269,32.93274,0,[39.00073,27.50507]]],[4,[22.33747,39.78955,0,[38.0009,30.37118]]],[11,[22.65664,39.83455,0,[38.00089,31.72371]]],[42,[17.38118,31.95628,0,[39.00069,27.16481]]],[152,[19.70482,38.75623,0,[37.00054,38.66321]]],[41,[18.9457,34.14173,0,[39.00071,28.79281]]],[10,[23.63334,42.24969,0,[38.001,32.53172]]],[12,[21.46977,36.79451,0,[38.00091,29.41846]]],[141,[20.37007,39.8325,0,[37.00058,38.4231]]],[43,[16.53528,30.10877,0,[39.00075,25.80478]]],[22,[19.49085,33.44652,0,[39.00079,27.6404]]],[96,[22.80835,43.06707,0,[38.00074,34.70985]]],[7,[22.09908,37.29842,0,[38.0009,29.10234]]],[32,[18.15999,31.95273,0,[39.0007,27.3834]]],[162,[20.14246,38.09624,0,[37.00064,40.61241]]],[23,[18.09836,31.2466,0,[39.00072,26.04056]]],[175,[24.87606,40.78568,0,[38.00098,33.09144]]],[30,[20.34207,35.28741,0,[39.00078,28.93212]]],[150,[23.29148,43.41668,0,[38.00031,36.96053]]],[33,[17.3065,30.16569,0,[39.00071,25.95137]]],[16,[21.1184,34.30551,0,[39.00079,27.50575]]],[82,[21.89061,41.47268,0,[38.00085,31.92675]]],[0,[23.01482,41.2204,0,[38.00072,30.21887]]],[151,[21.38474,39.83731,0,[37.09681,38.0008]]],[2,[23.78984,41.79169,0,[38.00092,29.82782]]],[5,[21.88368,37.68996,0,[39.0009,28.68116]]],[59,[12.63469,24.68638,0,[39.00077,24.59593]]],[15,[20.65082,31.67433,0,[39.00069,25.98159]]],[28,[22.86364,40.90992,0,[38.00079,33.25766]]],[168,[25.05151,40.17536,0,[38.00034,34.62691]]],[8,[22.56843,36.47385,0,[39.00095,28.04886]]],[21,[20.1688,34.59545,0,[39.00079,27.6761]]],[161,[20.96651,39.4364,0,[37.00058,40.39966]]],[9,[22.55274,36.4424,0,[39.00097,26.81656]]],[3,[24.42665,42.07623,0,[38.00086,31.5882]]],[60,[23.57744,26.84169,0,[39.0008,27.04366]]],[159,[24.7246,43.14458,0,[37.93213,38.00094]]],[69,[11.97484,23.72231,0,[39.00073,24.69801]]],[18,[23.80532,40.46998,0,[39.0009,28.62524]]],[170,[21.45859,38.00163,0,[37.00058,39.60051]]],[49,[23.59892,30.25479,0,[39.0009,25.58395]]],[117,[24.07687,43.70413,0,[38.00014,35.55053]]],[6,[20.21241,34.17611,0,[39.00082,26.6137]]],[26,[21.62328,31.40064,0,[39.0008,26.83784]]],[24,[18.7214,30.70469,0,[39.0008,25.96087]]],[38,[22.26337,34.24728,0,[39.00091,25.36123]]],[177,[22.47993,35.31687,0,[37.00053,39.95837]]],[57,[14.06892,26.66513,0,[39.00087,25.32259]]],[36,[20.62116,29.01451,0,[39.00081,24.80049]]],[37,[24.56591,32.9877,0,[39.0008,26.12869]]],[14,[19.5018,32.59604,0,[39.00085,26.46754]]],[27,[24.4476,38.43988,0,[38.30393,29.00051]]],[35,[19.36274,28.68197,0,[39.00084,25.24395]]],[176,[23.62125,37.31997,0,[37.00059,38.63134]]],[55,[14.84114,28.70544,0,[39.00085,26.29287]]],[58,[13.36603,25.64911,0,[39.00089,25.09021]]],[153,[19.03605,37.70466,0,[37.00055,38.84158]]],[34,[17.13288,28.30993,0,[39.00073,24.55852]]],[17,[21.52147,32.91574,0,[39.00084,25.45469]]],[172,[17.83437,34.83977,0,[37.0006,39.32048]]],[45,[15.20231,28.29397,0,[39.00085,25.6725]]],[25,[19.59293,29.17934,0,[39.00076,24.37299]]],[70,[23.82228,43.16808,0,[38.00099,33.96289]]],[169,[22.36942,39.28027,0,[37.0004,38.40265]]],[46,[15.84288,26.98039,0,[39.00084,24.35267]]],[47,[14.38225,26.04757,0,[39.00077,24.49382]]],[48,[18.23199,26.04084,0,[39.00078,24.56151]]],[171,[18.91716,36.62469,0,[37.00058,40.1142]]],[68,[12.79829,25.26702,0,[39.00076,25.88698]]],[44,[16.00811,29.446,0,[39.00079,26.03573]]],[81,[11.75679,23.46696,0,[39.00076,25.47797]]]
2:[95,[50.60608,100.8802,0,[88.00076,85.31311]]],[107,[51.74627,103.354,0,[87.67618,88.00063]]],[94,[51.4598,102.5694,0,[88.00074,86.63349]]],[167,[52.07277,103.9304,0,[87.0007,89.27343]]],[158,[52.10422,103.8445,0,[87.00073,88.05352]]],[80,[51.10688,101.6735,0,[88.00073,84.78394]]],[149,[52.33947,104.1673,0,[88.00073,87.45348]]],[106,[51.85307,102.7334,0,[88.00074,85.94606]]],[174,[52.90409,104.5481,0,[87.00078,89.6415]]],[166,[52.74503,104.2034,0,[87.00077,88.21311]]],[148,[53.104,105.1835,0,[88.00065,87.67822]]],[138,[52.56819,104.1233,0,[88.00076,86.20325]]],[93,[51.944,102.0378,0,[88.00072,84.73537]]],[157,[53.40731,104.818,0,[87.00075,88.23045]]],[137,[53.79107,106.0776,0,[88.00075,87.69267]]],[165,[53.66808,106.028,0,[87.00072,89.72424]]],[92,[53.16843,103.7462,0,[88.00072,86.14292]]],[79,[52.70761,102.0231,0,[88.00077,84.67846]]],[147,[54.06392,105.4795,0,[87.00068,88.18237]]],[126,[54.3791,106.8515,0,[88.00069,87.67441]]],[105,[53.78676,104.2056,0,[88.00076,86.11711]]],[156,[54.38379,106.7202,0,[87.00066,89.77968]]],[77,[53.42918,103.7254,0,[88.00076,84.69212]]],[127,[54.71522,105.9628,0,[88.00076,87.092]]],[136,[54.72049,106.3045,0,[87.11651,88.00065]]],[91,[54.26417,104.4207,0,[88.00076,85.6515]]],[164,[54.9436,107.2051,0,[87.00076,89.48938]]],[115,[55.44678,108.1743,0,[88.00079,87.62674]]],[135,[55.34412,107.5285,0,[87.00079,88.22039]]],[78,[54.31012,103.0028,0,[88.00073,84.60052]]],[116,[55.10466,106.505,0,[88.00075,86.19707]]],[146,[55.60319,107.6585,0,[87.00076,89.61617]]],[125,[55.98885,107.3236,0,[88.00076,87.47623]]],[145,[55.9105,107.6024,0,[87.00075,88.08223]]],[155,[56.24036,108.003,0,[87.00075,89.68]]],[76,[54.99643,104.4855,0,[88.00076,84.62284]]],[90,[55.73195,105.6398,0,[88.00074,86.10699]]],[114,[56.65043,109.2491,0,[88.00074,87.61208]]],[124,[56.64109,108.3339,0,[87.00075,88.44749]]],[104,[56.36398,107.5321,0,[88.00076,86.08486]]],[66,[55.64166,104.2032,0,[88.00077,84.69726]]],[154,[56.91704,109.1449,0,[87.00075,89.84663]]],[123,[57.17473,109.2106,0,[87.61314,88.00066]]],[103,[57.18228,108.999,0,[88.00079,86.95243]]],[75,[56.27666,105.5512,0,[88.00078,84.69134]]],[134,[57.6244,109.4092,0,[87.00072,89.78603]]],[122,[57.55634,110.2044,0,[87.00076,88.51799]]],[113,[58.03021,110.4726,0,[88.00069,87.99088]]],[89,[57.07042,106.6365,0,[88.00078,85.7426]]],[101,[57.92723,110.4803,0,[88.00073,86.76563]]],[120,[58.14325,111.7974,0,[87.00076,88.2442]]],[144,[58.40866,109.7314,0,[87.00075,89.85416]]],[67,[57.03259,104.042,0,[88.00076,84.59866]]],[112,[58.77158,111.454,0,[88.00079,87.6209]]],[73,[58.00216,108.1499,0,[88.00069,85.75478]]],[121,[58.75616,111.0013,0,[87.0008,88.11939]]],[88,[58.88689,109.9773,0,[88.0008,86.63252]]],[133,[58.98302,110.2816,0,[87.0008,89.52148]]],[132,[59.312,110.21,0,[87.0008,88.01354]]],[74,[58.17952,106.7885,0,[88.00076,84.91549]]],[62,[59.18637,108.5268,0,[88.00076,85.94594]]],[100,[59.76835,112.3935,0,[88.00079,87.464]]],[142,[59.66228,111.4577,0,[87.00073,89.58319]]],[111,[59.9938,112.1014,0,[87.00076,88.33096]]],[65,[58.59473,105.1278,0,[88.00073,84.47057]]],[86,[60.02606,111.5853,0,[88.00078,86.66146]]],[99,[60.63495,113.2934,0,[87.85363,88.00066]]],[109,[60.39253,114.9933,0,[87.0007,89.80481]]],[110,[60.80819,113.7709,0,[87.0008,89.21]]],[72,[61.19696,113.6949,0,[88.00074,87.71436]]],[84,[60.9798,114.1931,0,[87.00076,88.3231]]],[102,[60.51895,110.0363,0,[88.00076,86.25896]]],[64,[59.48367,106.5614,0,[88.00071,84.93583]]],[63,[61.06451,108.0017,0,[88.00071,85.99793]]],[50,[61.71875,112.3364,0,[88.00072,87.50327]]],[85,[61.44391,114.042,0,[87.00073,88.05416]]],[131,[61.70061,113.0191,0,[87.0007,89.97824]]],[56,[60.17334,105.5498,0,[88.00074,84.56374]]],[39,[62.30445,113.6946,0,[88.00075,87.45692]]],[61,[61.65971,110.0482,0,[88.00077,86.04875]]],[130,[62.11581,113.1533,0,[87.00077,88.32645]]],[119,[62.17106,114.3923,0,[87.00072,89.5632]]],[129,[62.73689,114.4515,0,[87.48648,88.00066]]],[87,[62.27523,111.4491,0,[88.0008,86.13168]]],[53,[61.17632,107.7014,0,[88.00075,84.64333]]],[140,[63.06146,113.9299,0,[87.00075,89.00607]]],[83,[63.11966,115.7588,0,[88.00073,87.34441]]],[173,[62.95862,106.5996,0,[87.00073,89.98695]]],[51,[62.86542,110.5337,0,[88.00066,85.99358]]],[97,[63.15535,114.7152,0,[87.04548,88.00066]]],[98,[63.91035,115.0092,0,[88.00088,87.63284]]],[160,[63.90458,114.274,0,[87.00079,89.9021]]],[29,[63.57741,112.3645,0,[88.0009,86.31796]]],[52,[61.90454,108.2218,0,[88.00076,84.47733]]],[118,[63.93591,115.806,0,[87.00079,88.7869]]],[128,[64.1979,116.4285,0,[87.19119,88.00063]]],[20,[64.34271,113.0286,0,[88.00082,87.10156]]],[54,[63.15873,107.1585,0,[88.00078,84.7317]]],[19,[64.99762,115.5409,0,[87.81418,88.00066]]],[143,[64.81969,112.3695,0,[87.0007,89.88371]]],[108,[64.86001,116.6561,0,[87.00075,88.74994]]],[13,[65.12094,112.3273,0,[88.00079,87.05883]]],[40,[64.19425,111.2376,0,[88.00082,85.86595]]],[71,[65.25655,116.6042,0,[87.14671,88.00053]]],[139,[65.81992,117.645,0,[87.00076,89.29661]]],[163,[65.60781,109.2269,0,[87.00072,90.10467]]],[31,[65.1704,110.4074,0,[88.00069,86.04736]]],[4,[66.02806,116.7941,0,[88.00071,87.58227]]],[11,[65.83636,116.0943,0,[87.00075,88.19991]]],[42,[63.96837,108.6233,0,[88.00066,84.4189]]],[152,[66.61758,113.9532,0,[87.00072,90.10684]]],[41,[65.8848,110.4887,0,[88.00076,86.07292]]],[10,[66.51803,117.5171,0,[87.52422,88.00071]]],[12,[66.7593,113.9746,0,[88.00071,87.2216]]],[141,[66.6487,114.8462,0,[87.0007,89.04013]]],[43,[65.08037,108.4302,0,[88.00077,84.66032]]],[22,[66.76284,111.3868,0,[88.00075,86.11763]]],[96,[66.9295,117.7593,0,[87.00075,88.19246]]],[7,[67.48748,115.1807,0,[88.00082,87.61395]]],[32,[66.02935,109.2466,0,[88.0008,84.81767]]],[162,[67.49672,113.4387,0,[87.00072,89.97491]]],[23,[67.3079,111.6044,0,[88.00074,85.96133]]],[175,[67.49948,115.4334,0,[87.00084,88.05514]]],[30,[68.017,112.8062,0,[88.00067,87.3765]]],[150,[67.90002,117.5211,0,[87.00083,89.41206]]],[33,[66.61195,108.3814,0,[88.00073,84.41135]]],[16,[68.03133,112.0812,0,[88.00072,86.25318]]],[82,[68.22833,118.0281,0,[87.00077,88.40894]]],[0,[68.75533,118.4369,0,[88.00081,87.8828]]],[151,[68.71858,116.1797,0,[87.00075,89.99223]]],[2,[68.83048,119.3792,0,[87.00078,88.01]]],[5,[69.04783,115.281,0,[88.00071,87.20721]]],[59,[67.60999,106.4644,0,[88.00073,84.72884]]],[15,[68.53535,110.9569,0,[88.00077,85.8299]]],[28,[69.15855,118.0232,0,[87.00076,89.5276]]],[168,[69.58516,114.1748,0,[87.00081,88.42609]]],[8,[69.82225,114.9256,0,[88.00082,87.77872]]],[21,[68.34457,110.8757,0,[88.00069,84.56268]]],[161,[69.89254,115.8778,0,[87.00077,89.87138]]],[9,[69.29405,114.8251,0,[88.00076,86.21033]]],[3,[70.1147,118.6922,0,[87.00075,88.19524]]],[1,[70.20415,117.8614,0,[88.00078,87.20221]]],[60,[70.80712,106.5093,0,[87.66777,88.00071]]],[159,[70.46675,117.4496,0,[87.00079,89.71729]]],[69,[69.12032,105.5293,0,[88.00081,84.71]]],[18,[69.95819,117.2395,0,[88.00082,85.87382]]],[170,[71.00336,114.7384,0,[87.00076,89.43267]]],[49,[71.08506,110.8445,0,[88.00068,87.28666]]],[117,[71.1222,119.3393,0,[87.00082,88.43056]]],[6,[70.99789,115.1181,0,[88.00054,86.09084]]],[26,[71.8747,111.7874,0,[88.00083,87.77349]]],[24,[69.76163,110.2363,0,[88.00078,84.47192]]],[38,[71.74484,115.9436,0,[87.00082,88.41808]]],[177,[71.85508,113.4574,0,[87.00077,89.9249]]],[57,[71.70626,111.6112,0,[88.00074,86.36102]]],[36,[72.49261,112.6639,0,[88.00079,87.68158]]],[37,[72.30407,113.6462,0,[87.00078,88.29774]]],[14,[71.06197,110.6866,0,[88.00071,84.73586]]],[27,[72.56088,118.3962,0,[87.00072,89.89159]]],[35,[72.17155,111.3852,0,[88.00072,86.01717]]],[176,[72.84231,113.4746,0,[87.00082,88.08955]]],[55,[73.02749,114.5164,0,[88.00069,87.39249]]],[58,[71.69889,108.5675,0,[88.00088,84.54048]]],[153,[73.14302,113.8601,0,[87.00064,89.65437]]],[34,[72.7879,112.1829,0,[88.00082,86.01546]]],[17,[73.6588,116.0199,0,[87.57551,88.00058]]],[172,[73.71702,109.4548,0,[87.00078,89.34243]]],[45,[72.49881,111.6632,0,[88.00079,84.67567]]],[25,[73.60266,115.1785,0,[88.00084,86.72087]]],[70,[74.34324,120.8433,0,[87.6264,88.00063]]],[169,[74.29673,120.0899,0,[87.00079,89.12914]]],[46,[73.33134,111.6358,0,[88.00086,85.06782]]],[47,[74.26334,112.5076,0,[88.00081,86.44433]]],[48,[75.18669,114.9489,0,[88.00063,87.8608]]],[171,[74.92506,114.2114,0,[87.00082,88.83501]]],[68,[74.25758,106.5216,0,[88.00076,85.05691]]],[44,[75.49036,119.2999,0,[87.00089,88.04523]]],[81,[75.42913,105.369,0,[88.00076,86.66734]]]

Travel Distances:
[95,125.4133],[107,125.8189],[94,125.493],[167,125.4584],[158,125.4396],[80,125.0529],[149,125.2302],[106,126.4634],[174,126.3641],[166,126.4445],[148,126.7318],[138,126.5162],[93,125.6392],[157,127.6857],[137,128.3119],[165,128.3379],[92,127.0505],[79,126.2099],[147,127.081],[126,127.8587],[105,126.3273],[156,127.5243],[77,128.3987],[127,128.2806],[136,128.5955],[91,127.44],[164,128.7674],[115,128.9867],[135,130.4625],[78,127.8985],[116,129.8049],[146,129.8428],[125,128.9827],[145,129.3006],[155,128.9105],[76,127.9872],[90,127.6348],[114,131.6206],[124,130.489],[104,130.3679],[66,128.2665],[154,130.6059],[123,130.3711],[103,130.1861],[75,130.2641],[134,131.4242],[122,132.3787],[113,131.9426],[89,129.7349],[101,131.9389],[120,132.8813],[144,132.1415],[67,129.1424],[112,133.4741],[73,131.3394],[121,132.9355],[88,131.8085],[133,131.5851],[132,133.3114],[74,131.4261],[62,131.7491],[100,134.3205],[142,133.1784],[111,133.8626],[65,128.5286],[86,132.9874],[99,133.8208],[109,137.2466],[110,135.5032],[72,135.0267],[84,135.9009],[102,132.5058],[64,130.3902],[63,131.527],[50,134.5185],[85,136.8065],[131,134.8758],[56,129.7036],[39,134.7471],[61,132.264],[130,134.5023],[119,135.2266],[129,136.5603],[87,134.5046],[53,131.7521],[140,135.2085],[83,137.0731],[173,127.8446],[51,134.4215],[97,137.7705],[98,136.9911],[160,135.6957],[29,134.8354],[52,132.3636],[118,137.2088],[128,137.7125],[20,135.6972],[54,131.7003],[19,137.262],[143,134.0835],[108,138.5659],[13,133.6986],[40,133.6742],[71,137.6777],[139,139.8024],[163,131.2337],[31,133.3424],[4,138.3131],[11,137.9261],[42,132.6653],[152,136.4181],[41,134.2186],[10,140.1145],[12,136.1306],[141,136.7893],[43,132.7064],[22,133.6444],[96,139.3512],[7,135.9715],[32,133.7976],[162,135.4669],[23,134.6896],[175,137.7624],[30,134.5076],[150,138.8239],[33,133.7511],[16,135.5796],[82,140.8358],[0,140.6063],[151,137.8326],[2,141.2616],[5,136.8048],[59,130.1873],[15,133.2347],[28,138.8325],[168,136.6248],[8,136.8899],[21,135.2534],[161,137.1902],[9,137.4499],[3,140.1894],[1,139.0422],[60,128.7547],[159,139.5681],[69,130.0285],[18,140.2372],[170,135.972],[49,132.4065],[117,140.6134],[6,138.7159],[26,133.6987],[24,134.8517],[38,138.1076],[177,135.1047],[57,133.9108],[36,133.3443],[37,136.7103],[14,135.5543],[27,140.5901],[35,134.6682],[176,135.3963],[55,135.9787],[58,132.0953],[153,134.7304],[34,136.0225],[17,138.0577],[172,131.0529],[45,135.4882],[25,137.1544],[70,143.458],[169,142.3474],[46,135.7565],[47,135.0601],[48,136.0201],[171,137.094],[68,130.8159],[44,141.6561],[81,127.2724]

Finish Times:
[95,63.96108],[107,64.04108],[94,64.16109],[167,64.5211],[158,64.7611],[80,64.8011],[149,64.8011],[106,65.04111],[174,65.36111],[166,65.40112],[148,65.48112],[138,65.60112],[93,65.76112],[157,66.08113],[137,66.12113],[165,66.12113],[92,66.16113],[79,66.44114],[147,66.72115],[126,66.76115],[105,66.80115],[156,66.88115],[77,67.24116],[127,67.28116],[136,67.36116],[91,67.52116],[164,67.52116],[115,67.84117],[135,68.04118],[78,68.16118],[116,68.16118],[146,68.20118],[125,68.48119],[145,68.68119],[155,68.80119],[76,68.84119],[90,68.84119],[114,69.0812],[124,69.36121],[104,69.44121],[66,69.52121],[154,69.56121],[123,69.72121],[103,69.92122],[75,70.20123],[134,70.20123],[122,70.32123],[113,70.40123],[89,70.44123],[101,70.88124],[120,70.92124],[144,70.96124],[67,71.04124],[112,71.28125],[73,71.44125],[121,71.60126],[88,71.72126],[133,71.76126],[132,71.96127],[74,72.16127],[62,72.32127],[100,72.36127],[142,72.36127],[111,72.60128],[65,72.88129],[86,72.92129],[99,72.92129],[109,73.24129],[110,73.4013],[72,73.5613],[84,73.5613],[102,73.6013],[64,73.6413],[63,74.12132],[50,74.20132],[85,74.20132],[131,74.24132],[56,74.56133],[39,74.80133],[61,74.80133],[130,74.80133],[119,74.92133],[129,75.28134],[87,75.32134],[53,75.56135],[140,75.68135],[83,75.72135],[173,75.72135],[51,75.96136],[97,76.00136],[98,76.28136],[160,76.48137],[29,76.56137],[52,76.60137],[118,76.64137],[128,76.80138],[20,77.16138],[54,77.28139],[19,77.36139],[143,77.36139],[108,77.40139],[13,77.8014],[40,77.9214],[71,77.9214],[139,78.08141],[163,78.20141],[31,78.40141],[4,78.52142],[11,78.60142],[42,78.68142],[152,78.96143],[41,79.00143],[10,79.04143],[12,79.32143],[141,79.40144],[43,79.44144],[22,79.72144],[96,79.72144],[7,79.88145],[32,80.28146],[162,80.28146],[23,80.36146],[175,80.36146],[30,80.48146],[150,80.60146],[33,81.00147],[16,81.04147],[82,81.04147],[0,81.08147],[151,81.48148],[2,81.64149],[5,81.64149],[59,81.68149],[15,81.84149],[28,81.88149],[168,82.2015],[8,82.2415],[21,82.48151],[161,82.48151],[9,82.52151],[3,82.76151],[1,82.84151],[60,83.16152],[159,83.28152],[69,83.36153],[18,83.48153],[170,83.56153],[49,83.60153],[117,83.76154],[6,84.04154],[26,84.28155],[24,84.32155],[38,84.40155],[177,84.40155],[57,84.60155],[36,84.92156],[37,84.96156],[14,85.08157],[27,85.16157],[35,85.24157],[176,85.60158],[55,85.64158],[58,85.84158],[153,85.88158],[34,85.96159],[17,86.28159],[172,86.4416],[45,86.6016],[25,86.6416],[70,86.96161],[169,87.16161],[46,87.32162],[47,87.44162],[48,87.68163],[171,87.96163],[68,88.16164],[44,88.36164],[81,88.68165]

Stuck Times:
[95,0],[107,0],[94,0],[167,0],[158,0],[80,0],[149,0],[106,0],[174,0],[166,0],[148,0],[138,0],[93,0],[157,0],[137,0],[165,0],[92,0],[79,1],[147,0],[126,0],[105,0],[156,0],[77,1],[127,0],[136,0],[91,1],[164,0],[115,0],[135,0],[78,0],[116,0],[146,0],[125,0],[145,0],[155,0],[76,1],[90,1],[114,0],[124,0],[104,1],[66,3],[154,0],[123,0],[103,1],[75,3],[134,1],[122,0],[113,0],[89,4],[101,0],[120,0],[144,2],[67,7],[112,1],[73,2],[121,1],[88,2],[133,1],[132,3],[74,5],[62,4],[100,1],[142,1],[111,1],[65,7],[86,2],[99,2],[109,1],[110,1],[72,2],[84,2],[102,3],[64,7],[63,8],[50,2],[85,2],[131,4],[56,8],[39,2],[61,7],[130,6],[119,5],[129,4],[87,6],[53,6],[140,6],[83,2],[173,9],[51,8],[97,4],[98,4],[160,5],[29,4],[52,9],[118,5],[128,5],[20,4],[54,9],[19,2],[143,8],[108,5],[13,7],[40,7],[71,4],[139,5],[163,11],[31,8],[4,4],[11,4],[42,9],[152,8],[41,9],[10,4],[12,7],[141,9],[43,10],[22,10],[96,6],[7,8],[32,11],[162,10],[23,11],[175,7],[30,11],[150,7],[33,9],[16,13],[82,7],[0,8],[151,9],[2,9],[5,9],[59,13],[15,12],[28,8],[168,11],[8,11],[21,12],[161,11],[9,13],[3,7],[1,10],[60,18],[159,11],[69,17],[18,11],[170,12],[49,16],[117,11],[6,12],[26,17],[24,15],[38,12],[177,12],[57,15],[36,13],[37,16],[14,16],[27,12],[35,16],[176,17],[55,18],[58,17],[153,14],[34,16],[17,16],[172,19],[45,16],[25,13],[70,14],[169,11],[46,16],[47,18],[48,20],[171,17],[68,20],[44,16],[81,22]

