Experiment Name: Warcraft3-MoonGlade-1
Method Used: FlowField
Run Number: 5
Preparation Time: 0.0003ms
Pathfinding Time: 133.9389ms
Finish Time: 90.44169ms
Finish Time 90%: 87.44162ms
Repaths: 0
Soft Repaths: 0

Gates Data:
16:[350,[13.1831,26.32092,0,[197.9994,75.83471]]],[349,[12.08768,24.12008,0,[197.8188,74.00082]]],[351,[13.97417,27.92409,0,[198.3412,77.00076]]],[348,[10.75046,21.15564,0,[196.9995,70.91675]]],[352,[14.38809,28.75214,0,[198.9992,77.33862]]],[332,[13.52477,26.96898,0,[197.9994,74.99391]]],[333,[14.40546,28.74534,0,[197.9993,76.16407]]],[331,[12.93351,25.73445,0,[197.4743,74.00082]]],[334,[15.08533,30.10796,0,[198.1905,77.00063]]],[335,[15.31275,30.55195,0,[198.9992,77.15932]]],[330,[12.12278,24.07725,0,[196.9994,72.55747]]],[311,[14.13155,28.1589,0,[197.9993,74.43259]]],[310,[13.88255,27.63434,0,[197.2325,74.00076]]],[313,[15.69068,31.26067,0,[197.9993,76.58767]]],[312,[14.92172,29.77464,0,[197.9993,75.59333]]],[309,[13.18614,26.10415,0,[196.9994,72.86494]]],[353,[15.82243,30.71844,0,[198.9993,78.46117]]],[285,[14.64378,29.16851,0,[196.9993,73.77265]]],[287,[15.47328,30.77974,0,[197.9993,74.96565]]],[314,[16.18094,32.11462,0,[197.9992,76.31268]]],[286,[14.78831,29.45255,0,[197.8881,74.00074]]],[284,[13.71962,27.26068,0,[196.9993,72.28661]]],[308,[12.06598,23.98077,0,[196.9994,70.95161]]],[282,[12.65528,25.02836,0,[196.9994,70.77218]]],[289,[16.11661,31.95975,0,[197.9992,75.15411]]],[315,[17.02712,33.21984,0,[197.9992,76.76665]]],[258,[15.64481,30.83811,0,[197.7097,74.0007]]],[257,[15.37055,30.34488,0,[196.9993,73.60495]]],[256,[14.56413,28.81845,0,[196.9993,72.55334]]],[290,[16.80408,33.01343,0,[197.9992,75.54436]]],[337,[16.8072,32.71717,0,[198.9992,77.36902]]],[283,[13.04849,24.95071,0,[196.9993,70.18373]]],[329,[11.45645,22.01655,0,[196.1862,70.00082]]],[227,[15.76156,31.09335,0,[196.9993,73.18301]]],[288,[16.18916,30.76517,0,[197.9992,74.14008]]],[291,[17.55565,34.54088,0,[197.9991,76.52811]]],[255,[14.8086,28.05315,0,[196.9993,71.78071]]],[261,[17.11255,33.05923,0,[197.9992,74.91028]]],[292,[18.18407,35.28942,0,[198.3085,77.00066]]],[253,[13.87122,26.5869,0,[196.9994,70.93541]]],[259,[16.43859,31.21673,0,[196.9992,73.54893]]],[260,[16.94071,32.41381,0,[197.4222,74.00063]]],[262,[17.91157,34.69001,0,[197.9991,75.89517]]],[226,[15.37952,29.29442,0,[196.9993,71.68049]]],[307,[12.30192,23.22171,0,[196.0286,70.00078]]],[232,[17.65624,34.4437,0,[197.9991,74.70914]]],[263,[18.7826,35.94717,0,[197.9993,76.67713]]],[336,[15.95058,31.81329,0,[198.8312,77.00071]]],[254,[14.18666,26.09375,0,[196.9993,70.07886]]],[231,[17.54273,33.53368,0,[197.3051,74.00056]]],[233,[18.38713,35.61889,0,[197.9992,75.26409]]],[229,[16.91988,31.88137,0,[196.9992,72.97816]]],[228,[16.11554,30.42017,0,[196.9992,72.15183]]],[293,[19.62753,36.55019,0,[198.0126,77.0005]]],[264,[19.12526,36.18705,0,[197.9992,75.84545]]],[306,[12.7197,23.23893,0,[195.9994,69.53901]]],[316,[17.80957,33.9228,0,[198.9993,77.61113]]],[202,[18.03405,35.48802,0,[197.4938,74.00057]]],[203,[18.40481,35.95319,0,[197.9992,74.16985]]],[225,[14.89801,27.35288,0,[196.9993,70.13045]]],[198,[16.52139,31.14528,0,[196.9992,71.58521]]],[230,[17.59201,32.86416,0,[196.9992,73.0162]]],[235,[19.73739,37.61154,0,[197.9991,75.85227]]],[318,[19.60601,35.66939,0,[198.9991,77.40306]]],[201,[18.56546,34.62361,0,[196.9992,73.56875]]],[234,[19.06391,35.9563,0,[197.9992,74.75126]]],[199,[17.97239,32.89143,0,[196.9992,72.523]]],[196,[15.69206,29.41835,0,[196.9993,70.64079]]],[197,[17.16135,30.98495,0,[196.9992,71.7148]]],[252,[13.88696,26.0085,0,[196.2837,70.00077]]],[204,[19.64673,36.76323,0,[197.9991,74.7085]]],[265,[20.35709,37.6976,0,[197.9991,76.7476]]],[172,[19.36271,36.63815,0,[197.4789,74.00051]]],[200,[19.05092,34.79067,0,[196.9992,73.28574]]],[168,[17.52295,32.02067,0,[196.9992,71.13517]]],[294,[20.30986,36.8441,0,[198.9991,77.25842]]],[205,[20.31394,38.4832,0,[197.9991,75.61826]]],[195,[16.11206,28.80864,0,[196.9992,70.20087]]],[280,[13.8711,23.52367,0,[195.9994,68.83182]]],[236,[21.01991,38.78058,0,[197.9991,76.45101]]],[169,[18.38885,33.66378,0,[196.9992,72.11507]]],[173,[20.0197,37.00793,0,[197.9992,74.12834]]],[193,[16.70892,28.31165,0,[196.9993,70.23367]]],[266,[20.98453,37.93864,0,[198.9991,77.17892]]],[174,[20.69401,38.0587,0,[197.9991,74.99384]]],[176,[21.36511,39.89299,0,[197.9991,75.57969]]],[171,[19.95359,36.3788,0,[196.9993,73.65348]]],[170,[19.09659,35.11979,0,[196.9992,72.18827]]],[206,[21.82241,39.89542,0,[197.9991,76.63615]]],[223,[14.8282,26.86348,0,[195.9993,69.73328]]],[224,[15.75749,27.59013,0,[195.9993,69.97654]]],[143,[20.79134,38.26384,0,[197.634,74.00047]]],[144,[21.28778,38.74377,0,[197.9991,74.48869]]],[142,[20.50164,37.65637,0,[196.9992,73.56977]]],[167,[18.04654,31.12377,0,[196.9992,70.78753]]],[138,[19.72192,34.92037,0,[196.9992,72.35674]]],[175,[21.98472,39.69888,0,[197.9991,75.64239]]],[317,[18.73377,34.60932,0,[198.9991,77.43417]]],[145,[21.58535,39.39856,0,[196.9991,73.78555]]],[222,[16.38057,26.92694,0,[195.9991,69.52579]]],[139,[20.94985,36.58419,0,[196.9991,73.10361]]],[146,[21.922,39.40196,0,[197.9991,74.50978]]],[137,[18.66379,33.18951,0,[196.9991,70.92139]]],[147,[22.53933,40.99691,0,[197.9991,75.54145]]],[207,[22.51824,40.76704,0,[197.9991,76.74262]]],[108,[20.26672,35.97195,0,[196.9992,72.29234]]],[166,[17.42659,30.20313,0,[196.7467,70.00062]]],[237,[22.52333,39.37558,0,[198.9991,77.07889]]],[114,[22.17196,39.42208,0,[196.9991,73.86417]]],[116,[22.61368,40.30961,0,[197.9992,74.56223]]],[177,[23.28965,41.42248,0,[197.9992,76.50863]]],[107,[19.43492,34.3719,0,[196.9992,71.04799]]],[141,[21.57387,36.58662,0,[196.9991,72.71159]]],[238,[23.48842,40.18425,0,[198.9991,77.13927]]],[267,[21.83105,38.98075,0,[198.9992,77.39232]]],[115,[22.84035,40.26715,0,[196.9992,73.97608]]],[117,[23.35286,41.86412,0,[197.9991,75.51691]]],[140,[20.92413,35.85251,0,[196.9991,71.97623]]],[281,[13.18097,24.12919,0,[195.9992,69.10525]]],[148,[24.07467,42.44374,0,[197.9991,76.44267]]],[354,[16.73646,32.38827,0,[198.9993,78.38231]]],[113,[22.2117,38.22121,0,[196.9991,72.8225]]],[165,[18.2818,30.18287,0,[196.3299,70.00056]]],[208,[24.65307,41.55957,0,[198.4206,77.00043]]],[89,[23.90193,43.38617,0,[197.9992,75.27974]]],[88,[23.18343,41.77877,0,[197.9991,74.36161]]],[136,[18.80988,31.74915,0,[196.8951,70.0006]]],[347,[14.97867,21.0967,0,[195.9995,68.87389]]],[78,[21.39702,35.74032,0,[196.9991,71.54083]]],[118,[24.57995,43.15237,0,[197.9991,76.0949]]],[112,[22.82123,38.18427,0,[196.9992,72.87453]]],[319,[23.30886,36.90423,0,[198.9992,78.02597]]],[178,[25.31348,42.04628,0,[198.4707,77.00047]]],[90,[24.41137,43.58323,0,[197.9991,74.96241]]],[119,[25.1838,43.99173,0,[197.9991,76.05763]]],[109,[22.01513,36.18997,0,[196.9991,71.60521]]],[62,[23.73172,43.01547,0,[197.9992,74.11039]]],[79,[20.2241,35.60315,0,[196.9992,71.16779]]],[149,[26.06036,43.56266,0,[197.9991,76.79541]]],[194,[17.69626,28.40608,0,[195.9992,69.26736]]],[91,[24.97535,44.30789,0,[197.9991,74.84255]]],[87,[23.47414,41.20912,0,[196.9991,73.72707]]],[150,[25.63169,43.35041,0,[197.9991,75.56179]]],[61,[24.48464,42.88945,0,[197.6606,74.00044]]],[268,[25.52706,40.34035,0,[198.999,77.68149]]],[295,[24.52641,38.50781,0,[198.9991,77.82979]]],[104,[21.08661,32.90235,0,[196.9991,70.37691]]],[239,[26.09231,41.13383,0,[198.9991,77.12212]]],[105,[20.45617,32.88462,0,[196.9993,70.41778]]],[63,[25.48676,44.39511,0,[197.9991,74.36666]]],[86,[24.02957,41.214,0,[196.9991,73.51571]]],[85,[25.2114,40.41857,0,[197.3798,74.00047]]],[120,[26.21629,44.32909,0,[197.9992,75.59303]]],[80,[22.57859,36.7662,0,[196.9992,71.61262]]],[363,[26.27806,33.64987,0,[198.999,78.48883]]],[151,[26.91005,45.02703,0,[197.9991,76.62591]]],[106,[19.55724,32.97543,0,[196.9992,70.11848]]],[84,[24.51566,39.76824,0,[196.9991,73.18174]]],[41,[26.0809,45.91226,0,[197.9992,74.41647]]],[60,[25.80129,42.82383,0,[196.9991,73.65611]]],[134,[20.29644,31.67035,0,[195.9992,69.85519]]],[64,[26.78871,45.9556,0,[197.9991,75.51683]]],[111,[23.32988,37.76445,0,[196.9991,72.57497]]],[83,[25.04004,39.50354,0,[196.9991,72.99294]]],[209,[26.85132,41.66297,0,[198.9991,77.23083]]],[152,[27.58459,45.43451,0,[197.9991,76.59769]]],[65,[26.6435,46.10656,0,[197.9991,74.38817]]],[54,[24.33802,38.0074,0,[196.9991,72.01143]]],[77,[21.70439,34.52943,0,[196.9991,70.36262]]],[121,[27.37737,44.91376,0,[197.9991,75.45922]]],[192,[17.15038,28.4606,0,[195.9992,69.7693]]],[40,[26.40219,45.58945,0,[196.9992,73.84465]]],[59,[25.46001,41.66341,0,[196.9991,72.44273]]],[110,[23.86219,37.77146,0,[196.9992,72.34124]]],[182,[28.22218,45.40567,0,[197.9991,76.50953]]],[179,[27.61662,42.71748,0,[198.9991,77.13181]]],[21,[27.32416,47.00551,0,[197.3092,74.00056]]],[52,[23.63778,36.04731,0,[196.9992,71.12096]]],[93,[27.55098,46.03996,0,[197.9991,74.58285]]],[58,[26.77194,41.71099,0,[196.9992,73.36594]]],[32,[24.12441,37.40555,0,[196.9991,70.81666]]],[92,[28.30284,45.87612,0,[197.9991,75.52713]]],[135,[19.53322,31.40289,0,[195.9992,69.699]]],[53,[23.10642,36.63238,0,[196.9991,71.40058]]],[122,[28.90553,46.76547,0,[197.9991,76.57617]]],[251,[15.53015,24.48398,0,[195.9994,68.41922]]],[55,[27.36019,40.53773,0,[196.9991,73.00213]]],[66,[28.11554,48.03261,0,[197.0595,74.00055]]],[35,[26.01443,41.89053,0,[196.9992,72.32178]]],[123,[28.1976,45.86268,0,[197.9991,74.40965]]],[50,[22.94279,34.59634,0,[196.9993,70.23319]]],[124,[29.06397,48.52557,0,[197.9992,75.64423]]],[338,[21.05914,34.42295,0,[198.999,78.59333]]],[153,[29.23041,46.66477,0,[198.5591,77.00041]]],[81,[26.62436,39.16637,0,[196.9992,72.13532]]],[16,[27.92047,44.24864,0,[196.9991,72.81943]]],[33,[25.48938,38.71366,0,[196.9993,70.75645]]],[94,[28.88124,47.94023,0,[197.9991,74.42886]]],[184,[29.61859,47.33538,0,[197.9992,75.5117]]],[57,[24.8295,40.05555,0,[196.9991,71.74937]]],[39,[28.79383,44.73956,0,[196.9991,73.75586]]],[154,[30.11901,47.87807,0,[197.9992,76.80207]]],[158,[26.08271,32.89853,0,[196.9992,70.83183]]],[28,[27.23229,39.1167,0,[196.9991,71.8175]]],[339,[22.37312,35.50771,0,[198.999,78.58164]]],[37,[29.52173,45.11186,0,[197.9992,74.36116]]],[103,[21.64323,32.00251,0,[195.9991,69.68035]]],[274,[30.25953,48.8749,0,[197.9992,75.69072]]],[36,[29.49093,44.9957,0,[196.9992,73.98532]]],[56,[28.44821,43.45935,0,[196.9991,72.60413]]],[31,[24.91024,37.49408,0,[196.9991,70.76943]]],[187,[26.60818,31.89917,0,[196.9992,70.70498]]],[180,[28.36554,43.778,0,[198.9991,77.21096]]],[48,[29.00522,40.25927,0,[196.9992,72.59589]]],[279,[16.80792,23.41128,0,[195.9994,68.43288]]],[244,[30.89933,45.6861,0,[197.9991,75.92181]]],[273,[30.83094,44.02013,0,[197.9992,76.95796]]],[30,[27.83231,39.73314,0,[196.9991,71.67586]]],[22,[30.18895,47.94176,0,[197.9992,74.52755]]],[51,[23.53312,35.1488,0,[196.8309,70.00053]]],[73,[25.82505,35.0195,0,[196.1438,70.00079]]],[129,[26.30327,33.41454,0,[196.402,70.0005]]],[82,[30.18789,43.55314,0,[196.9992,73.98698]]],[301,[31.52958,43.16043,0,[197.9991,76.86356]]],[100,[28.37539,37.01812,0,[196.9991,71.46928]]],[42,[30.88282,48.39624,0,[197.9991,74.8266]]],[270,[29.4653,41.83321,0,[198.999,77.71563]]],[29,[24.36101,36.23233,0,[196.7962,70.00047]]],[101,[24.06049,32.9543,0,[195.9991,69.43182]]],[12,[30.72236,45.38822,0,[197.3013,74.00059]]],[250,[17.85854,25.00673,0,[195.9996,68.43507]]],[72,[27.19266,36.26234,0,[196.9991,70.67867]]],[302,[31.56348,46.80154,0,[197.9991,75.79249]]],[71,[29.57255,38.89576,0,[196.9992,72.65118]]],[214,[30.63091,46.09737,0,[198.9991,77.44954]]],[18,[31.62208,47.56709,0,[197.9991,74.74456]]],[11,[30.28292,44.67723,0,[196.9992,72.96681]]],[188,[26.989,31.19699,0,[196.1908,70.00055]]],[17,[31.217,47.39698,0,[197.596,74.00053]]],[38,[32.27653,47.86633,0,[197.9991,75.74318]]],[130,[25.25823,33.44431,0,[196.1857,70.00046]]],[164,[19.64153,28.90392,0,[195.9992,68.63729]]],[213,[32.21288,45.49091,0,[197.9992,76.73871]]],[10,[31.02927,44.4039,0,[196.9992,73.17055]]],[99,[28.91245,35.30396,0,[196.9993,71.35836]]],[13,[32.2841,47.04173,0,[197.9991,74.66625]]],[19,[32.93404,48.69295,0,[197.9991,75.54588]]],[47,[30.44629,40.47963,0,[196.9991,72.05389]]],[157,[27.74885,32.73482,0,[196.9992,70.4845]]],[34,[32.12269,47.85955,0,[197.2921,74.00051]]],[299,[31.518,41.75943,0,[198.9991,77.34412]]],[243,[32.96783,45.49376,0,[197.9991,76.59601]]],[14,[33.02287,47.95803,0,[197.9991,74.56194]]],[128,[29.69007,35.36382,0,[196.9992,71.6711]]],[98,[31.6452,39.56096,0,[196.9992,73.25851]]],[190,[24.61744,29.24148,0,[195.9991,69.22967]]],[102,[22.2541,32.26875,0,[195.9991,69.79118]]],[4,[32.78555,47.96233,0,[197.3765,74.00044]]],[362,[33.61373,40.05883,0,[197.9991,75.62704]]],[70,[31.03285,39.71551,0,[196.9992,72.05597]]],[216,[28.19483,30.01328,0,[196.9006,70.0006]]],[27,[32.43636,44.01418,0,[196.9991,73.21471]]],[5,[33.74971,49.90176,0,[197.9991,74.63998]]],[211,[32.22502,43.96827,0,[198.999,77.2793]]],[326,[33.92758,43.28801,0,[197.9991,76.81981]]],[325,[34.31508,42.86261,0,[197.9991,76.04528]]],[156,[29.77057,34.08123,0,[196.9992,70.67133]]],[9,[33.6167,47.43105,0,[196.9991,73.96223]]],[127,[31.80035,36.57116,0,[196.9992,72.35226]]],[75,[22.81005,33.37897,0,[195.9992,69.7541]]],[46,[32.9883,42.40777,0,[196.9992,73.01625]]],[183,[34.41128,47.21613,0,[198.4932,77.00054]]],[346,[34.51537,41.99931,0,[197.9991,75.15198]]],[125,[30.32389,36.419,0,[196.9993,70.54927]]],[161,[25.55523,28.95815,0,[195.9994,68.54356]]],[2,[34.1941,48.07353,0,[197.0529,74.0006]]],[300,[35.03802,46.62629,0,[197.9991,76.301]]],[96,[32.15542,38.85608,0,[196.9992,71.77943]]],[126,[29.05256,34.20163,0,[196.9992,70.46728]]],[342,[28.83152,38.45702,0,[198.9993,78.50056]]],[25,[33.58751,43.6131,0,[196.9991,72.83889]]],[360,[35.16412,47.17274,0,[197.9991,75.29411]]],[97,[31.20856,37.04644,0,[196.9992,71.16892]]],[241,[35.10928,44.09892,0,[198.7679,77.00047]]],[20,[34.32416,49.24881,0,[197.9177,74.00043]]],[95,[31.46237,38.07018,0,[196.9992,70.44415]]],[369,[35.77296,41.00767,0,[197.9991,76.29782]]],[162,[20.27728,28.65759,0,[195.9992,68.44701]]],[69,[32.94492,40.20794,0,[196.9992,71.86254]]],[160,[27.71682,31.78989,0,[196.008,70.0006]]],[26,[34.32817,44.6785,0,[196.9992,73.03421]]],[245,[30.72583,31.1183,0,[196.7299,70.00067]]],[361,[35.70817,44.71093,0,[197.9991,75.12204]]],[76,[22.28403,34.19458,0,[196.9992,70.31948]]],[323,[36.18261,44.54705,0,[198.4686,77.00039]]],[44,[32.23206,39.56063,0,[196.9992,70.73301]]],[322,[34.9428,49.94929,0,[197.9991,74.10069]]],[43,[33.73506,44.91702,0,[196.9991,71.87452]]],[269,[27.29341,41.76855,0,[198.999,78.42865]]],[15,[34.98601,50.41745,0,[196.9991,73.43652]]],[246,[29.65618,30.73222,0,[195.9991,69.96867]]],[276,[31.53166,28.82403,0,[195.9992,69.82725]]],[321,[37.06063,44.82537,0,[197.9991,76.01698]]],[344,[36.36327,44.35349,0,[197.9991,75.9623]]],[67,[34.29515,44.83401,0,[196.9992,71.68654]]],[221,[18.96701,26.01908,0,[195.9993,68.40579]]],[343,[36.43631,50.44871,0,[197.9991,74.80064]]],[8,[35.61622,48.63128,0,[196.9991,73.5071]]],[186,[30.21784,31.80479,0,[196.0747,70.0006]]],[247,[29.02399,29.46876,0,[195.9991,69.90314]]],[272,[37.77276,45.92311,0,[197.9991,76.60287]]],[271,[37.36658,50.40096,0,[197.9991,75.29684]]],[345,[35.69157,41.53275,0,[197.9991,74.01077]]],[45,[33.1087,39.63981,0,[196.9991,70.90562]]],[297,[37.01711,45.33292,0,[198.4496,77.00054]]],[163,[18.67564,29.0323,0,[195.9992,69.36395]]],[3,[36.1377,51.04285,0,[196.9991,73.23135]]],[303,[32.03724,28.21187,0,[196.3107,70.00055]]],[7,[34.9925,45.7934,0,[196.9991,72.3325]]],[68,[33.63101,39.15445,0,[196.9992,70.46165]]],[358,[34.73381,37.60133,0,[198.9992,77.93534]]],[367,[36.81549,50.82517,0,[196.9991,73.73457]]],[368,[36.85003,42.78629,0,[197.9991,74.12341]]],[133,[21.03457,30.36022,0,[195.9991,68.94355]]],[181,[32.93625,45.10258,0,[198.9991,77.26682]]],[1,[36.33119,51.10865,0,[196.9991,72.23244]]],[23,[35.51845,46.21545,0,[196.9991,72.0774]]],[328,[33.47021,26.68153,0,[196.1276,70.00053]]],[365,[38.33416,40.05632,0,[197.9991,76.37109]]],[218,[30.78645,29.17224,0,[195.9995,68.48468]]],[185,[32.63488,34.27421,0,[196.7186,70.00059]]],[240,[38.26808,43.40998,0,[198.9991,77.02339]]],[366,[37.94681,42.0121,0,[197.999,75.16854]]],[298,[37.48658,44.79497,0,[197.9444,74.00034]]],[0,[34.75863,45.8134,0,[196.9991,71.00507]]],[24,[35.61531,46.14402,0,[196.9991,70.83552]]],[277,[32.40051,28.38825,0,[195.9991,69.30097]]],[220,[21.8554,26.78134,0,[195.9995,68.47066]]],[364,[39.43473,41.3062,0,[197.9991,76.72968]]],[212,[37.5386,45.91331,0,[198.9991,77.29078]]],[217,[29.03718,29.25891,0,[195.9991,68.81143]]],[359,[38.7337,41.56823,0,[197.9991,75.62588]]],[242,[38.2132,48.33233,0,[197.9991,74.14664]]],[296,[39.01723,42.67625,0,[198.9991,77.69349]]],[324,[37.38731,47.94642,0,[196.9991,73.18732]]],[215,[35.12059,38.90107,0,[196.5071,70.0005]]],[155,[34.11443,40.97293,0,[196.8156,70.00054]]],[191,[22.53106,27.18466,0,[195.9992,68.38411]]],[210,[39.82588,48.36949,0,[198.999,77.12986]]],[340,[40.19298,44.17816,0,[197.9991,76.02245]]],[357,[39.4454,43.31358,0,[197.9991,75.3941]]],[131,[26.38062,31.46369,0,[195.9991,68.97919]]],[320,[38.23405,46.57336,0,[196.9991,73.12634]]],[6,[36.86502,50.22144,0,[196.9991,71.71266]]],[275,[33.7346,29.72329,0,[195.9993,69.07556]]],[356,[30.42701,36.26189,0,[198.999,78.51163]]],[249,[27.01646,26.54219,0,[195.9992,68.60971]]],[278,[31.53506,26.49971,0,[195.9992,68.61381]]],[355,[19.38741,33.48892,0,[198.999,78.59669]]],[304,[34.59256,31.03415,0,[195.9992,69.16991]]],[327,[32.74657,30.32116,0,[195.9994,68.73115]]],[159,[29.60567,30.49424,0,[195.9995,68.40598]]],[341,[38.92326,42.96596,0,[197.999,74.14303]]],[49,[23.33228,35.07248,0,[195.9991,69.56326]]],[248,[30.56746,27.83469,0,[195.9992,69.24718]]],[189,[28.05688,29.43957,0,[195.9991,69.36546]]],[219,[28.23888,27.51263,0,[195.9992,68.45698]]],[305,[24.94021,23.60913,0,[195.9995,68.6003]]],[74,[23.35168,33.05614,0,[195.9991,68.51496]]]
11:[350,[35.55722,71.03701,0,[188.4667,118.001]]],[349,[35.55299,71.03022,0,[187.1486,118.001]]],[351,[35.73211,71.30125,0,[189.7904,118.001]]],[348,[35.20769,70.03283,0,[185.7517,117.001]]],[352,[36.3137,71.75269,0,[190.7326,118.001]]],[332,[36.51553,72.89676,0,[188.0202,118.001]]],[333,[36.59136,72.99603,0,[189.2588,118.001]]],[331,[36.06275,71.95371,0,[186.7716,117.001]]],[334,[37.06224,73.58575,0,[190.1861,118.001]]],[335,[37.50661,74.55215,0,[191.7615,119.001]]],[330,[36.16472,72.06369,0,[185.4431,117.001]]],[311,[37.31091,74.46236,0,[188.7835,118.001]]],[310,[37.36438,74.53402,0,[187.6561,118.001]]],[313,[37.62262,74.68019,0,[190.9807,118.001]]],[312,[37.75373,74.86156,0,[189.543,118.001]]],[309,[36.91278,73.49305,0,[186.4496,117.001]]],[353,[38.37598,73.8204,0,[193.0759,119.001]]],[285,[38.2442,76.28255,0,[188.3254,118.001]]],[287,[38.33705,76.24799,0,[190.4573,118.001]]],[314,[38.72503,76.75576,0,[191.8367,119.001]]],[286,[38.48684,76.35245,0,[189.3441,118.001]]],[284,[38.30873,76.30134,0,[187.2325,118.001]]],[308,[36.96489,73.6849,0,[185.1189,117.001]]],[282,[37.75148,74.98677,0,[186.1087,117.001]]],[289,[39.35942,78.06551,0,[191.303,119.001]]],[315,[39.14994,77.18118,0,[193.0957,119.001]]],[258,[39.0888,77.52554,0,[189.704,118.001]]],[257,[39.0568,77.59554,0,[188.5319,118.001]]],[256,[38.98907,77.58992,0,[187.4246,118.001]]],[290,[39.45452,77.99704,0,[190.5903,118.001]]],[337,[39.81261,76.96851,0,[192.5292,119.001]]],[283,[38.45784,75.60992,0,[186.3158,117.001]]],[329,[37.80138,72.9919,0,[184.9727,117.001]]],[227,[39.76379,78.96557,0,[188.3045,118.001]]],[288,[39.83995,77.76125,0,[189.4132,118.001]]],[291,[40.3205,79.38577,0,[191.5834,119.001]]],[255,[39.74189,77.78334,0,[187.1926,118.001]]],[261,[40.21262,78.95319,0,[190.408,118.001]]],[292,[40.58878,79.27379,0,[192.8526,119.001]]],[253,[39.13954,76.74049,0,[186.0922,117.001]]],[259,[40.41994,78.96062,0,[188.3638,118.001]]],[260,[40.60643,79.46593,0,[189.4254,118.001]]],[262,[41.03535,80.15981,0,[191.5734,119.001]]],[226,[40.45652,79.27312,0,[187.2618,118.001]]],[307,[38.59426,74.26069,0,[185.069,117.001]]],[232,[41.01592,80.69022,0,[190.4648,118.001]]],[263,[41.30909,80.19344,0,[192.9321,119.001]]],[336,[40.84465,75.82559,0,[194.2518,119.001]]],[254,[39.93961,77.04646,0,[186.1137,117.001]]],[231,[41.23966,80.65596,0,[189.3775,118.001]]],[233,[41.65803,81.77975,0,[191.6548,119.001]]],[229,[41.26844,80.34249,0,[188.2352,118.001]]],[228,[41.04519,80.11541,0,[187.221,118.001]]],[293,[42.00425,80.66,0,[192.7861,119.001]]],[264,[42.29155,82.07856,0,[191.3125,119.001]]],[306,[39.46208,75.01534,0,[184.9819,117.001]]],[316,[41.67446,77.43608,0,[194.2411,119.001]]],[202,[41.85535,82.90038,0,[189.084,118.001]]],[203,[41.96412,82.88294,0,[190.1834,118.001]]],[225,[40.72799,78.47134,0,[186.1528,117.001]]],[198,[41.30822,80.58548,0,[186.9845,117.001]]],[230,[42.0084,81.49236,0,[188.0284,118.001]]],[235,[42.7655,83.25108,0,[192.2302,119.001]]],[318,[42.52285,80.04419,0,[193.817,119.001]]],[201,[42.50348,82.11675,0,[189.4026,118.001]]],[234,[42.52697,82.50321,0,[190.6853,118.001]]],[199,[42.65097,82.0229,0,[188.2962,118.001]]],[196,[41.5286,80.40421,0,[185.9567,117.001]]],[197,[42.50668,81.52311,0,[187.1826,118.001]]],[252,[40.29027,77.47556,0,[185.0727,117.001]]],[204,[43.36007,83.87665,0,[191.7714,119.001]]],[265,[43.23958,82.46092,0,[193.2178,119.001]]],[172,[43.24427,83.76077,0,[190.0931,118.001]]],[200,[43.14042,82.82658,0,[188.9927,118.001]]],[168,[43.14644,83.13955,0,[187.5023,118.001]]],[294,[43.30137,81.28951,0,[194.6994,119.001]]],[205,[43.94063,84.90277,0,[191.1949,119.001]]],[195,[42.1708,80.43416,0,[186.0395,117.001]]],[280,[41.07666,76.28778,0,[184.9332,117.001]]],[236,[44.00965,83.85795,0,[192.5327,119.001]]],[169,[43.57013,83.40895,0,[188.2983,118.001]]],[173,[43.90403,84.42589,0,[189.7548,118.001]]],[193,[43.71862,81.18505,0,[187.0444,118.001]]],[266,[43.98462,82.50552,0,[193.8982,119.001]]],[174,[44.11481,84.26627,0,[190.8596,118.001]]],[176,[44.64077,85.87291,0,[192.1521,119.001]]],[171,[44.10058,84.26003,0,[188.7151,118.001]]],[170,[44.20436,84.85705,0,[187.6232,118.001]]],[206,[44.65554,84.16271,0,[193.6069,119.001]]],[223,[41.98483,79.11407,0,[184.8272,117.001]]],[224,[42.78076,79.72865,0,[186.2587,117.001]]],[143,[44.69161,85.58098,0,[190.4441,118.001]]],[144,[45.25586,86.25169,0,[191.6734,119.001]]],[142,[44.63282,85.47176,0,[189.3334,118.001]]],[167,[43.77356,81.8505,0,[186.4526,117.001]]],[138,[44.74557,84.46939,0,[188.2453,118.001]]],[175,[45.24998,85.52345,0,[193.0247,119.001]]],[317,[44.36711,78.28501,0,[195.1513,119.001]]],[145,[45.36166,86.60613,0,[190.2432,118.001]]],[222,[43.34015,79.50756,0,[185.4861,117.001]]],[139,[45.28443,85.05056,0,[189.1362,118.001]]],[146,[45.93429,86.89835,0,[191.4053,119.001]]],[137,[44.89638,84.61784,0,[187.1862,118.001]]],[147,[45.91354,86.92063,0,[192.6483,119.001]]],[207,[45.25804,84.9927,0,[194.5344,119.001]]],[108,[45.46263,85.79494,0,[188.1117,118.001]]],[166,[44.3031,82.52061,0,[185.9542,117.001]]],[237,[46.04547,84.17329,0,[193.9633,119.001]]],[114,[45.95624,86.4036,0,[189.5121,118.001]]],[116,[46.01329,86.68694,0,[190.6815,118.001]]],[177,[46.52962,86.53777,0,[191.9939,119.001]]],[107,[45.06756,84.89439,0,[186.9903,117.001]]],[141,[46.01442,85.25591,0,[188.4038,118.001]]],[238,[46.64551,84.8846,0,[193.2905,119.001]]],[267,[45.89745,82.79644,0,[195.5606,119.001]]],[115,[46.62986,87.24541,0,[189.2254,118.001]]],[117,[46.65242,87.64905,0,[190.3372,118.001]]],[140,[46.16043,85.83343,0,[187.2853,118.001]]],[281,[42.73616,78.07502,0,[184.985,117.001]]],[148,[47.15215,87.7336,0,[191.5839,119.001]]],[354,[46.52255,78.48972,0,[194.9519,119.001]]],[113,[46.64094,86.86022,0,[188.1199,118.001]]],[165,[44.88312,81.85162,0,[185.9225,117.001]]],[208,[47.3508,85.89166,0,[192.9097,119.001]]],[89,[47.23645,89.40594,0,[190.6988,118.001]]],[88,[47.30338,89.31438,0,[189.502,118.001]]],[136,[45.47445,83.96939,0,[186.0411,117.001]]],[347,[43.99718,75.52363,0,[184.9176,117.001]]],[78,[46.87914,86.25744,0,[187.1263,118.001]]],[118,[47.80256,88.72359,0,[191.9761,119.001]]],[112,[47.24805,86.87762,0,[188.3893,118.001]]],[319,[47.19618,80.15713,0,[194.3094,119.001]]],[178,[47.99992,86.60452,0,[193.4057,119.001]]],[90,[47.90478,89.95837,0,[190.1973,118.001]]],[119,[48.42623,89.79482,0,[191.3389,119.001]]],[109,[47.44503,86.6848,0,[187.3358,118.001]]],[62,[47.9273,90.88716,0,[189.0882,118.001]]],[79,[46.03987,85.97417,0,[186.2001,117.001]]],[149,[48.5565,87.9557,0,[192.6122,119.001]]],[194,[45.65354,81.53717,0,[184.9397,117.001]]],[91,[48.47497,90.80836,0,[190.2623,118.001]]],[87,[47.93287,89.49353,0,[187.9927,118.001]]],[150,[48.98204,89.48768,0,[191.5741,119.001]]],[61,[48.50854,90.53631,0,[189.1124,118.001]]],[268,[48.57629,83.90841,0,[194.2448,119.001]]],[295,[47.87869,81.98295,0,[194.9441,119.001]]],[104,[47.42752,84.48938,0,[186.7019,117.001]]],[239,[49.09931,85.94952,0,[193.1977,119.001]]],[105,[46.74645,84.02763,0,[186.0954,117.001]]],[63,[49.07281,91.23145,0,[190.7649,118.001]]],[86,[48.79239,89.6515,0,[188.181,118.001]]],[85,[49.11364,87.9105,0,[189.5354,118.001]]],[120,[49.55268,90.31086,0,[192.0967,119.001]]],[80,[48.42206,87.57822,0,[187.356,118.001]]],[363,[49.27203,76.87066,0,[194.7138,119.001]]],[151,[49.76747,89.61475,0,[193.4758,119.001]]],[106,[46.31676,85.15396,0,[184.9832,117.001]]],[84,[49.32906,88.33975,0,[188.4668,118.001]]],[41,[50.22507,93.74441,0,[191.2252,119.001]]],[60,[49.71268,90.38816,0,[190.094,118.001]]],[134,[47.48066,83.69952,0,[185.6215,117.001]]],[64,[50.25859,92.32554,0,[192.3671,119.001]]],[111,[49.07453,87.89743,0,[187.1836,118.001]]],[83,[49.82373,88.39251,0,[189.0045,118.001]]],[209,[50.02098,85.9419,0,[194.9012,119.001]]],[152,[50.48163,90.36394,0,[193.5398,119.001]]],[65,[50.36039,93.22042,0,[190.7113,118.001]]],[54,[50.10679,88.44414,0,[188.0556,118.001]]],[77,[48.13566,86.19389,0,[186.2145,117.001]]],[121,[51.02541,91.54217,0,[191.8392,119.001]]],[192,[44.84531,81.71255,0,[184.8314,117.001]]],[40,[50.38495,93.0421,0,[189.596,118.001]]],[59,[50.59958,91.05534,0,[188.5739,118.001]]],[110,[49.62826,87.88205,0,[187.4756,118.001]]],[182,[51.21207,90.61419,0,[193.0074,119.001]]],[179,[50.8273,87.46214,0,[194.6776,119.001]]],[21,[51.07661,94.03839,0,[190.2363,118.001]]],[52,[50.33198,88.09495,0,[187.0486,118.001]]],[93,[51.68488,93.46305,0,[191.3125,119.001]]],[58,[51.08922,89.72966,0,[189.1205,118.001]]],[32,[50.85136,89.31319,0,[187.586,118.001]]],[92,[51.78865,91.96739,0,[192.521,119.001]]],[135,[48.03249,84.96729,0,[184.8966,117.001]]],[53,[49.33902,87.51024,0,[186.3799,117.001]]],[122,[51.51172,91.17007,0,[194.0797,119.001]]],[251,[47.0406,80.54803,0,[184.6456,117.001]]],[55,[51.6544,88.75905,0,[189.491,118.001]]],[66,[51.84808,94.88538,0,[190.5555,118.001]]],[35,[51.34809,91.46774,0,[188.1316,118.001]]],[123,[52.36385,93.48043,0,[191.8036,119.001]]],[50,[50.42945,87.49036,0,[186.4048,117.001]]],[124,[52.27942,94.26876,0,[193.3099,119.001]]],[338,[51.47975,79.97309,0,[196.0351,120.001]]],[153,[52.11697,91.08524,0,[194.6402,119.001]]],[81,[52.01917,88.87429,0,[188.6539,118.001]]],[16,[52.44218,92.72105,0,[189.5628,118.001]]],[33,[51.88588,90.12445,0,[187.576,118.001]]],[94,[52.99001,95.48942,0,[191.5479,119.001]]],[184,[52.86488,93.26814,0,[192.8243,119.001]]],[57,[50.94588,90.05417,0,[186.8923,117.001]]],[132,[48.77664,83.50556,0,[186.0897,117.001]]],[39,[52.69619,91.91935,0,[190.5242,118.001]]],[154,[52.85069,92.04826,0,[194.2181,119.001]]],[158,[52.4391,84.37789,0,[187.5319,118.001]]],[28,[52.66626,89.13113,0,[188.5367,118.001]]],[339,[51.61813,80.50362,0,[195.6109,119.001]]],[37,[53.68155,92.82608,0,[191.508,119.001]]],[103,[49.92542,85.00073,0,[185.8736,117.001]]],[274,[53.49309,94.76393,0,[192.6522,119.001]]],[36,[53.31442,92.12441,0,[190.3322,118.001]]],[56,[53.15075,92.40479,0,[189.2105,118.001]]],[31,[51.83584,88.81965,0,[186.3167,117.001]]],[187,[53.11982,83.70153,0,[187.8806,118.001]]],[180,[52.62605,87.58129,0,[195.7586,119.001]]],[48,[53.76483,89.36829,0,[189.6303,118.001]]],[279,[48.76778,79.1978,0,[184.9509,117.001]]],[244,[54.31149,91.77152,0,[192.2296,119.001]]],[273,[53.70166,88.35734,0,[193.8654,119.001]]],[30,[53.63679,90.31583,0,[188.5354,118.001]]],[22,[54.36272,95.78703,0,[191.0074,119.001]]],[51,[51.26255,87.71526,0,[185.9611,117.001]]],[73,[52.38681,86.47559,0,[186.8809,117.001]]],[129,[53.70896,86.4973,0,[187.4354,118.001]]],[82,[54.28257,91.00513,0,[190.2138,118.001]]],[301,[54.36638,87.79069,0,[193.463,119.001]]],[100,[54.29496,88.12856,0,[189.0509,118.001]]],[42,[54.96645,95.89455,0,[191.564,119.001]]],[270,[53.37197,85.69024,0,[195.2862,119.001]]],[29,[52.52826,88.87135,0,[185.7936,117.001]]],[101,[52.98997,87.36764,0,[186.3997,117.001]]],[12,[54.84818,92.84856,0,[190.6337,118.001]]],[250,[50.70542,81.40725,0,[185.3351,117.001]]],[72,[54.26519,88.77419,0,[187.9557,118.001]]],[302,[55.11393,92.88646,0,[192.7342,119.001]]],[71,[54.83463,88.32456,0,[189.4273,118.001]]],[214,[54.10629,90.26664,0,[195.0052,119.001]]],[18,[55.75105,94.75546,0,[192.0194,119.001]]],[11,[55.21721,93.44662,0,[188.6508,118.001]]],[188,[53.93253,83.70675,0,[186.9177,117.001]]],[17,[55.40393,94.55556,0,[190.7479,118.001]]],[38,[55.58834,93.42927,0,[193.5885,119.001]]],[130,[53.54734,86.14957,0,[186.1157,117.001]]],[164,[51.32583,84.47498,0,[184.6941,117.001]]],[213,[54.91533,89.96107,0,[194.1934,119.001]]],[10,[55.48774,92.5648,0,[189.6406,118.001]]],[99,[54.81803,86.57972,0,[187.8752,118.001]]],[13,[56.38235,94.40433,0,[191.5865,119.001]]],[19,[56.2209,94.50621,0,[192.9464,119.001]]],[47,[55.84845,90.45609,0,[188.6713,118.001]]],[157,[54.60873,84.40861,0,[186.844,117.001]]],[34,[56.01499,95.02039,0,[190.3229,118.001]]],[299,[54.79987,85.7292,0,[195.7251,119.001]]],[243,[56.20772,89.70146,0,[194.4404,119.001]]],[14,[56.87703,95.09705,0,[192.3378,119.001]]],[128,[55.50882,86.05521,0,[187.7205,118.001]]],[98,[56.31581,87.86832,0,[189.392,118.001]]],[190,[54.24152,84.30707,0,[185.826,117.001]]],[102,[52.89426,86.14407,0,[184.9528,117.001]]],[4,[56.48137,94.90189,0,[190.9565,118.001]]],[362,[56.80236,85.57932,0,[193.6925,119.001]]],[70,[56.5314,89.82635,0,[188.3746,118.001]]],[216,[55.25879,82.42266,0,[186.7151,117.001]]],[27,[56.82895,92.08681,0,[189.8155,118.001]]],[5,[57.51381,97.12742,0,[191.8761,119.001]]],[211,[55.4921,88.43663,0,[195.1137,119.001]]],[326,[56.88647,87.13768,0,[195.1495,119.001]]],[325,[57.4759,88.24738,0,[193.152,119.001]]],[156,[56.17404,86.01699,0,[187.5495,118.001]]],[9,[57.17877,94.32503,0,[190.7435,118.001]]],[127,[57.10347,86.15144,0,[188.8046,118.001]]],[75,[53.62869,87.45242,0,[185.0039,117.001]]],[46,[57.4796,90.90496,0,[189.7482,118.001]]],[183,[57.50944,91.4761,0,[194.4642,119.001]]],[346,[58.18136,88.97147,0,[191.5686,119.001]]],[125,[56.9599,88.69345,0,[187.6502,118.001]]],[161,[54.92572,83.12543,0,[185.7941,117.001]]],[2,[57.89914,95.03556,0,[190.5309,118.001]]],[300,[58.11157,91.90874,0,[192.7757,119.001]]],[96,[57.8014,89.14067,0,[188.8572,118.001]]],[126,[56.13387,85.90369,0,[186.752,117.001]]],[342,[56.83175,83.19164,0,[196.0102,120.001]]],[25,[58.21637,92.28665,0,[189.6053,118.001]]],[360,[58.76528,93.91158,0,[191.9048,119.001]]],[97,[57.50911,88.39993,0,[187.9071,118.001]]],[241,[58.18493,88.66771,0,[194.1371,119.001]]],[20,[58.52209,96.68383,0,[190.7878,118.001]]],[95,[58.09448,90.32516,0,[187.9189,118.001]]],[369,[58.76978,86.24363,0,[193.1432,119.001]]],[162,[54.59317,84.51257,0,[184.7258,117.001]]],[69,[58.5205,90.48472,0,[188.6472,118.001]]],[160,[55.71191,84.54649,0,[185.9827,117.001]]],[26,[58.81371,93.00269,0,[189.7059,118.001]]],[245,[57.41164,83.13232,0,[186.7967,117.001]]],[361,[59.47404,91.75829,0,[191.923,119.001]]],[76,[49.40715,86.28682,0,[185.075,117.001]]],[323,[58.95687,88.91863,0,[194.4557,119.001]]],[44,[58.90857,91.67531,0,[187.8711,118.001]]],[322,[59.19401,97.54021,0,[190.7608,118.001]]],[43,[59.21318,95.0983,0,[188.8148,118.001]]],[269,[57.70257,87.56287,0,[195.8833,119.001]]],[15,[59.53003,98.78617,0,[189.7743,118.001]]],[246,[56.83106,82.83687,0,[186.8163,117.001]]],[276,[58.5127,82.09454,0,[187.0526,118.001]]],[321,[60.05022,90.2863,0,[192.3467,119.001]]],[344,[59.47852,89.96799,0,[193.3137,119.001]]],[67,[59.71396,95.27506,0,[188.2785,118.001]]],[221,[55.41124,83.56705,0,[184.8796,117.001]]],[343,[60.29324,97.73241,0,[191.106,119.001]]],[8,[60.05432,96.70511,0,[189.1561,118.001]]],[186,[58.10314,83.97149,0,[185.9265,117.001]]],[247,[57.4525,82.54962,0,[185.7034,117.001]]],[272,[60.33747,90.39479,0,[193.592,119.001]]],[271,[60.73519,96.7896,0,[192.145,119.001]]],[345,[60.24171,89.21911,0,[190.3561,118.001]]],[45,[59.40226,91.30859,0,[187.3505,118.001]]],[297,[59.62047,89.44362,0,[194.8272,119.001]]],[163,[50.11713,82.85834,0,[184.6739,117.001]]],[3,[60.63787,99.65849,0,[189.2866,118.001]]],[303,[58.6592,80.39164,0,[186.3146,117.001]]],[7,[60.56018,95.6995,0,[188.1761,118.001]]],[68,[60.09604,91.51419,0,[187.4653,118.001]]],[358,[61.03912,82.56369,0,[193.2383,119.001]]],[367,[60.90734,98.45813,0,[190.3624,118.001]]],[368,[61.19274,91.04337,0,[191.5123,119.001]]],[133,[58.72192,87.39862,0,[185.1008,117.001]]],[181,[60.75116,88.9174,0,[194.805,119.001]]],[1,[61.32271,100.6525,0,[189.488,118.001]]],[23,[61.15608,96.48734,0,[188.3958,118.001]]],[328,[60.8622,80.14854,0,[187.2548,118.001]]],[365,[61.84536,85.91422,0,[191.4604,119.001]]],[218,[59.90036,84.25095,0,[186.4279,117.001]]],[185,[59.26521,86.58369,0,[186.2912,117.001]]],[240,[61.81637,89.04563,0,[192.6534,119.001]]],[366,[61.75991,88.82208,0,[190.7158,118.001]]],[298,[61.95001,93.42537,0,[189.6748,118.001]]],[0,[61.57944,97.49753,0,[187.6715,118.001]]],[24,[61.92752,97.72842,0,[188.559,118.001]]],[277,[60.87909,82.41432,0,[186.5953,117.001]]],[220,[56.63424,84.14571,0,[185.7561,117.001]]],[364,[62.70012,86.90064,0,[192.027,119.001]]],[212,[61.52821,90.19495,0,[194.2526,119.001]]],[217,[60.39056,83.90395,0,[185.8652,117.001]]],[359,[62.46,87.60825,0,[190.7383,118.001]]],[242,[62.52882,96.5373,0,[189.3343,118.001]]],[296,[62.27334,87.37622,0,[193.4602,119.001]]],[324,[62.56668,97.43279,0,[188.1499,118.001]]],[215,[62.16031,91.49613,0,[187.3279,118.001]]],[155,[61.42329,93.1842,0,[186.1761,117.001]]],[191,[57.02917,83.91193,0,[184.7729,117.001]]],[210,[63.3076,93.85798,0,[192.8178,119.001]]],[340,[63.71334,90.77287,0,[191.5128,119.001]]],[357,[63.10063,90.18571,0,[190.101,118.001]]],[131,[57.96241,87.31492,0,[184.7759,117.001]]],[320,[63.25724,95.95464,0,[188.8709,118.001]]],[6,[63.11128,102.0643,0,[187.6677,118.001]]],[275,[62.12832,83.56964,0,[186.4859,117.001]]],[356,[58.47961,79.7962,0,[195.5813,119.001]]],[249,[60.99938,83.25981,0,[185.0858,117.001]]],[278,[62.84912,82.47121,0,[186.557,117.001]]],[355,[62.76781,85.02926,0,[194.457,119.001]]],[304,[63.92194,86.08555,0,[188.7558,118.001]]],[327,[63.97247,87.42439,0,[187.4315,118.001]]],[159,[61.83581,86.24,0,[185.1584,117.001]]],[341,[63.86504,91.97035,0,[190.2073,118.001]]],[49,[52.08179,88.67349,0,[184.9961,117.001]]],[248,[59.45227,81.2484,0,[185.0974,117.001]]],[189,[60.18419,84.53406,0,[184.7008,117.001]]],[219,[62.62695,84.89481,0,[185.297,117.001]]],[305,[56.15755,79.37817,0,[185.0043,117.001]]],[74,[63.52136,92.79745,0,[185.9219,117.001]]]
12:[350,[54.56272,109.0434,0,[188.3718,156.001]]],[349,[54.06351,108.0378,0,[187.0669,155.001]]],[351,[55.2375,110.3076,0,[189.6987,157.001]]],[348,[53.74015,107.0474,0,[185.7503,154.001]]],[352,[55.82138,110.7653,0,[190.5874,157.001]]],[332,[55.03182,109.9165,0,[187.9132,155.001]]],[333,[56.10215,112.0134,0,[189.1546,157.001]]],[331,[55.09171,109.9874,0,[186.7341,155.001]]],[334,[56.57496,112.6082,0,[189.9628,157.001]]],[335,[57.01842,113.5736,0,[191.5216,158.001]]],[330,[54.77345,109.1369,0,[185.4955,154.001]]],[311,[56.33591,112.4983,0,[188.6176,156.001]]],[310,[55.90296,111.5798,0,[187.4796,155.001]]],[313,[57.13541,113.7015,0,[190.6058,157.001]]],[312,[57.33543,113.8844,0,[189.1528,157.001]]],[309,[55.9873,111.573,0,[186.3644,155.001]]],[353,[57.89001,112.8479,0,[192.6496,158.001]]],[285,[56.77842,113.3327,0,[187.8634,155.001]]],[287,[57.85596,115.2824,0,[190.0899,157.001]]],[314,[58.23939,115.784,0,[191.4394,158.001]]],[286,[57.52397,114.3963,0,[188.9114,156.001]]],[284,[56.8654,113.37,0,[186.7665,155.001]]],[308,[55.76597,110.8971,0,[185.278,154.001]]],[282,[56.36879,112.1043,0,[185.5897,154.001]]],[289,[58.88172,117.105,0,[191.0407,158.001]]],[315,[58.66523,116.2097,0,[192.6978,158.001]]],[258,[58.63228,116.5796,0,[189.5688,157.001]]],[257,[58.1291,115.6616,0,[188.3882,156.001]]],[256,[57.5682,114.6753,0,[187.2558,155.001]]],[290,[59.01583,117.0523,0,[190.4893,157.001]]],[337,[59.3364,116.013,0,[192.3015,158.001]]],[283,[57.74374,113.7918,0,[186.2074,155.001]]],[329,[56.95977,110.4215,0,[185.1568,154.001]]],[227,[58.84169,117.0924,0,[188.3344,156.001]]],[288,[59.40756,116.8698,0,[189.4219,157.001]]],[291,[59.86512,118.4438,0,[191.4582,158.001]]],[255,[58.34733,114.937,0,[187.2093,155.001]]],[261,[59.78645,118.0315,0,[190.3524,157.001]]],[292,[60.12545,118.34,0,[192.6948,158.001]]],[253,[58.48212,114.994,0,[186.1421,155.001]]],[259,[59.48604,117.054,0,[188.3281,156.001]]],[260,[60.16475,118.5556,0,[189.3907,157.001]]],[262,[60.57964,119.2342,0,[191.4044,158.001]]],[226,[59.03946,116.38,0,[187.209,155.001]]],[307,[57.80952,111.5843,0,[185.0512,154.001]]],[232,[60.61591,119.7638,0,[190.2463,157.001]]],[263,[60.85569,119.275,0,[192.6695,158.001]]],[336,[60.41813,114.9183,0,[193.9291,158.001]]],[254,[59.14011,115.2342,0,[186.1053,155.001]]],[231,[60.78469,119.7335,0,[189.1069,157.001]]],[233,[61.2053,120.8587,0,[191.373,158.001]]],[229,[59.82514,117.4388,0,[187.9613,155.001]]],[228,[59.67259,117.2345,0,[186.8833,155.001]]],[293,[61.57038,119.7441,0,[192.3531,158.001]]],[264,[61.33491,120.1597,0,[190.967,157.001]]],[306,[58.83655,112.3668,0,[185.0469,154.001]]],[316,[61.27032,116.551,0,[193.7747,158.001]]],[202,[60.90681,120.9885,0,[188.7705,156.001]]],[203,[61.51431,121.9698,0,[189.8574,157.001]]],[225,[59.43633,115.6505,0,[185.8054,154.001]]],[198,[60.38989,118.6914,0,[186.645,155.001]]],[230,[60.57836,118.585,0,[187.6972,155.001]]],[235,[62.30938,122.333,0,[191.8006,158.001]]],[318,[62.07594,119.1333,0,[193.3072,158.001]]],[201,[62.0562,121.207,0,[189.0801,157.001]]],[234,[62.07282,121.5869,0,[190.3497,157.001]]],[199,[61.73722,120.1464,0,[188.0139,156.001]]],[196,[60.35533,117.6577,0,[185.921,154.001]]],[197,[61.17538,118.7195,0,[186.8995,155.001]]],[252,[59.84352,114.9628,0,[185.0622,154.001]]],[204,[62.90889,122.9645,0,[191.3159,158.001]]],[265,[62.79909,121.5623,0,[192.694,158.001]]],[172,[62.7949,122.843,0,[189.8767,157.001]]],[200,[62.24711,120.9077,0,[188.7351,156.001]]],[168,[61.8174,120.2939,0,[187.3973,155.001]]],[294,[63.00889,120.6386,0,[193.9998,158.2015]]],[205,[63.01313,122.986,0,[190.9469,157.001]]],[195,[61.73054,118.9762,0,[186.1999,155.001]]],[280,[60.74635,114.0363,0,[185.1543,154.001]]],[236,[63.56287,122.9496,0,[192.1514,158.001]]],[169,[62.73787,121.5272,0,[188.2406,156.001]]],[173,[63.46059,123.528,0,[189.5416,157.001]]],[193,[62.32906,118.3421,0,[186.9615,155.001]]],[266,[63.58665,121.6058,0,[193.4734,158.001]]],[174,[63.67613,123.3777,0,[190.5671,157.001]]],[176,[64.20956,124.9992,0,[191.7203,158.001]]],[171,[63.29044,122.3937,0,[188.655,156.001]]],[170,[62.86407,122.0014,0,[187.5369,155.001]]],[206,[64.24904,123.3227,0,[192.9867,158.001]]],[223,[61.48113,117.0932,0,[185.0998,154.001]]],[224,[61.98851,116.9346,0,[185.8584,154.001]]],[143,[64.30785,124.7165,0,[190.2339,157.001]]],[144,[64.83691,125.3951,0,[191.3557,158.001]]],[142,[64.34729,124.6073,0,[189.1254,157.001]]],[167,[63.06314,120.0888,0,[186.5049,155.001]]],[138,[63.93082,122.6224,0,[188.0275,156.001]]],[175,[64.84911,124.688,0,[192.5871,158.001]]],[317,[64.84863,118.5352,0,[194.1006,159.001]]],[145,[64.95395,125.7317,0,[189.8082,157.001]]],[222,[62.46287,116.7767,0,[185.1623,154.001]]],[139,[64.40211,123.1744,0,[188.6875,156.001]]],[146,[65.02041,125.0342,0,[190.9252,157.001]]],[137,[63.70953,121.8836,0,[187.0794,155.001]]],[147,[65.50536,126.0811,0,[192.0404,158.001]]],[207,[65.01038,124.2021,0,[193.8199,158.001]]],[108,[64.17619,122.9402,0,[187.7231,155.001]]],[166,[63.1628,119.996,0,[185.9635,154.001]]],[237,[65.6919,123.3936,0,[193.1393,158.001]]],[114,[65.04588,124.5371,0,[188.9799,156.001]]],[116,[65.59379,125.8335,0,[190.1093,157.001]]],[177,[66.12713,125.7172,0,[191.2939,158.001]]],[107,[64.26742,123.0569,0,[186.5845,155.001]]],[141,[64.73619,122.4017,0,[187.8509,155.001]]],[238,[66.277,124.0954,0,[192.4075,158.001]]],[267,[66.22345,123.1904,0,[194.3132,159.0009]]],[115,[65.72065,125.3779,0,[188.823,156.001]]],[117,[66.23354,126.7794,0,[189.9415,157.001]]],[140,[64.90871,123.0703,0,[186.7188,155.001]]],[281,[63.21146,115.8096,0,[184.8716,154.001]]],[148,[66.72192,126.8496,0,[191.0765,158.001]]],[354,[66.36059,117.8309,0,[193.688,158.0009]]],[113,[65.32863,124.0285,0,[187.7206,155.001]]],[165,[63.83097,119.0534,0,[185.4252,154.001]]],[208,[66.91599,125.0009,0,[192.3505,158.001]]],[89,[66.82317,128.5169,0,[190.2303,157.001]]],[88,[66.87152,128.4302,0,[189.0863,157.001]]],[136,[64.82568,121.6789,0,[185.9768,154.001]]],[347,[64.4397,113.3609,0,[185.1379,154.001]]],[78,[65.69516,123.5075,0,[186.9111,155.001]]],[118,[67.3779,127.8343,0,[191.4265,158.001]]],[112,[65.96675,124.0088,0,[187.9673,155.001]]],[319,[67.02453,119.2723,0,[193.8103,158.001]]],[178,[67.57922,125.7436,0,[192.7567,158.001]]],[90,[67.45674,129.0474,0,[189.529,157.001]]],[119,[67.47949,127.893,0,[190.712,157.001]]],[109,[66.31859,123.9335,0,[187.0615,155.001]]],[62,[67.00893,128.9779,0,[188.423,156.001]]],[79,[66.03902,124.3773,0,[186.0475,155.001]]],[149,[68.12261,127.0746,0,[191.9437,158.001]]],[194,[65.25346,119.2801,0,[185.0264,154.001]]],[91,[68.06104,129.9592,0,[189.9123,157.001]]],[87,[66.87345,126.6288,0,[187.5673,155.001]]],[150,[68.56396,128.634,0,[191.0182,158.001]]],[61,[67.60591,128.6956,0,[188.8038,156.001]]],[268,[68.25256,123.0944,0,[193.2173,158.001]]],[295,[68.37381,122.216,0,[194.0426,159.001]]],[104,[66.81564,122.8021,0,[186.3706,155.001]]],[239,[68.76386,125.1147,0,[192.3281,158.001]]],[105,[65.94051,121.414,0,[185.1835,154.001]]],[63,[68.66663,130.3856,0,[190.2656,157.001]]],[86,[68.02692,127.8718,0,[188.0934,156.001]]],[85,[68.75809,127.0788,0,[189.1381,157.001]]],[120,[69.19427,129.4729,0,[191.3406,158.001]]],[80,[67.43456,124.8043,0,[187.0001,155.001]]],[363,[68.88979,116.0559,0,[193.8526,158.001]]],[151,[69.35886,128.7803,0,[192.7275,158.001]]],[106,[66.56274,122.9774,0,[185.3005,154.001]]],[84,[68.63439,126.5996,0,[188.3014,156.001]]],[41,[69.3129,131.8786,0,[190.6456,157.001]]],[60,[69.29835,129.5183,0,[189.5334,157.001]]],[134,[67.68691,122.4002,0,[186.0352,155.001]]],[64,[69.85448,131.4685,0,[191.6847,158.001]]],[111,[68.07105,125.2833,0,[187.2176,155.001]]],[83,[69.1554,126.5719,0,[188.6911,156.001]]],[209,[69.68221,125.1574,0,[193.9846,158.001]]],[152,[70.09439,129.5365,0,[192.7167,158.001]]],[65,[69.9339,132.3195,0,[190.0487,157.001]]],[54,[68.7637,125.599,0,[187.5996,155.001]]],[77,[68.28737,124.6473,0,[186.1946,155.001]]],[121,[70.58775,130.653,0,[191.128,158.001]]],[192,[67.27779,120.705,0,[184.9404,154.001]]],[40,[70.20005,132.1563,0,[189.0261,157.001]]],[59,[69.30651,128.1568,0,[187.9098,155.001]]],[110,[68.83979,125.0205,0,[186.4957,155.001]]],[182,[70.78934,129.7546,0,[192.2693,158.001]]],[179,[70.49551,126.7122,0,[193.7137,158.001]]],[21,[70.7336,133.1508,0,[189.6361,157.001]]],[52,[69.4026,125.3083,0,[186.5565,155.001]]],[93,[70.78349,131.5798,0,[190.7435,157.001]]],[58,[70.3307,127.841,0,[188.543,156.001]]],[32,[69.78656,126.5288,0,[187.3711,155.001]]],[92,[71.39027,131.1154,0,[191.7987,158.001]]],[135,[67.93858,122.6985,0,[185.1142,154.001]]],[53,[68.53859,124.742,0,[185.3143,154.001]]],[122,[71.25053,130.4369,0,[193.0984,158.001]]],[251,[69.10712,119.3689,0,[185.3844,154.001]]],[55,[70.89182,126.889,0,[188.8985,156.001]]],[66,[71.46819,134.0307,0,[189.9739,157.001]]],[35,[70.33417,128.6264,0,[187.6945,155.001]]],[123,[71.9651,132.6631,0,[191.0648,158.001]]],[50,[70.0745,126.0847,0,[186.3544,155.001]]],[124,[71.96317,133.5791,0,[192.3109,158.001]]],[338,[71.81303,119.8217,0,[194.152,159.001]]],[153,[71.90327,130.5087,0,[193.4854,158.001]]],[81,[71.40119,127.0171,0,[188.0379,156.001]]],[16,[72.03439,131.864,0,[189.1488,157.001]]],[33,[70.67599,127.3058,0,[186.7896,155.001]]],[94,[72.0733,133.603,0,[190.8108,157.001]]],[184,[72.57217,132.4028,0,[191.8594,158.001]]],[57,[70.21854,127.2104,0,[185.6285,154.001]]],[132,[69.67896,121.5569,0,[185.0943,154.001]]],[39,[72.42245,131.0485,0,[189.9159,157.001]]],[154,[72.58375,131.2426,0,[193.0763,158.001]]],[158,[71.29073,121.5704,0,[187.2491,155.001]]],[28,[72.00156,127.3049,0,[188.3486,156.001]]],[339,[72.78492,121.12,0,[194.1862,159.0009]]],[37,[73.2939,132.0016,0,[191.4612,158.001]]],[103,[71.35112,123.9152,0,[186.139,155.001]]],[274,[73.16544,133.938,0,[192.5682,158.001]]],[36,[72.98279,131.3133,0,[190.4921,157.001]]],[56,[72.86313,131.5803,0,[189.1775,157.001]]],[31,[71.82392,127.3789,0,[187.0977,155.001]]],[187,[72.55171,122.0422,0,[188.1125,156.001]]],[180,[73.52731,127.9503,0,[194.0091,159.001]]],[48,[73.43796,128.6199,0,[189.8126,157.001]]],[279,[70.75741,117.9943,0,[184.9907,154.001]]],[244,[73.94086,130.9793,0,[191.9009,158.001]]],[273,[73.53088,127.6063,0,[193.3651,158.001]]],[30,[73.00931,128.5971,0,[188.7956,156.001]]],[22,[73.5806,133.9919,0,[190.8828,157.001]]],[51,[71.44037,125.2966,0,[185.9613,154.001]]],[73,[72.36101,124.8283,0,[186.9289,155.001]]],[129,[72.71396,123.9488,0,[187.7888,155.001]]],[82,[74.00347,130.1724,0,[189.9465,157.001]]],[301,[74.2299,127.0511,0,[192.7756,158.001]]],[100,[73.58582,126.3108,0,[188.8481,156.001]]],[42,[74.64331,135.0854,0,[191.2843,158.001]]],[270,[74.45203,126.1465,0,[194.379,159.0009]]],[29,[72.12115,126.4278,0,[185.9403,154.001]]],[101,[72.98385,125.9845,0,[186.8442,155.001]]],[12,[74.50219,132.0485,0,[190.4612,157.001]]],[250,[71.63406,119.1518,0,[184.9468,154.001]]],[72,[73.37124,125.9988,0,[187.9017,155.001]]],[302,[74.83514,132.1106,0,[192.2993,158.001]]],[71,[74.59303,127.5315,0,[189.3362,157.001]]],[214,[74.36652,129.7057,0,[193.767,158.0009]]],[18,[75.37759,133.9726,0,[191.3099,158.001]]],[11,[74.37433,131.6557,0,[188.4067,156.001]]],[188,[73.62695,122.088,0,[186.9137,155.001]]],[17,[75.0555,133.737,0,[190.2759,157.001]]],[38,[75.42062,132.7315,0,[192.4767,158.0009]]],[130,[72.83342,123.7805,0,[185.9686,154.001]]],[164,[72.37829,122.3034,0,[184.9677,154.001]]],[213,[75.19854,129.2555,0,[193.6397,158.0009]]],[10,[75.28417,131.7639,0,[189.2026,157.001]]],[99,[74.122,123.8265,0,[187.4408,155.001]]],[13,[75.49654,132.6035,0,[190.9856,157.001]]],[19,[76.02911,133.7526,0,[191.9924,158.001]]],[47,[75.03815,128.6958,0,[188.2984,156.001]]],[157,[74.15709,122.7847,0,[186.324,155.001]]],[34,[75.73113,134.2342,0,[189.9117,157.001]]],[299,[75.53752,126.2527,0,[194.5109,159.0009]]],[243,[76.01767,129.0905,0,[193.1697,158.001]]],[14,[76.54755,134.3213,0,[191.1725,158.001]]],[128,[74.68812,123.3547,0,[187.2628,155.001]]],[98,[75.4938,126.0877,0,[188.95,156.001]]],[190,[73.58337,121.7197,0,[185.2286,154.001]]],[102,[73.03237,123.9236,0,[184.9502,154.001]]],[4,[76.29389,134.0664,0,[190.1028,157.001]]],[362,[76.58118,124.8822,0,[192.4984,158.001]]],[70,[75.21174,127.0424,0,[187.9595,155.001]]],[216,[74.79688,120.8557,0,[186.1763,155.001]]],[27,[76.57663,131.2738,0,[189.0521,157.001]]],[5,[76.85114,135.6912,0,[190.9999,157.4007]]],[211,[76.65942,128.9074,0,[194.2537,159.001]]],[326,[76.73915,126.6431,0,[193.5917,158.0009]]],[325,[77.1679,127.4491,0,[192.0613,158.001]]],[156,[75.37737,123.3003,0,[186.875,155.001]]],[9,[76.9172,133.4887,0,[189.9619,157.001]]],[127,[76.36105,124.4041,0,[188.1405,156.001]]],[75,[74.20422,125.6912,0,[185.0732,154.001]]],[46,[77.06003,129.6688,0,[189,156.6072]]],[183,[77.37898,130.7481,0,[193.2376,158.001]]],[346,[77.78796,128.132,0,[191.1012,158.001]]],[125,[75.95219,126.0288,0,[187.1087,155.001]]],[161,[74.83705,121.0741,0,[185.7388,154.001]]],[2,[77.53217,134.1935,0,[190.1359,157.001]]],[300,[77.86138,131.0854,0,[192.2256,158.001]]],[96,[76.996,127.2623,0,[188.0021,156.001]]],[126,[76.12052,124.3465,0,[186.051,155.001]]],[342,[77.78538,123.0348,0,[194.2109,159.0009]]],[25,[77.82227,131.4181,0,[189.1442,157.001]]],[360,[78.39392,133.0838,0,[191.3969,158.001]]],[97,[76.71413,125.619,0,[186.9832,155.001]]],[241,[78.00262,127.8962,0,[193.5043,158.001]]],[20,[78.11613,135.8325,0,[190.4508,157.001]]],[95,[77.0759,127.6042,0,[187.9326,155.001]]],[369,[78.52172,125.4645,0,[192.5391,158.001]]],[162,[75.29347,123.0886,0,[185.0474,154.001]]],[69,[77.85214,128.7364,0,[188.8891,156.001]]],[160,[76.32042,122.5747,0,[185.8983,154.001]]],[26,[78.6081,132.2227,0,[189.8467,157.001]]],[245,[77.32012,121.5859,0,[186.9262,155.001]]],[361,[79.07008,130.9258,0,[191.6835,158.001]]],[76,[75.92279,125.0708,0,[185.0239,154.001]]],[323,[78.75617,128.2655,0,[193.6542,158.0009]]],[44,[77.6992,128.9065,0,[187.9325,155.001]]],[322,[78.88728,136.7351,0,[190.8051,157.001]]],[43,[78.44666,133.2978,0,[188.9389,156.001]]],[269,[78.97342,127.964,0,[194.5192,159.001]]],[15,[79.25845,137.9682,0,[189.8629,157.001]]],[246,[77.64551,121.3138,0,[186.0309,155.001]]],[276,[78.02264,119.429,0,[187.0599,155.001]]],[321,[79.71535,129.5083,0,[191.9241,158.001]]],[344,[79.31743,129.1782,0,[192.8753,158.001]]],[67,[78.87202,133.4443,0,[188.196,156.001]]],[221,[76.71674,122.0288,0,[185.1028,154.001]]],[343,[79.63082,136.1929,0,[190.9998,157.2592]]],[8,[79.71803,135.8714,0,[189.1602,157.001]]],[186,[78.62094,122.9756,0,[187.1918,155.001]]],[247,[78.26759,121.5343,0,[186.0618,155.001]]],[272,[80.09329,129.6581,0,[193.062,158.001]]],[271,[80.38617,136.0374,0,[191.8259,158.001]]],[345,[80.00786,128.3821,0,[190.3951,157.001]]],[45,[79.4454,129.8079,0,[188.1744,156.001]]],[297,[79.82601,129.1961,0,[193.9998,158.44]]],[163,[77.414,122.0848,0,[185,154.0001]]],[3,[80.35079,138.8825,0,[189.4656,157.001]]],[303,[79.05309,118.7438,0,[186.532,155.001]]],[7,[79.99882,133.9713,0,[188.4716,156.001]]],[68,[79.36636,128.7816,0,[187.449,155.001]]],[358,[80.79799,121.8416,0,[192.8552,158.001]]],[367,[80.59404,137.6919,0,[190.7001,157.001]]],[368,[81.00688,130.2845,0,[191.664,158.001]]],[133,[78.2557,124.9602,0,[185.5336,154.001]]],[181,[80.78854,128.645,0,[193.9997,158.3706]]],[1,[81.05988,139.8878,0,[189.9552,157.001]]],[23,[80.57033,134.7455,0,[188.9259,156.001]]],[328,[79.9706,117.4951,0,[187.8898,155.001]]],[365,[81.55492,125.1478,0,[191.9942,158.001]]],[218,[79.81733,122.6901,0,[186.7427,155.001]]],[185,[78.99149,124.2573,0,[185.8684,154.001]]],[240,[81.52052,128.2912,0,[193.1213,158.001]]],[366,[81.92848,129.0522,0,[191.0502,158.001]]],[298,[81.66138,132.6795,0,[190.1283,157.001]]],[0,[81.09259,135.7554,0,[188.0689,156.001]]],[24,[81.69318,136.9905,0,[189.0073,157.001]]],[277,[80.3896,120.7548,0,[187.0646,155.001]]],[220,[78.69955,121.7516,0,[184.8832,154.001]]],[364,[82.31371,126.1055,0,[192.2781,158.001]]],[212,[81.92485,130.4455,0,[194.2108,159.001]]],[217,[79.75707,121.3863,0,[185.9501,154.001]]],[359,[82.51337,127.6055,0,[190.9998,157.7735]]],[242,[82.26366,135.7814,0,[189.8007,157.001]]],[296,[82.22094,126.8995,0,[193.6946,158.0009]]],[324,[81.77045,135.6826,0,[188.7109,156.001]]],[215,[81.13362,128.7923,0,[187.7054,155.001]]],[155,[80.88785,131.6243,0,[186.5915,155.001]]],[191,[79.40266,122.3318,0,[185.0097,154.001]]],[210,[83.02048,133.0402,0,[192.4111,158.001]]],[340,[83.31753,129.9403,0,[191.3103,158.001]]],[357,[82.85691,129.3673,0,[190.2637,157.001]]],[131,[80.22741,125.5077,0,[185.2321,154.001]]],[320,[82.93382,135.1498,0,[189.1137,157.001]]],[6,[82.37135,140.2969,0,[188.1245,156.001]]],[275,[81.6423,121.946,0,[187.1451,155.001]]],[356,[83.29808,122.2103,0,[193.9996,158.6103]]],[249,[81.40962,122.0717,0,[186.1069,155.001]]],[278,[83.00774,122.124,0,[188.0066,156.001]]],[355,[83.67048,124.5234,0,[193.0269,158.0009]]],[304,[83.60365,125.3399,0,[190.4349,157.001]]],[327,[83.64682,126.7049,0,[189.154,157.001]]],[159,[82.26814,125.405,0,[186.8152,155.001]]],[341,[84.08199,132.2663,0,[191.593,158.001]]],[49,[81.00515,128.2158,0,[185.0035,154.001]]],[248,[81.58453,121.0569,0,[185.6145,154.001]]],[189,[82.99722,124.8904,0,[187.0065,155.001]]],[219,[83.72197,125.4611,0,[188.2538,156.001]]],[305,[82.35089,120.0161,0,[185.688,154.001]]],[74,[84.44595,133.7598,0,[189.57,157.001]]]

Travel Distances:
[350,119.9168],[349,119.9047],[351,119.8319],[348,119.5588],[352,119.1221],[332,121.8516],[333,121.8074],[331,121.8005],[334,121.4576],[335,121.5363],[330,121.5734],[311,121.8253],[310,123.7533],[313,123.4266],[312,123.2087],[309,123.5924],[353,121.0674],[285,123.7753],[287,123.5698],[314,123.3047],[286,125.3469],[284,125.624],[308,125.3402],[282,125.3574],[289,125.3397],[315,124.8785],[258,125.3141],[257,125.389],[256,125.5344],[290,126.9991],[337,125.3377],[283,126.2713],[329,124.433],[227,127.405],[288,126.0524],[291,126.7118],[255,126.2379],[261,126.4564],[292,126.0848],[253,127.9939],[259,128.0737],[260,128.2122],[262,128.0659],[226,128.2972],[307,125.9126],[232,128.5291],[263,127.5522],[336,123.8356],[254,126.9345],[231,128.1583],[233,128.4447],[229,129.7501],[228,129.8731],[293,128.5564],[264,129.4863],[306,126.6181],[316,125.876],[202,131.1718],[203,130.9399],[225,128.7626],[198,129.909],[230,129.4241],[235,129.7134],[318,128.9357],[201,131.0805],[234,131.4329],[199,130.668],[196,130.922],[197,130.3642],[252,129.1017],[204,131.1372],[265,129.9403],[172,131.2504],[200,130.4107],[168,132.6498],[294,130.5027],[205,132.8632],[195,131.4952],[280,128.4593],[236,131.8145],[169,132.0288],[173,132.6031],[193,129.6785],[266,130.2855],[174,132.0215],[176,132.5763],[171,131.7595],[170,134.2584],[206,132.8042],[223,132.0603],[224,130.936],[143,134.0938],[144,133.7098],[142,133.8625],[167,131.9494],[138,132.748],[175,132.9449],[317,126.5852],[145,135.8146],[222,131.7379],[139,134.3067],[146,134.9883],[137,134.4381],[147,135.062],[207,133.8882],[108,134.5721],[166,133.6509],[237,131.9377],[114,134.4381],[116,134.6397],[177,133.4596],[107,134.4775],[141,132.9237],[238,133.5114],[267,132.3432],[115,135.9315],[117,136.3072],[140,135.2449],[281,131.304],[148,135.3951],[354,126.9085],[113,135.3648],[165,133.3574],[208,133.144],[89,136.865],[88,136.6841],[136,134.0082],[347,126.4436],[78,136.0801],[118,137.03],[112,136.0608],[319,128.8941],[178,134.5523],[90,138.1301],[119,136.9312],[109,135.2901],[62,138.953],[79,136.2798],[149,134.8228],[194,132.7349],[91,139.8305],[87,138.8074],[150,137.4929],[61,139.4749],[268,132.396],[295,131.0827],[104,135.1507],[239,133.5009],[105,135.449],[63,139.045],[86,137.8062],[85,135.5569],[120,137.0216],[80,135.9225],[363,126.1419],[151,138.0396],[106,137.7364],[84,137.3099],[41,141.2437],[60,138.9128],[134,135.0011],[64,139.7533],[111,137.1192],[83,136.2426],[209,133.6442],[152,137.3203],[65,140.4501],[54,138.0566],[77,138.0438],[121,139.4742],[192,136.0623],[40,141.7487],[59,139.539],[110,137.3299],[182,138.1703],[179,135.5691],[21,141.6787],[52,136.4973],[93,140.0082],[58,137.1732],[32,138.8984],[92,140.3134],[135,138.744],[53,139.6297],[122,139.8963],[251,133.1033],[55,137.1006],[66,143.0901],[35,139.92],[123,140.7303],[50,137.9221],[124,141.6343],[338,127.843],[153,138.6537],[81,138.2039],[16,141.7872],[33,139.8498],[94,143.4457],[184,141.2037],[57,140.7601],[132,136.1394],[39,140.089],[154,140.002],[158,132.9848],[28,137.2949],[339,129.1476],[37,139.4057],[103,135.1996],[274,141.5827],[36,141.3328],[56,141.6789],[31,139.6989],[187,132.9012],[180,136.5968],[48,137.6978],[279,132.2757],[244,139.0908],[273,136.2374],[30,138.5683],[22,142.8219],[51,138.3842],[73,136.0378],[129,136.3827],[82,140.1227],[301,136.4625],[100,137.1294],[42,143.7903],[270,134.8826],[29,140.1613],[101,137.9662],[12,141.0361],[250,133.8095],[72,137.2511],[302,140.3737],[71,136.3397],[214,138.1479],[18,143.1299],[11,142.8102],[188,134.8092],[17,143.5747],[38,141.7738],[130,137.9562],[164,137.4736],[213,138.3725],[10,141.1558],[99,135.5683],[13,141.5935],[19,141.6136],[47,138.5809],[157,134.4472],[34,142.7543],[299,134.0516],[243,138.9216],[14,143.2038],[128,135.9176],[98,136.9776],[190,136.4737],[102,139.7619],[4,143.4661],[362,133.6733],[70,138.5764],[216,133.226],[27,140.0755],[5,143.9664],[211,137.0334],[326,135.0273],[325,135.0403],[156,134.5159],[9,143.6225],[127,135.6473],[75,141.1084],[46,139.5355],[183,139.8793],[346,136.5521],[125,138.0213],[161,135.2095],[2,143.1241],[300,139.3047],[96,137.2557],[126,136.0879],[342,130.9236],[25,139.7707],[360,142.2792],[97,138.169],[241,137.6102],[20,145.5854],[95,139.4415],[369,134.3601],[162,138.4101],[69,138.9666],[160,135.9059],[26,140.8829],[245,132.9398],[361,138.7821],[76,138.9681],[323,136.5046],[44,139.5035],[322,144.9539],[43,144.3338],[269,137.2242],[15,147.4154],[246,134.0027],[276,131.3677],[321,138.0301],[344,138.1766],[67,143.6909],[221,136.4323],[343,144.9049],[8,144.4046],[186,133.7259],[247,132.9463],[272,139.3244],[271,145.1946],[345,138.2961],[45,140.8872],[297,138.7748],[163,136.9627],[3,148.063],[303,130.6258],[7,143.967],[68,140.0407],[358,130.1448],[367,146.4621],[368,138.2353],[133,138.4265],[181,138.5964],[1,149.7152],[23,145.5714],[328,129.5332],[365,133.9833],[218,135.0102],[185,138.1394],[240,137.1344],[366,137.1632],[298,141.3107],[0,145.5367],[24,145.5784],[277,131.9612],[220,136.0842],[364,135.4513],[212,139.8139],[217,135.7781],[359,136.5341],[242,145.2351],[296,136.2403],[324,146.1094],[215,140.4915],[155,143.7908],[191,137.1741],[210,140.9709],[340,137.2938],[357,137.6435],[131,138.7942],[320,145.2574],[6,151.5384],[275,134.5297],[356,131.2957],[249,135.0921],[278,132.0896],[355,133.0231],[304,134.1216],[327,135.4001],[159,136.6966],[341,140.0987],[49,142.0805],[248,133.7205],[189,136.7465],[219,135.9062],[305,133.2125],[74,142.8634]

Finish Times:
[350,61.04102],[349,61.16102],[351,61.24102],[348,61.60103],[352,61.88103],[332,62.08104],[333,62.08104],[331,62.32104],[334,62.60105],[335,62.64105],[330,62.80106],[311,62.84106],[310,63.04106],[313,63.16106],[312,63.32107],[309,63.36107],[353,63.76108],[285,63.84108],[287,63.84108],[314,63.88108],[286,64.00108],[284,64.08109],[308,64.08109],[282,64.36109],[289,64.44109],[315,64.5211],[258,64.6411],[257,64.6811],[256,64.7211],[290,65.04111],[337,65.08111],[283,65.16111],[329,65.32111],[227,65.40112],[288,65.40112],[291,65.48112],[255,65.56112],[261,65.80112],[292,65.92113],[253,65.96113],[259,66.04113],[260,66.16113],[262,66.16113],[226,66.24113],[307,66.28114],[232,66.64114],[263,66.64114],[336,66.64114],[254,66.68114],[231,66.80115],[233,66.80115],[229,66.96115],[228,67.00115],[293,67.32116],[264,67.36116],[306,67.36116],[316,67.36116],[202,67.44116],[203,67.52116],[225,67.56116],[198,67.72117],[230,67.72117],[235,67.92117],[318,68.00117],[201,68.08118],[234,68.08118],[199,68.32118],[196,68.44118],[197,68.44118],[252,68.44118],[204,68.48119],[265,68.56119],[172,68.80119],[200,68.80119],[168,69.0012],[294,69.0812],[205,69.1212],[195,69.2412],[280,69.2412],[236,69.2812],[169,69.32121],[173,69.48121],[193,69.64121],[266,69.68121],[174,69.72121],[176,69.84122],[171,69.88122],[170,70.08122],[206,70.08122],[223,70.12122],[224,70.12122],[143,70.32123],[144,70.40123],[142,70.44123],[167,70.52123],[138,70.64124],[175,70.64124],[317,70.64124],[145,71.00124],[222,71.00124],[139,71.04124],[146,71.04124],[137,71.12125],[147,71.16125],[207,71.20125],[108,71.44125],[166,71.52126],[237,71.56126],[114,71.60126],[116,71.60126],[177,71.68126],[107,71.88126],[141,71.88126],[238,72.00127],[267,72.20127],[115,72.24127],[117,72.24127],[140,72.24127],[281,72.24127],[148,72.28127],[354,72.44128],[113,72.48128],[165,72.56128],[208,72.64128],[89,72.84129],[88,72.88129],[136,72.88129],[347,72.88129],[78,73.00129],[118,73.00129],[112,73.08129],[319,73.2813],[178,73.3613],[90,73.4813],[119,73.5213],[109,73.6013],[62,73.6413],[79,73.6413],[149,73.76131],[194,73.92131],[91,74.08131],[87,74.12132],[150,74.12132],[61,74.20132],[268,74.20132],[295,74.28132],[104,74.36132],[239,74.48132],[105,74.52132],[63,74.68133],[86,74.72133],[85,74.80133],[120,74.80133],[80,74.88133],[363,75.00134],[151,75.12134],[106,75.24134],[84,75.28134],[41,75.32134],[60,75.32134],[134,75.44135],[64,75.48135],[111,75.48135],[83,75.76135],[209,75.84135],[152,75.88136],[65,75.92136],[54,76.04136],[77,76.16136],[121,76.16136],[192,76.20136],[40,76.24136],[59,76.44137],[110,76.44137],[182,76.48137],[179,76.60137],[21,76.76138],[52,76.80138],[93,76.80138],[58,76.92138],[32,77.04138],[92,77.04138],[135,77.08138],[53,77.12138],[122,77.12138],[251,77.36139],[55,77.44139],[66,77.48139],[35,77.52139],[123,77.52139],[50,77.56139],[124,77.6814],[338,77.7614],[153,77.8814],[81,78.0014],[16,78.0414],[33,78.08141],[94,78.12141],[184,78.24141],[57,78.44141],[132,78.44141],[39,78.48141],[154,78.48141],[158,78.52142],[28,78.60142],[339,78.76142],[37,78.88142],[103,78.92142],[274,78.92142],[36,79.00143],[56,79.00143],[31,79.20143],[187,79.24143],[180,79.28143],[48,79.48144],[279,79.48144],[244,79.56144],[273,79.56144],[30,79.60144],[22,79.64144],[51,79.72144],[73,79.80145],[129,79.96145],[82,80.04145],[301,80.08145],[100,80.16145],[42,80.20145],[270,80.36146],[29,80.44146],[101,80.44146],[12,80.52146],[250,80.52146],[72,80.56146],[302,80.56146],[71,80.64146],[214,80.80147],[18,81.00147],[11,81.04147],[188,81.08147],[17,81.12148],[38,81.16148],[130,81.28148],[164,81.28148],[213,81.36148],[10,81.40148],[99,81.44148],[13,81.56149],[19,81.72149],[47,81.76149],[157,81.76149],[34,81.80149],[299,81.88149],[243,81.96149],[14,82.1215],[128,82.1215],[98,82.1615],[190,82.1615],[102,82.2415],[4,82.3215],[362,82.3215],[70,82.48151],[216,82.60151],[27,82.68151],[5,82.72151],[211,82.72151],[326,82.76151],[325,82.88152],[156,82.92152],[9,82.96152],[127,83.04152],[75,83.16152],[46,83.32153],[183,83.32153],[346,83.32153],[125,83.36153],[161,83.40153],[2,83.56153],[300,83.56153],[96,83.68153],[126,83.84154],[342,83.84154],[25,83.88154],[360,83.96154],[97,84.08154],[241,84.08154],[20,84.16154],[95,84.24155],[369,84.28155],[162,84.32155],[69,84.44155],[160,84.52155],[26,84.68156],[245,84.68156],[361,84.72156],[76,84.76156],[323,84.76156],[44,84.84156],[322,84.92156],[43,85.04156],[269,85.12157],[15,85.32157],[246,85.32157],[276,85.36157],[321,85.40157],[344,85.40157],[67,85.48158],[221,85.52158],[343,85.56158],[8,85.76158],[186,85.92159],[247,85.92159],[272,86.00159],[271,86.04159],[345,86.04159],[45,86.08159],[297,86.16159],[163,86.28159],[3,86.4416],[303,86.6016],[7,86.6416],[68,86.6416],[358,86.6416],[367,86.6416],[368,86.6416],[133,86.80161],[181,86.96161],[1,87.08161],[23,87.12161],[328,87.16161],[365,87.20161],[218,87.32162],[185,87.44162],[240,87.44162],[366,87.52162],[298,87.72163],[0,87.76163],[24,87.76163],[277,87.76163],[220,87.84163],[364,88.00163],[212,88.04163],[217,88.04163],[359,88.20164],[242,88.28164],[296,88.28164],[324,88.36164],[215,88.40164],[155,88.44164],[191,88.44164],[210,88.76165],[340,88.88165],[357,88.88165],[131,88.92165],[320,89.00166],[6,89.04166],[275,89.12166],[356,89.24166],[249,89.28166],[278,89.60167],[355,89.60167],[304,89.64167],[327,89.64167],[159,89.68167],[341,89.68167],[49,89.88168],[248,89.88168],[189,90.28168],[219,90.32169],[305,90.40169],[74,90.44169]

Stuck Times:
[350,0],[349,0],[351,0],[348,0],[352,0],[332,0],[333,0],[331,0],[334,0],[335,0],[330,0],[311,0],[310,0],[313,0],[312,0],[309,0],[353,1],[285,0],[287,0],[314,0],[286,0],[284,0],[308,0],[282,0],[289,0],[315,0],[258,0],[257,0],[256,0],[290,0],[337,0],[283,0],[329,0],[227,0],[288,0],[291,0],[255,0],[261,0],[292,0],[253,0],[259,0],[260,0],[262,0],[226,0],[307,0],[232,0],[263,0],[336,2],[254,0],[231,0],[233,0],[229,0],[228,0],[293,0],[264,0],[306,0],[316,2],[202,0],[203,0],[225,0],[198,0],[230,0],[235,0],[318,1],[201,0],[234,0],[199,0],[196,0],[197,0],[252,0],[204,0],[265,0],[172,0],[200,0],[168,0],[294,1],[205,0],[195,0],[280,1],[236,0],[169,0],[173,0],[193,0],[266,1],[174,0],[176,0],[171,0],[170,0],[206,0],[223,0],[224,0],[143,0],[144,0],[142,0],[167,0],[138,0],[175,0],[317,4],[145,0],[222,1],[139,0],[146,0],[137,0],[147,0],[207,0],[108,0],[166,0],[237,0],[114,0],[116,0],[177,0],[107,0],[141,0],[238,0],[267,2],[115,0],[117,0],[140,1],[281,3],[148,0],[354,8],[113,0],[165,0],[208,0],[89,0],[88,0],[136,0],[347,6],[78,1],[118,0],[112,0],[319,6],[178,0],[90,0],[119,0],[109,1],[62,0],[79,0],[149,1],[194,0],[91,0],[87,0],[150,0],[61,0],[268,5],[295,6],[104,0],[239,2],[105,0],[63,0],[86,0],[85,0],[120,0],[80,0],[363,12],[151,0],[106,0],[84,0],[41,0],[60,0],[134,1],[64,1],[111,0],[83,0],[209,3],[152,0],[65,0],[54,2],[77,0],[121,0],[192,3],[40,0],[59,0],[110,0],[182,0],[179,2],[21,0],[52,0],[93,0],[58,1],[32,1],[92,1],[135,1],[53,1],[122,0],[251,6],[55,1],[66,0],[35,0],[123,0],[50,0],[124,0],[338,12],[153,1],[81,3],[16,0],[33,2],[94,0],[184,1],[57,0],[132,4],[39,2],[154,0],[158,9],[28,4],[339,13],[37,2],[103,6],[274,1],[36,2],[56,2],[31,2],[187,9],[180,4],[48,6],[279,12],[244,3],[273,3],[30,5],[22,1],[51,3],[73,6],[129,9],[82,3],[301,5],[100,8],[42,1],[270,9],[29,1],[101,7],[12,4],[250,8],[72,9],[302,2],[71,9],[214,3],[18,1],[11,3],[188,10],[17,2],[38,2],[130,9],[164,6],[213,7],[10,6],[99,10],[13,4],[19,2],[47,7],[157,11],[34,2],[299,10],[243,9],[14,4],[128,10],[98,9],[190,12],[102,5],[4,3],[362,10],[70,9],[216,13],[27,7],[5,2],[211,9],[326,8],[325,9],[156,11],[9,4],[127,11],[75,6],[46,9],[183,7],[346,10],[125,11],[161,13],[2,8],[300,7],[96,12],[126,10],[342,19],[25,9],[360,10],[97,11],[241,12],[20,5],[95,12],[369,14],[162,8],[69,11],[160,14],[26,9],[245,13],[361,15],[76,8],[323,13],[44,13],[322,6],[43,8],[269,16],[15,5],[246,14],[276,19],[321,17],[344,13],[67,7],[221,13],[343,8],[8,5],[186,16],[247,15],[272,13],[271,11],[345,16],[45,12],[297,14],[163,14],[3,7],[303,19],[7,9],[68,14],[358,23],[367,10],[368,17],[133,11],[181,15],[1,7],[23,12],[328,22],[365,21],[218,18],[185,16],[240,19],[366,19],[298,15],[0,8],[24,11],[277,19],[220,17],[364,21],[212,17],[217,20],[359,21],[242,16],[296,19],[324,12],[215,14],[155,13],[191,18],[210,15],[340,19],[357,21],[131,15],[320,16],[6,11],[275,20],[356,25],[249,19],[278,21],[355,23],[304,22],[327,18],[159,21],[341,19],[49,13],[248,19],[189,21],[219,20],[305,20],[74,14]

