Experiment Name: Warcraft3-MoonGlade-1
Method Used: FlowGraph
Run Number: 5
Preparation Time: 134.8994ms
Pathfinding Time: 14.5202ms
Finish Time: 94.52178ms
Finish Time 90%: 90.08168ms
Repaths: 0
Soft Repaths: 0

Gates Data:
16:[350,[12.41474,24.80863,0,[197.9995,74.71252]]],[349,[11.82019,23.53652,0,[196.9996,73.4461]]],[351,[13.74588,27.4824,0,[198.1079,77.00085]]],[331,[12.94184,25.80519,0,[197.3294,74.00087]]],[330,[11.81194,23.50248,0,[196.9995,71.82608]]],[332,[13.55105,27.05512,0,[197.9995,75.1227]]],[309,[13.32814,26.49685,0,[196.9995,73.22427]]],[308,[12.06025,23.94016,0,[196.9995,70.92152]]],[310,[13.70557,27.29902,0,[197.7831,74.00084]]],[329,[11.45748,21.98759,0,[196.1708,70.00085]]],[333,[14.56945,28.99065,0,[197.9993,76.60262]]],[311,[14.34249,28.09813,0,[197.9994,74.45801]]],[283,[14.1982,28.10003,0,[196.9994,73.5421]]],[334,[14.8621,29.65043,0,[198.7989,77.00076]]],[282,[12.97148,25.53706,0,[196.9995,71.19428]]],[307,[12.27405,23.40266,0,[196.2059,70.00086]]],[284,[14.78725,28.65707,0,[196.9994,73.606]]],[286,[14.76971,29.32579,0,[197.9994,74.09095]]],[254,[13.94406,27.46445,0,[196.9994,71.76189]]],[312,[15.19073,30.13341,0,[197.9992,76.04696]]],[281,[13.08774,24.28474,0,[196.9805,70.00078]]],[287,[15.68958,30.98562,0,[197.9994,75.4112]]],[255,[15.11802,28.91066,0,[196.9994,72.91647]]],[285,[15.478,29.25969,0,[197.5237,74.00078]]],[306,[12.76982,23.25466,0,[195.9994,69.56389]]],[253,[14.26075,26.8027,0,[196.9994,71.11134]]],[314,[16.50338,32.19189,0,[197.9991,76.44118]]],[256,[15.67436,29.34261,0,[196.9994,72.86929]]],[280,[13.88567,24.36097,0,[196.4011,70.00081]]],[258,[16.01392,31.48729,0,[197.9992,74.88467]]],[336,[16.05976,31.89261,0,[198.999,77.3854]]],[225,[14.9197,28.23755,0,[196.9994,71.15423]]],[348,[13.21795,20.13235,0,[195.9993,69.00591]]],[257,[16.21843,30.66801,0,[197.3525,74.00067]]],[259,[16.57063,31.93382,0,[197.9993,74.59969]]],[252,[14.44115,25.67913,0,[196.5003,70.00076]]],[228,[16.97214,32.25912,0,[197.2336,74.00067]]],[226,[15.57866,28.9311,0,[196.9993,71.32667]]],[288,[16.97531,32.48609,0,[197.9993,75.99441]]],[227,[16.32404,30.8754,0,[196.9993,72.97165]]],[261,[17.52908,33.81973,0,[197.9992,75.70428]]],[260,[17.2335,32.69203,0,[197.9992,74.43618]]],[198,[17.1387,32.60511,0,[196.9992,73.11189]]],[223,[14.99287,26.93352,0,[196.725,70.00083]]],[197,[16.3751,30.8487,0,[196.9993,71.8474]]],[224,[15.68745,27.44988,0,[196.9993,70.28368]]],[229,[17.85783,33.20836,0,[197.0561,74.00057]]],[262,[18.21049,34.5,0,[197.9991,75.67069]]],[328,[14.04465,21.80048,0,[195.9992,68.91335]]],[290,[18.58677,34.70708,0,[197.9991,76.81661]]],[199,[17.06592,32.07949,0,[196.9992,71.93871]]],[195,[16.39079,29.04927,0,[196.9993,70.52055]]],[230,[17.82456,33.10112,0,[196.9992,72.90808]]],[222,[15.69875,27.03142,0,[195.9993,69.76894]]],[232,[17.93094,34.27449,0,[197.9992,74.45157]]],[313,[15.96669,31.50377,0,[198.0969,77.00069]]],[231,[18.60155,33.95704,0,[196.9991,73.8684]]],[233,[18.65173,34.98318,0,[197.9992,74.25197]]],[251,[14.71206,24.9948,0,[195.9994,68.9529]]],[196,[17.77675,30.9824,0,[196.9992,71.79318]]],[263,[18.83143,35.18724,0,[197.9993,75.53214]]],[194,[17.07143,29.39071,0,[196.9992,70.7328]]],[264,[19.83231,36.33214,0,[197.9993,76.53339]]],[201,[18.53717,33.88338,0,[196.9991,72.7629]]],[193,[16.46586,28.87768,0,[195.9993,69.97405]]],[234,[19.42543,36.0294,0,[197.9992,75.17544]]],[167,[17.5861,30.91369,0,[196.9992,70.51206]]],[202,[19.36279,35.43991,0,[196.9991,73.86423]]],[291,[19.2679,35.23479,0,[197.9991,76.90269]]],[163,[16.98634,29.73706,0,[196.2431,70.00073]]],[265,[20.24265,36.87812,0,[197.9992,75.92885]]],[172,[19.13894,35.28426,0,[196.9991,72.62881]]],[204,[19.43521,35.97767,0,[197.9992,74.11942]]],[292,[19.79217,35.4115,0,[198.9993,77.46146]]],[200,[18.30692,32.90921,0,[196.9991,71.55625]]],[203,[19.94899,36.11684,0,[196.9992,73.56379]]],[165,[17.73042,29.95547,0,[195.9992,69.91072]]],[279,[15.5083,24.12208,0,[195.9994,68.4221]]],[235,[20.19522,36.73001,0,[197.9992,74.75961]]],[171,[19.58636,34.58266,0,[196.9991,72.22765]]],[205,[20.45576,37.43682,0,[197.4173,74.00062]]],[168,[18.8879,32.17842,0,[196.9992,71.35401]]],[293,[21.061,36.71626,0,[197.9991,76.81665]]],[173,[20.31382,36.63794,0,[196.9992,72.96001]]],[206,[20.83685,37.74796,0,[197.9991,74.66047]]],[192,[16.31266,27.25103,0,[195.9992,68.59204]]],[169,[19.61934,32.8968,0,[196.9991,71.18063]]],[174,[21.22536,37.62302,0,[197.1468,74.00048]]],[236,[20.99243,37.82926,0,[197.9991,75.766]]],[164,[18.9692,30.32188,0,[196.9993,70.3803]]],[166,[18.19186,30.56252,0,[196.9991,70.39435]]],[144,[20.92182,37.68338,0,[196.9991,72.91807]]],[207,[21.69107,39.04419,0,[197.9993,75.15131]]],[176,[21.48965,38.43787,0,[197.767,74.0006]]],[175,[21.59836,38.27417,0,[196.9992,73.21373]]],[316,[19.06066,33.99199,0,[198.999,77.63633]]],[142,[20.2929,35.86351,0,[196.9992,71.8415]]],[220,[17.03643,26.57275,0,[195.9991,68.96265]]],[162,[18.97126,30.0311,0,[195.9993,69.9251]]],[143,[20.99476,36.93283,0,[196.9992,71.93005]]],[208,[22.27491,40.67543,0,[197.9992,76.57067]]],[177,[22.05352,39.55497,0,[197.9991,74.38155]]],[147,[22.2845,40.56818,0,[196.9991,73.73698]]],[170,[20.31251,33.79411,0,[196.9992,70.77091]]],[266,[21.75899,37.85984,0,[198.1197,77.00067]]],[118,[22.79856,41.47137,0,[197.3167,74.00047]]],[138,[21.85611,34.70876,0,[196.9993,72.47153]]],[209,[22.48108,40.91922,0,[197.9991,75.55473]]],[146,[22.59046,38.68644,0,[196.9993,73.00044]]],[137,[19.62077,31.96591,0,[196.9991,70.09326]]],[135,[20.94792,32.17375,0,[196.9993,70.80732]]],[148,[22.77526,41.20845,0,[197.9991,74.81158]]],[149,[23.07115,41.14766,0,[197.9809,74.00045]]],[139,[22.344,35.22511,0,[196.9991,71.84048]]],[238,[22.97891,40.30669,0,[197.9991,76.68951]]],[141,[23.25811,37.18199,0,[196.9991,73.33121]]],[191,[18.29826,28.53317,0,[195.9991,69.8036]]],[145,[23.68045,38.99633,0,[197.9992,74.02209]]],[134,[20.64581,31.56316,0,[196.2628,70.00057]]],[178,[23.33666,41.3493,0,[197.9991,75.98772]]],[136,[21.64019,33.17238,0,[196.9992,71.18874]]],[113,[23.99058,39.63598,0,[196.9992,73.43111]]],[179,[23.64602,41.77321,0,[197.9991,75.20084]]],[107,[23.35016,35.86236,0,[196.9991,72.34061]]],[106,[22.66525,34.38404,0,[196.9992,71.25945]]],[133,[19.56209,30.84806,0,[195.9991,69.8671]]],[150,[24.38751,42.46828,0,[197.9991,75.02995]]],[104,[21.83801,32.80842,0,[196.9993,70.41348]]],[114,[24.52104,39.95928,0,[197.3688,74.00059]]],[352,[14.12679,28.22113,0,[198.9992,77.43103]]],[109,[24.01012,37.39909,0,[196.9991,72.37324]]],[116,[24.81106,40.76786,0,[197.9991,74.32897]]],[239,[25.02648,40.94751,0,[197.9992,76.27332]]],[78,[23.23963,35.67291,0,[196.9991,71.15286]]],[105,[21.26063,32.60163,0,[196.5907,70.00047]]],[108,[24.74022,37.54919,0,[196.9992,73.16389]]],[151,[25.2382,43.99934,0,[197.9991,75.44367]]],[77,[22.4734,34.08141,0,[196.9992,70.02155]]],[221,[17.50554,25.64528,0,[195.9995,68.30365]]],[115,[25.51678,41.1372,0,[196.9991,73.72289]]],[52,[24.55201,36.83574,0,[196.9992,71.92169]]],[89,[25.52743,42.82534,0,[197.9992,74.03971]]],[111,[25.25772,38.41797,0,[196.9991,72.55727]]],[210,[25.80573,42.36513,0,[197.9991,76.44959]]],[347,[20.14344,21.28017,0,[195.9992,68.50358]]],[51,[23.75351,35.60328,0,[196.9993,70.99821]]],[140,[26.20736,38.36407,0,[196.9991,73.61527]]],[88,[26.15218,42.69278,0,[197.9991,74.12882]]],[79,[25.80092,37.46632,0,[196.9992,72.36794]]],[103,[22.17633,32.32713,0,[195.9991,69.83891]]],[117,[25.83649,42.45926,0,[197.9993,75.30145]]],[267,[24.28766,39.2537,0,[197.999,76.73888]]],[53,[24.99508,37.15071,0,[196.9991,71.35653]]],[31,[26.41915,39.20084,0,[196.9992,72.51286]]],[132,[20.07482,30.56725,0,[195.9992,69.49381]]],[50,[24.29203,35.44058,0,[196.9991,70.65008]]],[90,[26.59376,44.70938,0,[197.9991,75.32707]]],[63,[26.81924,45.64899,0,[197.9991,74.4855]]],[48,[25.53803,36.6483,0,[196.9991,71.14143]]],[180,[26.58771,43.28397,0,[197.9991,76.37112]]],[49,[23.78914,34.29448,0,[196.6376,70.00071]]],[112,[26.96387,39.81613,0,[196.9992,73.77922]]],[47,[24.67557,35.4668,0,[196.9992,70.03748]]],[120,[27.54396,44.67594,0,[197.999,75.21956]]],[85,[27.40513,41.81444,0,[197.6934,74.0005]]],[119,[27.46431,44.84516,0,[197.9993,76.47111]]],[73,[24.5881,34.50918,0,[195.9992,69.88598]]],[28,[26.82846,38.97875,0,[196.9992,72.05472]]],[80,[27.44244,39.67859,0,[196.9991,73.18999]]],[27,[26.14086,37.62429,0,[196.9992,71.19653]]],[86,[28.11369,42.8103,0,[197.9992,74.64936]]],[190,[18.34307,26.91636,0,[195.9993,68.40833]]],[237,[22.85249,38.7891,0,[198.9991,77.13677]]],[84,[28.40367,41.33024,0,[196.9992,73.9743]]],[305,[21.33681,23.11599,0,[195.9993,68.50008]]],[181,[28.12276,44.04316,0,[197.9991,76.16448]]],[160,[21.03639,29.04016,0,[195.9991,69.23903]]],[54,[27.88668,39.96209,0,[196.9992,72.52649]]],[60,[28.53892,44.03724,0,[197.9356,74.00052]]],[62,[28.78936,45.78748,0,[197.9991,75.83331]]],[75,[23.41834,32.68311,0,[195.9992,68.96095]]],[83,[28.73424,41.38039,0,[196.9991,73.30312]]],[26,[27.14503,38.10939,0,[196.9992,71.47672]]],[57,[29.45362,44.45,0,[196.9991,73.68642]]],[87,[29.12146,43.33565,0,[197.9991,75.10408]]],[30,[28.96893,41.17537,0,[196.9991,72.45455]]],[129,[26.32742,32.40682,0,[196.9992,70.36368]]],[161,[19.14646,28.4805,0,[195.9991,68.63003]]],[268,[25.01621,39.64744,0,[198.7539,77.00052]]],[45,[27.59664,37.24069,0,[196.9992,71.13931]]],[29,[28.29187,39.90642,0,[196.9991,72.02731]]],[357,[27.38446,35.76546,0,[198.999,77.68845]]],[13,[29.62877,42.75158,0,[196.9993,72.65817]]],[61,[29.33583,44.89301,0,[197.9991,74.24375]]],[91,[29.92057,45.5919,0,[197.9991,75.45012]]],[128,[26.76452,32.85047,0,[196.9913,70.00084]]],[25,[29.03486,39.33113,0,[196.9993,71.18144]]],[110,[30.32307,41.53098,0,[196.9992,73.98534]]],[11,[28.39077,39.76234,0,[196.9992,71.05348]]],[10,[29.92965,42.29215,0,[196.9993,71.99383]]],[58,[30.15138,44.43809,0,[197.9992,74.60744]]],[46,[25.3928,34.92403,0,[196.9485,70.00049]]],[319,[26.05404,36.90427,0,[198.6245,77.00055]]],[98,[27.55408,34.74623,0,[196.9992,70.01787]]],[14,[30.56335,43.81149,0,[196.9992,73.19893]]],[35,[30.57716,46.57752,0,[197.7348,74.00056]]],[76,[23.34978,34.0588,0,[196.264,70.00061]]],[152,[29.6327,45.78918,0,[197.9991,76.2879]]],[71,[29.42459,36.876,0,[196.9993,70.49922]]],[97,[28.86344,36.19099,0,[196.6861,70.0007]]],[72,[27.46082,35.0227,0,[195.9992,69.73905]]],[69,[30.29943,40.91305,0,[196.9992,71.45896]]],[294,[21.73771,36.79582,0,[198.9992,77.56105]]],[40,[30.86673,48.02837,0,[197.9991,75.72025]]],[32,[31.46646,44.23136,0,[197.031,74.00056]]],[158,[26.32724,30.96466,0,[195.9992,69.96156]]],[2,[30.96731,45.57646,0,[196.9992,72.71059]]],[156,[29.90642,34.80037,0,[196.9993,70.05112]]],[99,[28.33658,35.37687,0,[196.5731,70.00052]]],[131,[22.44545,29.0609,0,[195.9993,68.30821]]],[33,[31.81525,45.61871,0,[196.9992,73.34734]]],[121,[30.68548,46.49913,0,[197.9992,76.60184]]],[59,[31.54026,47.39816,0,[197.9991,74.16478]]],[100,[26.50537,32.4949,0,[195.9992,69.10063]]],[9,[31.26661,42.52,0,[196.9992,72.03173]]],[157,[29.71547,33.34893,0,[195.9993,69.95295]]],[81,[32.57232,45.26026,0,[196.9991,73.88488]]],[215,[30.64144,39.25072,0,[196.9992,70.72012]]],[21,[31.13657,49.43145,0,[197.9991,74.88228]]],[70,[32.19034,41.79447,0,[196.9991,72.72948]]],[122,[31.96053,46.44534,0,[197.9991,75.30454]]],[102,[22.59786,31.51011,0,[195.9992,69.47739]]],[6,[33.23276,48.40031,0,[197.1012,74.0005]]],[96,[31.67295,41.51429,0,[196.9992,71.5387]]],[159,[25.31992,30.54484,0,[195.9991,69.51548]]],[64,[32.35966,46.49252,0,[197.9991,74.57401]]],[24,[32.75035,45.17552,0,[196.9993,72.65878]]],[153,[31.7782,47.23918,0,[197.9992,76.44234]]],[218,[31.07391,30.31966,0,[196.9992,70.31476]]],[189,[28.87739,30.11648,0,[195.9993,69.12967]]],[8,[33.51865,46.57731,0,[196.9991,73.1706]]],[82,[33.66249,45.61611,0,[197.6163,74.00043]]],[154,[32.94059,47.83708,0,[197.9991,75.60108]]],[278,[30.14539,26.80423,0,[195.9992,69.45716]]],[37,[33.15953,48.4071,0,[197.9991,74.69244]]],[246,[33.021,34.34983,0,[196.9991,71.9608]]],[186,[32.06591,35.16528,0,[196.9993,71.05045]]],[0,[33.82167,48.0847,0,[196.9991,72.42294]]],[55,[34.43092,47.8586,0,[196.9992,73.72039]]],[127,[30.78843,35.16411,0,[196.1346,70.00063]]],[19,[34.11969,50.74064,0,[197.9991,74.70354]]],[101,[24.06455,30.95362,0,[195.9992,68.4974]]],[183,[32.66766,46.65744,0,[197.9992,76.49661]]],[216,[31.72556,32.06687,0,[196.5434,70.00068]]],[67,[33.16249,43.31141,0,[196.9991,70.99952]]],[269,[26.70101,40.60496,0,[198.7537,77.00045]]],[36,[34.52731,50.42719,0,[197.9276,74.00041]]],[1,[34.49881,48.22311,0,[196.9992,72.67227]]],[22,[35.09818,51.21338,0,[197.9993,75.11179]]],[41,[33.97647,49.4881,0,[197.9991,75.67292]]],[188,[29.23047,29.65718,0,[195.9992,68.47875]]],[248,[32.37306,30.33731,0,[196.9992,70.43938]]],[275,[31.28943,29.75449,0,[195.9992,69.64822]]],[20,[35.33199,50.90062,0,[197.9993,74.25602]]],[38,[34.78091,49.58474,0,[197.9991,75.88199]]],[355,[22.70718,34.32648,0,[198.999,78.59899]]],[126,[33.85406,42.18847,0,[196.9991,71.35889]]],[34,[35.22844,50.30585,0,[196.9992,73.45569]]],[299,[33.83452,42.24118,0,[197.9991,76.65051]]],[42,[35.74627,51.57028,0,[197.9992,76.61956]]],[250,[25.44793,25.9113,0,[195.9994,68.32144]]],[23,[33.27976,44.04768,0,[196.9991,70.00423]]],[93,[36.0896,49.52932,0,[197.9991,75.83043]]],[125,[34.27798,43.90855,0,[196.9993,70.93021]]],[12,[35.87763,47.82081,0,[196.9992,73.4997]]],[4,[35.08446,50.44852,0,[196.9992,72.23913]]],[65,[34.95794,49.13933,0,[198.1839,77.00052]]],[214,[36.78709,47.5761,0,[197.999,76.72176]]],[337,[17.84133,33.23904,0,[198.999,77.67133]]],[17,[36.13148,53.20597,0,[197.7184,74.00056]]],[5,[36.24382,50.74197,0,[196.9991,72.89014]]],[303,[32.29467,27.76142,0,[195.9992,69.6631]]],[95,[34.69682,41.4769,0,[196.9992,70.48952]]],[74,[24.65949,32.24237,0,[195.9992,68.5074]]],[43,[34.10537,42.37258,0,[196.3761,70.00068]]],[363,[18.74741,33.29181,0,[198.999,78.59631]]],[326,[36.47391,43.61846,0,[197.9991,75.10648]]],[15,[36.91663,50.64228,0,[196.9991,73.54019]]],[217,[32.92962,29.6032,0,[196.2614,70.00062]]],[124,[36.7782,49.19067,0,[197.9991,74.27675]]],[155,[35.53249,43.39122,0,[196.9992,71.70814]]],[335,[15.97143,31.59449,0,[198.9994,78.55608]]],[296,[28.64349,39.24405,0,[198.999,77.66146]]],[276,[33.28865,28.72352,0,[195.9991,69.18378]]],[187,[28.00933,31.07257,0,[195.9991,69.50175]]],[271,[29.01323,42.93396,0,[197.9991,76.94266]]],[302,[37.6214,45.21657,0,[197.9992,75.39454]]],[273,[37.59106,47.55613,0,[197.9991,74.08472]]],[274,[37.5602,47.28641,0,[196.9991,73.675]]],[44,[36.1815,48.05794,0,[196.9993,71.56625]]],[130,[27.08439,29.87639,0,[195.9991,68.47055]]],[123,[38.1684,49.91515,0,[197.9991,74.98418]]],[321,[35.02926,39.42483,0,[198.999,77.67163]]],[184,[37.29018,48.34872,0,[197.9991,76.10593]]],[68,[35.26974,45.72318,0,[196.9992,70.22657]]],[18,[37.78563,53.72436,0,[196.9991,72.75436]]],[369,[38.55721,43.61577,0,[196.9991,73.70028]]],[213,[38.58475,46.35206,0,[197.999,76.08336]]],[353,[15.13629,30.0818,0,[198.999,78.3615]]],[345,[38.54044,44.75749,0,[197.9991,74.21085]]],[56,[36.97579,51.97715,0,[196.9991,72.20647]]],[323,[38.10276,43.27894,0,[197.9991,76.81303]]],[219,[28.12207,27.39405,0,[195.9992,68.56757]]],[39,[38.446,51.34434,0,[196.9991,72.45343]]],[368,[39.05154,40.84437,0,[197.9992,75.33228]]],[249,[31.30011,28.42452,0,[195.9992,68.55155]]],[340,[25.687,36.30658,0,[198.999,77.8961]]],[301,[39.41849,48.69474,0,[196.9991,73.70798]]],[7,[36.0037,50.2364,0,[196.9992,70.18938]]],[92,[39.33786,49.12953,0,[198.0284,77.00044]]],[367,[39.50648,41.70708,0,[197.9991,74.61808]]],[3,[36.72047,52.71737,0,[196.9991,70.55984]]],[16,[37.48268,53.2992,0,[196.9991,71.35225]]],[304,[30.24291,25.26929,0,[195.9992,68.48033]]],[341,[36.52728,39.19283,0,[198.999,77.53443]]],[245,[34.83698,30.5967,0,[195.9992,69.74345]]],[270,[33.55968,41.73201,0,[198.9991,77.28383]]],[361,[40.31388,44.15705,0,[197.9991,75.53049]]],[358,[34.01667,37.55207,0,[198.999,78.57269]]],[324,[39.14295,46.32644,0,[196.9991,72.19911]]],[343,[40.09851,47.0433,0,[196.9991,73.43168]]],[356,[36.45061,38.13831,0,[198.999,78.57874]]],[300,[40.80628,44.70396,0,[197.999,76.66769]]],[327,[32.33387,25.31699,0,[195.9992,68.57206]]],[325,[38.144,46.29526,0,[196.9991,70.9899]]],[364,[32.36876,34.83606,0,[198.999,78.59774]]],[298,[41.77944,42.84213,0,[197.999,76.4023]]],[272,[40.93327,46.23281,0,[197.999,75.34718]]],[297,[31.21708,40.8962,0,[198.3937,77.00057]]],[320,[40.54818,42.07386,0,[198.999,77.49123]]],[344,[40.23813,42.30852,0,[197.999,74.13627]]],[185,[36.21135,44.51234,0,[195.9992,69.47097]]],[360,[41.66383,41.89527,0,[197.999,74.98145]]],[322,[41.77803,41.29503,0,[198.999,77.21884]]],[354,[17.16292,32.6779,0,[198.999,78.589]]],[211,[39.21218,45.91166,0,[198.999,77.58464]]],[241,[30.59825,43.32871,0,[198.999,77.80513]]],[342,[41.09066,42.35061,0,[197.8261,74.00025]]],[277,[33.94418,28.33226,0,[195.9993,68.84852]]],[289,[18.00846,34.05905,0,[198.0213,77.00069]]],[365,[37.62888,38.07694,0,[198.999,77.68977]]],[243,[43.30629,48.54742,0,[197.9991,76.91896]]],[338,[20.75911,34.50789,0,[198.999,78.58814]]],[242,[42.50269,47.46543,0,[197.999,75.6562]]],[315,[16.77641,32.66417,0,[198.9993,77.06104]]],[247,[35.37265,29.52014,0,[195.9992,69.39734]]],[212,[29.9954,44.5462,0,[198.4542,77.00033]]],[366,[43.00471,38.75229,0,[198.9991,78.10606]]],[318,[24.50756,36.66384,0,[198.999,78.59465]]],[295,[23.88248,37.75518,0,[198.9991,77.55939]]],[359,[43.6225,41.00808,0,[198.999,77.21209]]],[317,[20.72219,35.10595,0,[198.999,77.67907]]],[182,[32.22886,45.27629,0,[198.9992,77.06969]]],[240,[38.52706,43.75138,0,[198.999,78.59435]]],[339,[28.69247,36.23117,0,[198.999,78.59203]]]
11:[350,[35.1969,70.32137,0,[192.0217,119.001]]],[349,[34.76796,69.39535,0,[190.3569,118.001]]],[351,[35.74101,70.75713,0,[194.1523,119.001]]],[331,[36.05601,72.00779,0,[191.5249,119.001]]],[330,[35.6499,71.16019,0,[189.8654,118.001]]],[332,[36.37865,72.15817,0,[193.1051,119.001]]],[309,[36.39211,72.58488,0,[190.6769,118.001]]],[308,[36.44682,72.69006,0,[189.0547,118.001]]],[310,[37.03819,73.5455,0,[192.2016,119.001]]],[329,[36.38423,71.82581,0,[187.4075,118.001]]],[333,[36.9794,72.51365,0,[194.3294,119.001]]],[311,[37.70623,74.20979,0,[191.36,119.001]]],[283,[37.24837,74.11448,0,[189.7378,118.001]]],[334,[37.59464,73.6227,0,[193.2688,119.001]]],[282,[37.34178,74.25435,0,[188.1798,118.001]]],[307,[36.81345,72.46654,0,[186.5797,117.001]]],[284,[37.84399,74.62429,0,[190.6915,118.001]]],[286,[38.28318,75.83045,0,[192.3262,119.001]]],[254,[38.09463,75.66713,0,[189.1239,118.001]]],[312,[38.31263,74.52197,0,[194.7802,119.001]]],[281,[38.34168,74.72061,0,[187.5395,118.001]]],[287,[38.7977,76.03629,0,[193.4478,119.001]]],[255,[38.61678,75.72707,0,[190.3039,118.001]]],[285,[39.0564,75.82011,0,[191.8008,119.001]]],[306,[37.80522,73.28864,0,[185.9613,117.001]]],[253,[38.84068,75.87352,0,[188.7105,118.001]]],[314,[39.58999,76.9551,0,[192.878,119.001]]],[256,[39.32751,76.48537,0,[189.8652,118.001]]],[280,[39.13906,74.83524,0,[187.2184,118.001]]],[258,[39.93661,78.11142,0,[191.3636,119.001]]],[336,[39.47467,76.08952,0,[194.4408,119.001]]],[225,[39.64684,77.53271,0,[188.4472,118.001]]],[348,[38.72701,71.0705,0,[185.6947,117.001]]],[257,[39.99093,77.3242,0,[190.0056,118.001]]],[259,[40.43365,78.31857,0,[192.532,119.001]]],[252,[39.4167,75.55466,0,[186.6404,117.001]]],[228,[40.86543,79.30721,0,[191.2448,119.001]]],[226,[40.42786,78.50101,0,[187.9093,118.001]]],[288,[40.19101,77.21606,0,[195.0949,119.001]]],[227,[40.59977,78.5612,0,[189.334,118.001]]],[261,[40.71853,78.81335,0,[193.9347,119.001]]],[260,[41.12304,79.40839,0,[192.6123,119.001]]],[198,[41.00256,79.74796,0,[190.5602,118.001]]],[223,[40.25997,77.36314,0,[186.5401,117.001]]],[197,[41.20826,79.84398,0,[189.0809,118.001]]],[224,[41.21072,78.39354,0,[187.7141,118.001]]],[229,[41.82142,80.26839,0,[191.9038,119.001]]],[262,[41.71405,80.30456,0,[193.4707,119.001]]],[328,[39.96181,73.3695,0,[185.2315,117.001]]],[290,[41.33423,78.94669,0,[194.6933,119.001]]],[199,[41.78471,80.93146,0,[189.8772,118.001]]],[195,[41.86399,79.85522,0,[188.3272,118.001]]],[230,[42.47581,81.63115,0,[191.2654,119.001]]],[222,[41.16517,77.72469,0,[186.665,117.001]]],[232,[42.38765,81.66081,0,[192.8748,119.001]]],[313,[40.90875,75.63208,0,[195.8004,119.001]]],[231,[42.55391,80.80497,0,[190.474,118.001]]],[233,[42.98714,82.48007,0,[192.1537,119.001]]],[251,[40.90405,77.03819,0,[185.3098,117.001]]],[196,[42.54186,80.15078,0,[188.8956,118.001]]],[263,[42.54809,81.13437,0,[194.3463,119.001]]],[194,[42.49936,80.10812,0,[187.4031,118.001]]],[264,[43.06321,81.09631,0,[193.5157,119.001]]],[201,[43.09719,82.28374,0,[189.4577,118.001]]],[193,[41.81257,79.49919,0,[185.8125,117.001]]],[234,[43.53724,82.59171,0,[191.8498,119.001]]],[167,[43.16595,81.92631,0,[187.9541,118.001]]],[202,[43.3828,82.11275,0,[190.7604,118.001]]],[291,[42.0819,79.55518,0,[195.4059,119.001]]],[163,[42.51064,80.43533,0,[186.4962,117.001]]],[265,[43.76056,82.18716,0,[193.428,119.001]]],[172,[43.74194,83.81982,0,[189.5422,118.001]]],[204,[44.1437,83.41807,0,[192.2626,119.001]]],[292,[43.49092,79.99536,0,[194.8321,119.001]]],[200,[43.79645,83.2748,0,[188.2457,118.001]]],[203,[44.06617,83.15827,0,[190.7481,118.001]]],[165,[43.24289,80.78208,0,[186.7885,117.001]]],[279,[42.48732,77.37981,0,[185.1098,117.001]]],[235,[44.41682,83.02007,0,[193.7415,119.001]]],[171,[44.36793,83.48239,0,[189.2069,118.001]]],[205,[44.77201,84.86341,0,[192.1072,119.001]]],[168,[44.40072,82.62914,0,[187.7133,118.001]]],[293,[44.15878,80.82155,0,[195.2659,119.001]]],[173,[44.73695,84.53634,0,[190.4283,118.001]]],[206,[45.23811,84.77733,0,[193.1087,119.001]]],[192,[43.15134,79.90524,0,[185.3941,117.001]]],[169,[44.9775,83.11018,0,[188.9385,118.001]]],[174,[45.54996,85.35146,0,[191.6937,119.001]]],[236,[45.02404,83.23998,0,[194.825,119.001]]],[164,[45.16528,82.10706,0,[187.6276,118.001]]],[166,[44.20194,81.83304,0,[186.4241,117.001]]],[144,[45.43244,85.99125,0,[190.0877,118.001]]],[207,[45.6177,85.3926,0,[194.2175,119.001]]],[176,[45.95832,86.27222,0,[192.9097,119.001]]],[175,[46.31406,86.96767,0,[191.4172,119.001]]],[316,[42.82699,78.2793,0,[195.8395,119.001]]],[142,[45.65808,85.86485,0,[188.4182,118.001]]],[220,[43.89384,79.45518,0,[185.2351,117.001]]],[162,[45.05478,81.77463,0,[186.6768,117.001]]],[143,[46.14253,86.47176,0,[189.2846,118.001]]],[208,[46.21968,85.72736,0,[194.4133,119.001]]],[177,[46.53201,86.99284,0,[192.7988,119.001]]],[147,[46.38138,87.63991,0,[190.6716,118.001]]],[170,[46.33095,85.20252,0,[187.3978,118.001]]],[266,[45.87268,81.92062,0,[195.6874,119.001]]],[118,[47.09795,88.85783,0,[192.0819,119.001]]],[138,[46.7383,83.68034,0,[189.5163,118.001]]],[209,[46.8063,86.77399,0,[194.073,119.001]]],[146,[46.99146,86.55411,0,[190.7637,118.001]]],[137,[45.60049,83.13993,0,[186.0815,117.001]]],[135,[46.81843,83.3241,0,[188.2816,118.001]]],[148,[47.43982,87.93847,0,[193.491,119.001]]],[149,[47.71803,89.47494,0,[192.0942,119.001]]],[139,[47.47746,84.86459,0,[189.5553,118.001]]],[238,[46.56558,84.63618,0,[195.745,119.001]]],[141,[47.65483,85.13062,0,[190.8891,118.001]]],[191,[44.77788,80.82002,0,[185.3813,117.001]]],[145,[48.08187,86.7284,0,[193.2909,119.001]]],[134,[47.18555,83.90868,0,[187.048,118.001]]],[178,[47.27578,86.38649,0,[195.0961,119.001]]],[136,[47.52153,84.22253,0,[188.1925,118.001]]],[113,[48.47055,87.88303,0,[192.1482,119.001]]],[179,[47.95879,87.78675,0,[194.7076,119.001]]],[107,[48.33496,84.86414,0,[190.255,118.001]]],[106,[48.16329,84.80277,0,[188.9797,118.001]]],[133,[46.30306,83.17828,0,[185.9281,117.001]]],[150,[48.674,89.21198,0,[193.5664,119.001]]],[104,[48.22439,84.84183,0,[187.6655,118.001]]],[114,[49.04453,87.87329,0,[191.4919,119.001]]],[352,[40.85875,73.34763,0,[196.6833,120.001]]],[109,[48.94838,86.2506,0,[189.4586,118.001]]],[116,[49.3487,88.52637,0,[192.6158,119.001]]],[239,[48.69211,86.07562,0,[195.0398,119.001]]],[78,[48.9054,86.60262,0,[188.1487,118.001]]],[105,[47.55948,84.50349,0,[186.4197,117.001]]],[108,[49.12585,85.22086,0,[190.7467,118.001]]],[151,[49.314,90.13541,0,[194.1446,119.001]]],[77,[48.43394,85.63937,0,[186.7897,117.001]]],[221,[45.87007,80.59694,0,[184.8503,117.001]]],[115,[50.06439,89.15129,0,[191.816,119.001]]],[52,[49.6377,86.54763,0,[189.0685,118.001]]],[89,[49.8979,90.47871,0,[193.1944,119.001]]],[111,[49.92915,87.25382,0,[190.2808,118.001]]],[210,[49.64519,87.1069,0,[195.3157,119.001]]],[347,[47.77157,75.3383,0,[185.115,117.001]]],[51,[49.71241,86.90756,0,[187.7559,118.001]]],[140,[50.67861,86.50267,0,[191.6739,119.001]]],[88,[50.61489,90.35023,0,[192.9862,119.001]]],[79,[50.55484,86.40411,0,[190.5684,118.001]]],[103,[49.13285,84.69564,0,[186.4089,117.001]]],[117,[50.15501,88.56597,0,[194.336,119.001]]],[267,[48.66648,84.52771,0,[196.1168,120.001]]],[53,[50.54958,87.79615,0,[189.2217,118.001]]],[31,[51.33865,88.45049,0,[191.8956,119.001]]],[132,[46.96229,82.53965,0,[185.37,117.001]]],[50,[50.43093,87.03169,0,[187.8597,118.001]]],[90,[50.78103,90.73404,0,[194.3833,119.001]]],[63,[51.27486,93.23936,0,[193.157,119.001]]],[48,[51.17828,87.20433,0,[189.9124,118.001]]],[180,[50.34167,87.87585,0,[195.6868,119.001]]],[49,[49.91717,86.01849,0,[186.4373,117.001]]],[112,[51.86066,88.05573,0,[191.1484,119.001]]],[47,[51.12005,87.9288,0,[188.5862,118.001]]],[120,[51.56639,91.16882,0,[194.2626,119.001]]],[85,[52.07444,89.70972,0,[192.51,119.001]]],[119,[51.11664,89.53794,0,[195.657,119.001]]],[73,[51.15742,87.03822,0,[187.3312,118.001]]],[28,[51.83882,88.31826,0,[189.3236,118.001]]],[80,[52.06714,87.58846,0,[190.5949,118.001]]],[27,[51.82114,88.44153,0,[187.9865,118.001]]],[86,[52.37865,89.84583,0,[193.7323,119.001]]],[190,[48.50375,82.65871,0,[185.3659,117.001]]],[237,[48.00431,84.09026,0,[196.2511,120.001]]],[84,[52.76956,88.98291,0,[191.919,119.001]]],[305,[50.6979,78.6455,0,[186.1053,117.001]]],[181,[51.90183,89.23476,0,[195.4445,119.001]]],[160,[49.3766,83.55258,0,[185.1762,117.001]]],[54,[52.75071,88.77311,0,[190.0593,118.001]]],[60,[53.03534,91.73065,0,[193.1417,119.001]]],[62,[52.70297,91.39301,0,[194.8787,119.001]]],[75,[51.3466,86.25151,0,[186.5556,117.001]]],[83,[53.40815,89.92901,0,[191.319,119.001]]],[26,[52.59806,88.40354,0,[188.8002,118.001]]],[57,[53.64985,92.07406,0,[192.4852,119.001]]],[87,[53.37621,89.67757,0,[194.2115,119.001]]],[30,[53.52479,89.69405,0,[190.6975,118.001]]],[129,[52.5823,84.39635,0,[187.4991,118.001]]],[161,[51.09392,84.73803,0,[184.9977,117.001]]],[268,[49.60891,85.06676,0,[195.9999,119.8964]]],[45,[53.31433,88.14737,0,[188.1588,118.001]]],[29,[53.41009,89.47587,0,[189.4369,118.001]]],[357,[52.22401,81.25611,0,[196.7216,120.001]]],[13,[54.27676,91.46984,0,[191.8814,119.001]]],[61,[53.98303,92.22594,0,[193.5645,119.001]]],[91,[53.81771,91.14521,0,[195.2627,119.001]]],[128,[52.78905,84.43634,0,[186.8431,117.001]]],[25,[54.2023,89.21876,0,[190.1748,118.001]]],[110,[54.6473,88.74881,0,[192.8943,119.001]]],[11,[54.08935,90.60867,0,[188.8931,118.001]]],[10,[54.94879,91.98502,0,[191.373,119.001]]],[58,[54.45555,91.05856,0,[194.3544,119.001]]],[46,[52.14092,86.79505,0,[186.1298,117.001]]],[319,[50.44521,81.99838,0,[196.7178,120.001]]],[98,[54.10289,87.14796,0,[187.6406,118.001]]],[14,[55.33087,92.18224,0,[192.4185,119.001]]],[35,[55.14714,94.08197,0,[193.7179,119.001]]],[76,[50.15728,85.81464,0,[185.0323,117.001]]],[152,[53.17849,90.51253,0,[195.6959,119.001]]],[71,[54.98063,87.6535,0,[189.8903,118.001]]],[97,[54.92115,87.86614,0,[188.6077,118.001]]],[72,[54.71602,88.31802,0,[187.3908,118.001]]],[69,[55.71957,91.42122,0,[191.0898,119.001]]],[294,[47.42534,81.97114,0,[197.0954,120.001]]],[40,[55.05734,93.77908,0,[194.9904,119.001]]],[32,[55.93701,92.02235,0,[192.2786,119.001]]],[158,[53.58778,82.79413,0,[186.3496,117.001]]],[2,[55.79124,94.13782,0,[190.2551,118.001]]],[156,[55.72642,86.28391,0,[188.9175,118.001]]],[99,[55.42145,87.83957,0,[187.3941,118.001]]],[131,[52.86664,84.99825,0,[185.4682,117.001]]],[33,[56.55277,94.05498,0,[191.4832,119.001]]],[121,[54.51053,91.03407,0,[195.6876,119.001]]],[59,[56.33477,95.2139,0,[193.2283,119.001]]],[100,[54.4628,86.24812,0,[186.2178,117.001]]],[9,[56.43265,91.83096,0,[189.7903,118.001]]],[157,[55.98032,84.90688,0,[187.6242,118.001]]],[81,[56.86821,92.68854,0,[192.5822,119.001]]],[215,[56.42266,90.31249,0,[188.4713,118.001]]],[21,[55.72084,96.52535,0,[193.7729,119.001]]],[70,[57.1402,90.92427,0,[191.0092,119.001]]],[122,[56.24506,92.62701,0,[194.7291,119.001]]],[102,[51.82028,85.63239,0,[185.1148,117.001]]],[6,[57.45469,95.69916,0,[192.1292,119.001]]],[96,[57.03238,91.52891,0,[189.2299,118.001]]],[159,[54.20514,84.14799,0,[184.971,117.001]]],[64,[56.79579,93.36301,0,[194.0194,119.001]]],[24,[57.25603,93.32894,0,[190.4514,118.001]]],[153,[55.63871,92.55356,0,[195.2341,119.001]]],[218,[57.07817,82.13575,0,[187.8868,118.001]]],[189,[55.46211,82.13686,0,[186.2724,117.001]]],[8,[58.11777,94.84079,0,[191.5207,119.001]]],[82,[58.03218,92.88445,0,[192.9718,119.001]]],[154,[57.03357,93.08504,0,[195.1412,119.001]]],[278,[56.04532,78.45638,0,[186.8303,117.001]]],[37,[57.39552,95.00247,0,[193.6445,119.001]]],[246,[57.91735,83.53175,0,[189.9368,118.001]]],[186,[57.70392,85.61365,0,[188.7755,118.001]]],[0,[58.23574,96.3693,0,[190.9955,118.001]]],[55,[58.62803,95.2944,0,[192.383,119.001]]],[127,[56.89383,86.57644,0,[186.7079,117.001]]],[19,[58.54767,97.3839,0,[193.8329,119.001]]],[101,[53.51461,85.38017,0,[185.0258,117.001]]],[183,[57.03465,92.35017,0,[196.2835,120.001]]],[216,[57.96169,84.1957,0,[187.6548,118.001]]],[67,[58.57353,93.89211,0,[189.0468,118.001]]],[269,[51.42244,85.86697,0,[196.8541,120.001]]],[36,[59.26899,98.40932,0,[191.7189,119.001]]],[1,[58.83406,96.32298,0,[190.3094,118.001]]],[22,[59.16681,97.59878,0,[193.2748,119.001]]],[41,[57.97127,95.05444,0,[194.4646,119.001]]],[188,[56.44625,83.21362,0,[185.618,117.001]]],[248,[58.7428,81.98753,0,[187.7407,118.001]]],[275,[57.74822,82.04695,0,[186.4694,117.001]]],[20,[59.76005,98.43955,0,[192.5546,119.001]]],[38,[59.02201,94.66891,0,[194.7972,119.001]]],[355,[55.71675,80.8869,0,[196.3445,120.001]]],[126,[59.1549,92.10919,0,[189.0603,118.001]]],[34,[59.39335,97.76429,0,[190.5471,118.001]]],[299,[58.39682,86.51151,0,[195.4437,119.001]]],[42,[59.6856,96.4183,0,[194.2444,119.001]]],[250,[55.0118,81.55716,0,[185.1494,117.001]]],[23,[59.3947,96.05328,0,[187.4953,118.001]]],[93,[60.24024,95.63499,0,[193.428,119.001]]],[125,[59.73505,94.19287,0,[188.7308,118.001]]],[12,[60.2736,95.8795,0,[191.6048,119.001]]],[4,[60.02818,99.38469,0,[190.1134,118.001]]],[65,[59.76925,93.0168,0,[195.6499,119.001]]],[214,[60.46683,92.3173,0,[194.7621,119.001]]],[337,[46.63231,78.74003,0,[196.985,120.001]]],[17,[60.7639,101.0083,0,[192.4841,119.001]]],[5,[61.04488,99.76191,0,[191.1733,119.001]]],[303,[58.42284,79.70286,0,[186.3542,117.001]]],[95,[60.44703,92.70939,0,[188.8966,118.001]]],[74,[55.82167,88.85098,0,[185.1178,117.001]]],[43,[60.21582,94.18119,0,[187.548,118.001]]],[363,[59.03651,79.32295,0,[196.54,120.001]]],[326,[60.99538,90.21488,0,[193.7763,119.001]]],[15,[61.61089,98.50931,0,[191.2542,119.001]]],[217,[59.23223,80.70467,0,[186.2141,117.001]]],[124,[61.62545,96.59238,0,[192.5723,119.001]]],[155,[60.86935,93.2729,0,[189.8784,118.001]]],[335,[49.23844,77.03296,0,[196.8947,120.001]]],[296,[59.69226,85.22469,0,[196.2082,120.001]]],[276,[60.93882,82.83984,0,[187.9851,118.001]]],[187,[57.17682,84.2497,0,[185.3082,117.001]]],[271,[52.97766,88.00648,0,[196.4021,120.001]]],[302,[61.94006,91.13646,0,[193.6779,119.001]]],[273,[62.29089,95.69431,0,[191.4579,119.001]]],[274,[61.55214,94.59196,0,[190.1689,118.001]]],[44,[61.45323,97.48592,0,[188.8512,118.001]]],[130,[60.13041,86.59267,0,[186.4753,117.001]]],[123,[62.44764,96.59573,0,[192.7421,119.001]]],[321,[61.57074,84.01295,0,[194.6536,119.001]]],[184,[61.13633,93.63562,0,[195.5048,119.001]]],[68,[61.47648,97.7077,0,[187.3415,118.001]]],[18,[62.26889,102.0856,0,[189.3283,118.001]]],[369,[62.43689,90.47103,0,[190.6357,118.001]]],[213,[62.74267,91.59454,0,[194.0365,119.001]]],[353,[44.20625,75.27513,0,[196.4251,120.001]]],[345,[63.09422,92.30068,0,[191.9552,119.001]]],[56,[62.10812,101.6175,0,[188.003,118.001]]],[323,[62.17239,87.52864,0,[195.1673,119.001]]],[219,[57.90835,81.99196,0,[185.131,117.001]]],[39,[63.00397,100.0721,0,[189.3762,118.001]]],[368,[63.44378,86.88616,0,[193.1579,119.001]]],[249,[59.84374,83.0527,0,[185.1748,117.001]]],[340,[62.28374,82.33126,0,[196.2952,120.001]]],[301,[63.19743,95.87059,0,[190.6516,118.001]]],[7,[61.61037,101.1302,0,[186.5985,117.001]]],[92,[63.26247,93.54852,0,[194.9355,119.001]]],[367,[63.87546,89.36763,0,[191.8752,119.001]]],[3,[62.27597,103.5742,0,[186.7204,117.001]]],[16,[62.884,103.6925,0,[188.0592,118.001]]],[304,[58.71566,79.55959,0,[185.123,117.001]]],[341,[63.86535,84.42937,0,[194.2538,119.001]]],[244,[64.18662,93.56014,0,[192.9345,119.001]]],[245,[60.76645,81.90945,0,[186.0739,117.001]]],[270,[61.0772,87.27238,0,[196.0707,120.001]]],[361,[64.51453,91.15627,0,[191.3999,119.001]]],[358,[62.74966,81.72889,0,[195.9792,119.0009]]],[324,[64.00395,95.71339,0,[188.3256,118.001]]],[343,[64.07519,94.70497,0,[189.739,118.001]]],[356,[64.15311,82.36175,0,[195.4862,119.001]]],[300,[64.64366,89.64214,0,[193.892,119.001]]],[327,[61.03838,79.61057,0,[184.9032,117.001]]],[325,[63.32066,96.37222,0,[186.9624,117.001]]],[364,[63.90487,79.88599,0,[195.9997,119.7758]]],[298,[65.24116,88.14442,0,[192.2979,119.001]]],[272,[64.60216,92.16021,0,[190.6484,118.001]]],[94,[65.33004,127.3248,1,[196.1743,120.001]]],[297,[56.43269,86.56033,0,[196.0791,120.001]]],[320,[65.05262,86.95306,0,[194.8913,119.001]]],[362,[63.07693,113.5769,1,[196.8537,120.001]]],[344,[64.83294,90.45052,0,[187.9239,118.001]]],[185,[62.59287,96.38308,0,[185.4438,117.001]]],[360,[65.37178,88.36657,0,[190.4738,118.001]]],[322,[65.95525,86.83402,0,[191.9615,119.001]]],[346,[64.34144,114.0558,1,[196.9177,120.0009]]],[354,[61.62589,82.50728,0,[196.8623,120.001]]],[211,[65.95847,91.2946,0,[193.672,119.001]]],[241,[57.69293,88.71892,0,[196.57,120.001]]],[342,[65.47466,90.4017,0,[188.8497,118.001]]],[277,[61.83052,81.45415,0,[185.26,117.001]]],[289,[42.28045,78.72129,0,[196.6897,120.001]]],[365,[66.68153,84.88723,0,[192.638,119.001]]],[243,[66.285,92.69537,0,[190.9859,118.001]]],[338,[56.16849,79.92389,0,[197.2034,120.001]]],[242,[66.22488,93.52021,0,[189.3486,118.001]]],[66,[66.05557,126.8144,1,[196.5838,120.0009]]],[315,[45.18894,78.21619,0,[197.1248,120.001]]],[247,[63.36278,82.962,0,[185.4809,117.001]]],[212,[60.46566,89.812,0,[197.1139,120.0009]]],[366,[67.48193,84.29324,0,[191.6618,119.001]]],[318,[54.88564,82.01387,0,[196.8972,120.001]]],[295,[53.94905,83.45146,0,[196.681,120.001]]],[359,[68.09744,86.48516,0,[192.6779,119.001]]],[317,[45.72078,80.6703,0,[196.0501,120.001]]],[182,[57.68799,89.78565,0,[195.744,119.001]]],[240,[69.08269,89.36549,0,[191.1784,119.001]]],[339,[69.47922,81.74701,0,[192.6742,119.001]]]
12:[350,[54.20704,108.3413,0,[190.8099,157.001]]],[349,[54.27816,108.4148,0,[189.1452,157.001]]],[351,[55.27888,109.8089,0,[192.5325,158.001]]],[331,[55.07012,110.0354,0,[190.1314,157.001]]],[330,[54.66343,109.1852,0,[188.5381,156.001]]],[332,[55.89743,111.1938,0,[191.577,158.001]]],[309,[55.90276,111.6066,0,[189.4402,157.001]]],[308,[54.95641,109.7091,0,[187.9312,155.001]]],[310,[56.05146,111.5697,0,[190.9276,157.001]]],[329,[54.89331,108.8429,0,[186.3594,155.001]]],[333,[56.5397,111.5804,0,[192.8745,158.001]]],[311,[56.7164,112.229,0,[190.3192,157.001]]],[283,[56.25781,112.1321,0,[188.7971,156.001]]],[334,[57.11795,112.6599,0,[191.9283,158.001]]],[282,[55.85186,111.2717,0,[187.3562,155.001]]],[307,[55.32903,109.4892,0,[185.8785,154.001]]],[284,[57.35492,113.645,0,[189.7375,157.001]]],[286,[57.79583,114.8544,0,[191.2698,158.001]]],[254,[57.10718,113.6904,0,[188.3186,156.001]]],[312,[57.94694,113.6499,0,[193.5763,158.001]]],[281,[56.86266,111.7525,0,[186.9564,155.001]]],[287,[58.3548,115.1055,0,[192.2691,158.001]]],[255,[58.13145,114.7529,0,[189.4654,157.001]]],[285,[58.07672,113.8527,0,[190.8491,157.001]]],[306,[56.36828,110.3402,0,[185.5635,154.001]]],[253,[57.85546,113.9003,0,[188.0642,156.001]]],[314,[59.12748,116.0052,0,[191.8803,158.001]]],[256,[58.84194,115.5115,0,[189.1369,157.001]]],[280,[57.66755,111.881,0,[186.7344,155.001]]],[258,[58.95488,116.1416,0,[190.5322,157.001]]],[336,[59.06615,115.1885,0,[193.4061,158.001]]],[225,[58.16454,114.5646,0,[187.7522,155.001]]],[348,[57.33127,108.1526,0,[185.4011,154.001]]],[257,[59.51601,116.371,0,[189.1596,157.001]]],[259,[59.95844,117.3591,0,[191.6793,158.001]]],[252,[58.46091,113.6176,0,[186.2331,155.001]]],[228,[59.89605,117.3619,0,[190.3508,157.001]]],[226,[58.96552,115.5693,0,[187.4063,155.001]]],[288,[60.13528,116.8281,0,[193.9998,158.3989]]],[227,[59.63306,116.6249,0,[188.7598,156.001]]],[261,[60.4043,117.9024,0,[192.8708,158.001]]],[260,[60.67438,118.4919,0,[191.5353,158.001]]],[198,[60.54276,118.8225,0,[189.9305,157.001]]],[223,[59.3551,115.5006,0,[186.304,155.001]]],[197,[60.25966,117.9399,0,[188.6033,156.001]]],[224,[59.77019,115.5019,0,[187.3111,155.001]]],[229,[61.39055,119.3785,0,[191.0018,158.001]]],[262,[61.3647,119.4909,0,[192.3878,158.001]]],[328,[59.13446,110.711,0,[185.255,154.001]]],[290,[61.17471,118.1967,0,[193.6821,158.001]]],[199,[61.34157,120.0345,0,[189.2494,157.001]]],[195,[60.45263,116.9953,0,[187.8884,155.001]]],[230,[61.52687,119.7265,0,[190.4758,157.001]]],[222,[60.31611,115.9327,0,[186.5615,155.001]]],[232,[61.97573,120.762,0,[192.0105,158.001]]],[313,[62.23946,116.076,0,[194.3025,159.0009]]],[231,[62.10658,119.9047,0,[189.7628,157.001]]],[233,[62.54192,121.5781,0,[191.1662,158.001]]],[251,[59.96873,114.5282,0,[185.3438,154.001]]],[196,[61.60544,118.2695,0,[188.2882,156.001]]],[263,[62.31842,120.3492,0,[193.2594,158.001]]],[194,[61.07145,117.2341,0,[186.8458,155.001]]],[264,[62.80557,120.2231,0,[192.3915,158.001]]],[201,[62.16368,120.4092,0,[188.9559,156.001]]],[193,[60.67542,116.6942,0,[185.3995,154.001]]],[234,[63.14256,121.7444,0,[191.1463,158.001]]],[167,[61.76344,119.1042,0,[187.6134,155.001]]],[202,[62.94873,121.2302,0,[190.0888,157.001]]],[291,[63.19107,119.8663,0,[194.5108,159.0009]]],[163,[61.77369,118.6976,0,[186.3181,155.001]]],[265,[63.43979,121.3379,0,[192.4576,158.001]]],[172,[62.80374,121.9353,0,[188.8353,156.001]]],[204,[63.74321,122.5682,0,[191.168,158.001]]],[292,[63.21959,119.2031,0,[193.755,158.001]]],[200,[62.36327,120.3876,0,[187.5442,155.001]]],[203,[63.63749,122.2899,0,[189.8885,157.001]]],[165,[62.44611,118.9262,0,[186.3515,155.001]]],[279,[61.59439,114.9426,0,[185.1517,154.001]]],[235,[64.13584,122.3181,0,[192.3154,158.001]]],[171,[63.43697,121.6122,0,[188.4791,156.001]]],[205,[64.20708,123.6452,0,[190.9999,157.5972]]],[168,[63.04996,119.7782,0,[187.0932,155.001]]],[293,[64.06809,120.2935,0,[193.6406,158.001]]],[173,[64.31373,123.6783,0,[189.6611,157.001]]],[206,[64.8448,123.9704,0,[192.085,158.001]]],[192,[62.3672,117.2188,0,[185.4156,154.001]]],[169,[64.06727,121.2769,0,[188.3779,156.001]]],[174,[64.63621,123.5119,0,[190.7555,157.001]]],[236,[64.75531,122.5999,0,[193.7023,158.001]]],[164,[63.82903,119.3582,0,[187.2898,155.001]]],[166,[63.56942,120.1614,0,[186.2169,155.001]]],[144,[65.01004,125.1381,0,[189.3702,157.001]]],[207,[65.2869,124.6144,0,[192.995,158.001]]],[176,[65.56808,125.4745,0,[191.6678,158.001]]],[175,[65.40115,125.1303,0,[190.5198,157.001]]],[316,[65.36752,118.6939,0,[194.6126,159.0009]]],[142,[64.396,123.0115,0,[187.7548,155.001]]],[220,[63.249,117.3502,0,[185.1008,154.001]]],[162,[64.29971,120.0255,0,[186.1611,155.001]]],[143,[65.23566,124.6443,0,[188.9046,156.001]]],[208,[65.90693,124.9626,0,[193.015,158.001]]],[177,[66.16231,126.1896,0,[191.798,158.001]]],[147,[65.96324,126.7935,0,[190.0849,157.001]]],[170,[65.07757,122.5967,0,[187.2818,155.001]]],[266,[66.42036,122.2035,0,[194.0264,159.001]]],[118,[66.70008,128.007,0,[191.2944,158.001]]],[138,[65.83538,121.8416,0,[188.6129,156.001]]],[209,[66.59509,126.1331,0,[193.0829,158.001]]],[146,[66.57934,125.7083,0,[189.8078,157.001]]],[137,[65.26284,121.7268,0,[186.123,155.001]]],[135,[65.64884,120.4953,0,[187.4186,155.001]]],[148,[67.13204,127.0554,0,[192.4273,158.001]]],[149,[67.0957,128.1879,0,[190.9999,157.5666]]],[139,[66.57662,123.0396,0,[188.682,156.001]]],[238,[67.16965,125.1407,0,[194.3847,159.0009]]],[141,[67.24877,124.2924,0,[189.8758,157.001]]],[191,[65.06493,118.3364,0,[185.1402,154.001]]],[145,[67.69086,125.9079,0,[192.0159,158.001]]],[134,[66.02757,121.1649,0,[186.326,155.001]]],[178,[67.34065,125.6821,0,[193.7603,158.001]]],[136,[66.29279,121.4626,0,[187.486,155.001]]],[113,[67.56811,126.0544,0,[190.9753,157.001]]],[179,[67.96976,127.0456,0,[193.2122,158.001]]],[107,[67.9399,124.0647,0,[189.505,157.001]]],[106,[67.40761,123.032,0,[188.3209,156.001]]],[133,[65.889,120.6916,0,[185.3678,154.001]]],[150,[68.37634,128.4461,0,[192.1006,158.001]]],[104,[66.90099,122.1443,0,[187.112,155.001]]],[114,[68.14332,126.0615,0,[190.5799,157.001]]],[352,[68.46413,115.2516,0,[194.3438,159.001]]],[109,[68.0864,124.5079,0,[188.9152,156.001]]],[116,[68.9771,127.7313,0,[191.4523,158.001]]],[239,[68.61597,125.4217,0,[193.6743,158.001]]],[78,[67.58439,123.9134,0,[187.6792,155.001]]],[105,[67.21733,123.046,0,[186.2159,155.001]]],[108,[68.74406,124.4411,0,[190.0325,157.001]]],[151,[69.05528,129.4091,0,[192.7447,158.001]]],[77,[67.85291,124.0959,0,[186.6772,155.001]]],[221,[66.81233,119.0698,0,[185.0913,154.001]]],[115,[69.17615,127.3575,0,[190.8469,157.001]]],[52,[68.77299,124.8044,0,[188.5121,156.001]]],[89,[69.64136,129.7405,0,[191.834,158.001]]],[111,[69.54749,126.4801,0,[189.5214,157.001]]],[210,[69.68111,126.7099,0,[193.0436,158.0009]]],[347,[67.54703,113.4817,0,[185.515,154.001]]],[51,[68.5118,124.2592,0,[187.424,155.001]]],[140,[69.81709,124.7553,0,[190.6402,157.001]]],[88,[70.39098,129.6223,0,[191.7058,158.001]]],[79,[70.18663,125.6441,0,[189.381,157.001]]],[103,[68.81885,123.3107,0,[186.4616,155.001]]],[117,[70.3189,127.8651,0,[192.9926,158.001]]],[267,[69.77634,123.5241,0,[193.9992,158.0794]]],[53,[69.69833,126.0533,0,[188.1197,156.001]]],[31,[70.49846,126.7295,0,[190.4922,157.001]]],[132,[68.18664,121.4062,0,[185.2522,154.001]]],[50,[69.43222,124.4034,0,[187.0027,155.001]]],[90,[70.89812,130.2531,0,[192.4778,158.001]]],[63,[71.2311,132.6278,0,[191.392,158.001]]],[48,[70.3147,125.4618,0,[188.829,156.001]]],[180,[70.80457,127.5574,0,[193.7787,158.0009]]],[49,[68.96861,123.6115,0,[185.7287,154.001]]],[112,[71.02542,126.3292,0,[189.9543,157.001]]],[47,[70.01497,125.2302,0,[187.7142,155.001]]],[120,[71.53596,130.6917,0,[192.3939,158.001]]],[85,[71.8193,129.055,0,[191.0032,158.001]]],[119,[71.44121,129.2576,0,[193.6317,158.001]]],[73,[70.10207,124.4209,0,[186.4832,155.001]]],[28,[71.05363,126.6826,0,[188.8864,156.001]]],[80,[71.74812,126.9201,0,[189.912,157.001]]],[27,[70.71244,125.9367,0,[187.7874,155.001]]],[86,[72.11585,129.2524,0,[192.3212,158.001]]],[190,[69.48031,121.6081,0,[185.1966,154.001]]],[237,[71.62226,123.885,0,[194.6044,159.001]]],[84,[72.04736,127.4946,0,[190.9999,157.1758]]],[305,[70.71181,117.7966,0,[186.5049,155.001]]],[181,[72.17487,128.8812,0,[193.7845,158.001]]],[160,[70.15299,121.9191,0,[185.3765,154.001]]],[54,[72.40411,128.0588,0,[189.1947,157.001]]],[60,[72.7521,131.0703,0,[191.7837,158.001]]],[62,[72.64397,130.8928,0,[193.0094,158.001]]],[75,[71.23856,125.2494,0,[187.0096,155.001]]],[83,[72.55211,128.1986,0,[190.2919,157.001]]],[26,[72.03348,126.7486,0,[188.1292,156.001]]],[57,[73.30516,131.3507,0,[191.1746,158.001]]],[87,[73.27757,129.0734,0,[192.4963,158.001]]],[30,[73.1601,128.9442,0,[189.659,157.001]]],[129,[71.67992,121.6851,0,[186.1844,155.001]]],[161,[70.79406,122.623,0,[185.2858,154.001]]],[268,[73.14327,125.1054,0,[194.588,159.0009]]],[45,[72.03859,125.4901,0,[187.372,155.001]]],[29,[72.73199,127.757,0,[188.5175,156.001]]],[357,[73.11882,120.5377,0,[193.7388,158.001]]],[13,[73.4144,129.7247,0,[190.668,157.001]]],[61,[73.81738,131.5494,0,[192.0076,158.001]]],[91,[73.79834,130.6804,0,[193.421,158.001]]],[128,[72.38181,122.9874,0,[186.4663,155.001]]],[25,[73.85517,128.498,0,[189.1004,157.001]]],[110,[74.35893,128.1029,0,[191.4101,158.001]]],[11,[72.84064,127.9477,0,[187.8204,155.001]]],[10,[74.09404,130.2482,0,[190.2018,157.001]]],[58,[74.42712,130.6338,0,[192.6995,158.001]]],[46,[71.77554,124.2874,0,[185.2137,154.001]]],[319,[74.20748,122.2995,0,[194.5538,159.0009]]],[98,[73.05973,124.6574,0,[186.6364,155.001]]],[14,[74.89883,131.2748,0,[190.9999,157.8255]]],[35,[75.02367,133.4288,0,[192.0763,158.001]]],[76,[72.44272,125.2426,0,[185.4491,154.001]]],[152,[74.67435,130.8366,0,[193.6561,158.0009]]],[71,[74.68423,127.0024,0,[189.6588,157.001]]],[97,[74.18826,126.2661,0,[188.5747,156.001]]],[72,[73.54565,125.7652,0,[187.4763,155.001]]],[69,[75.01788,129.6958,0,[190.5369,157.001]]],[294,[75.17393,128.4096,0,[194.5272,159.001]]],[40,[75.35908,133.4315,0,[192.9009,158.001]]],[32,[75.6381,131.2464,0,[191.5585,158.001]]],[158,[73.67941,121.8693,0,[186.2424,155.001]]],[2,[75.39735,133.3278,0,[189.3622,157.001]]],[156,[74.85445,124.4831,0,[188.2016,156.001]]],[99,[74.18685,125.2313,0,[187.0063,155.001]]],[131,[73.09991,123.0428,0,[185.0685,154.001]]],[33,[75.65252,132.2419,0,[190.5753,157.001]]],[121,[75.85849,131.7702,0,[194.1248,159.001]]],[59,[76.07105,134.4506,0,[192.3564,158.001]]],[100,[73.79139,123.6831,0,[185.5184,154.001]]],[9,[76.02817,131.0074,0,[189.1773,157.001]]],[157,[74.81003,122.0977,0,[186.6902,155.001]]],[81,[76.50265,131.9038,0,[191.4176,158.001]]],[215,[75.04323,127.5169,0,[187.9791,155.001]]],[21,[75.86304,135.7114,0,[193.6109,158.001]]],[70,[76.24993,129.0936,0,[190.2356,157.001]]],[122,[76.53737,132.2587,0,[193.044,158.0009]]],[102,[74.50415,125.0799,0,[185.4171,154.001]]],[6,[77.1407,134.8964,0,[191.0676,158.001]]],[96,[76.382,130.1746,0,[189,156.3695]]],[159,[75.4581,124.4165,0,[186.9594,155.001]]],[64,[77.09619,132.7887,0,[192.1864,158.001]]],[24,[76.90396,132.5774,0,[189.9901,157.001]]],[153,[76.71926,132.4032,0,[193.9994,158.2162]]],[218,[75.88934,119.5131,0,[187.9774,155.001]]],[189,[75.2638,119.8443,0,[185.8529,154.001]]],[8,[77.31422,133.0852,0,[190.6816,157.001]]],[82,[77.81239,132.1814,0,[191.6296,158.001]]],[154,[77.31705,132.5809,0,[193.8471,158.001]]],[278,[76.17351,117.001,0,[187.011,155.001]]],[37,[77.64385,134.2401,0,[192.7602,158.001]]],[246,[77.53304,122.7485,0,[189.214,157.001]]],[186,[77.01694,123.8379,0,[188.1606,156.001]]],[0,[77.9072,135.5961,0,[190.0234,157.001]]],[55,[78.38928,134.5502,0,[191.2518,158.001]]],[127,[76.4789,124.9897,0,[186.0787,155.001]]],[19,[78.36749,136.7522,0,[192.548,158.001]]],[101,[75.64434,124.6536,0,[185.0079,154.001]]],[183,[78.00516,132.2464,0,[193.8242,158.001]]],[216,[76.90074,121.4754,0,[187.1263,155.001]]],[67,[77.72148,132.1671,0,[188.4689,156.001]]],[269,[78.11461,127.6121,0,[194.5836,159.001]]],[36,[78.43603,136.6586,0,[190.7212,157.001]]],[1,[78.47077,135.5727,0,[189.4772,157.001]]],[22,[78.92834,136.9014,0,[191.9663,158.001]]],[41,[78.70338,134.5615,0,[193.5238,158.001]]],[188,[76.39041,121.1577,0,[185.2961,154.001]]],[248,[77.65806,119.4426,0,[187.6116,155.001]]],[275,[77.42921,120.5625,0,[186.4193,155.001]]],[20,[79.44727,137.7335,0,[191.2605,158.001]]],[38,[79.2814,134.2428,0,[192.8567,158.001]]],[355,[79.08999,121.409,0,[194.5787,159.001]]],[126,[78.50904,130.4727,0,[188.8176,156.001]]],[34,[79.11757,137.145,0,[190.1616,157.001]]],[299,[79.5973,126.7579,0,[193.9997,158.5556]]],[42,[79.83844,135.8822,0,[192.2395,158.001]]],[250,[77.11321,120.5338,0,[185.2693,154.001]]],[23,[78.15278,133.3715,0,[186.522,155.001]]],[93,[80.10165,135.0941,0,[191.019,158.001]]],[125,[78.44161,131.5066,0,[187.6953,155.001]]],[12,[79.67528,134.1369,0,[189.8831,157.001]]],[4,[79.17785,137.6584,0,[188.7794,156.001]]],[65,[79.89659,132.6029,0,[193.5231,158.001]]],[214,[80.48581,131.9803,0,[192.1808,158.001]]],[337,[80.26693,124.9863,0,[194.6531,159.0009]]],[17,[80.53008,140.003,0,[190.9999,157.6492]]],[5,[80.26067,138.1216,0,[189.9385,157.001]]],[303,[78.71281,118.4281,0,[186.4889,155.001]]],[95,[79.79585,131.3457,0,[188.7799,156.001]]],[74,[77.87368,128.9779,0,[185.2771,154.001]]],[43,[79.25438,131.8793,0,[187.5064,155.001]]],[363,[80.54868,119.159,0,[193.3105,158.001]]],[326,[81.05476,129.6559,0,[191.8001,158.001]]],[15,[80.8497,136.8323,0,[189.5547,157.001]]],[217,[79.29337,119.4788,0,[186.2336,155.001]]],[124,[80.93822,134.9612,0,[190.7832,157.001]]],[155,[80.32626,131.6113,0,[188.2647,156.001]]],[335,[81.04734,118.858,0,[194.436,159.001]]],[296,[81.28896,124.9613,0,[192.7668,158.001]]],[276,[79.80564,120.2074,0,[186.9151,155.001]]],[187,[78.81403,122.2491,0,[185.0624,154.001]]],[271,[81.12918,134.7177,0,[193.8848,158.001]]],[302,[81.76683,130.5084,0,[191.7122,158.001]]],[273,[81.50755,134.0815,0,[189.8756,157.001]]],[274,[80.93932,132.9621,0,[188.835,156.001]]],[44,[80.36271,134.8507,0,[187.5942,155.001]]],[130,[79.44304,124.0408,0,[185.6426,154.001]]],[123,[81.66424,134.9928,0,[190.9189,157.001]]],[321,[82.00993,123.5265,0,[192.6509,158.0009]]],[184,[81.8464,133.2614,0,[193.8785,158.0009]]],[68,[80.54577,135.2273,0,[186.4179,155.001]]],[18,[81.53678,140.5575,0,[188.3484,156.001]]],[369,[82.15639,129.8848,0,[189.4587,157.001]]],[213,[82.60201,131.1986,0,[191.6115,158.001]]],[353,[82.22922,125.4876,0,[194.6503,159.0009]]],[345,[82.33028,130.6894,0,[190.5725,157.001]]],[56,[81.06599,139.185,0,[187.1679,155.001]]],[323,[82.67928,127.2078,0,[192.8604,158.001]]],[219,[79.97163,120.8154,0,[185.1183,154.001]]],[39,[82.17353,138.3802,0,[188.1916,156.001]]],[368,[83.2017,126.1931,0,[191.8104,158.001]]],[249,[80.61553,121.8572,0,[185.6763,154.001]]],[340,[83.03221,122.1562,0,[194.0549,159.001]]],[301,[82.86488,135.1856,0,[189.4565,157.001]]],[7,[81.60332,140.3526,0,[186.786,155.001]]],[92,[83.12706,132.9552,0,[193.4408,158.001]]],[367,[83.03777,127.6742,0,[190.5563,157.001]]],[3,[82.27342,142.7133,0,[187.7014,155.001]]],[16,[82.86217,142.701,0,[188.9589,156.001]]],[304,[81.26482,119.1542,0,[185.4935,154.001]]],[341,[83.70116,123.7668,0,[192.6463,158.001]]],[244,[83.87343,132.8679,0,[191.3391,158.001]]],[245,[82.28983,121.393,0,[186.438,155.001]]],[270,[83.80621,127.4878,0,[194.5168,159.001]]],[361,[83.7923,129.4683,0,[189.9395,157.001]]],[358,[83.80721,121.4746,0,[193.9392,158.0009]]],[324,[82.83582,132.989,0,[187.5149,155.001]]],[343,[83.46786,132.952,0,[188.7358,156.001]]],[356,[84.42286,122.1992,0,[192.049,158.001]]],[300,[84.03983,128.2927,0,[190.9162,157.001]]],[327,[82.03535,118.6351,0,[185.2308,154.001]]],[325,[82.98051,134.7104,0,[186.3496,155.001]]],[364,[84.42448,118.8564,0,[193.2679,158.001]]],[298,[84.58132,126.7913,0,[189.1767,157.001]]],[272,[83.49969,129.82,0,[187.7655,155.001]]],[94,[85.11566,166.545,1,[191.4849,158.001]]],[297,[84.84158,133.5759,0,[194.5377,159.001]]],[320,[84.76558,126.0042,0,[190.3721,157.001]]],[362,[85.04808,152.9626,1,[192.7978,158.001]]],[344,[83.6929,127.9202,0,[186.5158,155.001]]],[185,[82.85964,134.1009,0,[185.2697,154.001]]],[360,[84.67815,126.7628,0,[188.2463,156.001]]],[322,[85.30547,125.2757,0,[189.471,157.001]]],[346,[85.66144,153.7741,1,[192.0212,158.001]]],[354,[85.52655,122.6519,0,[194.1368,159.001]]],[211,[85.43913,129.804,0,[190.9087,157.001]]],[241,[85.5619,129.4754,0,[193.5903,158.0009]]],[342,[84.38491,127.8682,0,[186.9504,155.001]]],[277,[83.77156,120.5113,0,[185.5386,154.001]]],[289,[86.27751,133.0408,0,[192.3611,158.0009]]],[365,[85.94212,123.3717,0,[189.8493,157.001]]],[243,[85.51987,131.1351,0,[188.5433,156.001]]],[338,[86.31223,123.2099,0,[193.6566,158.0008]]],[242,[85.03468,130.9905,0,[187.2649,155.001]]],[66,[86.37845,166.1378,1,[190.9997,157.4658]]],[315,[86.68201,131.957,0,[194.4217,159.0009]]],[247,[84.513,122.2439,0,[185.8378,154.001]]],[212,[87.04155,132.253,0,[192.0299,158.0009]]],[366,[86.64355,122.5323,0,[189.2631,157.001]]],[318,[87.05084,125.0602,0,[193.6181,158.0009]]],[295,[87.03279,132.1568,0,[190.6394,157.001]]],[359,[86.81473,123.8652,0,[188.9532,156.001]]],[317,[87.85745,134.3273,0,[191.8798,158.001]]],[182,[87.5993,136.1703,0,[193.999,158.0156]]],[240,[88.10435,127.4083,0,[189.397,157.001]]],[339,[88.50222,119.7934,0,[190.8139,157.001]]]
22:[94,[30.01254,57.67337,1,[246.8475,79.00098]]],[362,[28.21067,44.7342,1,[246.6761,79.00097]]],[346,[29.13273,44.92563,1,[246.8715,79.00098]]],[66,[31.19567,57.90276,1,[246.8172,79.00097]]]
21:[94,[37.40689,72.09777,1,[240.9991,88.86023]]],[362,[35.48733,58.93248,1,[241.3532,89.0004]]],[346,[36.53438,59.3941,1,[240.9991,88.86617]]],[66,[38.48982,72.12654,1,[240.9991,88.96236]]]
19:[94,[57.44761,111.827,1,[207.9992,110.721]]],[362,[55.56889,98.92023,1,[207.9992,110.9423]]],[346,[56.24399,98.51647,1,[207.9992,109.5623]]],[66,[58.31802,111.4847,1,[207.9992,110.353]]]

Travel Distances:
[350,117.9262],[349,117.859],[351,119.2511],[331,119.8956],[330,119.8568],[332,119.3988],[309,119.8007],[308,121.7928],[310,121.4637],[329,121.0545],[333,120.5007],[311,120.796],[283,121.6162],[334,120.4236],[282,123.5512],[307,122.827],[284,122.9331],[286,123.2607],[254,123.4751],[312,123.731],[281,124.0175],[287,124.3891],[255,124.4873],[285,123.6978],[306,123.5906],[253,124.1879],[314,123.7465],[256,123.8268],[280,122.5439],[258,126.2213],[336,125.0252],[225,126.2296],[348,121.4688],[257,125.3385],[259,125.4411],[252,124.6952],[228,125.5688],[226,127.6332],[288,126.5157],[227,127.3554],[261,127.0814],[260,127.1371],[198,127.7361],[223,126.7826],[197,127.4194],[224,125.96],[229,128.5787],[262,128.7569],[328,124.3643],[290,127.8248],[199,129.3479],[195,128.0875],[230,128.6715],[222,127.2916],[232,128.8065],[313,125.3748],[231,129.684],[233,130.4888],[251,128.5579],[196,129.0561],[263,129.6623],[194,129.084],[264,128.6052],[201,130.0799],[193,129.3245],[234,129.4583],[167,129.5752],[202,131.3198],[291,129.263],[163,131.1439],[265,130.4145],[172,132.3226],[204,131.0519],[292,128.2433],[200,131.6534],[203,131.0134],[165,130.0181],[279,127.7341],[235,130.0291],[171,132.7316],[205,133.212],[168,131.6669],[293,129.9909],[173,133.0482],[206,132.2776],[192,130.3836],[169,131.1382],[174,132.2369],[236,131.0585],[164,131.6734],[166,133.0078],[144,135.1075],[207,133.9633],[176,134.3213],[175,134.3255],[316,127.0718],[142,134.2177],[220,130.7672],[162,131.4075],[143,134.1715],[208,133.0611],[177,133.8445],[147,136.8246],[170,134.4388],[266,130.939],[118,136.4927],[138,132.1673],[209,134.9237],[146,134.5456],[137,133.1942],[135,131.1908],[148,134.7672],[149,135.9898],[139,133.8765],[238,134.4192],[141,133.7885],[191,132.127],[145,134.5158],[134,133.092],[178,134.8313],[136,132.8696],[113,134.913],[179,135.0466],[107,134.1811],[106,134.2097],[133,134.7908],[150,137.6626],[104,134.3316],[114,135.7698],[352,124.0885],[109,134.3325],[116,135.6933],[239,134.0786],[78,134.7399],[105,134.5928],[108,132.9512],[151,137.2879],[77,136.3275],[221,133.3758],[115,136.9759],[52,135.2533],[89,138.4171],[111,135.3811],[210,135.285],[347,126.3644],[51,135.2285],[140,133.1086],[88,138.8145],[79,135.2658],[103,135.6396],[117,137.1753],[267,133.4684],[53,136.6535],[31,135.7227],[132,134.9031],[50,135.5348],[90,138.4122],[63,140.1479],[48,134.8291],[180,137.7757],[49,137.6567],[112,136.191],[47,137.1842],[120,139.5598],[85,137.4046],[119,138.2307],[73,136.2086],[28,136.5723],[80,135.4205],[27,136.5077],[86,136.9976],[190,134.5798],[237,133.6417],[84,137.3737],[305,130.3618],[181,138.465],[160,135.5717],[54,137.2486],[60,139.553],[62,139.5703],[75,136.7161],[83,137.0917],[26,136.6792],[57,138.7357],[87,138.4973],[30,138.6203],[129,134.2937],[161,136.9982],[268,134.4243],[45,137.4021],[29,138.2899],[357,129.8807],[13,138.889],[61,139.8658],[91,138.9302],[128,134.214],[25,136.7847],[110,135.3826],[11,140.2542],[10,140.0538],[58,139.7685],[46,138.7],[319,131.1691],[98,136.5322],[14,139.4703],[35,141.3747],[76,138.3263],[152,139.3452],[71,135.631],[97,135.8855],[72,136.6691],[69,139.5993],[294,137.7183],[40,142.6054],[32,139.954],[158,134.4961],[2,142.5303],[156,134.7699],[99,136.8503],[131,136.7937],[33,140.9349],[121,139.7666],[59,142.3037],[100,138.0412],[9,140.9462],[157,134.4665],[81,140.8691],[215,139.4262],[21,145.5263],[70,138.5857],[122,141.1229],[102,137.9858],[6,142.5998],[96,139.4076],[159,135.497],[64,140.5011],[24,140.7581],[153,142.6487],[218,131.7115],[189,133.3061],[8,142.3444],[82,140.5298],[154,141.8071],[278,128.6482],[37,142.8234],[246,131.6799],[186,133.7999],[0,145.6989],[55,143.7533],[127,138.0078],[19,145.9991],[101,139.294],[183,141.8922],[216,133.6345],[67,142.7202],[269,136.6583],[36,145.7775],[1,144.5852],[22,145.0343],[41,143.0647],[188,134.2198],[248,130.1219],[275,131.691],[20,146.8275],[38,143.616],[355,130.8242],[126,141.4222],[34,146.9054],[299,135.45],[42,144.1873],[250,134.138],[23,145.0577],[93,142.8881],[125,142.6141],[12,142.7641],[4,147.2982],[65,140.7244],[214,140.9956],[337,134.0534],[17,148.9356],[5,147.5847],[303,130.9711],[95,141.7483],[74,143.0735],[43,143.3654],[363,127.9067],[326,137.4781],[15,145.1282],[217,130.8456],[124,145.0659],[155,142.939],[335,128.3934],[296,134.2963],[276,132.5406],[187,136.5821],[271,144.129],[302,138.9464],[273,143.0591],[274,143.0782],[44,146.0522],[130,137.1385],[123,143.6329],[321,131.2781],[184,141.4815],[68,148.119],[18,151.4747],[369,139.5673],[213,139.9433],[353,134.4829],[345,139.9579],[56,151.0364],[323,135.8293],[219,134.678],[39,148.0284],[368,133.7838],[249,134.5926],[340,129.78],[301,143.4536],[7,151.0267],[92,142.5683],[367,137.586],[3,154.1611],[16,152.9579],[304,132.5334],[341,132.3405],[244,141.0135],[245,132.809],[270,135.5316],[361,137.8802],[358,129.6881],[324,145.3005],[343,144.0008],[356,131.331],[300,138.0246],[327,132.5189],[325,146.7361],[364,127.8466],[298,135.6275],[272,140.8176],[94,174.3095],[297,141.577],[320,134.4705],[362,160.8076],[344,140.4996],[185,148.2897],[360,137.4026],[322,134.6599],[346,162.4221],[354,131.1726],[211,138.9198],[241,138.0381],[342,139.0945],[277,134.9362],[289,142.4508],[365,133.475],[243,142.0909],[338,132.4651],[242,142.858],[66,175.0618],[315,140.1568],[247,135.2042],[212,140.1375],[366,131.235],[318,134.7912],[295,142.0652],[359,134.2279],[317,142.5599],[182,144.6306],[240,137.1992],[339,128.7885]

Finish Times:
[350,60.241],[349,60.281],[351,61.04102],[331,61.08102],[330,61.16102],[332,61.52103],[309,61.88103],[308,62.00104],[310,62.12104],[329,62.12104],[333,62.40105],[311,62.72105],[283,62.76105],[334,62.80106],[282,62.96106],[307,63.16106],[284,63.36107],[286,63.40107],[254,63.64108],[312,63.96108],[281,64.00108],[287,64.08109],[255,64.12109],[285,64.12109],[306,64.32109],[253,64.40109],[314,64.7611],[256,64.8411],[280,64.8811],[258,64.96111],[336,65.00111],[225,65.24111],[348,65.32111],[257,65.52112],[259,65.60112],[252,65.72112],[228,65.92113],[226,66.08113],[288,66.08113],[227,66.12113],[261,66.24113],[260,66.28114],[198,66.56114],[223,66.68114],[197,66.76115],[224,66.92115],[229,66.96115],[262,67.12115],[328,67.24116],[290,67.28116],[199,67.32116],[195,67.52116],[230,67.56116],[222,67.60117],[232,67.64117],[313,68.08118],[231,68.12118],[233,68.12118],[251,68.12118],[196,68.16118],[263,68.20118],[194,68.28118],[264,68.52119],[201,68.68119],[193,68.72119],[234,68.72119],[167,68.8812],[202,68.9612],[291,68.9612],[163,69.1212],[265,69.2012],[172,69.32121],[204,69.32121],[292,69.48121],[200,69.52121],[203,69.64121],[165,69.80122],[279,69.84122],[235,69.88122],[171,69.96122],[205,69.96122],[168,70.24123],[293,70.24123],[173,70.32123],[206,70.48123],[192,70.52123],[169,70.64124],[174,70.68124],[236,70.72124],[164,71.00124],[166,71.00124],[144,71.04124],[207,71.12125],[176,71.16125],[175,71.44125],[316,71.48125],[142,71.52126],[220,71.56126],[162,71.68126],[143,71.76126],[208,71.76126],[177,71.80126],[147,72.00127],[170,72.20127],[266,72.28127],[118,72.36127],[138,72.36127],[209,72.44128],[146,72.60128],[137,72.64128],[135,72.80128],[148,72.88129],[149,72.88129],[139,73.12129],[238,73.12129],[141,73.24129],[191,73.2813],[145,73.3613],[134,73.4013],[178,73.4013],[136,73.4413],[113,73.6013],[179,73.84131],[107,73.96131],[106,74.00131],[133,74.04131],[150,74.04131],[104,74.16132],[114,74.16132],[352,74.32132],[109,74.60133],[116,74.64133],[239,74.68133],[78,74.72133],[105,74.72133],[108,74.76133],[151,74.84133],[77,75.16134],[221,75.20134],[115,75.24134],[52,75.32134],[89,75.32134],[111,75.56135],[210,75.60135],[347,75.60135],[51,75.72135],[140,75.84135],[88,76.00136],[79,76.20136],[103,76.20136],[117,76.20136],[267,76.24136],[53,76.28136],[31,76.52137],[132,76.56137],[50,76.68137],[90,76.68137],[63,76.80138],[48,76.84138],[180,76.96138],[49,77.04138],[112,77.08138],[47,77.20139],[120,77.24139],[85,77.40139],[119,77.44139],[73,77.52139],[28,77.60139],[80,77.7614],[27,77.8414],[86,77.8414],[190,77.8814],[237,77.9614],[84,78.0014],[305,78.0414],[181,78.28141],[160,78.36141],[54,78.40141],[60,78.40141],[62,78.52142],[75,78.56142],[83,78.56142],[26,78.64142],[57,78.92142],[87,79.00143],[30,79.16143],[129,79.16143],[161,79.20143],[268,79.20143],[45,79.28143],[29,79.32143],[357,79.36143],[13,79.44144],[61,79.48144],[91,79.76144],[128,79.80145],[25,79.88145],[110,79.92145],[11,80.00145],[10,80.12145],[58,80.16145],[46,80.20145],[319,80.24146],[98,80.40146],[14,80.52146],[35,80.68147],[76,80.68147],[152,80.68147],[71,80.72147],[97,80.76147],[72,80.80147],[69,81.08147],[294,81.16148],[40,81.20148],[32,81.24148],[158,81.24148],[2,81.44148],[156,81.48148],[99,81.52148],[131,81.64149],[33,81.68149],[121,81.68149],[59,81.80149],[100,82.0015],[9,82.0415],[157,82.0815],[81,82.1215],[215,82.1215],[21,82.1615],[70,82.2815],[122,82.44151],[102,82.64151],[6,82.72151],[96,82.72151],[159,82.72151],[64,82.84151],[24,82.92152],[153,83.00152],[218,83.00152],[189,83.36153],[8,83.40153],[82,83.44153],[154,83.44153],[278,83.44153],[37,83.48153],[246,83.56153],[186,83.64153],[0,83.96154],[55,83.96154],[127,84.00154],[19,84.08154],[101,84.16154],[183,84.16154],[216,84.16154],[67,84.32155],[269,84.36155],[36,84.48155],[1,84.56155],[22,84.56155],[41,84.64156],[188,84.80156],[248,84.88156],[275,84.88156],[20,85.00156],[38,85.04156],[355,85.08157],[126,85.12157],[34,85.16157],[299,85.40157],[42,85.52158],[250,85.56158],[23,85.64158],[93,85.64158],[125,85.68158],[12,85.72158],[4,85.80158],[65,85.80158],[214,86.16159],[337,86.20159],[17,86.24159],[5,86.28159],[303,86.28159],[95,86.3616],[74,86.4416],[43,86.4816],[363,86.5216],[326,86.7216],[15,86.88161],[217,86.88161],[124,86.96161],[155,86.96161],[335,87.04161],[296,87.08161],[276,87.16161],[187,87.32162],[271,87.32162],[302,87.40162],[273,87.52162],[274,87.52162],[44,87.64162],[130,87.64162],[123,87.72163],[321,87.84163],[184,87.88163],[68,88.08163],[18,88.16164],[369,88.16164],[213,88.24164],[353,88.36164],[345,88.40164],[56,88.44164],[323,88.44164],[219,88.60165],[39,88.72165],[368,88.80165],[249,88.84165],[340,88.84165],[301,88.88165],[7,88.92165],[92,89.04166],[367,89.08166],[3,89.40166],[16,89.40166],[304,89.44167],[341,89.44167],[244,89.52167],[245,89.64167],[270,89.80167],[361,89.84167],[358,89.88168],[324,90.04168],[343,90.04168],[356,90.08168],[300,90.16168],[327,90.32169],[325,90.40169],[364,90.40169],[298,90.60169],[272,90.64169],[94,90.68169],[297,90.7617],[320,90.8017],[362,90.8417],[344,91.0417],[185,91.16171],[360,91.28171],[322,91.32171],[346,91.32171],[354,91.36171],[211,91.48171],[241,91.60172],[342,91.68172],[277,91.96172],[289,91.96172],[365,91.96172],[243,92.12173],[338,92.28173],[242,92.32173],[66,92.40173],[315,92.52174],[247,92.60174],[212,92.72174],[366,92.72174],[318,93.04175],[295,93.08175],[359,93.44176],[317,93.52176],[182,93.84177],[240,94.08177],[339,94.52178]

Stuck Times:
[350,0],[349,0],[351,0],[331,0],[330,0],[332,0],[309,0],[308,0],[310,0],[329,0],[333,0],[311,0],[283,0],[334,0],[282,0],[307,0],[284,0],[286,0],[254,0],[312,0],[281,0],[287,0],[255,0],[285,0],[306,0],[253,0],[314,0],[256,0],[280,0],[258,0],[336,0],[225,0],[348,2],[257,0],[259,0],[252,0],[228,0],[226,0],[288,0],[227,0],[261,0],[260,0],[198,0],[223,0],[197,0],[224,0],[229,0],[262,0],[328,2],[290,0],[199,0],[195,0],[230,0],[222,0],[232,0],[313,4],[231,0],[233,0],[251,0],[196,0],[263,0],[194,0],[264,0],[201,0],[193,0],[234,0],[167,0],[202,0],[291,0],[163,1],[265,0],[172,0],[204,0],[292,1],[200,0],[203,0],[165,1],[279,1],[235,0],[171,0],[205,0],[168,0],[293,2],[173,0],[206,0],[192,0],[169,0],[174,0],[236,0],[164,2],[166,1],[144,0],[207,0],[176,0],[175,0],[316,4],[142,0],[220,2],[162,0],[143,0],[208,0],[177,0],[147,0],[170,0],[266,4],[118,0],[138,1],[209,0],[146,0],[137,1],[135,1],[148,0],[149,0],[139,0],[238,0],[141,0],[191,3],[145,0],[134,2],[178,0],[136,3],[113,0],[179,0],[107,3],[106,3],[133,3],[150,0],[104,3],[114,1],[352,13],[109,2],[116,0],[239,4],[78,3],[105,2],[108,2],[151,0],[77,2],[221,6],[115,0],[52,2],[89,0],[111,1],[210,2],[347,10],[51,3],[140,2],[88,0],[79,3],[103,5],[117,0],[267,5],[53,2],[31,3],[132,4],[50,5],[90,0],[63,0],[48,7],[180,1],[49,4],[112,2],[47,5],[120,1],[85,1],[119,1],[73,5],[28,5],[80,2],[27,6],[86,1],[190,3],[237,8],[84,2],[305,11],[181,3],[160,6],[54,3],[60,0],[62,0],[75,6],[83,2],[26,6],[57,2],[87,1],[30,4],[129,7],[161,5],[268,7],[45,5],[29,5],[357,13],[13,4],[61,2],[91,2],[128,8],[25,6],[110,2],[11,6],[10,6],[58,3],[46,4],[319,10],[98,8],[14,4],[35,2],[76,8],[152,4],[71,7],[97,9],[72,9],[69,7],[294,10],[40,1],[32,4],[158,9],[2,2],[156,9],[99,8],[131,10],[33,6],[121,6],[59,1],[100,10],[9,8],[157,13],[81,4],[215,8],[21,2],[70,9],[122,7],[102,10],[6,4],[96,7],[159,9],[64,6],[24,6],[153,5],[218,16],[189,17],[8,6],[82,7],[154,9],[278,17],[37,6],[246,16],[186,15],[0,4],[55,7],[127,12],[19,6],[101,13],[183,7],[216,14],[67,11],[269,11],[36,5],[1,7],[22,8],[41,7],[188,15],[248,18],[275,20],[20,6],[38,6],[355,21],[126,13],[34,7],[299,13],[42,8],[250,17],[23,8],[93,12],[125,11],[12,11],[4,7],[65,12],[214,11],[337,20],[17,8],[5,9],[303,19],[95,13],[74,13],[43,13],[363,24],[326,15],[15,13],[217,19],[124,11],[155,14],[335,25],[296,20],[276,17],[187,18],[271,8],[302,16],[273,16],[274,14],[44,12],[130,16],[123,14],[321,23],[184,13],[68,12],[18,10],[369,18],[213,19],[353,22],[345,16],[56,8],[323,23],[219,19],[39,11],[368,24],[249,19],[340,26],[301,14],[7,11],[92,18],[367,22],[3,7],[16,9],[304,19],[341,27],[244,20],[245,24],[270,23],[361,21],[358,30],[324,15],[343,18],[356,27],[300,24],[327,24],[325,14],[364,29],[298,22],[272,19],[94,0],[297,18],[320,24],[362,8],[344,20],[185,16],[360,25],[322,24],[346,7],[354,28],[211,21],[241,23],[342,20],[277,24],[289,21],[365,30],[243,20],[338,27],[242,21],[66,1],[315,21],[247,24],[212,19],[366,28],[318,29],[295,21],[359,29],[317,21],[182,18],[240,27],[339,34]

