Experiment Name: Custom-ExampleOverflow2
Method Used: PathFollowingLowerNumberOfPaths
Run Number: 4
Preparation Time: 0.0003ms
Pathfinding Time: 9.1473ms
Finish Time: 138.2808ms
Finish Time 90%: 124.8025ms
Repaths: 2
Soft Repaths: 0

Gates Data:
0:[284,[6.149366,12.2941,0,[32.001,58.73785]]],[299,[6.655005,13.30115,0,[33.001,60.03045]]],[269,[6.161968,12.31851,0,[32.001,57.47142]]],[298,[6.778676,13.51557,0,[32.001,59.4496]]],[314,[6.671563,13.32918,0,[33.001,61.34185]]],[283,[6.773366,13.45904,0,[32.001,58.25627]]],[313,[7.251389,14.47424,0,[33.001,60.72321]]],[297,[7.346625,14.64348,0,[32.001,59.2046]]],[254,[6.193557,12.3635,0,[32.001,56.21168]]],[328,[7.274995,14.51573,0,[33.001,61.95738]]],[312,[7.831149,15.61436,0,[33.001,60.33914]]],[282,[7.351308,14.53736,0,[32.001,58.08851]]],[296,[7.976871,15.73792,0,[32.001,59.67049]]],[311,[8.427357,16.69536,0,[33.001,60.78176]]],[340,[8.506864,16.77688,0,[33.001,61.91019]]],[310,[9.089055,17.84554,0,[33.001,60.1614]]],[253,[6.976767,13.52713,0,[32.001,56.02202]]],[281,[7.914359,15.60111,0,[32.001,58.55833]]],[280,[8.486953,16.69323,0,[32.001,59.07499]]],[326,[9.014933,16.76244,0,[33.001,61.24221]]],[268,[6.793246,13.49538,0,[32.001,57.0863]]],[325,[9.636123,17.87823,0,[33.001,60.29093]]],[295,[9.081775,17.17549,0,[32.001,59.10999]]],[267,[7.509401,14.60837,0,[32.001,57.0382]]],[266,[8.764421,15.79395,0,[32.001,58.1415]]],[309,[9.598729,17.87845,0,[32.001,59.55455]]],[251,[8.259742,15.75431,0,[32.001,57.71846]]],[279,[9.807204,17.81923,0,[32.001,58.51723]]],[351,[9.566497,18.05062,0,[33.001,61.4747]]],[385,[9.759423,18.31509,0,[33.001,62.61769]]],[294,[10.27481,18.20697,0,[32.001,59.05631]]],[265,[9.321541,17.25069,0,[32.001,57.98436]]],[324,[10.6618,18.98268,0,[33.001,60.13814]]],[252,[7.622528,14.59694,0,[32.001,55.95057]]],[278,[10.80233,18.87046,0,[32.001,58.68856]]],[308,[10.6911,18.88988,0,[32.001,59.77438]]],[237,[8.243977,15.14609,0,[32.001,56.63909]]],[236,[8.933307,15.98777,0,[32.001,57.10054]]],[323,[11.31568,19.95804,0,[33.001,60.83532]]],[307,[11.85528,20.99871,0,[33.001,60.72111]]],[361,[9.093017,17.99096,0,[33.001,62.34104]]],[249,[10.37022,18.01646,0,[32.001,57.96434]]],[293,[11.24631,19.31383,0,[32.001,59.64023]]],[341,[7.81854,15.59628,0,[33.001,62.63976]]],[350,[10.23655,19.11615,0,[33.001,61.89986]]],[349,[11.47475,20.25727,0,[33.001,61.8713]]],[292,[12.34012,21.39476,0,[33.001,60.11695]]],[322,[12.78269,21.17585,0,[33.001,60.78236]]],[327,[7.915533,15.63538,0,[33.001,61.4982]]],[222,[8.881527,16.05586,0,[32.001,56.01455]]],[277,[12.35734,20.07993,0,[32.001,59.50193]]],[338,[10.79064,19.07755,0,[33.001,61.20314]]],[263,[11.86048,19.55821,0,[32.001,59.00761]]],[359,[12.74726,20.5938,0,[33.001,61.97514]]],[360,[10.94252,19.36232,0,[33.001,62.25131]]],[262,[12.99802,20.80036,0,[32.001,58.86626]]],[321,[12.88319,21.49844,0,[32.001,59.92955]]],[352,[8.460535,16.71145,0,[33.001,63.02147]]],[248,[11.99699,19.12478,0,[32.001,57.93215]]],[264,[11.36127,18.4039,0,[32.001,58.56075]]],[250,[9.893568,16.88527,0,[32.001,57.42122]]],[348,[13.33522,21.59242,0,[33.001,61.00664]]],[276,[13.51331,21.27188,0,[32.001,59.97575]]],[233,[10.89396,19.06763,0,[32.001,57.59414]]],[337,[12.27478,20.20081,0,[33.001,61.40844]]],[336,[13.87683,21.48846,0,[33.001,61.04091]]],[261,[14.08182,21.74693,0,[32.001,59.68131]]],[247,[12.50939,20.33505,0,[32.001,58.30694]]],[306,[15.23919,22.30409,0,[33.001,60.04961]]],[367,[13.83145,21.07032,0,[33.001,62.16848]]],[232,[13.55263,20.81251,0,[32.001,58.87634]]],[368,[11.97148,20.05064,0,[33.001,62.32145]]],[320,[14.7536,23.31908,0,[33.001,60.73875]]],[358,[14.36173,21.88405,0,[33.001,61.55183]]],[246,[14.12318,21.2312,0,[32.001,58.56742]]],[219,[13.0546,19.78707,0,[32.001,57.7769]]],[275,[15.23899,22.10868,0,[32.001,59.34307]]],[291,[15.7988,21.49997,0,[32.001,59.90911]]],[375,[13.2839,20.75443,0,[33.001,62.09236]]],[347,[15.30488,22.85318,0,[33.001,61.14055]]],[245,[14.65243,22.42041,0,[32.001,58.97012]]],[305,[16.86317,23.31965,0,[33.001,60.33565]]],[383,[12.46579,20.4364,0,[33.001,62.9282]]],[206,[13.62055,21.09781,0,[32.001,57.78069]]],[207,[12.81622,19.80123,0,[32.001,56.80209]]],[218,[15.79484,21.33801,0,[32.001,58.81781]]],[374,[14.33186,21.99859,0,[33.001,62.78535]]],[357,[15.92918,23.09952,0,[33.001,61.59928]]],[189,[16.35369,21.66473,0,[32.001,58.06526]]],[335,[15.80674,22.77352,0,[33.001,60.48944]]],[231,[15.22713,21.97573,0,[32.001,58.22812]]],[373,[15.45689,23.18939,0,[33.001,62.19759]]],[197,[14.68133,20.99531,0,[32.001,57.87812]]],[217,[17.41315,22.52357,0,[32.001,59.32245]]],[216,[16.89177,23.7469,0,[32.001,59.72295]]],[334,[16.38617,23.80053,0,[33.001,60.99036]]],[366,[14.88213,22.61915,0,[33.001,61.95403]]],[175,[15.82583,21.37667,0,[32.001,57.7366]]],[204,[18.51275,24.07604,0,[32.001,59.76237]]],[235,[9.483484,16.84688,0,[32.001,56.7293]]],[164,[16.44472,22.40648,0,[32.001,56.96233]]],[260,[17.95154,24.39807,0,[33.001,60.43457]]],[244,[18.51149,25.02105,0,[33.001,60.46318]]],[365,[16.44837,23.68701,0,[33.001,62.09478]]],[221,[11.47917,17.61902,0,[32.001,57.4943]]],[230,[16.31018,23.06859,0,[32.001,59.2208]]],[234,[10.37024,18.06455,0,[32.001,56.81946]]],[390,[17.00491,24.86444,0,[33.001,62.64462]]],[345,[17.44103,25.38571,0,[33.001,60.86193]]],[391,[15.97736,23.56412,0,[33.001,62.7548]]],[229,[19.1964,24.14281,0,[32.001,59.05674]]],[403,[16.51291,24.29195,0,[33.001,63.19591]]],[205,[16.84508,22.73192,0,[32.001,58.59346]]],[356,[18.14515,24.52207,0,[33.001,61.50171]]],[195,[18.00486,23.02423,0,[32.001,59.22993]]],[346,[16.92498,23.92813,0,[33.001,61.48093]]],[381,[14.86547,22.75943,0,[33.001,63.0652]]],[319,[19.12551,24.7546,0,[33.001,60.89185]]],[380,[17.53424,24.78544,0,[33.001,61.95646]]],[174,[16.94853,22.22482,0,[32.001,57.43331]]],[196,[17.44855,22.18109,0,[32.001,58.21687]]],[290,[19.58137,24.52987,0,[33.001,60.12618]]],[333,[19.68488,25.03975,0,[33.001,61.21278]]],[396,[9.33455,17.47943,0,[33.001,63.33499]]],[274,[19.75494,23.94824,0,[32.001,59.28309]]],[190,[14.17074,19.99282,0,[32.001,57.44519]]],[304,[20.17464,25.38998,0,[33.001,60.39011]]],[289,[20.30145,24.31018,0,[32.001,59.91288]]],[389,[19.23995,25.93048,0,[33.001,62.0976]]],[317,[21.99007,27.45047,0,[33.001,61.1858]]],[318,[21.44728,26.59893,0,[33.001,60.83557]]],[364,[20.30346,25.90395,0,[33.001,61.48238]]],[194,[18.67076,23.94743,0,[32.001,58.69388]]],[372,[18.71302,25.11925,0,[33.001,61.71051]]],[182,[17.58834,22.01014,0,[32.001,57.14291]]],[183,[15.23831,21.30367,0,[32.001,57.1128]]],[416,[17.58446,25.12172,0,[33.001,63.07986]]],[379,[21.37632,25.75919,0,[33.001,61.94205]]],[220,[12.26836,18.416,0,[32.001,56.97785]]],[402,[18.10868,25.50007,0,[33.001,62.61575]]],[259,[20.33394,24.71161,0,[32.001,58.82318]]],[355,[20.84028,26.20902,0,[33.001,61.00459]]],[209,[10.01819,17.31734,0,[32.001,55.95578]]],[430,[20.82236,28.06236,0,[33.001,62.09889]]],[198,[13.44658,19.3573,0,[32.001,56.73458]]],[181,[19.21726,23.41172,0,[32.001,57.95673]]],[258,[23.1268,26.74478,0,[33.001,61.06422]]],[187,[19.78654,24.00472,0,[32.001,58.16658]]],[369,[10.38333,18.39655,0,[33.001,62.99126]]],[371,[22.05597,26.25525,0,[33.001,62.26614]]],[303,[20.85671,25.41959,0,[32.001,59.72899]]],[188,[18.13366,22.37743,0,[32.001,58.14365]]],[150,[20.90873,25.85593,0,[32.001,57.49931]]],[162,[20.36599,25.12591,0,[32.001,57.73234]]],[288,[22.51603,26.9514,0,[33.001,60.55494]]],[445,[19.79923,27.90706,0,[33.001,62.29509]]],[332,[22.58683,26.89919,0,[33.001,61.66565]]],[203,[20.87944,24.81931,0,[32.001,58.61276]]],[273,[21.97091,26.34582,0,[33.001,60.08878]]],[331,[23.65893,28.22241,0,[33.001,61.45596]]],[214,[22.69535,25.90021,0,[32.001,59.9798]]],[228,[23.73525,26.51704,0,[33.001,60.35333]]],[272,[24.27045,27.34408,0,[33.001,60.71542]]],[376,[11.43397,19.22959,0,[33.001,62.97921]]],[243,[22.11542,25.1371,0,[32.001,59.45821]]],[184,[14.66849,19.86845,0,[32.001,56.77766]]],[446,[19.24234,26.13474,0,[33.001,63.21313]]],[202,[24.35802,27.26745,0,[32.001,59.93765]]],[186,[21.52221,24.71964,0,[32.001,57.91636]]],[213,[25.92656,29.04866,0,[33.001,60.57502]]],[460,[20.31398,27.87252,0,[33.001,62.71859]]],[239,[8.37895,12.76753,0,[32.001,55.58451]]],[215,[21.46174,24.78364,0,[32.001,58.99976]]],[199,[11.75082,17.91254,0,[32.001,56.55152]]],[242,[25.38595,27.58711,0,[33.001,60.78098]]],[135,[23.81039,26.85943,0,[32.001,57.0899]]],[185,[23.75482,27.02193,0,[32.001,59.52404]]],[193,[22.04376,25.20615,0,[32.001,58.34965]]],[401,[21.51224,26.73568,0,[33.001,63.02958]]],[415,[18.67741,26.30673,0,[33.001,62.90205]]],[302,[26.44293,28.10773,0,[33.001,60.9883]]],[163,[17.04017,23.1927,0,[32.001,56.24666]]],[178,[24.88623,27.70111,0,[32.001,59.65828]]],[388,[22.63165,28.02376,0,[33.001,62.8058]]],[226,[27.52747,29.02923,0,[32.001,59.97332]]],[329,[6.726233,13.42123,0,[33.001,62.72448]]],[180,[23.2057,25.10685,0,[32.001,59.23087]]],[179,[24.31289,26.40126,0,[32.001,58.82842]]],[257,[27.51366,28.75294,0,[33.001,60.3058]]],[192,[25.93423,28.66799,0,[32.001,59.88013]]],[316,[24.8594,30.10676,0,[33.001,61.05469]]],[191,[12.9471,18.33628,0,[32.001,55.73871]]],[160,[24.84929,27.48676,0,[32.001,58.54665]]],[241,[26.94654,29.45434,0,[33.001,60.49838]]],[414,[22.12381,27.90368,0,[33.001,63.34994]]],[170,[25.42179,27.66424,0,[32.001,59.38133]]],[382,[13.74792,21.57418,0,[33.001,63.27381]]],[172,[22.63272,24.59943,0,[32.001,58.89261]]],[287,[28.03418,29.04222,0,[33.001,61.14238]]],[378,[25.65094,29.21807,0,[33.001,61.75576]]],[161,[23.18377,25.92608,0,[32.001,58.11851]]],[171,[23.72512,25.99837,0,[32.001,58.32793]]],[201,[26.63117,28.59159,0,[32.001,59.44496]]],[227,[29.02556,29.2819,0,[33.001,60.10902]]],[177,[15.90179,18.9285,0,[32.001,56.67136]]],[210,[11.06571,16.8629,0,[32.001,56.55362]]],[134,[25.53336,28.96361,0,[32.001,58.29624]]],[256,[28.55283,30.32025,0,[33.001,60.79029]]],[154,[18.12947,22.42374,0,[32.001,56.98755]]],[270,[29.61924,34.10889,0,[33.001,60.76658]]],[412,[26.19359,32.68631,0,[33.001,61.95415]]],[211,[11.43649,16.74455,0,[32.001,55.65347]]],[370,[23.17057,27.66722,0,[33.001,62.16037]]],[109,[26.70923,26.07984,0,[32.001,57.23879]]],[137,[25.01107,26.16032,0,[32.001,57.49689]]],[344,[24.2153,27.84901,0,[33.001,61.84718]]],[159,[26.0793,28.63549,0,[32.001,58.82524]]],[398,[27.51406,33.05596,0,[33.001,61.41579]]],[133,[29.06858,30.86349,0,[32.001,59.59846]]],[108,[26.11583,26.37362,0,[32.001,57.72781]]],[225,[30.70214,32.30524,0,[33.001,60.51514]]],[399,[24.87492,30.06777,0,[33.001,62.14184]]],[123,[26.68234,26.84171,0,[32.001,58.34356]]],[271,[29.06083,29.7538,0,[33.001,61.26636]]],[200,[14.58898,17.96557,0,[32.001,55.6907]]],[147,[30.15732,31.85086,0,[33.001,60.2924]]],[285,[29.54877,34.00092,0,[33.001,61.95626]]],[397,[27.58435,35.16923,0,[33.001,62.4995]]],[149,[24.28879,27.16323,0,[32.001,57.71359]]],[158,[27.99346,31.93044,0,[32.001,59.42706]]],[117,[30.40841,32.93909,0,[32.001,59.47691]]],[443,[25.99754,30.56819,0,[33.001,62.97178]]],[300,[31.30284,33.36893,0,[33.001,61.26102]]],[223,[9.416723,15.77875,0,[32.001,55.64363]]],[107,[27.26608,27.46604,0,[32.001,57.83682]]],[363,[26.95458,28.69434,0,[33.001,61.62586]]],[136,[27.23951,27.76032,0,[32.001,59.00311]]],[301,[28.99303,30.72392,0,[33.001,62.37178]]],[173,[18.67396,23.036,0,[32.001,57.56811]]],[472,[28.0959,33.56141,0,[33.001,63.1577]]],[94,[28.06275,26.93804,0,[32.001,57.4497]]],[413,[25.41504,29.96567,0,[33.001,62.76579]]],[122,[27.77641,27.88259,0,[32.001,58.39785]]],[169,[31.39715,31.92794,0,[33.001,60.16165]]],[240,[30.15922,31.88306,0,[33.001,61.45876]]],[112,[26.20251,23.28201,0,[32.001,56.63781]]],[395,[9.963114,18.46376,0,[33.001,63.95077]]],[132,[31.67423,32.52221,0,[32.001,59.57037]]],[404,[15.44616,22.6773,0,[33.001,63.29356]]],[176,[14.04301,19.51485,0,[32.001,56.36746]]],[165,[19.17616,22.38635,0,[32.001,56.85747]]],[208,[12.20821,18.42964,0,[32.001,55.84097]]],[255,[30.77851,35.3056,0,[33.001,61.62283]]],[106,[28.65337,28.71707,0,[32.001,57.91764]]],[315,[30.24592,34.13073,0,[33.001,62.56273]]],[118,[29.73042,31.58997,0,[32.001,59.18948]]],[80,[29.80968,26.82659,0,[32.001,56.96313]]],[212,[33.12693,33.45081,0,[33.001,60.09412]]],[377,[33.08607,36.8814,0,[33.001,61.18908]]],[456,[32.45915,36.55621,0,[33.001,61.63409]]],[121,[30.89342,28.57862,0,[32.001,57.958]]],[354,[32.48693,36.24274,0,[33.001,60.52503]]],[156,[18.63611,19.65519,0,[32.001,56.4132]]],[119,[29.17136,30.11395,0,[32.001,58.50107]]],[451,[27.54196,22.627,0,[33.001,63.59826]]],[427,[34.74098,38.15942,0,[33.001,61.00962]]],[103,[30.3603,31.22741,0,[32.001,58.36974]]],[442,[26.68193,33.09895,0,[33.001,62.57296]]],[104,[31.5112,30.25085,0,[32.001,58.50986]]],[102,[30.97968,32.77132,0,[32.001,59.06279]]],[88,[32.21226,33.1777,0,[32.001,59.31765]]],[145,[31.90562,36.29287,0,[33.001,60.58869]]],[155,[19.83374,21.1157,0,[32.001,55.93887]]],[387,[31.86121,36.30763,0,[33.001,61.70009]]],[148,[28.49194,29.21543,0,[32.001,58.96003]]],[101,[33.18896,33.99216,0,[32.001,59.82524]]],[151,[19.77383,24.72377,0,[32.001,57.04937]]],[90,[32.12509,30.52922,0,[32.001,58.21966]]],[386,[33.66131,39.19019,0,[33.001,60.95963]]],[130,[34.20841,39.66004,0,[33.001,60.33389]]],[224,[13.60888,15.88213,0,[32.001,55.67894]]],[120,[29.77851,29.11525,0,[32.001,58.07984]]],[428,[31.37057,34.39636,0,[33.001,62.47141]]],[471,[35.06553,38.95691,0,[33.001,62.00512]]],[146,[34.98959,34.81953,0,[33.001,60.01958]]],[168,[17.60328,19.13002,0,[32.001,55.99892]]],[115,[36.03711,40.26352,0,[33.001,60.49778]]],[506,[33.5449,30.58325,0,[33.001,63.10239]]],[410,[35.04599,41.20037,0,[32.001,59.91327]]],[73,[32.751,33.69159,0,[32.001,58.9997]]],[492,[32.58036,28.46091,0,[33.001,62.71908]]],[440,[37.24093,40.95748,0,[33.001,60.68191]]],[87,[33.95636,34.42995,0,[32.001,59.32975]]],[473,[33.13215,34.8803,0,[33.001,62.27959]]],[529,[38.13681,46.042,0,[33.001,60.57151]]],[411,[35.43855,38.15441,0,[33.001,61.08895]]],[330,[28.30091,31.30851,0,[33.001,62.11803]]],[92,[33.29388,29.53691,0,[32.001,58.73623]]],[491,[33.75099,30.96566,0,[33.001,62.06086]]],[286,[36.71277,34.96214,0,[33.001,60.3338]]],[86,[35.83947,36.27491,0,[32.001,59.49689]]],[417,[17.07331,23.89406,0,[33.001,63.87374]]],[152,[22.0418,24.55996,0,[32.001,57.20562]]],[141,[22.06617,21.87152,0,[32.001,56.08907]]],[486,[34.5651,37.93837,0,[33.001,62.46864]]],[105,[31.58576,29.68613,0,[32.001,57.41257]]],[500,[35.90511,44.72408,0,[33.001,61.70699]]],[166,[15.22293,20.56389,0,[32.00084,56]]],[485,[37.16336,45.93757,0,[32.001,59.98017]]],[153,[20.38088,23.5931,0,[32.001,56.64193]]],[466,[33.01142,24.10144,0,[33.001,63.39945]]],[78,[32.67711,29.16497,0,[32.001,57.90868]]],[75,[34.54282,31.74424,0,[32.001,58.85206]]],[528,[39.17241,50.2218,0,[33.001,60.77377]]],[77,[33.8062,30.13335,0,[32.001,58.24533]]],[142,[20.97206,20.79467,0,[32.001,56.38475]]],[530,[38.55719,46.67224,0,[33.001,61.27162]]],[127,[22.70411,21.78341,0,[32.001,56.72688]]],[441,[34.24114,37.89605,0,[33.001,61.54052]]],[504,[34.10216,33.74842,0,[33.001,63.07483]]],[63,[33.21719,29.80548,0,[32.001,57.61319]]],[125,[22.64931,24.41084,0,[32.001,57.80382]]],[238,[10.67591,14.85307,0,[32.001,55.77135]]],[505,[36.26056,35.06124,0,[33.001,62.56265]]],[61,[36.28369,31.31323,0,[32.001,57.38694]]],[517,[37.69461,39.39267,0,[33.001,61.32587]]],[76,[35.88981,31.35209,0,[32.001,58.39408]]],[91,[34.90015,30.86625,0,[32.001,57.985]]],[464,[33.73386,26.17163,0,[33.001,64.15708]]],[139,[21.48389,23.81495,0,[32.001,56.82629]]],[48,[35.44055,31.18951,0,[32.001,57.74963]]],[71,[36.60283,36.02392,0,[32.001,59.50452]]],[490,[30.83454,31.7096,0,[33.001,62.7305]]],[157,[15.82492,17.83023,0,[32.001,55.6028]]],[540,[38.07372,46.80569,0,[33.001,62.14126]]],[554,[40.54084,53.23955,0,[33.001,60.75862]]],[167,[16.47183,19.4523,0,[32.001,55.84885]]],[72,[35.28122,34.58259,0,[32.001,58.91641]]],[551,[39.09673,50.83483,0,[33.001,61.85084]]],[516,[39.93234,46.72746,0,[33.001,60.05536]]],[508,[36.8087,29.38888,0,[33.001,62.7101]]],[144,[18.18537,18.20207,0,[32.001,55.77534]]],[111,[27.55182,24.57095,0,[32.001,56.90077]]],[548,[39.7056,52.86531,0,[33.001,61.03637]]],[85,[38.83723,42.89269,0,[32.001,59.74312]]],[521,[38.61956,32.18139,0,[33.001,62.37444]]],[138,[24.49232,25.32561,0,[32.001,56.67966]]],[470,[35.53328,41.19678,0,[33.001,62.74541]]],[425,[38.66239,45.98514,0,[33.001,60.05232]]],[339,[10.12889,17.97337,0,[33.001,60.80756]]],[514,[40.19427,48.48254,0,[33.001,61.6482]]],[480,[36.45569,26.57207,0,[33.001,63.64447]]],[143,[19.15457,19.45877,0,[32.001,55.75558]]],[539,[40.483,52.54013,0,[32.001,59.79819]]],[40,[38.7447,39.23084,0,[32.001,58.68308]]],[502,[37.02095,39.65869,0,[33.001,61.68832]]],[57,[37.13993,36.13417,0,[32.001,58.87712]]],[509,[37.17658,28.9139,0,[33.001,63.54256]]],[553,[41.11689,54.66975,0,[32.001,59.8583]]],[89,[36.45121,32.54253,0,[32.001,58.44531]]],[45,[38.74569,33.51046,0,[32.001,57.60255]]],[116,[38.18344,35.80142,0,[32.001,58.91207]]],[384,[10.91047,19.20301,0,[33.001,63.34973]]],[131,[37.65956,35.36182,0,[32.001,59.37022]]],[527,[42.27402,49.49308,0,[33.001,60.61775]]],[124,[23.98281,24.85292,0,[32.001,55.97889]]],[129,[20.5675,19.36777,0,[32.001,55.61334]]],[542,[40.79224,46.60979,0,[33.001,61.95676]]],[82,[29.3237,24.82104,0,[32.001,56.13875]]],[114,[22.70155,20.5198,0,[32.001,55.63947]]],[519,[37.44065,35.40078,0,[33.001,62.41666]]],[55,[39.42628,39.72586,0,[32.001,58.93491]]],[41,[41.66855,38.97312,0,[32.001,59.49175]]],[68,[29.94991,24.88816,0,[32.001,55.88132]]],[400,[23.70706,28.73913,0,[33.001,62.61769]]],[483,[43.71166,29.99316,0,[33.001,61.66586]]],[538,[40.27386,45.65885,0,[33.001,62.84483]]],[128,[21.52092,20.37365,0,[32.001,55.72448]]],[74,[37.00208,32.47589,0,[32.001,57.81496]]],[515,[43.11449,52.53764,0,[33.001,60.66749]]],[100,[40.80249,40.26425,0,[32.001,58.81696]]],[459,[20.96223,28.78954,0,[33.001,63.15604]]],[140,[23.25932,23.29477,0,[32.001,57.02232]]],[552,[41.7546,45.9026,0,[33.001,61.062]]],[93,[29.23805,27.78177,0,[32.001,57.32304]]],[42,[37.62595,36.93344,0,[32.001,58.21912]]],[541,[42.0681,42.86323,0,[33.001,62.04698]]],[95,[28.66987,26.2957,0,[32.001,56.82059]]],[113,[25.18391,22.00509,0,[32.001,56.44432]]],[455,[36.49139,43.56528,0,[33.001,61.37125]]],[47,[36.81021,31.10531,0,[32.001,56.79346]]],[467,[36.83218,22.31037,0,[33.001,64.45963]]],[537,[41.35634,40.30791,0,[33.001,62.06495]]],[544,[44.34011,37.10335,0,[33.001,61.61424]]],[97,[26.98164,23.70854,0,[32.001,56.28189]]],[126,[23.31414,22.77117,0,[32.001,55.91893]]],[522,[39.12113,31.34789,0,[33.001,62.96646]]],[550,[41.66982,44.8105,0,[33.001,62.99347]]],[426,[42.32161,43.14088,0,[32.001,59.71368]]],[549,[39.63438,49.49982,0,[33.001,62.11659]]],[84,[26.50149,22.81525,0,[32.001,55.71356]]],[81,[30.50758,26.16518,0,[32.001,56.12482]]],[543,[45.07999,42.02734,0,[33.001,61.47771]]],[46,[39.81875,32.85865,0,[32.001,57.70458]]],[512,[43.68028,43.77746,0,[33.001,60.54805]]],[520,[39.69098,34.79969,0,[33.001,63.19624]]],[67,[31.64998,25.93307,0,[32.001,56.29026]]],[99,[24.79532,21.73436,0,[32.001,55.68041]]],[526,[43.16094,41.88306,0,[33.001,61.89119]]],[525,[42.61393,35.25653,0,[33.001,62.76334]]],[29,[42.06042,36.83624,0,[32.001,58.67211]]],[431,[18.15329,25.96118,0,[33.001,63.80804]]],[52,[33.26333,27.0972,0,[32.001,56.44891]]],[457,[28.68319,33.63704,0,[33.001,63.28383]]],[468,[44.54985,27.1107,0,[33.001,62.68251]]],[28,[39.27243,37.13356,0,[32.001,57.87735]]],[531,[40.85131,36.99337,0,[33.001,63.19115]]],[21,[40.12443,34.39437,0,[32.001,56.69808]]],[497,[44.34175,36.64095,0,[33.001,60.49873]]],[98,[25.71668,22.56997,0,[32.001,55.91613]]],[513,[47.02505,33.5788,0,[33.001,61.72446]]],[429,[24.34297,29.9666,0,[33.001,62.98953]]],[534,[42.16473,33.17693,0,[33.001,63.45118]]],[62,[34.32286,30.47793,0,[32.001,57.63246]]],[58,[42.70181,36.53794,0,[32.001,58.50042]]],[22,[37.54988,33.38704,0,[32.001,57.1161]]],[79,[30.35053,28.33079,0,[32.001,57.22137]]],[343,[29.73617,31.1814,0,[33.001,63.00759]]],[38,[33.80092,27.98466,0,[32.001,55.87954]]],[96,[28.08219,24.96215,0,[32.001,56.16927]]],[533,[40.3246,33.36345,0,[33.001,64.14056]]],[469,[44.8544,26.61683,0,[33.001,63.69517]]],[507,[35.8909,30.94946,0,[33.001,63.67957]]],[53,[32.20972,26.18335,0,[32.001,55.91729]]],[39,[32.83796,27.26344,0,[32.001,55.7206]]],[496,[37.54425,25.9548,0,[33.001,64.39853]]],[501,[39.92467,48.88855,0,[32.001,59.58762]]],[546,[42.65986,46.51136,0,[33.001,61.43003]]],[56,[40.17667,38.62113,0,[32.001,58.61192]]],[110,[25.59519,24.68515,0,[32.001,57.18675]]],[535,[43.07228,31.3544,0,[33.001,63.97976]]],[532,[41.29113,36.18652,0,[33.001,63.97727]]],[17,[45.87219,38.0947,0,[32.001,58.73045]]],[51,[35.05825,28.41702,0,[32.001,56.87402]]],[523,[42.33364,29.99928,0,[33.001,64.49454]]],[64,[31.05823,28.78427,0,[32.001,56.89859]]],[54,[31.15872,25.69641,0,[32.001,55.7952]]],[482,[43.89708,31.20882,0,[33.001,62.82093]]],[495,[38.35096,27.74024,0,[33.001,63.30816]]],[83,[27.50783,23.5862,0,[32.001,55.78435]]],[479,[30.99578,26.13267,0,[33.001,63.78915]]],[524,[39.6671,28.36088,0,[33.001,64.28022]]],[484,[45.65295,40.41184,0,[33.001,60.78763]]],[547,[41.17797,50.86355,0,[33.001,60.89175]]],[35,[35.78473,30.63426,0,[32.001,56.90006]]],[511,[38.4132,27.21677,0,[33.001,64.38808]]],[518,[37.77363,37.17154,0,[33.001,63.31438]]],[36,[36.30906,29.75922,0,[32.001,56.17775]]],[65,[32.15043,27.87294,0,[32.001,57.09024]]],[70,[43.62275,41.51534,0,[32.001,59.47049]]],[463,[30.34527,26.40104,0,[33.001,63.76069]]],[6,[39.0181,33.0108,0,[32.001,55.54152]]],[24,[37.30247,30.95989,0,[32.001,56.12484]]],[476,[29.2423,29.29679,0,[33.001,63.70416]]],[26,[34.90427,29.00188,0,[32.001,55.81309]]],[503,[31.98759,34.60489,0,[33.001,62.79037]]],[37,[35.68348,28.99481,0,[32.001,55.8171]]],[69,[28.77766,24.2517,0,[32.001,55.74495]]],[59,[40.54844,33.84461,0,[32.001,57.8073]]],[474,[21.60248,29.4648,0,[33.001,64.22709]]],[23,[38.24644,32.99261,0,[32.001,56.66567]]],[15,[37.88506,32.57471,0,[32.001,55.83521]]],[481,[35.38617,25.46255,0,[33.001,64.2187]]],[14,[38.83446,32.77629,0,[32.001,56.54452]]],[477,[26.99311,27.27985,0,[33.001,63.4855]]],[12,[39.72723,33.53726,0,[32.001,55.87838]]],[498,[45.41636,32.51659,0,[33.001,62.57656]]],[487,[34.89374,37.47014,0,[33.001,63.41198]]],[510,[39.05947,28.33714,0,[33.001,64.05683]]],[454,[43.95477,22.54382,0,[33.001,64.04105]]],[437,[26.41828,20.84418,0,[33.001,63.64657]]],[49,[33.78685,29.71981,0,[32.001,57.08001]]],[489,[22.72901,29.55805,0,[33.001,63.97628]]],[450,[28.57277,23.72007,0,[33.001,64.37886]]],[465,[31.3741,23.19766,0,[33.001,64.59998]]],[50,[34.34715,28.85838,0,[32.001,56.42999]]],[5,[40.68613,34.69337,0,[32.001,55.65915]]],[13,[40.69185,33.47845,0,[32.001,56.74832]]],[493,[32.32978,27.14548,0,[33.001,63.99118]]],[44,[45.06272,36.70483,0,[32.001,59.28244]]],[60,[38.1641,33.56749,0,[32.001,57.7678]]],[4,[41.31292,35.16185,0,[32.001,56.20876]]],[545,[43.29762,34.26104,0,[33.001,62.97278]]],[362,[8.536541,16.76609,0,[33.001,64.13037]]],[2,[42.22138,35.62561,0,[32.001,55.75013]]],[7,[43.94307,36.4245,0,[32.001,56.02442]]],[536,[45.77585,34.31816,0,[33.001,63.71647]]],[43,[43.46632,36.01009,0,[32.001,58.40042]]],[436,[23.35226,21.49605,0,[33.001,64.3269]]],[494,[34.39704,27.48685,0,[33.001,64.07217]]],[478,[31.61383,27.25627,0,[33.001,63.6089]]],[10,[43.10669,35.25742,0,[32.001,55.94864]]],[25,[36.79949,29.71447,0,[32.001,55.66416]]],[421,[22.22775,20.4259,0,[33.001,64.42745]]],[422,[21.01959,19.63752,0,[33.001,64.24667]]],[394,[11.93811,19.56091,0,[33.001,63.42782]]],[3,[41.9451,37.0259,0,[32.001,56.69519]]],[408,[10.63949,17.55846,0,[33.001,64.29649]]],[409,[9.343335,16.61557,0,[33.001,64.42521]]],[434,[24.41533,23.53481,0,[33.001,64.26995]]],[33,[41.34456,33.65934,0,[32.001,58.54853]]],[19,[44.34679,34.31521,0,[32.001,56.89059]]],[499,[44.9484,46.77308,0,[33.001,60.12979]]],[438,[26.67204,18.7413,0,[33.001,64.59995]]],[32,[41.13202,33.90818,0,[32.001,57.4325]]],[423,[19.94391,17.94063,0,[33.001,64.4901]]],[435,[14.82011,21.12453,0,[33.001,64.17103]]],[34,[39.37928,32.51824,0,[32.001,56.76822]]],[9,[43.95658,37.40016,0,[32.001,57.7555]]],[447,[18.72946,24.84233,0,[33.001,64.15318]]],[448,[16.56206,23.4744,0,[33.001,64.30199]]],[66,[32.71482,27.40252,0,[32.001,56.80483]]],[30,[44.9645,34.93512,0,[32.001,56.56103]]],[392,[14.27296,21.82635,0,[33.001,64.04055]]],[18,[44.77448,35.8275,0,[32.001,58.0007]]],[31,[43.06366,34.87405,0,[32.001,57.56865]]],[27,[42.99297,40.98488,0,[32.001,59.4534]]],[8,[42.32938,36.84589,0,[32.001,57.59493]]],[424,[19.2713,16.97709,0,[33.001,64.34881]]],[20,[41.71701,34.75964,0,[32.001,57.70294]]],[353,[7.826036,15.49927,0,[33.001,63.84851]]],[407,[11.35513,18.61912,0,[33.001,64.14004]]],[16,[44.21706,41.06404,0,[32.001,58.91095]]],[475,[20.44042,28.39473,0,[33.001,63.84492]]],[420,[12.07271,20.05425,0,[33.001,64.49323]]],[393,[13.17808,21.01183,0,[33.001,63.16072]]],[1,[43.49508,37.58759,0,[32.001,56.86093]]],[453,[33.13462,20.45209,0,[33.001,64.45972]]],[342,[7.252466,14.44873,0,[33.001,63.40985]]],[406,[12.57663,20.39561,0,[33.001,64.01853]]],[11,[42.65346,36.76182,0,[32.001,56.6525]]],[418,[15.50192,22.28499,0,[33.001,64.38614]]],[0,[45.73895,37.80246,0,[32.001,57.12311]]],[444,[23.21703,29.45947,0,[33.001,63.25636]]],[405,[13.69676,21.49544,0,[33.001,64.39175]]],[462,[25.66339,25.96297,0,[33.001,63.94688]]],[452,[27.94388,20.84149,0,[33.001,64.33952]]],[419,[13.11404,21.18679,0,[33.001,64.25052]]],[488,[24.91557,31.34156,0,[33.001,63.24346]]],[433,[16.02774,23.77923,0,[33.001,63.88812]]],[461,[19.8258,26.09879,0,[33.001,63.40638]]],[449,[29.82334,25.08566,0,[33.001,64.17332]]],[432,[17.63639,24.69137,0,[33.001,64.21461]]],[439,[25.07855,18.20205,0,[33.001,64.28678]]],[458,[23.83357,30.339,0,[33.001,63.73263]]]
1:[284,[33.7047,67.38911,0,[87.001,59.29087]]],[299,[34.17626,68.33749,0,[88.001,60.56864]]],[269,[33.89331,67.55489,0,[87.001,58.14401]]],[298,[34.3236,68.55785,0,[87.001,59.73857]]],[314,[34.18758,68.35255,0,[88.001,61.90133]]],[283,[34.54894,68.64836,0,[87.001,58.71222]]],[313,[34.78159,69.50331,0,[88.001,60.95441]]],[297,[35.0998,69.75932,0,[87.001,59.36437]]],[254,[34.94482,68.88631,0,[87.001,57.93446]]],[328,[34.90854,69.59616,0,[88.001,62.04357]]],[312,[35.35942,70.64162,0,[88.001,60.49226]]],[282,[35.57022,69.90773,0,[87.001,58.37207]]],[296,[35.77211,70.76211,0,[87.001,59.5369]]],[311,[35.98419,71.71376,0,[88.001,60.70555]]],[340,[36.2514,71.92767,0,[88.001,61.92995]]],[310,[36.71554,72.89718,0,[88.001,60.2911]]],[253,[36.13251,70.47054,0,[87.001,57.91671]]],[281,[36.31928,70.88025,0,[87.001,58.96833]]],[280,[36.71999,71.94232,0,[87.001,59.74418]]],[326,[36.87281,71.77042,0,[88.001,61.3451]]],[268,[36.84317,69.92691,0,[87.001,58.25915]]],[325,[37.53057,72.93841,0,[88.001,60.66789]]],[295,[37.2434,72.38834,0,[87.001,59.23945]]],[267,[37.38015,71.25328,0,[87.001,57.93455]]],[266,[37.7718,71.36501,0,[87.001,58.8502]]],[309,[38.10058,73.95434,0,[88.001,60.12101]]],[251,[38.2429,71.98022,0,[87.001,57.88502]]],[279,[38.40297,72.97533,0,[87.001,59.03382]]],[351,[38.0849,73.25754,0,[88.001,61.31032]]],[385,[38.00449,73.61691,0,[88.001,62.43522]]],[294,[38.71922,74.35526,0,[88.001,60.07131]]],[265,[38.89138,72.71495,0,[87.001,58.40247]]],[324,[39.29672,74.03778,0,[88.001,60.5047]]],[252,[39.38392,72.53266,0,[87.001,57.87573]]],[278,[39.05865,74.07734,0,[87.001,59.5103]]],[308,[39.64978,74.00072,0,[87.001,59.97738]]],[237,[40.07265,72.22956,0,[87.001,57.98806]]],[236,[39.70291,72.35533,0,[87.001,58.86617]]],[323,[39.91462,75.03233,0,[88.001,60.98842]]],[307,[40.55286,76.06872,0,[88.001,60.93715]]],[361,[37.49717,73.37862,0,[88.001,61.80645]]],[249,[40.56155,73.40359,0,[87.001,58.76741]]],[293,[40.19567,74.50359,0,[87.001,59.59996]]],[341,[37.03918,70.7273,0,[88.001,62.4494]]],[350,[38.68963,74.21095,0,[88.001,62.3298]]],[349,[40.54943,75.44418,0,[88.001,62.05412]]],[292,[41.09924,76.4735,0,[88.001,60.58085]]],[322,[41.7107,76.28515,0,[88.001,61.05869]]],[327,[35.51659,70.64882,0,[88.001,61.73088]]],[222,[40.99677,73.74209,0,[87.001,57.94897]]],[277,[40.96617,75.2492,0,[87.001,59.7713]]],[338,[39.19144,74.15637,0,[88.001,61.64723]]],[263,[41.33117,74.91375,0,[87.001,58.91446]]],[359,[42.32322,76.06687,0,[88.001,61.01117]]],[360,[39.7952,74.59033,0,[88.001,62.07172]]],[262,[42.15531,75.8571,0,[87.00099,59.31096]]],[321,[41.67064,76.53133,0,[87.001,59.93092]]],[352,[42.41563,72.63668,0,[88.001,62.10737]]],[248,[42.69441,74.93736,0,[87.001,58.71413]]],[264,[41.80301,74.14831,0,[87.001,58.32322]]],[250,[42.29131,73.64462,0,[87.001,57.81239]]],[348,[42.86311,76.85986,0,[88.001,60.5107]]],[276,[42.78296,76.36391,0,[87.001,59.81328]]],[233,[43.0159,75.30038,0,[87.001,57.74745]]],[337,[41.16556,75.38364,0,[88.001,61.92809]]],[336,[43.89021,76.61337,0,[88.001,60.5392]]],[261,[43.80777,76.98375,0,[87.001,59.81197]]],[247,[43.36146,75.80119,0,[87.00098,59.04893]]],[306,[45.27933,77.37321,0,[88.001,60.04735]]],[367,[43.44901,76.51595,0,[88.00098,61.26469]]],[232,[44.25089,76.0944,0,[87.00099,58.90202]]],[368,[41.84236,75.47197,0,[88.00099,62.3852]]],[320,[44.71218,78.53455,0,[88.00098,61.05912]]],[358,[44.1357,77.0333,0,[88.001,61.75168]]],[246,[43.75627,76.51686,0,[87.00098,57.99799]]],[219,[44.49931,75.40525,0,[87.00099,57.82969]]],[275,[44.94054,77.15598,0,[87.001,59.09108]]],[291,[45.53961,76.60312,0,[87.00097,59.85415]]],[375,[43.6571,76.37887,0,[88.00099,62.53468]]],[347,[45.50357,78.11133,0,[88.001,61.09386]]],[245,[45.8499,77.8009,0,[87.00098,58.80148]]],[305,[46.20789,77.46185,0,[87.00097,59.87109]]],[383,[42.96427,76.30836,0,[88.001,61.91702]]],[206,[45.34991,76.76885,0,[87.00098,57.86175]]],[207,[46.40818,75.87686,0,[87.001,57.72717]]],[218,[46.65316,76.71818,0,[87.001,58.78413]]],[374,[45.51661,77.6858,0,[88.001,62.18543]]],[357,[47.01384,78.62894,0,[88.001,60.68612]]],[189,[47.37207,77.45358,0,[87.00098,59.20473]]],[335,[46.35994,78.01929,0,[88.00095,61.25851]]],[231,[47.21267,77.79735,0,[87.00099,57.91027]]],[373,[46.22083,78.81931,0,[88.00098,62.27372]]],[197,[47.87864,77.45185,0,[87.00099,58.65604]]],[217,[48.08926,77.67488,0,[87.001,59.66691]]],[216,[46.88866,78.86723,0,[87.00099,59.90014]]],[334,[47.54918,79.21941,0,[88.00099,61.28815]]],[366,[44.75407,77.81136,0,[88.00099,62.27901]]],[175,[48.57549,77.81928,0,[87.00099,58.78009]]],[204,[49.07734,79.27832,0,[87.00099,59.55606]]],[235,[47.93409,74.73694,0,[87.00099,57.564]]],[164,[49.29566,79.09387,0,[87.001,58.48106]]],[260,[48.31235,79.56603,0,[88.00099,60.4555]]],[244,[49.34331,80.19193,0,[88.001,60.4517]]],[365,[47.65785,79.42854,0,[88.00099,62.38661]]],[221,[49.79406,74.61115,0,[87.001,57.59445]]],[230,[49.84796,78.26263,0,[87.001,59.18642]]],[234,[48.76577,75.2819,0,[87.00099,57.68594]]],[390,[49.1863,80.78138,0,[88.001,61.52079]]],[345,[50.29565,80.73109,0,[88.001,60.22578]]],[391,[48.57727,79.68653,0,[88.00098,62.50373]]],[229,[50.4914,79.46162,0,[87.001,59.3872]]],[403,[50.02717,80.76888,0,[88.00099,61.27456]]],[205,[50.25393,78.1162,0,[87.001,58.37067]]],[356,[51.25972,79.9651,0,[88.001,60.49272]]],[195,[51.00153,78.42332,0,[87.001,58.69684]]],[346,[48.26217,79.5655,0,[88.00099,61.52734]]],[381,[46.95925,78.66972,0,[88.00099,62.34607]]],[319,[51.13497,78.94058,0,[87.00098,59.83802]]],[380,[51.17445,80.24403,0,[88.001,61.56895]]],[174,[50.73016,77.97104,0,[87.001,57.72392]]],[196,[51.45258,78.0765,0,[87.00099,57.7862]]],[290,[51.64742,78.74153,0,[87.00095,58.86089]]],[333,[52.37117,80.52566,0,[88.001,60.35804]]],[396,[49.63021,73.9316,0,[88.00098,62.44665]]],[274,[52.13237,79.253,0,[87.001,59.4292]]],[190,[52.12101,77.86666,0,[87.00099,57.86826]]],[304,[52.97147,80.61675,0,[88.00099,60.70977]]],[289,[52.59742,79.61829,0,[87.001,58.76671]]],[389,[52.10176,81.44495,0,[88.00098,61.2471]]],[317,[52.7192,81.71262,0,[87.00099,59.85839]]],[318,[53.72072,81.30205,0,[87.46191,59.99979]]],[364,[53.61197,81.65003,0,[88.00097,61.05276]]],[194,[53.20975,79.70413,0,[87.001,58.97252]]],[372,[51.32407,80.75798,0,[88.001,62.58767]]],[182,[52.86724,79.31242,0,[87.001,57.76696]]],[183,[53.91869,79.213,0,[87.001,58.85067]]],[416,[52.02934,81.22205,0,[88.00098,62.34193]]],[379,[54.45245,81.26764,0,[88.001,60.91236]]],[220,[54.49012,76.36165,0,[87.00099,58.01608]]],[402,[50.54084,81.00661,0,[88.001,62.46349]]],[259,[54.98181,81.22633,0,[88.001,60.02636]]],[355,[53.43349,81.55007,0,[88.001,62.59803]]],[209,[53.67448,75.48111,0,[87.00099,57.8106]]],[430,[55.17269,84.34227,0,[88.001,61.33075]]],[198,[55.09148,77.75536,0,[87.001,57.43369]]],[181,[54.70128,79.59238,0,[87.001,59.17571]]],[258,[55.60043,82.36025,0,[88.001,60.46206]]],[187,[55.41605,80.15565,0,[87.001,59.6139]]],[369,[54.00484,74.80087,0,[88.00099,61.83964]]],[371,[55.82335,82.47842,0,[88.001,61.49157]]],[303,[56.15205,81.26925,0,[87.00098,59.8052]]],[188,[55.29117,79.41386,0,[87.001,58.45742]]],[150,[55.72098,82.91795,0,[87.00099,57.58641]]],[162,[55.89296,81.63491,0,[87.001,58.81974]]],[288,[56.39497,82.51575,0,[88.00098,60.60453]]],[445,[52.85488,83.49222,0,[88.001,61.79891]]],[332,[57.47986,82.93932,0,[88.00099,60.11289]]],[203,[56.34085,80.69133,0,[87.001,57.96778]]],[273,[57.13743,81.88367,0,[88.00099,61.13486]]],[331,[56.49199,83.93459,0,[88.00099,61.65628]]],[214,[56.78344,81.234,0,[87.001,58.90867]]],[228,[57.4134,80.90443,0,[87.001,59.50742]]],[272,[58.17133,82.80444,0,[88.001,60.56112]]],[376,[55.35975,76.31361,0,[88.001,62.38573]]],[243,[57.41267,80.62203,0,[87.001,58.39484]]],[184,[57.0309,78.89684,0,[87.001,57.49959]]],[446,[54.64131,82.31638,0,[88.001,62.31272]]],[202,[58.08252,82.55483,0,[87.001,59.9425]]],[186,[58.01733,81.35509,0,[87.001,58.85041]]],[213,[59.34425,84.27723,0,[88.001,60.52694]]],[460,[57.86231,85.31166,0,[88.001,61.52537]]],[239,[58.00152,72.06451,0,[87.001,57.73577]]],[215,[58.80329,80.68885,0,[87.00099,59.46767]]],[199,[58.98491,77.32341,0,[87.001,57.40123]]],[242,[58.97646,82.89426,0,[88.00096,61.40162]]],[135,[58.87848,83.29433,0,[87.00098,58.41545]]],[185,[59.96468,83.32781,0,[88.001,60.19153]]],[193,[59.53326,81.8912,0,[87.001,59.17919]]],[401,[56.1151,83.0184,0,[88.001,62.59606]]],[415,[56.97482,83.00031,0,[88.001,62.36827]]],[302,[60.03805,83.43655,0,[88.001,61.20809]]],[163,[59.59523,81.86275,0,[87.00098,57.86678]]],[178,[60.61862,83.92326,0,[88.001,60.27584]]],[388,[58.72964,83.91477,0,[88.00092,62.32249]]],[226,[60.44145,84.27095,0,[87.001,59.46201]]],[329,[57.91347,72.9619,0,[88.001,62.59866]]],[180,[60.09116,80.64687,0,[87.001,58.56165]]],[179,[60.76662,82.12234,0,[87.001,58.50389]]],[257,[60.71799,84.08321,0,[88.001,61.33558]]],[192,[61.10645,84.32571,0,[87.001,59.47519]]],[316,[59.5757,85.57175,0,[88.001,62.59454]]],[191,[60.34406,78.15642,0,[87.001,57.52369]]],[160,[61.59783,83.17184,0,[87.001,58.53273]]],[241,[61.42556,85.21002,0,[88.001,60.46899]]],[414,[61.69136,84.189,0,[88.001,62.58847]]],[170,[61.99398,83.64448,0,[87.001,59.50753]]],[382,[60.25172,79.5197,0,[88.001,62.20193]]],[172,[61.14866,80.30572,0,[87.001,57.56355]]],[287,[62.29947,84.55267,0,[88.001,60.45136]]],[378,[61.60538,84.98642,0,[88.00099,61.53256]]],[161,[62.11165,82.34444,0,[87.001,57.58177]]],[171,[62.46703,82.47943,0,[87.001,58.60041]]],[201,[62.83135,84.07805,0,[87.001,59.60358]]],[227,[63.15504,84.56298,0,[88.001,60.53219]]],[177,[63.33967,78.85241,0,[87.001,58.667]]],[210,[63.03453,76.9731,0,[87.00099,57.64754]]],[134,[63.75751,85.13455,0,[87.001,59.62867]]],[256,[64.11482,85.77677,0,[88.001,60.54004]]],[154,[64.19956,82.06903,0,[87.001,58.66671]]],[270,[64.94603,89.49823,0,[88.001,60.52982]]],[412,[63.24334,88.58701,0,[88.001,62.52373]]],[211,[63.85118,77.10326,0,[87.001,57.69867]]],[370,[62.48466,83.87634,0,[88.001,62.54852]]],[109,[64.59312,82.76063,0,[87.001,57.65946]]],[137,[64.58526,83.455,0,[87.001,59.60317]]],[344,[60.90731,83.72162,0,[88.001,62.54691]]],[159,[66.11231,85.93237,0,[88.001,60.44756]]],[398,[64.61564,88.74082,0,[88.001,61.54021]]],[133,[65.55424,86.38953,0,[87.001,59.51198]]],[108,[64.94803,83.03017,0,[87.001,58.60119]]],[225,[67.06483,87.57321,0,[88.001,60.2837]]],[399,[62.61922,86.13986,0,[88.001,61.4721]]],[123,[66.08353,83.18776,0,[87.00099,58.53976]]],[271,[65.78569,85.25954,0,[88.001,61.47073]]],[200,[65.51448,78.10559,0,[87.001,57.59579]]],[147,[66.5659,86.31742,0,[87.00098,59.41588]]],[285,[67.77202,90.29324,0,[88.001,60.52728]]],[397,[66.78896,91.88331,0,[88.00097,61.33268]]],[149,[66.51858,85.90289,0,[87.00099,57.52884]]],[158,[66.98648,88.07251,0,[87.00099,58.39386]]],[117,[67.35858,88.53084,0,[87.001,59.50661]]],[443,[67.63921,87.35733,0,[88.001,61.59219]]],[300,[68.61421,89.23893,0,[88.001,60.26611]]],[223,[67.35647,78.3746,0,[87.001,57.46878]]],[107,[67.70968,84.26527,0,[87.001,58.49836]]],[363,[63.57669,84.32634,0,[88.001,61.49953]]],[136,[68.15263,84.44825,0,[87.001,59.36097]]],[301,[68.46191,87.50995,0,[88.001,61.29353]]],[173,[68.13489,83.12643,0,[87.001,57.5075]]],[472,[63.89156,89.21677,0,[88.001,62.53605]]],[94,[68.66506,84.64507,0,[87.001,58.4207]]],[413,[65.68928,86.35541,0,[88.001,62.54512]]],[122,[69.1165,85.05708,0,[87.00099,59.38836]]],[169,[69.5212,87.33371,0,[88.00098,60.48138]]],[240,[64.71141,87.44868,0,[88.001,62.58834]]],[112,[69.50308,82.02651,0,[87.001,58.49582]]],[395,[66.61695,76.92809,0,[88.00098,62.42616]]],[132,[70.35142,89.10293,0,[88.001,60.50219]]],[404,[67.45013,80.69987,0,[88.001,62.59603]]],[176,[69.14053,81.37609,0,[87.001,57.4552]]],[165,[69.92415,83.16177,0,[87.001,59.46869]]],[208,[69.87645,81.54304,0,[87.001,57.57839]]],[255,[69.2561,91.40173,0,[88.001,61.56792]]],[106,[71.17265,87.93002,0,[88.001,60.48191]]],[315,[69.13934,90.21934,0,[88.001,62.59202]]],[118,[70.7387,87.52389,0,[87.001,59.51914]]],[80,[70.33051,85.02846,0,[87.001,58.53898]]],[212,[72.07814,89.01015,0,[88.00097,60.50875]]],[377,[70.92101,92.40237,0,[88.001,61.50994]]],[456,[69.78985,92.22521,0,[88.00098,62.46475]]],[121,[71.22577,84.64758,0,[87.001,58.51903]]],[354,[72.0189,92.04467,0,[88.001,61.63826]]],[156,[70.8094,80.43465,0,[87.001,57.52349]]],[119,[71.67815,86.26429,0,[87.001,59.50292]]],[451,[70.55832,80.04603,0,[88.001,62.5662]]],[427,[72.8344,93.83693,0,[88.00098,60.21059]]],[103,[72.121,86.97892,0,[87.00098,58.53127]]],[442,[68.28689,90.20306,0,[88.001,62.3522]]],[104,[71.69368,85.99447,0,[87.001,57.58585]]],[102,[72.51364,88.57856,0,[87.00099,59.39083]]],[88,[73.64795,89.76672,0,[88.00098,60.24691]]],[145,[70.09157,91.99216,0,[88.00099,61.49829]]],[155,[72.50652,81.72067,0,[87.00099,57.50319]]],[387,[71.40488,92.69494,0,[88.001,62.46532]]],[148,[72.8951,87.23812,0,[87.00099,58.38943]]],[101,[73.28139,89.6241,0,[87.00099,59.34101]]],[151,[73.34543,85.52789,0,[87.001,57.4409]]],[90,[73.74451,87.71806,0,[87.001,58.37548]]],[386,[73.01401,94.84422,0,[88.00099,61.1675]]],[130,[74.16018,94.13852,0,[87.001,59.33612]]],[224,[74.26875,79.53034,0,[87.001,57.4488]]],[120,[74.75396,87.18672,0,[87.001,58.46281]]],[428,[72.29366,90.97005,0,[88.001,62.59495]]],[471,[74.57974,94.76154,0,[88.001,60.25602]]],[146,[75.48545,90.2368,0,[88.00098,60.33764]]],[168,[75.24459,80.94352,0,[87.001,57.52116]]],[115,[75.16254,94.61817,0,[87.00099,59.45569]]],[506,[74.81601,87.00462,0,[88.00099,61.28098]]],[410,[75.95,97.08915,0,[87.001,59.43853]]],[73,[75.59315,89.58438,0,[87.001,58.47792]]],[492,[74.03457,84.43382,0,[88.001,62.59528]]],[440,[76.26721,96.28386,0,[88.00099,60.38355]]],[87,[76.34827,90.61254,0,[87.001,58.5472]]],[473,[73.09543,90.83098,0,[88.00099,62.22912]]],[529,[77.03687,101.3873,0,[88.001,60.4673]]],[411,[76.66553,93.52853,0,[88.00099,61.40611]]],[330,[74.832,89.51421,0,[88.00099,62.34199]]],[92,[76.00647,85.83041,0,[87.001,57.52049]]],[491,[74.06197,86.89989,0,[88.001,61.53118]]],[286,[76.70274,90.10523,0,[87.001,59.53716]]],[86,[77.97559,94.04354,0,[88.001,60.48735]]],[417,[76.74606,83.56654,0,[88.001,62.4783]]],[152,[77.1102,86.04484,0,[87.001,58.57369]]],[141,[76.72043,82.90262,0,[87.001,57.62879]]],[486,[77.63773,95.64017,0,[88.001,61.53857]]],[105,[77.56277,87.50833,0,[87.001,59.5121]]],[500,[78.52158,100.8069,0,[88.001,61.37349]]],[166,[77.55377,83.4636,0,[87.001,57.55635]]],[485,[78.83839,103.1225,0,[88.001,60.38544]]],[153,[78.03582,85.41789,0,[87.001,58.50421]]],[466,[75.78683,80.75557,0,[88.001,62.59991]]],[78,[78.44153,87.97681,0,[87.001,59.45699]]],[75,[79.28189,89.2105,0,[87.001,59.52541]]],[528,[79.62617,105.7094,0,[88.001,60.51324]]],[77,[78.87718,87.24858,0,[87.001,58.52608]]],[142,[78.46259,82.68934,0,[87.001,57.54253]]],[530,[80.65023,102.5913,0,[88.00096,60.67416]]],[127,[79.73831,84.68977,0,[87.001,58.61216]]],[441,[75.76089,94.47156,0,[88.001,61.55614]]],[504,[78.50652,91.34698,0,[88.001,62.44562]]],[63,[80.16148,88.0975,0,[87.00095,59.62487]]],[125,[79.39594,86.3769,0,[87.001,57.59636]]],[238,[80.37669,82.63371,0,[87.00092,57.74683]]],[505,[79.98335,91.10728,0,[88.001,62.52903]]],[61,[80.76303,89.00925,0,[87.00095,58.86513]]],[517,[80.05398,95.19594,0,[88.00096,61.4647]]],[76,[81.36425,89.23158,0,[87.00098,59.89861]]],[91,[81.84882,89.88948,0,[88.001,60.83255]]],[464,[79.26292,84.28102,0,[88.001,62.59921]]],[139,[81.232,86.21432,0,[87.00099,57.49472]]],[48,[81.67197,89.90464,0,[87.00097,58.39445]]],[71,[82.15324,92.81676,0,[87.001,59.22343]]],[490,[77.65523,89.52882,0,[88.001,62.584]]],[157,[82.73789,85.05869,0,[87.001,58.277]]],[540,[81.2459,102.7463,0,[88.001,61.69791]]],[554,[83.17711,108.4613,0,[87.40459,59.99984]]],[167,[82.19401,83.52098,0,[87.001,57.40214]]],[72,[83.31123,91.75108,0,[87.00098,59.09198]]],[551,[83.26351,107.2216,0,[88.00099,60.88482]]],[516,[83.93854,101.374,0,[87.00099,59.88908]]],[508,[80.77828,85.72148,0,[88.001,62.58384]]],[144,[83.42458,84.82155,0,[87.001,57.4039]]],[111,[84.09064,85.72826,0,[87.001,58.25051]]],[548,[84.34126,109.1967,0,[88.001,60.75195]]],[85,[84.62317,98.90272,0,[87.001,59.1562]]],[521,[85.29488,88.37787,0,[88.001,60.79063]]],[138,[84.7262,88.33022,0,[87.001,57.40048]]],[470,[81.85795,98.23616,0,[88.001,62.59836]]],[425,[85.18324,101.1253,0,[87.001,58.2917]]],[339,[38.63068,73.16487,0,[88.001,61.16422]]],[514,[85.98238,104.8569,0,[88.001,60.15962]]],[480,[83.39718,84.19093,0,[88.001,62.59949]]],[143,[85.65815,85.78074,0,[87.001,57.41461]]],[539,[85.60332,108.6093,0,[87.001,59.21444]]],[40,[86.47498,96.00993,0,[88.001,61.04563]]],[502,[82.53735,96.18432,0,[88.001,61.76563]]],[57,[86.89249,93.65146,0,[88.001,60.10411]]],[509,[84.78059,86.62395,0,[88.001,61.63903]]],[553,[87.42207,111.1218,0,[88.001,60.94644]]],[89,[86.0639,90.09385,0,[87.001,58.30146]]],[45,[86.49918,90.87199,0,[87.001,59.19479]]],[116,[87.69538,94.14236,0,[87.80918,59.9999]]],[384,[84.5174,78.58811,0,[88.001,62.59921]]],[131,[88.36002,92.97607,0,[88.00098,60.70868]]],[527,[86.98329,105.2568,0,[88.001,61.91261]]],[124,[86.9328,87.42743,0,[87.001,58.27777]]],[129,[86.50928,85.9538,0,[87.001,57.41506]]],[542,[88.04718,102.9537,0,[88.00099,61.71655]]],[82,[87.4638,86.80666,0,[87.001,59.15266]]],[114,[87.47742,84.60155,0,[87.001,57.40195]]],[519,[83.95379,92.48918,0,[88.00099,61.68743]]],[55,[88.08555,96.65057,0,[87.00099,59.95744]]],[41,[88.63077,95.05628,0,[87.00099,59.14278]]],[68,[88.0159,88.063,0,[87.001,58.24079]]],[400,[87.61999,88.52016,0,[88.001,62.59831]]],[483,[89.31554,85.62675,0,[87.001,59.94053]]],[538,[86.31434,102.2054,0,[88.001,62.59032]]],[128,[88.69778,87.69537,0,[87.001,57.40338]]],[74,[89.19016,92.41396,0,[87.001,58.2794]]],[515,[89.83438,108.5458,0,[88.001,60.81067]]],[100,[89.89987,96.78915,0,[87.00099,58.98007]]],[459,[85.39857,87.97979,0,[88.001,62.59816]]],[140,[89.71053,88.17606,0,[87.001,57.40222]]],[552,[89.24221,102.0704,0,[88.001,61.70034]]],[93,[90.48585,89.71635,0,[87.00098,58.13331]]],[42,[90.46277,96.61121,0,[87.001,59.92514]]],[541,[90.91064,99.45235,0,[88.001,60.84934]]],[95,[91.05533,91.22543,0,[87.001,59.10551]]],[113,[91.1731,86.78811,0,[87.001,57.40174]]],[455,[79.31464,99.56164,0,[88.001,61.53838]]],[47,[92.14835,92.08103,0,[87.43977,59.9999]]],[467,[88.71711,80.27386,0,[88.001,62.59249]]],[537,[90.37915,97.53701,0,[88.001,61.71585]]],[544,[92.13453,93.85034,0,[88.001,60.87088]]],[97,[92.28888,89.42288,0,[87.00099,59.12463]]],[126,[91.71997,90.75933,0,[87.001,58.27345]]],[522,[89.88518,88.77073,0,[88.001,62.59816]]],[550,[91.50317,102.0411,0,[88.001,61.74135]]],[426,[92.84173,99.61514,0,[87.00099,59.95732]]],[549,[92.13023,107.7897,0,[88.001,62.59985]]],[84,[92.37653,89.56963,0,[87.001,57.40764]]],[81,[92.99345,89.65854,0,[87.001,58.27251]]],[543,[93.2275,98.71724,0,[88.001,60.80126]]],[46,[93.48291,91.88907,0,[87.001,59.19907]]],[512,[94.06805,100.3116,0,[88.00098,60.72467]]],[520,[90.91314,92.59603,0,[88.001,62.59597]]],[67,[93.98911,90.0527,0,[87.001,58.31762]]],[99,[93.52237,89.07567,0,[87.001,57.40926]]],[526,[92.74039,98.6732,0,[88.001,61.73023]]],[525,[94.78532,96.15311,0,[88.001,60.25229]]],[29,[94.38607,93.41697,0,[87.001,59.2644]]],[431,[93.29363,85.79873,0,[88.001,62.59868]]],[52,[94.37407,92.47233,0,[87.001,57.41027]]],[457,[95.25553,94.99235,0,[88.00098,61.10712]]],[468,[95.67979,85.75446,0,[88.00098,60.05613]]],[28,[95.21178,95.46903,0,[87.00099,59.20326]]],[531,[96.2114,97.65704,0,[88.00099,60.81701]]],[21,[94.75745,93.60172,0,[87.001,58.329]]],[497,[94.50547,93.22466,0,[88.001,61.65069]]],[98,[95.17091,93.65836,0,[87.001,57.40438]]],[513,[95.75328,88.94152,0,[87.00098,59.9833]]],[429,[95.80385,88.9688,0,[88.00096,61.82521]]],[534,[97.09951,96.39491,0,[88.001,60.69754]]],[62,[95.7163,92.60681,0,[87.001,58.25925]]],[58,[96.36034,94.14323,0,[87.00099,59.13498]]],[22,[97.92792,96.48855,0,[88.001,60.11503]]],[79,[97.50119,91.89859,0,[87.001,59.2001]]],[343,[93.67082,91.9563,0,[88.001,61.68576]]],[38,[97.0444,92.65527,0,[87.001,58.28484]]],[96,[96.38946,93.62856,0,[87.001,57.40057]]],[533,[96.78581,94.9888,0,[88.001,61.68729]]],[469,[98.72282,86.68951,0,[88.00098,60.71195]]],[507,[96.37892,91.42896,0,[88.001,62.59807]]],[53,[98.03336,90.61042,0,[87.00094,58.30651]]],[39,[97.57745,93.81486,0,[87.001,57.40046]]],[496,[98.2472,87.66602,0,[88.00099,61.70723]]],[501,[98.20872,107.4743,0,[87.00098,59.91376]]],[546,[94.09834,104.037,0,[88.001,62.59707]]],[56,[98.80279,98.19594,0,[87.00096,58.87695]]],[110,[98.57059,93.06775,0,[87.001,57.40343]]],[535,[99.28368,95.40812,0,[87.001,59.77662]]],[532,[99.72624,99.45821,0,[88.001,60.70525]]],[17,[99.75179,96.13401,0,[87.001,58.8441]]],[51,[99.34489,95.36508,0,[87.001,57.92141]]],[523,[100.1809,97.59803,0,[87.00099,59.81282]]],[64,[100.4765,93.60826,0,[87.001,58.30625]]],[54,[100.0941,94.69923,0,[87.001,57.40434]]],[482,[94.95519,88.82745,0,[88.001,62.59971]]],[495,[100.6269,94.23316,0,[88.001,60.77457]]],[83,[100.9296,94.29996,0,[87.001,57.40096]]],[479,[101.6499,94.34072,0,[88.00099,60.75398]]],[524,[100.1798,93.41573,0,[88.001,61.67393]]],[484,[102.3527,100.1707,0,[88.001,60.08839]]],[547,[85.7684,106.7964,0,[88.001,61.68139]]],[35,[100.8686,92.88439,0,[87.001,59.20411]]],[511,[101.1455,92.31584,0,[88.001,61.70947]]],[518,[99.25449,100.2453,0,[88.001,61.63323]]],[36,[101.4548,94.78053,0,[87.001,58.28239]]],[65,[102.0274,92.22244,0,[87.001,59.171]]],[70,[103.2092,101.1534,0,[88.001,60.07405]]],[463,[100.6732,91.62562,0,[88.001,62.59802]]],[6,[102.4444,97.17219,0,[87.001,58.28651]]],[24,[102.0941,96.94383,0,[87.001,57.40311]]],[476,[102.8168,95.08968,0,[88.001,60.98838]]],[26,[102.8412,99.09777,0,[87.001,59.19044]]],[503,[98.83107,96.6213,0,[88.001,62.58768]]],[37,[102.8389,97.70559,0,[87.001,57.40509]]],[69,[103.2466,94.90677,0,[87.001,58.26752]]],[59,[103.4841,95.61214,0,[87.20617,59.99983]]],[474,[102.2128,94.16866,0,[88.001,61.68542]]],[23,[103.7623,99.33959,0,[87.00099,59.06373]]],[15,[103.7355,99.27367,0,[87.001,57.40306]]],[481,[103.7465,95.52859,0,[88.00098,60.847]]],[14,[104.3695,96.06843,0,[87.001,59.82729]]],[477,[103.2909,92.30824,0,[88.00098,61.84396]]],[12,[104.34,95.97466,0,[87.001,58.16372]]],[498,[105.3699,91.35841,0,[87.00099,59.89148]]],[487,[97.51357,100.7727,0,[88.001,62.58662]]],[510,[104.9159,98.35175,0,[87.001,58.98981]]],[454,[104.7536,86.17654,0,[88.001,60.74353]]],[437,[102.6598,81.22179,0,[88.001,62.59952]]],[49,[105.6902,96.32623,0,[87.001,58.24202]]],[489,[101.7433,91.93287,0,[88.001,62.59982]]],[450,[105.8583,95.99592,0,[88.001,60.76479]]],[465,[104.3113,96.46416,0,[88.001,61.67491]]],[50,[105.0899,97.76797,0,[87.001,57.40932]]],[5,[106.3113,98.48608,0,[87.001,57.40141]]],[13,[106.2201,98.49527,0,[87.001,59.16089]]],[493,[105.2674,101.3221,0,[88.001,61.68988]]],[44,[107.6746,96.52155,0,[88.001,60.10735]]],[60,[107.3016,99.52518,0,[87.001,59.19361]]],[4,[106.8432,100.1602,0,[87.001,58.28253]]],[545,[108.738,102.824,0,[88.001,60.07738]]],[362,[104.7768,108.5551,0,[88.001,62.59573]]],[2,[107.3644,101.6829,0,[87.001,57.40227]]],[7,[107.7788,102.5102,0,[87.001,58.29765]]],[536,[106.9871,96.67461,0,[88.001,60.7629]]],[43,[108.2626,96.15256,0,[87.001,59.20531]]],[436,[103.9208,86.57114,0,[88.001,62.59669]]],[494,[107.4492,100.7644,0,[88.001,61.69964]]],[478,[108.161,101.4993,0,[88.001,61.02206]]],[10,[108.3194,102.3551,0,[87.001,57.40344]]],[25,[108.8383,99.91712,0,[87.001,58.27745]]],[421,[109.6989,98.23444,0,[88.001,60.00892]]],[422,[109.2653,91.15296,0,[88.001,60.92515]]],[394,[110.3921,102.188,0,[88.001,60.70298]]],[3,[109.3881,101.9845,0,[87.001,57.40023]]],[408,[109.3374,104.6546,0,[87.001,59.16943]]],[409,[108.7603,108.4674,0,[88.00099,61.85897]]],[434,[106.4321,92.51209,0,[88.001,61.69619]]],[33,[110.6525,94.47325,0,[87.001,58.91798]]],[19,[109.8496,95.92398,0,[87.001,58.2977]]],[499,[110.0824,106.7527,0,[87.001,59.7809]]],[438,[109.8384,90.13662,0,[88.001,61.66811]]],[32,[110.4075,98.78541,0,[87.001,57.40002]]],[423,[111.0874,92.52274,0,[87.001,59.8983]]],[435,[111.5854,93.3538,0,[88.001,60.77989]]],[34,[111.3068,97.30583,0,[87.00099,58.06234]]],[9,[112.3209,99.88173,0,[87.001,57.59183]]],[447,[110.8461,93.55283,0,[88.001,61.68694]]],[448,[112.607,90.96545,0,[88.00096,60.5715]]],[66,[112.725,93.66225,0,[87.001,58.56302]]],[30,[111.9199,100.1786,0,[87.00099,59.03986]]],[392,[112.1966,89.00663,0,[88.00098,61.6472]]],[18,[113.7211,100.1139,0,[88.00098,60.47717]]],[31,[113.4804,97.14809,0,[87.001,57.63191]]],[27,[114.1447,105.4298,0,[87.001,58.66041]]],[8,[113.3307,99.95594,0,[87.001,59.50333]]],[424,[111.5743,82.67058,0,[88.001,62.59881]]],[20,[114.8098,100.5373,0,[87.001,57.73281]]],[353,[113.0833,86.42982,0,[88.00098,61.40171]]],[407,[114.6469,98.2236,0,[87.00098,59.66117]]],[16,[115.5035,107.3171,0,[87.00099,58.68063]]],[475,[110.3008,97.10571,0,[88.001,62.59574]]],[420,[114.4469,95.18024,0,[88.00099,61.48676]]],[393,[114.119,92.27485,0,[88.00099,62.58073]]],[1,[117.0947,104.6292,0,[87.00099,58.06046]]],[453,[115.7438,98.16285,0,[87.001,59.78846]]],[342,[115.4101,83.61032,0,[88.001,62.56794]]],[406,[115.1121,97.29998,0,[88.00079,60.45993]]],[11,[118.2388,105.1875,0,[87.00098,58.59047]]],[418,[107.9407,103.8997,0,[88.001,62.59867]]],[0,[117.1988,104.2151,0,[87.00099,59.37461]]],[444,[117.0473,100.3091,0,[88.00095,61.0124]]],[405,[118.5825,92.78257,0,[87.00089,59.90123]]],[462,[112.8881,86.90675,0,[88.00099,62.49256]]],[452,[118.4088,89.54909,0,[88.00098,60.67619]]],[419,[115.5954,87.52702,0,[88.001,61.48938]]],[488,[106.9885,93.79003,0,[88.001,62.59944]]],[433,[119.3583,92.13902,0,[88.00082,61.629]]],[461,[116.5931,90.60027,0,[88.001,62.14512]]],[449,[109.37,95.71296,0,[88.001,62.58985]]],[432,[117.9136,94.61148,0,[88.00098,61.96579]]],[439,[105.8666,85.9674,0,[88.001,62.59415]]],[458,[99.69658,93.28722,0,[88.001,62.59024]]]

Travel Distances:
[284,91.95808],[299,91.87025],[269,91.73695],[298,91.75996],[314,92.48376],[283,93.52993],[313,92.12311],[297,93.39715],[254,92.96539],[328,93.82723],[312,94.39824],[282,94.72598],[296,94.81406],[311,94.40015],[340,96.49826],[310,96.85059],[253,96.02194],[281,95.73831],[280,95.71587],[326,94.7811],[268,93.97366],[325,96.70039],[295,97.16298],[267,95.876],[266,94.98799],[309,96.41158],[251,97.06944],[279,97.35254],[351,96.5513],[385,97.03818],[294,98.67507],[265,98.32735],[324,97.48247],[252,96.92738],[278,98.03711],[308,99.29532],[237,97.1733],[236,96.48423],[323,98.07051],[307,100.3733],[361,98.05585],[249,99.10644],[293,99.28929],[341,97.05337],[350,97.29949],[349,98.80827],[292,101.2486],[322,100.2507],[327,95.13862],[222,99.27664],[277,99.48252],[338,97.27053],[263,99.3667],[359,100.3391],[360,99.17229],[262,100.6956],[321,100.4639],[352,96.15341],[248,98.45262],[264,99.53741],[250,97.77766],[348,100.634],[276,100.7467],[233,99.99718],[337,98.58687],[336,100.8221],[261,102.2548],[247,101.5022],[306,100.2881],[367,99.92037],[232,100.0947],[368,98.56414],[320,102.5784],[358,100.7015],[246,102.8037],[219,100.6131],[275,101.6483],[291,100.3756],[375,99.06023],[347,102.2645],[245,102.9434],[305,101.7604],[383,101.154],[206,102.6427],[207,100.5194],[218,100.5333],[374,100.9145],[357,102.6596],[189,102.1961],[335,101.1088],[231,103.2038],[373,102.0055],[197,101.7733],[217,101.3847],[216,103.875],[334,102.8504],[366,101.7701],[175,102.3246],[204,103.0559],[235,99.84399],[164,104.4246],[260,103.6036],[244,103.7853],[365,102.6504],[221,99.33108],[230,102.4638],[234,101.1845],[390,103.4346],[345,105.0157],[391,103.5461],[229,104.3674],[403,104.1483],[205,103.7107],[356,103.0629],[195,102.1457],[346,104.473],[381,104.6192],[319,103.8001],[380,104.2052],[174,104.3294],[196,103.3119],[290,103.1864],[333,103.2392],[396,98.75997],[274,104.5503],[190,103.7646],[304,104.1542],[289,104.402],[389,104.5769],[317,105.7945],[318,104.1202],[364,105.2707],[194,104.4864],[372,104.6894],[182,104.7349],[183,103.2921],[416,103.7631],[379,105.3531],[220,101.8936],[402,106.3112],[259,104.9617],[355,104.8506],[209,101.6493],[430,107.2009],[198,102.6565],[181,103.8102],[258,104.9583],[187,105.2894],[369,98.94505],[371,106.1288],[303,105.3442],[188,105.147],[150,107.2655],[162,107.2188],[288,106.5857],[445,107.9748],[332,106.4927],[203,105.6241],[273,104.5451],[331,106.6581],[214,107.1041],[228,105.8993],[272,106.1531],[376,99.70655],[243,104.3755],[184,103.3492],[446,107.3567],[202,107.7331],[186,105.8065],[213,107.4463],[460,108.6841],[239,99.01579],[215,105.9489],[199,103.0684],[242,107.1241],[135,108.0171],[185,106.5225],[193,105.7643],[401,106.2031],[415,107.4812],[302,107.0449],[163,107.1733],[178,107.7115],[388,106.9126],[226,109.4261],[329,97.18853],[180,106.5436],[179,106.9508],[257,107.2433],[192,108.1031],[316,108.4985],[191,104.5393],[160,108.5722],[241,108.9198],[414,108.1676],[170,107.8189],[382,102.9134],[172,105.0812],[287,107.0444],[378,109.3115],[161,107.8538],[171,107.3292],[201,108.2364],[227,107.4278],[177,102.5949],[210,103.3166],[134,110.1699],[256,109.4467],[154,106.4279],[270,112.2352],[412,111.3572],[211,102.1078],[370,108.455],[109,108.5483],[137,108.5812],[344,108.7503],[159,109.3014],[398,111.6648],[133,110.3822],[108,107.6782],[225,111.7566],[399,110.2481],[123,107.6929],[271,108.7437],[200,103.2923],[147,111.8341],[285,113.9822],[397,115.8614],[149,111.5296],[158,112.7683],[117,112.4024],[443,110.245],[300,113.1136],[223,103.7002],[107,108.8824],[363,107.7464],[136,108.0847],[301,111.5635],[173,109.0447],[472,114.4598],[94,109.635],[413,110.1246],[122,109.4479],[169,110.1168],[240,112.7614],[112,107.401],[395,101.3819],[132,112.8626],[404,104.7167],[176,107.3428],[165,107.4577],[208,106.3507],[255,114.1321],[106,110.399],[315,114.7952],[118,112.5609],[80,110.7272],[212,112.1885],[377,115.6244],[456,115.4966],[121,110.4029],[354,116.158],[156,106.9093],[119,111.114],[451,103.5194],[427,116.6447],[103,111.2201],[442,114.0821],[104,111.0806],[102,113.859],[88,113.1903],[145,116.0522],[155,106.7942],[387,116.235],[148,111.295],[101,114.7539],[151,110.9808],[90,112.4683],[386,118.7582],[130,118.1659],[224,105.3323],[120,112.2085],[428,115.0763],[471,118.5176],[146,113.295],[168,105.3962],[115,120.2286],[506,111.0574],[410,121.2631],[73,114.3366],[492,107.481],[440,118.7193],[87,116.0486],[473,114.8529],[529,125.2891],[411,116.7788],[330,112.3979],[92,112.0295],[491,111.9589],[286,115.8327],[86,117.9],[417,107.0395],[152,110.1814],[141,107.7067],[486,118.5907],[105,112.5249],[500,124.2791],[166,108.8997],[485,125.966],[153,109.8304],[466,103.8902],[78,111.625],[75,113.8701],[528,128.7891],[77,111.443],[142,107.6641],[530,125.1956],[127,109.7873],[441,119.0669],[504,115.4113],[63,112.229],[125,111.8241],[238,107.057],[505,113.7037],[61,114.5558],[517,119.7909],[76,113.6888],[91,112.8008],[464,107.9403],[139,111.1261],[48,115.7634],[71,118.0617],[490,117.2348],[157,109.8164],[540,126.7156],[554,132.0835],[167,109.3795],[72,116.9384],[551,131.3171],[516,125.5617],[508,110.0038],[144,109.362],[111,111.304],[548,133.5361],[85,123.6801],[521,111.2612],[138,112.7674],[470,121.4622],[425,124.7747],[339,100.9681],[514,128.57],[480,108.055],[143,110.7563],[539,132.9906],[40,118.5263],[502,121.5711],[57,117.9281],[509,110.0958],[553,134.3076],[89,115.8739],[45,115.6166],[116,117.2063],[384,103.4907],[131,116.859],[527,129.2515],[124,111.9294],[129,111.157],[542,125.8843],[82,112.085],[114,110.4713],[519,117.4788],[55,121.0131],[41,119.1657],[68,114.7767],[400,113.5857],[483,110.7438],[538,126.8336],[128,113.0458],[74,117.1118],[515,131.6964],[100,120.4332],[459,112.3532],[140,114.2644],[552,126.3549],[93,114.753],[42,121.0281],[541,122.1386],[95,116.645],[113,112.7942],[455,125.4716],[47,116.3046],[467,104.0074],[537,120.528],[544,116.407],[97,115.1077],[126,117.2457],[522,112.9333],[550,125.7889],[426,124.016],[549,130.5531],[84,114.4891],[81,113.6044],[543,123.0153],[46,117.0373],[512,123.6661],[520,116.687],[67,114.2141],[99,113.9382],[526,121.3472],[525,120.4551],[29,118.2396],[431,109.434],[52,117.8407],[457,118.1782],[468,108.7653],[28,120.9029],[531,121.4003],[21,119.6848],[497,117.1779],[98,118.2707],[513,113.1756],[429,111.5034],[534,118.8726],[62,118.1074],[58,118.9045],[22,119.6587],[79,115.4515],[343,117.0334],[38,117.8906],[96,119.7172],[533,118.8061],[469,110.1956],[507,114.3878],[53,114.6012],[39,120.4088],[496,112.1203],[501,132.5171],[546,128.4666],[56,122.6519],[110,118.2323],[535,119.1886],[532,123.5856],[17,121.1308],[51,120.9643],[523,121.871],[64,117.3776],[54,118.9291],[482,113.9639],[495,118.477],[83,119.2624],[479,118.2332],[524,116.6591],[484,124.7356],[547,133.6275],[35,119.0558],[511,116.255],[518,124.073],[36,119.6866],[65,116.3797],[70,125.3006],[463,116.8215],[6,122.0086],[24,122.4033],[476,118.1614],[26,123.0015],[503,119.3585],[37,123.6325],[69,119.7455],[59,120.0129],[474,118.1408],[23,124.5872],[15,124.8598],[481,119.9584],[14,120.3723],[477,115.826],[12,122.3857],[498,116.4173],[487,125.9918],[510,123.7854],[454,109.8078],[437,105.174],[49,120.0673],[489,115.85],[450,120.4774],[465,120.9193],[50,123.8228],[5,123.4722],[13,122.8476],[493,124.9403],[44,120.5704],[60,124.6185],[4,125.9319],[545,125.8961],[362,131.8471],[2,128.0351],[7,128.0246],[536,120.7765],[43,120.7597],[436,110.9147],[494,123.8172],[478,124.2988],[10,128.4303],[25,124.9029],[421,121.579],[422,114.6805],[394,124.8181],[3,127.737],[408,129.6524],[409,132.1853],[434,115.9681],[33,118.1298],[19,122.0773],[499,131.4791],[438,114.2622],[32,123.6086],[423,116.7821],[435,117.9667],[34,122.1676],[9,125.318],[447,117.5709],[448,114.325],[66,117.9093],[30,123.7934],[392,113.4051],[18,123.6044],[31,121.9571],[27,129.2789],[8,125.2295],[424,107.8799],[20,125.1545],[353,110.1062],[407,122.1754],[16,132.3742],[475,122.2691],[420,119.4737],[393,117.6352],[1,130.2003],[453,122.8706],[342,107.4951],[406,120.0551],[11,130.333],[418,129.21],[0,128.2624],[444,124.761],[405,118.0136],[462,111.8393],[452,115.0203],[419,112.3011],[488,117.4839],[433,118.2223],[461,116.6407],[449,121.0488],[432,119.1471],[439,113.0188],[458,120.7298]

Finish Times:
[284,47.2807],[299,47.2807],[269,47.72071],[298,47.92072],[314,48.04072],[283,48.24072],[313,48.72073],[297,48.76073],[254,48.92074],[328,49.08074],[312,49.20074],[282,49.36075],[296,49.56075],[311,49.72076],[340,50.00076],[310,50.04076],[253,50.24077],[281,50.24077],[280,50.68078],[326,50.68078],[268,50.88078],[325,51.16079],[295,51.28079],[267,51.7208],[266,51.7608],[309,51.88081],[251,52.32082],[279,52.48082],[351,52.52082],[385,52.56082],[294,53.04083],[265,53.32084],[324,53.52084],[252,53.60085],[278,53.68085],[308,53.96085],[237,54.44086],[236,54.64087],[323,54.72087],[307,55.08088],[361,55.08088],[249,55.32088],[293,55.52089],[341,55.64089],[350,55.68089],[349,55.72089],[292,56.1609],[322,56.28091],[327,56.36091],[222,56.44091],[277,56.68092],[338,56.80092],[263,56.88092],[359,57.04092],[360,57.12093],[262,57.32093],[321,57.64094],[352,57.68094],[248,57.88094],[264,57.88094],[250,57.92094],[348,58.28095],[276,58.48096],[233,58.52096],[337,58.88097],[336,58.96097],[261,59.16097],[247,59.36098],[306,59.60098],[367,59.64098],[232,59.72099],[368,59.88099],[320,60.161],[358,60.281],[246,60.321],[219,60.401],[275,60.521],[291,60.72101],[375,60.92101],[347,61.00101],[245,61.12102],[305,61.44102],[383,61.44102],[206,61.52103],[207,61.68103],[218,61.80103],[374,61.80103],[357,62.04104],[189,62.24104],[335,62.64105],[231,62.72105],[373,62.72105],[197,62.80106],[217,62.84106],[216,63.12106],[334,63.28107],[366,63.44107],[175,63.60107],[204,63.64108],[235,63.72108],[164,64.00108],[260,64.04108],[244,64.28109],[365,64.6011],[221,64.6411],[230,64.6411],[234,64.6411],[390,64.7611],[345,65.00111],[391,65.28111],[229,65.44112],[403,65.44112],[205,65.48112],[356,65.52112],[195,65.80112],[346,66.00113],[381,66.16113],[319,66.20113],[380,66.24113],[174,66.36114],[196,66.36114],[290,66.56114],[333,66.76115],[396,66.96115],[274,67.00115],[190,67.28116],[304,67.32116],[289,67.56116],[389,67.64117],[317,67.68117],[318,67.92117],[364,68.28118],[194,68.40118],[372,68.40118],[182,68.48119],[183,68.52119],[416,68.8812],[379,69.0012],[220,69.0812],[402,69.0812],[259,69.2812],[355,69.60121],[209,69.64121],[430,69.68121],[198,69.72121],[181,69.76122],[258,69.84122],[187,70.24123],[369,70.40123],[371,70.40123],[303,70.56123],[188,70.64124],[150,70.84124],[162,70.96124],[288,71.12125],[445,71.16125],[332,71.44125],[203,71.72126],[273,71.84126],[331,71.84126],[214,71.96127],[228,72.20127],[272,72.44128],[376,72.52128],[243,72.88129],[184,72.92129],[446,72.96129],[202,73.00129],[186,73.4813],[213,73.6013],[460,73.80131],[239,73.96131],[215,74.00131],[199,74.16132],[242,74.16132],[135,74.48132],[185,74.52132],[193,74.80133],[401,74.88133],[415,75.04134],[302,75.36134],[163,75.40134],[178,75.48135],[388,75.76135],[226,75.96136],[329,76.16136],[180,76.24136],[179,76.32137],[257,76.52137],[192,76.72137],[316,76.76138],[191,77.04138],[160,77.12138],[241,77.28139],[414,77.28139],[170,77.60139],[382,77.8014],[172,77.8414],[287,77.8814],[378,78.0414],[161,78.12141],[171,78.24141],[201,78.52142],[227,78.80142],[177,78.88142],[210,79.00143],[134,79.04143],[256,79.24143],[154,79.52144],[270,79.72144],[412,79.80145],[211,79.92145],[370,80.00145],[109,80.04145],[137,80.16145],[344,80.16145],[159,80.44146],[398,80.80147],[133,80.84147],[108,80.92147],[225,81.08147],[399,81.32148],[123,81.56149],[271,81.60149],[200,81.64149],[147,81.96149],[285,82.2415],[397,82.2415],[149,82.3615],[158,82.56151],[117,82.72151],[443,82.80151],[300,83.12152],[223,83.44153],[107,83.48153],[363,83.56153],[136,83.76154],[301,84.12154],[173,84.24155],[472,84.24155],[94,84.28155],[413,84.36155],[122,84.44155],[169,84.68156],[240,85.00156],[112,85.04156],[395,85.20157],[132,85.24157],[404,85.32157],[176,85.52158],[165,85.60158],[208,85.64158],[255,85.84158],[106,85.92159],[315,85.96159],[118,86.28159],[80,86.32159],[212,86.5216],[377,86.5216],[456,86.7216],[121,87.00161],[354,87.08161],[156,87.20161],[119,87.24162],[451,87.48162],[427,87.72163],[103,87.76163],[442,87.76163],[104,87.80163],[102,88.12164],[88,88.40164],[145,88.40164],[155,88.52164],[387,88.52164],[148,88.60165],[101,89.04166],[151,89.20166],[90,89.28166],[386,89.36166],[130,89.64167],[224,90.04168],[120,90.16168],[428,90.24168],[471,90.28168],[146,90.60169],[168,90.8417],[115,91.0017],[506,91.20171],[410,91.52171],[73,91.76172],[492,91.76172],[440,91.88172],[87,92.12173],[473,92.24173],[529,92.32173],[411,92.64174],[330,92.92175],[92,92.96175],[491,92.96175],[286,93.00175],[86,93.28175],[417,93.68176],[152,93.72176],[141,93.80177],[486,93.80177],[105,94.16177],[500,94.36178],[166,94.64178],[485,94.68179],[153,94.76179],[466,94.76179],[78,94.92179],[75,95.2818],[528,95.56181],[77,95.72181],[142,95.72181],[530,95.84181],[127,96.20182],[441,96.24182],[504,96.36182],[63,96.52183],[125,96.72183],[238,96.88184],[505,96.88184],[61,96.96184],[517,97.00184],[76,97.44185],[91,97.72186],[464,97.72186],[139,97.84186],[48,97.96186],[71,98.00186],[490,98.20187],[157,98.36187],[540,98.44187],[554,98.60188],[167,99.04189],[72,99.12189],[551,99.16189],[516,99.4819],[508,99.6019],[144,99.8019],[111,99.96191],[548,100.0019],[85,100.2019],[521,100.6419],[138,100.7619],[470,100.7619],[425,100.8419],[339,101.2819],[514,101.2819],[480,101.3619],[143,101.6419],[539,101.6419],[40,101.882],[502,102.042],[57,102.122],[509,102.442],[553,102.562],[89,102.602],[45,102.682],[116,102.882],[384,102.962],[131,103.202],[527,103.282],[124,103.442],[129,103.642],[542,103.802],[82,104.122],[114,104.122],[519,104.202],[55,104.362],[41,104.602],[68,105.002],[400,105.002],[483,105.002],[538,105.042],[128,105.282],[74,105.322],[515,105.642],[100,105.802],[459,105.922],[140,106.162],[552,106.2421],[93,106.2821],[42,106.4421],[541,106.8421],[95,107.1221],[113,107.2021],[455,107.2421],[47,107.3221],[467,107.6021],[537,107.7221],[544,107.8821],[97,108.0021],[126,108.0421],[522,108.0421],[550,108.4021],[426,108.4821],[549,108.8021],[84,108.8821],[81,108.9221],[543,109.0021],[46,109.0821],[512,109.4421],[520,109.5221],[67,109.7221],[99,109.7621],[526,109.8821],[525,110.0021],[29,110.4421],[431,110.4421],[52,110.5621],[457,110.5621],[468,110.6021],[28,111.0022],[531,111.2822],[21,111.3222],[497,111.3622],[98,111.6022],[513,111.6822],[429,111.9222],[534,111.9222],[62,112.3622],[58,112.4022],[22,112.5222],[79,112.8422],[343,112.9622],[38,113.2022],[96,113.2022],[533,113.2422],[469,113.4422],[507,113.6822],[53,113.8822],[39,113.9622],[496,114.0422],[501,114.1622],[546,114.4022],[56,114.6022],[110,114.6822],[535,114.7222],[532,115.2023],[17,115.2423],[51,115.4023],[523,115.4823],[64,115.7223],[54,115.8823],[482,115.9623],[495,116.1623],[83,116.2823],[479,116.3223],[524,116.7223],[484,116.9623],[547,116.9623],[35,117.3223],[511,117.3223],[518,117.4823],[36,117.5223],[65,117.6423],[70,118.0023],[463,118.1223],[6,118.3223],[24,118.3623],[476,118.6423],[26,118.7623],[503,118.8823],[37,119.1223],[69,119.3223],[59,119.3624],[474,119.4824],[23,119.9624],[15,120.1224],[481,120.1224],[14,120.6424],[477,120.7224],[12,121.1624],[498,121.1624],[487,121.2024],[510,121.2424],[454,121.3224],[437,121.6024],[49,121.8824],[489,121.9224],[450,121.9624],[465,121.9624],[50,122.3624],[5,122.4824],[13,122.5624],[493,122.6424],[44,123.1224],[60,123.2424],[4,123.3224],[545,123.6024],[362,123.8825],[2,124.0425],[7,124.0425],[536,124.1625],[43,124.4425],[436,124.5625],[494,124.8025],[478,124.9225],[10,125.0025],[25,125.2425],[421,125.5225],[422,125.6025],[394,125.9225],[3,126.0825],[408,126.2425],[409,126.5625],[434,126.6025],[33,126.8825],[19,127.0025],[499,127.3225],[438,127.4025],[32,127.5225],[423,127.6425],[435,127.9625],[34,128.2025],[9,128.3225],[447,128.4025],[448,128.6024],[66,128.7224],[30,128.9224],[392,129.2023],[18,129.4023],[31,129.6423],[27,129.8022],[8,130.0022],[424,130.0422],[20,130.6021],[353,130.6021],[407,130.7221],[16,131.362],[475,131.362],[420,131.402],[393,131.9619],[1,132.0019],[453,132.4018],[342,132.6818],[406,132.8417],[11,133.2017],[418,133.5216],[0,133.6416],[444,134.3215],[405,134.3615],[462,134.6014],[452,135.0014],[419,135.0814],[488,135.7612],[433,135.9612],[461,136.0812],[449,136.6011],[432,136.8811],[439,137.6009],[458,138.2808]

Stuck Times:
[284,0],[299,0],[269,0],[298,0],[314,0],[283,0],[313,1],[297,0],[254,0],[328,0],[312,1],[282,0],[296,0],[311,0],[340,0],[310,0],[253,0],[281,0],[280,0],[326,0],[268,2],[325,0],[295,0],[267,0],[266,0],[309,0],[251,2],[279,0],[351,2],[385,0],[294,0],[265,1],[324,1],[252,3],[278,1],[308,0],[237,3],[236,3],[323,0],[307,0],[361,5],[249,3],[293,1],[341,2],[350,3],[349,1],[292,0],[322,0],[327,7],[222,3],[277,3],[338,4],[263,1],[359,2],[360,4],[262,2],[321,3],[352,8],[248,3],[264,3],[250,4],[348,4],[276,1],[233,5],[337,5],[336,4],[261,3],[247,3],[306,6],[367,5],[232,5],[368,6],[320,4],[358,7],[246,3],[219,6],[275,6],[291,6],[375,6],[347,6],[245,5],[305,6],[383,6],[206,5],[207,9],[218,7],[374,6],[357,7],[189,9],[335,7],[231,7],[373,3],[197,11],[217,10],[216,5],[334,8],[366,6],[175,11],[204,11],[235,10],[164,8],[260,9],[244,8],[365,5],[221,12],[230,11],[234,10],[390,10],[345,8],[391,9],[229,10],[403,10],[205,12],[356,10],[195,12],[346,9],[381,6],[319,12],[380,9],[174,12],[196,14],[290,12],[333,13],[396,15],[274,14],[190,14],[304,12],[289,13],[389,12],[317,11],[318,13],[364,12],[194,15],[372,9],[182,16],[183,15],[416,13],[379,12],[220,17],[402,12],[259,14],[355,14],[209,17],[430,15],[198,18],[181,16],[258,14],[187,16],[369,19],[371,14],[303,16],[188,16],[150,15],[162,15],[288,14],[445,15],[332,19],[203,21],[273,18],[331,16],[214,19],[228,21],[272,19],[376,20],[243,19],[184,18],[446,20],[202,20],[186,23],[213,20],[460,18],[239,24],[215,23],[199,22],[242,21],[135,19],[185,22],[193,23],[401,23],[415,23],[302,19],[163,21],[178,23],[388,24],[226,22],[329,27],[180,24],[179,23],[257,20],[192,23],[316,19],[191,22],[160,24],[241,23],[414,22],[170,24],[382,24],[172,28],[287,24],[378,23],[161,24],[171,26],[201,26],[227,22],[177,28],[210,26],[134,24],[256,23],[154,26],[270,22],[412,23],[211,29],[370,29],[109,27],[137,27],[344,26],[159,25],[398,29],[133,27],[108,27],[225,26],[399,29],[123,32],[271,26],[200,29],[147,29],[285,28],[397,25],[149,28],[158,29],[117,29],[443,28],[300,26],[223,31],[107,32],[363,33],[136,32],[301,32],[173,30],[472,28],[94,31],[413,30],[122,32],[169,30],[240,29],[112,33],[395,33],[132,29],[404,29],[176,28],[165,29],[208,31],[255,30],[106,31],[315,33],[118,32],[80,31],[212,28],[377,31],[456,29],[121,34],[354,33],[156,32],[119,35],[451,35],[427,31],[103,36],[442,30],[104,35],[102,36],[88,35],[145,28],[155,34],[387,33],[148,37],[101,35],[151,32],[90,37],[386,29],[130,30],[224,38],[120,38],[428,36],[471,29],[146,34],[168,40],[115,35],[506,39],[410,31],[73,35],[492,39],[440,31],[87,37],[473,38],[529,25],[411,34],[330,36],[92,42],[491,42],[286,38],[86,37],[417,38],[152,39],[141,41],[486,35],[105,44],[500,34],[166,40],[485,27],[153,39],[466,43],[78,42],[75,41],[528,28],[77,44],[142,45],[530,32],[127,42],[441,35],[504,43],[63,47],[125,43],[238,44],[505,43],[61,43],[517,36],[76,48],[91,45],[464,43],[139,41],[48,44],[71,44],[490,42],[157,46],[540,35],[554,30],[167,44],[72,46],[551,33],[516,36],[508,45],[144,48],[111,49],[548,32],[85,39],[521,46],[138,49],[470,43],[425,38],[339,50],[514,32],[480,51],[143,50],[539,30],[40,44],[502,46],[57,47],[509,52],[553,34],[89,48],[45,47],[116,47],[384,52],[131,52],[527,37],[124,47],[129,54],[542,41],[82,52],[114,53],[519,47],[55,50],[41,49],[68,54],[400,53],[483,50],[538,41],[128,53],[74,51],[515,39],[100,49],[459,49],[140,53],[552,43],[93,55],[42,51],[541,49],[95,54],[113,54],[455,44],[47,57],[467,60],[537,51],[544,53],[97,57],[126,52],[522,57],[550,50],[426,49],[549,47],[84,56],[81,56],[543,51],[46,57],[512,48],[520,56],[67,57],[99,56],[526,52],[525,50],[29,58],[431,57],[52,59],[457,55],[468,58],[28,58],[531,57],[21,57],[497,53],[98,60],[513,59],[429,58],[534,58],[62,57],[58,62],[22,58],[79,60],[343,61],[38,61],[96,61],[533,58],[469,66],[507,61],[53,62],[39,63],[496,65],[501,49],[546,55],[56,59],[110,56],[535,63],[532,60],[17,65],[51,63],[523,58],[64,64],[54,60],[482,61],[495,63],[83,65],[479,57],[524,63],[484,55],[547,51],[35,63],[511,67],[518,59],[36,66],[65,67],[70,61],[463,69],[6,67],[24,67],[476,63],[26,64],[503,67],[37,68],[69,68],[59,66],[474,61],[23,67],[15,68],[481,64],[14,69],[477,63],[12,66],[498,67],[487,65],[510,64],[454,73],[437,72],[49,69],[489,67],[450,71],[465,69],[50,70],[5,68],[13,69],[493,70],[44,69],[60,70],[4,69],[545,67],[362,68],[2,67],[7,70],[536,73],[43,73],[436,72],[494,69],[478,72],[10,70],[25,74],[421,61],[422,70],[394,61],[3,73],[408,65],[409,67],[434,75],[33,76],[19,74],[499,66],[438,75],[32,76],[423,67],[435,67],[34,76],[9,78],[447,69],[448,71],[66,76],[30,77],[392,70],[18,75],[31,78],[27,72],[8,76],[424,78],[20,81],[353,71],[407,70],[16,74],[475,70],[420,70],[393,71],[1,81],[453,78],[342,76],[406,73],[11,81],[418,74],[0,83],[444,80],[405,76],[462,83],[452,84],[419,80],[488,82],[433,85],[461,84],[449,83],[432,81],[439,85],[458,85]

