Experiment Name: Custom-ExampleOverflow2
Method Used: RegionalFlowGraph
Run Number: 4
Preparation Time: 47.8564ms
Pathfinding Time: 1.6236ms
Finish Time: 137.161ms
Finish Time 90%: 126.0025ms
Repaths: 0
Soft Repaths: 0

Gates Data:
0:[269,[6.147251,12.28671,0,[32.001,58.01234]]],[284,[6.152368,12.27439,0,[32.001,59.13762]]],[254,[6.174834,12.32644,0,[32.001,56.83089]]],[283,[6.737301,13.44889,0,[32.001,59.20977]]],[298,[7.214342,14.39589,0,[33.001,60.30518]]],[268,[6.721184,13.39956,0,[32.001,58.11465]]],[297,[7.241428,14.42715,0,[32.001,59.86646]]],[282,[7.371861,14.56184,0,[32.001,58.80128]]],[296,[7.827208,15.47793,0,[32.001,59.98975]]],[253,[6.750625,13.44096,0,[32.001,57.00483]]],[267,[7.286998,14.47194,0,[32.001,57.71991]]],[312,[7.858703,15.65886,0,[33.001,60.90702]]],[314,[6.657827,13.31024,0,[33.001,61.58504]]],[299,[6.643181,13.28092,0,[33.001,60.29424]]],[266,[7.856565,15.53832,0,[32.001,57.81187]]],[252,[7.592873,14.55705,0,[32.001,56.77163]]],[281,[7.994616,15.67531,0,[32.001,58.8767]]],[326,[8.36004,16.54862,0,[33.001,61.42836]]],[265,[8.705032,16.68333,0,[32.001,58.6772]]],[295,[8.430833,16.53198,0,[32.001,59.63608]]],[311,[8.778635,16.80757,0,[33.001,60.73143]]],[251,[8.433656,15.75277,0,[32.001,57.74288]]],[280,[9.113647,17.1806,0,[32.001,59.4283]]],[328,[7.273139,14.49999,0,[33.001,62.53917]]],[327,[7.891552,15.46148,0,[33.001,62.03764]]],[310,[9.364052,17.97809,0,[33.001,60.42837]]],[294,[10.08128,18.63673,0,[33.001,60.05978]]],[325,[9.240114,17.59743,0,[33.001,61.51232]]],[250,[9.390416,17.21223,0,[32.001,58.50136]]],[341,[7.839498,15.56639,0,[33.001,63.14785]]],[324,[9.795476,18.71333,0,[33.001,61.19146]]],[239,[6.552343,12.51424,0,[32.001,55.87642]]],[235,[9.080525,16.88112,0,[32.001,57.59333]]],[338,[10.36271,19.16143,0,[33.001,61.03066]]],[264,[9.85321,17.93918,0,[32.001,59.09315]]],[221,[9.882383,17.2274,0,[32.001,57.95701]]],[249,[10.69248,18.50325,0,[32.001,59.57678]]],[340,[8.796253,16.75888,0,[33.001,62.18806]]],[352,[8.413509,16.69689,0,[33.001,62.94072]]],[309,[11.11889,19.17386,0,[33.001,60.68281]]],[234,[10.39971,18.18752,0,[32.001,58.70076]]],[236,[8.185745,15.64709,0,[32.001,56.74809]]],[220,[10.51338,18.35807,0,[32.001,57.606]]],[293,[11.69851,19.74451,0,[33.001,60.30687]]],[351,[9.316655,17.85194,0,[33.001,62.69431]]],[233,[11.22896,19.34357,0,[32.001,59.14942]]],[279,[10.65394,19.42095,0,[33.001,60.05361]]],[207,[11.03382,19.87683,0,[32.001,58.10293]]],[219,[11.68493,19.71278,0,[32.001,58.09431]]],[308,[12.26411,20.37638,0,[33.001,60.27142]]],[323,[11.84198,19.96288,0,[33.001,61.39054]]],[263,[11.79422,18.96343,0,[32.001,59.15382]]],[209,[9.516584,17.19413,0,[32.001,56.87344]]],[278,[12.81754,20.41596,0,[33.001,60.05286]]],[206,[12.23549,20.95732,0,[32.001,57.9289]]],[248,[12.38847,19.4684,0,[32.001,58.98118]]],[313,[7.27951,14.5066,0,[33.001,61.4159]]],[349,[11.24557,20.23777,0,[33.001,61.75417]]],[292,[13.64208,20.97024,0,[33.001,60.98774]]],[190,[11.67002,19.83213,0,[32.001,56.99277]]],[232,[13.02299,20.29706,0,[32.001,58.87926]]],[337,[12.5128,20.34647,0,[33.001,61.30272]]],[262,[12.87138,20.04171,0,[32.001,59.93082]]],[197,[12.78801,20.26633,0,[32.001,57.88382]]],[238,[7.120914,13.49424,0,[32.001,56.08333]]],[339,[9.886952,17.8551,0,[33.001,62.32181]]],[277,[14.10026,21.59753,0,[33.001,60.29071]]],[247,[13.56165,20.57292,0,[32.001,59.21543]]],[368,[11.70968,19.80467,0,[33.001,62.52779]]],[218,[13.88179,20.57305,0,[32.001,58.2631]]],[376,[11.11009,19.28977,0,[33.001,62.84841]]],[307,[14.70829,21.5261,0,[33.001,60.78521]]],[353,[8.134991,15.66619,0,[33.001,64.09328]]],[291,[14.76918,21.11996,0,[32.001,59.51375]]],[261,[14.1232,21.1737,0,[32.001,59.69252]]],[358,[15.32972,21.49984,0,[33.001,61.69605]]],[231,[14.4122,21.31928,0,[32.001,58.70185]]],[222,[8.768556,15.96879,0,[32.001,56.70065]]],[375,[12.93006,20.66927,0,[33.001,62.30503]]],[336,[14.77632,21.46999,0,[33.001,61.99585]]],[321,[15.32585,22.13015,0,[33.001,60.59688]]],[176,[13.35798,20.22757,0,[32.001,57.94293]]],[276,[15.3927,21.68922,0,[32.001,59.52975]]],[290,[15.98001,22.25076,0,[32.001,59.87056]]],[348,[14.17824,21.43979,0,[33.001,61.49938]]],[196,[15.70133,21.59468,0,[32.001,58.58493]]],[198,[11.10898,18.92907,0,[32.001,57.01115]]],[306,[15.90626,22.66046,0,[33.001,60.54592]]],[183,[14.42223,21.21884,0,[32.001,57.59938]]],[335,[16.5116,22.67468,0,[33.001,60.96395]]],[260,[16.24134,22.25636,0,[32.001,58.92187]]],[320,[16.94206,23.05597,0,[32.79497,59.99994]]],[246,[15.02133,21.73982,0,[32.001,58.38449]]],[322,[13.06387,21.01957,0,[33.001,61.06912]]],[230,[16.73038,22.50509,0,[32.001,57.94001]]],[347,[15.88916,22.50738,0,[33.001,61.64182]]],[245,[16.79962,22.94785,0,[32.001,59.02086]]],[237,[7.848698,14.6335,0,[32.001,55.75477]]],[217,[16.16665,21.67935,0,[32.001,57.82931]]],[359,[13.53023,20.51835,0,[33.001,62.0598]]],[346,[17.3399,23.70456,0,[33.001,60.94421]]],[229,[17.31415,23.78837,0,[32.001,58.50166]]],[208,[10.07155,18.38898,0,[32.001,56.90606]]],[204,[17.27461,23.04749,0,[32.001,57.40287]]],[275,[17.19345,22.87434,0,[32.001,59.7938]]],[406,[15.99438,20.50067,0,[33.001,62.83821]]],[366,[16.92677,22.36533,0,[33.001,61.70316]]],[259,[17.73502,23.57828,0,[32.001,59.16843]]],[175,[13.94808,20.76009,0,[32.001,56.98235]]],[305,[18.37729,23.68092,0,[33.001,60.23188]]],[216,[17.86892,23.01165,0,[32.001,58.06213]]],[384,[12.28578,19.66225,0,[33.001,62.31694]]],[382,[14.65898,21.5857,0,[33.001,63.13157]]],[154,[18.36619,21.63195,0,[32.001,57.11051]]],[334,[17.90149,23.83642,0,[33.001,60.86581]]],[244,[18.90032,24.25307,0,[32.001,59.75404]]],[215,[18.36827,24.1903,0,[32.001,59.3167]]],[357,[18.07015,22.84899,0,[33.001,61.91815]]],[409,[15.56637,17.20408,0,[33.001,63.93017]]],[193,[18.93912,24.82197,0,[32.001,58.64724]]],[356,[18.57252,23.99274,0,[33.001,61.36979]]],[203,[18.43549,24.25492,0,[32.001,58.20539]]],[228,[19.4882,24.94492,0,[32.001,59.1615]]],[374,[16.40152,21.93069,0,[33.001,62.0682]]],[205,[15.58089,21.83203,0,[32.001,57.53498]]],[333,[20.43727,25.11362,0,[33.001,60.86558]]],[304,[19.93408,24.89011,0,[33.001,60.23151]]],[345,[19.94394,24.78807,0,[33.001,61.40035]]],[165,[18.92059,22.22668,0,[32.001,57.51918]]],[210,[9.224978,16.1845,0,[32.001,55.9188]]],[393,[15.4426,21.14851,0,[33.001,62.81237]]],[289,[18.92923,24.30184,0,[33.001,60.39688]]],[274,[19.96408,24.01288,0,[32.001,59.76634]]],[177,[12.79535,18.31675,0,[32.001,56.77862]]],[364,[19.09973,24.57923,0,[33.001,61.74933]]],[381,[17.4547,22.56726,0,[33.001,62.14842]]],[164,[20.00522,23.12843,0,[32.001,57.61706]]],[187,[19.47513,23.73564,0,[32.001,58.069]]],[173,[20.58555,23.85252,0,[32.001,58.03049]]],[392,[16.73965,22.15243,0,[33.001,62.97066]]],[288,[21.02341,25.60321,0,[33.001,60.24963]]],[372,[20.66525,24.14164,0,[33.001,61.85801]]],[180,[20.05415,24.76206,0,[32.001,58.69815]]],[319,[19.44298,24.34595,0,[33.001,60.90203]]],[140,[21.12763,22.38151,0,[32.001,56.75644]]],[167,[13.38803,19.4349,0,[32.001,56.83488]]],[243,[20.57456,25.34908,0,[32.001,59.15268]]],[379,[21.21494,25.34686,0,[33.001,61.28388]]],[258,[21.06392,24.92809,0,[32.001,59.99066]]],[395,[11.51318,18.50538,0,[33.001,63.60539]]],[318,[21.81258,25.84935,0,[33.001,60.99849]]],[388,[21.66137,26.71772,0,[33.001,62.03808]]],[138,[22.27491,24.70803,0,[32.001,57.03669]]],[163,[21.15154,24.44562,0,[32.001,57.84526]]],[273,[21.97256,26.19046,0,[32.55156,59.99994]]],[402,[20.16098,24.79537,0,[33.001,62.41656]]],[350,[10.65133,19.10766,0,[33.001,61.98626]]],[172,[21.15653,24.78566,0,[32.001,58.93012]]],[162,[21.73665,25.49082,0,[32.001,57.83756]]],[344,[22.36871,26.44486,0,[33.001,61.19198]]],[184,[12.23019,19.68541,0,[32.001,56.82684]]],[186,[21.73841,25.50483,0,[32.001,58.9312]]],[365,[18.50939,23.17857,0,[33.001,62.69685]]],[151,[22.35157,25.31959,0,[32.001,58.13861]]],[161,[22.30989,26.95076,0,[32.001,59.24006]]],[150,[23.02246,26.71614,0,[32.001,58.96035]]],[394,[12.77601,19.91965,0,[33.001,63.49332]]],[211,[12.47954,16.43327,0,[32.001,55.80277]]],[317,[25.04822,27.73766,0,[33.001,60.50287]]],[137,[22.94211,25.57004,0,[32.001,57.88157]]],[189,[14.99669,20.91769,0,[32.00098,57.1433]]],[136,[23.49478,26.64127,0,[32.001,58.1103]]],[202,[22.78523,26.97305,0,[32.001,59.94875]]],[122,[24.01901,26.41661,0,[32.001,57.60041]]],[178,[23.56538,26.91935,0,[32.001,59.23862]]],[171,[24.07514,26.00414,0,[32.001,58.69561]]],[179,[22.76822,27.64851,0,[33.001,60.39618]]],[354,[24.43312,28.17925,0,[33.001,60.83901]]],[373,[17.89898,22.71105,0,[33.001,62.99674]]],[106,[24.68751,27.55548,0,[32.001,57.24751]]],[303,[23.88458,26.89926,0,[33.001,60.27066]]],[257,[25.57874,27.46632,0,[33.001,60.88442]]],[400,[22.21212,26.76737,0,[33.001,62.26885]]],[430,[26.162,27.27171,0,[33.001,62.05618]]],[121,[24.60704,27.70941,0,[32.001,58.34903]]],[417,[20.65069,23.89026,0,[33.001,63.01274]]],[149,[25.22591,27.42354,0,[32.001,58.95523]]],[214,[24.0659,26.37758,0,[32.001,59.78353]]],[416,[22.15711,24.44529,0,[33.001,63.48165]]],[363,[23.94113,26.23471,0,[33.001,61.4904]]],[355,[22.89833,25.26603,0,[33.001,61.67013]]],[185,[24.72304,26.99705,0,[32.001,59.43913]]],[227,[25.44206,26.42275,0,[32.001,59.93737]]],[125,[23.50089,23.47458,0,[32.001,56.99212]]],[413,[23.43007,28.33137,0,[33.001,62.16631]]],[147,[25.8624,29.78786,0,[32.001,58.9874]]],[378,[25.0595,26.97093,0,[33.001,61.60969]]],[272,[26.07134,26.81705,0,[32.001,59.9758]]],[331,[27.24779,28.21471,0,[33.001,61.17657]]],[160,[26.3853,26.8673,0,[32.001,57.06087]]],[170,[25.73482,26.7691,0,[32.001,57.94492]]],[332,[23.40413,26.29048,0,[33.001,61.05766]]],[370,[25.61403,27.44463,0,[33.00099,62.23278]]],[132,[26.29406,30.26493,0,[32.001,58.16373]]],[287,[26.1306,27.5492,0,[33.001,60.96677]]],[224,[8.525397,14.22239,0,[32.001,55.72715]]],[445,[26.7183,27.47015,0,[33.001,62.22209]]],[367,[14.10181,20.89702,0,[33.001,62.64066]]],[123,[26.94236,26.05244,0,[32.001,57.27822]]],[201,[26.62372,28.00972,0,[32.001,58.99375]]],[286,[27.14879,28.27766,0,[33.001,60.06566]]],[415,[22.72837,25.87563,0,[33.001,62.79512]]],[148,[27.09068,28.25216,0,[32.001,58.33033]]],[213,[27.21082,27.35533,0,[32.001,59.4096]]],[96,[27.51175,25.11441,0,[32.001,56.87619]]],[302,[27.70908,28.06968,0,[33.001,60.54607]]],[390,[19.06325,24.09177,0,[33.001,62.8671]]],[174,[14.53201,21.26915,0,[32.001,56.31513]]],[134,[27.62696,28.08215,0,[32.001,57.93288]]],[159,[27.75087,29.17445,0,[32.001,58.98577]]],[377,[28.2692,29.89166,0,[33.001,61.24967]]],[93,[28.15374,27.21564,0,[32.001,57.46584]]],[116,[28.27491,32.30759,0,[32.001,58.53773]]],[301,[28.25245,28.98607,0,[33.001,60.11524]]],[316,[28.79183,29.01001,0,[33.001,60.72722]]],[191,[11.72786,18.37195,0,[32.001,55.87662]]],[242,[29.35612,28.2711,0,[33.00098,60.24577]]],[371,[24.5319,25.61598,0,[33.001,61.94356]]],[118,[30.9941,30.52081,0,[32.001,58.31474]]],[387,[26.68822,28.55679,0,[33.001,61.10808]]],[315,[29.4767,29.20799,0,[32.001,59.77455]]],[119,[30.46483,29.32106,0,[32.001,57.89394]]],[192,[30.03657,29.38068,0,[32.001,59.81076]]],[195,[16.68909,22.0519,0,[32.001,56.85226]]],[442,[28.77658,31.20003,0,[33.001,61.8894]]],[169,[28.31852,29.35873,0,[32.001,59.62803]]],[117,[30.53454,31.49254,0,[32.001,58.9802]]],[194,[17.81042,23.31242,0,[32.001,56.96392]]],[131,[28.88914,32.06544,0,[32.001,59.05038]]],[389,[21.13844,25.23282,0,[33.001,62.46202]]],[412,[29.87479,31.16966,0,[33.001,60.97808]]],[133,[29.98745,29.30973,0,[32.001,58.73204]]],[156,[15.4934,19.42613,0,[32.001,56.46077]]],[86,[31.52556,35.30989,0,[32.001,58.65446]]],[441,[30.42847,33.41743,0,[33.001,60.9116]]],[471,[31.02723,33.5689,0,[33.001,61.68365]]],[271,[30.87891,28.36844,0,[32.001,59.79213]]],[491,[31.67419,30.68261,0,[33.001,62.06128]]],[463,[31.00479,26.8835,0,[33.001,62.79992]]],[188,[16.10729,21.3533,0,[32.001,56.73773]]],[343,[31.42521,29.03702,0,[32.001,59.73565]]],[398,[27.76298,30.57107,0,[33.001,61.77449]]],[256,[30.9622,28.40902,0,[33.001,60.56901]]],[105,[28.79375,29.6348,0,[32.001,57.98006]]],[466,[30.39623,23.99273,0,[33.001,63.10277]]],[411,[31.51141,32.38261,0,[33.001,60.96687]]],[423,[16.21616,18.1161,0,[33.001,63.86525]]],[459,[30.47017,30.32213,0,[33.001,62.0064]]],[226,[32.54055,28.26275,0,[32.001,59.42002]]],[443,[27.27459,29.68629,0,[33.001,62.29808]]],[410,[32.62078,34.32523,0,[33.001,60.46563]]],[428,[29.86187,30.71621,0,[33.00099,62.23902]]],[426,[33.17555,33.79469,0,[33.001,60.46833]]],[124,[24.22307,24.60753,0,[32.001,56.57846]]],[285,[33.68621,30.22132,0,[33.001,60.0751]]],[429,[24.51167,28.15687,0,[33.001,63.0569]]],[462,[26.71861,25.93189,0,[33.001,63.34039]]],[457,[32.06853,33.27402,0,[33.001,60.73448]]],[386,[34.77301,32.59952,0,[33.001,60.22341]]],[485,[35.29522,36.91338,0,[33.001,60.67076]]],[470,[33.58754,34.89439,0,[33.001,61.26147]]],[158,[31.97146,32.31507,0,[32.001,59.45311]]],[100,[33.27651,36.91162,0,[32.001,58.98635]]],[225,[33.72977,30.4166,0,[32.001,59.88552]]],[489,[35.22458,33.56909,0,[33.001,61.77903]]],[456,[34.11958,34.89995,0,[33.001,60.96371]]],[401,[21.60413,25.39179,0,[33.001,63.1335]]],[166,[13.8917,19.92086,0,[32.001,55.87321]]],[102,[32.09116,32.63434,0,[32.001,58.38169]]],[474,[32.27377,31.10848,0,[33.001,61.77588]]],[70,[34.39816,37.93174,0,[32.001,59.1068]]],[157,[15.0534,17.79863,0,[32.001,55.79073]]],[472,[32.84829,33.25969,0,[33.001,61.46418]]],[101,[32.76464,35.3715,0,[32.001,58.37635]]],[360,[10.37403,19.1243,0,[33.001,62.93902]]],[487,[35.8081,35.41739,0,[33.001,61.48866]]],[103,[34.64342,32.28638,0,[32.001,58.12033]]],[95,[28.67794,25.88126,0,[32.001,56.91339]]],[104,[32.43517,31.12831,0,[32.001,57.48441]]],[425,[36.38998,34.94647,0,[33.001,60.98039]]],[504,[34.04711,33.77605,0,[33.001,62.06892]]],[87,[35.21588,34.69505,0,[32.001,58.64654]]],[199,[10.61929,17.55848,0,[32.001,56.46308]]],[144,[18.3786,18.27343,0,[32.001,55.88945]]],[477,[31.56594,28.19991,0,[33.001,63.14648]]],[71,[33.85058,36.14365,0,[32.001,58.82014]]],[200,[11.11028,16.80305,0,[32.001,55.84714]]],[85,[34.91644,38.44099,0,[32.001,59.57934]]],[108,[29.28534,27.23081,0,[32.001,57.33051]]],[427,[29.32152,31.38778,0,[33.00099,61.40928]]],[212,[35.67546,30.74825,0,[32.001,59.38691]]],[473,[33.28382,31.90952,0,[33.001,62.1694]]],[455,[37.16673,36.96745,0,[33.001,60.37502]]],[50,[33.00333,28.48856,0,[32.001,57.27776]]],[142,[18.85186,20.26098,0,[32.001,56.39511]]],[141,[19.93984,21.61849,0,[32.001,56.54736]]],[73,[35.86609,34.17034,0,[32.001,58.35081]]],[65,[33.57679,27.90113,0,[32.001,56.87622]]],[486,[34.66025,35.03854,0,[33.001,61.30293]]],[500,[36.92921,38.2268,0,[33.001,61.41293]]],[77,[35.2309,30.95282,0,[32.001,57.53558]]],[223,[10.1571,15.26947,0,[32.001,55.80647]]],[40,[37.02612,40.78212,0,[32.001,59.49813]]],[56,[36.44001,38.67468,0,[32.001,59.07542]]],[153,[20.50011,23.26213,0,[32.001,56.95043]]],[241,[35.91081,29.70661,0,[33.001,60.36192]]],[503,[36.39383,34.61961,0,[33.001,62.1281]]],[92,[33.48027,29.21824,0,[32.001,57.96972]]],[255,[36.13868,30.28064,0,[32.001,59.99186]]],[502,[34.6607,33.90857,0,[33.001,62.42088]]],[488,[37.73566,36.02559,0,[33.001,60.66026]]],[509,[36.33778,28.07795,0,[33.001,63.50097]]],[528,[38.74607,40.64727,0,[33.001,60.58562]]],[539,[39.9125,42.08443,0,[33.001,60.42789]]],[128,[19.36022,20.16646,0,[32.001,55.84461]]],[507,[37.98249,30.82288,0,[33.001,62.3033]]],[492,[33.10653,29.20644,0,[33.001,63.30519]]],[517,[37.49739,36.21043,0,[33.001,61.64142]]],[508,[37.47288,29.59523,0,[33.001,62.91191]]],[519,[35.84064,34.04403,0,[33.001,62.64524]]],[145,[37.75256,38.10155,0,[32.06768,59.99998]]],[139,[19.41786,22.99974,0,[32.001,56.97438]]],[48,[37.4367,31.67424,0,[32.001,57.90801]]],[112,[22.86659,22.37916,0,[32.001,56.8075]]],[385,[9.983572,17.72765,0,[33.001,63.76639]]],[330,[38.79842,30.32147,0,[32.12816,59.99995]]],[548,[39.40094,41.4977,0,[33.001,61.13003]]],[240,[38.21474,32.54793,0,[32.001,59.39399]]],[300,[39.9492,32.80185,0,[32.001,59.98281]]],[90,[36.38622,31.2217,0,[32.001,57.96978]]],[521,[38.56046,32.54847,0,[33.001,62.5807]]],[76,[34.06769,31.25182,0,[32.001,57.81474]]],[42,[36.91521,36.34959,0,[32.001,58.39238]]],[431,[25.48164,25.89095,0,[33.001,63.70269]]],[530,[40.6002,41.34645,0,[33.001,61.13074]]],[88,[37.52288,33.6831,0,[32.001,58.98333]]],[63,[38.01632,32.12126,0,[32.001,58.34954]]],[152,[21.69238,24.5763,0,[32.001,56.7493]]],[543,[39.07618,36.28844,0,[33.001,63.04342]]],[397,[41.66592,36.20443,0,[33.001,60.1364]]],[541,[41.15284,40.36532,0,[33.001,61.88632]]],[155,[15.94917,20.05329,0,[32.001,55.67745]]],[59,[39.86966,35.1896,0,[32.001,58.91013]]],[515,[42.72242,42.65743,0,[33.001,60.84292]]],[58,[38.78282,35.9426,0,[32.001,58.90504]]],[75,[39.29048,32.96776,0,[32.001,58.27269]]],[446,[26.11423,25.9454,0,[33.001,63.15434]]],[501,[41.23521,40.2309,0,[33.00099,60.80333]]],[526,[42.50578,38.06403,0,[33.001,61.94416]]],[72,[39.30696,36.45765,0,[32.001,59.38049]]],[113,[21.35891,21.12871,0,[32.001,55.74174]]],[418,[20.12767,22.57969,0,[33.001,63.57685]]],[531,[38.86006,36.48302,0,[33.001,61.68497]]],[46,[38.61377,32.93997,0,[32.001,57.8904]]],[62,[35.75923,31.0931,0,[32.001,57.2173]]],[550,[41.86068,44.5205,0,[33.001,62.07636]]],[47,[39.84887,32.82459,0,[32.001,57.82393]]],[110,[24.72764,24.15562,0,[32.001,55.96864]]],[534,[39.46441,33.01239,0,[33.001,63.88781]]],[129,[20.13263,19.32184,0,[32.001,55.55129]]],[542,[40.53281,39.62066,0,[33.001,62.2118]]],[146,[29.41965,31.7378,0,[32.001,58.62666]]],[126,[22.06073,22.43981,0,[32.001,55.86641]]],[532,[39.45948,36.2884,0,[33.001,62.2578]]],[115,[40.50309,38.20524,0,[32.001,59.76367]]],[107,[25.24976,26.80927,0,[32.001,56.79922]]],[516,[38.22236,37.92665,0,[33.001,61.29389]]],[91,[31.11609,29.06551,0,[32.001,57.20321]]],[380,[19.60818,23.80624,0,[33.00099,62.48448]]],[74,[40.43744,33.63059,0,[32.001,58.67419]]],[529,[39.99168,38.76934,0,[33.001,61.57724]]],[135,[25.1775,26.99829,0,[32.001,57.87708]]],[109,[26.44346,25.52294,0,[32.001,55.93798]]],[130,[41.79092,38.64161,0,[32.001,59.97921]]],[35,[36.84919,31.22019,0,[32.001,57.23555]]],[37,[36.29698,29.61885,0,[32.001,56.87548]]],[127,[20.70322,21.24651,0,[32.001,55.88237]]],[120,[25.81369,27.76996,0,[32.001,56.84804]]],[55,[42.3455,42.17675,0,[32.001,59.50824]]],[546,[43.76344,39.75152,0,[33.001,61.63217]]],[98,[23.85066,22.45916,0,[32.001,55.76796]]],[15,[38.0386,32.14188,0,[32.001,56.14309]]],[440,[43.29684,38.72692,0,[33.001,60.21439]]],[33,[40.39614,33.55573,0,[32.001,57.554]]],[538,[43.51086,41.10922,0,[33.001,62.81483]]],[78,[34.73999,29.73259,0,[32.001,56.97349]]],[483,[44.094,30.59438,0,[33.001,62.83207]]],[30,[43.76882,36.85178,0,[32.00099,58.55009]]],[270,[43.2744,32.56,0,[32.001,59.4444]]],[490,[32.66779,30.9053,0,[33.001,62.60196]]],[540,[42.02159,45.04321,0,[33.001,61.03334]]],[21,[39.76217,34.0397,0,[32.001,56.75671]]],[83,[26.99898,23.8316,0,[32.001,56.15857]]],[481,[45.81414,30.47303,0,[33.001,62.14132]]],[57,[41.09311,38.19918,0,[32.001,58.98112]]],[549,[43.89917,44.79986,0,[32.001,59.60078]]],[114,[22.67306,20.43065,0,[32.001,55.78332]]],[45,[40.94292,33.99775,0,[32.001,57.91966]]],[545,[43.18242,40.65529,0,[33.001,61.5871]]],[533,[39.9579,35.29416,0,[33.001,62.92796]]],[19,[41.53925,34.80563,0,[32.001,57.89558]]],[499,[44.43062,36.91267,0,[33.00099,61.93752]]],[81,[29.26111,25.67419,0,[32.001,56.17603]]],[518,[34.27226,33.55597,0,[33.001,63.20421]]],[552,[41.37789,41.43995,0,[33.001,62.95555]]],[513,[44.55117,42.0144,0,[33.00099,60.87785]]],[1,[41.58919,37.79012,0,[32.001,56.80959]]],[482,[46.30979,28.33304,0,[33.001,63.12989]]],[484,[45.07866,35.69325,0,[33.001,62.1861]]],[61,[42.24346,32.78574,0,[32.001,58.43443]]],[60,[42.90701,33.88099,0,[32.001,58.64079]]],[84,[27.5662,22.8291,0,[32.001,55.75503]]],[67,[29.94273,25.7547,0,[32.001,56.68756]]],[399,[25.0849,28.30949,0,[33.001,62.79967]]],[28,[44.47084,39.18975,0,[32.001,59.05339]]],[522,[38.12423,31.19972,0,[33.001,63.54602]]],[469,[46.60035,34.71927,0,[33.00097,61.74705]]],[68,[28.58673,24.71599,0,[32.001,55.81913]]],[34,[37.99131,32.29732,0,[32.001,57.24777]]],[478,[32.13147,26.9764,0,[33.001,63.04275]]],[498,[44.78748,30.42979,0,[33.001,63.53865]]],[505,[33.70779,32.01336,0,[33.001,62.99809]]],[82,[28.04371,24.70299,0,[32.001,56.38188]]],[32,[42.20668,34.11415,0,[32.00099,57.33537]]],[520,[36.90895,33.21225,0,[33.001,62.62719]]],[544,[40.76469,38.65738,0,[33.001,63.23541]]],[97,[25.86745,23.6191,0,[32.001,55.7448]]],[512,[42.87835,32.93291,0,[33.001,62.87345]]],[444,[28.17633,28.69432,0,[33.001,62.59398]]],[551,[43.92168,45.50945,0,[33.001,60.55256]]],[53,[30.69698,25.91298,0,[32.001,55.75084]]],[80,[30.55402,26.75689,0,[32.001,56.81391]]],[452,[32.00598,22.73438,0,[33.001,64.22536]]],[506,[35.23528,30.97522,0,[33.001,62.96842]]],[99,[25.29417,21.68425,0,[32.001,55.70924]]],[403,[19.57067,23.43084,0,[33.00099,63.84332]]],[527,[45.33978,43.47499,0,[33.00099,61.10873]]],[168,[13.15769,17.64317,0,[32.001,55.84144]]],[480,[34.19646,25.48851,0,[33.001,64.30882]]],[461,[27.54845,27.38098,0,[33.001,63.2742]]],[535,[42.09245,34.46809,0,[33.001,63.09459]]],[537,[46.66542,44.6404,0,[32.00097,58.6413]]],[547,[46.04114,42.54321,0,[32.00098,59.98645]]],[94,[29.79676,27.43217,0,[32.001,57.74182]]],[432,[23.25698,24.88467,0,[33.001,63.19609]]],[17,[42.81481,35.23713,0,[32.001,57.31087]]],[514,[45.04341,40.86607,0,[33.00099,60.0686]]],[41,[41.68496,39.1937,0,[32.001,58.92484]]],[66,[31.3989,26.68566,0,[32.001,56.16999]]],[49,[34.17183,29.12732,0,[32.001,56.75024]]],[451,[47.4433,31.84251,0,[32.00097,59.36592]]],[23,[38.60392,32.34955,0,[32.001,56.79641]]],[458,[29.29506,30.98326,0,[33.001,62.68867]]],[182,[16.643,21.12535,0,[32.001,55.76222]]],[510,[45.47522,30.12906,0,[33.001,63.39139]]],[493,[33.51874,28.09041,0,[33.001,64.09242]]],[181,[17.27121,22.45508,0,[32.001,56.22923]]],[460,[28.72491,28.54511,0,[33.001,63.00036]]],[497,[42.499,28.84079,0,[33.001,63.90722]]],[421,[14.99293,20.56591,0,[33.001,64.11386]]],[22,[39.1616,33.59375,0,[32.001,57.2064]]],[89,[31.68389,30.69864,0,[32.001,57.57951]]],[79,[32.01324,27.97334,0,[32.001,56.67504]]],[25,[35.78747,29.65869,0,[32.001,56.09171]]],[536,[40.18289,35.49918,0,[33.001,64.06871]]],[464,[31.18673,25.27362,0,[33.001,63.97543]]],[404,[18.41332,22.4113,0,[33.001,63.95174]]],[525,[43.26571,35.57409,0,[33.001,63.96995]]],[69,[29.92095,24.08728,0,[32.001,55.61281]]],[54,[32.19652,25.64743,0,[32.001,55.64429]]],[475,[29.80802,29.34991,0,[33.00099,63.60239]]],[52,[32.60812,26.8719,0,[32.001,56.40089]]],[450,[37.00423,23.44882,0,[33.001,63.81479]]],[111,[23.26061,23.01543,0,[32.001,55.96773]]],[51,[33.16044,27.5651,0,[32.001,55.9942]]],[454,[45.97545,29.6909,0,[33.001,60.76762]]],[494,[35.73441,28.34458,0,[33.001,63.90263]]],[16,[45.09395,37.65006,0,[32.001,57.42516]]],[449,[29.25061,24.97445,0,[33.001,64.06812]]],[64,[35.16502,28.67397,0,[32.001,56.17522]]],[39,[33.77377,27.00842,0,[32.001,55.8092]]],[44,[43.86474,35.14022,0,[32.00099,57.32554]]],[11,[43.53268,37.37359,0,[32.001,56.42404]]],[439,[26.19734,18.54668,0,[33.001,64.29958]]],[523,[38.67167,29.51355,0,[33.001,63.96836]]],[38,[34.48027,28.03904,0,[32.001,55.81169]]],[495,[37.58961,26.82284,0,[33.001,64.23789]]],[36,[37.40006,30.10039,0,[32.001,56.82045]]],[434,[23.45734,23.00506,0,[33.001,64.23987]]],[4,[39.92085,34.68043,0,[32.001,55.68225]]],[414,[23.94805,27.40236,0,[33.001,62.69038]]],[6,[37.5251,32.42188,0,[32.001,55.73144]]],[467,[44.06049,25.71946,0,[33.001,64.05311]]],[20,[44.15544,33.14112,0,[32.001,55.98075]]],[18,[44.47069,33.76388,0,[32.001,56.86201]]],[436,[22.66117,21.08201,0,[33.001,64.1293]]],[10,[40.95087,35.68501,0,[32.001,56.81969]]],[12,[42.28316,34.5602,0,[32.001,56.18113]]],[405,[16.78738,21.43559,0,[33.001,64.12561]]],[7,[44.44018,38.06763,0,[32.001,57.97171]]],[433,[21.06775,23.44855,0,[33.001,63.79645]]],[5,[38.62722,33.1122,0,[32.001,55.69254]]],[453,[30.56832,20.12614,0,[33.001,64.1892]]],[468,[46.75448,34.41343,0,[32.08122,59.99977]]],[143,[17.81967,19.5338,0,[32.001,55.85268]]],[13,[40.39309,33.59194,0,[32.001,56.43343]]],[437,[27.14795,20.46974,0,[33.001,64.07188]]],[29,[45.82873,36.1563,0,[32.00098,57.57408]]],[3,[40.93064,36.28959,0,[32.001,55.71836]]],[31,[43.31111,34.47192,0,[32.001,57.8373]]],[435,[28.6019,22.88509,0,[33.001,64.07549]]],[554,[45.84842,46.04815,0,[32.001,58.82861]]],[396,[11.87512,16.93364,0,[33.001,64.44784]]],[24,[36.8741,30.15744,0,[32.001,56.07162]]],[2,[41.63543,36.12559,0,[32.001,55.72036]]],[465,[32.68001,24.6544,0,[33.001,64.0235]]],[553,[45.19509,43.93552,0,[32.001,59.73571]]],[8,[45.02136,35.67338,0,[32.001,56.14161]]],[0,[46.65415,38.91577,0,[32.00095,57.18401]]],[447,[24.77,24.98424,0,[33.001,64.05756]]],[424,[20.56767,17.46368,0,[33.001,64.26019]]],[511,[41.63776,30.11112,0,[33.001,64.09612]]],[524,[40.97001,29.65914,0,[33.001,64.28055]]],[422,[13.27896,19.21749,0,[33.001,64.23924]]],[27,[45.71647,37.29998,0,[32.00099,56.34771]]],[438,[21.6132,19.19205,0,[33.001,64.24113]]],[391,[17.28872,22.76644,0,[33.001,63.31521]]],[361,[9.426905,17.86428,0,[33.00099,63.82682]]],[496,[47.3769,31.13572,0,[33.001,61.31423]]],[419,[18.989,21.79366,0,[33.001,64.0072]]],[342,[7.318555,14.58132,0,[33.001,63.83813]]],[407,[14.00527,20.32482,0,[33.001,63.88677]]],[26,[36.33127,28.71761,0,[32.001,55.76092]]],[420,[17.83976,20.78402,0,[33.001,64.10265]]],[479,[34.85961,26.40765,0,[33.001,63.87115]]],[9,[42.95839,35.33898,0,[32.001,56.15318]]],[476,[28.04249,27.81054,0,[33.001,63.83946]]],[14,[39.23667,33.06316,0,[32.001,56.08176]]],[383,[13.43861,20.44697,0,[33.001,63.14481]]],[43,[45.12354,36.21484,0,[32.001,58.60861]]],[362,[8.826102,16.80419,0,[33.001,63.93757]]],[329,[6.691985,13.37654,0,[33.001,63.02675]]],[369,[10.69535,18.13495,0,[33.001,64.08752]]],[408,[12.19796,18.36544,0,[33.001,63.47792]]]
1:[269,[33.69682,67.3452,0,[87.001,58.85999]]],[284,[33.7129,67.31326,0,[87.001,59.96158]]],[254,[33.91252,67.4913,0,[87.001,57.82851]]],[283,[34.36572,68.4764,0,[87.001,58.9378]]],[298,[34.78633,69.4055,0,[88.001,60.03349]]],[268,[34.55837,68.45924,0,[87.001,57.8641]]],[297,[34.82603,69.45156,0,[87.001,59.71979]]],[282,[35.00389,69.60291,0,[87.001,58.6473]]],[296,[35.41968,70.48732,0,[87.001,59.89485]]],[253,[35.40966,68.82519,0,[87.001,57.80968]]],[267,[35.62874,69.85571,0,[87.001,58.80463]]],[312,[35.42868,70.67381,0,[88.001,60.86968]]],[314,[34.19413,68.33847,0,[88.001,62.20421]]],[299,[34.17963,68.30494,0,[88.001,61.06749]]],[266,[36.25504,70.88305,0,[87.001,58.86734]]],[252,[36.15586,70.09805,0,[87.001,57.78907]]],[281,[35.96915,70.93739,0,[87.001,59.85334]]],[326,[36.08342,71.56627,0,[88.001,60.93721]]],[265,[36.78088,71.79324,0,[87.001,58.11491]]],[295,[36.71394,71.56509,0,[87.001,59.45672]]],[311,[36.97614,71.81804,0,[88.001,60.51539]]],[251,[37.35054,71.1592,0,[87.001,57.86616]]],[280,[37.27151,72.22459,0,[87.001,59.02171]]],[328,[35.03739,69.55787,0,[88.001,62.23065]]],[327,[35.70024,70.48598,0,[88.001,61.94095]]],[310,[37.65348,73.02266,0,[88.001,60.19372]]],[294,[37.80685,72.66388,0,[87.001,59.66759]]],[325,[37.40951,72.6161,0,[88.001,61.29995]]],[250,[37.84956,72.35287,0,[87.001,58.3251]]],[341,[36.86768,70.79067,0,[88.001,62.33789]]],[324,[38.11763,73.73042,0,[88.001,60.83797]]],[239,[38.50167,69.03119,0,[87.001,57.83192]]],[235,[38.40047,72.40485,0,[87.001,58.93336]]],[338,[38.66643,74.24046,0,[88.001,61.15078]]],[264,[38.93116,74.0777,0,[88.001,60.00383]]],[221,[39.12023,72.71276,0,[87.00099,58.1654]]],[249,[39.01277,73.60387,0,[87.00099,59.35159]]],[340,[36.59644,71.81601,0,[88.001,61.36218]]],[352,[37.60634,71.82906,0,[88.001,62.36288]]],[309,[39.8072,74.24416,0,[88.001,60.32989]]],[234,[39.74124,73.46583,0,[87.001,59.69703]]],[236,[39.93932,71.83913,0,[87.001,57.58474]]],[220,[39.74443,73.88087,0,[87.001,58.615]]],[293,[40.46491,74.86771,0,[88.001,60.76768]]],[351,[39.14648,73.57761,0,[88.001,62.17038]]],[233,[40.36246,74.52184,0,[87.00099,59.23888]]],[279,[39.29396,74.53541,0,[88.001,60.9414]]],[207,[40.42479,75.31512,0,[87.00098,58.10732]]],[219,[41.00846,75.0375,0,[87.001,58.79374]]],[308,[41.01225,74.4318,0,[87.001,59.90147]]],[323,[40.99609,75.04354,0,[88.001,60.21613]]],[263,[41.56921,74.21474,0,[87.00098,59.23536]]],[209,[41.04121,72.99,0,[87.001,57.68804]]],[278,[42.20055,75.6675,0,[88.00095,60.29587]]],[206,[41.6219,76.19192,0,[87.00098,58.1105]]],[248,[42.17538,74.62218,0,[87.001,58.95554]]],[313,[34.85817,69.51904,0,[88.001,61.13675]]],[349,[41.01461,75.2962,0,[88.00099,61.32718]]],[292,[42.40726,75.34286,0,[87.24893,59.99987]]],[190,[42.30052,75.34972,0,[87.00099,57.81885]]],[232,[42.76815,75.72046,0,[87.00099,58.59755]]],[337,[41.6955,75.38159,0,[88.001,61.09365]]],[262,[42.96198,75.14117,0,[87.00098,59.60774]]],[197,[43.44403,75.9909,0,[87.001,58.77765]]],[238,[43.20255,70.60364,0,[87.001,57.68912]]],[339,[38.22984,72.87431,0,[88.001,61.97855]]],[277,[43.79993,76.70793,0,[88.001,60.68532]]],[247,[43.58224,75.88034,0,[87.00099,59.87948]]],[368,[41.47952,75.40116,0,[88.00098,62.23656]]],[218,[43.91013,76.02615,0,[87.00099,57.92402]]],[376,[40.81846,74.39606,0,[88.001,62.54135]]],[307,[44.75205,76.59341,0,[88.001,60.4346]]],[353,[39.76739,72.15094,0,[88.00099,61.75925]]],[291,[44.08136,76.33402,0,[87.00099,59.06763]]],[261,[44.32746,77.59612,0,[88.00099,61.34918]]],[358,[45.6734,76.71274,0,[88.001,60.78122]]],[231,[44.75158,76.62753,0,[87.00099,58.71196]]],[222,[44.69969,73.27005,0,[87.00098,57.62117]]],[375,[43.04313,76.20883,0,[88.00099,62.10145]]],[336,[45.04541,76.6167,0,[88.001,61.4273]]],[321,[44.69667,76.24707,0,[87.001,59.91154]]],[176,[45.39322,76.63958,0,[87.00098,57.99595]]],[276,[45.34502,76.79766,0,[87.00095,59.21398]]],[290,[46.29851,77.36777,0,[87.001,59.62069]]],[348,[43.74144,76.52361,0,[88.001,62.10487]]],[196,[46.20065,76.96483,0,[87.001,58.56656]]],[198,[46.13509,75.83181,0,[87.001,57.50191]]],[306,[46.36855,77.79586,0,[88.00096,60.19136]]],[183,[46.94781,77.31774,0,[87.001,57.44262]]],[335,[47.51102,77.7768,0,[88.00097,60.2718]]],[260,[47.06313,77.55277,0,[87.00098,59.36988]]],[320,[47.87498,77.83652,0,[87.48612,59.99994]]],[246,[47.30885,77.36549,0,[87.00098,58.27296]]],[322,[43.08099,76.32175,0,[88.00098,61.00326]]],[230,[47.77147,77.90237,0,[87.001,58.98575]]],[347,[46.92074,77.75356,0,[88.00092,61.26587]]],[245,[48.27156,78.26501,0,[87.00098,59.84555]]],[237,[47.88652,72.53285,0,[87.00098,57.43902]]],[217,[48.3073,77.43659,0,[87.001,58.27796]]],[359,[44.70103,75.79324,0,[88.001,62.47569]]],[346,[48.62987,78.88508,0,[88.001,61.00288]]],[229,[48.75317,79.27333,0,[87.001,59.11788]]],[208,[48.80326,75.78429,0,[87.001,57.45639]]],[204,[49.23393,78.81281,0,[87.00099,58.27794]]],[275,[49.71948,79.32124,0,[88.00099,60.08353]]],[406,[47.30589,76.43378,0,[88.00095,62.42301]]],[366,[47.75689,77.64986,0,[88.00095,61.29671]]],[259,[49.52349,79.03909,0,[87.001,59.3102]]],[175,[49.77404,77.50873,0,[87.00099,57.44336]]],[305,[50.47224,79.04137,0,[88.001,60.30612]]],[216,[49.99639,78.66958,0,[87.00099,58.41811]]],[384,[42.18229,74.78851,0,[88.001,62.14303]]],[382,[45.77691,76.96937,0,[88.001,62.23889]]],[154,[50.60627,77.65671,0,[87.001,57.56676]]],[334,[49.61597,78.99375,0,[88.00099,61.15121]]],[244,[50.29602,79.34776,0,[87.001,59.53569]]],[215,[50.74979,79.39102,0,[87.001,58.63121]]],[357,[48.86244,78.11458,0,[88.001,62.04345]]],[409,[51.12239,74.06043,0,[88.001,60.85995]]],[193,[51.89277,80.09399,0,[87.00098,58.38652]]],[356,[50.45842,79.14798,0,[88.001,61.49525]]],[203,[51.38925,79.6743,0,[87.00092,57.77078]]],[228,[51.38895,80.21905,0,[87.001,59.20852]]],[374,[48.19043,77.1668,0,[88.001,62.51462]]],[205,[52.22221,78.38244,0,[87.001,57.40538]]],[333,[52.22209,79.2505,0,[87.00099,59.30574]]],[304,[51.67963,80.04356,0,[88.001,60.09434]]],[345,[52.63493,80.11188,0,[88.001,60.18161]]],[165,[53.12014,78.11127,0,[87.001,59.22872]]],[210,[52.72934,74.63748,0,[87.001,58.26521]]],[393,[46.23741,76.41786,0,[88.001,61.35261]]],[289,[52.04935,80.03028,0,[88.001,61.10328]]],[274,[53.57628,80.18919,0,[88.001,60.19531]]],[177,[53.31635,75.56001,0,[87.001,57.41753]]],[364,[51.92525,80.0573,0,[88.001,62.58309]]],[381,[50.53553,78.30329,0,[88.001,62.59249]]],[164,[53.68002,79.24453,0,[87.001,58.42635]]],[187,[54.35606,80.61488,0,[88.001,60.58726]]],[173,[53.84965,79.91516,0,[87.00099,59.48613]]],[392,[49.66552,77.74973,0,[88.00098,62.50679]]],[288,[55.12405,80.87832,0,[88.00099,60.59277]]],[372,[53.27134,79.27814,0,[88.00095,61.20538]]],[180,[54.60869,80.42896,0,[87.00095,58.66641]]],[319,[52.67996,80.0378,0,[88.00099,62.05093]]],[140,[54.34075,78.68073,0,[87.00098,57.61558]]],[167,[55.32306,77.38937,0,[87.00098,57.61713]]],[243,[54.59977,80.87595,0,[87.00093,59.77889]]],[379,[54.50447,80.51524,0,[88.001,61.63861]]],[258,[55.36312,80.37093,0,[87.00098,58.71729]]],[395,[51.25238,75.05315,0,[88.00098,61.91276]]],[318,[55.56083,80.3699,0,[87.00095,59.66362]]],[388,[55.94462,82.25409,0,[88.00096,60.50672]]],[138,[56.33828,80.95914,0,[87.001,57.55803]]],[163,[56.07554,80.66065,0,[87.001,58.53484]]],[273,[56.45496,81.01044,0,[87.001,59.51895]]],[402,[55.05316,80.56616,0,[88.001,62.58088]]],[350,[40.35424,74.48083,0,[88.001,61.85734]]],[172,[56.85448,80.57927,0,[87.001,58.57622]]],[162,[56.96812,81.43531,0,[87.001,57.51668]]],[344,[56.8018,82.16771,0,[88.001,60.50058]]],[184,[57.5928,77.84516,0,[87.001,57.50935]]],[186,[57.24588,80.92733,0,[87.001,59.52004]]],[365,[55.46108,79.35618,0,[88.00098,61.56218]]],[151,[57.66465,80.95751,0,[87.001,58.54409]]],[161,[58.49195,83.1824,0,[88.001,60.41216]]],[150,[58.03441,82.11273,0,[87.001,59.48605]]],[394,[55.97334,77.34627,0,[88.001,62.35591]]],[211,[58.29443,75.01128,0,[87.001,57.50603]]],[317,[59.39273,82.98067,0,[88.001,60.39679]]],[137,[58.56335,81.87984,0,[87.001,58.51429]]],[189,[59.04773,79.10097,0,[87.001,57.52662]]],[136,[59.04909,82.6594,0,[87.001,59.42896]]],[202,[57.60038,83.62784,0,[88.001,60.46951]]],[122,[59.39421,82.7432,0,[87.001,58.45758]]],[178,[60.14951,83.18433,0,[88.001,60.24493]]],[171,[59.79147,81.76012,0,[87.00099,59.31704]]],[179,[58.12759,83.71079,0,[88.001,61.41677]]],[354,[60.80623,83.57781,0,[88.00099,60.37307]]],[373,[53.83771,78.96327,0,[88.00099,62.57742]]],[106,[59.74035,83.82463,0,[87.001,57.46558]]],[303,[59.10668,82.16469,0,[88.00098,61.38272]]],[257,[60.52234,81.92905,0,[87.001,59.30502]]],[400,[57.26528,82.75537,0,[88.001,61.4623]]],[430,[61.59863,82.8511,0,[88.001,60.36608]]],[121,[60.13967,83.88112,0,[87.001,58.35213]]],[417,[56.77916,79.84368,0,[88.001,62.57332]]],[149,[60.52903,83.2058,0,[87.001,57.43426]]],[214,[60.91681,81.98708,0,[87.001,58.4202]]],[416,[57.62202,80.44106,0,[88.001,62.46769]]],[363,[61.11104,81.94685,0,[88.001,61.41901]]],[355,[58.6144,81.30524,0,[88.001,62.38264]]],[185,[61.29837,82.37395,0,[87.001,59.42493]]],[227,[62.54297,82.71715,0,[88.00098,60.35029]]],[125,[61.44062,80.70075,0,[87.001,57.55442]]],[413,[59.53257,84.71193,0,[88.001,62.54992]]],[147,[61.80835,85.33921,0,[87.001,58.54915]]],[378,[61.90277,82.58521,0,[88.00099,61.39313]]],[272,[62.16254,82.16842,0,[87.00098,59.51204]]],[331,[63.4833,83.50488,0,[88.00099,60.5081]]],[160,[62.67554,83.21616,0,[87.00098,58.49652]]],[170,[62.28246,82.96954,0,[87.00099,57.56221]]],[332,[60.0593,81.80865,0,[88.00099,61.25882]]],[370,[62.98982,83.63084,0,[88.001,61.43779]]],[132,[63.08564,86.24962,0,[87.001,59.49579]]],[287,[64.50214,82.81979,0,[88.00097,60.33016]]],[224,[63.18736,74.82436,0,[87.00099,57.49892]]],[445,[63.83521,83.12067,0,[88.00099,61.53331]]],[367,[60.40893,77.83345,0,[88.00098,62.32904]]],[123,[63.64772,82.35281,0,[87.001,58.55317]]],[201,[64.08754,83.6338,0,[87.00098,59.50999]]],[286,[65.51318,83.51454,0,[88.00099,60.50482]]],[415,[64.9185,83.39363,0,[88.001,61.46384]]],[148,[64.68296,84.12348,0,[87.00098,58.4803]]],[213,[65.13878,82.84857,0,[87.00099,59.41874]]],[96,[64.20716,81.71826,0,[87.00098,57.58357]]],[302,[65.78142,83.49878,0,[88.00099,61.57279]]],[390,[62.26913,80.64349,0,[88.00098,62.4653]]],[174,[65.24191,80.35983,0,[87.00099,57.48062]]],[134,[65.69002,84.11062,0,[87.00099,58.41475]]],[159,[66.16382,84.99128,0,[87.00099,59.33811]]],[377,[66.39468,85.59476,0,[88.001,60.30141]]],[93,[66.30221,83.72091,0,[87.001,57.43964]]],[116,[66.84986,88.33424,0,[87.00099,58.35605]]],[301,[67.27325,83.41862,0,[87.001,59.3376]]],[316,[67.50963,84.29203,0,[88.00099,60.35231]]],[191,[67.38051,78.62469,0,[87.001,57.44364]]],[242,[68.50623,83.44567,0,[88.001,60.35478]]],[371,[63.25842,81.86923,0,[88.001,62.4862]]],[118,[67.79029,86.35864,0,[87.001,58.45401]]],[387,[64.14012,84.45636,0,[88.001,62.5747]]],[315,[68.19311,84.46997,0,[87.001,59.438]]],[119,[68.65275,85.60315,0,[87.001,58.497]]],[192,[69.35706,85.61026,0,[88.001,60.40705]]],[195,[68.25642,81.08936,0,[87.001,57.50053]]],[442,[66.83537,87.11117,0,[88.001,61.26802]]],[169,[69.02807,84.97942,0,[87.001,59.4659]]],[117,[70.22498,88.03614,0,[88.00099,60.37953]]],[194,[69.09822,82.53436,0,[87.001,57.5532]]],[131,[69.46877,87.8043,0,[87.001,58.51971]]],[389,[56.39685,80.96728,0,[88.00099,61.45072]]],[412,[68.81528,86.53183,0,[88.001,61.32943]]],[133,[69.84831,84.86905,0,[87.001,59.46498]]],[156,[69.8775,79.11302,0,[87.001,57.54601]]],[86,[70.28128,91.61017,0,[87.001,58.48994]]],[441,[69.9007,88.79025,0,[88.001,61.48077]]],[471,[71.02178,89.37987,0,[88.001,60.37322]]],[271,[70.68608,83.89773,0,[87.001,59.44838]]],[491,[71.86874,86.87921,0,[88.001,60.40446]]],[463,[70.64453,82.89319,0,[88.001,61.37589]]],[188,[70.75138,81.27297,0,[87.001,57.53275]]],[343,[71.14915,85.05389,0,[87.001,58.51498]]],[398,[71.41175,88.09447,0,[88.001,61.32835]]],[256,[71.53806,82.85579,0,[87.001,59.47732]]],[105,[71.61666,86.87538,0,[87.001,57.55203]]],[466,[69.16807,80.04081,0,[88.001,62.32502]]],[411,[72.87574,88.09277,0,[88.00098,60.58022]]],[423,[61.36245,75.44991,0,[88.001,62.44199]]],[459,[70.16899,86.20152,0,[88.001,62.53419]]],[443,[65.18256,85.63039,0,[88.001,62.54247]]],[410,[72.44187,88.73778,0,[87.00099,59.57653]]],[428,[68.20967,86.50639,0,[88.001,62.53684]]],[426,[73.93126,89.21631,0,[88.0009,60.13123]]],[124,[72.52992,83.1562,0,[87.00099,57.48255]]],[285,[72.9461,84.48856,0,[87.00099,58.46366]]],[429,[66.31413,84.64369,0,[88.001,62.57281]]],[462,[67.33807,82.60583,0,[88.00099,62.24531]]],[457,[73.64875,88.98857,0,[88.00077,61.26937]]],[386,[73.44476,86.75525,0,[87.00097,59.3619]]],[485,[75.1278,92.11121,0,[88.00096,60.16275]]],[470,[75.0078,90.40149,0,[88.00086,61.52471]]],[158,[73.49377,88.15157,0,[87.00099,57.47624]]],[100,[74.00233,92.557,0,[87.001,58.32145]]],[225,[74.5536,86.06684,0,[87.001,59.23726]]],[489,[75.84713,89.41245,0,[88.001,60.93784]]],[456,[76.37058,90.55715,0,[88.001,60.03622]]],[401,[71.74472,83.09163,0,[88.001,62.44011]]],[166,[74.57917,80.00147,0,[87.001,57.40186]]],[102,[75.16069,88.71053,0,[87.001,58.27412]]],[474,[72.29829,86.93889,0,[88.00099,61.46357]]],[70,[75.88095,93.4632,0,[87.001,59.11865]]],[157,[75.93482,78.68243,0,[87.001,57.40611]]],[472,[75.00616,88.94789,0,[88.001,62.59846]]],[101,[76.61298,91.41605,0,[87.001,58.28511]]],[360,[71.05117,79.07197,0,[88.001,62.30994]]],[487,[77.18745,91.4445,0,[88.001,60.80534]]],[103,[77.39909,88.09523,0,[87.001,59.09024]]],[95,[77.36199,83.8674,0,[87.001,57.4001]]],[104,[78.04064,88.52039,0,[87.00099,58.1792]]],[425,[76.66959,89.30228,0,[87.001,59.96828]]],[504,[75.99841,89.87193,0,[88.001,62.59543]]],[87,[78.07775,90.30412,0,[87.00097,59.94155]]],[199,[78.67039,80.54311,0,[87.001,57.4024]]],[144,[78.60773,79.44328,0,[87.00098,59.1709]]],[477,[76.53219,84.86102,0,[88.001,61.70858]]],[71,[79.36617,93.15219,0,[87.00099,59.85023]]],[200,[79.12649,79.81281,0,[87.001,58.3206]]],[85,[78.49922,95.02426,0,[88.00097,60.95445]]],[108,[79.82506,85.97992,0,[87.00099,58.86344]]],[427,[68.03284,86.918,0,[88.00099,61.44711]]],[212,[80.28479,86.42648,0,[87.001,59.75314]]],[473,[77.44656,89.02297,0,[88.001,62.59609]]],[455,[79.78114,92.56612,0,[88.001,60.71154]]],[50,[80.33191,85.64573,0,[87.00099,57.94593]]],[142,[79.5545,81.92776,0,[87.001,57.40059]]],[141,[81.09489,83.45808,0,[87.001,57.40186]]],[73,[80.79369,90.78262,0,[87.001,58.90627]]],[65,[81.46161,85.27613,0,[87.001,58.30797]]],[486,[79.30148,91.96806,0,[88.001,61.65258]]],[500,[77.96336,94.17952,0,[88.001,61.65097]]],[77,[81.88242,87.66455,0,[87.001,59.19365]]],[223,[81.89111,80.79774,0,[87.001,57.4055]]],[40,[81.28754,96.40554,0,[87.00096,59.89354]]],[56,[82.4489,95.43137,0,[87.001,59.91655]]],[153,[82.33345,85.4606,0,[87.00098,58.21979]]],[241,[80.69189,85.23046,0,[88.001,60.67862]]],[503,[80.85231,91.19793,0,[88.001,62.59765]]],[92,[82.90872,87.02811,0,[87.00099,58.94195]]],[255,[81.54259,87.03333,0,[88.00099,60.62271]]],[502,[79.93472,90.98055,0,[88.001,62.58583]]],[488,[81.30999,92.30059,0,[88.001,61.64614]]],[509,[81.85833,85.21799,0,[88.001,62.59461]]],[528,[82.82303,96.49115,0,[88.001,60.80297]]],[539,[83.30073,96.99826,0,[87.00098,59.78054]]],[128,[82.96705,81.8838,0,[87.001,57.4063]]],[507,[80.29842,87.08699,0,[88.001,61.63449]]],[492,[78.98376,86.54108,0,[88.001,62.59771]]],[517,[82.81725,92.87461,0,[88.001,62.59856]]],[508,[83.89745,86.65202,0,[88.00099,60.64669]]],[519,[83.32108,91.41762,0,[88.001,61.67425]]],[145,[82.31062,94.70987,0,[88.001,61.66569]]],[139,[83.55098,85.83472,0,[87.00099,58.23915]]],[48,[84.00125,88.60918,0,[87.001,59.24135]]],[112,[84.06289,84.73836,0,[87.001,57.40311]]],[385,[83.72931,78.49871,0,[88.001,62.59536]]],[330,[84.65167,85.96622,0,[87.00098,59.94539]]],[548,[85.12216,98.38097,0,[88.001,60.74362]]],[240,[85.19488,88.32284,0,[87.00098,58.97448]]],[300,[85.74797,88.5472,0,[87.00099,59.81059]]],[90,[84.50159,88.20177,0,[87.001,58.30803]]],[521,[84.40543,90.12762,0,[88.001,61.65416]]],[76,[85.01848,89.60767,0,[87.001,57.40474]]],[42,[85.74107,92.77596,0,[87.00098,57.98225]]],[431,[85.0962,83.74178,0,[88.001,62.59301]]],[530,[86.21238,97.34864,0,[88.00099,60.72924]]],[88,[86.27577,89.80052,0,[87.00098,58.91719]]],[63,[86.52316,88.6939,0,[87.001,57.40315]]],[152,[86.92848,86.70625,0,[87.001,58.27611]]],[543,[85.71971,93.74292,0,[88.001,61.66092]]],[397,[86.76823,90.97053,0,[87.00099,59.92102]]],[541,[87.21584,96.67344,0,[88.001,60.82959]]],[155,[87.57744,83.3755,0,[87.001,57.40028]]],[59,[87.49885,91.0145,0,[87.001,59.16925]]],[515,[89.02739,98.36369,0,[88.001,60.10867]]],[58,[88.62085,92.57399,0,[87.001,59.17582]]],[75,[88.13661,89.91763,0,[87.001,58.26729]]],[446,[86.20682,85.82257,0,[88.001,62.58805]]],[501,[88.52012,96.23839,0,[88.001,60.98341]]],[526,[89.55521,94.61713,0,[88.001,60.98283]]],[72,[90.1088,94.14964,0,[88.00098,60.0469]]],[113,[88.65611,83.79813,0,[87.001,57.40099]]],[418,[87.23875,84.37872,0,[88.001,62.59811]]],[531,[86.70611,93.14147,0,[88.001,61.69592]]],[46,[89.67242,90.99959,0,[87.001,59.17898]]],[62,[89.13168,89.02403,0,[87.001,58.27745]]],[550,[90.82403,101.3321,0,[88.001,60.80556]]],[47,[90.39893,90.2004,0,[87.001,59.92609]]],[110,[90.30049,85.89041,0,[87.001,58.26177]]],[534,[87.83863,90.32889,0,[88.001,61.716]]],[129,[89.72482,82.58619,0,[87.001,57.40332]]],[542,[90.28197,97.15197,0,[88.001,61.71732]]],[146,[90.9774,93.00915,0,[87.001,59.08054]]],[126,[91.00719,86.17533,0,[87.001,57.40224]]],[532,[89.73567,94.08303,0,[88.001,62.59833]]],[115,[91.5438,94.80122,0,[87.001,59.96107]]],[107,[91.62868,88.73858,0,[87.001,58.24834]]],[516,[89.02097,95.85932,0,[88.001,61.91808]]],[91,[92.18098,90.55137,0,[87.00099,59.10309]]],[380,[88.39516,83.39799,0,[88.001,62.59929]]],[74,[92.62385,91.10854,0,[87.001,59.96112]]],[529,[90.88118,97.1728,0,[88.001,62.58999]]],[135,[92.69703,90.0538,0,[87.001,58.20483]]],[109,[92.22078,87.2211,0,[87.001,57.40033]]],[130,[92.06692,95.61431,0,[88.001,60.8751]]],[35,[93.12472,90.7793,0,[87.00099,59.08061]]],[37,[93.0984,90.39394,0,[88.00098,60.89344]]],[127,[93.26435,85.64613,0,[87.001,57.4004]]],[120,[93.79276,90.92648,0,[87.001,58.22301]]],[55,[93.62471,98.45953,0,[87.001,59.87146]]],[546,[92.57327,96.25352,0,[88.001,61.79308]]],[98,[94.34633,85.43958,0,[87.001,57.4001]]],[15,[94.24939,91.6432,0,[87.001,59.13235]]],[440,[93.98297,94.88261,0,[88.001,60.723]]],[33,[95.51346,92.27615,0,[87.8507,59.99989]]],[538,[92.02354,98.43398,0,[88.001,62.5909]]],[78,[94.75611,90.92825,0,[87.001,58.28137]]],[483,[93.60481,87.03431,0,[88.001,61.69141]]],[30,[95.23275,93.72227,0,[87.00099,59.14057]]],[270,[95.77073,89.35677,0,[87.00099,59.96165]]],[490,[72.89825,87.1452,0,[88.00098,62.56453]]],[540,[95.03944,102.0952,0,[88.001,60.88832]]],[21,[95.78568,91.78696,0,[87.00099,58.18751]]],[83,[95.24608,88.30629,0,[87.001,57.40022]]],[481,[94.47301,87.01652,0,[88.001,61.66568]]],[57,[96.19337,96.26416,0,[88.00098,60.79425]]],[549,[96.34371,101.3099,0,[87.00099,59.08462]]],[114,[96.47378,85.93685,0,[87.001,57.40124]]],[45,[96.96945,91.79336,0,[87.001,58.26842]]],[545,[97.81934,97.80794,0,[88.001,60.06296]]],[533,[95.68305,95.0851,0,[88.001,61.75695]]],[19,[97.42362,92.60409,0,[87.001,59.13151]]],[499,[97.04807,93.32996,0,[88.00098,60.5934]]],[81,[97.40094,89.92552,0,[87.001,57.40111]]],[518,[94.08975,93.99163,0,[88.001,62.5994]]],[552,[93.19236,99.94323,0,[88.001,62.59809]]],[513,[97.9114,97.59077,0,[87.01742,59.99997]]],[1,[97.848,95.80581,0,[87.001,58.20366]]],[482,[98.28464,85.36039,0,[88.00098,60.85642]]],[484,[96.7007,92.82354,0,[88.00099,61.63224]]],[61,[98.32076,91.04621,0,[87.00099,59.02738]]],[60,[98.77966,91.99271,0,[87.00099,59.86572]]],[84,[98.47942,86.56897,0,[87.001,57.40144]]],[67,[98.9808,88.82915,0,[87.001,58.26065]]],[399,[94.95161,88.69585,0,[88.001,62.58916]]],[28,[99.18433,98.22387,0,[88.00098,60.69208]]],[522,[100.082,94.3682,0,[88.00099,60.50144]]],[469,[98.85261,91.80579,0,[88.00099,61.71582]]],[68,[99.56563,89.41628,0,[87.001,57.40318]]],[34,[99.50173,92.49895,0,[87.001,59.16975]]],[478,[96.27911,87.33646,0,[88.001,62.58898]]],[498,[101.1041,89.47559,0,[88.001,60.09515]]],[505,[99.7085,94.3549,0,[88.00099,61.56045]]],[82,[100.0462,89.66946,0,[87.001,58.28195]]],[32,[100.5655,93.77695,0,[87.001,59.14008]]],[520,[101.7567,95.74326,0,[88.001,60.82472]]],[544,[101.2172,100.0289,0,[87.001,59.91571]]],[97,[100.5582,88.65641,0,[87.001,57.40258]]],[512,[97.69461,92.05363,0,[88.001,61.65987]]],[444,[100.9483,90.67632,0,[88.001,61.38627]]],[551,[101.6931,102.8424,0,[87.001,58.98986]]],[53,[101.0921,91.09996,0,[87.001,58.21225]]],[80,[102.3067,91.05683,0,[87.001,58.12995]]],[452,[102.2757,87.1642,0,[88.001,61.70578]]],[506,[102.7762,95.78746,0,[88.001,60.80611]]],[99,[101.6496,89.33139,0,[87.001,57.40578]]],[403,[98.20524,85.10677,0,[88.001,62.59259]]],[527,[102.2818,100.3199,0,[87.001,59.88461]]],[168,[103.0997,86.18776,0,[87.001,57.40625]]],[480,[103.7003,89.3305,0,[88.001,60.77943]]],[461,[97.19489,88.53752,0,[88.001,62.58085]]],[535,[103.3495,97.1972,0,[87.001,59.90253]]],[537,[102.9027,101.4032,0,[87.001,59.03123]]],[547,[103.9799,100.0549,0,[87.001,59.17121]]],[94,[103.5647,93.47628,0,[87.001,58.25355]]],[432,[101.7575,86.50713,0,[88.001,62.58965]]],[17,[104.4673,94.64986,0,[87.001,58.30467]]],[514,[104.5628,98.85939,0,[88.001,60.75097]]],[41,[105.17,100.1755,0,[88.001,60.10628]]],[66,[104.8438,91.85632,0,[87.001,59.21802]]],[49,[104.1181,94.8352,0,[87.001,57.40226]]],[451,[105.83,90.31553,0,[88.00096,60.7028]]],[23,[105.368,95.64489,0,[87.00095,59.93853]]],[458,[103.2903,94.72268,0,[88.001,61.70905]]],[182,[105.2612,94.91914,0,[87.001,58.34116]]],[510,[106.9075,91.29147,0,[88.00099,60.54161]]],[493,[102.8364,89.0122,0,[88.001,62.59772]]],[181,[105.8589,93.62122,0,[87.00094,58.83617]]],[460,[103.7733,94.80151,0,[88.001,62.59913]]],[497,[105.1657,92.21984,0,[88.00099,61.67747]]],[421,[100.5845,84.82516,0,[88.00098,62.42653]]],[22,[106.409,96.39591,0,[87.00099,59.6498]]],[89,[105.2682,100.3167,0,[87.001,57.40234]]],[79,[106.3315,100.2764,0,[87.00099,57.75453]]],[25,[106.9132,93.72784,0,[87.00099,58.60992]]],[536,[106.4285,100.1022,0,[88.001,61.55908]]],[464,[104.6717,94.1744,0,[88.001,62.59424]]],[404,[99.47874,84.16909,0,[88.001,62.59088]]],[525,[107.3547,99.31486,0,[87.00098,59.46556]]],[69,[107.7696,92.9104,0,[87.00099,58.42094]]],[54,[107.333,96.48186,0,[87.00098,57.5439]]],[475,[107.7779,97.45961,0,[88.001,60.48236]]],[52,[108.2108,91.3194,0,[87.001,59.30128]]],[450,[104.2058,88.77698,0,[88.001,61.68972]]],[111,[108.22,95.94225,0,[87.001,57.43759]]],[51,[108.6346,93.46815,0,[87.001,58.38163]]],[454,[109.4815,89.00005,0,[88.001,60.28355]]],[494,[108.551,96.19722,0,[88.001,60.16692]]],[16,[109.0313,96.94644,0,[87.00099,59.37392]]],[449,[108.6974,95.17236,0,[88.00099,61.14325]]],[64,[109.1005,95.5668,0,[87.001,57.4456]]],[39,[109.6523,98.8529,0,[87.00099,58.39818]]],[44,[110.5233,96.23278,0,[88.001,60.20963]]],[11,[110.1378,99.17655,0,[87.001,59.33558]]],[439,[105.8654,85.11357,0,[88.001,62.59445]]],[448,[107.9252,91.03661,0,[88.001,62.59623]]],[523,[111.4085,99.33163,0,[88.00099,60.16822]]],[38,[110.1964,97.73675,0,[87.001,57.43457]]],[495,[109.7655,95.13083,0,[88.001,61.33076]]],[36,[110.6066,94.82375,0,[87.001,58.38779]]],[434,[108.9244,93.52003,0,[88.00098,62.11983]]],[4,[111.0539,98.47434,0,[87.001,59.31973]]],[414,[106.9966,91.50026,0,[88.001,62.48148]]],[6,[111.0676,100.8921,0,[87.001,57.43722]]],[467,[110.9322,88.70333,0,[88.001,61.15274]]],[20,[111.5098,95.1013,0,[87.001,58.38651]]],[18,[111.9239,94.13883,0,[87.001,59.33842]]],[436,[109.7811,84.97704,0,[88.001,62.59327]]],[10,[112.4968,98.90271,0,[87.001,58.40016]]],[12,[111.9868,97.51527,0,[87.001,57.4353]]],[405,[110.6522,92.8055,0,[88.001,62.16673]]],[7,[112.919,99.03139,0,[87.001,59.38167]]],[433,[111.5023,96.83378,0,[88.001,62.58755]]],[5,[113.0906,98.99253,0,[87.001,57.48886]]],[453,[91.36863,79.22494,0,[88.00099,61.6627]]],[468,[113.1842,94.48374,0,[88.001,60.26348]]],[143,[113.4001,98.2535,0,[87.001,58.46969]]],[13,[112.2157,98.24793,0,[88.001,60.24827]]],[437,[112.3204,82.20927,0,[88.001,62.15522]]],[29,[113.7408,97.38847,0,[87.001,59.4284]]],[3,[113.817,100.7851,0,[87.001,57.53685]]],[31,[114.1816,98.26346,0,[87.001,58.49815]]],[435,[112.6974,94.05647,0,[88.001,61.18127]]],[554,[114.5729,107.5308,0,[87.001,59.42819]]],[396,[113.1344,84.41837,0,[88.001,62.54304]]],[24,[114.6315,96.02176,0,[87.001,57.5732]]],[2,[115.0338,101.0092,0,[87.001,58.48149]]],[465,[114.0457,99.21494,0,[88.001,60.33043]]],[553,[115.4019,103.9888,0,[87.00099,59.39198]]],[8,[115.4744,99.66212,0,[87.00099,57.55637]]],[0,[115.8393,100.4419,0,[87.00098,58.37658]]],[447,[111.819,98.70197,0,[88.001,61.26094]]],[424,[114.021,84.00996,0,[88.001,62.27727]]],[511,[114.8939,99.01212,0,[88.001,60.32004]]],[524,[113.5014,98.40399,0,[88.001,61.3148]]],[422,[116.0947,91.33641,0,[87.00099,59.91585]]],[27,[116.4185,100.3676,0,[87.001,57.71471]]],[438,[116.0139,100.9298,0,[88.00098,60.32866]]],[391,[115.1919,88.76878,0,[88.001,62.51635]]],[361,[116.5574,97.10535,0,[87.00098,58.84904]]],[496,[117.2717,91.70049,0,[87.00098,58.01805]]],[419,[114.4733,97.49724,0,[88.001,61.30308]]],[342,[117.6839,94.98856,0,[88.00097,60.21954]]],[407,[115.6567,101.7433,0,[88.001,61.40408]]],[26,[118.128,97.68961,0,[87.001,58.05936]]],[420,[118.674,92.10094,0,[88.001,60.13103]]],[479,[117.2939,100.84,0,[87.00095,59.33564]]],[9,[118.3788,101.6066,0,[87.00099,59.08116]]],[476,[107.7617,96.06013,0,[88.001,61.55092]]],[14,[119.2908,103.6584,0,[87.001,58.59707]]],[383,[116.9496,92.38401,0,[88.00098,61.19212]]],[43,[118.9208,98.89676,0,[87.00099,59.99178]]],[362,[120.0147,85.31212,0,[87.001,59.62266]]],[329,[120.1245,83.3513,0,[88.00089,61.32595]]],[369,[117.8369,84.45013,0,[88.00099,62.21412]]],[408,[116.536,90.31326,0,[88.00095,62.37278]]]

Travel Distances:
[269,91.93237],[284,91.83225],[254,91.627],[283,93.63696],[298,93.56574],[268,93.04388],[297,93.30757],[282,93.28758],[296,95.23392],[253,93.9043],[267,93.99747],[312,93.56042],[314,91.16864],[299,92.6479],[266,95.64364],[252,95.14672],[281,94.94589],[326,94.35139],[265,95.63457],[295,96.65097],[311,95.55849],[251,95.84357],[280,96.22142],[328,92.98508],[327,93.78297],[310,95.42683],[294,97.64452],[325,96.21925],[250,97.85738],[341,94.47066],[324,97.07003],[239,93.25967],[235,95.90418],[338,98.68384],[264,97.77995],[221,97.63388],[249,97.90524],[340,95.05253],[352,95.00652],[309,96.66574],[234,98.56261],[236,97.40438],[220,98.40482],[293,98.04628],[351,96.96719],[233,97.9141],[279,98.68896],[207,100.5487],[219,99.19714],[308,98.41847],[323,99.33627],[263,99.14384],[209,98.07477],[278,98.72993],[206,100.2153],[248,98.01567],[313,93.38493],[349,99.2019],[292,99.54687],[190,100.1678],[232,99.7517],[337,97.71957],[262,100.187],[197,100.713],[238,96.07305],[339,96.93629],[277,99.84391],[247,99.67527],[368,99.81424],[218,101.8287],[376,98.77447],[307,100.1752],[353,96.43166],[291,101.1566],[261,100.3553],[358,99.10387],[231,102.0303],[222,99.30262],[375,100.464],[336,99.96156],[321,100.321],[176,101.4108],[276,100.7651],[290,102.2656],[348,101.078],[196,101.7384],[198,101.1922],[306,101.5816],[183,101.3635],[335,100.5686],[260,101.2199],[320,101.77],[246,102.2992],[322,100.4649],[230,101.9566],[347,102.1985],[245,103.3486],[237,97.90202],[217,101.9136],[359,99.25232],[346,101.6106],[229,102.8403],[208,101.4829],[204,103.6159],[275,102.754],[406,100.1954],[366,101.0977],[259,102.7885],[175,101.7501],[305,103.285],[216,103.148],[384,99.63001],[382,101.4817],[154,102.4847],[334,102.1704],[244,104.6401],[215,104.954],[357,102.3669],[409,97.60644],[193,103.9506],[356,101.8458],[203,106.0628],[228,105.3306],[374,101.499],[205,103.5119],[333,103.7796],[304,103.2466],[345,102.7451],[165,103.4186],[210,100.6281],[393,101.198],[289,103.4129],[274,103.3914],[177,102.2459],[364,104.5313],[381,102.9546],[164,104.8521],[187,104.5685],[173,104.6663],[392,102.5764],[288,103.6951],[372,102.126],[180,104.0226],[319,103.0575],[140,104.9709],[167,102.4621],[243,105.3959],[379,104.0905],[258,104.5888],[395,98.80319],[318,105.6391],[388,106.4764],[138,106.6831],[163,105.5685],[273,105.2509],[402,104.1436],[350,99.71265],[172,105.8567],[162,107.4555],[344,106.4101],[184,102.563],[186,105.0773],[365,102.7177],[151,104.6466],[161,107.4517],[150,107.0155],[394,100.7891],[211,99.47271],[317,105.9607],[137,105.5618],[189,104.1146],[136,107.0161],[202,107.6562],[122,106.6489],[178,107.613],[171,106.7177],[179,107.219],[354,106.3262],[373,104.4611],[106,109.6855],[303,106.386],[257,106.2418],[400,106.3666],[430,105.3172],[121,108.6491],[417,105.3496],[149,108.6878],[214,107.0091],[416,104.3072],[363,105.5843],[355,104.8334],[185,106.2141],[227,106.7749],[125,107.0151],[413,108.7024],[147,110.5963],[378,106.2876],[272,106.8],[331,106.4439],[160,108.5869],[170,108.9098],[332,106.8453],[370,107.6323],[132,110.6041],[287,105.3695],[224,99.45979],[445,105.921],[367,100.9592],[123,107.9812],[201,108.7101],[286,106.9242],[415,107.0442],[148,108.0046],[213,107.8539],[96,108.0791],[302,107.6203],[390,104.8598],[174,105.567],[134,108.6128],[159,108.4821],[377,108.4679],[93,109.7027],[116,113.3046],[301,107.7562],[316,107.8354],[191,104.4921],[242,107.8184],[371,106.9618],[118,110.9694],[387,107.9383],[315,108.3286],[119,109.144],[192,109.5664],[195,105.5536],[442,110.5704],[169,108.8263],[117,112.2262],[194,107.6106],[131,112.2579],[389,106.4245],[412,109.812],[133,108.6102],[156,104.6152],[86,116.4203],[441,112.7133],[471,112.7932],[271,107.7753],[491,110.9094],[463,107.3716],[188,106.3116],[343,109.4306],[398,111.3662],[256,108.3314],[105,111.9899],[466,104.3517],[411,111.5072],[423,99.64333],[459,112.1034],[226,109.7255],[443,110.4286],[410,113.7533],[428,111.5664],[426,112.1949],[124,109.2616],[285,109.7257],[429,110.0932],[462,108.5982],[457,113.0902],[386,110.8931],[485,114.6354],[470,113.2292],[158,114.4861],[100,117.8417],[225,110.7622],[489,112.8751],[456,113.1308],[401,105.9902],[166,106.0974],[102,114.072],[474,111.3755],[70,117.906],[157,103.3931],[472,112.0037],[101,115.4266],[360,103.2419],[487,114.1474],[103,113.2425],[95,108.7853],[104,112.7571],[425,113.4567],[504,113.3064],[87,113.8628],[199,106.1301],[144,104.36],[477,109.104],[71,116.8739],[200,105.7933],[85,119.2472],[108,110.8993],[427,112.5741],[212,110.7825],[473,111.4993],[455,117.0192],[50,110.865],[142,107.708],[141,107.934],[73,115.0882],[65,108.9455],[486,116.8095],[500,118.2053],[77,112.1692],[223,105.6256],[40,120.2539],[56,120.9346],[153,111.1184],[241,108.6914],[503,114.5173],[92,111.6088],[255,110.3903],[502,114.6322],[488,116.6858],[509,109.1644],[528,120.3147],[539,122.5051],[128,106.0111],[507,110.5636],[492,109.6675],[517,117.5918],[508,110.9993],[519,115.0457],[145,118.3],[139,110.8972],[48,112.1729],[112,108.5743],[385,103.3333],[330,110.8072],[548,122.1573],[240,112.6453],[300,112.1232],[90,112.8919],[521,113.0869],[76,115.0965],[42,117.5368],[431,107.6667],[530,120.868],[88,113.3585],[63,112.9141],[152,112.1033],[543,118.0853],[397,115.3942],[541,119.7363],[155,107.9252],[59,114.7894],[515,122.308],[58,117.0869],[75,114.9864],[446,109.582],[501,119.3785],[526,117.0612],[72,118.5728],[113,109.3998],[418,108.5089],[531,116.9352],[46,115.2683],[62,113.5524],[550,124.3589],[47,114.9624],[110,110.9371],[534,114.2962],[129,107.802],[542,120.1579],[146,116.7515],[126,112.273],[532,118.4058],[115,119.4656],[107,113.7421],[516,119.7955],[91,114.7801],[380,107.9098],[74,114.561],[529,121.8989],[135,115.1877],[109,112.9792],[130,119.6548],[35,114.9988],[37,113.6254],[127,110.1567],[120,114.4288],[55,123.5566],[546,120.7519],[98,109.8227],[15,115.6112],[440,117.7928],[33,116.2541],[538,122.0858],[78,116.2212],[483,110.9002],[30,117.8645],[270,113.0856],[490,114.0817],[540,125.9735],[21,116.3312],[83,113.1221],[481,110.2909],[57,118.6904],[549,124.7734],[114,111.5484],[45,116.4295],[545,121.0615],[533,118.3387],[19,117.9015],[499,117.4193],[81,115.4461],[518,118.3834],[552,124.3798],[513,121.7458],[1,120.1237],[482,109.8266],[484,117.2912],[61,116.1117],[60,116.015],[84,111.3949],[67,112.7726],[399,112.3893],[28,121.2323],[522,118.336],[469,115.8902],[68,114.5266],[34,116.9406],[478,111.1034],[498,112.1449],[505,118.9523],[82,115.3832],[32,118.7962],[520,119.2314],[544,123.9269],[97,112.8899],[512,116.8762],[444,114.8996],[551,127.6266],[53,116.1734],[80,114.7014],[452,109.8718],[506,118.2324],[99,115.0965],[403,109.8831],[527,125.0232],[168,110.7513],[480,112.4797],[461,113.216],[535,120.5717],[537,125.1097],[547,124.6326],[94,118.68],[432,110.4568],[17,118.5248],[514,123.3659],[41,123.9616],[66,116.1464],[49,119.4698],[451,112.9581],[23,120.71],[458,118.7832],[182,120.3559],[510,114.555],[493,113.0592],[181,117.3579],[460,117.3394],[497,114.7118],[421,111.2378],[22,121.2066],[89,126.6066],[79,125.4206],[25,118.045],[536,123.0785],[464,117.1261],[404,108.5269],[525,122.9058],[69,117.9361],[54,122.3568],[475,121.0013],[52,115.6212],[450,112.4898],[111,120.4426],[51,117.2076],[454,113.2956],[494,120.5506],[16,121.2946],[449,118.6861],[64,120.5849],[39,122.8418],[44,118.6356],[11,124.291],[439,109.5422],[448,114.8231],[523,122.4589],[38,122.2176],[495,117.8272],[36,118.5489],[434,118.0308],[4,123.3293],[414,117.1971],[6,125.7783],[467,111.8815],[20,119.1722],[18,117.5111],[436,107.6164],[10,123.6823],[12,122.852],[405,116.5536],[7,122.7048],[433,120.092],[5,124.7787],[453,106.3846],[468,118.098],[143,122.8355],[13,120.9308],[437,105.2995],[29,120.8325],[3,126.7382],[31,123.6352],[435,117.6564],[554,131.7013],[396,107.5138],[24,120.3593],[2,126.32],[465,123.4578],[553,128.4833],[8,124.3848],[0,124.347],[447,122.0598],[424,106.8391],[511,123.3729],[524,121.8081],[422,115.819],[27,125.1152],[438,123.638],[391,111.3997],[361,121.8833],[496,116.8236],[419,120.9466],[342,117.7124],[407,124.9008],[26,123.2364],[420,115.6155],[479,125.4098],[9,126.6719],[476,121.7468],[14,128.5021],[383,115.4976],[43,123.0792],[362,111.1028],[329,107.4221],[369,110.3275],[408,116.969]

Finish Times:
[269,47.2807],[284,47.3607],[254,47.64071],[283,48.00072],[298,48.16072],[268,48.40073],[297,48.72073],[282,48.76073],[296,49.28075],[253,49.32075],[267,49.60075],[312,49.80076],[314,49.92076],[299,50.00076],[266,50.20077],[252,50.44077],[281,50.56078],[326,50.80078],[265,50.84078],[295,51.04079],[311,51.24079],[251,51.6808],[280,51.7208],[328,51.7208],[327,51.7608],[310,51.88081],[294,52.20081],[325,52.36082],[250,52.48082],[341,52.48082],[324,52.52082],[239,52.72083],[235,52.88083],[338,53.04083],[264,53.20084],[221,53.44084],[249,53.52084],[340,53.72085],[352,53.80085],[309,53.92085],[234,54.12086],[236,54.16086],[220,54.56087],[293,54.56087],[351,54.64087],[233,54.92088],[279,55.32088],[207,55.36089],[219,55.60089],[308,55.60089],[323,56.0809],[263,56.1609],[209,56.44091],[278,56.60091],[206,56.76092],[248,56.92092],[313,56.92092],[349,57.28093],[292,57.36093],[190,57.52094],[232,57.64094],[337,57.92094],[262,58.00095],[197,58.32095],[238,58.32095],[339,58.40096],[277,58.52096],[247,58.72096],[368,59.08097],[218,59.16097],[376,59.24097],[307,59.36098],[353,59.36098],[291,59.44098],[261,59.76099],[358,59.92099],[231,60.00099],[222,60.12099],[375,60.12099],[336,60.481],[321,60.521],[176,60.60101],[276,60.76101],[290,61.12102],[348,61.20102],[196,61.24102],[198,61.32102],[306,61.32102],[183,61.76103],[335,61.76103],[260,61.80103],[320,62.36105],[246,62.48105],[322,62.56105],[230,62.64105],[347,62.96106],[245,63.04106],[237,63.24107],[217,63.40107],[359,63.56107],[346,63.72108],[229,63.76108],[208,64.08109],[204,64.24109],[275,64.40109],[406,64.48109],[366,64.6811],[259,64.8811],[175,64.9211],[305,64.96111],[216,65.40112],[384,65.44112],[382,65.48112],[154,65.56112],[334,65.56112],[244,65.96113],[215,66.08113],[357,66.24113],[409,66.36114],[193,66.68114],[356,66.88115],[203,67.00115],[228,67.00115],[374,67.16116],[205,67.28116],[333,67.40116],[304,67.52116],[345,67.76117],[165,68.08118],[210,68.08118],[393,68.24118],[289,68.44118],[274,68.60119],[177,68.9612],[364,69.0012],[381,69.0812],[164,69.1212],[187,69.1212],[173,69.40121],[392,69.64121],[288,69.72121],[372,69.80122],[180,69.84122],[319,69.84122],[140,70.04122],[167,70.32123],[243,70.32123],[379,70.40123],[258,70.56123],[395,70.60123],[318,70.96124],[388,71.00124],[138,71.16125],[163,71.28125],[273,71.48125],[402,71.52126],[350,71.76126],[172,72.00127],[162,72.04127],[344,72.08127],[184,72.52128],[186,72.52128],[365,72.76128],[151,72.88129],[161,72.96129],[150,73.16129],[394,73.6013],[211,73.6413],[317,73.6813],[137,73.84131],[189,74.40132],[136,74.44132],[202,74.44132],[122,74.84133],[178,75.20134],[171,75.24134],[179,75.52135],[354,75.92136],[373,76.00136],[106,76.08136],[303,76.12136],[257,76.48137],[400,76.64137],[430,76.84138],[121,76.88138],[417,76.96138],[149,77.12138],[214,77.12138],[416,77.36139],[363,77.48139],[355,77.60139],[185,77.8014],[227,78.0414],[125,78.12141],[413,78.28141],[147,78.32141],[378,78.32141],[272,78.40141],[331,78.72142],[160,79.08143],[170,79.08143],[332,79.08143],[370,79.24143],[132,79.48144],[287,79.80145],[224,79.84145],[445,79.88145],[367,79.92145],[123,80.00145],[201,80.08145],[286,80.44146],[415,80.44146],[148,80.72147],[213,81.04147],[96,81.08147],[302,81.12148],[390,81.16148],[174,81.24148],[134,81.40148],[159,81.84149],[377,81.88149],[93,81.96149],[116,82.2015],[301,82.44151],[316,82.52151],[191,83.00152],[242,83.00152],[371,83.04152],[118,83.48153],[387,83.56153],[315,83.72153],[119,83.84154],[192,84.16154],[195,84.56155],[442,84.64156],[169,84.72156],[117,85.04156],[194,85.28157],[131,85.40157],[389,85.44157],[412,85.64158],[133,85.72158],[156,86.04159],[86,86.20159],[441,86.4816],[471,86.5216],[271,86.84161],[491,87.20161],[463,87.28162],[188,87.44162],[343,87.52162],[398,87.88163],[256,87.96163],[105,88.36164],[466,88.44164],[411,88.56165],[423,88.56165],[459,88.96165],[226,89.16166],[443,89.16166],[410,89.28166],[428,89.44167],[426,89.64167],[124,90.04168],[285,90.12168],[429,90.12168],[462,90.12168],[457,90.16168],[386,90.56169],[485,90.8017],[470,90.8817],[158,90.9617],[100,91.16171],[225,91.24171],[489,91.36171],[456,91.76172],[401,91.88172],[166,91.96172],[102,92.00172],[474,92.08173],[70,92.36173],[157,92.64174],[472,92.64174],[101,92.72174],[360,92.72174],[487,92.76174],[103,93.04175],[95,93.48176],[104,93.52176],[425,93.56176],[504,93.56176],[87,93.88177],[199,94.12177],[144,94.24178],[477,94.44178],[71,94.80179],[200,95.00179],[85,95.1618],[108,95.2818],[427,95.3218],[212,95.4418],[473,95.92181],[455,95.96181],[50,96.04182],[142,96.12182],[141,96.56183],[73,96.64183],[65,96.76183],[486,96.96184],[500,97.40185],[77,97.44185],[223,97.48185],[40,97.76186],[56,98.00186],[153,98.36187],[241,98.48187],[503,98.56187],[92,98.68188],[255,98.72188],[502,98.76188],[488,99.16189],[509,99.24189],[528,99.36189],[539,99.5219],[128,99.7619],[507,99.8419],[492,99.92191],[517,100.0419],[508,100.1619],[519,100.5219],[145,100.6419],[139,100.6819],[48,100.8419],[112,100.8819],[385,101.0019],[330,101.2019],[548,101.4019],[240,101.5219],[300,101.7619],[90,101.882],[521,101.882],[76,102.082],[42,102.242],[431,102.322],[530,102.482],[88,102.762],[63,102.842],[152,102.962],[543,103.202],[397,103.362],[541,103.562],[155,103.642],[59,103.802],[515,104.122],[58,104.482],[75,104.522],[446,104.562],[501,104.562],[526,104.882],[72,105.002],[113,105.282],[418,105.362],[531,105.362],[46,105.522],[62,105.602],[550,105.642],[47,106.202],[110,106.202],[534,106.3221],[129,106.6821],[542,106.7221],[146,106.7621],[126,106.9621],[532,107.0821],[115,107.2021],[107,107.3621],[516,107.3621],[91,107.5621],[380,107.6421],[74,107.8421],[529,107.9621],[135,108.0821],[109,108.1621],[130,108.2021],[35,108.5221],[37,108.5621],[127,108.6021],[120,108.9221],[55,109.1221],[546,109.2821],[98,109.6021],[15,109.6421],[440,109.7621],[33,110.2821],[538,110.4021],[78,110.4821],[483,110.5221],[30,110.8022],[270,110.8022],[490,110.9622],[540,111.2022],[21,111.4422],[83,111.6822],[481,111.7622],[57,111.9222],[549,111.9222],[114,112.1622],[45,112.4022],[545,112.4822],[533,112.6822],[19,113.0022],[499,113.0822],[81,113.2022],[518,113.4022],[552,113.4422],[513,113.5622],[1,113.7622],[482,114.0022],[484,114.0022],[61,114.2022],[60,114.5622],[84,114.6422],[67,114.6822],[399,114.6822],[28,114.7222],[522,115.1223],[469,115.2423],[68,115.3623],[34,115.5223],[478,115.5623],[498,115.7623],[505,116.0023],[82,116.1623],[32,116.2023],[520,116.3623],[544,116.6823],[97,116.7223],[512,117.0823],[444,117.2023],[551,117.2823],[53,117.6023],[80,117.8023],[452,117.8823],[506,117.9223],[99,118.0023],[403,118.1223],[527,118.3223],[168,118.5223],[480,118.6023],[461,118.8423],[535,118.8823],[537,118.8823],[547,119.3223],[94,119.4424],[432,119.6424],[17,119.7624],[514,119.9624],[41,120.2424],[66,120.5224],[49,120.5624],[451,120.8024],[23,121.2424],[458,121.2424],[182,121.3624],[510,121.4424],[493,121.6824],[181,121.8824],[460,121.9224],[497,121.9224],[421,122.0024],[22,122.2024],[89,122.3624],[79,122.4824],[25,122.6424],[536,122.6424],[464,122.6824],[404,122.7224],[525,122.7624],[69,123.1624],[54,123.2824],[475,123.3224],[52,123.4024],[450,123.5624],[111,123.6824],[51,123.8425],[454,123.9625],[494,124.0825],[16,124.4425],[449,124.4825],[64,124.6025],[39,124.8825],[44,124.8825],[11,125.1225],[439,125.1625],[448,125.5225],[523,125.5225],[38,125.7625],[495,125.7625],[36,125.8425],[434,126.0025],[4,126.1625],[414,126.4025],[6,126.5225],[467,126.5625],[20,126.6425],[18,126.8825],[436,126.9225],[10,127.2825],[12,127.2825],[405,127.4825],[7,127.7625],[433,127.7625],[5,127.9625],[453,128.1225],[468,128.2825],[143,128.3225],[13,128.8024],[437,128.8024],[29,128.8424],[3,129.0424],[31,129.0424],[435,129.4023],[554,129.4823],[396,129.6823],[24,129.8022],[2,130.0022],[465,130.0422],[553,130.2822],[8,130.6421],[0,130.7221],[447,130.7221],[424,130.8821],[511,130.9621],[524,131.442],[422,131.482],[27,131.562],[438,131.8019],[391,131.8819],[361,132.2818],[496,132.3618],[419,132.4418],[342,132.7617],[407,132.8417],[26,133.0017],[420,133.3616],[479,133.4416],[9,134.0415],[476,134.1215],[14,134.2415],[383,134.8014],[43,134.8414],[362,135.0414],[329,135.5213],[369,136.2812],[408,137.161]

Stuck Times:
[269,0],[284,0],[254,0],[283,0],[298,0],[268,0],[297,0],[282,0],[296,0],[253,1],[267,0],[312,0],[314,2],[299,3],[266,0],[252,0],[281,1],[326,0],[265,0],[295,0],[311,0],[251,0],[280,0],[328,3],[327,3],[310,0],[294,0],[325,1],[250,0],[341,3],[324,0],[239,4],[235,0],[338,0],[264,0],[221,0],[249,0],[340,4],[352,3],[309,0],[234,1],[236,4],[220,0],[293,1],[351,3],[233,1],[279,1],[207,1],[219,1],[308,2],[323,2],[263,3],[209,4],[278,1],[206,0],[248,1],[313,9],[349,5],[292,2],[190,2],[232,2],[337,3],[262,3],[197,4],[238,8],[339,8],[277,3],[247,4],[368,6],[218,2],[376,5],[307,5],[353,10],[291,4],[261,5],[358,6],[231,5],[222,8],[375,5],[336,8],[321,4],[176,6],[276,5],[290,5],[348,6],[196,7],[198,7],[306,6],[183,7],[335,7],[260,5],[320,7],[246,8],[322,10],[230,6],[347,8],[245,8],[237,12],[217,10],[359,9],[346,7],[229,8],[208,10],[204,10],[275,10],[406,11],[366,9],[259,10],[175,9],[305,10],[216,10],[384,14],[382,11],[154,11],[334,10],[244,10],[215,10],[357,11],[409,15],[193,10],[356,11],[203,9],[228,12],[374,13],[205,13],[333,12],[304,12],[345,12],[165,16],[210,16],[393,16],[289,12],[274,12],[177,17],[364,15],[381,17],[164,12],[187,17],[173,13],[392,17],[288,14],[372,14],[180,18],[319,15],[140,14],[167,15],[243,14],[379,13],[258,16],[395,19],[318,15],[388,16],[138,18],[163,16],[273,16],[402,19],[350,20],[172,17],[162,19],[344,17],[184,20],[186,18],[365,22],[151,18],[161,19],[150,21],[394,23],[211,23],[317,16],[137,19],[189,20],[136,20],[202,18],[122,20],[178,19],[171,21],[179,19],[354,20],[373,23],[106,21],[303,20],[257,23],[400,25],[430,23],[121,22],[417,24],[149,24],[214,24],[416,25],[363,23],[355,25],[185,24],[227,25],[125,25],[413,23],[147,22],[378,26],[272,24],[331,21],[160,25],[170,27],[332,28],[370,26],[132,21],[287,26],[224,27],[445,27],[367,26],[123,24],[201,28],[286,25],[415,27],[148,28],[213,27],[96,27],[302,23],[390,28],[174,29],[134,27],[159,26],[377,27],[93,29],[116,24],[301,26],[316,25],[191,29],[242,29],[371,30],[118,27],[387,30],[315,26],[119,31],[192,31],[195,29],[442,34],[169,29],[117,31],[194,30],[131,31],[389,32],[412,35],[133,33],[156,32],[86,25],[441,34],[471,32],[271,32],[491,36],[463,37],[188,33],[343,30],[398,34],[256,38],[105,36],[466,41],[411,37],[423,40],[459,38],[226,32],[443,38],[410,38],[428,39],[426,37],[124,33],[285,34],[429,38],[462,41],[457,37],[386,36],[485,31],[470,39],[158,37],[100,34],[225,40],[489,36],[456,39],[401,37],[166,39],[102,40],[474,43],[70,34],[157,41],[472,41],[101,38],[360,38],[487,33],[103,43],[95,41],[104,44],[425,40],[504,37],[87,36],[199,41],[144,45],[477,42],[71,39],[200,42],[85,37],[108,44],[427,45],[212,40],[473,42],[455,40],[50,44],[142,43],[141,43],[73,41],[65,46],[486,43],[500,42],[77,46],[223,46],[40,38],[56,41],[153,43],[241,51],[503,46],[92,48],[255,46],[502,45],[488,49],[509,48],[528,45],[539,38],[128,48],[507,48],[492,47],[517,46],[508,52],[519,51],[145,45],[139,46],[48,49],[112,48],[385,49],[330,52],[548,44],[240,48],[300,48],[90,46],[521,47],[76,51],[42,49],[431,50],[530,42],[88,51],[63,51],[152,49],[543,42],[397,50],[541,45],[155,55],[59,50],[515,46],[58,54],[75,52],[446,52],[501,46],[526,47],[72,53],[113,57],[418,55],[531,52],[46,55],[62,55],[550,43],[47,55],[110,55],[534,55],[129,56],[542,50],[146,55],[126,54],[532,51],[115,54],[107,55],[516,52],[91,55],[380,54],[74,52],[529,52],[135,54],[109,56],[130,53],[35,57],[37,56],[127,56],[120,53],[55,54],[546,54],[98,58],[15,59],[440,58],[33,59],[538,51],[78,56],[483,58],[30,58],[270,60],[490,61],[540,51],[21,59],[83,59],[481,61],[57,61],[549,51],[114,63],[45,60],[545,54],[533,61],[19,60],[499,55],[81,59],[518,64],[552,56],[513,52],[1,62],[482,60],[484,60],[61,61],[60,63],[84,66],[67,61],[399,61],[28,59],[522,60],[469,59],[68,62],[34,60],[478,63],[498,63],[505,64],[82,58],[32,60],[520,62],[544,56],[97,64],[512,66],[444,66],[551,53],[53,62],[80,67],[452,68],[506,63],[99,68],[403,67],[527,55],[168,67],[480,68],[461,67],[535,65],[537,62],[547,61],[94,68],[432,67],[17,70],[514,57],[41,66],[66,69],[49,65],[451,68],[23,66],[458,68],[182,63],[510,71],[493,68],[181,65],[460,70],[497,68],[421,69],[22,69],[89,66],[79,65],[25,71],[536,66],[464,68],[404,71],[525,63],[69,72],[54,69],[475,65],[52,75],[450,73],[111,72],[51,74],[454,73],[494,70],[16,70],[449,68],[64,70],[39,72],[44,72],[11,71],[439,78],[448,73],[523,71],[38,74],[495,75],[36,73],[434,74],[4,72],[414,72],[6,72],[467,79],[20,76],[18,76],[436,75],[10,74],[12,77],[405,69],[7,72],[433,70],[5,75],[453,81],[468,74],[143,77],[13,78],[437,78],[29,75],[3,74],[31,76],[435,77],[554,64],[396,76],[24,79],[2,76],[465,77],[553,68],[8,74],[0,76],[447,77],[424,80],[511,78],[524,78],[422,75],[27,78],[438,79],[391,78],[361,72],[496,82],[419,76],[342,72],[407,78],[26,80],[420,78],[479,75],[9,84],[476,80],[14,79],[383,81],[43,82],[362,81],[329,82],[369,85],[408,83]

