Experiment Name: Starcraft-HellFire-3
Method Used: FlowField
Run Number: 0
Preparation Time: 0.0002ms
Pathfinding Time: 607.5727ms
Finish Time: 271.8644ms
Finish Time 90%: 251.6618ms
Repaths: 0
Soft Repaths: 0

Gates Data:
36:[193,[14.84627,29.67389,0,[445.0008,212.2021]]],[192,[15.61866,31.20693,0,[445.0009,213.3295]]],[175,[14.79565,29.48856,0,[446.0009,210.8315]]],[211,[15.84044,31.67259,0,[445.0009,214.9512]]],[174,[15.60725,30.92782,0,[446.0009,211.6673]]],[173,[15.77964,31.28959,0,[445.0009,212.3212]]],[172,[16.56911,32.59205,0,[445.0009,212.8354]]],[190,[16.89365,33.75372,0,[445.0009,214.4967]]],[208,[17.83563,35.61346,0,[445.0009,216.3034]]],[189,[17.44732,34.81281,0,[445.0009,214.6259]]],[171,[17.16184,33.7982,0,[445.001,213.1911]]],[207,[18.00151,35.8215,0,[445.0009,215.2829]]],[299,[18.39939,36.72649,0,[445.001,216.4295]]],[188,[17.80404,35.30799,0,[445.0009,213.9493]]],[283,[19.08849,37.87892,0,[445.001,215.9136]]],[284,[18.54753,36.79401,0,[445.001,215.4117]]],[156,[15.50153,29.99038,0,[446.0009,210.2597]]],[297,[19.64766,38.66136,0,[445.001,216.3366]]],[269,[18.92815,37.19238,0,[445.001,214.7722]]],[282,[20.14631,38.91348,0,[445.001,215.9666]]],[268,[19.49516,38.28906,0,[445.001,215.225]]],[206,[18.37099,36.27634,0,[445.001,214.2193]]],[187,[18.31792,35.79988,0,[445.001,212.9278]]],[267,[20.00584,38.93527,0,[445.001,214.8942]]],[205,[18.82493,36.97377,0,[445.001,213.644]]],[138,[17.88367,34.54793,0,[446.0009,211.0987]]],[254,[19.43064,37.55518,0,[445.001,214.1156]]],[281,[20.6354,39.89095,0,[445.001,215.5156]]],[155,[16.20552,31.72151,0,[446.0009,211.3882]]],[312,[18.99501,37.61119,0,[444.001,217.0844]]],[266,[20.6159,39.89782,0,[445.001,214.4541]]],[239,[19.54415,37.73009,0,[445.001,213.0926]]],[253,[20.05546,38.25728,0,[445.001,213.8375]]],[296,[20.65757,39.86288,0,[445.001,216.589]]],[186,[18.98357,36.70235,0,[445.001,212.6526]]],[311,[20.00523,39.36171,0,[444.7069,217.0002]]],[252,[21.16777,39.34552,0,[445.001,214.1303]]],[237,[21.69031,39.63942,0,[445.001,213.7861]]],[166,[20.46243,37.88329,0,[445.0009,212.0579]]],[153,[16.80188,32.75572,0,[446.0009,210.423]]],[280,[21.18824,40.93716,0,[445.001,216.3269]]],[150,[18.29517,36.16332,0,[445.6845,212.0003]]],[310,[20.27298,39.66733,0,[444.001,217.5024]]],[250,[21.69713,41.50935,0,[445.001,214.8678]]],[265,[21.16788,40.94917,0,[445.001,215.2292]]],[326,[19.7478,38.53582,0,[444.001,217.9088]]],[294,[21.88568,41.89278,0,[444.9222,217.0002]]],[142,[16.21216,31.05722,0,[446.001,210.1831]]],[298,[18.94663,37.81563,0,[445.001,216.9126]]],[278,[22.41482,43.07497,0,[445.001,216.558]]],[264,[22.22995,42.44904,0,[445.001,215.5569]]],[295,[20.84796,39.9085,0,[444.001,217.2323]]],[167,[19.57141,36.99157,0,[445.001,212.0016]]],[279,[21.70137,42.00343,0,[445.001,215.95]]],[224,[21.16406,39.14592,0,[445.001,212.987]]],[324,[21.49787,40.52264,0,[444.001,217.8756]]],[165,[21.70909,39.34325,0,[445.001,212.7017]]],[185,[20.07199,38.13999,0,[445.001,212.7656]]],[236,[22.8471,41.20839,0,[445.0009,214.5342]]],[147,[21.65977,39.14565,0,[445.8626,212.0002]]],[249,[22.79432,42.99525,0,[445.0009,215.5449]]],[223,[22.37359,40.13462,0,[445.001,213.519]]],[154,[16.83175,32.88567,0,[446.0009,211.9502]]],[263,[22.99488,43.65927,0,[445.0009,216.6772]]],[204,[23.24932,41.0103,0,[445.0009,213.8212]]],[235,[23.55056,42.17398,0,[445.001,215.0237]]],[261,[24.66677,45.35814,0,[445.001,216.0836]]],[277,[25.10343,44.67215,0,[445.001,216.8206]]],[313,[18.4117,36.75487,0,[444.001,217.7572]]],[222,[24.00627,41.99177,0,[445.001,214.362]]],[234,[24.54125,43.4961,0,[445.001,215.0683]]],[169,[17.74422,35.2033,0,[445.0009,212.8239]]],[251,[22.23469,40.64357,0,[445.001,214.492]]],[132,[23.75264,40.43616,0,[445.0009,213.2663]]],[328,[18.71612,36.69846,0,[444.001,218.7716]]],[247,[24.04934,45.02198,0,[445.001,215.9794]]],[233,[25.23173,44.3646,0,[445.001,215.7042]]],[327,[19.16411,37.52086,0,[444.001,218.1689]]],[248,[23.39654,44.0795,0,[445.001,215.9579]]],[203,[25.15542,42.94262,0,[445.001,214.6354]]],[184,[25.89411,43.44836,0,[445.001,214.5977]]],[292,[23.68246,44.01771,0,[445.001,216.9112]]],[291,[24.85375,44.26046,0,[444.001,217.6923]]],[290,[26.41335,45.94862,0,[445.001,216.5117]]],[219,[27.17291,45.31462,0,[445.001,215.4022]]],[130,[26.6257,43.489,0,[445.001,214.4968]]],[131,[25.10357,41.53158,0,[445.0009,213.5856]]],[246,[25.89339,45.91732,0,[445.001,215.6392]]],[107,[22.72253,37.25082,0,[446.001,210.9219]]],[120,[22.06604,38.35606,0,[446.0009,211.1693]]],[202,[27.33888,43.52975,0,[445.0009,214.4698]]],[221,[26.52404,43.41336,0,[445.001,215.5036]]],[146,[22.66928,39.69864,0,[445.001,212.6005]]],[322,[23.33149,42.55185,0,[444.001,217.8139]]],[118,[24.41984,40.28799,0,[445.0009,212.6715]]],[170,[17.46726,34.1228,0,[445.3562,212.0003]]],[329,[17.83043,35.64527,0,[444.001,218.407]]],[218,[28.07835,46.1497,0,[445.0009,214.6009]]],[217,[29.48895,47.29176,0,[445.0009,215.6659]]],[339,[21.42466,39.64949,0,[444.001,219.2045]]],[209,[17.3387,34.64556,0,[444.8045,217.0006]]],[307,[24.07151,43.06282,0,[444.001,217.8214]]],[220,[27.87296,44.61393,0,[445.0009,215.5222]]],[262,[24.32139,45.06371,0,[445.001,216.9807]]],[102,[26.73957,42.19459,0,[445.001,213.4929]]],[201,[27.50003,44.45049,0,[445.0009,213.5272]]],[260,[25.78336,46.59166,0,[445.001,216.6261]]],[238,[20.63657,38.71656,0,[445.001,213.3855]]],[309,[22.11021,40.93276,0,[444.001,217.5091]]],[149,[19.52922,37.46483,0,[446.001,211.7384]]],[119,[23.37229,39.14441,0,[445.001,212.2006]]],[198,[28.93927,47.47931,0,[445.0009,214.6606]]],[227,[30.64586,51.24596,0,[445.001,216.3322]]],[133,[22.40108,39.23307,0,[445.6242,212.0004]]],[104,[24.71453,40.24425,0,[446.0009,211.9789]]],[274,[27.02946,47.12677,0,[445.001,216.3726]]],[336,[24.52939,42.8855,0,[444.001,218.6748]]],[306,[25.31732,44.35873,0,[444.001,218.5377]]],[89,[26.09583,40.67973,0,[445.001,212.5822]]],[183,[28.2645,44.17453,0,[445.0009,213.6556]]],[90,[25.36097,40.20414,0,[445.9274,212.0004]]],[320,[26.07557,44.73742,0,[444.001,218.2109]]],[197,[29.62526,48.21449,0,[445.0009,214.7151]]],[229,[31.0106,48.71147,0,[445.001,215.5219]]],[244,[30.03922,48.52167,0,[445.001,216.5893]]],[259,[27.63258,47.37783,0,[445.0009,216.372]]],[276,[25.56473,44.65934,0,[444.001,217.3871]]],[134,[21.1744,38.24483,0,[446.001,211.3071]]],[123,[18.7159,35.09679,0,[446.001,209.8772]]],[275,[26.91666,45.52974,0,[444.001,217.0315]]],[289,[26.7894,46.50168,0,[444.001,218.0267]]],[243,[29.30275,48.85365,0,[444.001,217.4528]]],[136,[19.04394,36.3859,0,[446.001,210.8858]]],[305,[26.28868,45.10799,0,[444.001,217.2328]]],[216,[30.15114,48.39698,0,[445.001,215.5816]]],[341,[19.7613,37.53223,0,[444.001,218.9898]]],[215,[30.45388,48.95481,0,[445.001,214.7017]]],[145,[24.43279,41.82376,0,[445.0009,213.7471]]],[116,[27.66506,42.67162,0,[445.0009,212.5802]]],[200,[29.09003,44.97906,0,[445.0009,213.7214]]],[180,[29.95753,47.11481,0,[445.0009,212.8784]]],[232,[28.63588,46.03091,0,[445.0009,216.5304]]],[199,[29.85151,46.53025,0,[445.0009,213.8713]]],[76,[26.09255,39.94419,0,[446.0009,211.807]]],[164,[28.43803,44.33694,0,[445.0009,212.7168]]],[179,[31.28919,48.9416,0,[445.001,213.4397]]],[228,[31.71563,50.22684,0,[445.001,215.321]]],[88,[26.91134,41.6734,0,[445.001,212.507]]],[195,[31.85001,51.31046,0,[445.001,214.3262]]],[196,[34.2479,52.64948,0,[445.001,216.7604]]],[159,[33.68147,55.58546,0,[445.001,215.9922]]],[256,[31.20002,51.24409,0,[445.001,216.9386]]],[178,[31.17174,49.95196,0,[445.001,214.4903]]],[115,[29.65536,43.94369,0,[445.358,212.0004]]],[40,[34.38541,53.61668,0,[445.001,215.7996]]],[158,[33.14574,54.85537,0,[445.001,215.151]]],[242,[29.96504,50.15061,0,[444.001,217.2356]]],[213,[33.00563,53.14404,0,[445.001,216.1663]]],[226,[31.58121,52.41249,0,[445.0009,216.3053]]],[337,[23.67876,41.7795,0,[444.001,218.7285]]],[103,[25.29012,40.64532,0,[445.001,212.6159]]],[177,[30.58402,50.98352,0,[445.001,213.6886]]],[319,[27.3837,46.01654,0,[444.001,218.593]]],[293,[22.66739,42.0071,0,[444.0009,217.4253]]],[161,[35.63749,55.23458,0,[445.001,216.657]]],[194,[34.88935,55.775,0,[445.001,216.757]]],[163,[33.30354,49.80819,0,[445.001,214.14]]],[258,[28.01622,48.41536,0,[444.7092,217.0003]]],[212,[32.28253,53.98221,0,[445.0009,216.2111]]],[240,[32.50203,53.20879,0,[444.4508,217.0003]]],[241,[31.72567,51.54549,0,[444.3673,217.0002]]],[245,[28.43668,46.42618,0,[444.0009,217.1278]]],[55,[33.8402,51.17147,0,[445.001,214.9838]]],[117,[26.06222,41.63895,0,[445.001,213.6191]]],[325,[20.94931,39.48349,0,[444.001,218.3636]]],[56,[33.47406,48.64453,0,[445.001,213.1339]]],[162,[32.0163,48.28658,0,[445.0009,213.3394]]],[7,[35.15948,55.60139,0,[445.001,215.8762]]],[181,[30.67797,45.84087,0,[445.001,212.6597]]],[31,[35.8511,49.95389,0,[445.001,215.6776]]],[214,[32.42666,51.04415,0,[445.0009,215.2417]]],[315,[34.73827,52.78242,0,[444.001,217.5139]]],[318,[31.4972,47.25196,0,[444.001,218.6205]]],[85,[32.74434,46.85938,0,[445.001,213.2663]]],[16,[34.63029,52.95407,0,[445.0009,214.9109]]],[225,[33.54518,54.42841,0,[445.001,216.9936]]],[70,[34.0041,49.15897,0,[445.0009,213.9772]]],[29,[37.03503,53.08431,0,[445.001,216.5142]]],[353,[19.24577,37.37942,0,[444.001,219.4439]]],[301,[33.47389,50.5191,0,[444.001,217.607]]],[19,[36.21743,49.93724,0,[445.001,214.8028]]],[57,[34.76891,47.2146,0,[445.001,213.916]]],[41,[35.33474,51.29117,0,[445.001,214.8987]]],[182,[29.27933,45.34441,0,[445.0009,212.8214]]],[2,[37.5915,54.15184,0,[445.001,214.6761]]],[4,[37.34025,55.46904,0,[445.001,215.6307]]],[1,[36.91797,56.37254,0,[445.001,214.6424]]],[53,[38.73506,49.85312,0,[445.001,215.5608]]],[17,[36.6421,53.66309,0,[445.001,215.621]]],[44,[35.63919,47.65207,0,[445.001,214.0551]]],[43,[36.15961,51.1631,0,[444.001,217.3595]]],[26,[40.25851,49.72527,0,[445.001,215.2146]]],[60,[30.27253,42.41981,0,[446.001,211.2828]]],[20,[35.86109,47.23849,0,[445.001,213.0996]]],[8,[40.12753,57.49174,0,[445.001,216.3731]]],[67,[37.78649,44.29227,0,[445.0009,213.4713]]],[84,[40.98361,48.35553,0,[445.001,216.0996]]],[39,[39.0671,52.00507,0,[445.001,214.6857]]],[342,[18.36114,36.63816,0,[444.001,219.5174]]],[113,[40.31964,41.8832,0,[445.001,214.1198]]],[75,[27.02772,41.00785,0,[446.0009,211.848]]],[351,[22.22872,39.57207,0,[444.001,219.5773]]],[114,[39.49611,44.12861,0,[445.0009,214.0066]]],[9,[37.21783,51.84724,0,[445.001,213.7371]]],[273,[28.93242,47.98765,0,[444.0009,218.2688]]],[30,[36.33063,51.61312,0,[445.001,216.5427]]],[54,[39.58025,52.14716,0,[445.001,215.5258]]],[129,[41.57442,46.81859,0,[445.0009,214.3155]]],[331,[35.15142,49.39299,0,[444.001,218.4642]]],[96,[39.69558,39.46022,0,[445.0009,213.0557]]],[15,[37.41046,48.40405,0,[445.0009,212.3004]]],[13,[38.23373,49.93295,0,[445.001,214.6056]]],[3,[41.74989,57.52675,0,[445.001,215.8762]]],[99,[41.06801,47.8527,0,[445.001,214.9292]]],[143,[41.58348,41.59889,0,[445.0008,212.9894]]],[10,[36.47095,49.82679,0,[445.001,213.7728]]],[68,[38.50866,46.05676,0,[445.0009,213.7219]]],[59,[30.26108,43.47355,0,[445.2416,212.0003]]],[124,[31.94232,35.68466,0,[446.001,209.6814]]],[98,[38.82254,39.97414,0,[445.0009,212.8537]]],[69,[42.38709,50.95901,0,[445.001,214.7323]]],[144,[40.73496,43.03031,0,[445.0009,213.3432]]],[51,[40.07761,40.4326,0,[445.0009,212.2296]]],[112,[42.12688,41.41964,0,[446.0009,211.9658]]],[33,[35.14574,45.78216,0,[445.001,213.1144]]],[28,[42.67781,57.06557,0,[445.001,216.1348]]],[128,[41.22085,38.48565,0,[445.7872,212.0006]]],[127,[41.65035,33.22649,0,[446.001,210.578]]],[141,[37.18105,32.21743,0,[446.001,209.6194]]],[285,[34.33018,51.29618,0,[444.001,218.6118]]],[97,[40.30171,38.22866,0,[446.0009,211.41]]],[303,[29.95656,47.53275,0,[444.001,218.2771]]],[344,[42.00465,50.84508,0,[444.001,218.7585]]],[79,[27.51452,36.89878,0,[446.0009,209.5419]]],[257,[30.51353,49.28731,0,[444.001,217.75]]],[126,[38.70046,34.65805,0,[446.0009,209.8502]]],[12,[36.10982,46.40057,0,[445.0009,212.1879]]],[0,[37.79028,57.50964,0,[445.001,216.5793]]],[345,[39.72025,48.51826,0,[444.001,219.2712]]],[65,[38.62224,40.12692,0,[446.0009,210.9003]]],[255,[32.79141,51.91068,0,[444.001,217.8287]]],[362,[42.43875,46.61437,0,[444.001,217.5703]]],[14,[36.58571,44.63473,0,[446.0009,211.4416]]],[152,[17.30989,34.20071,0,[446.0009,211.3208]]],[82,[38.3761,40.94788,0,[446.0009,211.8053]]],[83,[38.14063,42.62419,0,[445.0009,212.5767]]],[354,[38.05312,49.81743,0,[444.001,218.2813]]],[369,[42.13205,48.71847,0,[444.8378,217.0003]]],[139,[18.05438,33.02773,0,[446.001,209.9464]]],[349,[25.98996,41.94989,0,[444.001,219.3029]]],[21,[35.34583,45.98746,0,[445.001,212.1065]]],[22,[34.53869,44.93149,0,[445.0009,212.3097]]],[38,[37.54572,45.78364,0,[446.001,211.5158]]],[106,[22.65644,37.21169,0,[446.001,209.7054]]],[358,[40.85053,47.74907,0,[444.001,219.107]]],[52,[39.40484,42.70925,0,[445.3089,212.0004]]],[5,[38.04328,55.8389,0,[445.0009,215.5776]]],[50,[40.84769,40.73282,0,[446.0009,210.6136]]],[364,[38.62449,50.31024,0,[444.001,219.3425]]],[365,[40.02876,51.05791,0,[444.001,217.062]]],[168,[18.846,36.5184,0,[445.6749,212.0002]]],[23,[35.6435,44.53873,0,[446.001,211.1691]]],[11,[36.84164,48.82446,0,[445.001,212.7808]]],[80,[26.52786,35.83267,0,[446.0009,209.8398]]],[95,[36.93811,36.96046,0,[446.001,210.6037]]],[34,[33.93289,43.40853,0,[446.001,211.2236]]],[330,[37.81864,51.96627,0,[444.001,219.2516]]],[36,[38.97269,42.70287,0,[445.8143,212.0004]]],[81,[28.32216,36.41819,0,[446.0009,210.1386]]],[37,[35.98663,41.25451,0,[446.001,210.0811]]],[42,[36.85131,53.76765,0,[444.001,217.3646]]],[45,[32.41596,44.29988,0,[446.001,211.6056]]],[24,[34.33036,42.1634,0,[446.0009,210.2756]]],[93,[24.80428,36.72646,0,[446.001,209.672]]],[25,[39.38111,43.16586,0,[446.0009,211.1413]]],[87,[28.80777,43.04121,0,[446.0009,211.2012]]],[160,[32.57794,51.55682,0,[445.001,214.2568]]],[270,[37.31524,53.47995,0,[444.001,218.2747]]],[347,[32.06872,44.65925,0,[444.001,219.5911]]],[332,[36.46324,47.99699,0,[444.001,219.3448]]],[333,[33.51628,46.77667,0,[444.001,219.5874]]],[48,[32.60654,41.98308,0,[446.001,210.5515]]],[71,[32.92524,45.62062,0,[445.001,212.272]]],[355,[41.12265,52.11938,0,[444.3166,217.0001]]],[361,[38.88301,44.73947,0,[444.001,218.3304]]],[346,[34.78048,45.31704,0,[444.001,219.5118]]],[287,[31.10641,48.63597,0,[444.001,217.6491]]],[271,[31.9968,50.45749,0,[444.001,217.7865]]],[140,[17.40015,32.03805,0,[446.001,210.0529]]],[157,[40.06882,32.12568,0,[446.001,210.0192]]],[32,[34.16141,45.9072,0,[445.0009,213.0119]]],[61,[29.08867,40.52271,0,[446.0009,210.2046]]],[286,[33.47491,50.14109,0,[444.001,218.6149]]],[300,[34.13621,52.52079,0,[444.001,217.5937]]],[302,[32.56388,49.01465,0,[444.001,218.8188]]],[357,[35.73599,44.95269,0,[444.001,219.3707]]],[62,[29.8433,40.31526,0,[446.0009,210.282]]],[105,[23.36022,39.42605,0,[446.0009,211.8405]]],[304,[28.30736,46.57003,0,[444.001,218.8467]]],[272,[30.67829,49.48383,0,[444.001,218.7245]]],[360,[25.08109,40.50852,0,[444.001,219.5908]]],[66,[33.34489,38.21642,0,[446.001,210.2829]]],[110,[37.91921,36.81967,0,[446.001,210.4363]]],[49,[31.73415,41.04707,0,[446.0009,210.693]]],[363,[36.63146,53.1727,0,[444.001,218.3286]]],[46,[31.53491,42.62546,0,[446.001,211.7538]]],[35,[34.86308,43.10324,0,[446.0009,211.6128]]],[316,[35.96005,51.25818,0,[444.001,218.35]]],[121,[20.65435,36.83986,0,[446.001,210.0921]]],[348,[29.0417,43.10843,0,[444.001,219.5914]]],[340,[20.33824,38.51335,0,[444.001,218.5653]]],[100,[28.95844,44.1144,0,[445.4232,212.0004]]],[111,[25.68819,33.76956,0,[446.001,209.6451]]],[101,[28.40961,43.32656,0,[445.7632,212.0004]]],[77,[27.17606,39.0229,0,[446.0009,210.8616]]],[125,[19.75462,33.32525,0,[446.0009,209.7318]]],[47,[33.6421,43.21878,0,[445.001,212.1203]]],[352,[20.52633,38.4504,0,[444.001,219.585]]],[58,[33.20372,45.17256,0,[446.001,211.4463]]],[109,[23.28184,35.44092,0,[446.0009,210.3599]]],[288,[27.86016,47.48735,0,[444.001,217.8207]]],[6,[39.32911,54.90922,0,[445.001,216.5226]]],[148,[20.42951,38.13587,0,[446.001,211.1405]]],[63,[28.02794,39.34887,0,[446.0009,210.9953]]],[359,[31.11916,42.57104,0,[444.001,219.5965]]],[27,[39.16525,55.39851,0,[444.001,217.3124]]],[86,[31.39586,44.71989,0,[445.001,212.4159]]],[356,[40.55067,49.8278,0,[444.001,218.0133]]],[335,[26.74847,44.12575,0,[444.0009,219.0724]]],[92,[24.63461,38.09442,0,[446.0009,210.8633]]],[323,[23.21443,41.96949,0,[444.001,219.5957]]],[64,[30.7802,39.63249,0,[446.0008,210.7646]]],[137,[22.03131,35.2865,0,[446.0009,209.9514]]],[338,[22.14239,40.62386,0,[444.001,218.556]]],[308,[22.83931,42.137,0,[444.0009,218.5568]]],[18,[38.55403,56.08027,0,[445.001,216.5664]]],[334,[29.90635,45.35841,0,[444.0009,219.3005]]],[78,[26.1399,38.06132,0,[446.0009,210.7335]]],[108,[23.87046,35.80704,0,[446.001,210.1101]]],[74,[27.8116,41.90188,0,[446.0009,211.9514]]],[91,[23.91489,39.05516,0,[446.0009,211.3274]]],[343,[38.36071,50.90993,0,[444.001,217.3436]]],[151,[18.43902,34.99936,0,[446.001,210.9567]]],[366,[37.59711,48.79482,0,[444.001,217.342]]],[122,[21.43009,36.05993,0,[446.0009,210.376]]],[231,[28.78324,46.3466,0,[445.0009,215.5987]]],[135,[19.72034,37.21026,0,[446.0009,210.7933]]],[210,[16.60594,33.19759,0,[445.0009,215.8898]]],[367,[39.75608,48.74474,0,[444.001,218.163]]],[73,[29.54743,42.82534,0,[446.0009,211.2512]]],[72,[32.17512,44.33455,0,[445.0009,212.3432]]],[230,[29.35954,47.52421,0,[445.0009,216.6116]]],[314,[17.8495,35.66193,0,[444.0009,217.274]]],[368,[41.37116,44.53962,0,[444.001,217.9972]]],[176,[35.44128,55.19345,0,[444.001,217.4754]]],[94,[25.39913,36.74186,0,[446.0009,210.955]]],[350,[24.14268,40.66917,0,[444.001,219.5978]]],[191,[16.28378,32.54065,0,[445.0009,214.0664]]],[317,[37.12666,48.63575,0,[444.001,219.2827]]],[321,[27.73626,44.14379,0,[444.001,219.5894]]]
39:[193,[39.50323,78.74265,0,[487.1196,236.0003]]],[192,[39.7571,78.85292,0,[486.0009,236.1622]]],[175,[40.99368,79.49735,0,[488.0009,235.9121]]],[211,[40.93338,79.81435,0,[486.7148,236.0004]]],[174,[41.97298,80.25286,0,[487.6239,236.0003]]],[173,[41.6855,79.95241,0,[486.001,236.1783]]],[172,[43.15659,82.32989,0,[488.0009,235.933]]],[190,[42.55873,81.03849,0,[486.001,236.1331]]],[208,[43.3799,82.36993,0,[486.001,236.0953]]],[189,[43.97937,83.89285,0,[488.0009,235.9594]]],[171,[44.8652,83.68714,0,[488.0009,235.9203]]],[207,[44.26985,83.0303,0,[486.001,236.2496]]],[299,[45.81343,83.7372,0,[486.001,236.3337]]],[188,[45.65698,84.82468,0,[488.0009,235.9607]]],[283,[46.64227,85.08097,0,[486.001,236.3352]]],[284,[45.87837,85.34981,0,[487.2265,236.0005]]],[156,[47.91489,81.69872,0,[488.0009,235.9883]]],[297,[47.46925,85.75776,0,[486.001,236.3128]]],[269,[47.06152,86.47907,0,[488.0009,235.9826]]],[282,[48.31758,86.31201,0,[486.001,236.1869]]],[268,[48.77332,87.6434,0,[488.0009,235.9004]]],[206,[49.71774,85.95721,0,[487.8973,236.0005]]],[187,[50.13217,86.03188,0,[487.4233,236.0005]]],[267,[50.80251,88.29066,0,[487.3515,236.0003]]],[205,[50.89064,86.12196,0,[486.0009,236.1856]]],[138,[52.03282,84.29642,0,[486.7176,236.0004]]],[254,[52.11351,88.11728,0,[488.0009,235.8686]]],[281,[52.57634,87.5196,0,[486.0009,236.3589]]],[155,[53.28025,82.47829,0,[488.001,235.9891]]],[312,[53.62045,86.40961,0,[486.2607,236.0002]]],[266,[54.33564,88.67818,0,[486.0009,236.2104]]],[239,[55.19911,88.78977,0,[488.0009,235.7948]]],[253,[54.0267,88.76008,0,[488.001,235.9883]]],[296,[55.42063,87.64095,0,[486.0009,236.1841]]],[186,[55.94495,87.69724,0,[487.9194,236.0003]]],[311,[56.2677,88.19714,0,[486.001,236.2333]]],[252,[56.86687,90.08215,0,[488.0009,235.969]]],[237,[57.44749,89.01691,0,[486.001,236.3852]]],[166,[57.60016,89.22689,0,[488.0009,235.9162]]],[153,[58.48226,84.7543,0,[487.1025,236.0003]]],[280,[58.79128,89.23393,0,[486.001,236.3513]]],[150,[58.28041,87.8037,0,[488.0009,235.8293]]],[310,[60.19017,90.80085,0,[487.8788,236.0004]]],[250,[59.54149,92.26358,0,[488.0009,235.852]]],[265,[60.92613,92.45784,0,[487.8118,236.0004]]],[326,[60.579,87.79069,0,[486.001,236.1413]]],[294,[61.30722,90.43108,0,[486.001,236.2136]]],[142,[61.92244,83.43404,0,[488.0009,235.8124]]],[298,[59.68746,85.23557,0,[486.0009,236.3797]]],[278,[62.09959,91.06112,0,[486.001,236.2981]]],[264,[62.71024,92.48257,0,[488.0009,235.8728]]],[295,[62.95599,90.30321,0,[486.0009,236.1822]]],[167,[63.54607,89.2672,0,[488.0009,235.937]]],[279,[64.71001,92.18158,0,[486.0009,236.1927]]],[224,[64.4634,90.84396,0,[487.8755,236.0005]]],[324,[65.53486,90.30999,0,[486.0009,236.0319]]],[165,[64.13963,89.77768,0,[486.3069,236.0001]]],[185,[66.12402,89.90313,0,[488.001,235.9827]]],[236,[66.55331,91.51345,0,[486.6254,236.0002]]],[147,[67.19141,89.28861,0,[486.001,236.1245]]],[249,[67.84565,94.38107,0,[488.0009,235.865]]],[223,[68.17052,90.21562,0,[486.001,236.1304]]],[154,[68.71369,85.32784,0,[488.0009,235.8759]]],[263,[68.9334,93.66282,0,[486.0009,236.0747]]],[204,[70.39632,92.75826,0,[488.0009,235.8956]]],[235,[69.54311,94.07464,0,[488.0009,235.8306]]],[261,[71.28796,96.33532,0,[488.0009,235.9515]]],[277,[70.66499,93.70895,0,[486.001,236.1085]]],[313,[71.41792,86.12494,0,[486.0009,236.1211]]],[222,[72.11214,93.82378,0,[488.001,235.8377]]],[234,[72.28394,93.63515,0,[486.001,236.1289]]],[169,[72.91698,86.96487,0,[488.0009,235.9602]]],[251,[73.79605,93.48643,0,[488.0009,235.8884]]],[132,[73.13808,91.76473,0,[486.001,236.2174]]],[328,[74.02281,88.63165,0,[486.001,236.0583]]],[247,[74.86536,96.98356,0,[488.0009,235.7555]]],[233,[75.9758,95.29598,0,[486.0009,236.0812]]],[327,[76.7399,89.05273,0,[486.0474,236.0005]]],[248,[69.80915,94.29108,0,[486.001,236.1255]]],[203,[75.25181,92.29615,0,[486.1534,236.0005]]],[184,[76.47317,95.50489,0,[488.0009,235.7459]]],[292,[77.4684,95.10814,0,[486.0009,236.2051]]],[291,[78.74196,95.65213,0,[486.001,236.3658]]],[290,[77.40049,97.52494,0,[488.001,235.7404]]],[219,[79.43371,95.16121,0,[486.001,236.4325]]],[130,[78.42596,93.72972,0,[486.5667,236.0001]]],[131,[78.5378,93.34738,0,[488.0009,235.7123]]],[246,[80.03825,98.51691,0,[487.9798,236.0007]]],[107,[81.53992,88.45625,0,[486.2552,236.0006]]],[120,[80.73562,91.25092,0,[488.001,235.6446]]],[202,[80.78523,93.69213,0,[486.001,236.431]]],[221,[83.48722,95.66569,0,[487.6776,236.0006]]],[146,[80.16329,92.24208,0,[486.2209,236.0003]]],[322,[82.38374,94.32016,0,[486.1926,236.0006]]],[118,[84.41196,92.44647,0,[488.0009,235.8439]]],[170,[82.31282,87.40166,0,[488.001,235.6705]]],[329,[84.57376,89.00775,0,[486.001,236.228]]],[218,[83.21827,96.5302,0,[486.001,236.5206]]],[217,[86.81152,98.37221,0,[486.001,236.4661]]],[339,[84.75559,94.47089,0,[487.2709,236.0004]]],[209,[88.38702,88.70691,0,[488.001,235.8132]]],[307,[85.65723,95.45839,0,[486.0009,236.4375]]],[220,[86.6621,96.24329,0,[486.9193,236.0004]]],[262,[88.29264,97.05781,0,[486.0009,236.1996]]],[102,[86.62271,93.92789,0,[488.0009,235.7413]]],[201,[89.18135,95.50034,0,[486.001,236.478]]],[260,[87.42495,98.32525,0,[486.1055,236.0007]]],[238,[89.13806,92.44971,0,[488.001,235.8796]]],[309,[91.93082,96.23298,0,[488.0009,235.9169]]],[149,[89.9268,91.25256,0,[486.0009,236.1428]]],[119,[90.27989,91.72283,0,[488.0009,235.8148]]],[198,[90.9887,98.20004,0,[486.001,236.5948]]],[227,[93.02527,101.6594,0,[486.001,236.6063]]],[133,[92.63149,92.92384,0,[488.001,235.757]]],[104,[93.60145,90.99712,0,[486.3118,236.0005]]],[274,[91.92244,98.18623,0,[486.001,236.1057]]],[336,[94.32006,95.59894,0,[486.001,236.5978]]],[306,[96.17044,98.51442,0,[486.0009,236.2098]]],[89,[94.25653,93.92044,0,[488.001,235.6493]]],[183,[95.43969,96.97927,0,[486.5291,236.0005]]],[90,[97.72976,93.40604,0,[486.1031,236.0003]]],[320,[97.14709,98.50006,0,[486.001,236.5788]]],[197,[98.33229,98.93153,0,[486.001,236.5917]]],[229,[99.8685,100.3753,0,[486.0008,236.0134]]],[244,[99.32746,100.6371,0,[488.0009,235.7904]]],[259,[100.2302,102.1022,0,[488.001,235.8112]]],[276,[95.27814,99.6181,0,[488.001,235.8196]]],[134,[101.4779,92.54594,0,[486.6091,236.0003]]],[123,[98.03305,89.77201,0,[488.001,235.7607]]],[275,[100.5588,99.68877,0,[486.001,236.5798]]],[289,[101.7406,102.6238,0,[486.001,236.5888]]],[243,[103.3414,102.5425,0,[486.001,236.4836]]],[136,[101.6429,90.49836,0,[488.001,235.852]]],[305,[99.29705,99.623,0,[486.001,236.5331]]],[216,[102.3964,97.30637,0,[486.0521,236.0006]]],[341,[105.4714,91.78345,0,[486.001,236.546]]],[215,[104.0296,100.2505,0,[486.0009,236.0377]]],[145,[105.5009,96.87827,0,[488.0009,235.8288]]],[116,[106.857,95.21006,0,[487.5913,236.0006]]],[200,[103.3264,97.28261,0,[488.001,235.8424]]],[180,[107.8727,99.35015,0,[488.0009,235.7921]]],[232,[106.5629,99.4082,0,[486.001,236.3645]]],[199,[105.7046,97.73705,0,[487.0926,236.0003]]],[76,[107.9814,91.42533,0,[486.0009,236.0918]]],[164,[109.8513,95.34193,0,[486.3953,236.0005]]],[179,[108.7665,100.0339,0,[486.001,236.1945]]],[228,[107.754,101.2581,0,[486.7791,236.0004]]],[88,[111.3147,96.71217,0,[488.0009,235.7295]]],[195,[112.4877,103.6546,0,[488.001,235.7714]]],[196,[111.1506,104.0935,0,[486.5479,236.0004]]],[159,[111.4518,106.1468,0,[486.001,236.5963]]],[256,[110.2819,103.6162,0,[486.001,236.6059]]],[178,[109.5424,102.1144,0,[488.0009,235.7101]]],[115,[115.2689,96.91553,0,[486.6689,236.0003]]],[40,[113.4283,104.3405,0,[486.3776,236.0004]]],[158,[115.5629,107.7282,0,[488.001,235.5945]]],[242,[115.453,104.5816,0,[486.001,236.5931]]],[213,[113.2574,107.2764,0,[488.001,235.8635]]],[226,[114.2025,105.0263,0,[486.001,236.5937]]],[337,[117.071,98.13418,0,[486.001,236.6102]]],[103,[117.0183,97.12823,0,[488.001,235.9419]]],[177,[118.9905,104.6995,0,[487.8034,236.0006]]],[319,[118.422,103.5826,0,[486.001,236.5973]]],[293,[112.5113,97.88579,0,[486.001,236.5072]]],[161,[117.7271,106.6143,0,[486.2981,236.0006]]],[194,[119.2133,109.2628,0,[486.001,236.2524]]],[163,[120.1077,100.2708,0,[486.3786,236.0006]]],[258,[120.7297,103.4784,0,[486.001,236.5869]]],[212,[116.5736,108.2593,0,[486.4273,236.0003]]],[240,[119.8305,108.3216,0,[488.001,235.6413]]],[241,[121.5757,107.0766,0,[488.001,235.8776]]],[245,[121.6623,103.9991,0,[486.001,236.3391]]],[55,[122.5209,102.3689,0,[486.001,236.4974]]],[117,[124.9093,97.21958,0,[488.0009,235.9022]]],[325,[123.3224,95.7165,0,[486.0009,236.1516]]],[56,[125.7131,97.84772,0,[486.113,236.0007]]],[162,[123.5687,100.9883,0,[488.001,235.658]]],[7,[122.4182,107.4423,0,[488.001,235.6818]]],[181,[127.5817,98.42021,0,[488.0009,235.7421]]],[31,[124.9927,100.4418,0,[486.001,236.5324]]],[214,[124.6545,103.6303,0,[486.5939,236.0003]]],[315,[127.8291,106.3833,0,[486.001,236.5952]]],[318,[126.5374,100.922,0,[486.001,236.5966]]],[85,[128.4696,97.68951,0,[486.1933,236.0007]]],[16,[127.9914,103.9511,0,[487.3174,236.0003]]],[225,[129.4072,109.737,0,[486.001,236.5238]]],[70,[129.596,101.405,0,[488.0009,235.7705]]],[29,[130.813,105.2888,0,[487.0289,236.0004]]],[353,[130.6118,96.84678,0,[488.0009,235.7929]]],[301,[132.0664,105.2089,0,[486.001,236.5915]]],[19,[131.6655,100.2378,0,[486.545,236.0005]]],[57,[132.5904,98.05175,0,[486.0661,236.0006]]],[41,[130.6565,101.6414,0,[486.001,236.5006]]],[182,[133.9592,100.0546,0,[488.0009,235.7884]]],[2,[134.4761,105.8023,0,[486.129,236.0004]]],[4,[135.2349,107.7242,0,[486.001,236.6026]]],[1,[134.8584,108.6081,0,[488.001,235.8446]]],[53,[136.2377,102.7407,0,[486.001,236.5731]]],[17,[133.7349,105.7055,0,[486.001,236.5896]]],[44,[136.2822,100.4031,0,[488.001,235.7035]]],[43,[136.8133,105.3974,0,[486.0009,236.0129]]],[26,[138.7166,103.0935,0,[486.85,236.0003]]],[60,[138.206,96.67198,0,[488.0009,235.8598]]],[20,[140.1697,100.4629,0,[488.001,235.6454]]],[8,[137.6412,109.6773,0,[486.001,236.5948]]],[67,[140.32,96.35654,0,[486.001,236.1039]]],[84,[138.8487,99.90785,0,[486.001,236.5883]]],[39,[136.9307,105.8195,0,[488.001,235.8038]]],[342,[139.52,94.1095,0,[486.2109,236.0005]]],[113,[141.7165,95.06956,0,[486.0194,236.0007]]],[75,[143.3877,98.04946,0,[488.0009,235.8919]]],[351,[142.9402,100.6666,0,[486.001,236.5941]]],[114,[144.2545,98.36738,0,[488.001,235.7178]]],[9,[141.118,105.0481,0,[488.001,235.6202]]],[273,[144.3265,107.7075,0,[486.001,236.5418]]],[30,[141.0773,106.5319,0,[486.001,236.5942]]],[54,[146.4249,107.8659,0,[488.0009,235.7694]]],[129,[145.2214,100.6225,0,[486.1979,236.0005]]],[331,[145.9571,106.9012,0,[486.001,236.5964]]],[96,[147.4328,93.18957,0,[486.001,236.5867]]],[15,[147.4053,103.4714,0,[486.8513,236.0002]]],[13,[149.5107,104.8716,0,[488.001,235.6538]]],[3,[148.3557,111.3082,0,[486.001,236.5388]]],[99,[145.1341,104.1142,0,[488.001,235.9048]]],[143,[149.4662,99.12257,0,[486.001,236.5815]]],[10,[150.1652,102.2579,0,[486.1602,236.0005]]],[68,[147.2406,100.5162,0,[488.001,235.7793]]],[59,[151.459,99.9231,0,[488.001,235.7054]]],[124,[151.2473,94.62935,0,[486.6995,236.0005]]],[98,[150.4587,94.95579,0,[488.001,235.9493]]],[69,[152.4402,107.1583,0,[486.001,236.4788]]],[144,[152.5,99.80628,0,[488.001,235.7767]]],[51,[153.4003,98.18591,0,[488.001,235.8208]]],[112,[153.5612,96.98742,0,[486.001,236.5976]]],[33,[154.2764,100.9119,0,[486.0974,236.0006]]],[28,[151.4105,113.9611,0,[486.001,236.5962]]],[128,[153.7215,96.39359,0,[487.0814,236.0001]]],[127,[156.0526,94.71242,0,[487.6818,236.0002]]],[141,[155.2778,91.9006,0,[486.001,236.5902]]],[285,[156.1332,109.9407,0,[486.0351,236.0004]]],[97,[155.4802,95.76858,0,[488.001,235.6904]]],[303,[156.9488,106.5426,0,[486.001,236.5897]]],[344,[158.267,108.2283,0,[486.001,236.593]]],[79,[159.1511,103.9615,0,[487.8778,236.0004]]],[257,[159.3413,109.1381,0,[486.001,236.5682]]],[126,[160.4478,95.81715,0,[488.001,235.7236]]],[12,[157.3343,103.006,0,[488.001,235.6322]]],[0,[160.9867,115.5281,0,[487.3161,236.0002]]],[345,[160.7101,109.3714,0,[486.001,236.5836]]],[65,[161.4898,101.2702,0,[486.0931,236.0007]]],[255,[162.6686,111.5406,0,[486.001,236.5975]]],[362,[163.6648,107.7716,0,[488.001,235.9182]]],[14,[163.7045,102.8126,0,[486.6967,236.0003]]],[152,[158.3232,94.97311,0,[488.001,235.6939]]],[82,[165.0202,100.0892,0,[488.001,235.7114]]],[83,[162.4793,100.1873,0,[488.001,235.6616]]],[354,[165.6521,114.1332,0,[486.2226,236.0005]]],[369,[163.8932,106.3328,0,[486.001,236.5974]]],[139,[165.9498,92.74423,0,[488.001,235.8449]]],[349,[166.2928,103.0731,0,[486.001,236.6022]]],[21,[167.0828,104.1785,0,[488.0009,235.7084]]],[22,[167.1988,102.5231,0,[486.0009,236.2368]]],[38,[164.9989,105.6728,0,[486.001,236.5971]]],[106,[169.051,101.5997,0,[486.8127,236.0002]]],[358,[167.8534,111.1811,0,[488.001,235.8124]]],[52,[168.0475,104.3517,0,[486.001,236.6078]]],[5,[169.1085,114.3421,0,[486.001,236.6264]]],[50,[169.7581,104.659,0,[486.2422,236.0002]]],[364,[168.8725,117.4288,0,[488.001,235.8651]]],[365,[170.4267,108.9417,0,[486.001,236.595]]],[168,[172.8766,95.91093,0,[488.0009,235.7458]]],[23,[173.6687,106.6656,0,[488.001,235.9446]]],[11,[170.3259,106.3219,0,[488.001,235.7631]]],[80,[171.2689,101.0974,0,[486.2406,236.0004]]],[95,[172.2424,102.0098,0,[486.001,236.5955]]],[34,[174.5907,103.0826,0,[486.1819,236.0008]]],[330,[174.0744,120.0481,0,[486.001,236.4632]]],[36,[171.9856,100.8104,0,[488.001,235.632]]],[81,[175.482,109.2966,0,[486.001,236.2921]]],[37,[176.9797,100.3008,0,[488.0009,235.8709]]],[42,[176.2526,122.8893,0,[486.001,236.1755]]],[45,[174.6928,102.267,0,[488.001,235.8199]]],[24,[176.2007,104.1539,0,[488.001,235.8253]]],[93,[177.8907,102.1976,0,[488.0009,235.8576]]],[25,[177.9237,108.9129,0,[486.001,236.1019]]],[87,[178.6186,117.8335,0,[488.001,235.6257]]],[160,[179.3127,108.8132,0,[486.1425,236.0004]]],[270,[180.181,124.3226,0,[486.0009,236.1264]]],[347,[180.1245,122.942,0,[488.001,235.8797]]],[332,[177.0539,118.1542,0,[486.0009,236.1773]]],[333,[181.1219,122.4013,0,[486.0009,236.2192]]],[48,[182.9686,111.5922,0,[488.001,235.9357]]],[71,[181.4011,104.7931,0,[488.001,235.7665]]],[355,[182.3159,112.2272,0,[486.0009,236.2475]]],[361,[178.6357,109.5797,0,[486.001,236.5143]]],[346,[182.1791,121.0831,0,[488.001,235.6943]]],[287,[183.9877,125.2133,0,[486.001,236.0801]]],[271,[182.947,127.2927,0,[486.001,236.3916]]],[140,[186.0668,95.60429,0,[488.0009,235.6635]]],[157,[185.2681,100.4207,0,[488.0009,235.8533]]],[32,[185.36,102.754,0,[486.001,236.204]]],[61,[188.1324,112.9625,0,[488.0009,235.9131]]],[286,[187.0983,124.782,0,[486.001,236.1056]]],[300,[184.2538,130.2238,0,[488.001,235.7344]]],[302,[186.2946,121.9831,0,[486.001,236.1341]]],[357,[188.1403,122.3288,0,[486.001,236.5445]]],[62,[189.8468,110.9718,0,[488.001,235.738]]],[105,[190.0229,120.7144,0,[486.001,236.2822]]],[304,[189.0463,129.8645,0,[486.001,236.0956]]],[272,[191.1857,134.8382,0,[486.001,236.5582]]],[360,[186.9743,122.2158,0,[488.0009,235.9475]]],[66,[191.9755,104.3248,0,[486.2495,236.0005]]],[110,[193.2286,110.4145,0,[488.0009,235.8028]]],[49,[193.8817,108.2613,0,[488.001,235.7966]]],[363,[192.9203,128.6979,0,[486.001,236.5988]]],[46,[194.8303,109.4486,0,[488.0009,235.9549]]],[35,[191.2022,105.2342,0,[488.001,235.6303]]],[316,[193.7303,127.9186,0,[486.1549,236.0007]]],[121,[194.4425,111.6236,0,[486.001,236.3232]]],[348,[195.2626,125.4137,0,[486.001,236.4865]]],[340,[196.053,111.6784,0,[486.001,236.3056]]],[100,[196.3021,107.4981,0,[488.0009,235.8185]]],[111,[191.8733,110.2352,0,[488.0009,235.8093]]],[101,[197.1801,106.384,0,[488.001,235.7171]]],[77,[195.4183,103.7586,0,[488.001,235.4956]]],[125,[196.8476,115.131,0,[486.001,236.1556]]],[47,[197.8677,103.4107,0,[486.001,236.206]]],[352,[198.9056,121.2966,0,[488.001,235.5607]]],[58,[199.039,113.1165,0,[486.001,236.332]]],[109,[199.8274,122.0055,0,[488.001,235.8181]]],[288,[200.0331,126.2777,0,[486.0009,236.0289]]],[6,[201.1185,126.9639,0,[486.0009,236.2195]]],[148,[201.1288,109.6453,0,[488.001,235.7514]]],[63,[202.3087,106.6004,0,[488.0009,235.7798]]],[359,[201.8719,120.4244,0,[486.1107,236.0003]]],[27,[203.7523,128.193,0,[487.0753,236.0002]]],[86,[203.6389,109.1557,0,[488.001,235.7582]]],[356,[202.6354,116.7068,0,[486.001,236.5696]]],[335,[203.6938,119.871,0,[486.001,236.5502]]],[92,[206.5349,111.7553,0,[488.0009,235.8595]]],[323,[204.9768,136.3355,0,[486.001,236.4159]]],[64,[204.7172,102.5922,0,[486.7041,236.0002]]],[137,[204.9108,103.4167,0,[488.0009,235.6707]]],[338,[206.6247,114.8707,0,[486.001,236.1943]]],[308,[207.2622,121.6457,0,[488.0009,235.8557]]],[18,[205.6397,126.7896,0,[486.1449,236.0008]]],[334,[208.0951,132.873,0,[486.001,236.3052]]],[78,[207.3251,108.0463,0,[486.0009,236.1656]]],[108,[208.5789,110.2728,0,[488.0009,235.7663]]],[74,[209.9004,113.3945,0,[486.001,236.1302]]],[91,[208.7912,104.2876,0,[486.0009,236.1236]]],[343,[211.2475,124.3204,0,[486.6986,236.0006]]],[151,[209.7127,99.07376,0,[488.001,235.8062]]],[366,[211.7385,122.0715,0,[486.001,236.1792]]],[122,[211.4685,102.3638,0,[488.001,235.8953]]],[231,[213.5687,119.9283,0,[488.0009,235.9637]]],[135,[210.5632,110.174,0,[488.001,235.83]]],[210,[213.8651,111.8247,0,[486.001,236.3634]]],[367,[212.6057,123.8924,0,[486.0009,236.4085]]],[73,[212.4666,109.0104,0,[488.0009,235.805]]],[72,[215.5602,114.0569,0,[488.0009,235.7536]]],[230,[214.4253,127.1981,0,[488.001,235.9831]]],[314,[214.7393,114.9292,0,[486.0202,236.0006]]],[368,[216.5683,123.7323,0,[488.001,235.8528]]],[176,[215.8666,133.474,0,[486.0009,236.0601]]],[94,[217.7304,111.244,0,[488.0009,235.8795]]],[350,[217.0113,128.4648,0,[486.001,236.3154]]],[191,[219.2284,112.2851,0,[487.3452,236.0003]]],[317,[218.739,130.9764,0,[487.9722,236.0004]]],[321,[219.9214,125.2569,0,[487.0177,236.0004]]]
40:[193,[63.81772,126.8818,0,[502.0257,270.001]]],[192,[64.65663,128.0489,0,[502.0019,270.001]]],[175,[65.37749,127.2073,0,[502.2319,270.001]]],[211,[66.15125,128.1259,0,[502.026,270.001]]],[174,[67.09707,128.9198,0,[503.1098,270.001]]],[173,[67.10387,128.6443,0,[501.6917,270.001]]],[172,[68.18832,130.672,0,[503.1268,270.001]]],[190,[68.13409,129.6975,0,[501.682,270.001]]],[208,[69.10201,130.977,0,[501.6864,270.001]]],[189,[69.20093,132.2536,0,[503.1165,270.001]]],[171,[70.12009,132.0336,0,[503.0868,270.001]]],[207,[70.21979,131.7443,0,[501.6755,270.001]]],[299,[71.00351,132.2213,0,[501.7344,270.001]]],[188,[71.24804,133.5714,0,[503.0909,270.001]]],[283,[71.83935,133.6599,0,[501.7288,270.001]]],[284,[72.07127,134.5197,0,[503.1333,270.001]]],[156,[72.70457,129.2672,0,[502.011,270.001]]],[297,[73.62057,134.5299,0,[501.6807,270.001]]],[269,[73.71614,135.1062,0,[503.1247,270.001]]],[282,[74.53939,135.0779,0,[501.6994,270.001]]],[268,[74.72466,136.0678,0,[503.1103,270.001]]],[206,[75.57238,134.4622,0,[503.1328,270.001]]],[187,[75.57145,133.7397,0,[501.685,270.001]]],[267,[76.57343,136.9681,0,[502.9767,270.001]]],[205,[76.92052,135.0911,0,[501.7632,270.001]]],[138,[77.67258,132.5054,0,[501.7972,270.001]]],[254,[78.07729,136.6703,0,[503.01,270.001]]],[281,[78.54262,136.2911,0,[501.6345,270.001]]],[155,[78.92399,131.2084,0,[502.8598,270.001]]],[312,[79.61283,136.1222,0,[503.3575,270.001]]],[266,[79.70183,137.2385,0,[501.8672,270.001]]],[239,[80.48454,136.2154,0,[501.6744,270.001]]],[253,[80.60767,137.1523,0,[503.1158,270.001]]],[296,[81.31593,136.4443,0,[501.706,270.001]]],[186,[81.48792,136.4298,0,[503.1014,270.001]]],[311,[82.15445,136.8872,0,[501.6946,270.001]]],[252,[82.30829,138.5298,0,[503.128,270.001]]],[237,[82.90273,137.5357,0,[501.9975,270.001]]],[166,[83.37176,138.1116,0,[503.222,270.001]]],[153,[83.75661,132.8544,0,[501.9615,270.001]]],[280,[84.54708,137.8919,0,[501.6854,270.001]]],[150,[84.81603,136.4908,0,[503.0452,270.001]]],[310,[85.51093,138.052,0,[501.6909,270.001]]],[250,[85.61985,140.7523,0,[503.1365,270.001]]],[265,[86.63004,141.1663,0,[503.0986,270.001]]],[326,[86.59593,136.8042,0,[501.6396,270.001]]],[294,[87.3324,139.5961,0,[502.1075,270.001]]],[142,[88.09224,132.3406,0,[503.0245,270.001]]],[298,[88.14993,134.267,0,[501.5803,270.001]]],[278,[88.80149,140.3471,0,[501.9953,270.001]]],[264,[89.17525,141.4765,0,[503.2306,270.001]]],[295,[89.63603,139.2063,0,[501.7662,270.001]]],[167,[89.95896,138.0522,0,[503.0887,270.001]]],[279,[90.38192,140.809,0,[501.7,270.001]]],[224,[90.72446,139.5085,0,[502.9947,270.001]]],[324,[91.2226,139.0197,0,[501.7913,270.001]]],[165,[91.42511,140.2421,0,[503.2786,270.001]]],[185,[92.1161,138.2106,0,[502.5257,270.001]]],[236,[92.61335,140.3537,0,[501.5792,270.001]]],[147,[93.25145,137.9625,0,[502.2381,270.001]]],[249,[93.68202,143.1529,0,[503.5429,270.001]]],[223,[94.13267,139.7566,0,[502.3307,270.001]]],[154,[94.66992,132.4545,0,[501.5919,270.001]]],[263,[95.34447,143.2669,0,[502.2864,270.001]]],[204,[96.2888,141.3714,0,[503.0073,270.001]]],[235,[96.60079,141.8561,0,[501.7356,270.001]]],[261,[97.59239,145.0831,0,[503.1062,270.001]]],[277,[97.51846,142.6485,0,[501.6788,270.001]]],[313,[98.40562,135.0759,0,[501.6895,270.001]]],[222,[98.58594,142.4609,0,[503.103,270.001]]],[234,[99.371,142.8276,0,[501.676,270.001]]],[169,[99.47035,135.7374,0,[503.1168,270.001]]],[251,[100.438,142.4756,0,[503.1091,270.001]]],[132,[100.4142,140.9241,0,[501.6861,270.001]]],[328,[101.3254,137.7277,0,[501.7164,270.001]]],[247,[101.541,145.8762,0,[503.114,270.001]]],[233,[102.2001,144.5242,0,[502.0391,270.001]]],[327,[102.9828,137.9127,0,[501.76,270.001]]],[248,[103.2793,145.6288,0,[503.0836,270.001]]],[203,[103.8108,141.1449,0,[501.7752,270.001]]],[184,[104.1944,144.5203,0,[503.0168,270.001]]],[292,[104.7358,144.4791,0,[501.7283,270.001]]],[291,[105.3676,144.26,0,[501.9335,270.001]]],[290,[105.7723,146.6537,0,[503.1076,270.001]]],[219,[106.3,143.953,0,[501.6806,270.001]]],[130,[106.5978,143.9873,0,[503.0289,270.001]]],[131,[107.3241,142.7272,0,[503.0156,270.001]]],[246,[107.5143,146.265,0,[501.6292,270.001]]],[107,[108.1974,137.6997,0,[502.2846,270.001]]],[120,[108.9951,140.4185,0,[503.0891,270.001]]],[202,[108.9584,142.7028,0,[501.6045,270.001]]],[221,[109.6075,143.2742,0,[502.0278,270.001]]],[146,[110.1665,143.4315,0,[503.1417,270.001]]],[322,[110.453,143.6063,0,[501.8138,270.001]]],[118,[111.3405,139.743,0,[501.6957,270.001]]],[170,[111.4791,136.3913,0,[503.1134,270.001]]],[329,[112.3389,139.0788,0,[503.0548,270.001]]],[218,[112.45,145.2917,0,[501.633,270.001]]],[217,[113.1802,147.1319,0,[501.9575,270.001]]],[339,[113.5384,144.3493,0,[503.2593,270.001]]],[209,[114.0438,136.3084,0,[502.0052,270.001]]],[307,[114.8669,144.4851,0,[501.6976,270.001]]],[220,[115.0265,146.2902,0,[503.1328,270.001]]],[262,[115.6693,146.1264,0,[501.7301,270.001]]],[102,[115.9141,143.091,0,[503.1384,270.001]]],[201,[116.6046,145.0119,0,[502.6911,270.001]]],[260,[117.0884,146.9427,0,[501.7204,270.001]]],[238,[117.6628,141.7037,0,[502.9442,270.001]]],[309,[118.0153,143.7415,0,[501.6862,270.001]]],[149,[118.6533,140.3896,0,[502.4286,270.001]]],[119,[119.5456,140.7872,0,[503.1165,270.001]]],[198,[119.573,146.9324,0,[501.6775,270.001]]],[227,[120.5131,150.2449,0,[501.6835,270.001]]],[133,[120.6168,141.6015,0,[503.1226,270.001]]],[104,[121.4786,140.021,0,[501.7055,270.001]]],[274,[121.665,148.6745,0,[503.1053,270.001]]],[336,[122.3827,144.941,0,[502.0327,270.001]]],[306,[123.18,147.2406,0,[501.7003,270.001]]],[89,[123.483,143.2058,0,[503.0273,270.001]]],[183,[124.2472,147.0155,0,[503.1177,270.001]]],[90,[124.3166,142.1366,0,[501.6825,270.001]]],[320,[125.3442,148.4677,0,[502.8417,270.001]]],[197,[125.8605,147.979,0,[501.8763,270.001]]],[229,[126.7212,149.336,0,[501.6884,270.001]]],[244,[126.7864,149.2077,0,[503.1307,270.001]]],[259,[127.6024,149.9466,0,[501.6436,270.001]]],[276,[127.6879,148.5897,0,[503.0956,270.001]]],[134,[128.3752,141.3613,0,[501.7614,270.001]]],[123,[128.7117,138.788,0,[503.0534,270.001]]],[275,[129.2462,148.6589,0,[501.7149,270.001]]],[289,[129.5248,152.7332,0,[503.0729,270.001]]],[243,[130.1382,151.2377,0,[501.6945,270.001]]],[136,[130.3422,140.1646,0,[503.088,270.001]]],[305,[130.9683,149.4752,0,[501.6841,270.001]]],[216,[131.1144,148.1519,0,[503.1058,270.001]]],[341,[131.7269,140.2162,0,[501.9001,270.001]]],[215,[132.112,150.4726,0,[503.1999,270.001]]],[145,[132.6257,144.5785,0,[502.0031,270.001]]],[116,[133.4925,142.704,0,[501.6587,270.001]]],[200,[133.6979,147.041,0,[503.0518,270.001]]],[180,[134.4271,147.9308,0,[503.1979,270.001]]],[232,[134.4431,148.3747,0,[501.7381,270.001]]],[199,[135.5113,147.177,0,[502.9043,270.001]]],[76,[135.9879,140.647,0,[501.8612,270.001]]],[164,[136.9037,144.9442,0,[503.1012,270.001]]],[179,[136.9936,148.9242,0,[501.7022,270.001]]],[228,[138.0579,151.3887,0,[503.0391,270.001]]],[88,[138.3053,144.3595,0,[501.7242,270.001]]],[195,[139.189,152.5523,0,[503.1603,270.001]]],[196,[139.178,153.1722,0,[501.6943,270.001]]],[159,[139.869,155.6468,0,[502.332,270.001]]],[256,[140.5356,152.6662,0,[501.6198,270.001]]],[178,[140.6806,151.9724,0,[503.0719,270.001]]],[115,[141.3378,145.1674,0,[501.5697,270.001]]],[40,[141.5083,154.3078,0,[502.9505,270.001]]],[158,[142.1647,156.313,0,[503.3815,270.001]]],[242,[142.3846,153.2136,0,[501.9362,270.001]]],[213,[143.5246,156.2788,0,[503.1125,270.001]]],[226,[143.4663,153.9586,0,[501.6797,270.001]]],[337,[144.2969,147.0942,0,[501.7078,270.001]]],[103,[144.4378,145.8297,0,[503.1171,270.001]]],[177,[145.1916,152.9073,0,[502.0193,270.001]]],[319,[146.1086,152.5731,0,[501.6762,270.001]]],[293,[146.2286,149.5973,0,[503.1042,270.001]]],[161,[146.867,155.4501,0,[501.9283,270.001]]],[194,[147.2474,159.9472,0,[503.2151,270.001]]],[163,[147.7713,149.4692,0,[502.0095,270.001]]],[258,[148.5711,152.3054,0,[501.6716,270.001]]],[212,[148.9028,159.2139,0,[502.9777,270.001]]],[240,[149.6106,157.5416,0,[503.3217,270.001]]],[241,[149.6328,155.0766,0,[501.8379,270.001]]],[245,[150.4415,153.309,0,[501.6007,270.001]]],[55,[150.6563,152.9256,0,[502.9739,270.001]]],[117,[151.3397,146.0262,0,[503.3019,270.001]]],[325,[151.4228,144.3588,0,[501.8347,270.001]]],[56,[152.3677,146.8001,0,[501.6852,270.001]]],[162,[152.4238,150.0145,0,[503.1225,270.001]]],[7,[153.3429,156.9125,0,[503.0948,270.001]]],[181,[153.4237,145.6375,0,[501.6664,270.001]]],[31,[154.2845,149.2777,0,[501.7186,270.001]]],[214,[154.5694,154.1941,0,[503.0683,270.001]]],[315,[155.4376,156.597,0,[503.1007,270.001]]],[318,[155.4435,149.8576,0,[501.6784,270.001]]],[85,[156.3307,146.7704,0,[501.6986,270.001]]],[16,[156.4897,153.6679,0,[503.1108,270.001]]],[225,[157.1687,158.674,0,[501.716,270.001]]],[70,[157.3973,150.3323,0,[503.1017,270.001]]],[29,[158.0622,153.6442,0,[501.6986,270.001]]],[353,[158.2402,145.8595,0,[503.1093,270.001]]],[301,[158.9778,154.2343,0,[501.6859,270.001]]],[19,[159.0752,150.5858,0,[503.1209,270.001]]],[57,[159.8955,147.4406,0,[502.2421,270.001]]],[41,[160.6064,150.4795,0,[501.716,270.001]]],[182,[160.8675,148.9441,0,[503.0966,270.001]]],[2,[161.4947,155.5786,0,[502.0094,270.001]]],[4,[162.1518,156.7753,0,[502.0771,270.001]]],[1,[162.8029,157.5514,0,[503.1049,270.001]]],[53,[162.8681,151.6897,0,[501.6293,270.001]]],[17,[163.5936,154.8195,0,[502.1425,270.001]]],[44,[164.5166,149.4963,0,[503.0858,270.001]]],[43,[164.6304,154.4676,0,[501.6771,270.001]]],[26,[165.6927,151.6124,0,[501.6815,270.001]]],[60,[165.8016,145.2701,0,[503.1294,270.001]]],[20,[166.6852,149.1398,0,[503.1087,270.001]]],[8,[166.6529,158.3644,0,[501.6707,270.001]]],[67,[167.512,146.9825,0,[503.101,270.001]]],[84,[167.6154,149.2231,0,[501.6866,270.001]]],[39,[168.7535,155.3004,0,[503.1304,270.001]]],[342,[168.7138,143.1677,0,[501.6756,270.001]]],[113,[169.4923,143.8038,0,[501.7268,270.001]]],[75,[169.7636,146.523,0,[503.0811,270.001]]],[351,[170.3982,149.3235,0,[501.6954,270.001]]],[114,[170.5789,147.2251,0,[503.1049,270.001]]],[9,[171.3636,154.3952,0,[503.1039,270.001]]],[273,[171.3678,156.5906,0,[501.6805,270.001]]],[30,[172.4391,157.4356,0,[503.0198,270.001]]],[54,[172.7123,155.4235,0,[501.7157,270.001]]],[129,[173.653,149.2583,0,[501.6586,270.001]]],[331,[173.7804,156.9091,0,[503.0988,270.001]]],[96,[174.404,141.7557,0,[501.8327,270.001]]],[15,[174.7454,153.0871,0,[503.1491,270.001]]],[13,[175.3259,152.9279,0,[502.0127,270.001]]],[3,[176.0915,160.2544,0,[502.0045,270.001]]],[99,[176.6512,153.3173,0,[503.0679,270.001]]],[143,[176.8041,148.168,0,[501.5705,270.001]]],[10,[177.4094,150.9612,0,[502.3071,270.001]]],[68,[178.091,150.1282,0,[502.9053,270.001]]],[59,[178.3381,148.0526,0,[501.4872,270.001]]],[124,[178.89,142.8694,0,[502.1358,270.001]]],[98,[179.2402,144.8002,0,[503.4059,270.001]]],[69,[179.8191,155.943,0,[501.7017,270.001]]],[144,[180.0655,148.4774,0,[503.0729,270.001]]],[51,[180.847,147.0539,0,[503.1099,270.001]]],[112,[180.9439,146.5171,0,[501.6971,270.001]]],[33,[181.7589,150.2096,0,[502.0793,270.001]]],[28,[182.5369,163.8919,0,[501.6628,270.001]]],[128,[182.7201,146.5073,0,[503.075,270.001]]],[127,[183.4956,143.807,0,[503.1677,270.001]]],[141,[183.4811,141.131,0,[501.6283,270.001]]],[285,[184.091,159.4742,0,[502.2933,270.001]]],[97,[184.8849,144.8225,0,[503.0784,270.001]]],[303,[184.8159,155.567,0,[501.6238,270.001]]],[344,[185.5276,156.8967,0,[501.763,270.001]]],[79,[185.8314,152.5446,0,[503.0962,270.001]]],[257,[186.3999,157.9384,0,[501.7222,270.001]]],[126,[186.6467,144.5917,0,[503.097,270.001]]],[12,[187.4489,152.4664,0,[503.1027,270.001]]],[0,[187.399,163.68,0,[501.6773,270.001]]],[345,[188.1725,158.0656,0,[501.7731,270.001]]],[65,[188.5329,151.4393,0,[503.0287,270.001]]],[255,[189.1851,160.1044,0,[501.6967,270.001]]],[362,[189.3267,156.4326,0,[503.1284,270.001]]],[14,[190.2612,151.4007,0,[501.6783,270.001]]],[152,[190.3024,143.9263,0,[503.1253,270.001]]],[82,[191.071,147.7248,0,[501.7159,270.001]]],[83,[191.4249,149.7183,0,[502.9723,270.001]]],[354,[192.1526,164.0553,0,[503.2172,270.001]]],[369,[192.1571,154.8823,0,[501.7632,270.001]]],[139,[193.085,141.7241,0,[503.1442,270.001]]],[349,[193.0299,152.0396,0,[501.7086,270.001]]],[21,[194.1117,152.9685,0,[503.0511,270.001]]],[22,[194.3157,151.912,0,[501.7191,270.001]]],[38,[195.1456,155.1959,0,[502.4347,270.001]]],[106,[195.7551,149.937,0,[501.6325,270.001]]],[358,[196.0661,160.2194,0,[503.0034,270.001]]],[52,[196.6104,153.3094,0,[501.6929,270.001]]],[5,[196.861,164.5051,0,[503.0793,270.001]]],[50,[197.4903,153.4969,0,[501.7135,270.001]]],[364,[197.7618,166.4826,0,[503.0756,270.001]]],[365,[198.4744,157.626,0,[501.6803,270.001]]],[168,[198.5902,144.3621,0,[503.1204,270.001]]],[23,[199.2525,154.1661,0,[502.0627,270.001]]],[11,[199.973,155.7062,0,[503.0663,270.001]]],[80,[200.0328,149.9285,0,[501.6476,270.001]]],[95,[200.7631,152.2147,0,[503.1617,270.001]]],[34,[200.7773,151.7279,0,[501.7188,270.001]]],[330,[201.6903,169.3717,0,[501.68,270.001]]],[36,[201.7929,149.7403,0,[503.1187,270.001]]],[81,[202.7069,158.1568,0,[501.6978,270.001]]],[37,[202.8542,148.684,0,[503.1317,270.001]]],[42,[203.5881,171.5037,0,[501.73,270.001]]],[45,[203.8946,151.3257,0,[503.0706,270.001]]],[24,[204.664,152.6883,0,[502.0078,270.001]]],[93,[205.3155,150.8736,0,[503.0285,270.001]]],[25,[205.6633,158.2179,0,[501.7838,270.001]]],[87,[206.3007,167.0089,0,[503.0548,270.001]]],[160,[206.5412,157.9699,0,[501.7124,270.001]]],[270,[207.4219,173.5308,0,[501.688,270.001]]],[347,[207.5739,171.8536,0,[503.112,270.001]]],[332,[208.3837,167.7903,0,[501.6704,270.001]]],[333,[208.4721,172.6658,0,[503.0939,270.001]]],[48,[209.1691,158.9576,0,[502.0363,270.001]]],[71,[209.9085,154.041,0,[503.0811,270.001]]],[355,[210.0458,161.1581,0,[501.7048,270.001]]],[361,[210.8707,158.542,0,[501.7201,270.001]]],[346,[211.1326,170.2227,0,[503.0771,270.001]]],[287,[211.9845,175.3789,0,[503.123,270.001]]],[271,[211.9833,176.2736,0,[501.6905,270.001]]],[140,[212.8143,143.2514,0,[501.7156,270.001]]],[157,[213.0281,149.3851,0,[503.1164,270.001]]],[32,[213.7504,151.7909,0,[501.7307,270.001]]],[61,[213.9262,161.4399,0,[503.1645,270.001]]],[286,[214.5489,174.4584,0,[502.0304,270.001]]],[300,[215.4064,180.1889,0,[503.0788,270.001]]],[302,[215.3627,170.8932,0,[501.6414,270.001]]],[357,[216.0683,171.0938,0,[501.7467,270.001]]],[62,[216.2718,159.8382,0,[503.1376,270.001]]],[105,[216.8546,169.3666,0,[501.7328,270.001]]],[304,[217.1379,180.3286,0,[503.0921,270.001]]],[272,[217.666,183.8025,0,[501.7155,270.001]]],[360,[217.9359,171.2442,0,[503.0966,270.001]]],[66,[218.5059,152.9385,0,[501.7135,270.001]]],[110,[218.7582,159.0002,0,[503.0914,270.001]]],[49,[219.5121,156.6926,0,[502.9554,270.001]]],[363,[219.8511,177.53,0,[501.7368,270.001]]],[46,[220.6196,156.7551,0,[501.7256,270.001]]],[35,[220.9084,154.1931,0,[503.0885,270.001]]],[316,[221.5525,176.6013,0,[501.6884,270.001]]],[121,[221.7275,161.8989,0,[503.1024,270.001]]],[348,[222.509,175.6489,0,[503.1153,270.001]]],[340,[222.4975,160.2735,0,[501.6677,270.001]]],[100,[223.4808,155.2785,0,[501.6863,270.001]]],[111,[223.6098,159.4933,0,[503.1237,270.001]]],[101,[224.2966,154.2531,0,[502.0433,270.001]]],[77,[225.1521,153.3834,0,[503.0764,270.001]]],[125,[225.108,164.5453,0,[501.6079,270.001]]],[47,[225.7774,152.7541,0,[502.1466,270.001]]],[352,[226.544,170.4483,0,[502.9984,270.001]]],[58,[226.5739,162.1141,0,[501.5491,270.001]]],[109,[227.3203,170.6989,0,[503.4249,270.001]]],[288,[227.2378,175.0863,0,[501.9717,270.001]]],[6,[228.0827,175.8663,0,[501.698,270.001]]],[148,[228.1988,158.769,0,[503.1284,270.001]]],[63,[229.0706,155.2938,0,[502.9336,270.001]]],[359,[229.3823,169.8803,0,[501.705,270.001]]],[27,[230.0983,176.1641,0,[501.7892,270.001]]],[86,[230.4333,158.0689,0,[503.0665,270.001]]],[356,[230.9963,165.3115,0,[501.7297,270.001]]],[335,[231.268,169.9458,0,[503.0724,270.001]]],[92,[232.0803,160.2774,0,[503.1395,270.001]]],[323,[232.0238,184.9981,0,[501.6968,270.001]]],[64,[232.9328,152.2718,0,[501.7055,270.001]]],[137,[233.0908,152.4856,0,[503.1276,270.001]]],[338,[233.7539,164.2226,0,[501.9613,270.001]]],[308,[234.2023,171.0751,0,[503.1862,270.001]]],[18,[234.6117,175.7175,0,[501.9003,270.001]]],[334,[235.1961,183.154,0,[503.0732,270.001]]],[78,[235.4573,156.9342,0,[501.7368,270.001]]],[108,[236.2332,159.4733,0,[502.112,270.001]]],[74,[236.946,163.7311,0,[503.0563,270.001]]],[91,[236.9605,153.3563,0,[501.6051,270.001]]],[343,[237.6468,172.5425,0,[501.8011,270.001]]],[151,[237.8234,147.9518,0,[503.2199,270.001]]],[366,[238.4814,171.0182,0,[501.7054,270.001]]],[122,[238.6783,151.0249,0,[503.1219,270.001]]],[231,[239.2865,167.0947,0,[501.973,270.001]]],[135,[239.6292,159.0492,0,[503.3346,270.001]]],[210,[240.1709,161.2199,0,[502.2186,270.001]]],[367,[240.8281,172.3851,0,[501.8505,270.001]]],[73,[241.3478,157.8569,0,[503.139,270.001]]],[72,[241.6372,161.6268,0,[501.821,270.001]]],[230,[242.7107,176.5164,0,[503.13,270.001]]],[314,[242.6869,163.9899,0,[501.6902,270.001]]],[368,[243.6649,171.8151,0,[501.9502,270.001]]],[176,[244.2999,183.3994,0,[502.6262,270.001]]],[94,[245.0785,159.2398,0,[501.9286,270.001]]],[350,[245.7126,178.0743,0,[502.5904,270.001]]],[191,[246.607,160.7633,0,[502.0255,270.001]]],[317,[247.3586,178.7527,0,[502.0596,270.001]]],[321,[248.2936,173.5642,0,[502.0443,270.001]]]

Travel Distances:
[193,171.0722],[192,172.597],[175,172.2068],[211,171.5284],[174,172.7282],[173,172.4372],[172,174.2995],[190,173.4285],[208,174.7729],[189,175.8551],[171,175.7976],[207,175.3047],[299,176.2168],[188,177.0788],[283,177.9822],[284,178.3814],[156,173.687],[297,179.2872],[269,179.6756],[282,179.9987],[268,180.6194],[206,179.3207],[187,178.5966],[267,181.8247],[205,179.2518],[138,177.1608],[254,180.52],[281,181.2057],[155,175.3649],[312,180.8333],[266,181.8379],[239,181.2462],[253,181.9401],[296,179.8134],[186,181.4553],[311,180.581],[252,181.9157],[237,181.6908],[166,181.3209],[153,177.3431],[280,182.7965],[150,180.8631],[310,183.0306],[250,185.5139],[265,185.9094],[326,181.6143],[294,182.8226],[142,176.1574],[298,177.9661],[278,184.6946],[264,185.0796],[295,183.9386],[167,182.1384],[279,184.042],[224,184.0653],[324,182.5745],[165,183.3945],[185,181.9822],[236,185.1011],[147,181.4498],[249,187.7918],[223,183.4537],[154,177.088],[263,188.3869],[204,184.7992],[235,186.6496],[261,189.8998],[277,187.6137],[313,180.2666],[222,187.2919],[234,186.0878],[169,180.7989],[251,185.5999],[132,186.0964],[328,181.0807],[247,190.7981],[233,187.9535],[327,181.9469],[248,189.0744],[203,185.526],[184,188.1032],[292,188.9765],[291,189.4747],[290,191.1073],[219,187.3495],[130,188.7968],[131,186.0783],[246,191.2319],[107,181.1957],[120,184.4326],[202,186.7863],[221,188.0157],[146,187.0448],[322,188.6951],[118,183.0638],[170,181.4353],[329,182.4026],[218,190.391],[217,190.7776],[339,189.2586],[209,180.196],[307,188.749],[220,190.2395],[262,190.7894],[102,187.2442],[201,189.8042],[260,190.7634],[238,186.3756],[309,187.7113],[149,185.0868],[119,185.6997],[198,191.7875],[227,195.2181],[133,186.3709],[104,185.0647],[274,193.3462],[336,189.9773],[306,190.8809],[89,188.2426],[183,190.5245],[90,185.5036],[320,191.7842],[197,192.2591],[229,193.8932],[244,193.6373],[259,194.7419],[276,193.2166],[134,184.6137],[123,183.3692],[275,192.1681],[289,197.6853],[243,194.9635],[136,183.4844],[305,193.5406],[216,191.9252],[341,184.7667],[215,194.2173],[145,189.2922],[116,187.7187],[200,191.6499],[180,191.0781],[232,193.491],[199,192.1576],[76,184.674],[164,189.1391],[179,192.9365],[228,195.2767],[88,187.7476],[195,196.1777],[196,196.8182],[159,199.8],[256,197.5861],[178,196.6126],[115,188.4686],[40,199.2935],[158,199.9564],[242,196.4338],[213,201.2321],[226,199.0267],[337,190.4999],[103,188.9573],[177,196.3241],[319,196.3573],[293,193.1445],[161,199.7196],[194,203.4081],[163,193.9076],[258,197.1618],[212,203.4084],[240,202.2937],[241,199.8158],[245,198.4037],[55,197.6136],[117,189.284],[325,189.516],[56,190.0646],[162,193.1692],[7,200.2292],[181,190.7897],[31,192.7098],[214,199.0585],[315,199.7229],[318,194.9706],[85,190.1109],[16,198.69],[225,202.3395],[70,193.5412],[29,197.5199],[353,189.3833],[301,198.2776],[19,194.4391],[57,191.5562],[41,195.2636],[182,193.2134],[2,200.5884],[4,200.4771],[1,201.9465],[53,195.9483],[17,199.4383],[44,194.4662],[43,199.2074],[26,196.2249],[60,189.6686],[20,193.7712],[8,203.0581],[67,191.9618],[84,193.9917],[39,199.7967],[342,187.7431],[113,188.8192],[75,190.9982],[351,194.5288],[114,192.0699],[9,197.669],[273,199.8535],[30,200.5588],[54,199.9944],[129,193.954],[331,201.3507],[96,184.9489],[15,197.5483],[13,196.2669],[3,204.0586],[99,198.0118],[143,192.553],[10,196.032],[68,193.9373],[59,191.3437],[124,187.08],[98,188.3254],[69,200.3067],[144,192.349],[51,191.3618],[112,190.6286],[33,194.5155],[28,208.8152],[128,191.0702],[127,188.8193],[141,186.1723],[285,203.0387],[97,189.0531],[303,199.9332],[344,201.8401],[79,196.8859],[257,203.141],[126,189.3029],[12,195.5683],[0,208.8839],[345,201.7236],[65,196.373],[255,203.7357],[362,199.7813],[14,194.8793],[152,187.3255],[82,191.5846],[83,192.8695],[354,207.7519],[369,198.5708],[139,185.5566],[349,195.9783],[21,196.7472],[22,195.2797],[38,198.9097],[106,194.4174],[358,204.0881],[52,198.0876],[5,208.7872],[50,198.5175],[364,210.9627],[365,202.6789],[168,189.185],[23,197.5559],[11,199.7634],[80,193.8654],[95,196.6912],[34,196.1699],[330,213.9909],[36,194.1572],[81,202.7449],[37,192.9787],[42,216.329],[45,195.5397],[24,197.3344],[93,194.2484],[25,202.891],[87,210.4108],[160,202.8845],[270,218.6892],[347,216.7077],[332,211.0244],[333,217.7247],[48,202.4734],[71,198.2279],[355,205.0667],[361,202.8031],[346,213.9617],[287,219.4127],[271,220.3063],[140,187.6228],[157,193.3307],[32,196.2941],[61,205.5931],[286,219.197],[300,223.3775],[302,214.1684],[357,214.9599],[62,203.2883],[105,213.6604],[304,224.0566],[272,228.468],[360,215.3748],[66,197.928],[110,203.4877],[49,201.667],[363,221.8291],[46,201.5161],[35,198.3808],[316,221.4955],[121,206.4464],[348,220.6333],[340,205.2805],[100,200.3172],[111,204.2775],[101,197.4668],[77,197.0836],[125,208.3307],[47,197.1064],[352,215.3624],[58,206.9421],[109,214.0412],[288,218.5561],[6,219.7015],[148,202.3745],[63,199.1527],[359,215.1124],[27,219.9696],[86,201.2074],[356,209.3208],[335,213.4135],[92,204.1194],[323,228.9504],[64,196.4073],[137,196.3075],[338,208.7102],[308,214.6738],[18,220.4953],[334,226.7671],[78,202.0147],[108,202.9363],[74,207.8411],[91,197.4347],[343,217.243],[151,192.2426],[366,216.0553],[122,195.6721],[231,210.527],[135,203.7636],[210,204.8823],[367,216.6384],[73,201.1573],[72,206.3491],[230,221.0989],[314,208.6166],[368,216.487],[176,226.8064],[94,203.0892],[350,222.6526],[191,205.4032],[317,223.7458],[321,216.7832]

Finish Times:
[193,87.40162],[192,88.24164],[175,89.00166],[211,89.80167],[174,90.60169],[173,90.64169],[172,91.68172],[190,91.68172],[208,92.64174],[189,92.68174],[171,93.60176],[207,93.76176],[299,94.56178],[188,94.72179],[283,95.3618],[284,95.56181],[156,96.28182],[297,97.16184],[269,97.20184],[282,98.08186],[268,98.20187],[206,99.08189],[187,99.12189],[267,100.0819],[205,100.4819],[138,101.2019],[254,101.5619],[281,102.122],[155,102.402],[312,103.122],[266,103.242],[239,104.042],[253,104.082],[296,104.882],[186,104.962],[311,105.722],[252,105.802],[237,106.4421],[166,106.8821],[153,107.2821],[280,108.1221],[150,108.3221],[310,109.0821],[250,109.1221],[265,110.1221],[326,110.1621],[294,110.8822],[142,111.6022],[298,111.7222],[278,112.3622],[264,112.6822],[295,113.1622],[167,113.4422],[279,113.9222],[224,114.2022],[324,114.7622],[165,114.9222],[185,115.6423],[236,116.2023],[147,116.7623],[249,117.1623],[223,117.6423],[154,118.2423],[263,118.9623],[204,119.7624],[235,120.1624],[261,121.0824],[277,121.0824],[313,121.9624],[222,122.0824],[234,122.9224],[169,122.9624],[251,123.9225],[132,123.9625],[328,124.8825],[247,125.0425],[233,125.8025],[327,126.5225],[248,126.7625],[203,127.3225],[184,127.6825],[292,128.2425],[291,128.9624],[290,129.2823],[219,129.8822],[130,130.0822],[131,130.8021],[246,131.082],[107,131.7619],[120,132.4818],[202,132.5218],[221,133.1217],[146,133.6816],[322,134.0015],[118,134.8814],[170,134.9614],[329,135.8412],[218,136.0412],[217,136.6811],[339,137.041],[209,137.5609],[307,138.4408],[220,138.5208],[262,139.2007],[102,139.4006],[201,140.1205],[260,140.6404],[238,141.1603],[309,141.5603],[149,142.1602],[119,143.04],[198,143.12],[227,144.0798],[133,144.1198],[104,145.0397],[274,145.1597],[336,145.9995],[306,146.7594],[89,146.9594],[183,147.7192],[90,147.8792],[320,148.8391],[197,149.399],[229,150.2788],[244,150.2788],[259,151.1587],[276,151.1587],[134,151.9185],[123,152.1985],[275,152.7984],[289,152.9984],[243,153.6782],[136,153.8382],[305,154.5181],[216,154.5981],[341,155.238],[215,155.5979],[145,156.1578],[116,157.0777],[200,157.1976],[180,157.9175],[232,157.9975],[199,158.9973],[76,159.5173],[164,160.3971],[179,160.5571],[228,161.5569],[88,161.8369],[195,162.6767],[196,162.7167],[159,163.4366],[256,164.1165],[178,164.1565],[115,164.9164],[40,164.9963],[158,165.6762],[242,165.9162],[213,166.996],[226,167.036],[337,167.8359],[103,167.9158],[177,168.7957],[319,169.6756],[293,169.7155],[161,170.3954],[194,170.7554],[163,171.2753],[258,172.1151],[212,172.3951],[240,173.115],[241,173.155],[245,174.0348],[55,174.1548],[117,174.8747],[325,174.9547],[56,175.9145],[162,175.9145],[7,176.8344],[181,176.9543],[31,177.8342],[214,178.0341],[315,178.914],[318,178.994],[85,179.8738],[16,179.9538],[225,180.7137],[70,180.8737],[29,181.5936],[353,181.7135],[301,182.5134],[19,182.5534],[57,183.4332],[41,184.1531],[182,184.3531],[2,185.033],[4,185.6329],[1,186.2728],[53,186.3927],[17,187.1926],[44,187.9925],[43,188.1924],[26,189.2323],[60,189.2723],[20,190.1521],[8,190.1921],[67,190.992],[84,191.1519],[39,192.2318],[342,192.2718],[113,193.0316],[75,193.2316],[351,193.9515],[114,194.0715],[9,194.8313],[273,194.9113],[30,195.9111],[54,196.2711],[129,197.1909],[331,197.2709],[96,197.9108],[15,198.2308],[13,198.8307],[3,199.5905],[99,200.1104],[143,200.3504],[10,200.9503],[68,201.5902],[59,201.9101],[124,202.3901],[98,202.71],[69,203.3499],[144,203.5499],[51,204.3097],[112,204.4697],[33,205.3496],[28,206.1094],[128,206.1894],[127,206.9893],[141,207.0293],[285,207.7092],[97,208.3491],[303,208.3891],[344,209.0289],[79,209.3089],[257,209.9488],[126,210.1088],[12,210.9086],[0,210.9486],[345,211.7085],[65,211.9884],[255,212.7083],[362,212.7883],[14,213.7881],[152,213.7881],[82,214.628],[83,214.908],[354,215.6278],[369,215.6678],[139,216.5477],[349,216.5877],[21,217.5875],[22,217.8675],[38,218.6273],[106,219.3072],[358,219.5472],[52,220.1471],[5,220.347],[50,221.0269],[364,221.2269],[365,221.9868],[168,222.0668],[23,222.7866],[11,223.4665],[80,223.5465],[95,224.2264],[34,224.3464],[330,225.2262],[36,225.2662],[81,226.2261],[37,226.346],[42,227.1059],[45,227.3859],[24,228.1457],[93,228.7856],[25,229.1856],[87,229.7855],[160,230.0654],[270,230.9453],[347,231.0652],[332,231.9051],[333,231.9451],[48,232.745],[71,233.3849],[355,233.5848],[361,234.3847],[346,234.5847],[287,235.4645],[271,235.5045],[140,236.3444],[157,236.5043],[32,237.2642],[61,237.3842],[286,238.1041],[300,238.8639],[302,238.9039],[357,239.5838],[62,239.7438],[105,240.3837],[304,240.6236],[272,241.1835],[360,241.4235],[66,242.0234],[110,242.2234],[49,242.9832],[363,243.3832],[46,244.1431],[35,244.383],[316,245.1029],[121,245.1829],[348,245.9827],[340,246.0227],[100,247.0226],[111,247.0626],[101,247.8624],[77,248.6223],[125,248.6223],[47,249.3022],[352,250.0221],[58,250.142],[109,250.7819],[288,250.7819],[6,251.6218],[148,251.6618],[63,252.5416],[359,252.9416],[27,253.6215],[86,253.9014],[356,254.5413],[335,254.7413],[92,255.5411],[323,255.5411],[64,256.4612],[137,256.5412],[338,257.2613],[308,257.6614],[18,258.1015],[334,258.6616],[78,258.9817],[108,259.7419],[74,260.422],[91,260.502],[343,261.1822],[151,261.3022],[366,262.0223],[122,262.1424],[231,262.7825],[135,263.1026],[210,263.6627],[367,264.3828],[73,264.8229],[72,265.143],[230,266.1832],[314,266.2232],[368,267.1834],[176,267.7836],[94,268.5837],[350,269.1839],[191,270.1841],[317,270.9843],[321,271.8644]

Stuck Times:
[193,0],[192,0],[175,0],[211,0],[174,1],[173,1],[172,1],[190,1],[208,3],[189,1],[171,2],[207,3],[299,2],[188,2],[283,3],[284,3],[156,6],[297,3],[269,3],[282,5],[268,4],[206,6],[187,4],[267,6],[205,8],[138,10],[254,7],[281,8],[155,12],[312,11],[266,10],[239,9],[253,11],[296,12],[186,12],[311,14],[252,11],[237,14],[166,10],[153,19],[280,14],[150,15],[310,17],[250,15],[265,16],[326,18],[294,17],[142,21],[298,21],[278,18],[264,20],[295,19],[167,21],[279,19],[224,22],[324,22],[165,20],[185,25],[236,19],[147,25],[249,21],[223,23],[154,29],[263,25],[204,25],[235,27],[261,23],[277,26],[313,32],[222,27],[234,27],[169,33],[251,30],[132,26],[328,33],[247,29],[233,26],[327,33],[248,33],[203,32],[184,30],[292,35],[291,34],[290,32],[219,32],[130,32],[131,35],[246,36],[107,38],[120,40],[202,34],[221,35],[146,40],[322,40],[118,41],[170,49],[329,45],[218,38],[217,36],[339,42],[209,48],[307,45],[220,41],[262,45],[102,42],[201,44],[260,48],[238,50],[309,47],[149,51],[119,51],[198,47],[227,45],[133,52],[104,52],[274,48],[336,53],[306,51],[89,53],[183,50],[90,56],[320,53],[197,48],[229,50],[244,54],[259,54],[276,55],[134,60],[123,62],[275,56],[289,53],[243,54],[136,67],[305,59],[216,58],[341,66],[215,58],[145,64],[116,63],[200,62],[180,61],[232,63],[199,63],[76,66],[164,62],[179,64],[228,67],[88,67],[195,70],[196,67],[159,63],[256,71],[178,70],[115,66],[40,67],[158,67],[242,66],[213,68],[226,67],[337,73],[103,75],[177,70],[319,70],[293,77],[161,71],[194,68],[163,75],[258,73],[212,71],[240,76],[241,75],[245,75],[55,78],[117,81],[325,85],[56,84],[162,80],[7,78],[181,82],[31,86],[214,84],[315,85],[318,89],[85,86],[16,83],[225,84],[70,90],[29,87],[353,93],[301,90],[19,88],[57,88],[41,87],[182,90],[2,88],[4,89],[1,91],[53,93],[17,93],[44,97],[43,93],[26,95],[60,100],[20,102],[8,91],[67,99],[84,99],[39,101],[342,103],[113,108],[75,102],[351,100],[114,107],[9,100],[273,97],[30,99],[54,106],[129,109],[331,103],[96,114],[15,104],[13,109],[3,101],[99,108],[143,115],[10,108],[68,110],[59,112],[124,121],[98,119],[69,112],[144,119],[51,125],[112,121],[33,116],[28,112],[128,126],[127,124],[141,125],[285,109],[97,125],[303,115],[344,119],[79,120],[257,112],[126,128],[12,119],[0,109],[345,122],[65,125],[255,117],[362,126],[14,124],[152,125],[82,126],[83,129],[354,121],[369,132],[139,127],[349,121],[21,126],[22,126],[38,129],[106,132],[358,130],[52,136],[5,122],[50,141],[364,131],[365,133],[168,133],[23,132],[11,131],[80,140],[95,139],[34,134],[330,132],[36,146],[81,138],[37,142],[42,128],[45,134],[24,142],[93,143],[25,147],[87,137],[160,133],[270,129],[347,139],[332,145],[333,137],[48,144],[71,140],[355,144],[361,149],[346,146],[287,137],[271,138],[140,150],[157,161],[32,147],[61,146],[286,142],[300,139],[302,142],[357,153],[62,148],[105,146],[304,140],[272,137],[360,146],[66,160],[110,157],[49,151],[363,144],[46,152],[35,161],[316,148],[121,156],[348,153],[340,154],[100,149],[111,165],[101,153],[77,158],[125,163],[47,159],[352,155],[58,153],[109,164],[288,149],[6,154],[148,162],[63,160],[359,163],[27,151],[86,155],[356,164],[335,158],[92,163],[323,152],[64,167],[137,173],[338,160],[308,163],[18,154],[334,159],[78,168],[108,172],[74,165],[91,167],[343,165],[151,173],[366,171],[122,171],[231,164],[135,175],[210,172],[367,167],[73,172],[72,172],[230,164],[314,174],[368,182],[176,168],[94,176],[350,167],[191,178],[317,182],[321,174]

