Experiment Name: Starcraft-HellFire-3
Method Used: RegionalFlowGraph
Run Number: 5
Preparation Time: 3106.7782ms
Pathfinding Time: 6.8071ms
Finish Time: 187.1526ms
Finish Time 90%: 180.3138ms
Repaths: 0
Soft Repaths: 0

Gates Data:
36:[193,[14.9913,29.97427,0,[445.0008,212.6821]]],[192,[15.69732,31.3641,0,[445.0009,213.5417]]],[173,[15.79029,31.34355,0,[445.0009,212.3954]]],[175,[14.90944,29.73,0,[446.0009,211.2728]]],[191,[16.40534,32.77737,0,[445.0009,214.3438]]],[174,[15.6492,31.08885,0,[445.966,212.0004]]],[172,[16.4598,32.81277,0,[445.0009,213.1626]]],[171,[17.11393,33.91001,0,[445.0009,213.5418]]],[189,[17.53297,34.87381,0,[445.0009,214.6299]]],[208,[17.73283,35.32355,0,[445.0009,215.9429]]],[154,[16.78406,32.74512,0,[445.0009,212.2903]]],[155,[16.72163,32.471,0,[446.0009,211.9874]]],[157,[15.38743,29.39658,0,[446.0009,210.3386]]],[207,[18.12627,35.64985,0,[445.0009,214.8658]]],[156,[16.07281,31.07368,0,[446.0009,211.3779]]],[299,[18.38222,36.43726,0,[445.0009,216.0024]]],[170,[17.81336,35.04512,0,[445.0009,213.7049]]],[284,[18.77657,36.72898,0,[445.0009,215.1684]]],[313,[18.74328,37.18214,0,[444.8896,217.0003]]],[298,[19.13983,37.52908,0,[445.001,216.2294]]],[206,[18.97214,36.24594,0,[445.0009,214.1182]]],[312,[19.70474,38.22832,0,[445.001,216.7851]]],[142,[16.20306,30.86821,0,[446.001,210.3042]]],[211,[15.87206,31.73307,0,[445.0009,215.0211]]],[269,[19.3694,37.44611,0,[445.001,215.1201]]],[188,[18.40186,35.7001,0,[445.0009,214.0697]]],[314,[18.1246,36.22363,0,[444.8828,217.0004]]],[167,[20.3287,38.57463,0,[445.0009,214.0216]]],[283,[19.89348,38.10627,0,[445.001,215.81]]],[169,[18.01441,34.84003,0,[445.001,212.3146]]],[123,[20.91978,37.82008,0,[445.0009,214.1878]]],[205,[20.07639,38.01585,0,[445.0009,214.8531]]],[328,[18.19349,36.28127,0,[444.0009,217.773]]],[168,[19.57675,37.29834,0,[445.001,214.1281]]],[297,[20.53637,39.16235,0,[445.001,216.3609]]],[109,[20.35295,36.60521,0,[445.001,212.9276]]],[151,[18.38629,35.21501,0,[446.001,211.3957]]],[108,[20.99894,37.70786,0,[445.0009,213.1686]]],[122,[21.60036,38.28297,0,[445.001,213.34]]],[150,[19.15984,36.65379,0,[445.001,213.1628]]],[141,[16.77827,31.86062,0,[446.0009,210.1956]]],[136,[21.58774,39.01098,0,[445.001,214.4386]]],[138,[18.64688,34.75376,0,[445.001,212.059]]],[254,[20.65648,38.69893,0,[445.001,215.328]]],[152,[17.49913,34.4685,0,[445.001,212.6248]]],[82,[21.71963,36.84864,0,[445.0475,212.0004]]],[186,[21.24806,38.92358,0,[445.001,215.2608]]],[137,[19.77827,36.97059,0,[445.001,213.1775]]],[327,[18.81977,37.29944,0,[444.001,217.4218]]],[107,[22.38542,40.44316,0,[445.0009,214.4674]]],[268,[21.24545,39.88665,0,[445.001,216.3587]]],[95,[20.6918,36.76148,0,[445.4646,212.0003]]],[239,[21.82295,40.50841,0,[445.0009,216.0078]]],[326,[19.73634,38.52592,0,[444.001,217.0272]]],[149,[22.18373,39.77413,0,[445.0009,215.3681]]],[124,[19.24247,35.46597,0,[445.001,212.1065]]],[94,[21.14352,37.7534,0,[445.001,212.1676]]],[187,[18.5067,35.88137,0,[445.001,213.0598]]],[351,[21.03151,39.26659,0,[444.001,218.0698]]],[153,[17.81749,33.88562,0,[446.001,211.7611]]],[110,[19.80198,34.92532,0,[445.0157,212.0004]]],[80,[22.19741,38.66437,0,[445.0009,213.2918]]],[79,[22.93646,40.63931,0,[445.0009,214.327]]],[66,[23.22329,40.59209,0,[445.001,213.4584]]],[209,[17.29354,34.53733,0,[444.715,217.0005]]],[166,[22.53679,42.1314,0,[445.0009,216.6774]]],[67,[22.5274,39.18724,0,[445.0009,212.5871]]],[140,[17.19721,33.40594,0,[446.001,211.3388]]],[135,[22.76462,41.84075,0,[444.0029,217.0004]]],[148,[22.94211,41.65544,0,[445.0009,215.7858]]],[52,[24.00989,41.6822,0,[445.0009,214.0906]]],[112,[19.69586,34.42853,0,[446.001,211.0739]]],[253,[21.61252,40.74266,0,[444.4649,217.0003]]],[93,[23.52183,41.79374,0,[445.001,215.1917]]],[68,[22.79379,39.42319,0,[446.001,211.5903]]],[39,[24.69556,43.08368,0,[445.0009,213.636]]],[98,[21.44107,34.25832,0,[446.001,210.004]]],[65,[24.31427,43.33778,0,[445.0008,215.7911]]],[99,[22.09641,36.29609,0,[446.001,211.1166]]],[53,[23.75994,39.79057,0,[445.0009,212.4412]]],[114,[23.23174,35.1804,0,[446.001,210.7851]]],[127,[19.26139,31.86788,0,[446.001,209.9813]]],[83,[23.01505,37.86753,0,[445.001,212.0207]]],[97,[20.85492,35.08379,0,[446.001,210.9847]]],[121,[23.87548,42.47999,0,[445.001,216.664]]],[144,[26.08314,36.71281,0,[445.5681,212.0004]]],[342,[18.11246,36.20592,0,[444.0009,218.9169]]],[126,[18.03398,32.86833,0,[446.001,209.8271]]],[369,[21.32775,39.24248,0,[444.001,219.2612]]],[84,[25.24603,40.9376,0,[445.0009,212.4166]]],[113,[20.61435,32.96312,0,[446.001,209.8597]]],[81,[21.47783,37.28559,0,[446.001,211.2016]]],[111,[18.5989,34.11874,0,[446.001,210.3535]]],[51,[24.87492,43.86874,0,[445.0009,215.2218]]],[129,[22.40703,32.71972,0,[446.001,210.1824]]],[311,[20.56116,39.03322,0,[444.001,217.1311]]],[362,[20.35289,37.93472,0,[444.001,218.9906]]],[96,[20.30277,35.84187,0,[446.001,211.192]]],[329,[17.64848,35.28514,0,[444.0009,217.8844]]],[139,[17.73968,33.69221,0,[446.001,210.6244]]],[339,[22.88214,39.70456,0,[444.001,218.5967]]],[69,[24.04778,38.4077,0,[446.0009,211.2729]]],[352,[19.43596,38.15306,0,[444.001,219.2365]]],[128,[19.93957,31.65663,0,[446.0009,210.0506]]],[282,[21.69436,40.19957,0,[444.0009,218.1294]]],[125,[19.12309,34.45449,0,[446.001,211.1836]]],[340,[19.38662,38.03452,0,[444.001,218.0545]]],[143,[24.76199,34.24384,0,[446.0009,210.9306]]],[341,[18.74787,37.09013,0,[444.001,218.4609]]],[54,[24.41831,41.01046,0,[445.0009,212.1402]]],[185,[22.25309,41.73582,0,[444.0009,217.6488]]],[353,[18.71196,37.10595,0,[444.001,219.5312]]],[361,[20.17848,39.0093,0,[444.001,217.9164]]],[210,[16.64355,33.2517,0,[445.0008,215.9875]]],[190,[17.07417,34.09893,0,[445.0009,215.0964]]]
39:[193,[39.14498,77.93985,0,[486.1659,236.0003]]],[192,[40.00595,79.10439,0,[486.3618,236.0004]]],[173,[40.70642,80.08932,0,[486.001,236.481]]],[175,[41.46519,80.02865,0,[487.9806,236.0004]]],[191,[41.55404,80.42089,0,[486.001,236.4108]]],[174,[42.12709,80.38656,0,[487.7343,236.0004]]],[172,[42.37252,81.40488,0,[486.001,236.3383]]],[171,[42.8918,83.22063,0,[487.7389,236.0004]]],[189,[43.24636,82.34532,0,[486.001,236.4694]]],[208,[44.09825,83.20573,0,[486.001,236.6173]]],[154,[43.80441,83.21864,0,[488.0009,235.9969]]],[155,[45.40478,82.03297,0,[487.8123,236.0005]]],[157,[44.62091,82.01743,0,[487.9938,236.0004]]],[207,[45.10098,83.52,0,[486.001,236.5703]]],[156,[46.23734,81.45726,0,[488.0009,235.822]]],[299,[46.33607,84.51894,0,[486.001,236.5448]]],[170,[46.48979,84.52685,0,[487.1783,236.0005]]],[284,[47.59939,86.81828,0,[488.0009,235.9847]]],[313,[47.515,84.89062,0,[486.001,236.3359]]],[298,[48.35271,85.86391,0,[486.001,236.5913]]],[206,[48.30648,86.51389,0,[487.9866,236.0003]]],[312,[49.22946,86.45941,0,[486.001,236.3203]]],[142,[49.59323,82.53974,0,[488.0009,235.9541]]],[211,[50.44361,79.40379,0,[486.001,236.1131]]],[269,[50.51011,86.43826,0,[487.2198,236.0005]]],[188,[52.31833,86.62116,0,[486.8267,236.0004]]],[314,[51.20174,84.16598,0,[486.001,236.0915]]],[167,[52.57851,87.52421,0,[486.001,236.433]]],[283,[53.5994,86.86459,0,[486.001,236.4389]]],[169,[53.77015,86.34249,0,[488.0009,235.9678]]],[123,[54.26624,86.66396,0,[486.001,236.3381]]],[205,[54.68869,88.7912,0,[488.0009,235.9223]]],[328,[55.0338,85.8812,0,[486.001,236.5513]]],[168,[55.70245,87.70276,0,[488.0009,235.9878]]],[297,[55.85199,87.94543,0,[486.001,236.5237]]],[109,[56.58878,88.13269,0,[488.0009,235.9807]]],[151,[57.18488,86.39698,0,[487.4683,236.0004]]],[108,[57.08905,87.16587,0,[486.0009,236.3313]]],[122,[57.92482,87.0565,0,[486.0009,236.3582]]],[150,[58.19958,87.61552,0,[488.0009,235.812]]],[141,[58.8518,83.89536,0,[486.0009,236.3107]]],[136,[59.74602,88.12211,0,[486.0009,236.4305]]],[138,[59.2038,86.49334,0,[487.792,236.0003]]],[254,[60.41254,87.5473,0,[486.0008,236.1698]]],[152,[60.48342,86.88127,0,[487.8603,236.0003]]],[82,[61.47053,86.69301,0,[486.001,236.4289]]],[186,[62.69759,89.5781,0,[487.5703,236.0004]]],[137,[61.70302,88.56064,0,[487.4449,236.0004]]],[327,[62.51388,87.50069,0,[486.001,236.5192]]],[107,[63.56063,91.79483,0,[487.9004,236.0004]]],[268,[63.66176,89.20068,0,[486.001,236.4065]]],[95,[64.4273,88.16711,0,[487.9325,236.0004]]],[239,[65.05354,91.43643,0,[486.9012,236.0005]]],[326,[65.26349,89.5061,0,[486.001,236.3154]]],[149,[66.43797,90.09251,0,[486.001,236.462]]],[124,[66.511,87.56188,0,[487.4865,236.0005]]],[94,[67.59138,90.96302,0,[488.0009,235.999]]],[187,[67.69973,88.71454,0,[486.8387,236.0004]]],[351,[67.88387,90.46558,0,[486.001,236.5556]]],[153,[69.02321,86.90295,0,[487.7866,236.0004]]],[110,[69.32414,86.74041,0,[486.001,236.497]]],[80,[69.68745,90.37845,0,[487.5015,236.0005]]],[79,[70.24084,92.00072,0,[486.001,236.4738]]],[66,[70.70723,93.19395,0,[488.0009,235.9995]]],[209,[71.05499,85.23854,0,[486.001,236.4475]]],[166,[71.58347,93.7495,0,[487.83,236.0004]]],[67,[71.87323,91.43793,0,[486.0009,236.4888]]],[140,[72.51589,86.98544,0,[488.0009,235.9435]]],[135,[72.82149,93.46822,0,[486.0009,236.4911]]],[148,[73.21045,93.89342,0,[487.6808,236.0003]]],[52,[73.68917,93.45905,0,[486.0009,236.4149]]],[112,[74.02792,87.63526,0,[487.5595,236.0003]]],[253,[74.81381,93.9303,0,[487.4115,236.0004]]],[93,[75.33898,93.47896,0,[486.001,236.4255]]],[68,[74.7196,91.88602,0,[486.1599,236.0005]]],[39,[75.98708,95.15614,0,[486.001,236.5275]]],[98,[76.55202,88.64318,0,[488.0009,235.9138]]],[65,[76.70834,95.79596,0,[486.001,236.5135]]],[99,[77.5263,90.89502,0,[486.0009,236.2894]]],[53,[77.39691,94.52637,0,[488.0009,235.9803]]],[114,[78.35001,89.14672,0,[486.001,236.3288]]],[127,[78.0462,87.35962,0,[487.7521,236.0003]]],[83,[79.32452,92.38669,0,[486.001,236.4638]]],[97,[79.00276,88.84357,0,[487.8862,236.0004]]],[121,[80.15682,94.76945,0,[486.001,236.3732]]],[144,[79.69294,88.62744,0,[487.4962,236.0004]]],[342,[81.05309,89.48035,0,[486.001,236.4753]]],[126,[80.77065,87.98956,0,[487.996,236.0004]]],[369,[81.83614,96.88602,0,[486.0009,236.4355]]],[84,[81.57467,97.1314,0,[488.0009,235.9281]]],[113,[82.6928,88.02993,0,[486.0009,236.4336]]],[81,[82.44757,92.43258,0,[488.0009,235.9334]]],[111,[83.53631,88.88279,0,[486.001,236.3898]]],[51,[83.13159,97.32938,0,[487.6841,236.0004]]],[129,[84.45448,88.65434,0,[486.001,236.4097]]],[311,[83.97253,96.56785,0,[487.7163,236.0004]]],[362,[85.50739,94.87076,0,[487.0116,236.0004]]],[96,[84.84671,90.19239,0,[487.6058,236.0004]]],[329,[85.72099,91.7131,0,[486.001,236.5167]]],[139,[86.73733,91.66998,0,[487.9684,236.0004]]],[339,[86.78843,97.95352,0,[486.001,236.3448]]],[69,[87.29733,96.72939,0,[487.7101,236.0004]]],[352,[87.72837,99.95998,0,[486.001,236.3201]]],[128,[88.28765,88.25678,0,[487.9198,236.0003]]],[282,[88.56406,96.91698,0,[486.001,236.4108]]],[125,[89.10225,92.89938,0,[487.7489,236.0003]]],[340,[89.36889,94.64727,0,[486.001,236.4505]]],[143,[90.06284,93.57562,0,[487.9263,236.0003]]],[341,[90.50034,91.31367,0,[486.001,236.4274]]],[54,[90.58746,101.6414,0,[487.3523,236.0003]]],[185,[91.40893,100.377,0,[486.001,236.3696]]],[353,[92.73979,97.9724,0,[487.4466,236.0004]]],[361,[91.72316,98.07322,0,[487.8369,236.0004]]],[210,[92.45151,93.11475,0,[486.0009,236.2384]]],[190,[94.13826,91.54465,0,[486.4644,236.0004]]]
40:[193,[63.10096,125.1199,0,[506.9673,269.001]]],[192,[63.98103,126.1314,0,[507,269.0009]]],[173,[64.82278,126.9722,0,[506.2742,269.001]]],[175,[65.51982,126.7558,0,[507.4309,269.001]]],[191,[65.8212,127.2852,0,[506.0096,269.001]]],[174,[66.42515,127.5213,0,[507.3047,269.001]]],[172,[67.11895,129.4904,0,[505.9232,270.001]]],[171,[67.34512,130.566,0,[507.5413,269.001]]],[189,[67.40478,129.308,0,[506.001,269.001]]],[208,[68.13905,129.9351,0,[506.0019,269.001]]],[154,[68.37963,130.0784,0,[507.4586,269.001]]],[155,[69.49942,128.5752,0,[505.9956,270.001]]],[157,[69.30464,128.7591,0,[507.407,269.001]]],[207,[70.27821,131.3763,0,[505.9299,270.001]]],[156,[70.21985,128.1518,0,[507.1364,269.001]]],[299,[71.35577,132.2518,0,[505.9434,270.001]]],[170,[71.01433,131.7043,0,[507.4868,269.001]]],[284,[72.01542,133.4266,0,[507.4143,269.001]]],[313,[72.66108,132.8215,0,[505.9679,270.001]]],[298,[73.46812,133.7911,0,[505.9289,270.001]]],[206,[73.42491,133.4348,0,[507.1179,269.001]]],[312,[74.58666,134.3976,0,[505.9789,270.001]]],[142,[74.1684,129.3105,0,[507.5763,269.001]]],[211,[75.43026,127.6092,0,[505.968,270.001]]],[269,[75.26759,133.865,0,[507.3438,269.001]]],[188,[76.14402,132.8449,0,[506,269.0007]]],[314,[76.15971,132.6282,0,[507.5185,269.001]]],[167,[77.01856,134.821,0,[507.0037,269.001]]],[283,[78.30565,134.7567,0,[505.966,270.001]]],[169,[78.0436,133.1352,0,[507.4258,269.001]]],[123,[79.16977,134.6102,0,[505.9558,270.001]]],[205,[78.89841,135.5295,0,[507.4484,269.001]]],[328,[79.57895,132.7436,0,[506,269.0002]]],[168,[79.93051,134.3963,0,[507.4224,269.001]]],[297,[80.86774,135.6945,0,[505.928,270.001]]],[109,[80.88359,134.861,0,[507,269.0001]]],[151,[81.5343,133.3425,0,[507.6972,269.001]]],[108,[81.79093,133.9894,0,[506.0958,269.001]]],[122,[82.6862,134.0556,0,[506.0009,269.001]]],[150,[82.68649,134.2451,0,[507.5718,269.001]]],[141,[83.70795,131.4957,0,[507.0543,269.001]]],[136,[84.79372,135.9171,0,[505.9277,270.001]]],[138,[84.70181,133.4647,0,[507.3088,269.001]]],[254,[85.78246,135.5324,0,[505.9881,270.001]]],[152,[85.65195,133.8232,0,[507.4614,269.001]]],[82,[86.05423,133.7553,0,[506.0501,269.001]]],[186,[87.25739,136.4118,0,[505.9836,270.001]]],[137,[86.90947,136.0562,0,[507.5143,269.001]]],[327,[87.94457,135.163,0,[505.7614,270.001]]],[107,[87.87239,138.5708,0,[507.085,269.001]]],[268,[88.58118,136.1045,0,[506.0082,269.001]]],[95,[88.61521,134.7397,0,[507.6416,269.001]]],[239,[89.6854,138.9555,0,[507.5614,269.001]]],[326,[90.23826,137.3934,0,[505.9684,270.001]]],[149,[91.09098,137.8832,0,[505.9424,270.001]]],[124,[90.88496,134.6332,0,[507.3887,269.001]]],[94,[91.74065,137.4084,0,[507.5425,269.001]]],[187,[91.87653,135.0377,0,[506.0019,269.001]]],[351,[93.24882,138.216,0,[505.9809,270.001]]],[153,[93.03657,133.7413,0,[507.4012,269.001]]],[110,[94.06145,134.4467,0,[505.9394,270.001]]],[80,[93.88206,137.3677,0,[507.3637,269.001]]],[79,[94.97533,139.8633,0,[505.9562,270.001]]],[66,[94.76176,139.9181,0,[507.442,269.001]]],[209,[95.80042,133.0527,0,[505.959,270.001]]],[166,[95.63605,140.6746,0,[507.3932,269.001]]],[67,[96.67661,139.3032,0,[505.9623,270.001]]],[140,[96.52063,133.8708,0,[507.3848,269.001]]],[135,[97.6246,141.4154,0,[505.9932,270.001]]],[148,[97.46551,141.0618,0,[507.4367,269.001]]],[52,[97.92767,140.4821,0,[506.092,269.001]]],[112,[98.60187,134.9275,0,[507.2015,269.001]]],[253,[99.13651,140.8332,0,[505.6443,270.001]]],[93,[99.96838,141.3684,0,[505.9711,270.001]]],[68,[99.73766,140.3961,0,[507.4536,269.001]]],[39,[100.3785,142.0302,0,[506.004,269.001]]],[98,[100.7498,135.4228,0,[507.4382,269.001]]],[65,[101.1761,142.8166,0,[506.0809,269.001]]],[99,[102.3603,138.8739,0,[505.4872,270.001]]],[53,[101.9865,141.5061,0,[507.0822,269.001]]],[114,[102.6696,135.9913,0,[506.0061,269.001]]],[127,[102.7632,134.5701,0,[507.6013,269.001]]],[83,[103.8108,139.491,0,[506,269.4476]]],[97,[103.647,135.7088,0,[507.5627,269.001]]],[121,[104.4425,141.6538,0,[506.0036,269.001]]],[144,[104.5208,135.6942,0,[507.565,269.001]]],[342,[105.319,136.4166,0,[506.0006,269.001]]],[126,[105.4401,135.0751,0,[507.5392,269.001]]],[369,[106.1747,143.7905,0,[506.0114,269.001]]],[84,[106.5835,144.3073,0,[507.422,269.001]]],[113,[107.3962,135.9923,0,[505.9563,270.001]]],[81,[107.341,139.6075,0,[507.2538,269.001]]],[111,[108.1967,136.7241,0,[505.8741,270.001]]],[51,[108.1508,144.8295,0,[507.1491,269.001]]],[129,[109.023,136.4935,0,[505.8078,270.001]]],[311,[108.9162,143.4653,0,[507.1699,269.001]]],[362,[109.9244,142.1624,0,[505.8844,270.001]]],[96,[109.8397,137.3711,0,[507.2248,269.001]]],[329,[110.7929,139.5306,0,[505.8147,270.001]]],[139,[110.6388,138.5072,0,[507.2361,269.001]]],[339,[111.6156,145.8251,0,[505.8244,270.001]]],[69,[111.4922,143.7271,0,[507.1852,269.001]]],[352,[112.5551,147.6938,0,[505.8214,270.001]]],[128,[112.374,134.8577,0,[507.2332,269.001]]],[282,[113.6514,144.773,0,[505.9881,270.001]]],[125,[113.3492,139.7681,0,[507.4843,269.001]]],[340,[114.6364,142.7043,0,[505.99,270.001]]],[143,[114.3058,140.4829,0,[507.4833,269.001]]],[341,[115.5615,139.2211,0,[505.9844,270.001]]],[54,[115.4743,149.069,0,[507.3296,269.001]]],[185,[116.012,147.7448,0,[506.0483,269.001]]],[353,[116.8307,143.8533,0,[506,269.0005]]],[361,[116.9425,144.9474,0,[507.5215,269.001]]],[210,[117.7763,140.9643,0,[506.9301,269.001]]],[190,[118.6159,138.4787,0,[507.0143,269.001]]]
26:[343,[25.50531,50.98495,1,[358.9991,236.0428]]],[331,[26.36525,52.4677,1,[357.9991,235.5137]]],[330,[25.50093,50.9091,1,[357.9991,234.8187]]],[332,[26.74582,53.1958,1,[358.5817,236.0004]]],[316,[25.96156,51.33162,1,[357.9991,233.9579]]],[318,[27.32975,54.0656,1,[357.9991,235.4186]]],[317,[26.69123,52.55414,1,[357.9991,234.4719]]],[315,[26.00429,50.75719,1,[356.9991,232.781]]],[319,[27.64543,54.67596,1,[358.5847,236.0004]]],[344,[26.23344,52.35066,1,[358.9991,236.7077]]],[302,[27.01992,52.86304,1,[357.9991,233.5959]]],[305,[28.53598,56.45675,1,[358.9991,236.129]]],[303,[27.71683,54.501,1,[357.9991,234.7121]]],[320,[28.06478,55.66185,1,[358.9991,236.6667]]],[301,[26.37886,51.84271,1,[357.6864,233.0004]]],[321,[28.7906,56.97647,1,[358.9991,237.3364]]],[290,[29.00135,57.33492,1,[357.9991,235.377]]],[304,[28.40909,56.01295,1,[357.9991,235.7162]]],[300,[27.16841,51.76499,1,[356.9991,232.5503]]],[355,[26.88713,53.74681,1,[358.9991,238.7991]]],[291,[29.62026,58.35498,1,[358.0511,236.0004]]],[289,[28.36739,55.63636,1,[357.9991,234.4526]]],[306,[29.25686,57.73,1,[358.9991,236.8454]]],[288,[27.6743,54.26647,1,[357.9991,233.403]]],[259,[29.6818,57.66978,1,[357.9991,234.3664]]],[336,[29.249,58.25502,1,[358.9991,238.519]]],[274,[29.09628,56.7818,1,[357.9991,234.3545]]],[356,[27.05871,54.09071,1,[359.9991,239.1611]]],[275,[30.08023,58.6074,1,[357.9991,235.5368]]],[287,[27.84873,53.62666,1,[356.9991,232.5573]]],[292,[29.9698,59.27872,1,[358.9991,237.2196]]],[258,[28.95981,56.34005,1,[357.9991,233.057]]],[333,[27.19413,54.19621,1,[358.9991,236.7613]]],[322,[29.67365,58.26441,1,[358.9991,238.0279]]],[273,[28.32535,55.37066,1,[357.9991,233.2009]]],[276,[30.01671,58.85957,1,[358.9991,236.1682]]],[272,[28.61863,54.68388,1,[356.9991,232.2036]]],[345,[26.89958,53.70491,1,[358.9991,237.5203]]],[293,[30.64027,60.60881,1,[358.9991,237.5381]]],[277,[30.65825,59.85399,1,[358.9991,236.4394]]],[260,[30.32236,58.42257,1,[357.9991,234.3478]]],[247,[31.55234,61.13261,1,[358.9991,236.1825]]],[262,[31.33771,60.76612,1,[358.9991,237.0448]]],[246,[31.45489,60.93153,1,[358.0295,236.0004]]],[261,[30.73061,59.81052,1,[357.9991,235.5376]]],[244,[29.58562,57.45301,1,[357.9991,233.0639]]],[231,[32.11123,61.32906,1,[357.9991,235.5562]]],[229,[30.24607,58.48843,1,[357.9991,233.0669]]],[278,[31.35133,61.72036,1,[358.9991,238.1693]]],[230,[31.59383,60.09097,1,[357.9991,234.4832]]],[248,[32.07378,62.65119,1,[358.9991,237.2149]]],[245,[31.11694,59.67235,1,[357.9991,234.8427]]],[233,[32.29313,62.83487,1,[358.9991,236.3304]]],[257,[29.47869,55.86535,1,[356.9991,232.2928]]],[232,[32.71095,62.42388,1,[357.9991,235.5558]]],[234,[32.75671,64.33992,1,[358.9991,237.4292]]],[243,[30.20334,57.33167,1,[356.9991,232.2587]]],[307,[30.39158,59.63335,1,[358.9991,238.4662]]],[219,[33.44719,64.41516,1,[358.023,236.0004]]],[217,[32.13873,61.47707,1,[357.9991,234.3281]]],[263,[31.98304,62.45993,1,[358.9991,238.2361]]],[235,[33.53651,65.36201,1,[358.9991,237.9259]]],[220,[33.09584,64.80668,1,[358.9991,236.74]]],[242,[30.88985,56.97253,1,[357.9991,233.5436]]],[218,[32.92121,62.79073,1,[357.9991,234.6711]]],[249,[32.62577,64.24686,1,[358.9991,238.5162]]],[228,[31.42397,58.33323,1,[357.9991,233.1077]]],[201,[33.78404,65.42538,1,[358.8351,236.0004]]],[200,[33.75245,64.6795,1,[357.9991,235.2793]]],[250,[33.2597,65.28655,1,[358.9992,238.7401]]],[198,[33.1995,62.22971,1,[357.9992,233.9162]]],[182,[34.37488,66.45616,1,[358.9991,236.3211]]],[215,[32.34605,59.93079,1,[357.9991,233.4273]]],[348,[28.42032,56.69412,1,[359.9991,239.2674]]],[286,[31.05146,53.08984,1,[356.9991,232.5509]]],[199,[34.39699,64.54877,1,[357.9991,235.4202]]],[221,[33.82486,65.84862,1,[358.9991,237.0945]]],[216,[33.89355,61.35334,1,[357.9991,234.0785]]],[183,[35.00934,67.04243,1,[358.9991,236.3559]]],[163,[35.62012,67.7829,1,[357.9991,235.634]]],[294,[31.00822,61.68335,1,[359.9992,239.4911]]],[214,[33.10211,60.16961,1,[357.3916,233.0006]]],[181,[35.02594,65.70906,1,[357.9991,235.5806]]],[256,[31.62602,55.44437,1,[356.9991,232.1537]]],[264,[32.15306,63.03331,1,[359.9991,239.1945]]],[115,[36.26495,71.29266,1,[357.9991,235.9849]]],[222,[34.2833,67.65377,1,[358.9991,238.3025]]],[179,[34.53908,63.37753,1,[357.9991,234.1925]]],[164,[35.8859,68.42699,1,[357.9991,234.7195]]],[227,[32.4166,58.60054,1,[356.9991,232.7752]]],[130,[35.63083,69.92789,1,[358.9991,236.6054]]],[100,[36.52783,71.13144,1,[357.9991,234.5877]]],[236,[33.74071,66.71855,1,[359.4012,239.0004]]],[196,[33.80675,60.6672,1,[357.5891,233.0005]]],[180,[35.18714,64.35168,1,[357.9991,234.374]]],[354,[26.16124,52.30471,1,[358.9991,237.8987]]],[184,[35.39722,69.24327,1,[358.9991,237.5518]]],[202,[34.75794,67.20335,1,[358.9991,237.5328]]],[271,[32.79244,53.9586,1,[356.9991,231.9118]]],[101,[36.79362,72.41035,1,[357.9991,235.8148]]],[334,[27.85105,55.60979,1,[358.9991,237.5423]]],[197,[34.45862,61.53509,1,[357.8166,233.0004]]],[131,[36.14442,71.35512,1,[358.9991,237.6316]]],[103,[37.38199,74.32932,1,[358.9991,237.6413]]],[161,[35.79945,65.61897,1,[357.9991,233.5111]]],[116,[36.39368,71.43324,1,[358.9991,236.5934]]],[160,[35.14692,63.90308,1,[357.9991,233.1417]]],[117,[36.77746,72.94189,1,[358.9991,237.7684]]],[204,[35.55593,70.54848,1,[358.9991,238.7752]]],[102,[37.02087,72.76933,1,[358.9991,236.437]]],[162,[37.06738,66.4183,1,[357.9991,234.2672]]],[241,[33.57164,56.63869,1,[356.9992,232.0683]]],[145,[36.13688,71.28786,1,[358.9991,238.7559]]],[59,[38.70778,76.26299,1,[358.9991,236.3802]]],[237,[34.07386,67.52,1,[359.9992,239.1606]]],[177,[36.33591,61.91073,1,[357.9991,233.2053]]],[87,[37.30026,73.70338,1,[357.9991,235.5817]]],[279,[31.53499,62.50268,1,[359.7509,239.0004]]],[240,[34.49717,57.3056,1,[356.9991,232.0804]]],[86,[37.9214,73.46303,1,[357.9991,235.8985]]],[73,[38.33055,75.40697,1,[358.9991,237.0193]]],[85,[37.68302,72.23339,1,[357.9991,234.699]]],[132,[36.81749,73.0455,1,[359.0378,239.0004]]],[178,[37.12378,63.69775,1,[357.4595,233.0005]]],[88,[37.69383,74.28177,1,[358.9991,236.675]]],[324,[30.36667,60.40621,1,[359.9991,239.4461]]],[44,[39.7006,77.46392,1,[358.0462,236.0004]]],[75,[39.12788,77.2668,1,[358.9991,237.7124]]],[71,[38.26944,73.2545,1,[357.9991,234.774]]],[89,[38.05364,75.86143,1,[358.9991,237.8677]]],[226,[35.47449,58.02375,1,[356.999,232.1366]]],[58,[39.02088,75.78174,1,[357.9991,235.5927]]],[30,[40.11877,77.84964,1,[357.9991,235.4213]]],[60,[39.40181,77.31987,1,[358.9991,236.8443]]],[159,[37.49184,64.51764,1,[357.9991,233.4318]]],[72,[38.41491,74.50915,1,[358.2263,236.0003]]],[309,[31.88397,62.01707,1,[359.9991,240.035]]],[61,[39.8148,78.976,1,[358.9991,238.183]]],[43,[39.42772,75.91671,1,[357.9991,234.6323]]],[213,[36.38531,59.50701,1,[356.999,232.5263]]],[45,[39.92814,77.92193,1,[358.9991,236.2737]]],[90,[38.41501,76.64518,1,[359.9991,239.0567]]],[56,[38.06787,73.03689,1,[357.9991,233.2546]]],[57,[38.72585,74.12563,1,[357.9991,234.2328]]],[223,[34.9259,68.70303,1,[359.9991,239.3581]]],[29,[40.75636,78.0769,1,[357.9991,235.4687]]],[74,[38.73511,77.06999,1,[358.9991,238.2691]]],[255,[37.18957,56.6494,1,[356.9992,231.9367]]],[47,[40.87971,81.37302,1,[358.9991,238.7968]]],[41,[39.50331,74.85877,1,[357.9991,233.3828]]],[17,[40.20452,77.87038,1,[357.9991,234.2757]]],[42,[38.75391,74.19097,1,[357.9991,233.0471]]],[19,[41.42232,80.25184,1,[357.9991,235.6317]]],[308,[31.04171,61.01464,1,[358.9991,238.8481]]],[76,[39.40029,78.6518,1,[359.3441,239.0005]]],[18,[40.95014,78.06683,1,[357.9991,234.3681]]],[46,[40.16614,79.38223,1,[358.9991,237.5335]]],[195,[38.77684,61.3132,1,[356.9991,232.2753]]],[203,[34.94034,68.98564,1,[358.9991,238.7836]]],[91,[39.24731,78.16628,1,[359.9991,239.9672]]],[70,[39.59519,71.98936,1,[356.9991,232.4323]]],[62,[40.17549,80.21059,1,[359.4076,239.0006]]],[119,[37.88269,75.16747,1,[359.9991,239.7966]]],[31,[40.55438,78.92708,1,[358.9991,236.3171]]],[32,[40.75457,80.39531,1,[358.9991,237.5318]]],[10,[41.68824,81.0408,1,[357.9991,234.6617]]],[33,[41.35614,81.55513,1,[358.9991,237.5681]]],[104,[38.08517,75.9883,1,[359.0889,239.0005]]],[347,[28.16588,56.29092,1,[359.1876,239.0006]]],[20,[41.22832,80.61897,1,[358.9991,236.3751]]],[55,[40.35122,73.68819,1,[357.9991,233.1407]]],[22,[41.9741,82.63133,1,[358.9991,237.0417]]],[77,[39.88638,79.685,1,[359.9991,239.9085]]],[21,[42.00632,81.95188,1,[358.319,236.0004]]],[8,[41.17277,78.49112,1,[357.9991,233.2916]]],[335,[28.56171,56.99609,1,[358.9991,238.2742]]],[35,[42.15691,83.38536,1,[358.9991,238.2832]]],[9,[42.41848,81.01358,1,[357.9991,235.1888]]],[12,[42.7287,83.83771,1,[358.9991,237.4492]]],[350,[30.79034,59.85308,1,[359.9991,240.6991]]],[158,[40.28285,64.59275,1,[356.9991,232.3963]]],[34,[41.62989,82.94259,1,[358.9991,238.8655]]],[28,[41.92391,76.87273,1,[357.9991,233.6237]]],[23,[43.02819,84.77174,1,[358.9991,238.6667]]],[11,[42.33946,82.50858,1,[358.9991,236.2545]]],[13,[43.13091,84.52119,1,[358.9991,236.5882]]],[14,[43.56784,86.03775,1,[358.9991,237.8611]]],[133,[37.1084,73.66232,1,[359.9991,239.5924]]],[285,[41.11886,53.61885,1,[356.9991,232.4979]]],[1,[42.73169,81.7862,1,[357.9991,234.2652]]],[36,[41.94692,83.74253,1,[359.9991,239.0726]]],[4,[43.80607,85.16389,1,[358.9991,236.7812]]],[3,[43.83369,84.83772,1,[357.9991,235.6635]]],[7,[43.84442,80.28341,1,[357.9991,234.2964]]],[50,[42.51212,84.56865,1,[359.9992,240.6642]]],[212,[41.91844,60.79056,1,[356.9991,232.5555]]],[2,[43.15755,83.33959,1,[357.999,235.7012]]],[48,[41.04013,81.74717,1,[359.9991,239.4367]]],[6,[44.84416,87.25878,1,[358.9991,237.603]]],[24,[42.83283,85.03828,1,[359.9991,239.6245]]],[5,[44.19664,85.44447,1,[358.9991,236.0574]]],[15,[44.38465,87.48113,1,[358.9991,238.3257]]],[27,[44.7161,78.745,1,[357.9991,235.0055]]],[165,[36.93496,72.18668,1,[359.9991,240.6152]]],[194,[44.01115,64.03883,1,[357.0542,233.0005]]],[49,[41.70343,83.1096,1,[359.9991,240.1669]]],[270,[42.74118,56.83326,1,[356.9991,232.8976]]],[368,[34.3093,60.12316,1,[359.9992,241.9906]]],[78,[41.37803,81.63867,1,[359.9991,241.2329]]],[26,[44.3283,87.48158,1,[359.9991,239.462]]],[224,[35.64524,70.15613,1,[359.9991,239.6227]]],[40,[45.57783,80.08568,1,[357.9991,235.4332]]],[118,[37.45214,74.47629,1,[358.9991,238.8845]]],[106,[39.90432,79.07964,1,[359.9991,241.3026]]],[92,[40.64475,80.09991,1,[359.9991,241.4006]]],[25,[43.72303,86.57642,1,[359.484,239.0004]]],[16,[44.39242,77.95865,1,[357.9991,233.3558]]],[147,[37.83685,74.14245,1,[359.9991,240.957]]],[365,[28.1438,55.96166,1,[359.9992,241.5328]]],[0,[45.09942,83.71712,1,[358.9991,236.577]]],[325,[32.48457,63.14451,1,[359.9992,241.7232]]],[252,[35.54688,68.35349,1,[359.9991,240.7322]]],[310,[35.25062,64.67299,1,[359.9991,241.9836]]],[323,[29.77743,59.24599,1,[359.6192,239.0004]]],[176,[42.92878,63.86021,1,[357.9991,233.2145]]],[37,[43.32838,86.07215,1,[359.9992,241.3273]]],[295,[33.45832,64.08751,1,[359.9992,241.3941]]],[63,[40.66019,81.24243,1,[359.9991,240.0158]]],[366,[29.38742,57.33056,1,[359.9992,241.9369]]],[360,[31.49717,60.28725,1,[360.0938,242.0007]]],[225,[38.07537,59.38747,1,[356.9991,232.5724]]],[38,[43.75228,86.98833,1,[359.9991,240.3141]]],[64,[42.24704,83.27217,1,[359.9991,241.766]]],[367,[30.40128,58.60028,1,[359.9992,241.6851]]],[280,[32.67391,64.19847,1,[359.9991,240.6375]]],[105,[38.60813,76.96925,1,[359.9991,240.3508]]],[281,[36.05492,67.20019,1,[359.9992,241.9357]]],[134,[38.62802,76.22527,1,[359.9991,241.7883]]],[251,[33.62218,66.4101,1,[359.9991,240.0807]]],[359,[29.37666,58.19571,1,[359.9992,240.6088]]],[357,[27.78642,55.50943,1,[359.9991,239.9603]]],[266,[34.30735,65.82587,1,[359.9992,240.6262]]],[296,[37.62389,66.26099,1,[360.1765,242.0007]]],[338,[31.6119,61.6258,1,[359.9992,240.9277]]],[120,[39.3158,77.26218,1,[359.9993,241.4701]]],[337,[29.90758,59.31725,1,[359.9991,240.0936]]],[146,[36.2854,71.97005,1,[359.9991,239.6646]]],[238,[36.39341,70.19416,1,[359.9992,241.0875]]],[363,[26.48073,52.94632,1,[359.9991,239.8009]]],[265,[32.88978,64.05149,1,[359.9991,239.5053]]],[349,[29.07831,57.84282,1,[359.9991,239.2163]]],[364,[27.28299,54.50219,1,[359.9992,240.7328]]],[267,[34.82706,66.97913,1,[359.9991,240.41]]],[346,[27.58754,55.13427,1,[358.9991,238.425]]],[358,[28.60848,56.94561,1,[359.9991,240.6647]]]
24:[343,[62.82696,124.8021,1,[325.5063,275.0006]]],[331,[62.88924,124.6316,1,[326.0007,272.7444]]],[330,[63.70761,126.9919,1,[325.4563,275.0005]]],[332,[63.90604,126.4297,1,[326.0007,273.4435]]],[316,[64.58572,128.0248,1,[325.4144,275.0005]]],[318,[64.49826,127.4598,1,[326.0008,272.7778]]],[317,[65.46034,129.8322,1,[325.6161,275.0006]]],[315,[66.03046,130.4224,1,[325.0009,276.4157]]],[319,[65.65827,129.0212,1,[326.0008,273.6453]]],[344,[65.7117,123.8088,1,[326.0007,272.3374]]],[302,[66.11317,130.6354,1,[325.1081,275.0005]]],[305,[66.57011,130.6081,1,[326.0008,272.6099]]],[303,[67.03155,132.2818,1,[325.0008,275.4213]]],[320,[66.68329,131.1118,1,[326.0009,274.0981]]],[301,[67.33907,133.4251,1,[325.0009,277.1635]]],[321,[66.98263,130.5341,1,[326.0005,272.0244]]],[290,[67.68726,133.6654,1,[326.0008,273.6351]]],[304,[67.79411,133.3257,1,[325.8803,275.0005]]],[300,[68.03721,132.9081,1,[325.0009,276.3065]]],[355,[67.80576,126.3082,1,[326.0007,272.4023]]],[291,[68.59613,134.9736,1,[326.0009,274.0558]]],[289,[68.44317,134.8225,1,[325.0009,275.1626]]],[306,[68.49326,132.1622,1,[326.0007,272.3634]]],[288,[69.13807,136.8177,1,[325.0009,277.1064]]],[259,[69.60873,136.4508,1,[325.6407,275.0006]]],[336,[69.42574,133.6565,1,[326.0008,273.603]]],[274,[69.61369,137.1292,1,[325.0008,276.2212]]],[356,[69.12919,127.6735,1,[326.0008,271.9506]]],[275,[70.51433,136.984,1,[326.0008,274.9644]]],[287,[70.36478,137.8863,1,[325.0009,278.1761]]],[292,[70.12386,135.5035,1,[326.0008,273.3683]]],[258,[70.29829,138.2594,1,[325.0008,275.8954]]],[333,[69.94855,125.801,1,[326.0006,271.9485]]],[322,[70.9265,133.2388,1,[326.0008,273.9358]]],[273,[70.99384,139.8362,1,[325.0008,277.8681]]],[276,[70.91161,138.3038,1,[325.1063,275.0007]]],[272,[71.21635,139.0296,1,[325.0009,276.6575]]],[345,[70.88722,125.7632,1,[326.0007,272.5656]]],[293,[71.78887,136.601,1,[326.0008,274.5078]]],[277,[71.66559,138.1246,1,[325.0008,275.4838]]],[260,[72.1386,140.6767,1,[325.0008,277.4543]]],[247,[71.89337,137.9811,1,[326.0008,273.4033]]],[262,[71.29891,134.8114,1,[326.0007,271.8152]]],[246,[72.18065,139.8138,1,[325.0009,275.0938]]],[261,[72.56045,141.9021,1,[325.0009,276.7155]]],[244,[72.93206,143.242,1,[325.0009,278.9937]]],[231,[72.72858,139.9478,1,[326.0009,274.4252]]],[229,[73.38937,144.1683,1,[325.0009,278.1091]]],[278,[71.99226,135.1294,1,[326.0005,271.812]]],[230,[72.90152,141.1422,1,[325.0008,275.0353]]],[248,[72.66706,139.4717,1,[326.0008,273.2249]]],[245,[73.3347,143.8151,1,[325.0009,276.6516]]],[233,[73.58279,141.2968,1,[326.0009,274.3849]]],[257,[73.99249,144.1231,1,[325.0009,279.5702]]],[232,[73.69409,142.1979,1,[325.0008,275.571]]],[234,[73.84267,140.5789,1,[326.0008,273.5311]]],[243,[74.33359,144.6763,1,[325.0009,278.3774]]],[307,[72.84691,132.3153,1,[326.0007,272.1008]]],[219,[74.22556,144.4559,1,[325.505,275.0005]]],[217,[74.41981,144.6129,1,[325.0009,277.0316]]],[263,[73.45327,135.7079,1,[326.0007,271.7853]]],[235,[74.44809,142.1474,1,[326.0008,273.2948]]],[220,[74.95712,144.7927,1,[325.8998,275.0007]]],[242,[75.28754,145.3021,1,[325.0009,279.0999]]],[218,[74.80968,145.5061,1,[325.0008,276.0093]]],[249,[74.21726,138.0631,1,[326.0007,271.7729]]],[228,[75.36172,144.6295,1,[325.0009,277.7326]]],[201,[75.44902,145.266,1,[326.0009,274.4775]]],[200,[75.29085,145.5822,1,[325.0009,275.3121]]],[250,[75.1434,142.8691,1,[326.0009,273.1161]]],[198,[75.86258,146.2056,1,[325.0008,276.7771]]],[182,[76.14603,146.7293,1,[326.0009,274.6133]]],[215,[76.48224,147.274,1,[325.0009,278.2998]]],[348,[74.9809,130.0845,1,[326.0005,271.7911]]],[286,[76.51453,143.4525,1,[325.0009,279.7322]]],[199,[76.02984,145.77,1,[325.0008,275.3466]]],[221,[75.90271,142.258,1,[326.0007,273.2116]]],[216,[76.6594,146.0771,1,[325.0008,276.7463]]],[183,[76.6089,144.119,1,[326.0008,273.3263]]],[163,[76.95244,146.7223,1,[326.0008,274.8542]]],[294,[75.70393,135.8898,1,[326.0006,271.7329]]],[214,[77.1694,147.3423,1,[325.0008,278.2747]]],[181,[76.8938,147.3566,1,[325.0008,275.6465]]],[256,[77.47929,146.2379,1,[325.0009,279.9417]]],[264,[76.36763,137.1954,1,[326.0006,271.6704]]],[115,[77.59509,150.7438,1,[325.8091,275.0006]]],[222,[77.26817,143.9622,1,[326.0008,273.4592]]],[179,[77.66919,148.6273,1,[325.0008,277.3394]]],[164,[77.66438,150.1098,1,[325.0008,276.0096]]],[227,[78.0347,148.6299,1,[325.0008,279.293]]],[130,[78.2757,149.9245,1,[326.0009,274.8183]]],[100,[78.1975,153.2254,1,[325.0009,275.6711]]],[236,[77.84882,142.6543,1,[326.0007,273.3206]]],[196,[78.45363,149.0138,1,[325.0009,278.4757]]],[180,[78.62856,149.6637,1,[325.0009,277.2274]]],[354,[77.26635,125.091,1,[326.0007,271.6734]]],[184,[78.50504,145.4367,1,[326.0008,273.533]]],[202,[78.86501,145.7648,1,[325.7833,275.0006]]],[271,[79.13361,145.1778,1,[325.0008,280.037]]],[101,[78.96911,153.9939,1,[325.0008,276.1313]]],[334,[78.1115,127.862,1,[326.0008,271.9219]]],[197,[79.39051,150.4197,1,[325.0009,278.84]]],[131,[79.46902,150.6307,1,[326.0009,274.6564]]],[103,[79.02975,151.2954,1,[326.0008,273.1083]]],[161,[79.52266,151.356,1,[325.0009,277.5182]]],[116,[79.39754,152.5259,1,[325.0009,275.4938]]],[160,[80.17758,153.1848,1,[325.0008,278.7697]]],[117,[80.08013,153.0232,1,[326.0009,274.579]]],[204,[78.65511,143.9622,1,[326.0005,271.3606]]],[102,[80.065,154.6537,1,[325.0008,275.5258]]],[162,[80.09888,151.5069,1,[325.0009,277.0987]]],[241,[80.53752,148.8475,1,[325.0008,280.389]]],[145,[79.64722,147.2921,1,[326.0007,272.8476]]],[59,[80.71923,156.18,1,[325.6419,275.0006]]],[237,[80.44421,143.7073,1,[326.0008,273.6039]]],[177,[80.93732,150.3754,1,[325.0009,278.6037]]],[87,[80.73127,157.4823,1,[325.0009,277.1426]]],[279,[79.73853,138.1733,1,[326.0006,271.6652]]],[240,[81.33871,149.5773,1,[325.0008,280.2832]]],[86,[80.89603,156.2227,1,[325.0008,276.0722]]],[73,[81.3316,153.7729,1,[326.0008,274.7628]]],[85,[81.5538,157.7894,1,[325.0009,277.5853]]],[132,[80.76628,148.7708,1,[326.0007,272.9495]]],[178,[81.97688,152.2193,1,[325.0009,279.0206]]],[88,[81.43279,157.096,1,[325.0008,275.8547]]],[324,[80.44025,135.255,1,[326.0006,271.3467]]],[44,[81.688,156.9703,1,[325.299,275.0005]]],[75,[81.69298,156.0053,1,[326.0008,274.0067]]],[71,[82.15173,159.3921,1,[325.0008,277.43]]],[89,[81.47034,151.507,1,[326.0008,272.6466]]],[226,[82.42586,150.5839,1,[325.0008,280.6429]]],[58,[82.4558,158.421,1,[325.0008,276.4608]]],[30,[82.18915,158.2402,1,[325.0008,275.0123]]],[60,[82.46232,157.3063,1,[326.0009,274.2638]]],[159,[82.76167,153.8069,1,[325.0009,278.9494]]],[72,[83.12878,160.7836,1,[325.0009,278.1817]]],[309,[81.49768,136.9312,1,[326.0007,271.5385]]],[61,[82.31902,156.0129,1,[326.0008,272.9869]]],[43,[82.99518,159.1577,1,[325.0008,275.9345]]],[213,[83.19505,151.1644,1,[325.0008,280.59]]],[45,[83.21967,158.9721,1,[326.0009,274.7444]]],[90,[83.0968,153.7811,1,[326.0008,273.277]]],[56,[83.84061,163.7534,1,[325.0009,279.3394]]],[57,[83.49925,160.0394,1,[325.0008,277.4576]]],[223,[82.27862,143.4707,1,[326.0008,271.7206]]],[29,[83.36442,160.0181,1,[325.0009,275.384]]],[74,[83.84115,156.0254,1,[326.0008,274.5774]]],[255,[84.46511,150.0145,1,[325.0008,280.9913]]],[47,[83.77252,157.5303,1,[326.0007,273.2281]]],[41,[84.43359,163.3952,1,[325.0009,278.1545]]],[17,[84.17913,163.7022,1,[325.0009,276.7372]]],[42,[84.51313,164.1236,1,[325.0009,279.5385]]],[19,[83.98096,162.361,1,[325.0008,275.3191]]],[308,[83.00313,134.2935,1,[326.0008,271.8308]]],[76,[84.52229,158.3367,1,[326.0009,274.5936]]],[18,[84.91115,163.6797,1,[325.0008,276.8951]]],[46,[84.67226,160.6866,1,[325.0008,275.4666]]],[195,[85.30969,152.9212,1,[325.0008,279.6099]]],[203,[83.65955,141.6984,1,[326.0006,271.6967]]],[91,[84.43935,155.9575,1,[326.0009,273.2093]]],[70,[85.33775,162.2629,1,[325.0009,278.3834]]],[62,[85.20624,161.777,1,[326.0009,274.8893]]],[119,[85.20862,152.5472,1,[326.0008,273.72]]],[31,[85.44083,162.3616,1,[325.0008,276.0122]]],[32,[85.66994,160.9782,1,[325.5764,275.0005]]],[10,[85.85261,167.4787,1,[325.0008,277.649]]],[33,[86.04906,160.9633,1,[326.0009,274.2141]]],[104,[85.31709,150.0535,1,[326.0008,272.7268]]],[347,[84.4432,129.5044,1,[326.0007,271.8308]]],[20,[86.17599,164.2522,1,[325.0009,276.4614]]],[55,[86.41734,164.381,1,[325.0009,279.7124]]],[22,[86.09887,164.8219,1,[325.0008,275.0604]]],[77,[86.16908,157.792,1,[326.0009,273.1198]]],[21,[86.86158,168.34,1,[325.0009,277.8144]]],[8,[86.68858,168.3146,1,[325.0009,278.7988]]],[335,[85.27156,129.6149,1,[326.0007,271.564]]],[35,[86.88638,162.2148,1,[326.0008,274.5199]]],[9,[86.91953,166.2469,1,[325.0009,276.6575]]],[12,[86.81028,165.0239,1,[325.0008,275.3216]]],[350,[86.01816,135.0651,1,[326.0007,271.6208]]],[158,[87.33241,157.8889,1,[325.0008,280.5387]]],[34,[86.90601,159.0584,1,[326.0007,273.2699]]],[28,[87.58995,167.1018,1,[325.0009,279.2466]]],[23,[87.41988,165.7366,1,[325.3187,275.0005]]],[11,[87.8696,169.3382,1,[325.0008,277.5963]]],[13,[87.64406,168.8172,1,[325.0009,276.2105]]],[14,[87.70387,165.8584,1,[326.0009,274.201]]],[133,[86.75936,148.2276,1,[326.0006,271.6491]]],[285,[88.26035,147.1358,1,[325.0008,280.7398]]],[1,[88.17567,171.6136,1,[325.0008,279.0912]]],[36,[87.61337,161.5379,1,[326.0008,272.9948]]],[4,[88.08656,167.3651,1,[325.0009,275.1433]]],[3,[88.38666,169.1514,1,[325.0009,276.4596]]],[7,[88.73796,167.4745,1,[325.0009,277.756]]],[50,[88.50569,165.4113,1,[326.0009,274.4447]]],[212,[88.93797,153.7404,1,[325.0009,280.5527]]],[2,[89.02869,172.9785,1,[325.0008,279.1342]]],[48,[87.57845,157.4648,1,[326.0007,271.7166]]],[6,[88.92175,169.5,1,[325.0007,275.1454]]],[24,[88.42289,164.0539,1,[326.0009,273.2245]]],[5,[89.15365,171.117,1,[325.0009,276.494]]],[15,[89.3854,169.361,1,[326.0009,274.5026]]],[27,[89.56914,166.9121,1,[325.0009,277.839]]],[165,[89.10484,152.8542,1,[326.0009,273.1681]]],[194,[90.01196,154.3576,1,[325.0008,279.215]]],[49,[88.29718,158.0374,1,[326.0008,271.7821]]],[270,[89.72649,150.1252,1,[325.0008,280.6067]]],[368,[90.08292,142.0588,1,[326.0009,274.5058]]],[78,[89.88513,163.597,1,[325.0008,275.2081]]],[26,[90.09067,174.591,1,[325.0009,276.6519]]],[224,[89.83905,145.8489,1,[326.0007,273.0995]]],[40,[90.411,168.7122,1,[325.0009,278.1696]]],[118,[89.02124,147.2451,1,[326.0008,271.7852]]],[106,[90.86686,160.6748,1,[326.0008,274.6503]]],[92,[90.67682,164.3367,1,[325.0008,275.4509]]],[25,[90.98141,172.8003,1,[325.0008,277.1527]]],[16,[91.10486,170.5008,1,[325.0008,279.6283]]],[147,[90.58874,151.4645,1,[326.0008,273.1982]]],[365,[89.68074,133.2117,1,[326.0005,271.502]]],[0,[91.57191,174.0983,1,[325.0009,278.8154]]],[325,[91.49565,143.6744,1,[325.6354,275.0006]]],[252,[91.38522,145.4931,1,[326.0008,273.6308]]],[310,[91.54929,155.3439,1,[325.0008,276.2659]]],[323,[90.80155,133.6257,1,[326.0006,271.9412]]],[176,[90.59815,158.4614,1,[325.0008,280.8519]]],[37,[92.06001,172.8331,1,[325.0009,277.9825]]],[295,[92.08015,150.8663,1,[325.0008,275.8188]]],[63,[92.35591,161.5862,1,[326.0008,274.9366]]],[366,[92.0229,139.5083,1,[326.0008,273.4095]]],[360,[91.5627,139.213,1,[326.0007,271.7213]]],[225,[85.41369,153.1552,1,[325.0008,281.1719]]],[38,[92.62465,179.9666,1,[325.0009,279.6978]]],[64,[93.14167,174.9305,1,[325.0008,279.0151]]],[367,[92.6965,153.5626,1,[325.0009,277.3428]]],[280,[92.73592,147.0229,1,[325.0008,275.6936]]],[105,[93.13047,159.8875,1,[326.0009,274.7498]]],[281,[93.58431,158.6915,1,[325.0009,277.7061]]],[134,[92.60554,153.8076,1,[326.0008,272.9579]]],[251,[93.53839,156.1207,1,[325.0009,276.1163]]],[359,[93.78361,137.1889,1,[326.0008,274.408]]],[357,[93.02251,130.867,1,[326.0007,272.1702]]],[266,[94.08392,146.1484,1,[326.0009,273.4001]]],[296,[93.99323,148.3633,1,[325.0008,275.5289]]],[338,[94.72723,144.4066,1,[325.8132,275.0005]]],[120,[94.19565,152.7775,1,[326.0008,272.1132]]],[337,[94.96715,139.2162,1,[326.0009,273.8638]]],[146,[95.01682,157.3438,1,[325.0009,276.4111]]],[238,[95.44973,153.8952,1,[325.0009,275.5576]]],[363,[95.2382,133.562,1,[326.0009,272.5971]]],[265,[95.92657,143.8104,1,[326.0008,274.6486]]],[349,[96.30466,135.9259,1,[326.0009,273.6851]]],[364,[96.39117,138.0421,1,[325.0009,275.3226]]],[267,[96.69098,142.0275,1,[326.0008,272.5959]]],[346,[97.37429,137.864,1,[326.0009,274.9176]]],[358,[97.66937,134.7652,1,[326.0008,273.0247]]]
31:[343,[108.0414,215.1465,1,[413.001,289.6504]]],[331,[108.0413,214.8379,1,[413.001,288.0421]]],[330,[109.0558,217.4816,1,[413.001,290.0574]]],[332,[108.9271,216.4068,1,[413.001,288.4586]]],[316,[109.8255,218.4409,1,[413.001,289.6122]]],[318,[109.7597,217.6101,1,[413.001,287.9866]]],[317,[110.8122,220.4329,1,[413.001,290.295]]],[315,[111.6907,221.6602,1,[413.001,291.5659]]],[319,[111.2115,219.1682,1,[413.001,289.0362]]],[344,[110.8637,213.852,1,[413.001,287.6809]]],[302,[111.6906,221.6962,1,[413.001,290.0801]]],[305,[111.6619,220.5873,1,[413.001,288.0139]]],[303,[112.6233,223.4041,1,[413.001,290.407]]],[320,[112.3564,221.1057,1,[413.001,289.0909]]],[301,[112.9136,224.4905,1,[413.001,291.8359]]],[321,[112.0206,220.3237,1,[413.001,286.6775]]],[290,[112.596,223.3889,1,[413.001,287.7627]]],[304,[113.0794,223.2226,1,[413.001,288.9529]]],[300,[113.5765,223.8899,1,[413.001,291.0714]]],[355,[112.8538,216.0926,1,[413.001,286.3257]]],[291,[113.6691,224.9628,1,[413.001,289.5057]]],[289,[114.2223,225.8821,1,[413.0009,290.5211]]],[306,[113.7847,222.3305,1,[413.001,288.0365]]],[288,[114.7479,227.9398,1,[413.0009,292.0473]]],[259,[114.8535,226.8987,1,[413.001,289.9212]]],[336,[114.5151,223.7266,1,[413.001,288.694]]],[274,[115.2826,228.2802,1,[413.0009,291.1857]]],[356,[114.3189,217.6454,1,[413.001,287.1263]]],[275,[115.4544,226.7873,1,[413.001,289.3954]]],[287,[115.9011,228.8898,1,[413.001,292.2022]]],[292,[115.1476,225.3145,1,[413.001,287.9926]]],[258,[115.8717,229.2254,1,[413.001,290.6295]]],[333,[115.0465,215.6608,1,[413.001,286.4922]]],[322,[115.8891,223.0568,1,[413.001,288.504]]],[273,[116.6322,230.8374,1,[413.001,292.6391]]],[276,[116.3868,229.1837,1,[413.001,289.8673]]],[272,[116.7497,229.9556,1,[413.001,291.2501]]],[345,[115.885,215.5557,1,[413.001,287.1303]]],[293,[116.7354,226.4028,1,[413.001,288.7837]]],[277,[117.2878,229.3121,1,[413.0009,290.3705]]],[260,[117.7183,231.7859,1,[413.001,291.9873]]],[247,[116.7568,227.6336,1,[413.001,287.3267]]],[262,[116.3531,224.6291,1,[413.001,286.0764]]],[246,[117.6563,230.654,1,[413.001,289.3198]]],[261,[118.0645,232.7627,1,[413.0009,290.7289]]],[244,[118.4508,234.1825,1,[413.001,293.9514]]],[231,[117.5773,229.5227,1,[413.0006,288]]],[229,[118.8492,234.979,1,[413.001,292.6306]]],[278,[116.9935,224.7204,1,[413.001,285.6282]]],[230,[118.4492,231.9107,1,[413.001,289.7152]]],[248,[117.5489,228.9819,1,[413.001,286.638]]],[245,[118.7612,234.5828,1,[413.001,291.2421]]],[233,[118.3603,230.7883,1,[413.001,288.4117]]],[257,[119.4705,234.9469,1,[412.9275,294.0004]]],[232,[119.1701,232.9713,1,[413.0009,290.2917]]],[234,[118.5551,229.9129,1,[413.001,287.1621]]],[243,[119.7653,235.463,1,[413.001,292.2501]]],[307,[117.7978,221.9031,1,[413.001,285.1037]]],[219,[119.2265,234.3815,1,[413.001,289.0231]]],[217,[119.8165,235.332,1,[413.001,290.7717]]],[263,[118.4454,225.2669,1,[413.001,285.7745]]],[235,[119.3438,231.8152,1,[413.001,287.7693]]],[220,[119.9936,234.7116,1,[413.001,289.5168]]],[242,[120.3453,235.3347,1,[412.001,294.2165]]],[218,[120.503,236.5623,1,[413.001,291.4375]]],[249,[119.2403,227.7107,1,[413.001,286.2783]]],[228,[120.8854,235.5697,1,[413.001,292.8351]]],[201,[120.2671,234.7953,1,[413.001,288.4767]]],[200,[120.7786,236.4282,1,[413.001,290.2217]]],[250,[119.9405,232.3517,1,[413.001,287.0527]]],[198,[121.3437,237.0899,1,[413.0009,291.5807]]],[182,[121.0281,236.4304,1,[413.001,289.0058]]],[215,[121.9143,238.086,1,[413.001,292.9323]]],[348,[119.9468,219.6028,1,[413.001,285.5336]]],[286,[121.4979,233.3495,1,[412.001,294.4059]]],[199,[121.588,236.7329,1,[413.001,290.2942]]],[221,[120.7705,231.9056,1,[413.001,287.5011]]],[216,[122.177,237.0587,1,[413.0009,291.6714]]],[183,[121.4704,233.7293,1,[413.001,288.0325]]],[163,[121.9757,236.3528,1,[413.001,289.1624]]],[294,[120.8023,225.595,1,[413.001,285.9929]]],[214,[122.7414,238.375,1,[413.0009,293.1214]]],[181,[122.4032,238.2926,1,[413.0009,290.5855]]],[256,[122.5033,236.2231,1,[412.001,294.5982]]],[264,[121.6674,227.084,1,[413.001,286.6041]]],[115,[122.6517,240.6846,1,[413.001,289.4378]]],[222,[122.2274,233.7303,1,[413.001,288.0413]]],[179,[123.2035,239.6129,1,[413.0009,292.0206]]],[164,[123.1811,241.0574,1,[413.0009,290.6526]]],[227,[123.6187,239.6269,1,[413.0009,293.9066]]],[130,[123.0011,239.3317,1,[413.001,288.486]]],[100,[123.5483,243.8497,1,[413.001,289.8405]]],[236,[122.5655,232.0096,1,[413.001,286.9263]]],[196,[123.9618,239.7933,1,[413.001,292.4818]]],[180,[123.9956,240.337,1,[413.001,291.1133]]],[354,[122.2645,214.6414,1,[413.001,285.5251]]],[184,[123.3211,234.9234,1,[413.001,287.447]]],[202,[123.7961,235.4802,1,[413.001,288.7732]]],[271,[124.6308,236.0394,1,[413.0009,293.9511]]],[101,[124.3222,244.6633,1,[413.0009,290.0475]]],[334,[123.0318,217.3317,1,[413.001,285.7427]]],[197,[124.7867,241.1096,1,[413.0009,292.1473]]],[131,[124.1301,239.8541,1,[413.001,287.8551]]],[103,[123.7266,240.5866,1,[413.001,286.4007]]],[161,[124.9294,241.9697,1,[413.001,290.6388]]],[116,[124.7174,243.0174,1,[413.001,289.2402]]],[160,[125.6139,243.9617,1,[413.0009,292.8483]]],[117,[124.8777,242.4865,1,[413.001,288.1277]]],[204,[123.7959,233.6008,1,[413.001,284.8812]]],[102,[125.5132,245.4576,1,[413.001,289.9663]]],[162,[125.6333,242.2283,1,[413.0009,291.4322]]],[241,[125.457,238.6086,1,[412.001,294.1316]]],[145,[124.4549,236.7973,1,[413.001,286.696]]],[59,[125.6932,246.0774,1,[413.001,288.7588]]],[237,[125.232,233.1602,1,[413.001,287.3024]]],[177,[126.4207,241.2539,1,[413.0009,292.344]]],[87,[126.2292,248.2941,1,[413.0009,290.598]]],[279,[124.7183,227.7395,1,[413.001,285.3057]]],[240,[126.8077,240.4096,1,[413.001,293.9596]]],[86,[126.3428,246.8517,1,[413.001,289.2287]]],[73,[126.0139,243.013,1,[413.001,287.6539]]],[85,[126.9324,248.4903,1,[413.001,291.4355]]],[132,[125.5167,238.0766,1,[413.001,286.1232]]],[178,[127.4041,243.0121,1,[413.0009,292.9129]]],[88,[127.0094,247.9382,1,[413.0009,290.0809]]],[324,[125.4285,224.7689,1,[413.001,284.5773]]],[44,[126.8844,247.2289,1,[413.001,288.7001]]],[75,[126.5762,245.257,1,[413.001,287.2883]]],[71,[127.6746,250.3473,1,[413.001,291.5899]]],[89,[126.2294,240.7663,1,[413.001,286.0185]]],[226,[127.3342,240.312,1,[412.0009,294.1326]]],[58,[127.8888,249.2278,1,[413.001,290.3282]]],[30,[127.6845,249.0295,1,[413.001,289.1132]]],[60,[127.2954,246.7249,1,[413.001,287.754]]],[159,[128.2767,244.7464,1,[413.0009,292.7758]]],[72,[128.4837,251.4439,1,[413.0009,291.432]]],[309,[126.4217,226.2803,1,[413.001,284.4821]]],[61,[127.102,245.3904,1,[413.001,286.3383]]],[43,[128.4514,249.9934,1,[413.001,289.8314]]],[213,[128.2573,241.16,1,[412.1176,294.0005]]],[45,[128.0042,248.4953,1,[413.001,288.1431]]],[90,[127.8745,243.2512,1,[413.001,286.7343]]],[56,[129.2073,254.4038,1,[413.0009,292.0679]]],[57,[129.0537,250.6917,1,[413.0009,290.429]]],[223,[127.2582,232.8456,1,[413.001,284.8788]]],[29,[128.7361,250.5982,1,[413.001,288.8344]]],[74,[128.541,245.3652,1,[413.001,287.5175]]],[255,[129.8313,240.6708,1,[413.001,293.8298]]],[47,[128.4993,246.8343,1,[413.001,286.1617]]],[41,[129.7274,253.9222,1,[413.001,290.7332]]],[17,[129.5033,254.1404,1,[413.001,289.3961]]],[42,[129.9333,254.7661,1,[413.001,292.1747]]],[19,[129.3341,252.7269,1,[413.001,288.1343]]],[308,[128.032,223.738,1,[413.001,285.1997]]],[76,[129.1759,247.4776,1,[413.001,286.8639]]],[18,[130.3931,254.5375,1,[413.001,291.0124]]],[46,[130.2117,251.5004,1,[413.001,289.6907]]],[195,[130.8349,243.8881,1,[413.001,293.6872]]],[203,[128.6303,231.0801,1,[413.001,284.2842]]],[91,[129.1253,245.118,1,[413.001,285.5216]]],[70,[130.8035,253.1045,1,[413.001,292.2403]]],[62,[130.0454,251.287,1,[413.001,288.4105]]],[119,[129.9307,241.9478,1,[413.001,287.1658]]],[31,[131.0252,253.3969,1,[413.0009,290.5915]]],[32,[130.8608,251.2588,1,[413.001,289.2805]]],[10,[131.5172,258.478,1,[413.0009,291.9329]]],[33,[130.8633,250.502,1,[413.0007,288]]],[104,[130.101,239.3508,1,[413.001,285.9005]]],[347,[129.3772,218.7481,1,[413.001,284.0932]]],[20,[131.7137,254.9564,1,[413.001,290.3619]]],[55,[131.5143,254.5397,1,[412.001,294.3014]]],[22,[131.586,255.4664,1,[413.001,289.046]]],[77,[130.9547,247.2267,1,[413.001,286.7217]]],[21,[132.2692,259.0868,1,[413.0009,291.4597]]],[8,[132.1989,259.254,1,[413.0009,292.8741]]],[335,[130.2549,218.9187,1,[413.001,284.4465]]],[35,[131.6083,251.5786,1,[413.001,287.6935]]],[9,[132.4604,256.9302,1,[413.001,290.2257]]],[12,[132.1704,255.658,1,[413.001,288.8975]]],[350,[131.0833,224.6139,1,[413.001,285.3174]]],[158,[132.5029,248.0573,1,[412.3596,294.0004]]],[34,[131.6249,248.3243,1,[413.001,286.3026]]],[28,[132.9293,257.6992,1,[413.001,292.065]]],[23,[132.6378,255.8015,1,[413.001,288.1105]]],[11,[133.2258,259.9402,1,[413.0009,290.6365]]],[13,[132.9758,259.3244,1,[413.001,289.2676]]],[14,[132.355,255.0734,1,[413.001,287.1168]]],[133,[131.7496,237.6286,1,[413.001,284.6694]]],[285,[133.6373,237.8021,1,[413.0009,293.3817]]],[1,[133.7103,262.2878,1,[413.0009,291.9588]]],[36,[132.3703,250.7265,1,[413.001,285.7833]]],[4,[133.4006,257.8964,1,[413.001,288.2792]]],[3,[133.7364,259.7736,1,[413.001,289.5178]]],[7,[134.1261,258.1764,1,[413.0009,290.7146]]],[50,[133.2,254.7006,1,[413.001,287.0558]]],[212,[134.4743,244.6345,1,[413.0009,293.8925]]],[2,[134.4712,263.7596,1,[413.0009,292.1356]]],[48,[132.5155,246.7917,1,[413.001,284.2537]]],[6,[134.204,260.0135,1,[413.001,288.5789]]],[24,[133.191,253.3007,1,[413.001,285.7126]]],[5,[134.5901,261.6657,1,[413.001,289.5679]]],[15,[134.0437,258.6184,1,[413.001,287.3779]]],[27,[134.8938,257.5109,1,[413.001,290.7289]]],[165,[133.9159,242.1074,1,[413.001,286.0977]]],[194,[135.4075,245.0814,1,[413.0009,292.0295]]],[49,[133.3017,247.3652,1,[413.001,284.2007]]],[270,[135.1726,240.9058,1,[413.0009,293.2804]]],[368,[134.9357,231.638,1,[413.001,288.2337]]],[78,[135.3571,254.4055,1,[413.001,289.4047]]],[26,[135.6565,265.3828,1,[413.001,290.5826]]],[224,[134.7753,235.4211,1,[413.001,286.8833]]],[40,[135.9937,259.4875,1,[413.001,291.7896]]],[118,[134.1119,236.6119,1,[413.001,284.7143]]],[106,[135.7388,250.3636,1,[413.001,288.3468]]],[92,[136.1693,255.2735,1,[413.001,289.5758]]],[25,[136.4443,263.6492,1,[413.0009,290.8684]]],[16,[136.6251,261.4085,1,[413.0009,293.1683]]],[147,[135.5134,241.1648,1,[413.001,287.0783]]],[365,[134.9946,223.034,1,[413.001,285.4982]]],[0,[137.0459,264.8491,1,[413.0008,291.96]]],[325,[136.5831,233.7974,1,[413.001,288.7127]]],[252,[136.309,235.2267,1,[413.001,287.4531]]],[310,[136.9995,246.2035,1,[413.001,290.0076]]],[323,[135.9112,223.4399,1,[413.001,285.8898]]],[176,[135.9691,249.1034,1,[413.001,293.8546]]],[37,[137.6254,263.5221,1,[413.001,290.7136]]],[295,[137.4034,241.4599,1,[413.001,289.0729]]],[63,[137.0928,250.9934,1,[413.001,287.7093]]],[366,[136.7897,228.9622,1,[413.001,286.3995]]],[360,[136.5475,228.819,1,[413.001,284.9231]]],[225,[130.4682,243.1207,1,[412.001,295.1138]]],[38,[137.9945,270.6379,1,[413.001,292.1238]]],[64,[138.4249,265.3748,1,[413.0009,291.0321]]],[367,[138.1515,244.0213,1,[413.0009,289.5717]]],[280,[138.1263,237.368,1,[413.001,288.2132]]],[105,[137.7683,249.0584,1,[413.001,287.0039]]],[281,[139.2171,249.7996,1,[413.0008,292.0897]]],[134,[137.3438,243.1019,1,[413.001,285.5035]]],[251,[139.1337,247.1788,1,[413.0009,290.4254]]],[359,[139.0656,227.192,1,[413.001,289.0236]]],[357,[138.084,220.5302,1,[413.001,285.6961]]],[266,[139.0067,235.9104,1,[413.001,287.6825]]],[296,[139.8604,239.4752,1,[413.001,291.1031]]],[338,[139.7582,234.3426,1,[413.001,289.5821]]],[120,[139.3505,242.5606,1,[413.001,286.3624]]],[337,[139.9388,228.8982,1,[413.001,288.1718]]],[146,[140.5844,248.428,1,[413.001,291.3688]]],[238,[140.9782,244.812,1,[413.001,290.0792]]],[363,[140.2534,223.2682,1,[413.001,286.8662]]],[265,[141.4265,233.5415,1,[413.001,289.067]]],[349,[141.159,225.5507,1,[413.001,287.7961]]],[364,[141.9104,228.9989,1,[413.001,290.3059]]],[267,[141.7032,231.8429,1,[413.001,286.8254]]],[346,[142.5088,227.569,1,[413.001,289.3596]]],[358,[142.7224,224.8017,1,[413.001,287.8807]]]

Travel Distances:
[193,170.8397],[192,172.0646],[173,173.216],[175,171.6242],[191,171.6267],[174,172.5821],[172,173.1688],[171,175.797],[189,174.4828],[208,175.4993],[154,175.2299],[155,173.5347],[157,174.0681],[207,176.698],[156,173.6956],[299,177.4859],[170,177.5423],[284,179.2913],[313,177.4887],[298,178.7266],[206,178.5741],[312,179.1842],[142,174.8435],[211,172.6328],[269,179.2486],[188,178.4735],[314,178.2131],[167,180.6743],[283,180.0472],[169,178.9648],[123,178.1596],[205,181.5785],[328,177.5658],[168,180.4233],[297,179.8445],[109,181.0796],[151,178.1447],[108,178.3133],[122,178.5727],[150,178.7615],[141,176.0094],[136,180.2045],[138,177.9569],[254,179.9563],[152,178.4257],[82,179.6363],[186,179.8801],[137,182.1286],[327,179.1273],[107,184.8048],[268,180.8324],[95,179.3838],[239,183.4796],[326,180.8633],[149,181.5977],[124,180.7758],[94,181.7896],[187,181.2042],[351,181.6774],[153,179.582],[110,178.1805],[80,183.4388],[79,183.8337],[66,184.2323],[209,177.2974],[166,185.2346],[67,183.8017],[140,178.6744],[135,186.1225],[148,186.0366],[52,186.6106],[112,179.6213],[253,184.4243],[93,185.3146],[68,184.805],[39,187.2572],[98,179.8408],[65,188.4156],[99,184.0387],[53,187.5101],[114,180.5274],[127,178.92],[83,183.7972],[97,180.2792],[121,186.6583],[144,180.5052],[342,181.6828],[126,180.0813],[369,189.4364],[84,189.1131],[113,181.0632],[81,184.7909],[111,180.2036],[51,190.395],[129,180.2972],[311,189.4309],[362,186.1868],[96,183.6338],[329,183.8238],[139,183.0568],[339,190.4453],[69,188.5766],[352,192.4635],[128,179.9787],[282,189.4148],[125,184.9884],[340,187.3897],[143,185.7846],[341,184.0145],[54,194.0219],[185,193.6493],[353,190.0372],[361,190.9492],[210,185.3079],[190,183.0894],[343,300.9452],[331,300.6155],[330,301.2885],[332,302.3223],[316,302.5998],[318,303.9249],[317,304.648],[315,306.1847],[319,304.7098],[344,300.0229],[302,306.1624],[305,307.0537],[303,308.0231],[320,306.3559],[301,308.5576],[321,306.192],[290,310.011],[304,309.0043],[300,308.6838],[355,302.17],[291,309.328],[289,311.2998],[306,308.7234],[288,312.3243],[259,311.1404],[336,308.5807],[274,311.6842],[356,304.9601],[275,311.8474],[287,312.9995],[292,310.8649],[258,313.3674],[333,303.4048],[322,309.0553],[273,315.2453],[276,314.3391],[272,314.2563],[345,301.6417],[293,310.7005],[277,314.6942],[260,316.1916],[247,313.8921],[262,311.8809],[246,315.2196],[261,316.5869],[244,317.056],[231,316.1545],[229,319.2375],[278,312.5678],[230,316.8659],[248,315.6797],[245,318.8224],[233,315.8435],[257,317.7705],[232,318.4952],[234,316.6746],[243,319.8053],[307,310.1769],[219,319.7853],[217,319.5315],[263,312.1726],[235,316.9431],[220,320.5397],[242,320.4252],[218,321.2479],[249,315.0269],[228,319.6288],[201,320.1352],[200,320.6545],[250,318.1827],[198,320.2467],[182,322.1287],[215,322.1419],[348,307.4835],[286,318.0785],[199,321.3904],[221,318.1688],[216,320.6373],[183,320.5917],[163,322.3677],[294,313.6878],[214,322.7039],[181,323.3116],[256,321.0074],[264,313.53],[115,325.2163],[222,319.0837],[179,323.0077],[164,324.5388],[227,324.0736],[130,325.1339],[100,328.7127],[236,318.7627],[196,323.6984],[180,324.167],[354,302.0525],[184,322.0973],[202,321.7174],[271,320.4792],[101,329.9879],[334,305.0463],[197,325.3799],[131,325.3977],[103,326.9192],[161,326.0201],[116,327.4902],[160,328.503],[117,328.5449],[204,321.7712],[102,330.3441],[162,326.5978],[241,323.3353],[145,323.5965],[59,330.6654],[237,318.4717],[177,324.2161],[87,333.6587],[279,316.1235],[240,324.4994],[86,332.0299],[73,328.8468],[85,332.5163],[132,324.9144],[178,326.0778],[88,333.6048],[324,313.7487],[44,333.2666],[75,332.0096],[71,334.8355],[89,328.0803],[226,325.1442],[58,333.4093],[30,333.6025],[60,331.9458],[159,327.8671],[72,336.3378],[309,315.2577],[61,333.0109],[43,335.0656],[213,326.0641],[45,334.2705],[90,329.4085],[56,337.8919],[57,334.5247],[223,320.1429],[29,336.8917],[74,332.0896],[255,324.7554],[47,333.7341],[41,338.3683],[17,338.9618],[42,338.6266],[19,337.8998],[308,311.4901],[76,334.7976],[18,339.574],[46,336.8402],[195,327.9783],[203,319.7069],[91,332.614],[70,337.3039],[62,336.833],[119,327.7014],[31,337.1031],[32,335.3244],[10,343.303],[33,336.6004],[104,326.9384],[347,307.7366],[20,339.4082],[55,339.0392],[22,340.2474],[77,333.2356],[21,342.4877],[8,342.2344],[335,308.1556],[35,338.1656],[9,341.9074],[12,341.1067],[350,312.2665],[158,332.2263],[34,334.8506],[28,341.4496],[23,342.4463],[11,345.3082],[13,345.1833],[14,342.1531],[133,326.0084],[285,322.0929],[1,346.5495],[36,337.7866],[4,342.9386],[3,344.0976],[7,341.7249],[50,342.1247],[212,329.1365],[2,348.3798],[48,335.6257],[6,345.5212],[24,340.7252],[5,346.3137],[15,344.4358],[27,341.6114],[165,329.9295],[194,330.1143],[49,336.5524],[270,325.7454],[368,317.7008],[78,339.6325],[26,349.9885],[224,321.7081],[40,343.1939],[118,324.0681],[106,336.7796],[92,340.8772],[25,348.6721],[16,345.6698],[147,327.9391],[365,310.6851],[0,348.5281],[325,318.5079],[252,320.4717],[310,330.1723],[323,311.3591],[176,334.286],[37,348.0566],[295,326.5203],[63,336.5956],[366,315.2896],[360,317.5715],[225,328.5058],[38,355.794],[64,350.2133],[367,329.3472],[280,322.9283],[105,335.4076],[281,333.1787],[134,330.2419],[251,330.809],[359,313.0092],[357,307.9923],[266,321.7982],[296,323.6881],[338,318.6176],[120,329.737],[337,314.8844],[146,333.0546],[238,328.8003],[363,308.5686],[265,318.5807],[349,311.1158],[364,313.0656],[267,318.1865],[346,312.4556],[358,311.1568]

Finish Times:
[193,87.24162],[192,88.12164],[173,88.96165],[175,89.68167],[191,89.92168],[174,90.56169],[172,90.8017],[171,91.48171],[189,91.48171],[208,92.32173],[154,92.52174],[155,93.12175],[157,93.44176],[207,93.96177],[156,94.32178],[299,94.96179],[170,95.2018],[284,96.16182],[313,96.28182],[298,97.12184],[206,97.52185],[312,98.20187],[142,98.36187],[211,99.08189],[269,99.40189],[188,100.2819],[314,100.3219],[167,101.1619],[283,101.962],[169,102.202],[123,102.842],[205,103.082],[328,103.682],[168,104.082],[297,104.522],[109,104.962],[151,105.722],[108,105.922],[122,106.8421],[150,106.8421],[141,107.8021],[136,108.4421],[138,108.8421],[254,109.3621],[152,109.8021],[82,110.2021],[186,110.8422],[137,111.0422],[327,111.6022],[107,111.9622],[268,112.7222],[95,112.8022],[239,113.8422],[326,113.8822],[149,114.7622],[124,115.0423],[94,115.9223],[187,116.0023],[351,116.8823],[153,117.1623],[110,117.7223],[80,118.0423],[79,118.6023],[66,118.9223],[209,119.4824],[166,119.8024],[67,120.3624],[140,120.6824],[135,121.2424],[148,121.6024],[52,122.0024],[112,122.7624],[253,122.8024],[93,123.6024],[68,123.8825],[39,124.4425],[98,124.8825],[65,125.2825],[99,126.0425],[53,126.0825],[114,126.8425],[127,126.9225],[83,127.7225],[97,127.8025],[121,128.6024],[144,128.6824],[342,129.4823],[126,129.6023],[369,130.2422],[84,130.6821],[113,131.082],[81,131.522],[111,131.8819],[51,132.3218],[129,132.6818],[311,133.1217],[362,133.6016],[96,133.9615],[329,134.4415],[139,134.8014],[339,135.2813],[69,135.6813],[352,136.2012],[128,136.5211],[282,137.281],[125,137.481],[340,138.2808],[143,138.4808],[341,139.2007],[54,139.6006],[185,140.1205],[353,141.0004],[361,141.0804],[210,141.9202],[190,142.8001],[343,151.9985],[331,152.3985],[330,152.9184],[332,153.2383],[316,153.7582],[318,154.0782],[317,154.5981],[315,155.238],[319,155.238],[344,155.3979],[302,155.5179],[305,156.1578],[303,156.4378],[320,156.4378],[301,156.4778],[321,156.7977],[290,156.9977],[304,157.0777],[300,157.1976],[355,157.7176],[291,157.7576],[289,157.9975],[306,158.1175],[288,158.2775],[259,158.6774],[336,158.7174],[274,158.8774],[356,158.9973],[275,159.3973],[287,159.3973],[292,159.5573],[258,159.5972],[333,159.9972],[322,160.1572],[273,160.1971],[276,160.2371],[272,160.4371],[345,160.5171],[293,160.917],[277,160.997],[260,161.237],[247,161.3569],[262,161.3569],[246,161.6769],[261,161.7569],[244,161.7969],[231,161.9968],[229,162.2368],[278,162.2768],[230,162.3568],[248,162.3568],[245,162.4368],[233,162.6767],[257,162.8367],[232,162.9567],[234,163.1966],[243,163.2366],[307,163.2766],[219,163.3166],[217,163.5566],[263,163.5966],[235,163.7965],[220,163.9965],[242,164.1965],[218,164.2365],[249,164.2765],[228,164.3165],[201,164.5564],[200,164.6764],[250,164.7564],[198,164.9164],[182,165.2363],[215,165.2763],[348,165.2763],[286,165.3163],[199,165.3963],[221,165.4363],[216,165.6762],[183,165.9562],[163,165.9962],[294,166.0362],[214,166.1161],[181,166.1561],[256,166.2361],[264,166.6361],[115,166.6761],[222,166.6761],[179,166.716],[164,166.876],[227,166.996],[130,167.276],[100,167.3959],[236,167.3959],[196,167.4359],[180,167.6359],[354,167.7159],[184,167.9558],[202,167.9558],[271,168.0358],[101,168.1158],[334,168.2758],[197,168.3158],[131,168.5957],[103,168.6757],[161,168.6757],[116,168.7157],[160,169.0357],[117,169.2356],[204,169.3156],[102,169.3556],[162,169.3556],[241,169.3556],[145,169.3956],[59,169.8355],[237,169.8755],[177,169.9155],[87,169.9955],[279,170.0355],[240,170.1955],[86,170.3954],[73,170.4754],[85,170.5154],[132,170.5154],[178,170.7954],[88,170.9553],[324,171.0753],[44,171.1153],[75,171.1953],[71,171.2753],[89,171.3953],[226,171.3953],[58,171.6752],[30,171.7552],[60,171.8352],[159,171.8352],[72,172.1151],[309,172.1151],[61,172.1551],[43,172.3551],[213,172.3551],[45,172.3951],[90,172.675],[56,172.795],[57,172.835],[223,172.835],[29,172.955],[74,173.115],[255,173.3949],[47,173.4749],[41,173.5149],[17,173.5549],[42,173.6349],[19,173.7149],[308,173.7949],[76,173.9948],[18,174.1148],[46,174.1948],[195,174.3148],[203,174.3148],[91,174.3548],[70,174.3948],[62,174.4348],[119,174.7147],[31,174.7547],[32,174.8747],[10,175.0347],[33,175.2346],[104,175.2746],[347,175.3146],[20,175.4746],[55,175.4746],[22,175.6346],[77,175.7145],[21,175.8345],[8,175.8745],[335,176.0745],[35,176.1145],[9,176.2744],[12,176.3144],[350,176.4344],[158,176.5544],[34,176.5944],[28,176.6344],[23,176.9543],[11,177.0743],[13,177.0743],[14,177.0743],[133,177.3143],[285,177.3543],[1,177.4742],[36,177.5542],[4,177.7142],[3,177.7542],[7,177.8742],[50,177.9542],[212,178.1541],[2,178.1941],[48,178.2741],[6,178.3941],[24,178.4341],[5,178.5941],[15,178.634],[27,178.634],[165,179.074],[194,179.074],[49,179.194],[270,179.2339],[368,179.2339],[78,179.3539],[26,179.3939],[224,179.5939],[40,179.6739],[118,179.7539],[106,180.0338],[92,180.1138],[25,180.1538],[16,180.2338],[147,180.3138],[365,180.3938],[0,180.7137],[325,180.7937],[252,180.8737],[310,180.8737],[323,181.0736],[176,181.2336],[37,181.5136],[295,181.5136],[63,181.5936],[366,181.6335],[360,181.9535],[225,182.0335],[38,182.0735],[64,182.2734],[367,182.3134],[280,182.5534],[105,182.5934],[281,182.7934],[134,182.8333],[251,182.8733],[359,183.0733],[357,183.2733],[266,183.3932],[296,183.5532],[338,183.7532],[120,184.1531],[337,184.1931],[146,184.2731],[238,184.793],[363,184.833],[265,185.5529],[349,185.6729],[364,185.7129],[267,186.3528],[346,186.4727],[358,187.1526]

Stuck Times:
[193,0],[192,0],[173,0],[175,1],[191,0],[174,0],[172,0],[171,0],[189,0],[208,2],[154,0],[155,3],[157,1],[207,1],[156,4],[299,4],[170,2],[284,2],[313,3],[298,4],[206,2],[312,5],[142,4],[211,12],[269,7],[188,9],[314,9],[167,7],[283,12],[169,8],[123,11],[205,10],[328,13],[168,13],[297,13],[109,13],[151,13],[108,13],[122,14],[150,15],[141,14],[136,17],[138,17],[254,18],[152,17],[82,19],[186,19],[137,17],[327,21],[107,19],[268,20],[95,19],[239,19],[326,23],[149,23],[124,22],[94,22],[187,23],[351,26],[153,26],[110,27],[80,25],[79,24],[66,26],[209,31],[166,27],[67,27],[140,29],[135,28],[148,30],[52,30],[112,32],[253,30],[93,30],[68,30],[39,31],[98,35],[65,31],[99,33],[53,35],[114,38],[127,35],[83,38],[97,34],[121,36],[144,42],[342,38],[126,38],[369,38],[84,38],[113,41],[81,38],[111,42],[51,38],[129,45],[311,40],[362,41],[96,44],[329,43],[139,43],[339,44],[69,44],[352,42],[128,47],[282,42],[125,45],[340,48],[143,52],[341,48],[54,49],[185,48],[353,47],[361,44],[210,47],[190,50],[343,0],[331,0],[330,0],[332,0],[316,0],[318,0],[317,0],[315,0],[319,0],[344,4],[302,0],[305,0],[303,0],[320,0],[301,0],[321,0],[290,0],[304,0],[300,0],[355,4],[291,0],[289,0],[306,0],[288,0],[259,0],[336,0],[274,0],[356,2],[275,0],[287,0],[292,0],[258,0],[333,8],[322,1],[273,0],[276,0],[272,0],[345,8],[293,0],[277,0],[260,0],[247,1],[262,0],[246,0],[261,0],[244,0],[231,0],[229,0],[278,0],[230,0],[248,0],[245,0],[233,0],[257,0],[232,0],[234,0],[243,0],[307,5],[219,0],[217,0],[263,1],[235,0],[220,0],[242,0],[218,0],[249,0],[228,1],[201,0],[200,0],[250,0],[198,0],[182,0],[215,0],[348,10],[286,5],[199,0],[221,0],[216,3],[183,0],[163,0],[294,5],[214,2],[181,0],[256,3],[264,4],[115,0],[222,2],[179,1],[164,0],[227,2],[130,0],[100,0],[236,2],[196,1],[180,1],[354,16],[184,2],[202,1],[271,8],[101,0],[334,14],[197,2],[131,1],[103,0],[161,0],[116,0],[160,0],[117,0],[204,2],[102,0],[162,2],[241,9],[145,2],[59,0],[237,3],[177,5],[87,0],[279,7],[240,7],[86,0],[73,1],[85,0],[132,3],[178,3],[88,0],[324,11],[44,0],[75,0],[71,0],[89,2],[226,7],[58,0],[30,0],[60,0],[159,5],[72,0],[309,10],[61,1],[43,0],[213,7],[45,0],[90,1],[56,0],[57,0],[223,3],[29,0],[74,2],[255,9],[47,0],[41,0],[17,0],[42,0],[19,0],[308,15],[76,1],[18,1],[46,0],[195,7],[203,12],[91,0],[70,1],[62,0],[119,1],[31,0],[32,0],[10,0],[33,1],[104,7],[347,22],[20,0],[55,2],[22,0],[77,1],[21,0],[8,0],[335,19],[35,1],[9,0],[12,0],[350,17],[158,8],[34,2],[28,3],[23,0],[11,0],[13,0],[14,0],[133,10],[285,15],[1,0],[36,2],[4,0],[3,0],[7,4],[50,1],[212,10],[2,0],[48,4],[6,0],[24,3],[5,1],[15,0],[27,4],[165,9],[194,12],[49,4],[270,14],[368,15],[78,3],[26,0],[224,12],[40,5],[118,11],[106,5],[92,3],[25,2],[16,6],[147,12],[365,24],[0,2],[325,21],[252,14],[310,9],[323,24],[176,12],[37,1],[295,10],[63,9],[366,21],[360,23],[225,15],[38,1],[64,4],[367,14],[280,15],[105,8],[281,11],[134,15],[251,13],[359,25],[357,28],[266,19],[296,17],[338,20],[120,11],[337,28],[146,14],[238,16],[363,31],[265,22],[349,28],[364,30],[267,24],[346,31],[358,32]

