Experiment Name: Custom-ConstantGateSize
Method Used: FlowGraph
Run Number: 0
Preparation Time: 49.3873ms
Pathfinding Time: 8.2352ms
Finish Time: 132.0019ms
Finish Time 90%: 129.6823ms
Repaths: 0
Soft Repaths: 0

Gates Data:
0:[99,[11.64349,23.28508,0,[44.001,126.4073]]],[114,[11.64954,23.297,0,[44.001,127.8207]]],[129,[12.18351,24.36159,0,[45.001,129.3639]]],[113,[12.72142,25.43892,0,[45.001,128.6219]]],[98,[12.38496,24.75675,0,[44.001,127.1765]]],[83,[12.22467,24.43654,0,[44.001,126.0304]]],[84,[11.67475,23.33739,0,[44.001,124.8477]]],[112,[13.26178,26.50859,0,[45.001,128.0082]]],[97,[12.96043,25.8889,0,[44.001,126.8602]]],[127,[13.27472,26.53092,0,[45.001,129.1533]]],[128,[12.77688,25.54886,0,[45.001,130.1486]]],[82,[12.88974,25.60553,0,[44.001,125.6728]]],[111,[13.84046,27.66442,0,[45.001,128.5437]]],[96,[13.51026,26.99032,0,[44.001,127.4382]]],[81,[13.46581,26.63219,0,[44.001,126.2243]]],[110,[14.53333,28.7375,0,[45.001,128.0676]]],[95,[14.10809,28.14147,0,[44.001,126.9716]]],[125,[14.41785,28.69921,0,[45.001,129.1598]]],[126,[13.91039,27.68127,0,[45.001,129.7727]]],[66,[13.46832,26.74931,0,[44.001,125.0191]]],[109,[14.99609,29.88184,0,[45.001,129.006]]],[94,[15.34841,30.34449,0,[45.001,128.1453]]],[79,[14.71294,29.01317,0,[44.001,127.128]]],[124,[15.11432,29.8059,0,[45.001,130.068]]],[108,[15.72128,31.02705,0,[45.001,128.9904]]],[65,[14.6369,28.4357,0,[44.001,126.0423]]],[93,[15.43115,30.44898,0,[44.001,127.7795]]],[123,[15.68355,30.90447,0,[45.001,130.1075]]],[77,[16.0034,31.25337,0,[44.001,127.8584]]],[78,[15.27351,30.11172,0,[44.001,126.5899]]],[107,[16.27138,32.02696,0,[45.001,129.1709]]],[62,[15.93134,31.28568,0,[44.001,126.7427]]],[142,[13.4096,26.71746,0,[45.001,130.2328]]],[68,[12.45383,24.70687,0,[44.001,124.9806]]],[140,[14.56864,28.94781,0,[45.001,130.2363]]],[91,[16.63115,32.56828,0,[44.001,127.8281]]],[64,[15.26131,29.04522,0,[44.001,125.4029]]],[92,[16.79852,32.52094,0,[45.001,128.804]]],[76,[16.49169,32.21856,0,[44.001,126.7436]]],[75,[17.22921,33.48448,0,[44.001,127.2722]]],[105,[17.65564,34.13852,0,[45.001,128.4364]]],[69,[12.32995,23.6849,0,[44.001,123.9013]]],[63,[15.90112,30.1692,0,[44.001,125.6303]]],[106,[17.32692,33.13927,0,[45.001,129.3319]]],[139,[15.30529,30.12527,0,[45.001,131.1059]]],[61,[16.97469,32.37442,0,[44.001,126.2271]]],[90,[18.21935,34.73255,0,[45.001,128.1895]]],[80,[14.03957,27.74968,0,[44.001,125.8677]]],[120,[18.11036,34.06577,0,[45.001,129.2791]]],[74,[17.92002,34.32191,0,[44.001,127.1509]]],[60,[17.58739,33.77682,0,[44.001,126.2268]]],[37,[16.01614,28.33472,0,[44.001,124.5183]]],[121,[17.74771,33.06092,0,[45.001,130.1516]]],[104,[18.7872,35.22723,0,[45.001,128.2606]]],[89,[18.72443,34.72047,0,[44.001,127.6133]]],[59,[18.42248,34.60098,0,[44.001,126.673]]],[48,[16.51502,30.98481,0,[44.001,125.3396]]],[135,[18.94237,34.82482,0,[45.001,129.3121]]],[119,[19.64627,35.44991,0,[45.001,128.7704]]],[103,[19.27094,35.6454,0,[44.001,127.6878]]],[47,[17.20993,31.49507,0,[44.001,125.2241]]],[136,[18.46589,33.86709,0,[45.001,130.1348]]],[33,[18.11235,32.56964,0,[44.001,125.7566]]],[102,[19.81171,36.62518,0,[44.001,127.9361]]],[151,[18.25836,32.64983,0,[45.001,131.2294]]],[118,[20.18414,36.48813,0,[45.001,129.0245]]],[88,[19.69801,35.89218,0,[44.001,126.7333]]],[51,[14.10542,27.42243,0,[44.001,124.7624]]],[73,[19.06868,35.53857,0,[44.001,126.572]]],[72,[20.26253,36.75756,0,[44.001,126.9686]]],[87,[20.98973,38.14658,0,[45.001,128.0541]]],[117,[20.73509,37.55167,0,[45.001,129.0471]]],[149,[19.95353,34.5806,0,[45.001,130.0553]]],[34,[20.12945,33.25952,0,[44.001,125.7668]]],[52,[14.77503,26.58538,0,[44.001,123.8814]]],[38,[17.74602,28.44668,0,[44.001,124.8917]]],[45,[20.88384,35.5948,0,[44.001,127.2152]]],[86,[21.37335,39.61071,0,[45.001,128.9804]]],[71,[21.72863,39.0524,0,[45.001,128.1291]]],[134,[19.41443,35.77341,0,[45.001,129.8769]]],[23,[20.73932,33.03736,0,[44.001,126.1116]]],[44,[19.54672,35.38717,0,[44.00099,125.6024]]],[67,[13.02502,25.67857,0,[44.001,124.1788]]],[31,[21.42352,36.2773,0,[44.001,126.9603]]],[58,[21.78925,36.65189,0,[44.001,127.8584]]],[101,[22.07702,39.27563,0,[45.001,129.0366]]],[132,[21.05184,38.24003,0,[45.001,130.0579]]],[22,[21.99235,35.21757,0,[44.001,126.6502]]],[13,[21.29154,34.20685,0,[44.001,125.888]]],[35,[16.93307,29.92128,0,[44.001,124.2699]]],[43,[22.49657,37.41207,0,[44.001,127.2187]]],[85,[22.78798,41.3211,0,[45.001,128.3959]]],[138,[16.32797,31.08973,0,[45.001,130.4104]]],[54,[16.44019,25.63562,0,[44.001,123.7978]]],[56,[23.15045,39.18732,0,[44.001,127.3151]]],[30,[22.8778,36.5444,0,[44.001,126.3305]]],[100,[23.35692,40.65224,0,[45.001,128.3917]]],[50,[14.6958,28.8383,0,[44.001,124.9533]]],[115,[22.71316,40.58888,0,[45.001,129.5002]]],[116,[21.62633,39.05806,0,[45.001,129.9803]]],[130,[24.00627,43.13892,0,[45.001,128.2353]]],[57,[23.65763,37.77921,0,[44.001,126.7039]]],[24,[20.01753,32.15045,0,[44.001,124.5929]]],[18,[21.89598,37.2026,0,[44.001,125.5456]]],[146,[23.66309,40.07036,0,[45.001,129.3276]]],[46,[18.87132,33.4112,0,[44.001,125.5389]]],[70,[24.01156,40.74052,0,[44.001,127.6305]]],[29,[23.40895,38.70749,0,[44.001,125.6439]]],[36,[18.43636,30.32401,0,[44.001,124.855]]],[147,[24.89366,42.05289,0,[45.001,128.6045]]],[131,[22.23709,39.77563,0,[45.001,130.129]]],[160,[24.35393,40.65992,0,[45.001,129.1368]]],[21,[22.50174,34.60746,0,[44.001,125.5035]]],[55,[24.4983,41.31343,0,[44.001,126.8738]]],[145,[24.85429,43.84593,0,[44.001,127.8933]]],[41,[24.12042,40.15468,0,[44.001,125.9105]]],[14,[20.64481,33.3404,0,[44.001,124.9966]]],[143,[13.34111,25.74387,0,[45.001,131.3212]]],[170,[25.28209,43.20053,0,[45.001,129.5195]]],[40,[25.33955,42.09263,0,[44.001,127.2032]]],[28,[25.02339,40.82724,0,[44.001,126.1503]]],[179,[24.70296,41.83372,0,[45.001,130.0643]]],[9,[22.98974,39.08619,0,[44.001,124.9066]]],[158,[25.83328,45.10914,0,[44.001,127.9142]]],[159,[25.77744,44.10412,0,[45.001,128.8394]]],[171,[24.00785,39.35163,0,[45.001,130.2177]]],[133,[21.39859,37.4632,0,[45.001,131.0411]]],[19,[23.87683,37.82315,0,[44.001,124.6813]]],[10,[22.67645,37.72187,0,[44.001,123.931]]],[178,[26.37175,46.15385,0,[45.001,129.1736]]],[26,[18.26757,29.60259,0,[44.001,123.8041]]],[183,[27.12838,44.52006,0,[45.001,128.6548]]],[17,[24.59435,39.4207,0,[44.001,125.2518]]],[157,[27.19961,31.06043,0,[45.001,130.3793]]],[165,[24.36084,34.25669,0,[45.001,131.194]]],[180,[25.6176,43.4287,0,[45.001,130.4593]]],[11,[22.16383,36.27246,0,[44.001,124.4694]]],[27,[25.86585,42.76192,0,[44.001,126.4385]]],[184,[27.67353,40.26467,0,[45.001,129.2431]]],[173,[23.57945,37.04816,0,[45.001,131.0305]]],[169,[26.47172,45.60145,0,[44.001,127.2719]]],[181,[26.54508,43.79936,0,[45.001,130.2779]]],[177,[27.54767,45.35404,0,[44.001,127.9149]]],[49,[15.40766,29.37186,0,[44.001,124.242]]],[175,[28.36786,39.38445,0,[45.001,129.2264]]],[148,[23.22514,37.63079,0,[45.001,130.0094]]],[172,[25.06596,40.75451,0,[45.001,131.0136]]],[166,[27.87072,31.5621,0,[45.001,130.5733]]],[162,[22.02124,35.81894,0,[45.001,131.149]]],[176,[28.38475,43.85224,0,[44.001,127.2185]]],[53,[13.77418,25.36185,0,[44.001,123.8745]]],[168,[28.77349,35.21578,0,[45.001,130.3925]]],[155,[20.14665,29.06826,0,[45.001,131.1852]]],[16,[27.43312,43.45369,0,[44.001,126.5574]]],[153,[15.92838,30.44547,0,[45.001,131.3384]]],[0,[27.33777,42.74007,0,[44.001,125.1471]]],[174,[22.79433,34.57523,0,[45.001,130.9262]]],[163,[20.84566,33.57993,0,[45.001,131.3567]]],[167,[29.1198,37.97616,0,[45.001,128.801]]],[144,[12.27403,24.52031,0,[45.001,130.7922]]],[1,[25.1489,39.54044,0,[44.001,124.2597]]],[39,[17.54526,27.62762,0,[44.001,123.8565]]],[5,[24.51449,35.84116,0,[44.001,124.053]]],[182,[26.13062,37.23957,0,[45.001,131.0628]]],[150,[18.97524,33.94072,0,[45.001,130.7921]]],[32,[19.44124,33.80088,0,[44.00099,124.3896]]],[152,[16.74435,31.0929,0,[45.001,131.3774]]],[164,[17.6946,31.74553,0,[45.001,131.4392]]],[7,[25.48156,41.36755,0,[44.001,125.2898]]],[3,[26.02907,37.79064,0,[44.001,124.2106]]],[15,[20.43671,31.21705,0,[44.001,123.8562]]],[137,[17.25694,32.24836,0,[45.001,130.7027]]],[25,[18.91327,30.09854,0,[44.001,124.0883]]],[122,[16.83735,31.89784,0,[45.001,129.9681]]],[20,[21.43188,36.37137,0,[44.001,124.8289]]],[12,[21.67623,35.42392,0,[44.001,123.8291]]],[6,[21.06082,33.87822,0,[44.001,123.9933]]],[141,[14.04911,27.88955,0,[45.001,131.0477]]],[2,[26.26656,41.05318,0,[44.001,125.3511]]],[161,[20.50195,35.67194,0,[45.001,130.235]]],[4,[26.81426,39.26656,0,[44.001,124.3755]]],[42,[26.73682,41.46,0,[44.001,126.118]]],[156,[19.54434,27.90231,0,[45.001,131.0334]]],[154,[14.75242,29.04734,0,[45.001,131.2843]]],[8,[23.37696,38.40855,0,[44.001,124.0143]]]
1:[99,[39.64362,79.28727,0,[100.001,126.7447]]],[114,[39.65543,79.30846,0,[100.001,128.3409]]],[129,[39.27148,78.47924,0,[99.001,130.3474]]],[113,[40.25492,80.49192,0,[100.001,129.3075]]],[98,[40.3876,80.76153,0,[100.001,127.3321]]],[83,[40.23712,80.45882,0,[100.001,125.8172]]],[84,[40.21434,80.38805,0,[101.001,124.8019]]],[112,[40.77843,81.53575,0,[100.001,128.4066]]],[97,[40.97672,81.91538,0,[100.001,126.8852]]],[127,[40.91171,81.72008,0,[100.001,129.9295]]],[128,[40.06042,79.77366,0,[99.001,130.9857]]],[82,[40.99002,81.75587,0,[100.001,125.4862]]],[111,[41.41106,82.77507,0,[100.001,129.0697]]],[96,[41.52316,83.0065,0,[100.001,127.7421]]],[81,[41.57317,82.73428,0,[100.001,126.3902]]],[110,[42.08131,83.80526,0,[100.001,128.1999]]],[95,[42.13145,84.1622,0,[100.001,126.8178]]],[125,[42.1364,84.01431,0,[100.001,129.547]]],[126,[41.21088,82.12785,0,[99.001,130.379]]],[66,[41.8673,83.24535,0,[100.001,125.4011]]],[109,[42.66634,85.00658,0,[100.001,128.9615]]],[94,[42.90303,85.4215,0,[100.001,127.9517]]],[79,[42.73253,85.03996,0,[100.001,126.8863]]],[124,[42.29486,84.06471,0,[99.001,130.1094]]],[108,[43.38002,86.22711,0,[100.001,129.0661]]],[65,[42.70671,84.47974,0,[100.001,125.6438]]],[93,[43.45994,86.47726,0,[100.001,127.7409]]],[123,[43.01132,85.41817,0,[99.001,130.3064]]],[77,[44.04705,87.32595,0,[100.001,128.1952]]],[78,[43.29993,86.13467,0,[100.001,126.4676]]],[107,[44.07347,87.44089,0,[100.001,129.5322]]],[62,[43.94466,87.30327,0,[100.001,126.8567]]],[142,[41.68948,81.44349,0,[99.001,131.0271]]],[68,[41.16954,82.00817,0,[101.001,124.3797]]],[140,[42.31943,83.44786,0,[99.001,131.2856]]],[91,[44.65365,88.59862,0,[100.001,127.6026]]],[64,[43.35168,85.14835,0,[100.001,125.2467]]],[92,[44.57303,87.70255,0,[100.001,128.9153]]],[76,[44.50766,88.23083,0,[100.001,126.3122]]],[75,[45.2585,89.51515,0,[100.001,127.4873]]],[105,[45.23289,89.26555,0,[100.001,128.7475]]],[69,[42.25719,82.24487,0,[101.001,124.1792]]],[63,[43.95879,86.18886,0,[100.001,125.4794]]],[106,[45.03983,88.36152,0,[100.001,129.9525]]],[139,[43.97562,85.66868,0,[99.001,130.3981]]],[61,[45.10594,88.44928,0,[100.001,126.3605]]],[90,[45.80165,89.79802,0,[100.001,127.8585]]],[80,[42.90018,84.89384,0,[101.001,124.5497]]],[120,[45.84781,89.36623,0,[100.001,128.9937]]],[74,[46.21003,90.35443,0,[100.001,127.1094]]],[60,[45.76794,89.85615,0,[100.001,126.3904]]],[37,[45.29585,84.86398,0,[100.001,125.2633]]],[121,[45.20386,87.6273,0,[99.001,130.0452]]],[104,[46.38675,90.38176,0,[100.001,128.6781]]],[89,[46.76023,90.76176,0,[100.001,127.823]]],[59,[46.79456,90.67602,0,[100.001,126.6088]]],[48,[44.65948,87.08446,0,[100.001,125.0557]]],[135,[46.85835,90.22408,0,[100.001,129.4238]]],[119,[47.26526,90.60765,0,[100.001,128.3446]]],[103,[47.3476,91.68311,0,[100.001,127.0887]]],[47,[45.90007,87.68944,0,[100.001,125.1921]]],[136,[45.94522,88.43335,0,[99.001,130.153]]],[33,[46.43929,88.78854,0,[100.001,125.7452]]],[102,[47.90971,92.75569,0,[100.001,127.6185]]],[151,[47.4228,89.57232,0,[100.001,129.5144]]],[118,[47.93576,91.76902,0,[100.001,128.7317]]],[88,[47.81017,91.94712,0,[100.001,126.2787]]],[51,[43.42707,84.97566,0,[101.001,124.1716]]],[73,[47.24455,91.62913,0,[100.001,125.6838]]],[72,[48.37428,92.81677,0,[100.001,126.9501]]],[87,[48.64116,93.39391,0,[100.001,128.104]]],[117,[48.53244,93.0472,0,[100.001,129.199]]],[149,[47.92603,89.982,0,[100.001,129.9522]]],[34,[48.48906,89.39481,0,[100.001,125.8391]]],[52,[45.77787,85.83769,0,[101.001,124.0882]]],[38,[47.32587,85.93816,0,[101.001,124.9461]]],[45,[48.96861,91.69909,0,[100.001,127.1495]]],[86,[49.16071,94.99199,0,[100.001,129.0202]]],[71,[49.4019,94.29498,0,[100.001,128.0207]]],[134,[47.96102,90.85188,0,[99.001,130.3217]]],[23,[49.16136,89.05733,0,[100.001,126.1039]]],[44,[47.93584,91.63854,0,[100.001,125.1065]]],[67,[44.7773,84.60924,0,[101.001,124.1502]]],[31,[49.74063,92.33917,0,[100.001,127.1312]]],[58,[50.08488,92.76842,0,[100.001,128.0816]]],[101,[49.79179,94.60326,0,[100.001,129.2476]]],[132,[48.55979,92.83034,0,[99.001,130.1088]]],[22,[50.30336,91.3794,0,[100.001,126.4432]]],[13,[49.72307,90.39718,0,[100.001,126.0185]]],[35,[46.50963,87.33253,0,[101.001,124.0979]]],[43,[50.58182,93.51388,0,[100.001,127.5683]]],[85,[50.41889,96.52964,0,[100.001,128.9924]]],[138,[47.44077,87.07445,0,[99.001,131.0865]]],[54,[48.8261,85.68183,0,[101.001,124.2003]]],[56,[51.21627,95.23829,0,[100.001,127.6518]]],[30,[50.94701,92.63366,0,[100.001,126.4537]]],[100,[50.97783,95.72246,0,[100.001,128.7689]]],[50,[44.14201,86.0326,0,[101.001,124.1558]]],[115,[50.69867,96.02965,0,[100.001,129.9455]]],[116,[49.33938,93.60905,0,[99.001,130.3992]]],[130,[51.76367,98.35821,0,[100.001,128.4737]]],[57,[51.743,93.87314,0,[100.001,127.1899]]],[24,[48.86872,88.83798,0,[100.001,125.0262]]],[18,[50.19876,93.52618,0,[100.001,125.1812]]],[146,[51.52591,95.50625,0,[100.001,129.4843]]],[46,[47.97408,90.70155,0,[101.001,124.249]]],[70,[52.28071,96.80322,0,[100.001,127.5833]]],[29,[51.56203,94.92284,0,[100.001,126.1393]]],[36,[50.91714,88.71827,0,[101.001,124.0886]]],[147,[52.53851,97.21844,0,[100.001,128.593]]],[131,[50.59082,94.68721,0,[99.001,130.7127]]],[160,[52.31913,95.97002,0,[100.001,129.6234]]],[21,[50.88525,90.79375,0,[100.001,125.2219]]],[55,[52.79833,97.33908,0,[100.001,126.7843]]],[145,[53.09229,99.91702,0,[100.001,127.7709]]],[41,[52.30022,96.29774,0,[100.001,126.2537]]],[14,[50.04198,90.61143,0,[101.001,124.9626]]],[143,[49.82452,88.95383,0,[99.001,131.0211]]],[170,[53.22745,98.80162,0,[100.001,128.8591]]],[40,[53.62512,98.14947,0,[100.001,127.4007]]],[28,[53.37369,96.91951,0,[100.001,126.2422]]],[179,[53.82388,98.38953,0,[100.001,128.8056]]],[9,[52.1342,95.56376,0,[100.001,125.1441]]],[158,[54.2124,101.5122,0,[100.001,126.8303]]],[159,[54.22464,99.47652,0,[100.001,127.9433]]],[171,[52.9263,95.30852,0,[100.001,129.9337]]],[133,[51.33929,93.17073,0,[99.001,130.3944]]],[19,[52.85683,94.38301,0,[100.001,125.4064]]],[10,[53.18547,96.16853,0,[101.001,124.1832]]],[178,[54.5541,101.7364,0,[100.001,128.8502]]],[26,[50.2024,88.56722,0,[101.001,123.9036]]],[183,[54.91184,99.74895,0,[100.001,127.5039]]],[17,[53.84132,95.73377,0,[100.001,125.5415]]],[157,[55.15899,86.78732,0,[100.001,128.5867]]],[165,[53.56524,91.02808,0,[100.001,129.9393]]],[180,[54.07247,99.14629,0,[99.66022,130]]],[11,[51.4969,93.05404,0,[100.001,125.0335]]],[27,[54.56006,98.83557,0,[100.001,125.9886]]],[184,[55.68818,95.80685,0,[100.001,127.6327]]],[173,[55.47429,95.08359,0,[100.001,129.8407]]],[169,[55.14843,101.7047,0,[100.001,126.4839]]],[181,[55.78813,100.2053,0,[100.001,128.8766]]],[177,[55.86018,101.6383,0,[100.001,126.5258]]],[49,[47.2051,87.80432,0,[101.001,123.8684]]],[175,[56.36444,94.66412,0,[100.001,128.1453]]],[148,[53.38953,93.17448,0,[99.001,131.0234]]],[172,[54.86631,97.6274,0,[100.001,129.8521]]],[166,[56.36814,87.35189,0,[100.001,129.5098]]],[162,[55.07296,93.63457,0,[99.001,130.922]]],[176,[56.51461,99.90291,0,[100.001,126.8804]]],[53,[53.92377,89.32662,0,[101.001,124.5193]]],[168,[57.12909,90.98972,0,[100.001,128.9383]]],[155,[55.81675,90.12622,0,[99.001,130.7451]]],[16,[56.91279,99.76017,0,[100.001,125.735]]],[153,[46.23096,87.27151,0,[99.001,131.1174]]],[0,[56.20571,98.94302,0,[100.001,125.4454]]],[174,[54.31056,91.19897,0,[99.001,130.9873]]],[163,[56.73784,97.07378,0,[99.001,130.5088]]],[167,[57.32599,93.3877,0,[100.001,127.4292]]],[144,[43.44116,80.20993,0,[99.001,131.0342]]],[1,[56.36569,97.73916,0,[101.001,124.1786]]],[39,[49.44736,86.4679,0,[101.001,123.9233]]],[5,[57.72438,96.45039,0,[100.001,126.1151]]],[182,[58.32948,96.19764,0,[100.001,129.3681]]],[150,[48.78524,89.67816,0,[99.001,131.1256]]],[32,[51.73012,93.10141,0,[101.001,124.002]]],[152,[48.05795,88.43922,0,[99.001,131.4227]]],[164,[46.84353,88.28451,0,[99.001,130.8042]]],[7,[55.57634,99.00301,0,[101.001,124.0577]]],[3,[58.1644,97.50916,0,[100.001,127.7003]]],[15,[58.58452,98.82761,0,[100.001,126.3077]]],[137,[45.2248,87.24075,0,[99.001,131.1512]]],[25,[59.0019,100.3181,0,[100.001,127.8473]]],[122,[44.4438,86.19032,0,[99.001,131.2299]]],[20,[52.42927,94.87166,0,[101.001,124.014]]],[12,[54.60824,94.92167,0,[101.001,123.9969]]],[6,[58.6748,99.64877,0,[101.001,124.8815]]],[141,[51.92486,90.50536,0,[99.001,130.9803]]],[2,[55.00445,97.25271,0,[100.001,125.2196]]],[161,[59.19072,97.57207,0,[100.001,129.5394]]],[4,[57.13617,96.98056,0,[101.001,124.3747]]],[42,[55.58067,97.54529,0,[100.001,125.3151]]],[156,[52.71512,87.09916,0,[99.001,131.0094]]],[154,[51.0468,88.45793,0,[99.001,131.3427]]],[8,[54.94133,96.50892,0,[101.001,124.8718]]]
2:[99,[68.16605,136.3302,0,[157.001,128.4902]]],[114,[68.67593,137.3476,0,[158.001,130.14]]],[129,[68.82088,137.5509,0,[158.001,132.329]]],[113,[69.2773,138.5349,0,[158.001,131.2066]]],[98,[69.41613,138.8106,0,[158.001,129.1825]]],[83,[68.81173,137.5713,0,[157.001,127.6884]]],[84,[68.38165,136.5739,0,[157.001,126.6042]]],[112,[69.79913,139.5724,0,[158.001,130.2652]]],[97,[69.51121,138.9798,0,[157.001,128.4343]]],[127,[69.96963,139.8118,0,[158.001,131.8355]]],[128,[69.69792,138.9514,0,[158.001,133.0087]]],[82,[69.57965,138.8928,0,[157.001,126.8521]]],[111,[70.43932,140.824,0,[158.001,130.9736]]],[96,[70.54574,141.0501,0,[158.001,129.4974]]],[81,[70.14495,139.8571,0,[157.001,127.9157]]],[110,[71.12521,141.8804,0,[158.001,130.3737]]],[95,[70.68774,141.2617,0,[157.001,128.9677]]],[125,[71.22482,142.1523,0,[158.001,131.8135]]],[126,[70.86375,141.3471,0,[158.001,132.776]]],[66,[70.82979,140.8336,0,[157.001,127.5244]]],[109,[71.72867,143.0967,0,[158.001,131.148]]],[94,[71.94416,143.4907,0,[158.001,129.8189]]],[79,[71.36025,142.2255,0,[157.001,128.5229]]],[124,[71.96419,143.3247,0,[158.001,132.5957]]],[108,[72.41438,144.2754,0,[158.001,130.6149]]],[65,[71.6168,141.8776,0,[157.001,127.3437]]],[93,[72.52014,144.5791,0,[158.001,129.1464]]],[123,[72.6004,144.5425,0,[158.001,131.8179]]],[77,[73.10301,145.4246,0,[158.001,129.9197]]],[78,[72.23412,143.3802,0,[157.001,127.8286]]],[107,[73.12467,145.519,0,[158.001,131.1543]]],[62,[72.63985,144.5256,0,[157.001,128.6709]]],[142,[72.67679,140.9972,0,[158.001,133.0012]]],[68,[70.36253,138.6972,0,[157.001,126.4708]]],[140,[73.27225,143.6348,0,[158.001,132.5972]]],[91,[73.79937,146.8728,0,[158.001,130.3098]]],[64,[72.71471,143.2208,0,[157.001,127.2265]]],[92,[73.72263,145.8854,0,[158.001,131.682]]],[76,[73.28246,145.6651,0,[157.001,128.8823]]],[75,[74.33707,147.602,0,[158.001,129.7131]]],[105,[74.31801,147.3422,0,[158.001,131.1628]]],[69,[71.23217,139.599,0,[157.001,126.2894]]],[63,[73.47066,143.7762,0,[157.001,127.5487]]],[106,[74.24345,146.4627,0,[158.001,132.511]]],[139,[73.80069,144.8576,0,[158.001,133.2906]]],[61,[74.00132,145.6076,0,[157.001,128.5452]]],[90,[74.87272,147.889,0,[158.001,130.354]]],[80,[72.11603,141.7134,0,[157.001,126.3505]]],[120,[74.95874,147.5285,0,[158.001,131.6919]]],[74,[75.30646,148.5303,0,[158.001,129.4144]]],[60,[74.70501,147.1058,0,[157.001,128.2699]]],[37,[74.16958,142.1555,0,[157.001,127.2879]]],[121,[74.9128,146.9433,0,[158.001,132.8946]]],[104,[75.53247,148.4702,0,[158.001,131.0087]]],[89,[75.81231,148.8564,0,[158.001,129.8893]]],[59,[75.46413,147.9467,0,[157.001,128.4947]]],[48,[73.7421,144.4483,0,[157.001,126.2603]]],[135,[76.01234,148.4743,0,[158.001,131.6715]]],[119,[76.34377,148.6914,0,[158.001,130.6299]]],[103,[76.45,149.8353,0,[158.001,129.3045]]],[47,[74.99763,145.5466,0,[157.001,127.2618]]],[136,[75.97682,147.8525,0,[158.001,132.8721]]],[33,[75.66653,146.2432,0,[157.001,127.2946]]],[102,[77.05421,150.8879,0,[158.001,130.1746]]],[151,[76.57104,147.6833,0,[158.001,132.0976]]],[118,[77.00426,149.876,0,[158.001,131.3418]]],[88,[76.56232,149.3289,0,[157.001,128.8406]]],[51,[73.04989,142.4193,0,[157.001,126.2143]]],[73,[76.24464,149.08,0,[157.001,127.8613]]],[72,[77.54689,151.1118,0,[158.001,129.4891]]],[87,[77.70313,151.4914,0,[158.001,130.6674]]],[117,[77.6428,151.2207,0,[158.001,131.9001]]],[149,[77.21164,148.1721,0,[158.001,132.7307]]],[34,[77.28033,146.893,0,[157.001,128.3538]]],[52,[74.58374,142.7168,0,[157.001,126.2233]]],[38,[76.7736,143.164,0,[157.001,127.5144]]],[45,[78.15587,149.8053,0,[158.001,129.492]]],[86,[78.25921,153.1185,0,[158.001,131.3633]]],[71,[78.58075,152.3847,0,[158.001,130.3912]]],[134,[77.93621,150.4362,0,[158.001,133.0816]]],[23,[77.93017,146.2284,0,[157.001,128.1826]]],[44,[77.28695,149.2311,0,[157.001,127.101]]],[67,[76.13788,141.9796,0,[157.001,126.4056]]],[31,[78.90602,150.4661,0,[158.001,129.2966]]],[58,[79.21508,150.8546,0,[158.001,130.3971]]],[101,[78.97809,152.8946,0,[158.001,131.5402]]],[132,[78.57633,152.1403,0,[158.001,132.3112]]],[22,[79.14355,148.7905,0,[157.001,128.8538]]],[13,[78.61431,148.02,0,[157.001,128.221]]],[35,[75.33137,144.5434,0,[157.001,126.1336]]],[43,[79.72508,151.7225,0,[158.001,129.9864]]],[85,[79.59038,154.6498,0,[158.001,131.4278]]],[138,[78.9011,147.472,0,[158.001,133.1956]]],[54,[78.44245,142.9096,0,[157.001,127.1391]]],[56,[80.3223,153.3135,0,[158.001,129.4889]]],[30,[79.71927,149.7529,0,[157.001,128.2631]]],[100,[80.23921,153.8349,0,[158.001,130.7353]]],[50,[76.74033,144.2194,0,[157.001,126.191]]],[115,[80.1814,154.3542,0,[158.001,131.9178]]],[116,[79.44074,153.0605,0,[158.001,132.6889]]],[130,[80.92134,156.4334,0,[158.001,130.1091]]],[57,[80.35689,150.9989,0,[157.001,128.7052]]],[24,[77.86986,146.3352,0,[157.001,126.7832]]],[18,[79.17335,151.2982,0,[157.001,127.5034]]],[146,[80.86821,153.7462,0,[158.001,131.3261]]],[46,[77.45702,147.6022,0,[157.001,125.9151]]],[70,[81.46276,154.8725,0,[158.001,129.6151]]],[29,[80.94473,152.4118,0,[157.001,128.4174]]],[36,[80.60778,146.2755,0,[157.001,127.4096]]],[147,[81.61049,155.315,0,[158.001,130.7879]]],[131,[80.8689,154.4823,0,[158.001,132.5193]]],[160,[81.6047,154.1286,0,[158.001,131.9409]]],[21,[79.98047,148.1335,0,[157.001,127.2174]]],[55,[82.04146,155.5527,0,[158.001,129.3671]]],[145,[82.22334,158.0669,0,[158.001,130.5914]]],[41,[81.59414,153.5757,0,[157.001,128.1385]]],[14,[79.2794,147.5961,0,[157.001,126.3665]]],[143,[80.22604,148.7984,0,[158.001,133.0519]]],[170,[82.48222,157.0348,0,[158.001,131.6956]]],[40,[82.72143,156.3094,0,[158.001,129.5572]]],[28,[82.19878,154.1337,0,[157.001,128.349]]],[179,[82.98395,156.4767,0,[158.001,130.6775]]],[9,[81.24996,153.0476,0,[157.001,127.1637]]],[158,[82.89713,158.7784,0,[157.001,128.6693]]],[159,[83.46813,157.5639,0,[158.001,129.8653]]],[171,[83.07896,153.7843,0,[158.001,131.8501]]],[133,[82.29097,152.6171,0,[158.001,132.8279]]],[19,[81.87267,151.6355,0,[157.001,126.7974]]],[10,[82.51462,153.3938,0,[157.001,127.3414]]],[178,[83.75198,159.8525,0,[158.001,130.9126]]],[26,[80.61829,146.3757,0,[157.001,126.1887]]],[183,[84.02348,157.8349,0,[158.001,129.314]]],[17,[83.10779,153.3638,0,[157.001,127.5517]]],[157,[84.28189,144.8522,0,[158.001,130.4862]]],[165,[83.12801,149.4405,0,[158.001,133.0218]]],[180,[83.78825,157.6477,0,[158.001,132.0266]]],[11,[81.34881,150.6441,0,[157.001,125.9884]]],[27,[83.69828,156.1535,0,[157.001,127.1915]]],[184,[84.77906,153.8695,0,[158.001,129.4926]]],[173,[84.67862,153.3286,0,[158.001,131.5234]]],[169,[83.85138,158.9668,0,[157.001,128.3482]]],[181,[85.0446,158.3102,0,[158.001,130.5624]]],[177,[84.52615,158.7638,0,[157.001,128.3889]]],[49,[78.66047,146.176,0,[157.001,126.0665]]],[175,[85.53207,152.7141,0,[158.001,129.5866]]],[148,[83.97488,152.9467,0,[158.001,133.0816]]],[172,[84.55027,156.0704,0,[158.001,132.6331]]],[166,[85.75827,145.5457,0,[158.001,130.8086]]],[162,[85.34228,153.4185,0,[158.001,131.8073]]],[176,[85.20988,156.955,0,[157.001,128.4361]]],[53,[83.26041,146.0852,0,[157.001,126.2146]]],[168,[86.22128,149.099,0,[158.001,129.9121]]],[155,[86.18819,149.7161,0,[158.001,131.6672]]],[16,[85.7766,157.0234,0,[157.001,128.5521]]],[153,[85.15918,155.545,0,[158.001,132.9992]]],[0,[84.98192,156.1723,0,[157.001,127.2716]]],[174,[85.88693,151.1128,0,[158.001,132.7677]]],[163,[86.70512,156.3474,0,[158.001,130.6693]]],[167,[86.75717,151.5028,0,[158.001,129.294]]],[144,[81.38999,148.0622,0,[158.001,133.0301]]],[1,[85.67795,154.6514,0,[157.001,127.312]]],[39,[79.85132,144.1626,0,[157.001,126.0525]]],[5,[86.3992,153.5913,0,[157.001,127.7647]]],[182,[87.39457,154.2552,0,[158.001,130.1264]]],[150,[86.80556,158.7427,0,[158.001,131.891]]],[32,[82.56895,150.8499,0,[157.001,126.142]]],[152,[87.43501,158.3318,0,[158.001,131.3945]]],[164,[76.65036,147.5126,0,[158.001,133.3138]]],[7,[86.35996,156.7802,0,[157.001,126.4173]]],[3,[86.85041,154.5365,0,[157.001,128.832]]],[15,[87.1586,155.8863,0,[157.001,127.6932]]],[137,[87.38278,154.9495,0,[158.001,132.7225]]],[25,[88.13971,158.4416,0,[158.001,129.8798]]],[122,[86.65886,147.4073,0,[158.001,133.075]]],[20,[83.99519,152.8647,0,[157.001,126.0517]]],[12,[87.24344,153.7404,0,[157.001,126.3864]]],[6,[87.90039,156.1561,0,[157.001,128.3676]]],[141,[88.3177,158.1247,0,[158.001,131.5053]]],[2,[84.7931,154.7655,0,[157.001,126.1143]]],[161,[88.83286,155.8092,0,[158.001,129.8096]]],[4,[88.06413,154.2396,0,[157.001,126.8705]]],[42,[84.30724,154.7849,0,[157.001,127.1843]]],[156,[89.27174,151.8436,0,[158.001,131.2804]]],[154,[89.73608,158.7841,0,[158.001,129.5554]]],[8,[85.55618,153.9659,0,[157.001,126.1445]]]
3:[99,[97.6786,195.3519,0,[216.001,129.7051]]],[114,[97.68792,195.3694,0,[216.001,131.4182]]],[129,[98.34993,196.5955,0,[217.001,134.0306]]],[113,[98.29741,196.5715,0,[216.001,132.8224]]],[98,[98.48121,196.9129,0,[216.001,130.9315]]],[83,[98.47624,196.7796,0,[216.001,129.5696]]],[84,[97.74467,194.8968,0,[215.001,128.3612]]],[112,[98.84218,197.6393,0,[216.001,131.9946]]],[97,[99.11624,198.0778,0,[216.001,130.1042]]],[127,[99.00548,197.8747,0,[216.001,133.5826]]],[128,[99.272,198.0621,0,[217.001,134.856]]],[82,[98.77283,197.1414,0,[215.001,128.5439]]],[111,[99.46415,198.8689,0,[216.001,132.6362]]],[96,[99.58488,199.1202,0,[216.001,131.1393]]],[81,[99.77459,199.013,0,[216.001,129.4816]]],[110,[100.157,199.9371,0,[216.001,131.962]]],[95,[100.2518,200.354,0,[216.001,130.5047]]],[125,[100.265,200.215,0,[216.001,133.4633]]],[126,[100.4844,200.5049,0,[217.001,134.621]]],[66,[99.94711,198.9891,0,[215.001,128.7228]]],[109,[100.7573,201.1351,0,[216.001,132.701]]],[94,[100.9779,201.5515,0,[216.001,131.2849]]],[79,[100.9267,201.3415,0,[216.001,129.8523]]],[124,[101.508,202.4023,0,[217.001,134.324]]],[108,[101.4459,202.3304,0,[216.001,132.2723]]],[65,[100.8505,200.2407,0,[215.001,128.7148]]],[93,[101.5814,202.6896,0,[216.001,130.6343]]],[123,[101.6457,202.6142,0,[216.001,133.6683]]],[77,[102.1835,203.5692,0,[216.001,131.764]]],[78,[102.08,202.7544,0,[216.001,129.518]]],[107,[102.1677,203.5971,0,[216.001,132.9685]]],[62,[102.3543,203.8616,0,[216.001,130.6614]]],[142,[102.4046,200.2933,0,[217.001,134.9047]]],[68,[101.7158,197.5604,0,[215.001,128.2493]]],[140,[102.891,202.7458,0,[217.001,134.3486]]],[91,[102.8243,204.9152,0,[216.0005,132]]],[64,[102.6549,202.8627,0,[216.001,129.368]]],[92,[102.7635,203.947,0,[216.001,133.3784]]],[76,[102.9238,204.7863,0,[216.001,130.5676]]],[75,[103.4034,205.7166,0,[216.001,131.4571]]],[105,[103.353,205.3976,0,[216.001,132.8598]]],[69,[102.3925,199.3802,0,[215.001,128.2019]]],[63,[103.3437,203.0161,0,[216.001,129.3873]]],[106,[103.8433,205.5506,0,[217.001,134.1921]]],[139,[103.4808,204.0837,0,[217.001,135.1545]]],[61,[103.7084,204.8145,0,[216.001,130.3801]]],[90,[103.9324,205.9681,0,[216.001,132.1195]]],[80,[103.1393,200.7326,0,[215.001,128.2761]]],[120,[104.0306,205.6198,0,[216.001,133.4756]]],[74,[104.4167,206.7285,0,[216.001,131.3307]]],[60,[104.4165,206.4342,0,[216.001,130.1459]]],[37,[103.7831,200.497,0,[215.001,128.9969]]],[121,[104.6286,206.1496,0,[217.001,134.7005]]],[104,[104.5681,206.5242,0,[216.001,132.7239]]],[89,[104.9867,206.9145,0,[216.001,131.4841]]],[59,[105.1108,207.039,0,[216.001,129.9291]]],[48,[104.2242,203.3301,0,[215.001,128.2013]]],[135,[105.0763,206.577,0,[216.001,133.6382]]],[119,[105.3861,206.7589,0,[216.001,132.5352]]],[103,[105.5219,207.8871,0,[216.001,131.0468]]],[47,[104.8043,203.8307,0,[215.001,128.585]]],[136,[105.648,207.0719,0,[217.001,134.8829]]],[33,[105.7596,205.677,0,[216.001,129.6584]]],[102,[106.0891,208.9487,0,[216.001,132.0443]]],[151,[106.202,206.8586,0,[217.001,134.4897]]],[118,[106.0498,207.9558,0,[216.001,133.3557]]],[88,[106.1691,208.4785,0,[216.001,130.7361]]],[51,[105.5244,202.8895,0,[215.001,128.3733]]],[73,[106.4108,208.2636,0,[216.001,129.5502]]],[72,[106.7346,209.1882,0,[216.001,131.2737]]],[87,[106.7483,209.5626,0,[216.001,132.5381]]],[117,[106.7311,209.3423,0,[216.001,133.825]]],[149,[106.8905,207.3848,0,[217.001,134.8119]]],[34,[107.0842,206.1775,0,[216.001,130.1888]]],[52,[106.1253,203.0022,0,[215.001,128.188]]],[38,[107.1067,202.4906,0,[216.001,129.025]]],[45,[107.3762,208.0384,0,[216.001,131.3373]]],[86,[107.3407,211.2316,0,[216.001,133.4856]]],[71,[107.6767,210.547,0,[216.001,132.4055]]],[134,[107.7151,209.7347,0,[217.001,134.999]]],[23,[107.93,206.0301,0,[216.001,130.2639]]],[44,[107.8911,209.2051,0,[216.001,129.1205]]],[67,[107.0339,200.735,0,[215.001,128.084]]],[31,[108.1254,208.7903,0,[216.001,131.3443]]],[58,[108.2927,208.9375,0,[216.001,132.5344]]],[101,[108.0623,210.9891,0,[216.001,133.5737]]],[132,[108.2695,211.3497,0,[217.001,134.6311]]],[22,[108.773,207.9943,0,[216.001,130.9292]]],[13,[108.7029,207.24,0,[216.001,129.7786]]],[35,[107.9432,206.2592,0,[215.001,128.5063]]],[43,[108.8144,209.8507,0,[216.001,132.1467]]],[85,[108.7491,212.7352,0,[216.001,133.6221]]],[138,[108.8785,207.0181,0,[217.001,134.7255]]],[54,[109.1742,202.5495,0,[216.001,129.1455]]],[56,[109.416,211.4633,0,[216.001,131.6454]]],[30,[109.4623,209.1325,0,[216.001,130.3833]]],[100,[109.3238,211.9332,0,[216.001,132.9617]]],[50,[108.4968,203.8518,0,[215.001,128.022]]],[115,[109.9118,213.5089,0,[217.001,134.2252]]],[116,[109.4745,212.2483,0,[217.001,135.0238]]],[130,[110.0265,214.5698,0,[216.001,132.4918]]],[57,[110.0902,210.335,0,[216.001,131.3475]]],[24,[109.8394,207.0644,0,[216.001,129.1868]]],[18,[110.0882,211.5908,0,[216.001,130.2276]]],[146,[109.9994,211.8668,0,[216.001,133.6473]]],[46,[109.377,208.8132,0,[215.001,128.0685]]],[70,[110.6767,212.9744,0,[216.001,131.6243]]],[29,[110.6818,211.6516,0,[216.001,130.3679]]],[36,[110.5231,205.5757,0,[216.001,129.193]]],[147,[110.7053,213.4135,0,[216.001,132.808]]],[131,[110.6456,213.6633,0,[217.001,134.9075]]],[160,[110.7684,212.2893,0,[216.001,133.9246]]],[21,[110.0104,206.449,0,[215.001,128.0608]]],[55,[111.2513,213.6873,0,[216.001,130.9409]]],[145,[111.2685,216.1348,0,[216.001,132.3298]]],[41,[111.2823,212.8786,0,[216.001,129.6092]]],[14,[110.8245,206.9174,0,[215.001,128.3197]]],[143,[111.4228,208.2227,0,[217.001,135.0466]]],[170,[111.5317,215.0998,0,[216.001,133.5197]]],[40,[111.8377,214.447,0,[216.001,131.5944]]],[28,[111.9457,213.4253,0,[216.001,130.3946]]],[179,[112.058,214.5684,0,[216.001,132.7682]]],[9,[111.9508,213.1766,0,[216.001,129.2312]]],[158,[112.5128,217.8815,0,[216.001,130.6247]]],[159,[112.526,215.6519,0,[216.001,131.9661]]],[171,[112.2335,211.9439,0,[216.001,133.958]]],[133,[112.1305,211.7673,0,[217.001,134.7785]]],[19,[111.5752,210.3314,0,[215.001,128.0777]]],[10,[112.8547,212.926,0,[216.001,129.4574]]],[178,[112.8353,217.9861,0,[216.001,133.2462]]],[26,[112.1936,205.5441,0,[215.001,128.3041]]],[183,[113.1236,215.9961,0,[216.001,131.491]]],[17,[113.2679,212.8077,0,[216.001,130.3596]]],[157,[113.3478,202.9631,0,[216.001,132.6046]]],[165,[113.0496,208.7591,0,[217.001,134.9885]]],[180,[113.6888,216.885,0,[217.001,134.4082]]],[11,[112.8442,210.7468,0,[215.001,128.2613]]],[27,[113.6847,215.6336,0,[216.001,129.2919]]],[184,[113.9104,212.0839,0,[216.001,131.6048]]],[173,[113.7684,211.4397,0,[216.001,133.6023]]],[169,[113.9775,218.2627,0,[216.001,130.4407]]],[181,[114.1843,216.4417,0,[216.001,132.66]]],[177,[114.3886,218.139,0,[216.001,129.4564]]],[49,[113.6458,207.4548,0,[215.001,128.2155]]],[175,[114.6157,210.7832,0,[216.001,130.7768]]],[148,[114.3897,212.5332,0,[217.001,134.9567]]],[172,[114.8575,215.331,0,[217.001,134.1647]]],[166,[114.8078,203.585,0,[216.001,131.8968]]],[162,[114.773,211.555,0,[216.001,133.0994]]],[176,[114.995,216.0872,0,[216.001,129.7107]]],[53,[114.2476,204.8701,0,[215.001,128.3303]]],[168,[115.302,207.1351,0,[216.001,131.3858]]],[155,[115.3064,207.8312,0,[216.001,132.6399]]],[16,[115.4576,216.1267,0,[216.001,130.3147]]],[153,[115.52,215.0685,0,[217.001,134.0955]]],[0,[114.9168,214.6171,0,[215.001,128.9819]]],[174,[115.552,209.3722,0,[216.001,133.7542]]],[163,[115.8895,214.4369,0,[216.001,132.4097]]],[167,[115.9333,209.5957,0,[216.001,131.0819]]],[144,[115.5023,207.8613,0,[217.001,135.2031]]],[1,[115.9397,214.1078,0,[216.001,129.4424]]],[39,[114.9765,205.5199,0,[215.001,127.8816]]],[5,[116.3889,213.0894,0,[216.001,130.1788]]],[182,[116.4741,212.3372,0,[216.001,131.4792]]],[150,[116.1839,216.9083,0,[216.001,133.7294]]],[32,[115.6212,210.6667,0,[215.001,128.1834]]],[152,[116.6123,216.4147,0,[216.001,132.6735]]],[164,[116.3729,212.551,0,[217.001,134.9408]]],[7,[116.1397,215.4768,0,[215.001,128.8402]]],[3,[117.1039,213.8969,0,[216.001,131.4505]]],[15,[117.0687,215.3991,0,[216.001,129.9628]]],[137,[116.9244,213.1781,0,[216.001,133.8474]]],[25,[117.3465,216.6372,0,[216.001,132.8082]]],[122,[117.2261,206.7885,0,[217.001,135.0158]]],[20,[116.8327,214.267,0,[215.001,128.5919]]],[12,[117.6533,213.8718,0,[216.001,130.5511]]],[6,[117.8325,215.5582,0,[216.001,131.7994]]],[141,[118.1498,217.2952,0,[217.001,134.3805]]],[2,[118.0088,218.2155,0,[216.001,129.4933]]],[161,[118.0448,214.1937,0,[216.001,133.1273]]],[4,[118.4761,213.959,0,[216.001,130.9296]]],[42,[117.88,215.6673,0,[215.001,128.4187]]],[156,[119.0019,211.178,0,[217.001,134.2438]]],[154,[118.9333,217.1282,0,[216.001,132.336]]],[8,[118.9246,214.9941,0,[216.001,129.6263]]]

Travel Distances:
[99,217.9937],[114,217.9923],[129,219.8924],[113,219.9738],[98,219.9477],[83,219.8225],[84,219.3871],[112,219.9531],[97,221.8397],[127,221.859],[128,221.5071],[82,221.5854],[111,221.9366],[96,221.948],[81,221.4608],[110,223.6197],[95,223.8427],[125,223.6811],[126,223.5225],[66,223.0833],[109,223.6178],[94,225.5909],[79,225.4788],[124,225.3828],[108,225.4352],[65,224.5217],[93,225.5245],[123,225.3169],[77,227.1995],[78,226.5897],[107,227.2588],[62,227.1477],[142,223.4634],[68,222.1078],[140,224.9599],[91,227.2644],[64,225.5148],[92,226.4171],[76,228.9149],[75,228.9043],[105,228.6868],[69,224.4962],[63,226.3082],[106,227.8544],[139,227.0703],[61,227.3826],[90,228.1003],[80,226.3669],[120,229.5502],[74,229.8914],[60,229.5957],[37,224.9213],[121,228.8521],[104,229.3848],[89,230.9335],[59,230.8137],[48,228.8195],[135,230.4091],[119,229.9822],[103,230.841],[47,228.209],[136,229.6933],[33,228.1539],[102,232.7638],[151,230.34],[118,231.8386],[88,232.1244],[51,227.8257],[73,231.4121],[72,231.7146],[87,232.0597],[117,233.8583],[149,231.4276],[34,229.9922],[52,228.6054],[38,226.2616],[45,231.2816],[86,234.5285],[71,233.1905],[134,232.2044],[23,230.1628],[44,233.4163],[67,226.5779],[31,232.5169],[58,232.3248],[101,234.8126],[132,234.5699],[22,230.4434],[13,229.8294],[35,230.3553],[43,232.2113],[85,237.1746],[138,230.9142],[54,226.1569],[56,234.619],[30,232.2032],[100,235.1849],[50,228.6613],[115,235.4023],[116,234.8361],[130,238.4922],[57,234.1468],[24,231.3716],[18,235.4026],[146,235.6389],[46,234.0173],[70,235.6038],[29,234.2697],[36,228.4691],[147,235.9415],[131,235.9985],[160,236.6391],[21,232.2534],[55,237.1725],[145,239.5478],[41,236.305],[14,231.2414],[143,230.722],[170,237.9936],[40,236.7663],[28,237.5244],[179,238.4351],[9,237.2543],[158,240.8511],[159,238.5967],[171,235.4113],[133,234.8696],[19,235.1371],[10,237.204],[178,242.3007],[26,231.1307],[183,239.7455],[17,236.2657],[157,226.2639],[165,232.2884],[180,239.2512],[11,234.9836],[27,238.2565],[184,234.2606],[173,235.8492],[169,242.3033],[181,240.0551],[177,241.3544],[49,232.1388],[175,233.5492],[148,235.3883],[172,237.4734],[166,225.9639],[162,235.9269],[176,240.0904],[53,230.2577],[168,230.522],[155,231.1628],[16,239.2062],[153,237.7016],[0,238.7623],[174,231.9178],[163,236.6187],[167,231.7245],[144,232.1754],[1,238.2011],[39,231.4996],[5,236.2801],[182,235.3667],[150,240.2578],[32,235.3526],[152,239.1632],[164,235.2653],[7,239.183],[3,237.678],[15,239.2426],[137,237.1706],[25,239.9183],[122,229.9162],[20,238.5238],[12,236.561],[6,237.8884],[141,240.9109],[2,242.1728],[161,238.0734],[4,237.0048],[42,239.8477],[156,233.1033],[154,241.2569],[8,239.1329]

Finish Times:
[99,110.6822],[114,110.6822],[129,111.0822],[113,111.3622],[98,111.4822],[83,111.6022],[84,111.6022],[112,111.8422],[97,112.1622],[127,112.1622],[128,112.2422],[82,112.5222],[111,112.5222],[96,112.5622],[81,112.8422],[110,113.1622],[95,113.2422],[125,113.4422],[126,113.4422],[66,113.6422],[109,113.8022],[94,113.9622],[79,114.0022],[124,114.3222],[108,114.4822],[65,114.5622],[93,114.6022],[123,114.8422],[77,115.1623],[78,115.2023],[107,115.2423],[62,115.3623],[142,115.5623],[68,115.6423],[140,115.7223],[91,115.8423],[64,115.8823],[92,115.8823],[76,115.9623],[75,116.4023],[105,116.4023],[69,116.4423],[63,116.5623],[106,116.6023],[139,116.6023],[61,116.7623],[90,116.9223],[80,117.1623],[120,117.2023],[74,117.4023],[60,117.4823],[37,117.6023],[121,117.6023],[104,117.6423],[89,117.9623],[59,118.1623],[48,118.3223],[135,118.3223],[119,118.4423],[103,118.5223],[47,118.5623],[136,118.8023],[33,118.8423],[102,119.0823],[151,119.1223],[118,119.1623],[88,119.2023],[51,119.3624],[73,119.5624],[72,119.7224],[87,119.8024],[117,119.9624],[149,120.0824],[34,120.1224],[52,120.2424],[38,120.3224],[45,120.3624],[86,120.5224],[71,120.7224],[134,120.7224],[23,120.9624],[44,121.0824],[67,121.0824],[31,121.1224],[58,121.3624],[101,121.3624],[132,121.6424],[22,121.7624],[13,121.8024],[35,121.8024],[43,121.8424],[85,121.9624],[138,122.0424],[54,122.4024],[56,122.4024],[30,122.4824],[100,122.4824],[50,122.6824],[115,122.8824],[116,122.9224],[130,123.0424],[57,123.0824],[24,123.1624],[18,123.2024],[146,123.2824],[46,123.6424],[70,123.6824],[29,123.7225],[36,123.8025],[147,123.8025],[131,123.8825],[160,124.0825],[21,124.1625],[55,124.2425],[145,124.3225],[41,124.4025],[14,124.7225],[143,124.7625],[170,124.7625],[40,124.8425],[28,125.0025],[179,125.1625],[9,125.2025],[158,125.5225],[159,125.5225],[171,125.5625],[133,125.6025],[19,125.7625],[10,125.9625],[178,126.0025],[26,126.0825],[183,126.1225],[17,126.3225],[157,126.4025],[165,126.4025],[180,126.6825],[11,126.8825],[27,126.8825],[184,126.8825],[173,126.9625],[169,127.0025],[181,127.2425],[177,127.5625],[49,127.6425],[175,127.6425],[148,127.7625],[172,127.7625],[166,127.8025],[162,127.9625],[176,128.1625],[53,128.2825],[168,128.2825],[155,128.3625],[16,128.5225],[153,128.5625],[0,128.8024],[174,128.8824],[163,128.9224],[167,128.9224],[144,129.0824],[1,129.1224],[39,129.3223],[5,129.4823],[182,129.4823],[150,129.5623],[32,129.6423],[152,129.6823],[164,129.7223],[7,129.8422],[3,130.0822],[15,130.1222],[137,130.2022],[25,130.4021],[122,130.4821],[20,130.6421],[12,130.6821],[6,130.8421],[141,131.002],[2,131.122],[161,131.162],[4,131.482],[42,131.6819],[156,131.7619],[154,131.9619],[8,132.0019]

Stuck Times:
[99,0],[114,0],[129,0],[113,0],[98,0],[83,0],[84,0],[112,0],[97,0],[127,0],[128,0],[82,0],[111,0],[96,0],[81,0],[110,0],[95,0],[125,0],[126,0],[66,0],[109,0],[94,0],[79,0],[124,0],[108,0],[65,0],[93,0],[123,0],[77,0],[78,0],[107,0],[62,0],[142,1],[68,2],[140,0],[91,0],[64,0],[92,0],[76,0],[75,0],[105,0],[69,1],[63,1],[106,0],[139,0],[61,0],[90,0],[80,2],[120,0],[74,0],[60,0],[37,3],[121,0],[104,0],[89,0],[59,0],[48,0],[135,1],[119,2],[103,1],[47,1],[136,1],[33,1],[102,0],[151,1],[118,1],[88,1],[51,2],[73,0],[72,1],[87,0],[117,1],[149,3],[34,3],[52,2],[38,4],[45,3],[86,0],[71,0],[134,0],[23,4],[44,2],[67,7],[31,3],[58,3],[101,2],[132,1],[22,5],[13,3],[35,4],[43,4],[85,0],[138,3],[54,5],[56,4],[30,6],[100,2],[50,6],[115,1],[116,1],[130,1],[57,6],[24,4],[18,3],[146,1],[46,2],[70,2],[29,3],[36,8],[147,2],[131,2],[160,3],[21,6],[55,4],[145,1],[41,3],[14,4],[143,7],[170,2],[40,5],[28,5],[179,3],[9,2],[158,2],[159,2],[171,5],[133,3],[19,4],[10,3],[178,2],[26,10],[183,3],[17,5],[157,14],[165,8],[180,3],[11,4],[27,5],[184,7],[173,5],[169,2],[181,3],[177,4],[49,8],[175,8],[148,7],[172,3],[166,15],[162,7],[176,6],[53,12],[168,13],[155,11],[16,7],[153,7],[0,6],[174,9],[163,8],[167,13],[144,9],[1,9],[39,11],[5,8],[182,10],[150,4],[32,8],[152,5],[164,11],[7,6],[3,11],[15,9],[137,10],[25,9],[122,11],[20,6],[12,8],[6,7],[141,8],[2,5],[161,11],[4,12],[42,9],[156,11],[154,9],[8,9]

