Experiment Name: Custom-ConstantGateSize
Method Used: FlowField
Run Number: 0
Preparation Time: 0.0002ms
Pathfinding Time: 77.5411ms
Finish Time: 130.0822ms
Finish Time 90%: 127.7625ms
Repaths: 0
Soft Repaths: 0

Gates Data:
0:[84,[11.68663,23.36797,0,[44.001,126.6933]]],[99,[11.68785,23.36538,0,[44.001,127.8258]]],[69,[11.71759,23.42411,0,[44.001,125.464]]],[114,[12.22701,24.40697,0,[45.001,128.9282]]],[83,[12.28531,24.55684,0,[44.001,127.3496]]],[68,[12.284,24.55612,0,[44.001,126.1129]]],[98,[12.8087,25.58731,0,[45.001,128.4931]]],[54,[11.82965,23.58667,0,[44.001,124.2062]]],[53,[12.35587,24.61947,0,[44.001,124.7579]]],[67,[12.87993,25.69828,0,[44.001,126.7234]]],[82,[12.89636,25.72747,0,[44.001,127.8375]]],[113,[12.83381,25.63489,0,[45.001,129.6073]]],[52,[12.89437,25.68271,0,[44.001,125.5569]]],[97,[13.39461,26.73367,0,[45.001,128.9436]]],[81,[13.45391,26.74661,0,[44.001,127.0809]]],[66,[13.451,26.74519,0,[44.001,125.9801]]],[96,[13.96352,27.76624,0,[45.001,128.1701]]],[38,[13.13993,25.75162,0,[44.001,124.5115]]],[129,[12.26122,24.47181,0,[45.001,130.0214]]],[65,[13.99272,27.80847,0,[44.001,126.9104]]],[51,[13.7744,26.76089,0,[44.001,125.0949]]],[80,[14.04075,27.79325,0,[44.001,127.9996]]],[111,[13.94874,27.76494,0,[45.001,129.2509]]],[50,[14.24626,27.76006,0,[44.001,125.954]]],[95,[14.51248,28.80788,0,[45.001,129.087]]],[64,[14.76694,28.80019,0,[44.001,126.397]]],[79,[14.54023,28.80048,0,[44.001,127.3742]]],[39,[13.64058,24.85079,0,[44.001,124.0025]]],[128,[12.93632,25.71861,0,[45.001,130.6945]]],[36,[14.43819,27.90289,0,[44.001,124.9314]]],[49,[14.94083,28.79075,0,[44.001,125.3692]]],[94,[15.04094,29.8205,0,[45.001,128.4533]]],[63,[15.24283,29.91148,0,[44.001,127.0043]]],[78,[15.57194,30.89816,0,[45.001,128.0383]]],[48,[15.50608,29.8564,0,[44.001,126.045]]],[110,[14.76016,28.91504,0,[45.001,130.043]]],[35,[15.44034,29.03193,0,[44.001,124.9371]]],[37,[14.22269,26.78771,0,[44.001,123.9199]]],[93,[15.8227,30.94905,0,[45.001,129.0004]]],[77,[15.77868,30.94212,0,[44.001,127.238]]],[62,[16.09558,30.95705,0,[44.001,126.3627]]],[34,[15.96992,30.03564,0,[44.001,125.2728]]],[92,[16.31406,31.99261,0,[45.001,128.3172]]],[109,[15.29705,29.94312,0,[45.001,129.3783]]],[76,[16.28638,32.06824,0,[44.001,127.7264]]],[24,[14.84564,28.03552,0,[44.001,124.12]]],[108,[16.34019,31.07426,0,[45.001,129.3934]]],[47,[16.5734,30.97422,0,[44.001,125.822]]],[33,[16.47503,31.25681,0,[44.001,124.6861]]],[61,[16.66225,32.14338,0,[44.001,126.9257]]],[91,[17.32806,33.12506,0,[45.001,128.0242]]],[107,[16.82461,32.12416,0,[45.001,128.8307]]],[32,[17.08999,32.3081,0,[44.001,125.4532]]],[125,[15.28362,29.08575,0,[45.001,130.4388]]],[46,[17.20175,32.04889,0,[44.001,126.7318]]],[75,[17.36642,33.21944,0,[44.001,127.8921]]],[106,[17.89783,33.25389,0,[45.001,129.1436]]],[123,[16.84719,31.28003,0,[45.001,129.935]]],[25,[15.40972,27.28254,0,[44.001,123.8412]]],[74,[18.38719,35.38657,0,[45.001,128.4356]]],[122,[17.35024,32.40439,0,[45.001,129.1262]]],[60,[17.85703,33.29183,0,[44.001,127.2961]]],[45,[17.69864,33.30885,0,[44.001,126.2275]]],[21,[16.99599,31.56973,0,[44.001,124.1744]]],[124,[15.80769,30.19423,0,[45.001,130.0992]]],[31,[18.2203,33.62486,0,[44.001,125.6295]]],[139,[16.33123,30.01833,0,[45.001,130.4603]]],[59,[18.39792,34.52067,0,[44.001,127.825]]],[105,[18.44223,34.43578,0,[45.001,129.5276]]],[44,[18.3747,34.46795,0,[44.001,126.7126]]],[20,[17.62931,32.59385,0,[44.001,125.1093]]],[121,[17.96067,33.51962,0,[45.001,130.2593]]],[58,[19.45964,36.87811,0,[45.001,128.0173]]],[19,[18.77952,34.18591,0,[44.001,125.7082]]],[30,[18.93117,34.88806,0,[44.001,126.8946]]],[90,[18.96026,34.43794,0,[45.001,128.9223]]],[137,[17.40414,32.12069,0,[45.001,130.2101]]],[72,[19.49129,36.85894,0,[44.001,127.5351]]],[120,[19.05976,34.97306,0,[45.001,129.9961]]],[88,[20.17535,36.72014,0,[45.001,128.6078]]],[43,[19.44435,35.42465,0,[44.001,126.4183]]],[22,[16.02488,30.14699,0,[44.001,124.0205]]],[10,[18.19995,33.14438,0,[44.001,124.4614]]],[73,[19.54529,36.80296,0,[45.001,129.1038]]],[29,[20.00186,36.15304,0,[44.001,126.5474]]],[57,[20.06096,36.96704,0,[44.001,127.7191]]],[104,[20.13874,35.57726,0,[45.001,129.7036]]],[126,[14.15879,27.93162,0,[45.001,130.2441]]],[42,[20.53499,37.10394,0,[44.001,126.8512]]],[18,[19.32162,35.09795,0,[44.001,125.2995]]],[71,[21.08985,39.09395,0,[45.001,128.0995]]],[17,[20.47707,36.34113,0,[44.001,125.5521]]],[56,[21.0377,38.11033,0,[44.001,127.3964]]],[87,[21.6865,37.92974,0,[45.001,128.5506]]],[103,[20.6926,36.69481,0,[45.001,128.9696]]],[28,[21.02311,37.52174,0,[44.001,126.0261]]],[23,[17.69327,29.28071,0,[44.001,123.9886]]],[118,[21.23673,37.24511,0,[45.001,129.1785]]],[136,[18.58428,33.3462,0,[45.001,130.5851]]],[8,[19.88395,35.64032,0,[44.001,125.3767]]],[41,[21.5413,38.00733,0,[44.001,126.8696]]],[86,[21.66729,38.49852,0,[44.001,127.9805]]],[102,[22.40272,38.08099,0,[45.001,128.9949]]],[0,[21.66744,37.65443,0,[44.001,125.761]]],[119,[20.81077,36.09574,0,[45.001,130.0428]]],[134,[21.48053,36.13651,0,[45.001,130.1514]]],[70,[22.18384,39.70662,0,[44.001,127.1895]]],[101,[22.84684,39.85152,0,[45.001,128.2509]]],[9,[19.35244,34.38911,0,[44.001,124.1048]]],[13,[21.31519,32.75996,0,[44.001,124.8202]]],[133,[21.94086,37.18554,0,[45.001,129.5817]]],[27,[22.91148,38.72401,0,[44.001,126.3279]]],[149,[20.20227,35.14371,0,[45.001,130.7907]]],[7,[22.29114,38.38863,0,[44.001,126.1029]]],[100,[22.85953,40.50921,0,[44.001,127.4292]]],[116,[23.48779,41.15739,0,[45.001,128.5534]]],[89,[19.60451,35.72976,0,[45.001,130.2011]]],[148,[22.52508,37.38288,0,[45.001,130.1492]]],[2,[20.62741,35.13088,0,[44.001,124.3787]]],[55,[23.46537,39.91993,0,[44.001,126.3638]]],[1,[23.01947,37.11901,0,[44.001,125.2219]]],[117,[22.98365,38.96836,0,[45.001,129.327]]],[150,[19.09847,33.64904,0,[45.001,131.0968]]],[115,[23.679,41.72594,0,[44.001,127.4053]]],[4,[22.25271,35.09872,0,[44.001,124.969]]],[140,[15.8461,28.94083,0,[45.001,131.2129]]],[132,[23.58374,39.39574,0,[45.001,129.6514]]],[85,[24.23178,40.70626,0,[44.001,126.4603]]],[16,[23.86507,38.8914,0,[44.001,125.4506]]],[131,[24.06372,41.47565,0,[45.001,128.5054]]],[163,[20.73735,32.71229,0,[45.001,131.1246]]],[145,[24.29926,42.85709,0,[44.001,127.5674]]],[159,[24.60337,40.73331,0,[45.001,128.7476]]],[11,[18.78445,32.52697,0,[44.001,124.4324]]],[130,[24.84356,42.1228,0,[44.001,126.3848]]],[3,[24.54464,37.09973,0,[44.001,125.2987]]],[171,[25.18177,40.10725,0,[45.001,128.3729]]],[170,[25.53331,40.86022,0,[45.001,129.2334]]],[146,[24.13922,40.01009,0,[45.001,129.6273]]],[181,[24.99788,37.47583,0,[45.001,129.5362]]],[169,[25.02919,42.42723,0,[44.001,127.4365]]],[179,[25.90362,43.52337,0,[45.001,128.3379]]],[40,[25.28881,40.0238,0,[44.001,125.2664]]],[182,[26.31804,40.0631,0,[45.001,129.1699]]],[26,[22.71287,30.06081,0,[44.001,124.1363]]],[173,[22.03679,34.62426,0,[45.001,130.8217]]],[175,[24.58604,34.36279,0,[45.001,130.2605]]],[180,[26.70711,41.73505,0,[45.001,128.0464]]],[176,[25.93295,35.24826,0,[45.001,130.0035]]],[162,[24.2163,34.48977,0,[45.001,131.0755]]],[161,[21.37185,35.88115,0,[45.001,131.2074]]],[5,[23.52695,35.62933,0,[44.001,124.3594]]],[178,[25.79811,44.2168,0,[44.001,127.292]]],[157,[27.00223,40.16513,0,[45.001,129.0726]]],[143,[26.62619,39.60932,0,[45.001,130.3531]]],[147,[23.13014,38.42176,0,[45.001,130.3945]]],[172,[22.81295,36.3176,0,[45.001,131.2979]]],[174,[25.3455,36.99483,0,[45.001,130.4408]]],[160,[23.68658,38.49195,0,[45.001,130.7517]]],[177,[26.90792,44.4215,0,[44.001,127.8097]]],[165,[27.3995,37.72581,0,[45.001,129.8468]]],[166,[24.94149,33.2796,0,[45.001,131.2149]]],[6,[25.03693,35.21409,0,[44.001,124.2099]]],[141,[14.66827,27.91779,0,[45.001,131.1262]]],[152,[17.54791,31.33853,0,[45.001,131.2792]]],[156,[27.8243,44.1184,0,[45.001,128.9246]]],[135,[19.70671,34.66986,0,[45.001,131.3017]]],[164,[27.42489,35.05299,0,[45.001,130.9516]]],[112,[13.51889,26.76635,0,[45.001,130.0117]]],[158,[25.54346,44.73829,0,[44.001,126.2987]]],[142,[14.0891,26.86269,0,[45.001,131.3266]]],[184,[26.61733,45.6501,0,[44.001,126.4858]]],[127,[13.52239,26.89106,0,[45.001,131.1065]]],[12,[21.75835,31.53207,0,[44.001,124.1449]]],[153,[16.41819,30.1514,0,[45.001,131.5256]]],[167,[28.57914,40.57723,0,[45.001,129.1146]]],[15,[24.23499,32.60644,0,[44.001,124.2405]]],[151,[18.22871,32.49115,0,[45.001,131.4124]]],[183,[25.96518,35.85828,0,[45.001,131.1192]]],[155,[15.19999,28.01709,0,[45.001,131.4896]]],[144,[12.40245,24.60306,0,[45.001,131.0803]]],[154,[28.13885,39.31822,0,[45.001,130.2349]]],[14,[19.98858,30.79749,0,[44.001,124.2314]]],[138,[16.94418,31.05274,0,[45.001,131.0152]]],[168,[27.7049,44.47098,0,[44.001,127.6573]]]
1:[84,[39.72304,79.43779,0,[100.001,128.1194]]],[99,[39.73923,79.45889,0,[100.001,129.4703]]],[69,[39.75179,79.48891,0,[100.001,126.6014]]],[114,[39.31897,78.55341,0,[99.001,130.738]]],[83,[40.37521,80.68667,0,[100.001,128.6787]]],[68,[40.33284,80.63713,0,[100.001,127.3339]]],[98,[40.4266,80.76524,0,[100.001,129.8827]]],[54,[40.38484,80.67691,0,[101.001,124.9709]]],[53,[40.40113,80.68378,0,[100.001,125.8166]]],[67,[40.9339,81.7882,0,[100.001,127.8882]]],[82,[40.98283,81.85003,0,[100.001,129.0898]]],[113,[40.11798,79.92522,0,[99.001,130.9318]]],[52,[40.93172,81.74786,0,[100.001,126.5759]]],[97,[40.70345,80.92627,0,[99.001,130.114]]],[81,[41.56453,82.91836,0,[100.001,128.2072]]],[66,[41.51352,82.84908,0,[100.001,127.021]]],[96,[41.65648,83.00291,0,[100.001,129.3035]]],[38,[41.17601,81.813,0,[100.001,125.2899]]],[129,[41.00866,78.90535,0,[99.001,131.0462]]],[65,[42.13756,83.91701,0,[100.001,127.9015]]],[51,[41.83387,82.84891,0,[100.001,125.9483]]],[80,[42.23146,83.96913,0,[100.001,128.9948]]],[111,[41.52087,82.2308,0,[99.001,130.1254]]],[50,[42.31126,83.84839,0,[100.001,126.8441]]],[95,[42.56973,84.15128,0,[100.001,129.9826]]],[64,[42.82881,84.90189,0,[100.001,127.7718]]],[79,[42.84762,84.92813,0,[100.001,128.9451]]],[39,[42.26411,82.01488,0,[101.001,124.6259]]],[128,[41.76742,80.36864,0,[99.001,131.1071]]],[36,[42.49105,83.98072,0,[100.001,125.6597]]],[49,[42.99519,84.87842,0,[100.001,126.5565]]],[94,[43.17652,84.95554,0,[99.92748,130]]],[63,[43.41549,86.09088,0,[100.001,128.0829]]],[78,[43.5571,86.10784,0,[100.001,129.1449]]],[48,[43.62084,86.00108,0,[100.001,127.0553]]],[110,[42.41011,83.27311,0,[99.001,130.9501]]],[35,[43.51984,85.15413,0,[100.001,125.7061]]],[37,[42.86434,83.89679,0,[101.001,124.3528]]],[93,[43.3417,85.18659,0,[99.001,130.1663]]],[77,[44.09044,87.12373,0,[100.001,128.8204]]],[62,[44.24549,87.12626,0,[100.001,127.7288]]],[34,[44.06402,86.16113,0,[100.001,126.3207]]],[92,[44.42832,87.2663,0,[100.001,129.8241]]],[109,[43.0644,84.2262,0,[99.001,131.1474]]],[76,[44.74377,88.36491,0,[100.001,128.8172]]],[24,[43.50634,85.12745,0,[101.001,124.8701]]],[108,[43.93455,85.5669,0,[99.001,130.9339]]],[47,[44.71601,87.12082,0,[100.001,126.9368]]],[33,[44.58562,87.35767,0,[100.001,125.6431]]],[61,[45.08252,88.43484,0,[100.001,127.7815]]],[91,[45.2997,88.57491,0,[100.001,128.9211]]],[107,[45.17633,87.50156,0,[100.001,129.9983]]],[32,[45.20034,88.43735,0,[100.001,126.1104]]],[125,[44.58147,84.13185,0,[99.001,131.0898]]],[46,[45.60316,88.30018,0,[100.001,126.9903]]],[75,[45.71186,89.56419,0,[100.001,128.1185]]],[106,[45.82972,88.67425,0,[100.001,129.2811]]],[123,[45.19987,86.17148,0,[99.001,130.4054]]],[25,[44.13757,84.52283,0,[101.001,124.3769]]],[74,[46.41723,90.65685,0,[100.001,129.0531]]],[122,[45.77042,87.16699,0,[99.001,130.1314]]],[60,[46.32671,89.4751,0,[100.001,127.9686]]],[45,[46.20776,89.40839,0,[100.001,126.8883]]],[21,[45.63209,88.7043,0,[101.001,124.6618]]],[124,[45.60046,85.34762,0,[99.001,131.2515]]],[31,[46.38727,89.76352,0,[100.001,125.8331]]],[139,[46.82757,86.68156,0,[100.001,129.9054]]],[59,[47.04985,90.79848,0,[100.001,127.813]]],[105,[47.06876,90.06511,0,[100.001,128.9012]]],[44,[46.89313,90.63966,0,[100.001,126.7534]]],[20,[45.7474,88.73923,0,[100.001,125.6088]]],[121,[47.419,89.3157,0,[100.001,129.7505]]],[58,[47.68775,92.26727,0,[100.001,128.1333]]],[19,[46.98221,90.37536,0,[100.001,125.63]]],[30,[47.54585,91.18147,0,[100.001,127.0661]]],[90,[47.94409,89.77757,0,[100.001,129.0889]]],[137,[46.89394,87.28799,0,[99.001,130.8613]]],[72,[48.28104,93.20947,0,[100.001,127.6012]]],[120,[47.46595,89.58521,0,[99.001,130.1732]]],[88,[48.47349,92.2341,0,[100.001,128.6572]]],[43,[47.69835,91.70839,0,[100.001,126.0099]]],[22,[44.73679,87.246,0,[101.001,124.6634]]],[10,[46.95634,90.32887,0,[101.001,124.6733]]],[73,[48.58543,92.34562,0,[100.001,129.7475]]],[29,[48.3157,92.51554,0,[100.001,126.3881]]],[57,[48.99483,93.36604,0,[100.001,127.9277]]],[104,[48.08648,90.07935,0,[99.001,130.8603]]],[126,[46.2881,82.77316,0,[99.001,131.0039]]],[42,[48.84629,93.48687,0,[100.001,126.8606]]],[18,[47.99851,92.29846,0,[101.001,124.9745]]],[71,[49.19001,94.47066,0,[100.001,128.9583]]],[17,[48.88148,92.54836,0,[100.001,125.6346]]],[56,[49.562,94.43066,0,[100.001,128.0345]]],[87,[49.73941,93.28412,0,[100.001,129.2995]]],[103,[48.63884,91.04442,0,[99.001,130.0396]]],[28,[49.3978,93.78548,0,[100.001,126.7219]]],[23,[46.41869,86.6264,0,[101.001,124.3336]]],[118,[49.59202,91.73228,0,[99.001,130.1386]]],[136,[47.54607,87.97102,0,[99.001,131.2576]]],[8,[48.25375,91.99725,0,[100.001,125.0595]]],[41,[49.97546,94.29868,0,[100.001,127.1997]]],[86,[50.11224,94.81542,0,[100.001,128.3089]]],[102,[50.46045,93.58648,0,[100.001,129.1526]]],[0,[49.98036,93.92545,0,[100.001,126.0828]]],[119,[49.17483,90.73395,0,[99.001,130.8771]]],[134,[50.19104,91.32919,0,[99.001,130.1676]]],[70,[50.57764,95.99572,0,[100.001,127.4845]]],[101,[50.99752,95.32579,0,[100.001,128.178]]],[9,[48.3404,91.69619,0,[101.001,124.0665]]],[13,[49.5428,89.00665,0,[100.001,125.3966]]],[133,[51.02827,93.1918,0,[100.001,129.2797]]],[27,[51.1629,95.09448,0,[100.001,126.3288]]],[149,[49.91718,90.16978,0,[99.001,131.1231]]],[7,[50.60122,94.6385,0,[100.001,126.3751]]],[100,[51.4913,97.04279,0,[100.001,127.1929]]],[116,[51.5516,96.86295,0,[100.001,128.2695]]],[89,[48.62704,90.28934,0,[99.001,131.1374]]],[148,[51.60588,93.50462,0,[100.001,129.3435]]],[2,[49.48535,92.35162,0,[101.001,124.3795]]],[55,[51.8464,96.15326,0,[100.001,126.2072]]],[1,[51.22639,93.33789,0,[100.001,125.2314]]],[117,[52.09104,94.88747,0,[100.001,128.6312]]],[150,[50.79644,89.89014,0,[99.001,130.2584]]],[115,[52.08089,97.98332,0,[100.001,127.4417]]],[4,[50.4441,91.31587,0,[100.001,125.2619]]],[140,[50.68384,84.9977,0,[99.001,131.3305]]],[132,[52.437,95.36927,0,[100.001,129.4667]]],[85,[52.44573,96.99756,0,[100.001,126.4852]]],[16,[52.10373,95.14986,0,[100.001,125.2167]]],[131,[52.58267,97.11091,0,[100.001,128.1399]]],[163,[51.43241,88.83624,0,[99.001,130.2025]]],[145,[52.88184,99.37975,0,[100.001,127.223]]],[159,[52.96849,96.14595,0,[100.001,128.9287]]],[11,[47.50875,89.68997,0,[101.001,124.1906]]],[130,[53.16892,98.46368,0,[100.001,126.2796]]],[3,[52.76106,93.37758,0,[100.001,125.4041]]],[171,[53.34845,95.59183,0,[100.001,127.8307]]],[170,[53.55487,96.30109,0,[100.001,128.8809]]],[146,[52.50546,94.39388,0,[99.001,130.0342]]],[181,[53.58071,92.91036,0,[100.001,129.9917]]],[169,[53.73209,98.86674,0,[100.001,126.6867]]],[179,[54.02301,98.89529,0,[100.001,127.7063]]],[40,[53.52609,96.37263,0,[100.001,125.3753]]],[182,[54.15941,95.47786,0,[100.001,128.8257]]],[26,[51.62321,87.28097,0,[101.001,124.1345]]],[173,[51.9625,90.36059,0,[99.001,130.5562]]],[175,[54.15328,90.23233,0,[100.001,129.9304]]],[180,[54.53897,97.21003,0,[100.001,126.7155]]],[176,[54.69516,91.10767,0,[100.001,128.1628]]],[162,[54.87664,91.39261,0,[100.001,129.3247]]],[161,[54.114,93.37798,0,[99.001,130.5455]]],[5,[52.32422,92.87865,0,[101.001,124.24]]],[178,[54.22682,100.6613,0,[100.001,125.6306]]],[157,[55.07118,95.83574,0,[100.001,127.0576]]],[143,[55.30926,95.6903,0,[100.001,128.0915]]],[147,[52.8171,93.33755,0,[99.001,130.9741]]],[172,[53.48421,91.83271,0,[99.001,131.0983]]],[174,[55.5104,93.60185,0,[100.001,129.1237]]],[160,[54.77879,95.0032,0,[99.001,130.1475]]],[177,[55.26997,101.0388,0,[100.001,125.8256]]],[165,[55.951,93.52684,0,[100.001,127.8875]]],[166,[56.09316,90.56628,0,[100.001,129.0896]]],[6,[54.1613,92.63573,0,[101.001,124.2537]]],[141,[55.37891,90.25925,0,[99.001,130.4989]]],[152,[51.39595,88.93713,0,[99.001,131.3038]]],[156,[55.73919,99.76456,0,[100.001,126.7082]]],[135,[52.29417,91.37206,0,[99.001,131.426]]],[164,[56.56653,91.63103,0,[100.001,127.808]]],[112,[56.50353,94.8682,0,[100.001,129.8843]]],[158,[54.8814,102.2585,0,[101.001,124.3577]]],[142,[56.24805,91.59629,0,[99.001,130.9137]]],[184,[55.42789,103.1647,0,[101.001,124.853]]],[127,[56.9301,98.01463,0,[100.001,128.8567]]],[12,[50.93579,88.75143,0,[101.001,124.1444]]],[153,[56.74364,92.90391,0,[99.001,130.0173]]],[167,[56.55048,96.25002,0,[100.001,126.4145]]],[15,[53.17603,89.87049,0,[101.001,124.2288]]],[151,[54.67558,88.74573,0,[99.001,131.2424]]],[183,[57.53685,93.64034,0,[100.001,127.8469]]],[155,[57.7823,97.00723,0,[100.001,129.0715]]],[144,[57.45363,93.34647,0,[99.001,130.3732]]],[154,[57.24356,95.67266,0,[100.001,126.5556]]],[14,[50.24556,88.49152,0,[101.001,124.3156]]],[138,[58.55225,99.69839,0,[100.001,129.5234]]],[168,[56.06197,101.0929,0,[100.001,125.2837]]]
2:[84,[68.74999,137.4889,0,[158.001,129.598]]],[99,[68.77082,137.5156,0,[158.001,130.926]]],[69,[68.27911,136.5419,0,[157.001,128.1773]]],[114,[68.87035,137.6364,0,[158.001,132.2993]]],[83,[69.41501,138.7568,0,[158.001,130.2097]]],[68,[68.8666,137.6992,0,[157.001,128.9112]]],[98,[69.49002,138.8685,0,[158.001,131.5004]]],[54,[68.42028,136.7394,0,[157.001,126.6706]]],[53,[68.9324,137.7438,0,[157.001,127.4496]]],[67,[69.97752,139.8678,0,[158.001,129.5251]]],[82,[70.04557,139.9552,0,[158.001,130.7507]]],[113,[69.81017,139.1396,0,[158.001,132.6352]]],[52,[69.46671,138.8148,0,[157.001,128.2291]]],[97,[70.3123,140.1073,0,[158.001,131.9079]]],[81,[70.64856,141.0446,0,[158.001,130.0002]]],[66,[70.06206,139.9385,0,[157.001,128.8026]]],[96,[70.75495,141.1748,0,[158.001,131.1417]]],[38,[69.70702,138.8725,0,[157.001,126.9688]]],[129,[70.77103,138.247,0,[158.001,132.8015]]],[65,[71.1937,141.996,0,[158.001,129.5713]]],[51,[70.36888,139.9101,0,[157.001,127.723]]],[80,[71.31451,142.0797,0,[158.001,130.6578]]],[111,[71.2416,141.5209,0,[158.001,131.9999]]],[50,[70.85526,140.9053,0,[157.001,128.5087]]],[95,[71.78201,142.3165,0,[158.001,131.4283]]],[64,[71.87249,142.9707,0,[158.001,129.2444]]],[79,[71.93544,143.0309,0,[158.001,130.3542]]],[39,[70.32701,138.0856,0,[157.001,126.4355]]],[128,[71.77602,140.0021,0,[158.001,132.7009]]],[36,[71.03094,141.0331,0,[157.001,127.3664]]],[49,[71.54147,141.9291,0,[157.001,128.126]]],[94,[72.31768,143.1776,0,[158.001,131.7482]]],[63,[72.46808,144.177,0,[158.001,129.781]]],[78,[72.63566,144.2253,0,[158.001,130.836]]],[48,[72.15936,143.0644,0,[157.001,128.7492]]],[110,[72.58256,142.5023,0,[158.001,132.734]]],[35,[72.12009,142.214,0,[157.001,127.5236]]],[37,[71.03385,140.035,0,[157.001,126.1632]]],[93,[73.04398,144.4043,0,[158.001,131.7119]]],[77,[73.15208,145.2071,0,[158.001,130.324]]],[62,[73.28273,145.1909,0,[158.001,129.2388]]],[34,[72.64191,143.2148,0,[157.001,127.9595]]],[92,[73.63844,145.4058,0,[158.001,131.1362]]],[109,[73.29864,143.5709,0,[158.001,132.8668]]],[76,[73.79931,146.4536,0,[158.001,130.0467]]],[24,[71.63789,141.1893,0,[157.001,126.6595]]],[108,[73.84364,144.8988,0,[158.001,132.2222]]],[47,[73.25042,144.1809,0,[157.001,128.5785]]],[33,[73.12916,144.4119,0,[157.001,127.3282]]],[61,[74.19433,146.52,0,[158.001,129.2566]]],[91,[74.3913,146.7195,0,[158.001,130.4475]]],[107,[74.39027,145.7122,0,[158.001,131.5635]]],[32,[73.73966,145.4969,0,[157.001,127.7695]]],[125,[74.41132,143.5115,0,[158.001,132.8927]]],[46,[74.17181,145.3802,0,[157.001,128.6212]]],[75,[74.82241,147.6831,0,[158.001,129.7366]]],[106,[74.96048,146.8906,0,[158.001,130.9223]]],[123,[74.92377,145.5207,0,[158.001,132.2458]]],[25,[72.30653,140.7377,0,[157.001,126.3651]]],[74,[75.60165,148.8318,0,[158.001,130.7663]]],[122,[75.50133,146.5094,0,[158.001,131.8575]]],[60,[75.47182,147.6027,0,[158.001,129.6953]]],[45,[74.78096,146.5083,0,[157.001,128.6524]]],[21,[73.75768,144.7728,0,[157.001,126.4473]]],[124,[75.64114,144.9326,0,[158.001,133.0361]]],[31,[74.94395,146.8308,0,[157.001,127.5708]]],[139,[76.06113,144.862,0,[158.001,132.0224]]],[59,[76.10302,148.8834,0,[158.001,129.6224]]],[105,[76.20007,148.1597,0,[158.001,130.7086]]],[44,[75.43301,147.7081,0,[157.001,128.564]]],[20,[74.33617,145.7989,0,[157.001,127.4135]]],[121,[76.57898,147.4314,0,[158.001,131.5142]]],[58,[76.77769,150.3721,0,[158.001,130.0002]]],[19,[75.60995,147.4333,0,[157.001,127.4846]]],[30,[76.11095,148.2534,0,[157.001,128.9356]]],[90,[77.0784,147.9116,0,[158.001,130.9258]]],[137,[76.64546,146.4984,0,[158.001,132.7271]]],[72,[77.32496,151.282,0,[158.001,129.3596]]],[120,[77.22397,148.8253,0,[158.001,131.9987]]],[88,[77.55363,150.3236,0,[158.001,130.3534]]],[43,[76.2636,148.7691,0,[157.001,127.8666]]],[22,[73.02484,143.3123,0,[157.001,126.1985]]],[10,[75.15868,146.3837,0,[157.001,126.4336]]],[73,[77.73267,150.4839,0,[158.001,131.4052]]],[29,[76.86852,149.5847,0,[157.001,128.2626]]],[57,[78.08342,151.4932,0,[158.001,129.9807]]],[104,[77.99097,149.3827,0,[158.001,132.4026]]],[126,[77.48604,142.6386,0,[158.001,132.9775]]],[42,[77.40844,150.5822,0,[157.001,128.921]]],[18,[76.2165,148.3722,0,[157.001,126.6965]]],[71,[78.29436,152.6264,0,[158.001,130.9989]]],[17,[77.45992,149.6097,0,[157.001,127.5933]]],[56,[78.59193,152.4815,0,[158.001,129.5621]]],[87,[78.84756,151.3625,0,[158.001,130.7021]]],[103,[78.61179,150.2706,0,[158.001,131.9073]]],[28,[77.9267,150.8302,0,[157.001,128.4055]]],[23,[74.53932,142.7811,0,[157.001,126.2537]]],[118,[79.22327,150.8984,0,[158.001,131.6559]]],[136,[78.58277,147.5872,0,[158.001,133.015]]],[8,[76.88266,149.1014,0,[157.001,127.1487]]],[41,[78.54844,151.3439,0,[157.001,128.7632]]],[86,[79.20083,152.8846,0,[158.001,129.8415]]],[102,[79.56705,151.6943,0,[158.001,130.679]]],[0,[78.5809,150.9635,0,[157.001,127.6474]]],[119,[79.27679,150.0031,0,[158.001,132.8444]]],[134,[79.87089,150.5834,0,[158.001,131.7863]]],[70,[79.66783,154.055,0,[158.001,129.2223]]],[101,[80.09146,153.428,0,[158.001,129.9122]]],[9,[76.85221,147.8781,0,[157.001,126.035]]],[13,[78.08608,146.0712,0,[157.001,127.1413]]],[133,[80.25015,151.3628,0,[158.001,130.9745]]],[27,[79.7215,152.1906,0,[157.001,128.277]]],[149,[80.4724,149.9488,0,[158.001,132.1745]]],[7,[79.15816,151.6909,0,[157.001,128.1183]]],[100,[80.5617,155.1441,0,[158.001,129.1294]]],[116,[80.70779,154.9964,0,[158.001,130.1821]]],[89,[79.99897,150.19,0,[158.001,132.8937]]],[148,[80.84975,151.7268,0,[158.001,131.2469]]],[2,[77.6013,148.44,0,[157.001,126.2964]]],[55,[80.39327,153.2276,0,[157.001,128.1087]]],[1,[79.8204,150.4229,0,[157.001,127.182]]],[117,[81.28111,153.0703,0,[158.001,130.37]]],[150,[81.18568,149.331,0,[158.001,132.1185]]],[115,[81.18814,156.0845,0,[158.001,129.2706]]],[4,[79.12965,148.3965,0,[157.001,127.0059]]],[140,[80.94918,144.7594,0,[158.001,133.1302]]],[132,[81.59358,153.5851,0,[158.001,131.2971]]],[85,[81.00243,154.0792,0,[157.001,128.3189]]],[16,[80.67523,152.2457,0,[157.001,127.1414]]],[131,[81.85178,155.2334,0,[158.001,130.0007]]],[163,[81.74924,148.0569,0,[158.001,132.6557]]],[145,[81.47059,156.4904,0,[157.001,128.9334]]],[159,[82.21441,154.3258,0,[158.001,130.8185]]],[11,[75.73226,145.8555,0,[157.001,126.1252]]],[130,[81.7643,155.5555,0,[157.001,128.0058]]],[3,[81.3286,150.4603,0,[157.001,127.2542]]],[171,[82.46952,153.7013,0,[158.001,129.4224]]],[170,[82.75514,154.441,0,[158.001,130.4069]]],[146,[82.23386,153.7222,0,[158.001,131.9218]]],[181,[82.84795,151.128,0,[158.001,131.554]]],[169,[82.37096,155.9026,0,[157.001,128.1775]]],[179,[83.07104,156.9375,0,[158.001,129.2197]]],[40,[82.08408,153.4278,0,[157.001,127.0833]]],[182,[83.31344,153.5344,0,[158.001,130.2731]]],[26,[80.13214,143.4083,0,[157.001,126.2175]]],[173,[82.55352,149.9398,0,[158.001,132.8338]]],[175,[83.41585,148.3195,0,[158.001,131.3871]]],[180,[83.08369,154.2559,0,[157.001,128.2262]]],[176,[83.74332,149.1751,0,[158.001,129.3676]]],[162,[83.98766,149.5324,0,[158.001,130.3982]]],[161,[84.01491,152.6126,0,[158.001,131.5247]]],[5,[80.93094,149.1353,0,[157.001,126.1061]]],[178,[82.8611,157.7301,0,[157.001,127.1641]]],[157,[83.7282,152.9051,0,[157.001,128.5325]]],[143,[84.46559,153.7981,0,[158.001,129.5507]]],[147,[83.20834,152.7975,0,[158.001,132.6077]]],[172,[83.83532,151.1339,0,[158.001,132.7261]]],[174,[84.64736,151.7625,0,[158.001,130.608]]],[160,[84.55701,154.2209,0,[158.001,131.7825]]],[177,[83.82631,158.089,0,[157.001,127.3981]]],[165,[84.48644,150.5795,0,[157.001,128.8571]]],[166,[85.20454,148.6266,0,[158.001,130.0036]]],[6,[82.43388,148.7795,0,[157.001,126.1448]]],[141,[85.16308,149.5103,0,[158.001,131.3911]]],[152,[84.54446,149.2317,0,[158.001,132.9203]]],[156,[84.40438,156.8164,0,[157.001,127.6705]]],[135,[85.28965,152.6766,0,[158.001,132.6431]]],[164,[85.65649,149.7051,0,[158.001,129.0802]]],[112,[85.6874,152.9857,0,[158.001,130.6663]]],[158,[83.35502,158.5322,0,[157.001,126.41]]],[142,[85.95509,150.8224,0,[158.001,131.9922]]],[184,[84.14697,159.2639,0,[157.001,126.3064]]],[127,[86.16188,156.0915,0,[158.001,129.5934]]],[12,[79.38347,144.9905,0,[157.001,126.0173]]],[153,[86.36858,152.0036,0,[158.001,130.8265]]],[167,[85.10519,153.3219,0,[157.001,127.8538]]],[15,[81.65025,146.004,0,[157.001,126.1782]]],[151,[86.63336,148.4339,0,[158.001,132.1941]]],[183,[86.1078,150.7368,0,[157.001,128.4246]]],[155,[86.89697,155.1028,0,[158.001,129.6989]]],[144,[87.10371,152.4814,0,[158.001,131.0425]]],[154,[85.80496,152.7784,0,[157.001,127.1185]]],[14,[78.48962,144.6628,0,[157.001,126.2251]]],[138,[87.70519,157.7246,0,[158.001,129.9897]]],[168,[84.88453,158.1544,0,[157.001,126.5761]]]
3:[84,[97.77598,195.5226,0,[216.001,130.7178]]],[99,[97.7892,195.546,0,[216.001,132.102]]],[69,[97.81728,195.6009,0,[216.001,129.4193]]],[114,[97.89096,195.6701,0,[216.001,133.6193]]],[83,[98.42934,196.7774,0,[216.001,131.292]]],[68,[98.38895,196.7197,0,[216.001,129.91]]],[98,[98.50922,196.8965,0,[216.001,132.7508]]],[54,[97.58318,194.9622,0,[215.001,128.3192]]],[53,[98.19039,195.7844,0,[215.001,128.5573]]],[67,[99.02003,197.8987,0,[216.001,130.6658]]],[82,[99.07055,197.9831,0,[216.001,131.9464]]],[113,[99.3558,198.1951,0,[217.001,134.1204]]],[52,[99.09544,197.873,0,[216.001,129.4961]]],[97,[99.33767,198.1459,0,[216.001,133.2476]]],[81,[99.67802,199.0778,0,[216.001,131.1645]]],[66,[99.66718,198.9841,0,[216.001,129.9471]]],[96,[99.77554,199.2079,0,[216.001,132.3944]]],[38,[98.88939,196.9972,0,[215.001,128.3443]]],[129,[100.3381,197.3203,0,[217.001,134.2918]]],[65,[100.2244,200.0277,0,[216.001,130.5592]]],[51,[99.48433,198.017,0,[215.001,128.9964]]],[80,[100.3368,200.1107,0,[216.001,131.746]]],[111,[100.291,199.5627,0,[216.001,133.3174]]],[50,[100.498,199.9662,0,[216.001,129.562]]],[95,[100.8149,200.3654,0,[216.001,132.7197]]],[64,[100.9244,201.0463,0,[216.001,130.4929]]],[79,[100.9815,201.0891,0,[216.001,131.6142]]],[39,[99.84714,196.4339,0,[215.001,128.1102]]],[128,[101.382,199.0786,0,[217.001,134.197]]],[36,[100.4441,199.2852,0,[215.001,128.8058]]],[49,[101.3043,201.1288,0,[216.001,129.6784]]],[94,[101.3621,201.2402,0,[216.001,133.1625]]],[63,[101.5347,202.2262,0,[216.001,130.9509]]],[78,[101.6666,202.2673,0,[216.001,132.0997]]],[48,[101.9192,202.1725,0,[216.001,130.145]]],[110,[102.182,201.6172,0,[217.001,134.2982]]],[35,[101.2811,200.4001,0,[215.001,128.9918]]],[37,[100.856,198.7524,0,[215.001,128.0529]]],[93,[102.0872,202.464,0,[216.001,133.1017]]],[77,[102.1903,203.254,0,[216.001,131.4653]]],[62,[102.5004,203.2554,0,[216.001,130.3296]]],[34,[102.3802,202.3618,0,[216.001,129.1682]]],[92,[102.6741,203.4595,0,[216.001,132.426]]],[109,[102.9011,202.6988,0,[217.001,134.469]]],[76,[102.8475,204.5206,0,[216.001,131.2569]]],[24,[101.6467,199.4094,0,[215.001,128.0299]]],[108,[102.887,202.9627,0,[216.001,133.6555]]],[47,[102.9826,203.2607,0,[216.001,129.488]]],[33,[102.3719,202.6469,0,[215.001,128.279]]],[61,[103.2892,204.6096,0,[216.001,130.4293]]],[91,[103.4394,204.7867,0,[216.001,131.6416]]],[107,[103.4383,203.7863,0,[216.001,132.9197]]],[32,[103.5663,204.6997,0,[216.001,129.1621]]],[125,[104.0169,202.6519,0,[217.001,134.4064]]],[46,[103.9484,204.5672,0,[216.001,129.9691]]],[75,[104.0346,205.8017,0,[216.001,131.0707]]],[106,[104.0252,204.9757,0,[216.001,132.3216]]],[123,[104.0424,203.6051,0,[216.001,133.7798]]],[25,[102.9663,199.3047,0,[215.001,128.0631]]],[74,[104.6465,206.8809,0,[216.001,131.7164]]],[122,[104.5683,204.5612,0,[216.001,133.0119]]],[60,[104.6518,205.6617,0,[216.001,130.4976]]],[45,[104.4801,205.5641,0,[216.001,129.2959]]],[21,[103.6588,203.4855,0,[215.001,128.3136]]],[124,[105.2158,204.0182,0,[217.001,134.6392]]],[31,[105.0821,206.1664,0,[216.001,129.4696]]],[139,[105.1227,202.9539,0,[216.001,133.7831]]],[59,[105.3173,207.0633,0,[216.001,131.4529]]],[105,[105.3317,206.2908,0,[216.001,132.5534]]],[44,[105.3943,206.9634,0,[216.001,130.3695]]],[20,[104.525,204.0602,0,[215.001,128.3656]]],[121,[105.7488,205.5356,0,[216.001,133.2944]]],[58,[105.941,208.4247,0,[216.001,131.2251]]],[19,[105.6558,206.7147,0,[216.001,129.0625]]],[30,[105.923,207.3325,0,[216.001,130.0338]]],[90,[106.1292,205.9722,0,[216.001,132.3152]]],[137,[106.3166,205.6414,0,[217.001,134.5451]]],[72,[106.4756,209.3262,0,[216.001,130.4337]]],[120,[106.3356,206.9266,0,[216.001,133.6221]]],[88,[106.5976,208.3643,0,[216.001,131.5097]]],[43,[106.3722,207.9187,0,[216.001,129.141]]],[22,[105.0239,202.3217,0,[215.001,127.9163]]],[10,[105.5798,204.7528,0,[215.001,128.138]]],[73,[106.7678,208.5277,0,[216.001,132.6583]]],[29,[106.8616,208.7276,0,[216.001,129.6418]]],[57,[107.2071,209.6073,0,[216.001,131.5085]]],[104,[107.0703,207.4527,0,[216.001,133.804]]],[126,[107.1949,201.842,0,[217.001,134.6995]]],[42,[107.2561,209.7142,0,[216.001,130.4121]]],[18,[106.2434,206.8655,0,[215.001,128.2101]]],[71,[107.3856,210.7271,0,[216.001,132.5627]]],[17,[107.3262,208.8112,0,[216.001,129.0634]]],[56,[107.8464,210.5833,0,[216.001,131.0248]]],[87,[107.9295,209.4405,0,[216.001,132.1275]]],[103,[107.704,208.3699,0,[216.001,133.5118]]],[28,[107.7753,209.99,0,[216.001,129.918]]],[23,[106.9289,201.9799,0,[215.001,127.9783]]],[118,[108.2788,208.9748,0,[216.001,133.1837]]],[136,[108.2512,206.7634,0,[217.001,134.674]]],[8,[107.5023,207.6631,0,[215.001,128.9024]]],[41,[108.4174,210.5691,0,[216.001,130.5063]]],[86,[108.534,211.0581,0,[216.001,131.5814]]],[102,[108.7857,209.8569,0,[216.001,132.5641]]],[0,[108.5961,210.3183,0,[216.001,129.4747]]],[119,[108.9084,209.0864,0,[217.001,134.5267]]],[134,[108.9506,208.7087,0,[216.001,133.6723]]],[70,[109.0646,212.1067,0,[216.001,130.0748]]],[101,[109.1439,211.4948,0,[216.001,131.1827]]],[9,[107.8394,206.7409,0,[215.001,128.0025]]],[13,[108.3439,204.4741,0,[215.001,128.5107]]],[133,[109.334,209.4302,0,[216.001,132.3705]]],[27,[109.603,211.3613,0,[216.001,129.8122]]],[149,[109.5729,208.0367,0,[216.001,133.743]]],[7,[108.9017,209.7633,0,[215.001,128.8051]]],[100,[109.7891,213.3127,0,[216.001,130.8294]]],[116,[109.8718,213.1407,0,[216.001,131.8979]]],[89,[109.7505,209.3508,0,[217.001,134.7695]]],[148,[109.9802,209.8364,0,[216.001,132.9775]]],[2,[108.7379,207.0949,0,[215.001,127.7423]]],[55,[110.293,212.5893,0,[216.001,130.178]]],[1,[110.1105,209.8574,0,[216.001,129.1131]]],[117,[110.54,211.2369,0,[216.001,132.2066]]],[150,[110.3196,207.4503,0,[216.001,133.8745]]],[115,[110.62,214.3075,0,[216.001,131.1154]]],[4,[109.426,206.6427,0,[215.001,128.0576]]],[140,[110.6122,203.9214,0,[217.001,134.8697]]],[132,[110.7919,211.74,0,[216.001,133.2033]]],[85,[110.8531,213.3348,0,[216.001,130.0252]]],[16,[110.2394,210.551,0,[215.001,128.9664]]],[131,[111.2541,213.4191,0,[216.001,131.8975]]],[163,[111.4345,207.2262,0,[217.001,134.6139]]],[145,[111.2422,215.7052,0,[216.001,130.8025]]],[159,[111.3482,212.5202,0,[216.001,132.9836]]],[11,[110.287,206.6656,0,[215.001,127.8787]]],[130,[111.5663,214.8969,0,[216.001,129.8998]]],[3,[110.9136,208.9167,0,[215.001,128.859]]],[171,[111.8298,211.8857,0,[216.001,130.9624]]],[170,[111.8734,212.588,0,[216.001,132.071]]],[146,[111.9334,212.8889,0,[217.001,134.0909]]],[181,[111.9581,209.2743,0,[216.001,133.2415]]],[169,[112.1623,215.2062,0,[216.001,129.9811]]],[179,[112.4015,215.2117,0,[216.001,131.0096]]],[40,[111.6741,211.8168,0,[215.001,128.8674]]],[182,[112.4738,211.763,0,[216.001,132.1479]]],[26,[111.2128,201.9545,0,[215.001,127.936]]],[173,[112.4968,209.1645,0,[217.001,134.5364]]],[175,[112.5589,206.5192,0,[216.001,133.3858]]],[180,[112.7001,213.4043,0,[216.001,129.5963]]],[176,[112.9308,207.2655,0,[216.001,130.6012]]],[162,[113.0665,207.61,0,[216.001,131.6774]]],[161,[113.1146,210.6914,0,[216.001,132.7987]]],[5,[112.0318,207.8591,0,[215.001,128.0059]]],[178,[112.5114,215.9874,0,[215.001,128.6894]]],[157,[113.3951,212.042,0,[216.001,129.86]]],[143,[113.5938,211.8984,0,[216.001,130.9066]]],[147,[113.1731,211.9926,0,[217.001,134.6633]]],[172,[113.7166,210.236,0,[217.001,134.0948]]],[174,[113.719,209.8539,0,[216.001,132.0204]]],[160,[113.6974,212.3123,0,[216.001,133.2878]]],[177,[113.7488,217.4086,0,[216.001,129.0137]]],[165,[114.0768,209.694,0,[216.001,130.1513]]],[166,[114.2907,206.7191,0,[216.001,131.3132]]],[6,[112.9685,207.2953,0,[215.001,128.0121]]],[141,[114.2883,207.5805,0,[216.001,132.7048]]],[152,[114.4065,208.3764,0,[217.001,134.5792]]],[156,[114.4376,216.0519,0,[216.001,129.2722]]],[135,[114.9783,211.7543,0,[217.001,134.0076]]],[164,[114.7645,207.8448,0,[216.001,130.5639]]],[112,[114.8213,211.0623,0,[216.001,131.9762]]],[158,[113.679,217.3693,0,[215.001,128.1358]]],[142,[115.0263,208.9083,0,[216.001,133.4088]]],[184,[115.0045,219.1755,0,[216.001,129.3993]]],[127,[115.4244,214.267,0,[216.001,131.2914]]],[12,[114.4002,205.342,0,[215.001,128.1936]]],[153,[115.5083,210.169,0,[216.001,132.5364]]],[167,[115.4338,212.7588,0,[216.001,130.1408]]],[15,[115.0823,207.4005,0,[215.001,128.9187]]],[151,[115.7886,206.6041,0,[216.001,133.9882]]],[183,[116.0388,210.007,0,[216.001,130.4004]]],[155,[116.1675,213.356,0,[216.001,131.6073]]],[144,[116.2797,210.7319,0,[216.001,132.9358]]],[154,[116.3311,212.2288,0,[216.001,129.3859]]],[14,[115.5609,207.4765,0,[215.001,128.2063]]],[138,[116.856,215.771,0,[216.001,130.6701]]],[168,[116.983,218.2038,0,[216.001,129.1354]]]

Travel Distances:
[84,217.968],[99,217.9656],[69,219.9598],[114,219.8859],[83,219.9153],[68,219.9352],[98,219.8757],[54,219.778],[53,221.3883],[67,221.8517],[82,221.8336],[113,221.4796],[52,221.6719],[97,221.4681],[81,221.7181],[66,221.6452],[96,221.654],[38,221.1625],[129,220.6378],[65,223.5489],[51,223.0289],[80,223.4314],[111,222.9768],[50,222.9617],[95,222.7332],[64,225.1873],[79,225.1155],[39,222.6312],[128,222.3065],[36,224.3764],[49,224.5143],[94,224.5087],[63,225.1535],[78,224.9315],[48,226.3217],[110,225.2359],[35,225.8226],[37,224.9475],[93,226.2804],[77,226.864],[62,226.2417],[34,225.5916],[92,226.1089],[109,224.8858],[76,226.8217],[24,223.9976],[108,227.1801],[47,227.2731],[33,227.853],[61,227.9841],[91,227.9042],[107,226.907],[32,227.5434],[125,224.6067],[46,228.6624],[75,229.7243],[106,228.9215],[123,227.5139],[25,225.2196],[74,229.5837],[122,227.4167],[60,228.3509],[45,228.5973],[21,228.0635],[124,227.5517],[31,229.9924],[139,226.7033],[59,230.4248],[105,229.6244],[44,230.1699],[20,228.9933],[121,228.0246],[58,232.536],[19,231.38],[30,231.4566],[90,229.7084],[137,228.9028],[72,232.3616],[120,230.2246],[88,231.1625],[43,231.1545],[22,228.1522],[10,229.4695],[73,230.9832],[29,232.8989],[57,233.1836],[104,231.2775],[126,225.2631],[42,233.1916],[18,232.2373],[71,233.9503],[17,232.0818],[56,232.8839],[87,231.5752],[103,230.9173],[28,234.3786],[23,227.8772],[118,232.3814],[136,230.0999],[8,232.6234],[41,233.7234],[86,233.984],[102,232.281],[0,233.1141],[119,231.0218],[134,232.7781],[70,235.9661],[101,235.1796],[9,232.988],[13,229.7641],[133,232.684],[27,234.14],[149,230.8443],[7,233.9423],[100,235.7092],[116,235.3714],[89,231.4795],[148,233.7983],[2,233.5303],[55,235.9859],[1,233.5868],[117,234.1395],[150,230.666],[115,237.0505],[4,231.6282],[140,226.4816],[132,234.0795],[85,237.4868],[16,236.0367],[131,236.9004],[163,230.2441],[145,239.2059],[159,235.7175],[11,232.0129],[130,237.7475],[3,233.0703],[171,234.2163],[170,234.8325],[146,236.6828],[181,233.2493],[169,238.8708],[179,238.3879],[40,236.4573],[182,234.7847],[26,227.4067],[173,231.6827],[175,229.3038],[180,235.9942],[176,231.3805],[162,231.4629],[161,234.4299],[5,233.7101],[178,240.9118],[157,235.2433],[143,234.7069],[147,235.121],[172,232.5779],[174,232.4044],[160,234.7878],[177,241.8671],[165,233.5248],[166,230.1324],[6,233.2101],[141,230.9557],[152,231.377],[156,239.1641],[135,233.6762],[164,230.3052],[112,233.4098],[158,241.8441],[142,232.8458],[184,243.1513],[127,237.4133],[12,230.355],[153,233.1184],[167,235.8792],[15,231.2121],[151,230.9926],[183,233.8901],[155,237.0138],[144,234.1669],[154,235.5474],[14,232.0955],[138,238.0538],[168,242.156]

Finish Times:
[84,110.8022],[99,110.8022],[69,111.0022],[114,111.0422],[83,111.4022],[68,111.4822],[98,111.5622],[54,111.6422],[53,112.0422],[67,112.0422],[82,112.0822],[113,112.1222],[52,112.2422],[97,112.4422],[81,112.6822],[66,112.7622],[96,112.8022],[38,112.9222],[129,113.1622],[65,113.2822],[51,113.3222],[80,113.3222],[111,113.4022],[50,113.6422],[95,113.8422],[64,113.9622],[79,113.9622],[39,114.0422],[128,114.1622],[36,114.3222],[49,114.4422],[94,114.4822],[63,114.5222],[78,114.6822],[48,115.0023],[110,115.0023],[35,115.1223],[37,115.1623],[93,115.1623],[77,115.2023],[62,115.5623],[34,115.6423],[92,115.6823],[109,115.8023],[76,115.8423],[24,115.8823],[108,116.0423],[47,116.1623],[33,116.3623],[61,116.3623],[91,116.4423],[107,116.4823],[32,116.8823],[125,116.8823],[46,117.0423],[75,117.0423],[106,117.0423],[123,117.2023],[25,117.3223],[74,117.6423],[122,117.6423],[60,117.6823],[45,117.7223],[21,117.7623],[124,118.1623],[31,118.2823],[139,118.2823],[59,118.3223],[105,118.3623],[44,118.4423],[20,118.6023],[121,118.8823],[58,118.9623],[19,119.0023],[30,119.0423],[90,119.1623],[137,119.2823],[72,119.5224],[120,119.5224],[88,119.6024],[43,119.6424],[22,119.6824],[10,119.7624],[73,119.8024],[29,120.0824],[57,120.2024],[104,120.2824],[126,120.2824],[42,120.3224],[18,120.4024],[71,120.4424],[17,120.6824],[56,120.8824],[87,120.9224],[103,120.9224],[28,120.9624],[23,121.3224],[118,121.3624],[136,121.3624],[8,121.4424],[41,121.4824],[86,121.5224],[102,121.8024],[0,121.8424],[119,121.8824],[134,122.0824],[70,122.1624],[101,122.1624],[9,122.4024],[13,122.4024],[133,122.4024],[27,122.7624],[149,122.7624],[7,122.8424],[100,122.8424],[116,122.8824],[89,122.9224],[148,123.0824],[2,123.2024],[55,123.4024],[1,123.4424],[117,123.5624],[150,123.5624],[115,123.6824],[4,123.7225],[140,123.7225],[132,123.8825],[85,124.0825],[16,124.2025],[131,124.2425],[163,124.2425],[145,124.2825],[159,124.4825],[11,124.7225],[130,124.7225],[3,124.8425],[171,124.8425],[170,124.8825],[146,124.9625],[181,125.1225],[169,125.2425],[179,125.4025],[40,125.5225],[182,125.5225],[26,125.5625],[173,125.7225],[175,125.8025],[180,125.8825],[176,125.9625],[162,126.0425],[161,126.2025],[5,126.3625],[178,126.4025],[157,126.5225],[143,126.6025],[147,126.6025],[172,126.6025],[174,126.7225],[160,126.8825],[177,127.0825],[165,127.1625],[166,127.2825],[6,127.3225],[141,127.3625],[152,127.4425],[156,127.7225],[135,127.7625],[164,127.8025],[112,127.8425],[158,127.9225],[142,128.1225],[184,128.2425],[127,128.4425],[12,128.5625],[153,128.5625],[167,128.5625],[15,128.9224],[151,128.9624],[183,129.1224],[155,129.1624],[144,129.3223],[154,129.5623],[14,129.7223],[138,129.8422],[168,130.0822]

Stuck Times:
[84,0],[99,0],[69,0],[114,0],[83,0],[68,0],[98,0],[54,0],[53,0],[67,0],[82,0],[113,0],[52,0],[97,0],[81,0],[66,0],[96,0],[38,0],[129,2],[65,0],[51,0],[80,0],[111,0],[50,0],[95,0],[64,0],[79,0],[39,1],[128,1],[36,0],[49,0],[94,0],[63,0],[78,0],[48,0],[110,0],[35,0],[37,1],[93,0],[77,0],[62,0],[34,0],[92,0],[109,0],[76,0],[24,1],[108,0],[47,0],[33,0],[61,0],[91,0],[107,0],[32,0],[125,2],[46,0],[75,0],[106,0],[123,1],[25,2],[74,0],[122,1],[60,0],[45,0],[21,0],[124,1],[31,1],[139,0],[59,0],[105,0],[44,0],[20,2],[121,1],[58,0],[19,1],[30,1],[90,0],[137,0],[72,0],[120,0],[88,0],[43,0],[22,3],[10,2],[73,0],[29,1],[57,0],[104,0],[126,5],[42,1],[18,2],[71,0],[17,2],[56,1],[87,0],[103,0],[28,2],[23,6],[118,0],[136,3],[8,2],[41,1],[86,0],[102,1],[0,3],[119,1],[134,2],[70,1],[101,1],[9,1],[13,5],[133,3],[27,2],[149,0],[7,3],[100,1],[116,1],[89,1],[148,3],[2,3],[55,3],[1,5],[117,1],[150,2],[115,1],[4,5],[140,8],[132,3],[85,3],[16,4],[131,3],[163,4],[145,2],[159,4],[11,5],[130,2],[3,8],[171,6],[170,5],[146,2],[181,5],[169,3],[179,3],[40,5],[182,6],[26,10],[173,6],[175,9],[180,5],[176,10],[162,7],[161,4],[5,7],[178,4],[157,7],[143,6],[147,6],[172,5],[174,10],[160,7],[177,3],[165,9],[166,11],[6,8],[141,11],[152,8],[156,3],[135,6],[164,12],[112,8],[158,2],[142,11],[184,4],[127,8],[12,13],[153,11],[167,7],[15,10],[151,12],[183,11],[155,7],[144,13],[154,9],[14,12],[138,6],[168,5]

