Experiment Name: Custom-ConstantGateSize
Method Used: FlowGraph
Run Number: 8
Preparation Time: 49.3873ms
Pathfinding Time: 4.0042ms
Finish Time: 132.7218ms
Finish Time 90%: 129.9622ms
Repaths: 0
Soft Repaths: 0

Gates Data:
0:[99,[11.65883,23.31491,0,[44.001,127.3361]]],[84,[11.67208,23.33858,0,[44.001,125.8723]]],[114,[12.18467,24.36618,0,[45.001,128.958]]],[113,[12.71041,25.4124,0,[45.001,128.1882]]],[98,[12.27224,24.53488,0,[44.001,126.7278]]],[97,[12.81162,25.6147,0,[44.001,127.4562]]],[83,[12.26708,24.49597,0,[44.001,125.2898]]],[82,[12.77075,25.49863,0,[44.001,125.9813]]],[112,[13.25829,26.49764,0,[45.001,128.9796]]],[128,[12.76762,25.51351,0,[45.001,129.7303]]],[111,[13.80332,27.53139,0,[45.001,128.2993]]],[96,[13.41234,26.71914,0,[44.001,126.9515]]],[69,[11.74966,23.44487,0,[44.001,124.4008]]],[95,[13.90153,27.77677,0,[44.001,127.6327]]],[81,[13.43151,26.66868,0,[44.001,125.7429]]],[126,[13.93924,27.81374,0,[45.001,129.5489]]],[110,[14.45323,28.61361,0,[45.001,128.8605]]],[94,[14.47067,28.85763,0,[44.001,126.8381]]],[109,[14.47256,28.66077,0,[44.001,127.9649]]],[80,[13.97304,27.68754,0,[44.001,126.2815]]],[68,[12.47467,24.80284,0,[44.001,124.1143]]],[93,[15.04746,29.96314,0,[44.001,127.5261]]],[125,[14.80722,28.95212,0,[45.001,129.7734]]],[124,[15.32479,29.99065,0,[45.001,128.7717]]],[79,[14.97665,28.9586,0,[44.001,126.2401]]],[78,[15.47095,30.02321,0,[44.001,126.8077]]],[108,[15.88798,30.79109,0,[45.001,128.3787]]],[65,[14.47204,28.09265,0,[44.001,125.5146]]],[92,[16.40566,32.13838,0,[45.001,128.0593]]],[67,[13.06772,25.71549,0,[44.001,124.5856]]],[77,[16.05015,31.32424,0,[44.001,126.9956]]],[141,[14.23263,28.02227,0,[45.001,130.5732]]],[123,[16.25984,31.14607,0,[45.001,129.2896]]],[107,[16.80715,31.92636,0,[45.001,129.2102]]],[106,[16.96296,32.92162,0,[45.001,128.1451]]],[63,[15.72848,30.32936,0,[44.001,125.7517]]],[62,[16.61828,31.89365,0,[44.001,127.0527]]],[105,[17.45065,33.98795,0,[45.001,129.019]]],[91,[17.03828,32.30042,0,[44.001,127.8264]]],[121,[17.25272,33.3497,0,[45.001,130.0893]]],[66,[13.81947,27.114,0,[44.001,124.9495]]],[48,[17.0603,30.94922,0,[44.001,126.394]]],[76,[17.58017,32.59414,0,[44.001,126.9823]]],[90,[18.10235,34.2875,0,[45.001,128.1046]]],[122,[16.71371,32.29523,0,[45.001,130.331]]],[49,[16.31084,30.13163,0,[44.001,126.027]]],[75,[18.15257,33.53782,0,[44.001,127.1613]]],[120,[18.11393,34.63546,0,[45.001,129.215]]],[104,[18.65629,35.15723,0,[45.001,128.2603]]],[60,[18.19369,33.8871,0,[44.001,126.0677]]],[47,[17.54161,32.04943,0,[44.001,125.831]]],[89,[18.76896,34.52851,0,[44.001,127.9654]]],[52,[14.4824,26.75112,0,[44.001,124.3322]]],[74,[18.80382,34.76263,0,[44.001,126.8559]]],[33,[18.54145,33.07869,0,[44.001,125.2]]],[136,[17.84009,33.35848,0,[45.001,130.3302]]],[36,[16.76278,29.70179,0,[44.001,125.3998]]],[119,[18.95466,35.56512,0,[45.001,129.1646]]],[103,[19.64099,36.35046,0,[45.001,128.7827]]],[73,[19.40634,35.83596,0,[44.001,127.7584]]],[54,[13.95561,24.37347,0,[44.001,123.8704]]],[58,[19.40653,36.05862,0,[44.001,126.6365]]],[88,[20.54444,36.68944,0,[45.001,128.3107]]],[34,[17.24791,31.12879,0,[44.001,124.8832]]],[72,[20.03011,37.01128,0,[44.001,127.2073]]],[133,[19.5092,36.82207,0,[45.001,129.8612]]],[118,[20.18488,36.82123,0,[45.001,129.1409]]],[61,[19.01117,32.93296,0,[44.001,125.8226]]],[87,[21.10514,37.7035,0,[45.001,128.082]]],[117,[20.99494,38.36055,0,[45.001,129.2891]]],[57,[20.64006,37.80101,0,[44.001,126.9292]]],[64,[15.0233,29.23843,0,[44.001,125.1232]]],[59,[20.00146,35.09923,0,[44.001,126.102]]],[148,[20.06656,35.82546,0,[45.001,130.2172]]],[137,[17.36932,32.40428,0,[45.001,131.2783]]],[102,[21.5983,37.64158,0,[45.001,129.0188]]],[149,[20.66697,35.23964,0,[45.001,130.1914]]],[71,[21.17902,38.24698,0,[44.001,127.7887]]],[157,[18.84872,26.86294,0,[45.001,131.3096]]],[37,[16.16249,28.95593,0,[44.001,124.9469]]],[46,[17.96281,33.16712,0,[44.001,124.9753]]],[116,[22.16727,40.17705,0,[45.001,128.8253]]],[86,[21.77309,37.98603,0,[44.001,127.6674]]],[131,[22.09169,39.76868,0,[45.001,129.9665]]],[140,[15.33443,28.9934,0,[45.001,130.2864]]],[43,[20.78011,36.66926,0,[44.001,125.8319]]],[38,[16.61085,28.65851,0,[44.001,124.2193]]],[130,[22.80194,42.04623,0,[45.001,128.3212]]],[45,[19.56254,33.82791,0,[44.001,125.303]]],[132,[21.46856,38.49499,0,[45.001,130.2291]]],[162,[23.33687,37.09692,0,[45.001,128.9519]]],[151,[22.81244,34.82191,0,[45.001,129.43]]],[85,[22.78071,39.38114,0,[44.001,127.6927]]],[56,[22.27205,38.74129,0,[44.001,127.1542]]],[101,[23.76471,39.63388,0,[45.001,128.1434]]],[35,[17.70547,30.34648,0,[44.001,123.9709]]],[150,[19.46824,33.8872,0,[45.001,131.0403]]],[50,[15.58478,28.36311,0,[44.001,124.5436]]],[154,[20.06152,30.36443,0,[45.001,131.3195]]],[70,[23.51396,40.1454,0,[44.001,127.0872]]],[55,[22.9961,40.27107,0,[44.001,126.655]]],[146,[24.31602,41.28166,0,[45.001,128.2073]]],[161,[23.97182,39.61549,0,[45.001,129.2446]]],[31,[21.87651,35.97963,0,[44.001,126.3246]]],[165,[20.88628,32.01039,0,[45.001,131.2218]]],[115,[24.14634,41.83538,0,[44.001,127.3103]]],[42,[21.34323,37.99801,0,[44.001,126.6372]]],[29,[23.86754,38.47478,0,[44.001,126.1907]]],[170,[24.69341,41.37509,0,[45.001,129.0114]]],[160,[25.0527,42.09069,0,[45.001,128.1362]]],[25,[18.36633,29.70693,0,[44.001,123.9899]]],[100,[24.88169,41.35863,0,[44.001,127.244]]],[163,[23.54204,36.27737,0,[45.001,129.9875]]],[41,[24.44903,40.98922,0,[44.001,126.2801]]],[134,[18.42316,35.49934,0,[45.001,130.1483]]],[159,[25.72249,43.37474,0,[45.001,128.5122]]],[169,[25.30093,43.81416,0,[45.001,129.2788]]],[44,[22.4916,37.09088,0,[44.001,126.1252]]],[145,[25.6098,44.57502,0,[44.001,127.668]]],[28,[25.17543,39.88432,0,[44.001,126.2908]]],[30,[23.26299,37.42929,0,[44.001,125.641]]],[17,[24.71746,39.2347,0,[44.001,125.2487]]],[139,[15.71514,30.04154,0,[45.001,129.5071]]],[182,[25.65731,45.25426,0,[45.001,130.1962]]],[178,[26.15258,45.52095,0,[45.001,129.5429]]],[158,[26.71723,48.06717,0,[45.001,129.0032]]],[18,[25.90905,39.78006,0,[44.001,126.597]]],[171,[24.40985,40.02565,0,[45.001,129.9781]]],[4,[25.51884,36.13006,0,[44.001,125.3534]]],[22,[20.30073,33.29138,0,[44.001,125.1367]]],[184,[26.65168,45.03106,0,[45.001,130.6179]]],[7,[26.23809,43.07874,0,[44.001,125.5898]]],[174,[24.4704,36.06541,0,[45.001,131.3254]]],[40,[26.40742,43.70366,0,[44.001,127.6184]]],[11,[24.02915,36.34938,0,[44.001,125.1121]]],[10,[26.96994,40.14844,0,[44.001,125.561]]],[166,[22.5958,32.54007,0,[45.001,130.4383]]],[181,[27.40321,42.0904,0,[45.001,128.871]]],[15,[19.49829,31.80123,0,[44.00097,124.0113]]],[20,[24.76996,35.81241,0,[44.001,124.1149]]],[27,[26.93426,43.64597,0,[44.001,126.8821]]],[23,[21.36626,33.95969,0,[44.001,125.3525]]],[168,[23.56836,30.46702,0,[45.001,131.4081]]],[32,[22.08834,35.27008,0,[44.001,125.2952]]],[177,[27.87309,45.25072,0,[45.001,128.1068]]],[175,[27.33028,35.30108,0,[45.001,130.1662]]],[13,[23.45,35.62455,0,[44.00099,124.5133]]],[16,[27.79577,45.09026,0,[44.001,127.16]]],[167,[28.20184,42.40083,0,[45.001,129.4503]]],[14,[22.38256,32.9598,0,[44.001,124.0649]]],[179,[25.92606,43.16662,0,[45.001,131.2248]]],[24,[19.03208,30.5414,0,[44.00099,124.6729]]],[8,[27.76696,41.34469,0,[44.001,125.815]]],[135,[18.98973,34.61126,0,[45.001,130.2552]]],[183,[27.889,38.37433,0,[45.001,130.7901]]],[173,[25.1884,38.40279,0,[45.001,131.3266]]],[155,[16.1797,27.94341,0,[45.001,131.4241]]],[12,[20.88744,33.90452,0,[44.001,124.5147]]],[144,[15.44943,24.62547,0,[45.001,131.3547]]],[176,[29.12454,40.37052,0,[45.001,128.2695]]],[164,[23.12979,35.40843,0,[45.001,130.7591]]],[142,[14.69418,27.17468,0,[45.001,131.177]]],[0,[27.75225,45.67513,0,[44.001,124.4586]]],[147,[21.68881,37.43103,0,[45.001,131.2998]]],[53,[16.06241,26.38446,0,[44.001,123.7875]]],[3,[24.18143,38.84473,0,[44.001,124.0208]]],[143,[12.94302,25.66084,0,[45.001,131.1038]]],[172,[23.97832,37.65719,0,[45.001,130.6739]]],[26,[20.20852,31.48888,0,[44.001,124.0225]]],[156,[22.23847,29.07006,0,[45.001,131.2625]]],[1,[26.03338,40.9569,0,[44.001,124.3426]]],[5,[22.96304,36.19767,0,[44.001,123.9296]]],[180,[24.96591,40.7289,0,[45.001,130.27]]],[153,[16.77956,29.96625,0,[45.001,131.4361]]],[138,[16.05394,31.08538,0,[45.001,130.366]]],[19,[22.72919,35.83689,0,[44.001,125.0928]]],[9,[26.74393,40.26486,0,[44.001,124.3219]]],[127,[13.43742,26.70429,0,[45.001,130.382]]],[51,[15.05412,27.24531,0,[44.001,123.9076]]],[129,[12.23702,24.468,0,[45.001,130.4853]]],[21,[21.76993,33.89558,0,[44.001,124.404]]],[152,[18.15335,31.51318,0,[45.001,131.3584]]],[6,[21.33776,34.16584,0,[44.001,123.7485]]],[39,[17.12838,28.08052,0,[44.001,123.796]]],[2,[25.44555,40.40192,0,[44.001,124.1499]]]
1:[99,[39.66477,79.32617,0,[100.001,128.0169]]],[84,[39.68467,79.36223,0,[100.001,126.1651]]],[114,[39.2209,78.42961,0,[99.001,130.1447]]],[113,[40.22816,80.44467,0,[100.001,129.0241]]],[98,[40.27655,80.5424,0,[100.001,127.2223]]],[97,[40.82029,81.62931,0,[100.001,128.1575]]],[83,[40.37932,80.66611,0,[100.001,125.5312]]],[82,[40.84635,81.55299,0,[100.001,126.5136]]],[112,[40.84212,81.61196,0,[100.001,129.8222]]],[128,[39.92905,79.71923,0,[99.001,130.7098]]],[111,[41.34043,82.58815,0,[100.001,129.0825]]],[96,[41.44142,82.76466,0,[100.001,127.6229]]],[69,[40.46743,80.72996,0,[101.001,124.4913]]],[95,[41.91996,83.79398,0,[100.001,128.2003]]],[81,[41.65857,83.03716,0,[100.001,126.5817]]],[126,[41.09625,82.03872,0,[99.001,130.5036]]],[110,[42.04598,83.75632,0,[100.001,129.5345]]],[94,[42.50944,84.87922,0,[100.001,127.3206]]],[109,[42.54616,84.76704,0,[100.001,128.6252]]],[80,[42.27446,83.7135,0,[100.001,126.2141]]],[68,[41.73554,82.54745,0,[101.001,124.4888]]],[93,[43.13852,86.00529,0,[100.001,127.7529]]],[125,[42.12775,83.41039,0,[99.001,130.0892]]],[124,[43.09202,85.4166,0,[100.001,129.0592]]],[79,[43.01696,85.01644,0,[100.001,126.1329]]],[78,[43.49882,86.05137,0,[100.001,126.782]]],[108,[43.6852,85.97048,0,[100.001,128.7126]]],[65,[42.55656,84.18208,0,[100.001,125.1629]]],[92,[44.00655,87.28072,0,[100.001,127.7829]]],[67,[41.68253,82.22707,0,[100.001,125.3637]]],[77,[44.11925,87.42081,0,[100.001,126.6254]]],[141,[42.86508,83.39986,0,[99.001,130.0918]]],[123,[43.9859,86.39559,0,[100.001,129.801]]],[107,[44.42676,87.0649,0,[100.001,129.1172]]],[106,[44.56537,87.99056,0,[100.001,127.9865]]],[63,[43.86023,86.50109,0,[100.001,125.5221]]],[62,[44.70771,87.92086,0,[100.001,126.8122]]],[105,[45.06354,89.09478,0,[100.001,128.8589]]],[91,[45.15311,88.33645,0,[100.001,127.6401]]],[121,[45.03442,88.56924,0,[100.001,129.9726]]],[66,[42.55855,84.37355,0,[101.001,124.251]]],[48,[45.13506,87.02647,0,[100.001,126.0947]]],[76,[45.62761,88.64272,0,[100.001,127.0516]]],[90,[45.64696,89.35342,0,[100.001,128.5574]]],[122,[44.01598,86.75755,0,[99.001,130.5179]]],[49,[44.50035,86.17162,0,[100.001,125.5408]]],[75,[46.19585,89.59343,0,[100.001,127.9835]]],[120,[45.73766,89.81593,0,[100.001,129.9042]]],[104,[46.23459,90.2803,0,[100.001,129.2814]]],[60,[46.36597,89.98057,0,[100.001,126.816]]],[47,[45.89677,88.30887,0,[100.001,125.9076]]],[89,[46.87067,90.68573,0,[100.001,128.031]]],[52,[43.33569,84.15189,0,[101.001,124.0922]]],[74,[46.97998,90.82325,0,[100.001,126.942]]],[33,[46.78191,89.40929,0,[100.001,125.9]]],[136,[45.12574,87.63178,0,[99.001,131.0511]]],[36,[45.3364,85.92103,0,[100.001,125.0363]]],[119,[46.89703,91.18028,0,[100.001,129.1348]]],[103,[47.54508,91.55436,0,[100.001,128.8607]]],[73,[47.51214,91.91088,0,[100.001,127.7439]]],[54,[44.34727,83.11855,0,[101.001,124.1183]]],[58,[47.52068,92.07538,0,[100.001,126.5239]]],[88,[48.1664,91.88342,0,[100.001,128.8233]]],[34,[46.7275,88.76923,0,[101.001,124.9606]]],[72,[48.10637,93.05354,0,[100.001,127.5483]]],[133,[47.36019,92.26223,0,[100.001,129.968]]],[118,[47.48974,91.17207,0,[99.001,130.0266]]],[61,[47.44441,88.96046,0,[100.001,125.403]]],[87,[48.70046,92.81393,0,[100.001,128.2911]]],[117,[48.65918,93.6423,0,[100.001,129.7197]]],[57,[48.71698,93.84904,0,[100.001,126.886]]],[64,[43.87786,86.51105,0,[101.001,124.934]]],[59,[48.13669,91.16032,0,[100.001,126.2869]]],[148,[47.89761,90.8177,0,[99.001,130.9786]]],[137,[46.21095,87.96779,0,[99.001,130.1908]]],[102,[49.30322,93.0034,0,[100.001,127.6329]]],[149,[49.39871,91.25578,0,[100.001,128.8518]]],[71,[49.28587,94.36774,0,[100.001,126.3969]]],[157,[49.26109,84.88377,0,[100.001,129.9258]]],[37,[44.98986,86.20641,0,[101.001,124.4041]]],[46,[47.42805,90.74433,0,[101.001,124.835]]],[116,[49.87109,95.39446,0,[100.001,128.1409]]],[86,[49.87624,94.07703,0,[100.001,126.9938]]],[131,[50.13487,95.29679,0,[100.001,129.1638]]],[140,[46.64381,85.04053,0,[99.001,131.0367]]],[43,[48.84336,92.74537,0,[100.001,125.3952]]],[38,[46.3092,86.27917,0,[101.001,124.1062]]],[130,[50.45238,97.1097,0,[100.001,128.0014]]],[45,[48.11148,89.97977,0,[100.001,125.1401]]],[132,[49.4413,93.23664,0,[99.001,130.1959]]],[162,[50.98519,92.26287,0,[100.001,128.6343]]],[151,[50.78387,90.01139,0,[100.001,129.7422]]],[85,[51.03751,95.42886,0,[100.001,127.2892]]],[56,[50.52684,94.86053,0,[100.001,126.7218]]],[101,[51.49008,94.71195,0,[100.001,127.9714]]],[35,[47.19596,88.1737,0,[101.001,123.8353]]],[150,[48.71343,88.72424,0,[99.001,131.0319]]],[50,[45.51381,86.46098,0,[101.001,124.0257]]],[154,[51.37167,88.05771,0,[100.001,129.6938]]],[70,[51.70126,96.20675,0,[100.001,126.8842]]],[55,[51.26019,96.37155,0,[100.001,126.1558]]],[146,[52.16303,96.4687,0,[100.001,128.1208]]],[161,[51.77106,94.95601,0,[100.001,128.9357]]],[31,[50.09856,92.16128,0,[100.001,125.9693]]],[165,[50.06497,87.26657,0,[99.001,130.94]]],[115,[52.29499,97.93594,0,[100.001,127.0539]]],[42,[49.42635,94.05145,0,[100.001,125.2479]]],[29,[52.12765,94.59435,0,[100.001,125.9878]]],[170,[52.36721,96.62264,0,[100.001,129.2356]]],[160,[52.77955,97.20605,0,[100.001,128.4984]]],[25,[50.51986,87.52828,0,[101.001,123.8172]]],[100,[52.93848,97.42073,0,[100.001,127.4365]]],[163,[51.41267,90.766,0,[99.001,130.2222]]],[41,[52.76683,97.05499,0,[100.001,126.2641]]],[134,[50.72532,91.69105,0,[99.001,130.7616]]],[159,[53.40325,98.60506,0,[100.001,128.6555]]],[169,[53.07396,99.24524,0,[100.001,129.6966]]],[44,[50.71373,93.34612,0,[100.001,125.4134]]],[145,[53.78386,100.6923,0,[100.001,127.7783]]],[28,[53.40469,95.96771,0,[100.001,126.6718]]],[30,[51.56435,93.70741,0,[100.001,125.2277]]],[17,[53.25623,95.3494,0,[100.001,125.3971]]],[139,[43.37962,84.41518,0,[99.001,130.9894]]],[182,[53.82373,101.1226,0,[100.001,129.8704]]],[178,[54.08566,101.1347,0,[100.001,128.9005]]],[158,[54.49305,103.4794,0,[100.001,128.0975]]],[18,[54.17523,95.89471,0,[100.001,127.0018]]],[171,[51.98754,94.4114,0,[99.001,130.3098]]],[4,[53.96816,92.33332,0,[100.001,125.9225]]],[22,[49.62158,90.51329,0,[101.001,124.1284]]],[184,[54.78466,101.1041,0,[100.001,129.4338]]],[7,[54.61575,99.26069,0,[100.001,126.1778]]],[174,[53.91104,92.35074,0,[99.001,130.252]]],[40,[54.95354,99.94267,0,[100.001,127.2228]]],[11,[52.67411,92.70269,0,[100.001,125.0974]]],[10,[55.38058,96.49701,0,[100.001,126.242]]],[166,[51.21423,86.88203,0,[99.001,131.2761]]],[181,[55.12815,97.42412,0,[100.001,128.4658]]],[15,[48.81509,89.53785,0,[101.001,124.0873]]],[20,[54.3352,93.16311,0,[101.001,124.8284]]],[27,[55.61077,99.96835,0,[100.001,127.3339]]],[23,[50.45452,91.1604,0,[101.001,124.9053]]],[168,[53.23595,86.59258,0,[99.001,130.9596]]],[32,[52.59575,92.9952,0,[101.001,124.8769]]],[177,[55.80415,100.5724,0,[100.001,128.4611]]],[175,[55.56001,91.01508,0,[100.001,129.6569]]],[13,[55.10756,92.94606,0,[100.001,125.2343]]],[16,[56.29126,101.2976,0,[100.001,127.1447]]],[167,[56.48028,97.95802,0,[100.001,128.3603]]],[14,[53.90434,92.76693,0,[101.001,124.0743]]],[179,[56.2052,100.2171,0,[100.001,129.568]]],[24,[47.99203,87.79094,0,[101.001,124.1246]]],[8,[56.07656,97.58265,0,[100.001,125.9922]]],[135,[47.19188,89.08516,0,[99.001,131.2505]]],[183,[57.20512,95.75935,0,[100.001,128.5775]]],[173,[56.88916,97.56387,0,[100.001,129.6967]]],[155,[56.09582,94.48171,0,[99.001,130.8309]]],[12,[52.49385,93.72753,0,[101.001,123.7951]]],[144,[54.70654,88.40132,0,[99.001,130.6899]]],[176,[57.11733,96.04849,0,[100.001,127.2556]]],[164,[56.95438,93.03855,0,[99.001,130.7394]]],[142,[57.88967,97.58826,0,[100.001,129.526]]],[0,[56.97823,102.9498,0,[100.001,125.9531]]],[147,[54.0787,94.90719,0,[99.001,131.3391]]],[53,[51.85265,86.53383,0,[101.001,124.1695]]],[3,[58.08127,101.0401,0,[100.001,126.4832]]],[143,[57.99186,100.6514,0,[100.001,128.0101]]],[172,[51.92176,92.24704,0,[99.001,131.4106]]],[26,[57.70664,96.86629,0,[100.001,125.0948]]],[156,[55.49868,85.27435,0,[99.001,130.8005]]],[1,[55.02928,98.28,0,[101.001,124.9538]]],[5,[58.82745,101.8997,0,[100.001,126.06]]],[180,[52.59616,95.50378,0,[99.001,130.8864]]],[153,[45.84796,85.79784,0,[99.001,131.0615]]],[138,[44.47955,86.07835,0,[99.001,131.191]]],[19,[55.7323,95.21485,0,[101.001,124.0345]]],[9,[56.20468,97.73528,0,[101.001,124.9612]]],[127,[41.73879,81.07083,0,[99.001,130.9894]]],[51,[54.77612,92.00404,0,[101.001,123.9308]]],[129,[42.71054,80.08555,0,[99.001,131.2426]]],[21,[53.32088,92.56458,0,[101.001,124.0169]]],[152,[49.39803,88.42673,0,[99.001,131.3383]]],[6,[56.64728,97.45114,0,[101.001,124.0611]]],[39,[51.23848,88.48892,0,[101.001,124.2218]]],[2,[57.05921,99.25613,0,[101.001,124.9613]]]
2:[99,[68.68297,137.3636,0,[158.001,129.8484]]],[84,[68.21198,136.4124,0,[157.001,127.6672]]],[114,[68.74689,137.4816,0,[158.001,132.1913]]],[113,[69.24945,138.4871,0,[158.001,130.9561]]],[98,[68.80536,137.5988,0,[157.001,128.9403]]],[97,[69.84773,139.6793,0,[158.001,130.0137]]],[83,[69.11872,138.0117,0,[157.001,127.5169]]],[82,[69.49271,138.7491,0,[157.001,128.5159]]],[112,[69.90321,139.7146,0,[158.001,131.669]]],[128,[69.59926,138.9333,0,[158.001,132.7249]]],[111,[70.36485,140.6324,0,[158.001,130.9264]]],[96,[70.50581,140.8649,0,[158.001,129.3457]]],[69,[68.98763,137.2935,0,[157.001,126.2846]]],[95,[70.96069,141.8637,0,[158.001,130.249]]],[81,[70.26549,140.2135,0,[157.001,128.0063]]],[126,[70.70074,141.1941,0,[158.001,132.6599]]],[110,[71.09132,141.8357,0,[158.001,131.7282]]],[94,[71.61713,143.0668,0,[158.001,129.5346]]],[109,[71.59112,142.8392,0,[158.001,131.0105]]],[80,[71.00253,141.0047,0,[157.001,128.1347]]],[68,[71.06652,139.7975,0,[157.001,126.716]]],[93,[72.21565,144.1494,0,[158.001,130.5213]]],[125,[71.72673,142.5677,0,[158.001,132.8352]]],[124,[72.17181,143.5628,0,[158.001,132.0124]]],[79,[71.79226,142.4808,0,[157.001,128.7704]]],[78,[72.68903,144.3332,0,[158.001,129.623]]],[108,[72.76085,144.1113,0,[158.001,131.6167]]],[65,[71.92532,141.9103,0,[157.001,127.5564]]],[92,[73.14425,145.4986,0,[158.001,130.4929]]],[67,[70.41542,139.5464,0,[157.001,126.5973]]],[77,[72.79654,144.7415,0,[157.001,128.8648]]],[141,[72.89967,142.8644,0,[158.001,133.1239]]],[123,[73.38091,144.6724,0,[158.001,132.521]]],[107,[73.60928,145.2304,0,[158.001,131.3713]]],[106,[73.71746,146.1169,0,[158.001,129.9168]]],[63,[72.61356,143.9214,0,[157.001,127.4984]]],[62,[73.39581,144.9955,0,[157.001,128.5106]]],[105,[74.24016,147.2226,0,[158.001,130.5702]]],[91,[74.28526,146.4018,0,[158.001,129.3155]]],[121,[74.28085,146.833,0,[158.001,131.8095]]],[66,[71.91629,141.327,0,[157.001,126.2924]]],[48,[74.02452,144.1838,0,[157.001,127.8098]]],[76,[74.83874,146.7849,0,[158.001,129.2315]]],[90,[74.80822,147.4419,0,[158.001,130.9123]]],[122,[74.16219,146.1777,0,[158.001,132.9558]]],[49,[73.35774,143.557,0,[157.001,127.3653]]],[75,[75.32652,147.7128,0,[158.001,130.2168]]],[120,[74.90685,147.964,0,[158.001,132.5486]]],[104,[75.33443,148.3757,0,[158.001,131.6101]]],[60,[75.52075,148.2153,0,[158.001,129.0163]]],[47,[74.69576,145.6205,0,[157.001,127.9262]]],[89,[75.94533,148.8195,0,[158.001,130.8665]]],[52,[72.98268,141.7801,0,[157.001,126.2748]]],[74,[76.11266,149.0555,0,[158.001,129.7328]]],[33,[75.5908,146.9291,0,[157.001,128.5198]]],[136,[75.4332,147.0329,0,[158.001,133.0412]]],[36,[75.19389,143.6104,0,[157.001,127.4123]]],[119,[75.99529,149.3511,0,[158.001,132.0925]]],[103,[76.60201,149.6471,0,[158.001,131.1761]]],[73,[76.67352,149.9852,0,[158.001,129.8513]]],[54,[74.37838,140.706,0,[157.001,126.5567]]],[58,[76.27737,149.2473,0,[157.001,128.551]]],[88,[77.21154,149.9474,0,[158.001,130.533]]],[34,[75.78992,145.501,0,[157.001,127.3492]]],[72,[77.26735,151.1464,0,[158.001,129.1499]]],[133,[76.68667,150.5386,0,[158.001,132.4724]]],[118,[77.23028,150.3408,0,[158.001,131.8155]]],[61,[76.46845,146.382,0,[157.001,127.4382]]],[87,[77.82561,150.9048,0,[158.001,130.1179]]],[117,[77.84362,151.7421,0,[158.001,131.3336]]],[57,[77.99333,152.1046,0,[158.001,129.0066]]],[64,[73.65369,143.3461,0,[157.001,126.2657]]],[59,[77.21091,148.5037,0,[157.001,127.9904]]],[148,[77.8024,150.1783,0,[158.001,132.5416]]],[137,[76.1862,147.2728,0,[158.001,133.2564]]],[102,[78.54887,151.1008,0,[158.001,129.4642]]],[149,[78.46681,149.349,0,[158.001,130.7639]]],[71,[77.9621,151.6204,0,[157.001,128.1271]]],[157,[78.52376,143.0875,0,[158.001,132.031]]],[37,[75.12909,143.1046,0,[157.001,126.2067]]],[46,[77.18795,148.022,0,[157.001,126.8427]]],[116,[79.06572,153.4663,0,[158.001,129.8844]]],[86,[78.61077,151.2056,0,[157.001,128.664]]],[131,[79.27882,153.4749,0,[158.001,130.9155]]],[140,[78.31464,146.1198,0,[158.001,133.2581]]],[43,[78.50112,150.1851,0,[157.001,127.4732]]],[38,[75.74543,143.4135,0,[157.001,126.1433]]],[130,[79.68736,155.2009,0,[158.001,129.8889]]],[45,[77.906,147.4436,0,[157.001,126.858]]],[132,[79.31962,152.6714,0,[158.001,132.0148]]],[162,[80.04709,150.3698,0,[158.001,131.1075]]],[151,[79.92372,148.2581,0,[158.001,132.4398]]],[85,[80.25993,153.574,0,[158.001,129.1362]]],[56,[79.26559,152.1741,0,[157.001,128.5435]]],[101,[80.58294,152.8503,0,[158.001,130.2842]]],[35,[77.5124,145.8073,0,[157.001,125.9043]]],[150,[79.10991,148.1933,0,[158.001,133.0429]]],[50,[76.41306,144.4017,0,[157.001,126.223]]],[154,[80.58274,146.2345,0,[158.001,132.1657]]],[70,[80.86108,154.4457,0,[158.001,129.0263]]],[55,[80.22504,153.6075,0,[157.001,127.7752]]],[146,[81.24576,154.5676,0,[158.001,130.2545]]],[161,[80.93562,153.0683,0,[158.001,131.3153]]],[31,[79.61776,149.7648,0,[157.001,127.5468]]],[165,[80.40559,146.9116,0,[158.001,133.2716]]],[115,[81.58727,156.1365,0,[158.001,129.3825]]],[42,[79.03758,151.9694,0,[157.001,127.2236]]],[170,[81.65294,154.9541,0,[158.001,131.0917]]],[160,[82.09154,155.3924,0,[158.001,130.425]]],[25,[80.79418,146.4279,0,[157.001,127.1917]]],[100,[82.22581,155.5462,0,[158.001,129.3461]]],[163,[81.57662,150.212,0,[158.001,132.1839]]],[41,[81.58295,154.2579,0,[157.001,128.237]]],[134,[81.17365,151.0831,0,[158.001,132.9502]]],[159,[82.62775,156.7444,0,[158.001,130.9771]]],[169,[82.30766,157.5712,0,[158.001,131.8961]]],[44,[79.94913,150.7262,0,[157.001,126.4059]]],[145,[82.83742,158.7719,0,[158.001,129.8679]]],[28,[82.20731,153.1024,0,[157.001,128.5706]]],[30,[81.42153,151.4102,0,[157.001,127.1138]]],[17,[82.06441,152.6416,0,[157.001,127.3524]]],[139,[81.97734,152.2312,0,[158.001,133.0092]]],[182,[83.0769,159.2582,0,[158.001,132.0338]]],[178,[83.30109,159.2073,0,[158.001,131.0092]]],[158,[83.70801,161.5664,0,[158.001,130.2554]]],[18,[83.38058,154.0562,0,[158.001,129.1615]]],[171,[82.661,154.0037,0,[158.001,132.9854]]],[4,[82.79124,149.6252,0,[157.001,127.8639]]],[22,[80.69065,148.0173,0,[157.001,126.0796]]],[184,[84.12199,159.2691,0,[158.001,131.2954]]],[7,[83.42775,156.5584,0,[157.001,128.3346]]],[174,[83.81197,151.7683,0,[158.001,132.2129]]],[40,[84.08476,158.0845,0,[158.001,129.4074]]],[11,[82.61756,150.4731,0,[157.001,126.5835]]],[10,[84.76212,154.8731,0,[158.001,129.1451]]],[166,[83.38033,147.1904,0,[158.001,133.0844]]],[181,[84.4402,155.4872,0,[158.001,130.384]]],[15,[78.55061,146.7723,0,[157.001,126.1588]]],[20,[83.9684,150.1286,0,[157.001,128.1379]]],[27,[85.03553,158.1703,0,[158.001,130.134]]],[23,[79.31422,147.9158,0,[157.001,126.1243]]],[168,[84.29031,146.4266,0,[158.001,132.889]]],[32,[83.32177,150.7746,0,[157.001,127.1724]]],[177,[85.1798,158.7057,0,[158.001,131.236]]],[175,[84.71439,149.2188,0,[158.001,131.8298]]],[13,[84.6023,150.5699,0,[157.001,128.0393]]],[16,[85.49474,159.5052,0,[158.001,129.1109]]],[167,[85.65414,156.0588,0,[158.001,130.2871]]],[14,[84.1405,150.091,0,[157.001,127.0799]]],[179,[85.68626,158.3638,0,[158.001,131.6913]]],[24,[82.03998,147.4474,0,[157.001,126.0999]]],[8,[85.37901,155.0619,0,[157.001,128.2008]]],[135,[77.266,148.527,0,[158.001,133.2271]]],[183,[86.29041,153.774,0,[158.001,129.4787]]],[173,[86.23768,155.6173,0,[158.001,130.7333]]],[155,[86.2784,153.8529,0,[158.001,131.9852]]],[12,[83.79274,152.8682,0,[157.001,126.1387]]],[144,[85.60101,147.7501,0,[158.001,132.8625]]],[176,[86.1355,153.1044,0,[157.001,128.503]]],[164,[86.93043,152.2034,0,[158.001,131.2573]]],[142,[86.97816,155.662,0,[158.001,129.954]]],[0,[85.93327,160.1367,0,[157.001,127.3385]]],[147,[86.30127,155.1249,0,[158.001,133.245]]],[53,[81.37975,143.4738,0,[157.0003,126]]],[3,[86.83237,158.3303,0,[157.001,128.8068]]],[143,[87.72922,158.9389,0,[158.001,129.9576]]],[172,[87.63201,155.6438,0,[158.001,132.6161]]],[26,[86.74508,154.2429,0,[157.001,127.5389]]],[156,[86.90501,145.4855,0,[158.001,132.5746]]],[1,[85.02258,155.2289,0,[157.001,127.178]]],[5,[87.75982,159.6668,0,[157.001,128.8334]]],[180,[87.89053,160.4247,0,[158.001,131.2837]]],[153,[88.61615,157.76,0,[158.001,130.4139]]],[138,[84.98355,154.3065,0,[158.001,132.8984]]],[19,[87.65018,154.8003,0,[157.001,127.2171]]],[9,[88.43631,157.5078,0,[157.001,127.8981]]],[127,[89.23863,141.2553,0,[158.001,131.6731]]],[51,[84.50268,149.4584,0,[157.001,126.1519]]],[129,[88.39629,150.7997,0,[158.001,132.4132]]],[21,[85.2469,151.6276,0,[157.001,126.1228]]],[152,[89.55638,152.8685,0,[158.001,130.0796]]],[6,[86.86705,154.5737,0,[157.001,126.3051]]],[39,[83.21645,146.341,0,[157.001,126.0062]]],[2,[85.87438,155.5438,0,[157.001,126.1651]]]
3:[99,[97.69257,195.3815,0,[216.001,131.0485]]],[84,[97.75553,195.4683,0,[216.001,129.0428]]],[114,[97.75912,195.5029,0,[216.001,133.4812]]],[113,[98.26118,196.5082,0,[216.001,132.2607]]],[98,[98.32215,196.6254,0,[216.001,130.1113]]],[97,[98.86102,197.7024,0,[216.001,131.2864]]],[83,[98.28802,196.1858,0,[215.001,128.5295]]],[82,[99.07487,197.876,0,[216.001,129.7882]]],[112,[98.95304,197.8008,0,[216.001,133.234]]],[128,[99.22094,198.1119,0,[217.001,134.4909]]],[111,[99.38132,198.6613,0,[216.001,132.3158]]],[96,[99.5536,198.9432,0,[216.001,130.796]]],[69,[99.17915,196.4996,0,[215.001,128.6855]]],[95,[99.98891,199.9089,0,[216.001,131.7984]]],[81,[100.0617,199.6442,0,[216.001,129.9325]]],[126,[100.3175,200.3681,0,[217.001,134.5013]]],[110,[100.133,199.9051,0,[216.001,133.3523]]],[94,[100.6521,201.1205,0,[216.001,131.0559]]],[109,[100.613,200.8732,0,[216.001,132.5288]]],[80,[100.6853,200.081,0,[216.001,129.7086]]],[68,[100.2835,197.9268,0,[215.001,128.375]]],[93,[101.2361,202.1821,0,[216.001,131.8818]]],[125,[101.3567,201.7377,0,[217.001,134.617]]],[124,[101.2166,201.6311,0,[216.001,133.4951]]],[79,[101.3743,201.5831,0,[216.001,129.3175]]],[78,[101.7212,202.3819,0,[216.001,130.7523]]],[108,[101.7799,202.1442,0,[216.001,132.9923]]],[65,[102.0045,201.766,0,[216.001,129.4622]]],[92,[102.1644,203.5314,0,[216.001,131.793]]],[67,[101.441,198.4677,0,[215.001,128.1987]]],[77,[102.4295,203.9166,0,[216.001,130.3062]]],[141,[102.5175,202.0562,0,[217.001,134.9505]]],[123,[102.9201,203.7238,0,[217.0006,134]]],[107,[102.6324,203.2674,0,[216.001,132.7818]]],[106,[102.7871,204.2282,0,[216.001,131.3265]]],[63,[102.0984,202.2257,0,[215.001,128.6272]]],[62,[103.0747,204.2617,0,[216.001,129.6617]]],[105,[103.2854,205.2968,0,[216.001,132.1654]]],[91,[103.402,204.5975,0,[216.001,130.7544]]],[121,[103.3364,204.9238,0,[216.001,133.5645]]],[66,[102.9107,200.735,0,[215.001,128.4845]]],[48,[103.8829,203.6895,0,[216.001,129.8152]]],[76,[103.9315,204.9281,0,[216.001,131.3586]]],[90,[103.8518,205.5134,0,[216.001,132.8837]]],[122,[103.8384,205.3868,0,[217.001,134.7996]]],[49,[103.5967,202.2164,0,[215.001,128.4793]]],[75,[104.4064,205.797,0,[216.001,132.2596]]],[120,[104.4906,207.0935,0,[217.001,134.6665]]],[104,[104.3907,206.467,0,[216.001,133.6763]]],[60,[104.5953,206.3327,0,[216.001,130.9682]]],[47,[104.5359,204.7762,0,[216.001,129.6986]]],[89,[104.9966,206.9044,0,[216.001,133.0313]]],[52,[104.2225,201.8452,0,[215.001,128.3922]]],[74,[105.1626,207.1405,0,[216.001,131.8769]]],[33,[105.2611,206.1828,0,[216.001,130.5832]]],[136,[105.1867,206.3162,0,[217.001,135.0571]]],[36,[105.2395,203.0805,0,[216.001,129.3706]]],[119,[105.5986,208.4975,0,[217.001,134.2516]]],[103,[105.6479,207.7169,0,[216.001,133.1145]]],[73,[105.7536,208.1097,0,[216.001,131.5133]]],[54,[104.8277,199.2047,0,[215.001,128.1405]]],[58,[105.8919,208.4477,0,[216.001,129.9436]]],[88,[106.2551,208.0225,0,[216.001,132.4019]]],[34,[105.5308,204.1246,0,[215.001,128.5219]]],[72,[106.3583,209.3022,0,[216.001,130.9194]]],[133,[106.2912,209.6866,0,[217.001,134.6424]]],[118,[106.2814,208.4245,0,[216.001,133.8132]]],[61,[106.527,206.0571,0,[216.001,129.5483]]],[87,[106.8826,208.9828,0,[216.001,131.7429]]],[117,[106.9028,209.7961,0,[216.001,132.9287]]],[57,[107.0853,210.2479,0,[216.001,130.5946]]],[64,[106.3447,203.6109,0,[215.001,128.2495]]],[59,[107.1593,207.7315,0,[216.001,129.3869]]],[148,[107.4964,209.2791,0,[217.001,134.0585]]],[137,[107.2765,206.6591,0,[217.001,135.1172]]],[102,[107.6219,209.2251,0,[216.001,131.5475]]],[149,[107.5239,207.4298,0,[216.001,132.7717]]],[71,[107.7363,210.9543,0,[216.001,130.3553]]],[157,[107.6359,201.1836,0,[216.001,133.9785]]],[37,[106.9782,203.1761,0,[215.001,128.1997]]],[46,[107.9049,207.9035,0,[216.001,129.2274]]],[116,[108.1576,211.5899,0,[216.001,132.3748]]],[86,[108.3277,210.4858,0,[216.001,131.2454]]],[131,[108.3496,211.6039,0,[216.001,133.4536]]],[140,[108.3151,205.3789,0,[217.001,135.1633]]],[43,[108.5179,209.8457,0,[216.001,130.0002]]],[38,[107.7339,204.1116,0,[215.001,128.1463]]],[130,[108.8873,213.3242,0,[216.001,130.9306]]],[45,[108.2407,206.3809,0,[215.001,128.9779]]],[132,[108.9544,211.9098,0,[217.001,134.6504]]],[162,[109.1099,208.4392,0,[216.001,132.2195]]],[151,[109.032,206.3168,0,[216.001,133.4246]]],[85,[109.4547,211.8538,0,[216.001,131.1362]]],[56,[109.4385,211.5042,0,[216.001,129.8987]]],[101,[109.7139,211.0563,0,[216.001,132.5125]]],[35,[108.6706,205.9856,0,[215.001,128.087]]],[150,[109.5613,207.757,0,[217.001,134.6615]]],[50,[109.1597,204.1504,0,[215.001,128.8284]]],[154,[109.7085,204.394,0,[216.001,133.711]]],[70,[110.0731,212.7229,0,[216.001,131.4614]]],[55,[110.1754,212.9938,0,[216.001,130.2664]]],[146,[110.411,212.7349,0,[216.001,132.603]]],[161,[110.2598,211.219,0,[216.001,133.8892]]],[31,[110.4422,209.2616,0,[216.001,129.234]]],[165,[110.2438,206.2173,0,[217.001,135.002]]],[115,[110.7193,214.3501,0,[216.001,131.3847]]],[42,[109.7588,210.897,0,[215.001,128.1037]]],[29,[110.9565,211.4962,0,[216.001,130.2605]]],[170,[110.9711,213.0616,0,[216.001,133.1162]]],[160,[111.2253,213.4441,0,[216.001,132.1086]]],[25,[111.0405,206.0774,0,[216.001,129.0498]]],[100,[111.4411,213.6441,0,[216.001,131.0199]]],[163,[111.3775,209.431,0,[217.001,134.2143]]],[41,[111.5629,213.5804,0,[216.001,129.8011]]],[134,[111.0946,210.4949,0,[217.001,135.214]]],[159,[111.7802,214.8452,0,[216.001,132.8558]]],[169,[111.5244,215.7267,0,[216.001,133.8581]]],[44,[110.6842,209.4155,0,[215.001,127.9747]]],[145,[111.9792,216.8943,0,[216.001,131.8119]]],[28,[112.1515,212.5198,0,[216.001,130.748]]],[30,[111.3194,210.2698,0,[215.001,128.5928]]],[17,[112.1532,212.3108,0,[216.001,129.5498]]],[139,[111.9587,211.7893,0,[217.001,135.0338]]],[182,[112.2384,217.4247,0,[216.001,133.8031]]],[178,[112.5167,217.3074,0,[216.001,132.6503]]],[158,[112.7701,219.6277,0,[216.001,131.4961]]],[18,[112.7135,212.1804,0,[216.001,130.1602]]],[171,[112.655,213.2553,0,[217.001,134.9466]]],[4,[112.1502,207.8431,0,[215.001,128.855]]],[22,[111.7633,207.1435,0,[215.001,127.9201]]],[184,[113.2028,217.3462,0,[216.001,132.8046]]],[7,[113.2767,215.8264,0,[216.001,130.532]]],[174,[112.9622,209.9307,0,[216.001,133.8641]]],[40,[113.3925,216.2422,0,[216.001,131.7126]]],[11,[113.2945,210.4341,0,[216.001,129.3085]]],[10,[113.9258,213.0987,0,[216.001,130.8928]]],[166,[113.4064,206.5506,0,[217.001,135.0634]]],[181,[113.7601,213.6124,0,[216.001,132.9427]]],[15,[112.6681,207.506,0,[215.001,128.0436]]],[20,[113.8988,209.5027,0,[216.001,129.7684]]],[27,[114.1409,216.3072,0,[216.001,131.9379]]],[23,[113.2195,209.0585,0,[215.001,128.2464]]],[168,[114.1313,205.8031,0,[217.001,134.9073]]],[32,[113.7182,209.3605,0,[215.001,128.853]]],[177,[114.3418,216.789,0,[216.001,133.1238]]],[175,[114.5065,208.4211,0,[217.001,134.0696]]],[13,[114.5393,209.9465,0,[216.001,129.9712]]],[16,[114.6459,217.7346,0,[216.001,131.0774]]],[167,[114.7854,214.1966,0,[216.001,132.2567]]],[14,[114.3903,208.7742,0,[215.001,128.8738]]],[179,[114.8467,216.4678,0,[216.001,133.6791]]],[24,[114.0462,206.5681,0,[215.001,127.887]]],[8,[115.2347,214.507,0,[216.001,129.9837]]],[135,[115.0298,211.6729,0,[217.001,134.8818]]],[183,[115.4159,211.9621,0,[216.001,131.1846]]],[173,[115.4129,213.7244,0,[216.001,132.4229]]],[155,[115.472,212.0048,0,[216.001,133.651]]],[12,[115.0172,212.718,0,[215.001,128.6219]]],[144,[115.7386,206.9308,0,[217.001,134.8654]]],[176,[116.0596,212.7258,0,[216.001,130.8425]]],[164,[116.0784,210.3582,0,[216.001,133.3769]]],[142,[116.2335,213.9012,0,[216.001,132.099]]],[0,[116.1981,220.1148,0,[216.001,129.6153]]],[147,[116.4485,214.444,0,[217.001,134.762]]],[53,[115.7891,206.154,0,[215.001,128.3612]]],[3,[116.7992,217.7239,0,[216.001,130.8053]]],[143,[116.9283,217.2284,0,[216.001,132.0536]]],[172,[116.8014,213.7061,0,[216.001,133.3466]]],[26,[117.0169,213.9174,0,[216.001,129.5872]]],[156,[117.1311,204.69,0,[217.001,134.5948]]],[1,[116.6908,214.5272,0,[215.001,128.3698]]],[5,[117.5706,218.9112,0,[216.001,130.8159]]],[180,[117.4825,218.5813,0,[216.001,133.3362]]],[153,[117.7154,215.9177,0,[216.001,132.1105]]],[138,[117.8349,216.4918,0,[217.001,134.646]]],[19,[117.9365,214.3823,0,[216.001,129.7266]]],[9,[118.3369,217.0966,0,[216.001,131.1516]]],[127,[118.3266,199.3894,0,[216.001,133.2564]]],[51,[117.6458,209.3516,0,[215.001,128.4667]]],[129,[118.5751,209.9347,0,[217.001,134.5513]]],[21,[118.7509,215.3438,0,[216.001,129.8836]]],[152,[118.7911,211.2353,0,[216.001,132.3167]]],[6,[119.1753,216.9256,0,[216.001,131.0804]]],[39,[118.5445,209.1811,0,[215.001,128.6101]]],[2,[119.6663,219.6273,0,[216.001,129.7608]]]

Travel Distances:
[99,217.9941],[84,217.9548],[114,217.9831],[113,219.9826],[98,219.9771],[97,219.9774],[83,221.5956],[82,221.7216],[112,221.8905],[128,221.6571],[111,221.8949],[96,221.8329],[69,220.1312],[95,223.9114],[81,223.5056],[126,223.7203],[110,223.6356],[94,223.8126],[109,223.6444],[80,222.7],[68,223.3326],[93,225.7074],[125,225.0124],[124,225.1934],[79,224.8312],[78,224.9363],[108,224.5822],[65,225.7477],[92,227.1987],[67,223.5589],[77,227.0542],[141,225.0065],[123,225.8798],[107,226.0004],[106,226.6519],[63,225.9951],[62,228.1038],[105,228.7213],[91,227.7886],[121,228.2451],[66,224.8938],[48,225.9183],[76,227.0625],[90,227.8072],[122,229.6862],[49,227.0076],[75,228.9803],[120,230.0935],[104,229.6709],[60,229.1369],[47,227.696],[89,230.9013],[52,227.3758],[74,230.8102],[33,229.6512],[136,229.8482],[36,226.5744],[119,231.1023],[103,230.4165],[73,230.5991],[54,225.3914],[58,232.6571],[88,231.505],[34,229.0363],[72,232.5789],[133,232.9634],[118,231.8455],[61,228.998],[87,231.2113],[117,233.9727],[57,234.0666],[64,228.9033],[59,231.3903],[148,232.2108],[137,229.9874],[102,231.9722],[149,230.3615],[71,233.4676],[157,223.8426],[37,229.1355],[46,232.0601],[116,235.2583],[86,233.8248],[131,234.8526],[140,228.452],[43,232.8058],[38,228.5341],[130,235.5456],[45,231.8258],[132,235.6503],[162,232.2122],[151,230.2033],[85,234.8895],[56,234.6229],[101,233.6166],[35,230.5704],[150,230.1167],[50,227.7976],[154,228.9454],[70,236.5662],[55,236.6373],[146,235.9012],[161,234.5054],[31,232.3636],[165,229.0522],[115,236.9068],[42,235.2893],[29,235.574],[170,237.0436],[160,236.8854],[25,229.9652],[100,236.7069],[163,232.3474],[41,236.444],[134,233.8915],[159,237.2564],[169,238.5272],[44,233.9964],[145,240.8979],[28,236.1891],[30,235.6121],[17,235.9911],[139,235.4618],[182,240.7938],[178,240.2192],[158,242.0798],[18,234.7486],[171,235.4564],[4,233.5254],[22,233.4743],[184,240.9102],[7,239.2593],[174,233.8672],[40,239.4336],[11,233.8272],[10,235.2431],[166,229.3332],[181,236.0853],[15,234.1322],[20,233.6978],[27,240.0165],[23,234.4953],[168,229.3054],[32,233.9116],[177,240.0579],[175,230.9833],[13,232.8577],[16,240.434],[167,236.5687],[14,233.9684],[179,240.6415],[24,232.3904],[8,238.0209],[135,235.1622],[183,235.1166],[173,236.8377],[155,234.9812],[12,236.5649],[144,231.0385],[176,236.5979],[164,234.1272],[142,237.4213],[0,243.7018],[147,237.2594],[53,230.519],[3,240.1203],[143,241.3499],[172,238.0688],[26,237.8657],[156,228.1011],[1,239.1057],[5,241.7649],[180,241.5252],[153,238.4584],[138,238.5519],[19,238.4823],[9,240.4193],[127,222.7061],[51,234.0131],[129,232.5586],[21,237.8377],[152,233.6486],[6,240.5698],[39,234.0694],[2,242.2923]

Finish Times:
[99,110.6822],[84,110.8422],[114,110.9222],[113,111.2822],[98,111.3222],[97,111.8422],[83,112.0422],[82,112.1222],[112,112.1222],[128,112.1622],[111,112.4022],[96,112.5622],[69,112.8822],[95,113.0022],[81,113.0822],[126,113.2422],[110,113.2822],[94,113.6422],[109,113.6422],[80,113.7622],[68,114.1222],[93,114.2422],[125,114.2822],[124,114.3622],[79,114.4822],[78,114.7222],[108,114.8422],[65,115.1623],[92,115.1623],[67,115.4423],[77,115.4823],[141,115.5223],[123,115.6423],[107,115.6823],[106,115.7623],[63,115.9223],[62,116.1623],[105,116.2823],[91,116.4023],[121,116.5623],[66,116.7623],[48,116.9223],[76,116.9223],[90,116.9223],[122,116.9623],[49,117.3623],[75,117.4023],[120,117.4023],[104,117.5623],[60,117.6023],[47,117.6423],[89,118.0823],[52,118.1223],[74,118.1623],[33,118.2823],[136,118.3223],[36,118.4423],[119,118.4823],[103,118.7223],[73,118.7623],[54,118.9623],[58,118.9623],[88,119.2823],[34,119.3223],[72,119.3624],[133,119.3624],[118,119.4824],[61,119.6424],[87,119.8824],[117,120.0024],[57,120.1224],[64,120.2824],[59,120.3224],[148,120.3624],[137,120.5624],[102,120.6024],[149,120.6024],[71,120.8024],[157,120.9224],[37,121.0824],[46,121.1624],[116,121.2024],[86,121.3224],[131,121.5224],[140,121.5224],[43,121.6024],[38,121.8824],[130,121.8824],[45,122.0024],[132,122.0424],[162,122.1224],[151,122.2024],[85,122.4824],[56,122.5224],[101,122.7624],[35,122.8024],[150,122.8824],[50,122.9224],[154,122.9624],[70,123.0824],[55,123.2024],[146,123.4424],[161,123.6024],[31,123.6424],[165,123.6824],[115,123.7225],[42,123.8025],[29,124.0025],[170,124.1225],[160,124.2825],[25,124.3625],[100,124.4825],[163,124.4825],[41,124.6825],[134,124.6825],[159,124.8825],[169,124.8825],[44,124.9225],[145,125.0025],[28,125.2025],[30,125.2425],[17,125.3225],[139,125.3225],[182,125.5225],[178,125.5625],[158,125.7625],[18,125.8025],[171,125.9225],[4,126.0025],[22,126.0825],[184,126.2825],[7,126.3225],[174,126.3625],[40,126.4025],[11,126.5225],[10,126.9225],[166,126.9225],[181,126.9225],[15,127.0025],[20,127.0025],[27,127.1625],[23,127.2825],[168,127.3625],[32,127.4825],[177,127.4825],[175,127.5625],[13,127.6025],[16,127.6425],[167,127.8425],[14,128.1225],[179,128.1625],[24,128.2025],[8,128.3225],[135,128.4025],[183,128.4025],[173,128.4825],[155,128.6824],[12,128.8424],[144,128.9624],[176,129.0824],[164,129.2023],[142,129.2423],[0,129.3623],[147,129.4423],[53,129.7623],[3,129.8022],[143,129.9622],[172,130.0022],[26,130.1222],[156,130.3222],[1,130.5221],[5,130.5621],[180,130.6421],[153,130.7221],[138,130.8421],[19,131.042],[9,131.322],[127,131.442],[51,131.482],[129,131.562],[21,131.8019],[152,131.8019],[6,132.1618],[39,132.2818],[2,132.7218]

Stuck Times:
[99,0],[84,0],[114,0],[113,0],[98,0],[97,0],[83,0],[82,0],[112,0],[128,0],[111,0],[96,0],[69,0],[95,0],[81,0],[126,0],[110,0],[94,0],[109,0],[80,0],[68,0],[93,0],[125,0],[124,0],[79,0],[78,0],[108,0],[65,0],[92,0],[67,2],[77,0],[141,0],[123,0],[107,0],[106,0],[63,0],[62,0],[105,0],[91,0],[121,0],[66,0],[48,1],[76,0],[90,0],[122,0],[49,0],[75,0],[120,0],[104,0],[60,0],[47,1],[89,1],[52,1],[74,0],[33,1],[136,0],[36,3],[119,0],[103,0],[73,1],[54,5],[58,0],[88,0],[34,1],[72,0],[133,0],[118,2],[61,2],[87,0],[117,1],[57,0],[64,5],[59,2],[148,1],[137,3],[102,2],[149,3],[71,0],[157,6],[37,5],[46,1],[116,1],[86,3],[131,2],[140,4],[43,1],[38,3],[130,1],[45,3],[132,2],[162,3],[151,6],[85,2],[56,3],[101,5],[35,2],[150,4],[50,6],[154,7],[70,3],[55,2],[146,4],[161,3],[31,6],[165,6],[115,3],[42,2],[29,6],[170,2],[160,3],[25,8],[100,4],[163,6],[41,4],[134,4],[159,3],[169,1],[44,4],[145,3],[28,5],[30,5],[17,5],[139,4],[182,1],[178,3],[158,1],[18,7],[171,4],[4,9],[22,7],[184,3],[7,5],[174,9],[40,4],[11,7],[10,9],[166,11],[181,5],[15,7],[20,7],[27,4],[23,7],[168,11],[32,8],[177,5],[175,11],[13,9],[16,5],[167,6],[14,6],[179,2],[24,10],[8,10],[135,8],[183,9],[173,7],[155,7],[12,4],[144,11],[176,10],[164,13],[142,10],[0,1],[147,7],[53,14],[3,7],[143,6],[172,9],[26,8],[156,13],[1,5],[5,5],[180,7],[153,11],[138,8],[19,12],[9,10],[127,18],[51,10],[129,16],[21,8],[152,13],[6,7],[39,14],[2,6]

