Experiment Name: Custom-ConstantGateSize
Method Used: PathFollowingLowerNumberOfPaths
Run Number: 1
Preparation Time: 0.0003ms
Pathfinding Time: 4.0426ms
Finish Time: 132.3218ms
Finish Time 90%: 129.9222ms
Repaths: 0
Soft Repaths: 0

Gates Data:
0:[99,[11.65847,23.31318,0,[44.001,127.276]]],[84,[11.67561,23.34349,0,[44.001,125.8042]]],[114,[12.18189,24.36009,0,[45.001,128.832]]],[98,[12.24222,24.4647,0,[44.001,126.6822]]],[113,[12.72318,25.44023,0,[45.001,128.1134]]],[97,[12.78982,25.56343,0,[44.001,127.4718]]],[128,[12.73211,25.4549,0,[45.001,129.5679]]],[83,[12.29527,24.53888,0,[44.001,125.2878]]],[112,[13.28112,26.5535,0,[45.001,128.8134]]],[82,[12.80544,25.57963,0,[44.001,126.1455]]],[111,[13.82101,27.6215,0,[45.001,128.295]]],[96,[13.35475,26.67534,0,[44.001,127.0217]]],[69,[11.75804,23.44831,0,[44.001,124.3822]]],[126,[13.83927,27.66198,0,[45.001,129.6396]]],[95,[13.93679,27.76234,0,[44.001,127.6639]]],[110,[14.384,28.68434,0,[45.001,128.8418]]],[80,[13.95968,27.78161,0,[44.001,126.4826]]],[81,[13.48781,26.70911,0,[44.001,125.8225]]],[94,[15.0201,29.90211,0,[45.001,128.1524]]],[67,[13.081,25.809,0,[44.001,125.0244]]],[79,[14.55357,28.9597,0,[44.001,126.9816]]],[109,[15.05111,29.80235,0,[45.001,129.3324]]],[65,[14.3661,27.98541,0,[44.001,125.6096]]],[125,[14.55106,28.79655,0,[45.001,129.9432]]],[108,[15.63977,30.74831,0,[45.001,128.5931]]],[93,[15.2857,29.96723,0,[44.001,127.456]]],[141,[14.1661,27.77777,0,[45.001,130.852]]],[64,[15.0126,29.42053,0,[44.001,126.2981]]],[127,[13.31048,26.59902,0,[45.001,130.0816]]],[107,[16.38867,31.78172,0,[45.001,129.0334]]],[92,[15.81534,31.1016,0,[44.001,127.9237]]],[123,[15.89128,30.95072,0,[45.001,129.6222]]],[66,[13.89163,26.97057,0,[44.001,124.9335]]],[77,[16.29411,31.00275,0,[44.001,127.3159]]],[50,[14.9034,28.27142,0,[44.001,125.1288]]],[78,[15.68749,30.05322,0,[44.001,126.605]]],[91,[17.0474,33.32954,0,[45.001,128.4191]]],[90,[17.07565,33.47727,0,[44.001,127.6962]]],[76,[16.78615,32.10259,0,[44.001,126.6283]]],[122,[16.93066,32.24188,0,[45.001,129.7034]]],[63,[15.55289,30.27467,0,[44.001,125.4511]]],[106,[17.55174,32.91801,0,[45.001,128.9043]]],[62,[16.22418,31.19315,0,[44.001,126.0535]]],[75,[17.44034,33.48701,0,[44.001,126.8364]]],[105,[18.11293,33.99854,0,[45.001,128.1237]]],[47,[16.98523,31.68984,0,[44.001,125.5452]]],[61,[18.01857,32.69181,0,[44.001,126.7]]],[89,[18.15969,34.47172,0,[44.001,127.8825]]],[54,[13.33958,24.47343,0,[44.001,124.0276]]],[120,[18.07991,34.27261,0,[45.001,129.3912]]],[104,[18.64873,35.08434,0,[45.001,128.9995]]],[138,[16.39248,31.39803,0,[45.001,130.3205]]],[48,[17.56304,31.19916,0,[44.001,125.7296]]],[74,[18.61971,34.3846,0,[44.001,127.2723]]],[88,[19.28501,36.70756,0,[45.001,128.5389]]],[46,[18.57222,33.18434,0,[44.001,126.0836]]],[121,[17.48586,33.27427,0,[45.001,130.0294]]],[119,[19.22778,35.65232,0,[45.001,129.7467]]],[68,[12.56566,24.86481,0,[44.001,124.143]]],[73,[19.27332,35.41111,0,[44.001,127.7389]]],[59,[19.13483,34.97632,0,[44.001,126.5781]]],[24,[17.57295,29.70083,0,[44.001,124.5144]]],[103,[19.8899,36.49694,0,[45.001,128.9262]]],[87,[20.36776,38.06551,0,[45.001,128.1375]]],[118,[19.78008,36.92247,0,[45.001,130.0223]]],[135,[18.62327,34.56651,0,[45.001,130.1166]]],[58,[19.77043,36.13457,0,[44.001,127.0221]]],[32,[19.11143,34.00669,0,[44.001,125.3425]]],[117,[20.46208,37.86788,0,[45.001,129.355]]],[102,[20.93645,37.43422,0,[45.001,128.3937]]],[72,[20.45651,36.67181,0,[44.001,127.2599]]],[49,[16.48209,29.56269,0,[44.001,125.0682]]],[57,[20.31217,37.05348,0,[44.001,126.1882]]],[149,[19.19736,34.92382,0,[45.001,131.0321]]],[53,[14.82563,26.24603,0,[44.001,123.9843]]],[132,[21.09316,38.31532,0,[45.001,129.4654]]],[86,[21.47958,39.41799,0,[45.001,128.2835]]],[151,[18.61121,32.7391,0,[45.001,131.2357]]],[60,[19.67931,33.86056,0,[44.001,125.9193]]],[71,[21.15057,37.93879,0,[44.001,127.1981]]],[100,[22.0801,40.44649,0,[45.001,128.0239]]],[37,[15.96199,28.4404,0,[44.001,124.5831]]],[43,[21.1253,36.35372,0,[44.001,126.0962]]],[56,[21.816,39.09023,0,[44.001,126.7869]]],[101,[21.84993,39.41912,0,[45.001,129.1226]]],[45,[20.57152,34.54842,0,[44.001,125.2095]]],[143,[12.82067,25.61355,0,[45.001,131.0775]]],[31,[21.73618,36.17046,0,[44.001,125.665]]],[35,[18.57275,30.64635,0,[44.001,124.8289]]],[116,[22.1484,39.73737,0,[44.001,127.8147]]],[133,[22.42702,38.48365,0,[45.001,129.2302]]],[137,[16.99326,32.28667,0,[45.001,131.0982]]],[70,[22.62961,39.42089,0,[44.001,127.1925]]],[147,[22.9915,40.47853,0,[45.001,128.7318]]],[38,[16.43059,27.61992,0,[44.001,123.8553]]],[44,[22.44111,36.39913,0,[44.001,126.1522]]],[162,[22.90945,37.43996,0,[45.001,129.8533]]],[160,[23.59103,40.43761,0,[45.001,129.1779]]],[115,[23.50008,40.96312,0,[44.001,127.8559]]],[131,[23.45311,41.62648,0,[45.001,128.099]]],[148,[21.62473,36.97874,0,[45.001,130.124]]],[23,[21.16645,32.8958,0,[44.001,124.9836]]],[146,[24.21511,42.31997,0,[45.001,128.8959]]],[163,[22.70764,35.24596,0,[45.001,131.0319]]],[55,[23.17155,40.30078,0,[44.001,126.8749]]],[154,[20.92412,30.5379,0,[45.001,130.5266]]],[130,[24.14528,42.12204,0,[44.001,127.9279]]],[33,[18.08202,32.47179,0,[44.001,125.3467]]],[159,[24.93452,42.56901,0,[45.001,128.8985]]],[85,[23.87854,40.50938,0,[44.001,126.9224]]],[34,[19.95661,32.6792,0,[44.001,124.9645]]],[153,[21.51,32.14886,0,[45.001,131.2018]]],[158,[25.49537,44.86162,0,[45.001,128.2586]]],[145,[24.67928,44.23639,0,[44.001,127.3153]]],[36,[16.98696,28.86344,0,[44.001,124.2166]]],[170,[24.54848,41.86429,0,[45.001,129.9522]]],[30,[23.62602,38.15873,0,[44.001,125.9189]]],[42,[24.35441,38.8983,0,[44.001,126.331]]],[40,[25.4563,41.90152,0,[44.001,127.5099]]],[178,[26.23761,46.33628,0,[45.001,128.7372]]],[124,[15.4421,29.94435,0,[45.001,130.2508]]],[29,[25.66948,38.97587,0,[44.001,126.28]]],[139,[16.1186,30.35994,0,[45.001,131.281]]],[51,[15.39043,27.29676,0,[44.001,124.1453]]],[41,[25.0803,40.65236,0,[44.001,126.4431]]],[21,[23.06992,35.81254,0,[44.001,125.7787]]],[27,[26.08122,42.47993,0,[44.001,127.5627]]],[173,[25.16728,40.18394,0,[45.001,130.0026]]],[18,[26.39217,39.05052,0,[44.001,126.4085]]],[20,[24.1189,35.92202,0,[44.001,125.1708]]],[169,[27.03555,47.34946,0,[45.001,128.6214]]],[28,[26.94553,42.39358,0,[44.001,127.2088]]],[152,[17.55155,31.39274,0,[45.001,131.1778]]],[3,[25.91212,38.75859,0,[44.001,125.1012]]],[180,[26.63858,45.44805,0,[45.001,129.7479]]],[177,[27.75913,45.16032,0,[45.001,128.4706]]],[17,[27.40011,40.93395,0,[44.001,125.9287]]],[39,[18.04892,27.96308,0,[44.001,123.9502]]],[168,[27.56975,36.5535,0,[45.001,129.8814]]],[22,[22.31778,34.89842,0,[44.001,125.0689]]],[7,[26.68624,41.20012,0,[44.001,125.3192]]],[183,[27.71888,48.1359,0,[44.001,127.1566]]],[167,[28.26987,34.5655,0,[45.001,129.6251]]],[19,[24.7293,37.31353,0,[44.001,125.4195]]],[1,[28.1355,41.18212,0,[44.001,125.3757]]],[181,[27.05751,44.50545,0,[45.001,130.7413]]],[157,[28.59189,43.40925,0,[45.001,128.36]]],[172,[25.94452,43.69982,0,[45.001,130.2983]]],[14,[20.58655,32.05434,0,[44.001,124.0684]]],[16,[27.38976,42.08878,0,[44.001,124.5133]]],[156,[28.77437,33.81395,0,[45.001,130.4843]]],[2,[25.48449,40.35529,0,[44.001,124.0114]]],[13,[21.72653,34.2721,0,[44.001,124.4348]]],[165,[29.50667,39.11102,0,[45.001,129.0577]]],[174,[23.4047,35.8065,0,[45.001,130.2936]]],[4,[24.66069,37.31905,0,[44.001,124.1646]]],[136,[18.0304,33.65552,0,[45.001,130.606]]],[144,[20.64933,24.93313,0,[45.001,131.4937]]],[176,[29.00422,41.4033,0,[44.001,127.2736]]],[6,[21.23611,33.41298,0,[44.001,123.8509]]],[182,[25.4711,39.74411,0,[45.001,131.0212]]],[8,[25.25504,39.30464,0,[44.001,125.0896]]],[0,[26.42626,40.0719,0,[44.001,124.1627]]],[11,[22.28697,35.64354,0,[44.001,123.916]]],[140,[14.89592,29.06939,0,[45.001,130.8919]]],[52,[14.25499,26.36088,0,[44.001,124.0797]]],[150,[19.76896,34.15774,0,[45.001,131.1878]]],[161,[22.20534,37.46041,0,[45.001,130.5192]]],[25,[19.38631,30.33804,0,[44.001,124.33]]],[164,[24.19091,35.06809,0,[45.001,131.0518]]],[26,[18.82037,29.69341,0,[44.001,123.8385]]],[166,[23.56781,31.27602,0,[45.001,131.3365]]],[134,[20.33574,35.80308,0,[45.001,130.4491]]],[175,[24.79686,37.37785,0,[45.001,131.2144]]],[10,[22.8955,36.72065,0,[44.001,124.7215]]],[171,[23.97964,39.89348,0,[45.001,130.0194]]],[9,[23.53914,38.9274,0,[44.001,124.7333]]],[129,[12.23776,24.46984,0,[45.001,130.3668]]],[142,[13.58943,26.77548,0,[45.001,131.0553]]],[184,[26.37544,39.08515,0,[45.001,131.0877]]],[5,[23.18766,35.61482,0,[44.001,123.7779]]],[179,[25.70556,43.53792,0,[45.001,129.2934]]],[15,[19.962,31.41081,0,[44.001,123.8499]]],[155,[15.48577,28.16335,0,[45.001,131.3844]]],[12,[24.03096,36.24548,0,[44.001,123.9564]]]
1:[99,[39.66442,79.32477,0,[100.001,128.0463]]],[84,[39.69138,79.37164,0,[100.001,126.1112]]],[114,[39.71463,79.42096,0,[100.001,129.9836]]],[98,[40.24773,80.47607,0,[100.001,127.2123]]],[113,[40.23798,80.46792,0,[100.001,129.0374]]],[97,[40.79779,81.57866,0,[100.001,128.2358]]],[128,[39.83479,79.57963,0,[99.001,130.8391]]],[83,[40.3938,80.67149,0,[100.001,125.5115]]],[112,[40.82225,81.62672,0,[100.001,129.9637]]],[82,[40.85012,81.63688,0,[100.001,126.5711]]],[111,[41.34151,82.65549,0,[100.001,129.1616]]],[96,[41.37381,82.70733,0,[100.001,127.6177]]],[69,[40.42602,80.6954,0,[101.001,124.5486]]],[126,[40.98547,81.82596,0,[99.001,130.8343]]],[95,[41.96117,83.80096,0,[100.001,128.4557]]],[110,[41.96122,83.78535,0,[100.001,129.7925]]],[80,[42.04454,83.87133,0,[100.001,127.1481]]],[81,[41.62788,82.90991,0,[100.001,126.2777]]],[94,[42.56224,84.96484,0,[100.001,128.5914]]],[67,[41.33144,82.16539,0,[100.001,125.3063]]],[79,[42.64462,84.97925,0,[100.001,127.3132]]],[109,[42.79562,85.02952,0,[100.001,129.769]]],[65,[42.43177,84.09702,0,[100.001,125.8109]]],[125,[41.89309,83.1521,0,[99.001,130.7971]]],[108,[43.31571,85.87849,0,[100.001,128.7611]]],[93,[43.31306,86.00663,0,[100.001,127.5823]]],[141,[42.83314,83.18482,0,[99.001,130.0191]]],[64,[43.08021,85.49269,0,[100.001,126.3661]]],[127,[42.87296,80.99348,0,[99.001,131.1382]]],[107,[44.02099,86.98071,0,[100.001,128.6272]]],[92,[43.89363,87.2236,0,[100.001,127.3762]]],[123,[43.93265,86.18672,0,[100.001,129.811]]],[66,[42.61629,84.20565,0,[101.001,124.6021]]],[77,[44.45344,87.09876,0,[100.001,127.6959]]],[50,[43.19901,84.60384,0,[100.001,125.176]]],[78,[43.73637,86.09657,0,[100.001,126.2644]]],[91,[44.6137,88.43575,0,[100.001,129.0799]]],[90,[45.1067,89.52954,0,[100.001,128.3222]]],[76,[44.92134,88.17543,0,[100.001,126.8678]]],[122,[44.06527,86.46127,0,[99.001,130.3211]]],[63,[43.93176,86.48425,0,[100.001,125.162]]],[106,[45.205,88.1181,0,[100.001,129.7313]]],[62,[44.4015,87.36036,0,[100.001,126.1813]]],[75,[45.48994,89.51315,0,[100.001,127.3886]]],[105,[45.71625,89.16875,0,[100.001,128.7878]]],[47,[45.11215,87.83199,0,[100.001,125.6204]]],[61,[46.04721,88.71184,0,[100.001,126.86]]],[89,[46.20741,90.54973,0,[100.001,128.1487]]],[54,[43.40148,82.31059,0,[101.001,124.1809]]],[120,[45.34003,88.69158,0,[99.001,130.06]]],[104,[46.37466,90.31719,0,[100.001,129.455]]],[138,[44.58025,86.11135,0,[99.001,131.0228]]],[48,[45.68211,87.23148,0,[100.001,125.9893]]],[74,[46.64688,90.4093,0,[100.001,127.1903]]],[88,[46.94862,91.89586,0,[100.001,128.1404]]],[46,[46.62218,89.24653,0,[100.001,126.0549]]],[121,[45.85437,88.10946,0,[99.001,130.9309]]],[119,[47.06747,91.08368,0,[100.001,129.2189]]],[68,[41.85881,82.33468,0,[101.001,124.1319]]],[73,[47.47493,91.53414,0,[100.001,127.7856]]],[59,[47.22832,91.01199,0,[100.001,126.6117]]],[24,[46.21074,86.93493,0,[101.001,124.7673]]],[103,[47.74613,91.89848,0,[100.001,128.9819]]],[87,[48.12689,93.36632,0,[100.001,128.0356]]],[118,[47.32208,91.64372,0,[99.001,130.1018]]],[135,[46.57265,89.13336,0,[99.001,130.2997]]],[58,[47.86686,92.21567,0,[100.001,126.7281]]],[32,[47.2609,90.14805,0,[100.001,125.3797]]],[117,[48.48352,93.34449,0,[100.001,129.6618]]],[102,[48.70437,92.90473,0,[100.001,128.5664]]],[72,[48.60489,92.83578,0,[100.001,127.2212]]],[49,[45.14929,86.843,0,[101.001,124.8609]]],[57,[48.47725,93.08174,0,[100.001,126.0925]]],[149,[47.24975,89.65786,0,[99.001,131.2495]]],[53,[44.34148,84.12977,0,[101.001,124.0532]]],[132,[49.22038,94.30708,0,[100.001,129.1255]]],[86,[49.18269,94.73014,0,[100.001,127.8941]]],[151,[48.01756,88.66866,0,[99.001,130.9046]]],[60,[47.92276,89.92976,0,[100.001,125.4189]]],[71,[49.24898,94.05527,0,[100.001,126.7905]]],[100,[49.7613,95.63642,0,[100.001,128.3627]]],[37,[45.55236,85.99235,0,[101.001,124.0842]]],[43,[49.33722,92.38762,0,[100.001,125.7013]]],[56,[49.93657,95.17188,0,[100.001,127.2411]]],[101,[49.7315,94.79307,0,[100.001,129.8102]]],[45,[48.78308,90.60735,0,[100.001,125.1072]]],[143,[45.21557,81.20499,0,[99.001,131.2672]]],[31,[50.06646,92.33708,0,[100.001,126.1582]]],[35,[48.72149,88.21258,0,[101.001,124.2678]]],[116,[50.46477,95.8403,0,[100.001,127.873]]],[133,[50.24256,93.82565,0,[100.001,128.9275]]],[137,[46.59415,87.27988,0,[99.001,131.4113]]],[70,[50.73306,95.54897,0,[100.001,126.7829]]],[147,[51.10453,95.84508,0,[100.001,127.8486]]],[38,[47.40342,86.63538,0,[101.001,124.1968]]],[44,[50.7481,92.52281,0,[100.001,125.6168]]],[162,[50.84651,93.04678,0,[100.001,129.2259]]],[160,[51.44052,95.83927,0,[100.001,128.7558]]],[115,[51.74717,96.99693,0,[100.001,127.3156]]],[131,[51.31731,97.00461,0,[100.001,126.578]]],[148,[49.81015,92.2572,0,[99.001,130.0358]]],[23,[50.08558,89.12669,0,[100.001,125.0404]]],[146,[52.0327,97.52202,0,[100.001,128.2685]]],[163,[51.99208,91.74674,0,[100.001,129.3737]]],[55,[51.35135,96.36858,0,[100.001,125.4635]]],[154,[51.04752,86.40478,0,[99.001,130]]],[130,[52.47532,98.23767,0,[100.001,127.553]]],[33,[46.43858,88.58019,0,[100.001,125.0048]]],[159,[52.56788,97.75386,0,[100.001,128.9553]]],[85,[52.10703,96.53632,0,[100.001,126.476]]],[34,[49.94698,89.94962,0,[101.001,124.608]]],[153,[51.85541,88.57436,0,[99.001,130.2032]]],[158,[53.11813,99.96877,0,[100.001,128.619]]],[145,[53.06982,100.3513,0,[100.001,127.3586]]],[36,[46.63234,86.40492,0,[101.001,123.9504]]],[170,[53.10294,97.34093,0,[100.001,129.8484]]],[30,[52.07323,94.27289,0,[100.001,125.3668]]],[42,[52.74484,95.04533,0,[100.001,126.2714]]],[40,[53.60373,97.98141,0,[100.001,127.8031]]],[178,[53.89048,101.523,0,[100.001,128.8523]]],[124,[43.56717,84.48074,0,[99.001,131.0578]]],[29,[53.97398,95.07322,0,[100.001,126.893]]],[139,[52.96579,89.43678,0,[99.001,131.069]]],[51,[48.04916,86.51749,0,[101.001,124.207]]],[41,[53.39861,96.8353,0,[100.001,126.2892]]],[21,[52.17397,93.02349,0,[101.001,124.5602]]],[27,[54.29038,98.59889,0,[100.001,127.9358]]],[173,[53.64964,95.76341,0,[100.001,129.8553]]],[18,[54.61643,95.13268,0,[100.001,126.716]]],[20,[52.79165,92.22775,0,[100.001,125.1352]]],[169,[54.82174,102.5605,0,[100.001,128.3021]]],[28,[55.09513,98.43736,0,[100.001,127.3304]]],[152,[50.96129,88.19118,0,[99.001,131.1157]]],[3,[54.16463,94.90258,0,[100.001,125.8392]]],[180,[54.61882,100.776,0,[100.001,129.3308]]],[177,[55.47775,100.2727,0,[100.001,128.5691]]],[17,[55.45591,96.96638,0,[100.001,126.4041]]],[39,[51.77891,87.1911,0,[101.001,123.7814]]],[168,[55.31221,91.87063,0,[100.001,129.6942]]],[22,[51.34735,92.11847,0,[101.001,124.4799]]],[7,[54.944,97.34832,0,[100.001,125.6248]]],[183,[55.81552,104.1538,0,[100.001,127.5739]]],[167,[56.05709,89.74,0,[100.001,129.6245]]],[19,[53.57519,93.66326,0,[100.001,125.1833]]],[1,[56.6207,97.70146,0,[100.001,127.6607]]],[181,[55.22151,99.20801,0,[99.001,130.6854]]],[157,[56.30943,98.5013,0,[100.001,128.6325]]],[172,[54.3018,98.13996,0,[99.001,130.4345]]],[14,[50.44983,89.47587,0,[101.001,123.9276]]],[16,[56.17356,98.57172,0,[100.001,126.4908]]],[156,[57.06035,89.81229,0,[100.001,129.3781]]],[2,[56.94779,99.59241,0,[100.001,126.6183]]],[13,[53.54192,92.86048,0,[101.001,124.1028]]],[165,[57.38212,94.60641,0,[100.001,128.1609]]],[174,[53.56426,91.89256,0,[99.001,131.336]]],[4,[56.41486,95.10069,0,[100.001,125.2433]]],[136,[49.02144,88.96417,0,[99.001,131.1421]]],[144,[56.60493,85.86613,0,[99.001,130.7588]]],[176,[57.72197,97.76981,0,[100.001,126.9469]]],[6,[57.25003,96.54179,0,[100.001,125.5248]]],[182,[55.96236,94.77645,0,[99.001,130.5613]]],[8,[54.91336,96.68313,0,[101.001,124.8544]]],[0,[55.7197,96.67694,0,[100.001,125.3247]]],[11,[56.43373,96.12724,0,[101.001,124.1557]]],[140,[58.23141,98.29339,0,[100.001,128.2553]]],[52,[58.12802,97.41766,0,[100.001,125.8379]]],[150,[54.66362,92.34859,0,[99.001,131.2713]]],[161,[50.44536,92.05629,0,[99.001,130.5693]]],[25,[49.48891,87.70543,0,[101.001,123.9465]]],[164,[58.76281,98.5853,0,[100.001,129.5751]]],[26,[58.27977,98.61646,0,[101.001,124.5392]]],[166,[58.93787,96.35905,0,[100.001,127.026]]],[134,[48.68866,90.77293,0,[99.001,130.2588]]],[175,[59.4733,100.222,0,[100.001,128.4259]]],[10,[52.74191,94.45258,0,[101.001,124.1141]]],[171,[52.31984,94.49896,0,[99.001,130.9259]]],[9,[54.2523,96.6534,0,[101.001,124.0886]]],[129,[58.79429,97.90608,0,[100.001,125.1078]]],[142,[49.67771,89.08103,0,[99.001,131.109]]],[184,[59.71088,100.9881,0,[100.001,126.3149]]],[5,[55.13481,94.60997,0,[101.001,123.8409]]],[179,[53.67467,97.87622,0,[99.001,130.2012]]],[15,[57.44398,94.91222,0,[101.001,124.316]]],[155,[51.52172,87.62112,0,[99.001,131.148]]],[12,[55.68282,95.63291,0,[101.001,124.4446]]]
2:[99,[68.67965,137.3531,0,[158.001,129.725]]],[84,[68.21616,136.4129,0,[157.001,127.4047]]],[114,[68.74799,137.4826,0,[158.001,131.9626]]],[98,[68.76449,137.5066,0,[157.001,128.6619]]],[113,[69.25748,138.5047,0,[158.001,130.8186]]],[97,[69.81415,139.6085,0,[158.001,129.8426]]],[128,[69.45468,138.7473,0,[158.001,132.8079]]],[83,[69.09392,137.9228,0,[157.001,127.1165]]],[112,[69.86515,139.6927,0,[158.001,131.7525]]],[82,[69.4721,138.7982,0,[157.001,128.2457]]],[111,[70.36076,140.6891,0,[158.001,130.8474]]],[96,[70.44316,140.7863,0,[158.001,129.2648]]],[69,[69.64545,137.4398,0,[157.001,126.583]]],[126,[70.57625,140.9462,0,[158.001,132.7879]]],[95,[70.9964,141.8558,0,[158.001,130.2036]]],[110,[71.00194,141.854,0,[158.001,131.7112]]],[80,[70.61437,140.9769,0,[157.001,128.7905]]],[81,[70.26448,140.083,0,[157.001,127.7059]]],[94,[71.60938,143.0441,0,[158.001,130.7394]]],[67,[70.42953,139.4883,0,[157.001,126.4115]]],[79,[71.68502,143.0482,0,[158.001,129.3952]]],[109,[71.90016,143.1964,0,[158.001,131.8516]]],[65,[71.20415,141.5896,0,[157.001,127.9232]]],[125,[71.65263,142.4648,0,[158.001,132.8793]]],[108,[72.34605,143.9215,0,[158.001,130.0183]]],[93,[71.84951,143.0601,0,[157.001,128.662]]],[141,[72.43874,142.2512,0,[158.001,131.331]]],[64,[71.75576,142.6002,0,[157.001,127.133]]],[127,[72.56506,140.2371,0,[158.001,132.8509]]],[107,[73.06234,145.0499,0,[158.001,130.6727]]],[92,[73.0897,145.5674,0,[158.001,129.2574]]],[123,[73.04586,144.3223,0,[158.001,132.0789]]],[66,[71.21618,140.7579,0,[157.001,126.4207]]],[77,[73.61771,145.2468,0,[158.001,129.8785]]],[50,[72.36975,142.517,0,[157.001,127.7263]]],[78,[72.9323,143.7886,0,[157.001,128.2253]]],[91,[73.67587,146.5421,0,[158.001,131.4646]]],[90,[74.16513,147.6365,0,[158.001,130.6452]]],[76,[73.61774,145.5008,0,[157.001,128.8529]]],[122,[73.69284,145.6672,0,[158.001,132.8916]]],[63,[72.92456,144.1172,0,[157.001,126.6704]]],[106,[74.28485,146.2491,0,[158.001,132.1597]]],[62,[73.49458,144.8215,0,[157.001,127.3631]]],[75,[74.59975,147.6797,0,[158.001,129.7207]]],[105,[74.7786,147.2755,0,[158.001,131.0903]]],[47,[74.18702,145.6268,0,[157.001,128.3705]]],[61,[74.7205,145.9214,0,[157.001,128.8734]]],[89,[75.26535,148.6191,0,[158.001,130.1939]]],[54,[74.11835,140.1367,0,[157.001,127.1868]]],[120,[75.04628,147.959,0,[158.001,132.2261]]],[104,[75.49435,148.4415,0,[158.001,131.4412]]],[138,[74.75158,145.4713,0,[158.001,133.195]]],[48,[74.73777,144.4695,0,[157.001,127.4757]]],[74,[75.83981,148.513,0,[158.001,129.4341]]],[88,[76.02773,150.0018,0,[158.001,130.6049]]],[46,[75.43024,146.6916,0,[157.001,128.1746]]],[121,[75.63739,147.4628,0,[158.001,132.9519]]],[119,[76.17122,149.2377,0,[158.001,131.8033]]],[68,[72.32766,139.7447,0,[157.001,126.2757]]],[73,[76.6063,149.7266,0,[158.001,130.046]]],[59,[75.99647,148.3949,0,[157.001,128.942]]],[24,[75.54243,143.7127,0,[157.001,126.999]]],[103,[76.82511,149.9783,0,[158.001,131.1632]]],[87,[77.21455,151.442,0,[158.001,130.0793]]],[118,[76.93481,150.7825,0,[158.001,132.2682]]],[135,[76.33698,148.4056,0,[158.001,132.9672]]],[58,[76.68458,149.4615,0,[157.001,128.7483]]],[32,[76.21041,147.8612,0,[157.001,127.8486]]],[117,[77.54057,151.4355,0,[158.001,131.6457]]],[102,[77.74907,150.9644,0,[158.001,130.6119]]],[72,[77.77609,151.0067,0,[158.001,129.3815]]],[49,[74.2419,143.6066,0,[157.001,126.0793]]],[57,[77.43672,150.3986,0,[157.001,128.2928]]],[149,[77.26714,148.9657,0,[158.001,133.1624]]],[53,[75.00471,141.8123,0,[157.001,126.245]]],[132,[78.29246,152.4083,0,[158.001,131.502]]],[86,[78.32351,152.8707,0,[158.001,130.243]]],[151,[77.94834,147.9529,0,[158.001,132.3863]]],[60,[76.95663,147.3401,0,[157.001,127.4558]]],[71,[78.48026,152.3397,0,[158.001,129.1684]]],[100,[78.84733,153.7269,0,[158.001,130.6205]]],[37,[75.9573,143.3025,0,[157.001,126.0075]]],[43,[78.15923,149.8767,0,[157.001,128.1048]]],[56,[79.10043,153.2806,0,[158.001,129.2684]]],[101,[78.89946,152.9812,0,[158.001,132.0827]]],[45,[77.6797,148.2522,0,[157.001,127.1927]]],[143,[77.9645,141.5306,0,[158.001,133.4948]]],[31,[78.79408,149.5002,0,[157.001,128.0069]]],[35,[78.3922,145.973,0,[157.001,127.0063]]],[116,[79.53633,153.9214,0,[158.001,130.1043]]],[133,[79.38287,151.9568,0,[158.001,131.2026]]],[137,[78.56561,147.6838,0,[158.001,133.0906]]],[70,[79.31397,152.6911,0,[157.001,128.8548]]],[147,[80.17809,153.9213,0,[158.001,129.8286]]],[38,[77.67088,144.0386,0,[157.001,126.0679]]],[44,[79.45599,149.896,0,[157.001,127.6155]]],[162,[80.13972,151.2652,0,[158.001,131.6293]]],[160,[80.49965,153.9153,0,[158.001,130.7726]]],[115,[80.83119,155.1259,0,[158.001,129.3423]]],[131,[79.99284,154.2427,0,[157.001,128.4654]]],[148,[79.65614,151.5876,0,[158.001,132.176]]],[23,[79.05834,146.4452,0,[157.001,126.6037]]],[146,[81.114,155.5943,0,[158.001,130.3033]]],[163,[81.09302,149.8832,0,[158.001,131.4161]]],[55,[80.51569,154.0762,0,[157.001,127.8984]]],[154,[80.77376,145.7008,0,[158.001,132.3152]]],[130,[81.56542,156.3655,0,[158.001,129.6213]]],[33,[76.36994,146.3008,0,[157.001,126.7799]]],[159,[81.7097,155.8545,0,[158.001,130.8591]]],[85,[81.06074,153.7773,0,[157.001,128.5027]]],[34,[79.97204,147.398,0,[157.001,127.1887]]],[153,[81.62589,147.8947,0,[158.001,132.0246]]],[158,[82.23614,158.0169,0,[158.001,130.4174]]],[145,[82.1954,158.5619,0,[158.001,129.0827]]],[36,[78.53249,145.4433,0,[157.001,125.9203]]],[170,[82.27968,155.5531,0,[158.001,131.7596]]],[30,[81.02358,151.6741,0,[157.001,127.2526]]],[42,[81.65314,152.3133,0,[157.001,127.8395]]],[40,[82.72591,156.0788,0,[158.001,129.4638]]],[178,[82.99844,159.6249,0,[158.001,130.4424]]],[124,[81.35191,149.879,0,[158.001,133.0469]]],[29,[82.7409,152.3183,0,[157.001,128.8147]]],[139,[82.86561,148.9122,0,[158.001,131.7522]]],[51,[76.87526,143.0876,0,[157.001,126.1265]]],[41,[82.26952,154.2691,0,[157.001,128.1185]]],[21,[81.52037,150.0521,0,[157.001,126.6896]]],[27,[83.53809,156.7417,0,[158.001,129.8118]]],[173,[83.37112,153.8754,0,[158.001,131.275]]],[18,[83.42513,152.3699,0,[157.001,128.4285]]],[20,[82.36056,149.8024,0,[157.001,126.9568]]],[169,[83.93669,160.7175,0,[158.001,130.8602]]],[28,[84.2187,156.6324,0,[158.001,129.6251]]],[152,[82.76726,148.6648,0,[158.001,132.9002]]],[3,[82.95155,152.3451,0,[157.001,127.6151]]],[180,[83.7308,158.948,0,[158.001,132.1313]]],[177,[84.59476,158.3671,0,[158.001,130.7588]]],[17,[84.20824,154.362,0,[157.001,128.7884]]],[39,[81.96578,145.0807,0,[157.001,125.9965]]],[168,[84.4812,150.0489,0,[158.001,131.9178]]],[22,[80.43237,149.0579,0,[157.001,126.3919]]],[7,[84.07212,154.892,0,[157.001,127.6046]]],[183,[84.99761,162.275,0,[158.001,129.8831]]],[167,[85.27489,148.0129,0,[158.001,131.2648]]],[19,[83.35393,151.4202,0,[157.001,126.8319]]],[1,[85.65128,155.7439,0,[158.001,129.3531]]],[181,[85.26109,158.7368,0,[158.001,132.4573]]],[157,[85.73487,156.5795,0,[158.001,130.5211]]],[172,[84.15908,157.5525,0,[158.001,132.9849]]],[14,[81.03156,147.5552,0,[157.001,125.9565]]],[16,[84.80071,155.6562,0,[157.001,128.3822]]],[156,[86.17276,147.8893,0,[158.001,131.4986]]],[2,[85.70572,156.8494,0,[157.001,128.8082]]],[13,[82.82914,149.8811,0,[157.001,126.1065]]],[165,[86.46655,152.7094,0,[158.001,130.233]]],[174,[84.7744,151.4305,0,[158.001,133.2156]]],[4,[85.44369,152.4238,0,[157.001,127.5906]]],[136,[85.97208,154.3422,0,[158.001,132.7169]]],[144,[86.91795,145.1942,0,[158.001,131.4135]]],[176,[87.01074,156.1128,0,[158.001,130.0063]]],[6,[86.29046,154.2,0,[157.001,128.8302]]],[182,[86.64606,154.2837,0,[158.001,132.6564]]],[8,[83.91264,153.5497,0,[157.001,126.3272]]],[0,[84.62563,154.0843,0,[157.001,127.2426]]],[11,[86.3096,153.4747,0,[157.001,127.6093]]],[140,[87.5213,156.482,0,[158.001,130.7042]]],[52,[87.51048,155.8987,0,[158.001,129.1717]]],[150,[87.42131,153.5728,0,[158.001,132.3728]]],[161,[80.41946,151.5807,0,[158.001,133.1637]]],[25,[79.7696,145.7259,0,[157.001,126.079]]],[164,[88.06216,156.7054,0,[158.001,131.2615]]],[26,[87.08327,155.3587,0,[157.001,127.7431]]],[166,[87.62614,153.578,0,[157.001,128.8573]]],[134,[79.50285,150.1861,0,[158.001,133.2315]]],[175,[88.55437,158.3224,0,[158.001,130.1419]]],[10,[84.46922,152.2844,0,[157.001,126.0623]]],[171,[88.13951,156.1439,0,[158.001,132.6522]]],[9,[85.94287,154.6096,0,[157.001,126.443]]],[129,[87.90488,155.2863,0,[157.001,127.4197]]],[142,[88.71215,155.9229,0,[158.001,131.7447]]],[184,[88.36521,158.2392,0,[157.001,128.682]]],[5,[86.62959,152.6507,0,[157.001,126.4263]]],[179,[83.43162,157.1337,0,[158.001,133.1725]]],[15,[87.38326,153.1855,0,[157.001,126.439]]],[155,[82.0324,147.2433,0,[158.001,133.0627]]],[12,[85.14545,152.626,0,[157.001,126.3591]]]
3:[99,[97.69423,195.3795,0,[216.001,131.118]]],[84,[97.27361,194.4827,0,[215.001,128.9468]]],[114,[97.76509,195.513,0,[216.001,133.4809]]],[98,[98.28992,196.5475,0,[216.001,130.1256]]],[113,[98.27309,196.5332,0,[216.001,132.295]]],[97,[98.8345,197.6445,0,[216.001,131.3213]]],[128,[99.01339,197.8302,0,[217.001,134.5212]]],[83,[98.26277,196.1418,0,[215.001,128.5648]]],[112,[98.89029,197.7332,0,[216.001,133.3335]]],[82,[99.07249,197.9583,0,[216.001,129.8165]]],[111,[99.38199,198.7266,0,[216.001,132.3962]]],[96,[99.50656,198.8844,0,[216.001,130.8635]]],[69,[99.09499,196.0818,0,[215.001,128.6473]]],[126,[100.1233,200.0147,0,[217.001,134.5698]]],[95,[100.0492,199.9428,0,[216.001,131.9211]]],[110,[100.0321,199.9068,0,[216.001,133.4075]]],[80,[100.2594,200.1969,0,[216.001,130.6382]]],[81,[100.1588,199.4125,0,[216.001,129.4498]]],[94,[100.6541,201.1142,0,[216.001,132.4059]]],[67,[99.9498,198.0535,0,[215.001,128.2928]]],[79,[100.7963,201.161,0,[216.001,130.9718]]],[109,[100.9578,201.2879,0,[216.001,133.6062]]],[65,[100.9781,200.809,0,[216.001,129.3315]]],[125,[101.3131,201.686,0,[217.001,134.7658]]],[108,[101.4054,201.9957,0,[216.001,131.6849]]],[93,[101.4773,202.2341,0,[216.001,130.3387]]],[141,[101.4692,200.3027,0,[216.001,133.0046]]],[64,[101.7115,202.3682,0,[216.001,129.0635]]],[127,[102.1982,199.4135,0,[217.001,134.6602]]],[107,[102.0851,203.0904,0,[216.001,132.1969]]],[92,[102.1305,203.6346,0,[216.001,130.6882]]],[123,[102.0924,202.3873,0,[216.001,133.6553]]],[66,[101.74,200.1585,0,[215.001,128.3398]]],[77,[102.6914,203.3776,0,[216.001,131.9814]]],[50,[102.6279,201.8286,0,[216.001,129.5187]]],[78,[102.8077,203.1748,0,[216.001,130.8309]]],[91,[102.7142,204.6051,0,[216.001,133.421]]],[90,[103.2035,205.7056,0,[216.001,132.5251]]],[76,[103.3334,204.5856,0,[216.001,130.2746]]],[122,[103.3052,204.7941,0,[217.001,134.8514]]],[63,[102.4709,202.4671,0,[215.001,128.2602]]],[106,[103.833,205.3248,0,[217.001,134.0598]]],[62,[103.4455,204.0616,0,[216.001,129.0868]]],[75,[103.6519,205.7491,0,[216.001,131.4153]]],[105,[103.8133,205.3357,0,[216.001,132.8827]]],[47,[104.0615,204.8075,0,[216.001,129.6198]]],[61,[104.308,205.0552,0,[216.001,130.6805]]],[89,[104.2984,206.6752,0,[216.001,131.9682]]],[54,[103.414,198.5616,0,[215.001,128.2324]]],[120,[104.623,207.0663,0,[217.001,134.0116]]],[104,[104.531,206.5006,0,[216.001,133.1964]]],[138,[104.4571,204.7167,0,[217.001,135.1077]]],[48,[104.6213,203.8419,0,[216.001,129.1879]]],[74,[104.9115,206.5973,0,[216.001,131.1114]]],[88,[105.0702,208.0733,0,[216.001,132.3512]]],[46,[105.0769,205.9348,0,[216.001,129.8401]]],[121,[105.2489,206.6135,0,[217.001,134.7731]]],[119,[105.2446,207.3576,0,[216.001,133.6634]]],[68,[104.3745,199.4444,0,[215.001,128.1638]]],[73,[105.6631,207.8228,0,[216.001,131.3924]]],[59,[105.6939,207.5822,0,[216.001,130.0346]]],[24,[105.1802,202.5774,0,[215.001,128.6488]]],[103,[105.8649,208.0423,0,[216.001,132.7678]]],[87,[106.3138,209.6147,0,[216.001,131.9176]]],[118,[106.0244,208.9048,0,[216.001,133.9676]]],[135,[106.0872,207.6917,0,[217.001,134.8506]]],[58,[106.391,208.7762,0,[216.001,130.6959]]],[32,[106.4828,207.227,0,[216.001,129.5512]]],[117,[106.5987,209.527,0,[216.001,133.6177]]],[102,[106.815,209.0439,0,[216.001,132.5344]]],[72,[106.9753,209.2053,0,[216.001,131.312]]],[49,[105.937,204.4997,0,[215.001,128.1574]]],[57,[107.1983,209.7955,0,[216.001,130.2502]]],[149,[106.9787,208.2577,0,[217.001,135.0056]]],[53,[106.4226,200.8199,0,[215.001,128.764]]],[132,[107.3417,210.4749,0,[216.001,133.3463]]],[86,[107.4982,210.9792,0,[216.001,132.0037]]],[151,[107.6311,207.1517,0,[217.001,134.4616]]],[60,[107.5006,206.9166,0,[216.001,129.3104]]],[71,[107.8019,210.5266,0,[216.001,130.9241]]],[100,[107.9172,211.8335,0,[216.001,132.926]]],[37,[107.0237,203.3723,0,[215.001,128.0182]]],[43,[108.0876,209.2749,0,[216.001,129.9612]]],[56,[108.2217,211.481,0,[216.001,131.874]]],[101,[108.4908,212.1047,0,[217.001,134.1304]]],[45,[107.5541,206.7781,0,[215.001,128.5646]]],[143,[108.0954,201.1876,0,[217.001,135.2076]]],[31,[108.587,208.9695,0,[216.001,130.9379]]],[35,[108.5844,205.923,0,[216.001,129.4602]]],[116,[108.7227,212.0536,0,[216.001,132.5609]]],[133,[108.5297,210.1019,0,[216.001,133.7554]]],[137,[108.8303,206.9496,0,[217.001,135.1754]]],[70,[109.1369,211.7646,0,[216.001,130.3962]]],[147,[109.2406,211.9978,0,[216.001,131.6619]]],[38,[108.2113,203.342,0,[215.001,128.1411]]],[44,[109.1695,209.2141,0,[216.001,129.1456]]],[162,[109.206,209.3641,0,[216.001,133.8183]]],[160,[109.5428,211.9871,0,[216.001,132.7849]]],[115,[109.893,213.2139,0,[216.001,131.0649]]],[131,[109.7993,213.3631,0,[216.001,129.5884]]],[148,[109.5111,210.8305,0,[217.001,134.9406]]],[23,[109.0388,205.1503,0,[215.001,128.1912]]],[146,[110.1579,213.6693,0,[216.001,132.3289]]],[163,[110.1474,207.9807,0,[216.001,133.6787]]],[55,[110.4045,213.5624,0,[216.001,130.1415]]],[154,[110.4028,204.8814,0,[217.001,134.8043]]],[130,[110.6603,214.5207,0,[216.001,131.6753]]],[33,[109.9092,207.1305,0,[215.001,128.6617]]],[159,[110.7703,213.9575,0,[216.001,133.1011]]],[85,[110.9409,213.1435,0,[216.001,130.6859]]],[34,[110.9683,207.4662,0,[216.001,129.4557]]],[153,[111.2737,207.1125,0,[217.001,134.5402]]],[158,[111.2859,216.0822,0,[216.001,132.182]]],[145,[111.5242,216.8073,0,[216.001,130.9581]]],[36,[110.4807,205.002,0,[215.001,128.1261]]],[170,[111.3937,213.6469,0,[216.001,133.4822]]],[30,[111.5614,211.1222,0,[216.001,129.0088]]],[42,[111.8369,211.9129,0,[216.001,130.0133]]],[40,[111.9641,214.2435,0,[216.001,131.754]]],[178,[112.0714,217.75,0,[216.001,132.8853]]],[124,[111.9431,209.4752,0,[217.001,134.8409]]],[29,[112.4086,211.53,0,[216.001,130.9803]]],[139,[112.5015,208.0893,0,[217.001,134.1721]]],[51,[111.3349,204.2882,0,[215.001,127.9538]]],[41,[112.5049,213.5545,0,[216.001,129.849]]],[21,[111.7993,209.4181,0,[215.001,128.6774]]],[27,[112.6509,214.9046,0,[216.001,132.1908]]],[173,[112.5662,211.991,0,[216.001,133.6748]]],[18,[113.1288,211.6959,0,[216.001,130.9646]]],[20,[112.4805,208.5552,0,[215.001,128.9134]]],[169,[113.111,218.8435,0,[216.001,133.2243]]],[28,[113.3516,214.8419,0,[216.001,131.9914]]],[152,[112.9256,207.9616,0,[217.001,135.0476]]],[3,[113.4695,211.9104,0,[216.001,130.0882]]],[180,[113.6094,218.1227,0,[217.001,134.6803]]],[177,[113.788,216.5087,0,[216.001,132.8888]]],[17,[114.0202,213.6737,0,[216.001,131.1396]]],[39,[113.7203,206.0701,0,[216.001,129.0896]]],[168,[113.9658,208.7749,0,[216.5728,134]]],[22,[113.0331,209.1115,0,[215.001,128.0362]]],[7,[114.1525,214.4937,0,[216.001,130.0549]]],[183,[114.2331,220.4641,0,[216.001,132.1499]]],[167,[114.5595,206.1189,0,[216.001,133.0802]]],[19,[113.8728,210.3959,0,[215.001,128.949]]],[1,[114.7688,213.9165,0,[216.001,130.943]]],[181,[114.9842,217.9531,0,[217.001,134.1552]]],[157,[114.9238,214.6698,0,[216.001,132.0509]]],[172,[114.503,216.9007,0,[217.001,135.0228]]],[14,[113.6305,208.7008,0,[215.001,127.9431]]],[16,[114.8514,214.983,0,[216.001,129.7319]]],[156,[115.2544,205.9664,0,[216.001,133.2271]]],[2,[115.4349,216.2447,0,[216.001,130.6622]]],[13,[114.5321,210.0003,0,[215.001,128.4886]]],[165,[115.5053,210.7655,0,[216.001,131.9322]]],[174,[115.3661,210.9529,0,[217.001,135.0703]]],[4,[115.6375,211.9213,0,[216.001,129.3617]]],[136,[115.8616,213.6673,0,[217.001,134.437]]],[144,[115.98,203.2533,0,[216.001,132.7597]]],[176,[116.0734,214.1833,0,[216.001,131.4632]]],[6,[116.0255,213.3261,0,[216.001,130.3288]]],[182,[115.9399,212.4344,0,[216.001,133.9049]]],[8,[115.1486,212.5464,0,[215.001,128.0621]]],[0,[115.6664,212.9046,0,[215.001,128.5489]]],[11,[116.4905,212.9194,0,[216.001,129.7294]]],[140,[116.581,214.5248,0,[216.001,132.2147]]],[52,[116.7163,214.0426,0,[216.001,130.9247]]],[150,[116.6195,211.6778,0,[216.001,133.5658]]],[161,[116.5346,211.2106,0,[217.001,135.1255]]],[25,[116.2624,209.683,0,[215.001,128.728]]],[164,[117.1746,214.7763,0,[216.001,132.8873]]],[26,[117.307,214.7697,0,[216.001,129.9342]]],[166,[117.3627,212.9496,0,[216.001,131.2262]]],[134,[117.252,216.2083,0,[217.001,134.8094]]],[175,[117.693,216.4677,0,[216.001,132.2458]]],[10,[116.734,213.159,0,[215.001,128.0807]]],[171,[117.8804,215.3203,0,[217.001,134.2526]]],[9,[117.1781,213.5591,0,[215.001,128.959]]],[129,[118.1659,214.943,0,[216.001,130.0521]]],[142,[117.9644,214.0294,0,[216.001,133.3509]]],[184,[118.1768,217.5697,0,[216.001,131.4241]]],[5,[117.8026,212.393,0,[215.001,128.5807]]],[179,[118.677,219.7567,0,[217.001,134.6315]]],[15,[119.0245,214.6696,0,[216.001,130.7531]]],[155,[119.2077,215.6772,0,[216.001,132.3748]]],[12,[119.2814,215.8856,0,[216.001,129.2136]]]

Travel Distances:
[99,217.9888],[84,217.9325],[114,217.9809],[98,219.9637],[113,219.9837],[97,219.9737],[128,219.7965],[83,221.6052],[112,221.9487],[82,221.8098],[111,221.9594],[96,221.8686],[69,219.8842],[126,223.7605],[95,223.8421],[110,223.84],[80,223.6767],[81,223.0891],[94,223.7211],[67,222.1364],[79,223.5243],[109,225.3676],[65,224.8485],[125,225.0372],[108,225.1838],[93,225.2768],[141,223.3633],[64,224.9397],[127,223.0075],[107,226.9183],[92,227.3715],[123,226.1981],[66,224.6102],[77,225.993],[50,224.5605],[78,225.5575],[91,227.1706],[90,229.2853],[76,227.9103],[122,228.162],[63,227.4675],[106,227.6516],[62,227.1624],[75,228.4429],[105,227.7053],[47,228.6757],[61,228.4357],[89,230.0719],[54,223.5936],[120,229.8129],[104,229.4292],[138,227.7802],[48,226.5677],[74,228.7717],[88,231.9178],[46,229.7762],[121,229.9898],[119,230.8636],[68,224.569],[73,230.4935],[59,230.1886],[24,226.2059],[103,232.3031],[87,232.9838],[118,232.8481],[135,231.3645],[58,231.9912],[32,230.2568],[117,232.2932],[102,231.4017],[72,233.2454],[49,230.6058],[57,233.3946],[149,232.1147],[53,225.9383],[132,233.7792],[86,233.9799],[151,229.823],[60,229.9061],[71,232.9206],[100,235.9447],[37,229.2853],[43,233.0895],[56,235.0248],[101,235.0385],[45,231.6352],[143,224.5608],[31,231.7901],[35,228.7438],[116,234.5194],[133,232.8914],[137,230.7623],[70,235.4554],[147,235.481],[38,228.8184],[44,232.8367],[162,232.7873],[160,234.8518],[115,235.424],[131,235.7603],[148,235.1718],[23,230.8202],[146,237.3381],[163,231.6469],[55,236.7494],[154,227.7913],[130,237.1962],[33,231.3049],[159,236.4061],[85,237.2343],[34,231.5015],[153,230.4672],[158,239.4983],[145,239.7546],[36,229.9132],[170,236.8253],[30,233.9782],[42,234.2319],[40,238.3054],[178,241.6005],[124,233.3691],[29,234.707],[139,231.0605],[51,229.557],[41,236.5385],[21,233.799],[27,237.5823],[173,234.7597],[18,235.4352],[20,233.5822],[169,242.572],[28,238.1282],[152,231.6446],[3,234.9656],[180,240.5622],[177,238.9053],[17,237.6273],[39,230.6086],[168,232.6684],[22,235.0187],[7,238.1767],[183,243.9888],[167,228.9645],[19,234.5962],[1,236.3744],[181,239.9397],[157,236.8163],[172,239.4814],[14,235.2354],[16,239.244],[156,229.4213],[2,239.3701],[13,234.9045],[165,233.7508],[174,233.9197],[4,234.6397],[136,237.4735],[144,227.2463],[176,238.0267],[6,237.2604],[182,236.5085],[8,238.1805],[0,237.5467],[11,235.6729],[140,237.3376],[52,236.5932],[150,234.3755],[161,233.615],[25,235.1276],[164,238.4016],[26,238.1496],[166,236.2148],[134,239.1186],[175,239.0581],[10,237.6084],[171,237.3241],[9,237.1945],[129,238.5994],[142,237.7124],[184,241.0982],[5,236.6174],[179,242.1331],[15,238.6179],[155,239.2592],[12,239.3203]

Finish Times:
[99,110.6822],[84,110.8822],[114,110.9222],[98,111.2822],[113,111.2822],[97,111.8022],[128,111.8822],[83,112.0022],[112,112.0022],[82,112.1222],[111,112.4022],[96,112.5222],[69,112.8022],[126,113.0422],[95,113.0822],[110,113.2022],[80,113.2422],[81,113.2422],[94,113.7222],[67,113.8422],[79,113.8422],[109,114.1222],[65,114.1622],[125,114.2822],[108,114.4022],[93,114.5222],[141,114.5222],[64,114.9222],[127,115.0023],[107,115.0823],[92,115.1623],[123,115.2023],[66,115.6823],[77,115.6823],[50,115.7623],[78,115.8023],[91,115.8823],[90,116.2423],[76,116.3623],[122,116.3623],[63,116.4823],[106,116.6023],[62,116.6423],[75,116.6423],[105,116.8823],[47,117.2023],[61,117.3223],[89,117.3223],[54,117.4023],[120,117.4023],[104,117.6423],[138,117.6423],[48,117.8823],[74,117.8823],[88,118.1223],[46,118.1623],[121,118.2423],[119,118.4423],[68,118.4823],[73,118.6423],[59,118.7223],[24,118.9223],[103,118.9623],[87,119.3223],[118,119.3223],[135,119.3223],[58,119.4024],[32,119.6424],[117,119.8424],[102,119.8824],[72,119.9624],[49,120.0824],[57,120.2424],[149,120.2424],[53,120.2824],[132,120.4824],[86,120.5224],[151,120.6024],[60,120.6824],[71,120.8024],[100,121.0424],[37,121.1624],[43,121.1624],[56,121.2424],[101,121.3624],[45,121.4024],[143,121.5624],[31,121.6024],[35,121.7224],[116,121.8024],[133,121.8024],[137,122.0824],[70,122.2024],[147,122.2424],[38,122.2824],[44,122.4424],[162,122.5624],[160,122.6424],[115,122.8824],[131,122.9224],[148,122.9624],[23,123.1224],[146,123.2024],[163,123.3624],[55,123.4824],[154,123.5624],[130,123.6424],[33,123.7225],[159,123.8825],[85,123.9625],[34,124.1625],[153,124.2025],[158,124.3225],[145,124.5225],[36,124.5625],[170,124.6025],[30,124.8425],[42,124.9225],[40,124.9625],[178,125.2025],[124,125.2825],[29,125.4025],[139,125.4025],[51,125.5225],[41,125.5625],[21,125.6025],[27,125.6825],[173,125.8825],[18,126.1225],[20,126.2425],[169,126.2425],[28,126.3625],[152,126.3625],[3,126.5625],[180,126.7625],[177,126.8825],[17,127.0025],[39,127.0025],[168,127.0025],[22,127.1625],[7,127.2425],[183,127.2425],[167,127.6825],[19,127.7225],[1,127.7625],[181,127.8425],[157,127.9225],[172,127.9225],[14,127.9625],[16,128.0025],[156,128.4025],[2,128.4825],[13,128.4825],[165,128.5225],[174,128.7224],[4,128.8824],[136,129.0024],[144,129.0424],[176,129.0824],[6,129.1224],[182,129.1224],[8,129.4423],[0,129.5623],[11,129.6423],[140,129.6823],[52,129.7223],[150,129.9222],[161,129.9222],[25,129.9622],[164,130.2822],[26,130.3622],[166,130.3622],[134,130.6021],[175,130.7221],[10,130.7621],[171,130.7621],[9,130.8821],[129,131.202],[142,131.242],[184,131.242],[5,131.6019],[179,131.6019],[15,132.0019],[155,132.2418],[12,132.3218]

Stuck Times:
[99,0],[84,0],[114,0],[98,0],[113,0],[97,0],[128,0],[83,0],[112,0],[82,0],[111,0],[96,0],[69,1],[126,0],[95,0],[110,0],[80,0],[81,0],[94,0],[67,0],[79,0],[109,0],[65,0],[125,0],[108,0],[93,0],[141,1],[64,0],[127,3],[107,0],[92,0],[123,0],[66,0],[77,0],[50,0],[78,0],[91,0],[90,0],[76,0],[122,1],[63,0],[106,0],[62,0],[75,0],[105,0],[47,1],[61,1],[89,0],[54,1],[120,0],[104,0],[138,0],[48,2],[74,0],[88,0],[46,2],[121,0],[119,1],[68,4],[73,0],[59,1],[24,3],[103,1],[87,0],[118,1],[135,1],[58,0],[32,0],[117,1],[102,1],[72,1],[49,3],[57,1],[149,2],[53,4],[132,1],[86,0],[151,2],[60,3],[71,2],[100,0],[37,2],[43,2],[56,1],[101,1],[45,4],[143,8],[31,3],[35,4],[116,1],[133,3],[137,3],[70,1],[147,2],[38,5],[44,4],[162,5],[160,3],[115,1],[131,1],[148,4],[23,5],[146,1],[163,6],[55,2],[154,8],[130,2],[33,4],[159,3],[85,3],[34,4],[153,8],[158,2],[145,1],[36,5],[170,4],[30,6],[42,4],[40,6],[178,2],[124,5],[29,7],[139,11],[51,7],[41,4],[21,5],[27,4],[173,4],[18,8],[20,8],[169,2],[28,7],[152,10],[3,6],[180,3],[177,3],[17,6],[39,9],[168,11],[22,6],[7,6],[183,0],[167,12],[19,10],[1,8],[181,3],[157,5],[172,4],[14,5],[16,8],[156,13],[2,7],[13,7],[165,11],[174,8],[4,9],[136,8],[144,13],[176,10],[6,8],[182,9],[8,5],[0,11],[11,9],[140,8],[52,7],[150,11],[161,10],[25,10],[164,10],[26,9],[166,10],[134,7],[175,10],[10,9],[171,8],[9,8],[129,10],[142,13],[184,9],[5,11],[179,7],[15,12],[155,12],[12,12]

