Experiment Name: Custom-ConstantGateSize
Method Used: RegionalFlowGraph
Run Number: 8
Preparation Time: 138.7378ms
Pathfinding Time: 0.3867ms
Finish Time: 130.5621ms
Finish Time 90%: 127.7625ms
Repaths: 0
Soft Repaths: 0

Gates Data:
0:[114,[12.16436,24.31744,0,[45.001,128.105]]],[99,[11.6519,23.29716,0,[44.001,126.9718]]],[84,[11.66533,23.31736,0,[44.001,125.7745]]],[129,[12.18556,24.36205,0,[45.00099,129.3848]]],[113,[12.22777,24.43021,0,[44.001,127.8288]]],[98,[12.2216,24.40844,0,[44.00099,126.6958]]],[128,[12.74407,25.44185,0,[45.001,128.9679]]],[69,[11.71558,23.37519,0,[44.001,124.4781]]],[97,[12.80868,25.54038,0,[44.001,127.2965]]],[83,[12.23353,24.43486,0,[44.00099,125.5104]]],[112,[13.34644,26.57228,0,[45.001,128.4266]]],[143,[12.8313,25.49568,0,[45.001,130.3401]]],[82,[12.8322,25.57649,0,[44.001,126.1808]]],[68,[12.35442,24.4488,0,[44.00099,124.217]]],[67,[12.81326,25.57213,0,[44.001,125.0702]]],[111,[13.44802,26.72889,0,[44.09879,127.9999]]],[126,[13.91498,27.59921,0,[45.001,129.0957]]],[127,[13.35349,26.56964,0,[45.00099,129.6069]]],[96,[13.40053,26.58689,0,[44.001,126.9041]]],[81,[13.40298,26.60952,0,[44.001,125.7957]]],[110,[14.49092,28.72546,0,[45.001,128.5245]]],[95,[13.92932,27.66936,0,[44.00099,127.3431]]],[125,[14.54055,28.66616,0,[45.00099,129.6964]]],[52,[13.3844,25.77795,0,[44.001,124.6765]]],[144,[12.24136,24.46639,0,[45.001,130.7425]]],[109,[14.53234,28.79018,0,[44.001,127.8496]]],[80,[13.9572,27.6703,0,[44.00099,126.2227]]],[94,[14.50696,28.73699,0,[44.00099,126.7027]]],[124,[15.10743,29.77443,0,[45.00099,128.9863]]],[66,[13.93787,26.78636,0,[44.00099,125.0765]]],[79,[15.08318,28.8274,0,[44.001,126.9147]]],[140,[15.10478,28.74707,0,[45.001,130.2974]]],[93,[15.0993,29.85493,0,[44.001,127.9919]]],[65,[14.51549,27.79853,0,[44.00098,125.476]]],[64,[15.06464,28.88739,0,[44.001,125.8286]]],[108,[15.69088,30.91647,0,[45.001,129.0926]]],[63,[15.68292,30.15298,0,[44.001,126.9669]]],[78,[16.1697,31.1102,0,[45.001,128.0574]]],[54,[12.99583,24.00863,0,[44.001,123.8836]]],[51,[15.05014,26.90312,0,[44.001,124.7381]]],[139,[15.77541,29.79013,0,[45.001,130.173]]],[49,[15.66951,29.29414,0,[44.001,125.8602]]],[92,[16.23689,30.95932,0,[44.001,127.396]]],[107,[16.72812,32.01691,0,[45.001,128.4916]]],[123,[16.25471,30.92115,0,[45.00099,129.3123]]],[48,[16.22766,30.40643,0,[44.001,126.2865]]],[36,[15.65316,28.29201,0,[44.001,124.7551]]],[122,[17.2984,32.22079,0,[45.001,128.8571]]],[50,[14.48148,27.75966,0,[44.00098,124.2104]]],[77,[16.79148,31.00798,0,[44.00099,126.6003]]],[106,[16.79593,32.07162,0,[44.001,127.7491]]],[138,[16.83317,30.9305,0,[45.001,129.7035]]],[34,[16.19215,30.62017,0,[44.001,125.1504]]],[76,[17.35603,32.06553,0,[44.001,126.1636]]],[153,[16.34465,30.01777,0,[45.001,130.6958]]],[91,[17.34053,32.03208,0,[44.001,127.2854]]],[53,[13.90559,25.02558,0,[44.001,123.9001]]],[137,[17.66057,32.38181,0,[45.001,129.7464]]],[62,[16.75413,31.0771,0,[44.00098,125.4232]]],[75,[17.93134,33.11158,0,[44.00099,126.5745]]],[121,[17.84193,33.2879,0,[45.001,128.3708]]],[90,[17.87663,33.15392,0,[44.001,127.7321]]],[152,[17.04841,31.43835,0,[45.001,130.7615]]],[61,[17.93385,32.27634,0,[44.00099,125.4301]]],[35,[16.60112,29.72146,0,[44.00098,124.1989]]],[136,[18.32124,33.27898,0,[45.00099,128.9768]]],[47,[17.32764,31.0233,0,[44.001,125.0483]]],[150,[18.88184,33.884,0,[45.001,129.0783]]],[89,[18.52993,34.27554,0,[44.001,126.9246]]],[105,[18.45635,33.14417,0,[44.001,127.9997]]],[60,[18.57475,33.35804,0,[44.001,125.8404]]],[74,[19.11119,34.25341,0,[44.001,126.9068]]],[104,[19.03532,34.24209,0,[44.001,127.9784]]],[164,[18.81166,31.77176,0,[45.001,130.1746]]],[120,[19.44956,34.35569,0,[45.001,129.0904]]],[24,[17.8436,29.17362,0,[44.00099,124.1563]]],[155,[14.53929,27.80846,0,[45.001,131.1201]]],[73,[19.6717,35.46944,0,[44.001,127.1454]]],[46,[19.24548,32.84632,0,[44.001,125.8703]]],[119,[20.10933,35.53631,0,[45.001,128.2155]]],[135,[20.00696,34.31135,0,[45.001,129.3109]]],[149,[19.37631,34.92823,0,[45.001,130.1709]]],[33,[18.43343,31.85462,0,[44.001,124.7985]]],[45,[19.82957,33.88785,0,[44.00099,126.0181]]],[58,[20.26013,35.87646,0,[44.001,126.6951]]],[31,[19.69207,34.30075,0,[44.001,124.9663]]],[37,[15.98456,27.33393,0,[44.001,123.8101]]],[88,[20.18493,35.57521,0,[44.001,127.777]]],[134,[20.70248,35.47995,0,[45.001,128.9251]]],[44,[20.65449,34.89054,0,[44.001,125.8545]]],[151,[18.24997,32.89508,0,[45.00099,130.1024]]],[32,[20.26268,33.27986,0,[44.001,125.1188]]],[87,[20.77244,36.59755,0,[44.001,127.0826]]],[39,[17.17105,26.25483,0,[44.001,123.9866]]],[103,[21.37978,36.66737,0,[45.001,128.1885]]],[102,[21.32959,36.6711,0,[44.001,127.2207]]],[59,[21.18971,34.7262,0,[44.001,126.1515]]],[147,[21.83021,37.63809,0,[45.001,128.9001]]],[148,[19.91317,35.6729,0,[45.001,130.5695]]],[30,[21.07866,35.66665,0,[44.001,125.0419]]],[133,[20.54468,36.68913,0,[45.001,129.9758]]],[38,[15.22363,25.98957,0,[44.001,123.7179]]],[118,[21.20837,36.87492,0,[45.001,129.4839]]],[72,[21.90428,36.63572,0,[44.001,126.9098]]],[132,[22.20334,38.45267,0,[45.001,128.0714]]],[43,[21.75525,35.90023,0,[44.001,125.8586]]],[159,[22.46844,38.30975,0,[45.001,129.0941]]],[15,[20.30975,30.31556,0,[44.001,124.0124]]],[117,[22.26988,37.07937,0,[44.001,127.956]]],[161,[21.75613,35.93785,0,[45.001,129.9932]]],[71,[22.82743,37.7918,0,[44.001,127.9882]]],[57,[22.47066,37.07541,0,[44.001,126.8358]]],[160,[21.14404,36.39082,0,[45.001,130.8376]]],[131,[23.06963,38.99675,0,[45.001,129.0107]]],[21,[21.65086,33.50959,0,[44.001,124.7929]]],[42,[23.02998,37.50701,0,[44.001,126.9509]]],[56,[23.42274,38.37946,0,[44.001,127.7435]]],[101,[23.74475,38.91351,0,[45.001,128.8347]]],[12,[22.87952,33.92327,0,[44.001,125.8976]]],[22,[19.02103,31.67541,0,[44.001,124.8476]]],[162,[19.3206,33.57904,0,[45.001,131.2707]]],[170,[22.98708,38.18483,0,[45.001,130.128]]],[19,[23.50367,36.14483,0,[44.001,126.2856]]],[20,[23.60542,35.6738,0,[44.001,125.1584]]],[40,[23.92351,39.64642,0,[44.001,127.2086]]],[116,[24.39855,39.07932,0,[45.001,128.4761]]],[14,[20.9397,31.23858,0,[44.001,123.9726]]],[28,[24.0944,39.05773,0,[44.001,126.1546]]],[146,[23.62506,39.13566,0,[45.001,129.9015]]],[25,[18.51771,29.16045,0,[44.001,123.7113]]],[86,[24.59746,37.91936,0,[44.001,126.946]]],[100,[24.95522,40.09583,0,[45.001,128.0128]]],[29,[22.32097,36.42683,0,[44.00099,125.7008]]],[145,[24.93243,40.48488,0,[45.001,129.1684]]],[174,[22.37862,34.31475,0,[45.001,130.1655]]],[18,[24.2917,37.05764,0,[44.001,125.1036]]],[17,[24.77106,38.32384,0,[44.001,125.8785]]],[115,[25.00843,40.49894,0,[44.001,127.6545]]],[169,[24.2424,40.06816,0,[45.001,129.5305]]],[158,[25.60823,40.60227,0,[45.001,128.7613]]],[171,[25.33467,37.97514,0,[45.001,130.05]]],[23,[19.67515,31.09264,0,[44.00099,123.8683]]],[9,[23.5717,36.3176,0,[44.001,124.0455]]],[8,[24.88173,37.51805,0,[44.001,124.7806]]],[130,[25.66097,40.9774,0,[44.00099,127.4827]]],[172,[23.43617,36.73162,0,[45.001,130.9894]]],[70,[25.28159,39.59554,0,[44.00099,126.5894]]],[173,[25.97528,39.28073,0,[45.001,129.6292]]],[163,[20.45566,33.29881,0,[45.001,131.0908]]],[141,[14.02121,27.63375,0,[45.00099,130.2974]]],[179,[26.36613,41.79898,0,[45.00099,128.553]]],[10,[24.21364,36.24948,0,[44.001,124.0041]]],[16,[25.44208,39.467,0,[44.00098,125.4148]]],[41,[25.92651,39.28787,0,[44.00099,126.2896]]],[180,[24.62381,37.83644,0,[45.001,130.4395]]],[168,[26.63992,36.85959,0,[45.00098,129.7826]]],[55,[26.33336,40.28022,0,[44.001,127.1605]]],[175,[22.68702,31.86082,0,[45.001,131.2602]]],[4,[22.94673,34.17416,0,[44.001,123.7268]]],[181,[27.03182,41.25969,0,[45.00099,128.1255]]],[26,[19.08171,28.17081,0,[44.001,123.7667]]],[27,[26.67861,40.33296,0,[44.00098,125.9993]]],[178,[27.04416,42.05553,0,[44.001,127.0327]]],[183,[24.05808,34.987,0,[45.001,130.8288]]],[7,[26.17781,39.32449,0,[44.001,125.2524]]],[13,[22.32656,32.67324,0,[44.00099,124.5338]]],[142,[13.51618,26.63396,0,[45.001,130.8625]]],[167,[27.38485,35.17183,0,[45.00098,129.175]]],[0,[27.44325,41.04636,0,[44.001,125.8524]]],[182,[27.97345,40.19409,0,[45.001,128.0224]]],[156,[26.03264,30.49853,0,[45.001,130.8686]]],[2,[27.00093,40.42426,0,[44.001,124.6481]]],[1,[25.70894,38.34087,0,[44.00098,124.2288]]],[176,[25.14927,33.07578,0,[45.001,131.2116]]],[177,[27.25936,36.44194,0,[45.00099,130.5007]]],[85,[27.98422,40.69048,0,[44.001,126.9489]]],[157,[18.63581,25.5408,0,[45.001,131.2365]]],[6,[21.86943,31.78078,0,[44.001,123.7505]]],[165,[17.72121,30.51855,0,[45.001,130.9114]]],[184,[28.69027,40.75768,0,[45.00098,128.6229]]],[5,[25.10002,34.98857,0,[44.00099,123.7878]]],[154,[15.59634,29.17052,0,[45.001,131.2018]]],[3,[26.43383,37.47092,0,[44.001,124.1321]]],[11,[22.9755,34.72942,0,[44.001,124.8201]]],[166,[21.92982,29.84426,0,[45.001,131.0593]]]
1:[114,[39.69749,79.37067,0,[100.001,129.439]]],[99,[39.73276,79.32608,0,[100.001,128.0296]]],[84,[39.68752,79.33807,0,[100.001,126.6393]]],[129,[39.25006,78.44938,0,[99.001,130.8443]]],[113,[40.29784,80.48817,0,[100.001,128.6823]]],[98,[40.29886,80.46321,0,[100.001,127.399]]],[128,[40.30564,80.52293,0,[100.001,129.9823]]],[69,[39.73539,79.39059,0,[100.001,125.1142]]],[97,[40.94448,81.56729,0,[100.001,128.2249]]],[83,[40.28677,80.48909,0,[100.001,126.0627]]],[112,[40.89304,81.61601,0,[100.001,129.5648]]],[143,[40.1655,79.81576,0,[99.001,130.9067]]],[82,[40.88674,81.60127,0,[100.001,126.9101]]],[68,[40.9342,81.51905,0,[101.001,124.6089]]],[67,[40.87064,81.61391,0,[100.001,125.566]]],[111,[41.50097,82.67612,0,[100.001,128.7831]]],[126,[41.53036,82.63617,0,[99.95955,130.0001]]],[127,[40.75296,80.65943,0,[99.001,130.8813]]],[96,[41.46669,82.62547,0,[100.001,127.6099]]],[81,[41.46059,82.66256,0,[100.001,126.4166]]],[110,[42.07843,83.77209,0,[100.001,129.4065]]],[95,[42.14472,83.69453,0,[100.001,128.066]]],[125,[41.76069,82.76878,0,[99.001,130.6001]]],[52,[41.5726,81.90034,0,[100.001,125.2773]]],[144,[41.27141,78.88934,0,[99.001,131.3339]]],[109,[42.61125,84.86802,0,[100.001,128.809]]],[80,[42.04303,83.69449,0,[100.001,126.8846]]],[94,[42.65575,84.80352,0,[100.001,127.5282]]],[124,[42.82898,84.90768,0,[100.001,129.9853]]],[66,[42.14732,82.83315,0,[100.001,125.6341]]],[79,[43.32592,84.87975,0,[100.001,127.8395]]],[140,[42.49238,83.00918,0,[99.001,131.153]]],[93,[43.18341,85.89883,0,[100.001,128.8968]]],[65,[42.63206,83.87271,0,[100.001,126.2675]]],[64,[43.22683,84.94492,0,[100.001,126.7251]]],[108,[42.89281,84.97961,0,[99.001,130.0959]]],[63,[43.89211,86.20736,0,[100.001,128.0521]]],[78,[43.8226,86.17632,0,[100.001,129.273]]],[54,[41.73798,81.24364,0,[101.001,124.3168]]],[51,[43.20217,82.96923,0,[100.001,125.5628]]],[139,[43.15506,83.90669,0,[99.001,131.2429]]],[49,[43.78923,85.35129,0,[100.001,126.7503]]],[92,[44.45987,87.02026,0,[100.001,128.1932]]],[107,[44.47148,87.13953,0,[100.001,129.3184]]],[123,[43.56222,85.02496,0,[99.001,130.4644]]],[48,[44.35173,86.45238,0,[100.001,127.0548]]],[36,[43.7941,84.38622,0,[100.001,125.4634]]],[122,[45.09451,87.41971,0,[100.001,129.4356]]],[50,[43.24751,84.8679,0,[101.001,124.73]]],[77,[44.95188,87.04784,0,[100.001,127.2015]]],[106,[45.06103,88.15588,0,[100.001,128.3179]]],[138,[44.16422,85.19199,0,[99.001,130.3367]]],[34,[44.33471,86.66485,0,[100.001,125.8342]]],[76,[45.49128,88.13659,0,[100.001,126.8394]]],[153,[44.54708,84.42922,0,[99.001,131.1804]]],[91,[45.63568,88.1081,0,[100.001,128.0219]]],[53,[42.60378,82.28188,0,[101.001,124.3272]]],[137,[44.9672,86.74279,0,[99.001,130.2401]]],[62,[44.89128,87.11993,0,[100.001,126.0683]]],[75,[46.12047,89.17907,0,[100.001,127.0749]]],[121,[45.81044,88.43279,0,[100.001,129.2058]]],[90,[46.23247,89.32717,0,[100.001,128.2953]]],[152,[45.31563,86.24762,0,[99.001,131.1754]]],[61,[46.04473,88.33559,0,[100.001,125.8878]]],[35,[45.37766,86.79719,0,[101.001,124.8357]]],[136,[45.71608,87.5194,0,[99.001,130.3663]]],[47,[45.46459,87.12028,0,[100.001,125.5643]]],[150,[46.57638,89.06549,0,[100.001,129.4538]]],[89,[46.72462,90.32724,0,[100.001,127.4657]]],[105,[46.86339,89.19838,0,[100.001,128.5562]]],[60,[46.69809,89.41609,0,[100.001,126.352]]],[74,[47.31611,90.2853,0,[100.001,127.3716]]],[104,[47.42601,90.29609,0,[100.001,128.5428]]],[164,[46.43203,86.37502,0,[99.001,130.2845]]],[120,[47.41792,89.50517,0,[100.001,129.7063]]],[24,[46.57076,86.25904,0,[101.001,124.559]]],[155,[46.24082,84.29691,0,[99.001,131.3351]]],[73,[47.86226,91.55356,0,[100.001,127.8263]]],[46,[47.36445,88.8793,0,[100.001,126.2643]]],[119,[47.97597,90.68549,0,[100.001,129.0367]]],[135,[47.45254,88.47713,0,[99.001,130.1471]]],[149,[46.93921,89.06758,0,[99.001,131.1397]]],[33,[46.65937,87.98401,0,[100.001,125.2259]]],[45,[47.95127,89.94781,0,[100.001,126.6293]]],[58,[48.41547,91.94818,0,[100.001,127.5894]]],[31,[47.87954,90.40935,0,[100.001,125.3605]]],[37,[44.78983,84.55904,0,[101.001,124.4465]]],[88,[48.55879,91.68855,0,[100.001,128.7858]]],[134,[48.4873,90.533,0,[99.8819,130.0001]]],[44,[48.80463,90.97255,0,[100.001,126.8121]]],[151,[47.66698,88.11396,0,[99.001,131.2067]]],[32,[48.46413,89.37071,0,[100.001,125.846]]],[87,[49.047,92.68623,0,[100.001,128.0895]]],[39,[45.93959,83.48639,0,[101.001,124.2578]]],[103,[49.12721,91.77662,0,[100.001,129.4025]]],[102,[49.59336,92.77789,0,[100.001,127.887]]],[59,[49.36406,90.78458,0,[100.001,126.8213]]],[147,[49.7732,93.01089,0,[100.001,128.9623]]],[148,[48.77686,90.21461,0,[99.001,130.7718]]],[30,[49.1519,91.72237,0,[100.001,125.6049]]],[133,[48.24318,91.06946,0,[99.00099,131.1034]]],[38,[43.99823,83.14495,0,[101.001,124.3537]]],[118,[49.31005,91.35185,0,[99.23928,130.0001]]],[72,[50.09616,92.70795,0,[100.001,127.4245]]],[132,[50.34302,93.6854,0,[100.001,128.7202]]],[43,[49.86544,91.97592,0,[100.001,126.3432]]],[159,[50.36823,93.69954,0,[100.001,129.946]]],[15,[49.04019,87.42767,0,[101.001,124.5821]]],[117,[50.69965,93.2749,0,[100.001,127.7929]]],[161,[50.07739,90.36029,0,[99.001,131.044]]],[71,[51.05575,93.91243,0,[100.001,128.7208]]],[57,[50.66227,93.2128,0,[100.001,126.5948]]],[160,[49.41796,90.88964,0,[99.00099,131.2001]]],[131,[50.94442,94.17151,0,[100.001,129.807]]],[21,[49.91018,89.62285,0,[100.001,125.2322]]],[42,[51.28166,93.59347,0,[100.001,127.4739]]],[56,[51.77096,94.53769,0,[100.001,128.0779]]],[101,[51.63439,94.15444,0,[100.001,129.1501]]],[12,[51.25203,89.98101,0,[100.001,126.3217]]],[22,[47.251,87.70363,0,[100.001,125.1482]]],[162,[50.74685,89.5941,0,[99.001,131.2738]]],[170,[50.94908,92.68183,0,[99.001,130.2513]]],[19,[51.85807,92.25576,0,[100.001,126.8549]]],[20,[51.79853,91.76249,0,[100.001,125.6627]]],[40,[52.31555,95.77541,0,[100.001,127.6143]]],[116,[52.24688,94.3549,0,[100.001,128.788]]],[14,[49.82558,88.363,0,[101.001,124.4004]]],[28,[52.39748,95.14964,0,[100.001,126.3426]]],[146,[52.06617,94.59026,0,[100.001,129.9292]]],[25,[47.37291,86.47119,0,[101.001,124.1189]]],[86,[52.88255,94.0422,0,[100.001,127.0119]]],[100,[52.87181,95.29489,0,[100.001,128.2752]]],[29,[50.4915,92.51502,0,[100.001,125.495]]],[145,[52.76287,95.79411,0,[100.001,129.3535]]],[174,[51.44104,89.0706,0,[99.001,131.1069]]],[18,[52.76404,93.23528,0,[100.001,125.5124]]],[17,[53.28782,94.46355,0,[100.001,126.1594]]],[115,[53.40252,96.67493,0,[100.001,127.6247]]],[169,[52.08641,94.31863,0,[99.001,130.321]]],[158,[53.55189,95.87019,0,[100.001,128.7531]]],[171,[53.30568,93.41885,0,[100.001,129.7057]]],[23,[50.64322,88.86028,0,[101.001,124.1879]]],[9,[52.75551,93.49328,0,[101.001,124.8188]]],[8,[53.59966,93.74072,0,[100.001,125.2319]]],[130,[54.00373,97.11387,0,[100.001,127.8782]]],[172,[53.297,91.66944,0,[99.001,130.2103]]],[70,[53.76486,95.73191,0,[100.001,126.7733]]],[173,[54.12811,94.63423,0,[100.001,129.2557]]],[163,[52.56979,88.95343,0,[99.001,130.846]]],[141,[53.06723,82.15108,0,[99.001,131.3329]]],[179,[54.49619,97.02441,0,[100.001,128.4164]]],[10,[53.40644,93.65318,0,[101.001,124.3315]]],[16,[54.11437,95.63735,0,[100.001,125.7176]]],[41,[54.36689,95.36616,0,[100.001,126.805]]],[180,[54.01754,92.4476,0,[99.001,130.0988]]],[168,[54.96985,92.40749,0,[100.001,129.0314]]],[55,[54.81462,96.39028,0,[100.001,127.498]]],[175,[53.6832,87.25996,0,[99.001,131.2476]]],[4,[54.13567,92.17654,0,[101.001,124.1425]]],[181,[55.38816,96.59398,0,[100.001,128.2827]]],[26,[48.21082,85.25244,0,[101.001,124.2318]]],[27,[55.11097,96.42162,0,[100.001,126.559]]],[178,[55.68766,98.25151,0,[100.001,127.1921]]],[183,[55.32134,91.78082,0,[100.001,129.9338]]],[7,[54.74589,95.40519,0,[100.001,125.573]]],[13,[51.29005,89.76546,0,[101.001,124.3032]]],[142,[54.42451,84.97132,0,[99.001,130.9924]]],[167,[56.10262,90.58296,0,[100.001,128.3076]]],[0,[55.96013,97.22248,0,[100.001,126.0712]]],[182,[56.4262,95.65475,0,[100.001,127.0447]]],[156,[55.9893,86.83026,0,[100.001,129.5983]]],[2,[55.41362,96.54808,0,[100.001,125.4533]]],[1,[54.82207,95.71226,0,[101.001,124.4852]]],[176,[56.75876,90.83967,0,[100.001,129.5251]]],[177,[56.89194,93.0197,0,[100.001,128.2253]]],[85,[56.64349,96.86841,0,[100.001,125.6236]]],[157,[55.1725,84.2019,0,[99.001,130.915]]],[6,[52.23071,89.43926,0,[101.001,124.2493]]],[165,[55.93247,88.7738,0,[99.001,130.683]]],[184,[57.21633,96.03628,0,[100.001,126.8595]]],[5,[55.5597,92.91237,0,[101.001,124.3549]]],[154,[56.8924,90.39366,0,[99.001,130.2104]]],[3,[56.4924,94.93574,0,[101.001,124.6767]]],[11,[51.22263,90.78874,0,[100.001,125.1317]]],[166,[57.81433,90.83772,0,[100.001,128.036]]]
2:[114,[68.72572,137.3999,0,[158.001,130.4736]]],[99,[68.76241,137.3506,0,[158.001,129.0833]]],[84,[68.21373,136.3734,0,[157.001,127.87]]],[129,[68.7898,137.4919,0,[158.001,132.0379]]],[113,[69.37713,138.5292,0,[158.001,129.8488]]],[98,[68.88971,137.5057,0,[157.001,128.5408]]],[128,[69.35191,138.5797,0,[158.001,131.1404]]],[69,[68.31366,136.4604,0,[157.001,126.479]]],[97,[69.98454,139.5977,0,[158.001,129.2896]]],[83,[68.83906,137.5462,0,[157.001,127.2841]]],[112,[69.97791,139.6491,0,[158.001,130.7623]]],[143,[69.73877,138.9192,0,[158.001,132.2203]]],[82,[69.46829,138.6564,0,[157.001,128.0296]]],[68,[69.12601,137.6836,0,[157.001,126.1335]]],[67,[69.60115,138.7309,0,[157.001,126.7828]]],[111,[70.56805,140.7294,0,[158.001,130.2458]]],[126,[70.63203,140.7425,0,[158.001,131.5942]]],[127,[70.32922,139.7728,0,[158.001,132.7831]]],[96,[70.60191,140.7006,0,[158.001,129.0819]]],[81,[70.14034,139.7959,0,[157.001,127.9647]]],[110,[71.16258,141.8106,0,[158.001,130.6043]]],[95,[71.17933,141.7303,0,[158.001,129.2187]]],[125,[71.40544,141.8325,0,[158.001,131.896]]],[52,[70.26443,139.147,0,[157.001,126.8824]]],[144,[71.01862,138.0148,0,[158.001,132.8658]]],[109,[71.73743,142.9205,0,[158.001,129.9411]]],[80,[70.77545,140.7353,0,[157.001,127.9149]]],[94,[71.30206,141.8687,0,[157.001,128.7809]]],[124,[71.90057,142.9639,0,[158.001,131.1796]]],[66,[71.01949,139.9264,0,[157.001,126.7114]]],[79,[72.46679,142.9298,0,[158.001,129.0877]]],[140,[72.07633,142.0955,0,[158.001,132.6305]]],[93,[72.34269,143.9537,0,[158.001,130.2126]]],[65,[71.41294,140.984,0,[157.001,127.6216]]],[64,[72.00315,142.0065,0,[157.001,127.9195]]],[108,[72.51642,144.0536,0,[158.001,131.5632]]],[63,[73.05125,144.302,0,[158.001,129.3484]]],[78,[72.94988,144.2311,0,[158.001,130.4923]]],[54,[70.57005,137.7254,0,[157.001,125.9051]]],[51,[71.99125,140.0721,0,[157.001,126.735]]],[139,[72.84446,143.0444,0,[158.001,132.8638]]],[49,[72.57801,142.5278,0,[157.001,128.2168]]],[92,[73.62103,145.0688,0,[158.001,129.5086]]],[107,[73.55735,145.1954,0,[158.001,130.7769]]],[123,[73.17157,144.084,0,[158.001,131.788]]],[48,[73.14344,143.5091,0,[157.001,128.3118]]],[36,[72.62706,141.7283,0,[157.001,127.0828]]],[122,[74.17741,145.515,0,[158.001,131.2433]]],[50,[71.56226,140.9962,0,[157.001,126.0555]]],[77,[73.66611,144.13,0,[157.001,128.7055]]],[106,[74.22248,146.2458,0,[158.001,130.0619]]],[138,[73.75697,144.2871,0,[158.001,132.3823]]],[34,[73.20146,143.7688,0,[157.001,127.1907]]],[76,[74.20999,145.253,0,[157.001,128.0712]]],[153,[74.3774,143.6246,0,[158.001,132.7413]]],[91,[74.76481,146.1789,0,[158.001,129.3819]]],[53,[72.55602,138.7983,0,[157.001,125.983]]],[137,[74.71677,145.8667,0,[158.001,131.7909]]],[62,[73.77715,144.215,0,[157.001,127.2446]]],[75,[74.8109,146.2983,0,[157.001,128.8745]]],[121,[74.89863,146.4986,0,[158.001,130.6645]]],[90,[75.36327,147.406,0,[158.001,130.0161]]],[152,[75.10646,145.4649,0,[158.001,132.9754]]],[61,[74.87001,145.5242,0,[157.001,127.7815]]],[35,[74.06931,142.9744,0,[157.001,126.0666]]],[136,[75.34705,146.6076,0,[158.001,131.936]]],[47,[74.48887,144.3951,0,[157.001,126.84]]],[150,[75.63271,147.1288,0,[158.001,131.0144]]],[89,[75.88148,148.3952,0,[158.001,129.0906]]],[105,[76.00494,147.2656,0,[158.001,130.1868]]],[60,[75.47021,146.4988,0,[157.001,127.9834]]],[74,[75.99575,147.4007,0,[157.001,128.9512]]],[104,[76.58532,148.3819,0,[158.001,130.0514]]],[164,[76.02501,145.4636,0,[158.001,131.9009]]],[120,[76.50098,147.5678,0,[158.001,131.2625]]],[24,[75.20076,142.6896,0,[157.001,126.9157]]],[155,[75.86742,143.436,0,[158.001,133.0925]]],[73,[77.06567,149.629,0,[158.001,129.1364]]],[46,[76.13024,146.0622,0,[157.001,127.8724]]],[119,[77.13519,148.7742,0,[158.001,130.4523]]],[135,[77.09643,147.6124,0,[158.001,131.6083]]],[149,[76.57696,148.1626,0,[158.001,132.8043]]],[33,[75.82951,145.1376,0,[157.001,126.9055]]],[45,[76.71647,147.0473,0,[157.001,128.0188]]],[58,[77.62691,150.0791,0,[158.001,129.1067]]],[31,[76.56661,147.6163,0,[157.001,126.9243]]],[37,[73.31689,140.9126,0,[157.001,126.0712]]],[88,[77.69528,149.7925,0,[158.001,130.2834]]],[134,[77.71809,148.7442,0,[158.001,131.6432]]],[44,[77.44196,148.1256,0,[157.001,128.189]]],[151,[77.33112,147.3339,0,[158.001,132.7864]]],[32,[77.21976,146.534,0,[157.001,127.1926]]],[87,[78.22225,150.7839,0,[158.001,129.5041]]],[39,[76.09973,140.1294,0,[157.001,125.9316]]],[103,[78.29778,149.8665,0,[158.001,130.7948]]],[102,[78.78011,150.84,0,[158.001,129.2528]]],[59,[77.9988,147.865,0,[157.001,128.2733]]],[147,[78.90685,151.0717,0,[158.001,130.3409]]],[148,[78.37439,149.32,0,[158.001,132.1098]]],[30,[78.01735,148.8627,0,[157.001,127.1577]]],[133,[77.97961,150.1918,0,[158.001,133.0379]]],[38,[75.17332,140.0032,0,[157.001,125.8232]]],[118,[78.9058,150.1869,0,[158.001,131.561]]],[72,[78.81481,149.7832,0,[157.001,128.8834]]],[132,[79.5303,151.7543,0,[158.001,130.1814]]],[43,[78.6079,149.0698,0,[157.001,127.7954]]],[159,[79.47655,151.7717,0,[158.001,131.412]]],[15,[77.50518,143.7704,0,[157.001,126.1625]]],[117,[79.90067,151.3688,0,[158.001,129.2538]]],[161,[79.6873,149.4347,0,[158.001,132.6361]]],[71,[80.30454,152.0092,0,[158.001,130.1426]]],[57,[79.36227,150.3353,0,[157.001,128.1453]]],[160,[79.0254,150.0042,0,[158.001,132.892]]],[131,[80.06387,152.2429,0,[158.001,131.252]]],[21,[79.13061,146.9817,0,[157.001,127.1378]]],[42,[79.96281,150.7341,0,[157.001,128.9695]]],[56,[80.94902,152.6322,0,[158.001,129.5908]]],[101,[80.78358,152.2512,0,[158.001,130.829]]],[12,[79.99377,147.2022,0,[157.001,127.8663]]],[22,[76.86168,144.9003,0,[157.001,125.9349]]],[162,[80.39863,148.7869,0,[158.001,132.9726]]],[170,[80.59583,151.7898,0,[158.001,131.9281]]],[19,[80.54182,149.3615,0,[157.001,128.3249]]],[20,[80.5181,148.963,0,[157.001,127.1227]]],[40,[81.04578,152.8516,0,[157.001,128.994]]],[116,[81.38784,152.4379,0,[158.001,130.3412]]],[14,[78.62447,144.8669,0,[157.001,126.4657]]],[28,[81.08609,152.2395,0,[157.001,127.4985]]],[146,[81.24138,152.6873,0,[158.001,131.6096]]],[25,[78.07695,143.3955,0,[157.001,125.9959]]],[86,[81.50511,151.1268,0,[157.001,128.3545]]],[100,[82.00311,153.3756,0,[158.001,129.8184]]],[29,[79.78316,149.7387,0,[157.001,126.8709]]],[145,[81.85649,153.885,0,[158.001,131.0312]]],[174,[81.16385,148.2066,0,[158.001,132.8399]]],[18,[81.63728,150.4696,0,[157.001,126.9052]]],[17,[82.01898,151.6858,0,[157.001,127.6711]]],[115,[82.0311,153.7594,0,[157.001,128.926]]],[169,[81.80029,153.4597,0,[158.001,132.3428]]],[158,[82.63343,153.9531,0,[158.001,130.2106]]],[171,[82.40395,151.53,0,[158.001,131.4178]]],[23,[79.23379,145.2113,0,[157.001,126.0063]]],[9,[81.27231,149.6983,0,[157.001,126.0979]]],[8,[82.52151,151.2299,0,[157.001,126.8065]]],[130,[83.1086,155.2022,0,[158.001,129.0928]]],[172,[83.0149,150.7586,0,[158.001,131.3279]]],[70,[82.63145,152.8387,0,[157.001,127.9594]]],[173,[83.33665,152.7068,0,[158.001,130.3554]]],[163,[82.32909,148.3239,0,[158.001,132.8169]]],[141,[82.88139,141.2772,0,[158.001,132.518]]],[179,[83.69034,155.1068,0,[158.001,129.3772]]],[10,[82.1257,150.2337,0,[157.001,126.0306]]],[16,[83.14896,152.8373,0,[157.001,127.1729]]],[41,[83.28731,152.5097,0,[157.001,128.2549]]],[180,[83.69188,151.5519,0,[158.001,131.556]]],[168,[84.061,150.4827,0,[158.001,130.4793]]],[55,[84.30936,154.5015,0,[158.001,129.3339]]],[175,[83.49034,146.4512,0,[158.001,132.7985]]],[4,[83.19714,149.0788,0,[157.001,126.0606]]],[181,[84.72276,154.7258,0,[158.001,130.2994]]],[26,[79.99032,142.2444,0,[157.001,125.8351]]],[27,[83.93987,153.5432,0,[157.001,128.1719]]],[178,[84.93261,156.3662,0,[158.001,129.1002]]],[183,[84.49673,149.8797,0,[158.001,131.5049]]],[7,[83.81979,152.5483,0,[157.001,127.0944]]],[13,[83.85496,146.9599,0,[157.001,125.979]]],[142,[84.20126,144.1122,0,[158.001,132.5841]]],[167,[85.43006,148.6993,0,[158.001,130.0396]]],[0,[84.70564,154.4067,0,[157.001,128.0435]]],[182,[85.18845,152.8198,0,[157.001,128.8331]]],[156,[85.17747,144.923,0,[158.001,131.2654]]],[2,[85.14227,153.7731,0,[157.001,127.0841]]],[1,[84.42294,152.4075,0,[157.001,127.1008]]],[176,[85.93068,148.9877,0,[158.001,131.098]]],[177,[86.25312,151.1419,0,[158.001,129.6815]]],[85,[85.63422,154.2017,0,[157.001,127.9116]]],[157,[84.94452,143.3482,0,[158.001,132.5891]]],[6,[84.67622,147.2973,0,[157.001,126.0377]]],[165,[85.66613,147.9005,0,[158.001,132.3985]]],[184,[86.18486,153.2302,0,[157.001,128.5889]]],[5,[85.71062,149.7567,0,[157.001,126.3723]]],[154,[86.66026,149.6596,0,[158.001,130.9797]]],[3,[86.33728,151.6522,0,[157.001,127.1554]]],[11,[80.67366,148.0796,0,[157.001,126.0223]]],[166,[87.25533,149.0731,0,[158.0009,129.7801]]]
3:[114,[97.80798,195.4802,0,[216.001,132.4666]]],[99,[97.81183,195.4238,0,[216.001,131.0798]]],[84,[97.76778,195.4448,0,[216.001,129.6876]]],[129,[97.96702,195.8013,0,[216.2401,134]]],[113,[98.44933,196.6118,0,[216.001,131.9007]]],[98,[98.46086,196.5906,0,[216.001,130.567]]],[128,[98.40305,196.6601,0,[216.001,133.1691]]],[69,[97.43518,194.5628,0,[215.001,128.3563]]],[97,[99.04659,197.6793,0,[216.001,131.2562]]],[83,[98.50674,196.6489,0,[216.001,129.2552]]],[112,[99.09608,197.7337,0,[216.001,132.724]]],[143,[99.33789,198.0669,0,[217.001,134.1342]]],[82,[99.09085,197.7437,0,[216.001,129.8199]]],[68,[98.38317,195.914,0,[215.001,128.2202]]],[67,[99.03761,196.825,0,[215.001,128.4796]]],[111,[99.65667,198.8111,0,[216.001,131.9825]]],[126,[99.82198,198.8023,0,[216.001,133.2392]]],[127,[99.93082,198.8486,0,[217.001,134.2812]]],[96,[99.70139,198.7999,0,[216.001,130.8008]]],[81,[99.79882,198.9063,0,[216.001,129.4934]]],[110,[100.3818,199.8841,0,[216.001,132.3422]]],[95,[100.4094,199.7999,0,[216.001,130.9515]]],[125,[100.4787,199.9148,0,[216.001,133.7621]]],[52,[99.6086,197.2932,0,[215.001,128.2202]]],[144,[100.6434,197.1321,0,[217.001,134.8604]]],[109,[100.9144,201.0199,0,[216.001,131.7661]]],[80,[100.5252,199.8482,0,[216.001,129.5675]]],[94,[101.1183,200.9693,0,[216.001,130.4841]]],[124,[100.981,201.0424,0,[216.001,133.124]]],[66,[100.2804,198.1083,0,[215.001,128.3535]]],[79,[101.5537,201.0261,0,[216.001,131.2889]]],[140,[101.66,201.1868,0,[217.001,134.6537]]],[93,[101.4962,202.0395,0,[216.001,132.3924]]],[65,[101.2914,200.1304,0,[216.001,129.2591]]],[64,[101.7762,201.1342,0,[216.001,130.0786]]],[108,[101.6512,202.1414,0,[216.001,133.6839]]],[63,[102.1578,202.3842,0,[216.001,131.2078]]],[78,[102.089,202.3145,0,[216.001,132.3831]]],[54,[100.9645,196.5083,0,[215.001,128.0378]]],[51,[102.0524,199.3137,0,[216.001,129.0277]]],[139,[102.4967,202.1721,0,[217.001,134.8608]]],[49,[102.492,201.6365,0,[216.001,129.9498]]],[92,[102.8431,203.1384,0,[216.001,131.2581]]],[107,[102.8261,203.2557,0,[216.001,132.5034]]],[123,[102.3475,202.1608,0,[216.001,133.5944]]],[48,[103.1141,202.6365,0,[216.001,130.2098]]],[36,[102.2754,199.8354,0,[215.001,128.8475]]],[122,[103.282,203.6267,0,[216.001,133.4844]]],[50,[101.7798,199.6088,0,[215.001,127.9373]]],[77,[103.4523,203.2595,0,[216.001,131.1344]]],[106,[103.4221,204.3471,0,[216.001,132.31]]],[138,[103.3693,203.4213,0,[217.001,134.7411]]],[34,[103.5327,203.1191,0,[216.001,129.3376]]],[76,[103.885,204.3676,0,[216.001,130.2738]]],[153,[104.067,202.8015,0,[217.001,134.7404]]],[91,[103.9884,204.2655,0,[216.001,131.5385]]],[53,[102.9617,197.1263,0,[215.001,128.033]]],[137,[103.9123,204.0029,0,[216.001,133.7217]]],[62,[103.5723,202.3565,0,[215.001,128.9916]]],[75,[104.4544,205.4184,0,[216.001,130.6944]]],[121,[104.0993,204.6029,0,[216.001,132.6547]]],[90,[104.6409,205.5265,0,[216.001,131.7705]]],[152,[104.7941,204.6695,0,[217.001,134.945]]],[61,[104.7474,204.6831,0,[216.001,129.6198]]],[35,[103.8078,201.2428,0,[215.001,127.7709]]],[136,[104.5866,204.7416,0,[216.001,133.8355]]],[47,[104.2626,202.5899,0,[215.001,128.5209]]],[150,[104.9518,205.2313,0,[216.001,132.8124]]],[89,[105.0696,206.5341,0,[216.001,130.7023]]],[105,[105.2949,205.3861,0,[216.001,131.8956]]],[60,[105.4508,205.6671,0,[216.001,129.3485]]],[74,[105.7452,206.6024,0,[216.001,130.8695]]],[104,[105.9121,206.5326,0,[216.001,131.9138]]],[164,[105.3251,203.6102,0,[216.001,133.9004]]],[120,[105.7516,205.6728,0,[216.001,133.0118]]],[24,[104.9196,200.8785,0,[215.001,128.1893]]],[155,[105.53,202.6204,0,[217.001,135.1202]]],[73,[106.3556,207.7791,0,[216.001,131.0006]]],[46,[106.0034,205.4162,0,[216.001,129.8204]]],[119,[106.406,206.8912,0,[216.001,132.4225]]],[135,[106.301,205.7053,0,[216.001,133.6718]]],[149,[106.4376,207.3192,0,[217.001,135.0345]]],[33,[105.5579,203.6092,0,[215.001,128.8376]]],[45,[106.6989,206.2573,0,[216.001,129.9136]]],[58,[106.8782,208.2225,0,[216.001,131.5098]]],[31,[106.1464,205.9796,0,[215.001,128.7956]]],[37,[105.6061,200.0309,0,[215.001,127.7324]]],[88,[106.9563,207.9441,0,[216.001,132.6723]]],[134,[106.9366,206.8687,0,[216.001,133.7824]]],[44,[107.2663,207.2992,0,[216.001,130.4658]]],[151,[107.0693,206.4581,0,[217.001,134.8376]]],[32,[107.2769,205.7761,0,[216.001,129.1507]]],[87,[107.4904,208.9165,0,[216.001,131.7028]]],[39,[106.5656,199.0521,0,[215.001,127.8993]]],[103,[107.6061,208.0028,0,[216.001,132.9539]]],[102,[108.0425,208.9863,0,[216.001,131.3677]]],[59,[107.9492,207.033,0,[216.001,130.2603]]],[147,[108.1663,209.2099,0,[216.001,132.4658]]],[148,[108.2523,208.5045,0,[217.001,134.3396]]],[30,[107.8973,208.0768,0,[216.001,129.128]]],[133,[107.7122,209.4067,0,[217.001,135.1583]]],[38,[107.2335,199.4119,0,[215.001,128.0537]]],[118,[108.2187,208.3422,0,[216.001,133.7287]]],[72,[108.5764,208.9683,0,[216.001,130.7012]]],[132,[108.6982,209.8726,0,[216.001,131.9795]]],[43,[108.5264,208.3003,0,[216.001,129.4093]]],[159,[108.7531,209.8704,0,[216.001,133.0936]]],[15,[107.8656,202.3682,0,[215.001,128.2933]]],[117,[109.1463,209.4967,0,[216.001,131.1685]]],[161,[109.4522,208.52,0,[217.001,134.2929]]],[71,[109.4824,210.1252,0,[216.001,132.0951]]],[57,[109.1395,209.5135,0,[216.001,129.9802]]],[160,[108.7594,209.1802,0,[217.001,135.1349]]],[131,[109.3684,210.3442,0,[216.001,133.2435]]],[21,[108.6102,205.2031,0,[215.001,128.9551]]],[42,[109.7946,209.8842,0,[216.001,130.5115]]],[56,[110.0726,210.711,0,[216.001,131.5109]]],[101,[109.9755,210.3287,0,[216.001,132.7292]]],[12,[109.8161,206.4534,0,[216.001,129.3719]]],[22,[108.6054,204.2289,0,[215.001,127.8137]]],[162,[110.0368,207.9481,0,[217.001,134.9887]]],[170,[109.8668,209.8929,0,[216.001,133.9916]]],[19,[110.4376,208.5147,0,[216.001,130.3465]]],[20,[110.4006,208.2866,0,[216.001,129.225]]],[40,[110.7114,211.9653,0,[216.001,131.3014]]],[116,[110.5903,210.5155,0,[216.001,132.3931]]],[14,[109.1973,203.3214,0,[215.001,128.3654]]],[28,[110.9926,211.396,0,[216.001,129.7045]]],[146,[110.4653,210.7785,0,[216.001,133.6442]]],[25,[109.859,202.6575,0,[215.001,127.8718]]],[86,[111.2156,210.2759,0,[216.001,130.7338]]],[100,[111.2319,211.4889,0,[216.001,131.9794]]],[29,[110.3546,208.1008,0,[215.001,128.5997]]],[145,[111.0734,211.9825,0,[216.001,133.1518]]],[174,[110.9079,207.3611,0,[217.001,134.9744]]],[18,[111.5587,209.6257,0,[215.9792,128.9999]]],[17,[111.7422,210.8495,0,[216.001,130.0385]]],[115,[111.7782,212.8763,0,[216.001,131.1805]]],[169,[111.5454,212.5851,0,[217.001,134.6677]]],[158,[111.7698,212.0441,0,[216.001,132.5186]]],[171,[111.6227,209.6476,0,[216.001,133.8453]]],[23,[110.7888,203.8713,0,[215.001,127.82]]],[9,[111.4074,208.0118,0,[215.001,128.0999]]],[8,[112.2689,210.4503,0,[216.001,129.2239]]],[130,[112.3146,213.3313,0,[216.001,131.7864]]],[172,[112.2779,208.8496,0,[216.001,133.2288]]],[70,[112.4166,212.0051,0,[216.001,130.4001]]],[173,[112.7862,210.7995,0,[216.001,132.5528]]],[163,[112.2508,207.7342,0,[217.001,135.1441]]],[141,[112.8385,200.4035,0,[217.001,134.4266]]],[179,[112.9572,213.232,0,[216.001,131.2409]]],[10,[112.0136,208.531,0,[215.001,128.1212]]],[16,[112.9241,212.0178,0,[216.001,129.1004]]],[41,[113.1856,211.6577,0,[216.001,130.1549]]],[180,[113.0394,209.654,0,[216.001,133.6641]]],[168,[113.3851,208.5929,0,[216.001,132.4212]]],[55,[113.6518,212.6125,0,[216.001,131.2316]]],[175,[113.4478,205.6143,0,[217.001,134.9224]]],[4,[113.5967,208.8188,0,[216.001,129.0574]]],[181,[113.9913,212.8149,0,[216.001,132.3401]]],[26,[112.6748,202.1213,0,[215.001,127.9724]]],[27,[113.9219,212.7021,0,[216.001,130.1247]]],[178,[114.2864,214.4558,0,[216.001,131.3424]]],[183,[113.7714,207.9706,0,[216.001,133.4909]]],[7,[114.3157,211.9157,0,[216.001,129.1446]]],[13,[113.4649,205.3004,0,[215.001,128.0437]]],[142,[114.1572,203.25,0,[217.001,134.7156]]],[167,[114.6191,206.7934,0,[216.001,132.4448]]],[0,[114.7163,213.5618,0,[216.001,130.3041]]],[182,[114.9688,211.9413,0,[216.001,131.5297]]],[156,[114.579,203.0184,0,[216.001,133.5978]]],[2,[115.0117,212.9316,0,[216.001,129.2112]]],[1,[114.243,210.4624,0,[215.001,128.1545]]],[176,[115.308,207.0797,0,[216.001,132.9821]]],[177,[115.6065,209.2827,0,[216.001,131.9069]]],[85,[115.4071,213.3713,0,[216.001,130.5884]]],[157,[114.8661,202.4738,0,[217.001,134.8009]]],[6,[115.0778,205.8037,0,[215.001,128.2131]]],[165,[116.1465,207.0259,0,[217.001,134.2081]]],[184,[116.0657,212.4143,0,[216.001,131.0592]]],[5,[115.7094,209.1839,0,[216.001,129.4818]]],[154,[116.277,207.8353,0,[216.001,132.7997]]],[3,[116.7253,210.9347,0,[216.001,130.1407]]],[11,[115.8461,208.3532,0,[215.001,128.6297]]],[166,[116.8793,207.3795,0,[216.001,131.8821]]]

Travel Distances:
[114,217.8611],[99,217.5305],[84,219.4803],[129,219.8524],[113,219.6894],[98,219.6032],[128,219.8458],[69,218.8024],[97,221.5539],[83,220.7827],[112,221.519],[143,221.2847],[82,221.1662],[68,220.8479],[67,220.647],[111,220.9698],[126,223.1304],[127,222.678],[96,222.7807],[81,222.8018],[110,222.9369],[95,222.6247],[125,222.9093],[52,221.5821],[144,219.7426],[109,223.1441],[80,224.1635],[94,224.3795],[124,224.673],[66,222.9203],[79,223.847],[140,223.8183],[93,224.6726],[65,223.0257],[64,224.9841],[108,226.3874],[63,225.784],[78,225.6742],[54,221.9541],[51,222.9161],[139,225.1032],[49,224.4591],[92,225.3329],[107,227.4227],[123,226.5847],[48,226.3075],[36,224.6164],[122,226.8983],[50,225.0096],[77,226.0541],[106,226.9918],[138,226.3416],[34,225.8306],[76,228.4641],[153,226.5553],[91,227.9995],[53,222.5328],[137,227.7681],[62,226.671],[75,228.3829],[121,227.5208],[90,227.9875],[152,228.9787],[61,228.6277],[35,227.3744],[136,228.93],[47,227.7682],[150,228.9122],[89,229.891],[105,228.6667],[60,228.5001],[74,228.8573],[104,228.6613],[164,228.171],[120,229.8056],[24,226.8828],[155,226.672],[73,230.8855],[46,228.756],[119,229.8248],[135,228.6122],[149,229.8999],[33,228.1799],[45,230.4402],[58,232.1413],[31,231.3671],[37,226.6133],[88,231.5968],[134,230.3406],[44,230.1562],[151,229.5545],[32,228.8885],[87,231.6443],[39,223.8006],[103,230.5675],[102,232.644],[59,230.7579],[147,232.6903],[148,231.4895],[30,231.9487],[133,232.8717],[38,224.6363],[118,231.2051],[72,231.4988],[132,232.0713],[43,232.8607],[159,234.0093],[15,227.9988],[117,232.7043],[161,231.1634],[71,233.0848],[57,232.6912],[160,232.1146],[131,233.0452],[21,229.5321],[42,233.9626],[56,234.3713],[101,234.0324],[12,230.5702],[22,230.4863],[162,231.3196],[170,233.4762],[19,231.2852],[20,231.1539],[40,234.3778],[116,233.0841],[14,230.0993],[28,235.1498],[146,235.1198],[25,228.2506],[86,233.5533],[100,234.6469],[29,232.8658],[145,235.2813],[174,230.8429],[18,232.3261],[17,234.8322],[115,236.7966],[169,236.6033],[158,235.8836],[171,233.8449],[23,230.0684],[9,233.0598],[8,233.7349],[130,236.1586],[172,231.8352],[70,234.4778],[173,233.0393],[163,232.2537],[141,223.9381],[179,236.8675],[10,234.1471],[16,235.7963],[41,234.92],[180,233.0423],[168,231.6494],[55,235.0878],[175,227.7837],[4,233.3195],[181,236.7437],[26,228.0487],[27,236.2465],[178,237.7668],[183,231.5769],[7,234.9118],[13,229.9024],[142,225.9293],[167,229.421],[0,235.9261],[182,235.9207],[156,227.181],[2,236.465],[1,235.3132],[176,230.2133],[177,231.9861],[85,235.9762],[157,226.0275],[6,231.1788],[165,229.6603],[184,235.8802],[5,232.7431],[154,230.364],[3,233.1995],[11,233.5358],[166,230.3442]

Finish Times:
[114,110.8422],[99,110.9222],[84,111.1222],[129,111.1622],[113,111.4822],[98,111.5222],[128,111.5222],[69,111.7622],[97,112.0422],[83,112.1222],[112,112.1622],[143,112.2022],[82,112.3622],[68,112.6022],[67,112.8822],[111,112.9222],[126,112.9622],[127,112.9622],[96,113.0022],[81,113.1622],[110,113.5222],[95,113.6022],[125,113.7222],[52,113.7622],[144,113.7622],[109,113.9222],[80,114.0022],[94,114.3222],[124,114.3222],[66,114.5622],[79,114.6022],[140,114.6022],[93,114.7222],[65,114.7622],[64,115.1223],[108,115.1223],[63,115.2823],[78,115.4423],[54,115.4823],[51,115.5623],[139,115.6023],[49,115.7223],[92,115.8823],[107,115.9623],[123,116.1223],[48,116.2423],[36,116.4423],[122,116.5223],[50,116.5623],[77,116.6023],[106,116.7223],[138,116.7623],[34,116.8423],[76,117.0023],[153,117.0423],[91,117.1223],[53,117.2823],[137,117.3223],[62,117.5623],[75,117.5623],[121,117.6023],[90,117.7623],[152,117.9623],[61,118.1223],[35,118.2023],[136,118.2423],[47,118.2823],[150,118.2823],[89,118.3223],[105,118.3623],[60,118.8423],[74,118.9223],[104,118.9223],[164,118.9623],[120,119.0023],[24,119.1223],[155,119.1223],[73,119.4424],[46,119.4824],[119,119.5624],[135,119.7224],[149,119.7224],[33,119.7624],[45,119.9624],[58,120.0424],[31,120.1224],[37,120.2024],[88,120.2424],[134,120.5624],[44,120.6024],[151,120.6024],[32,120.6424],[87,120.6424],[39,120.7224],[103,120.8824],[102,121.1624],[59,121.2424],[147,121.2824],[148,121.4024],[30,121.4424],[133,121.5624],[38,121.6824],[118,121.7624],[72,121.8024],[132,121.8824],[43,121.9624],[159,122.0024],[15,122.3224],[117,122.4024],[161,122.4824],[71,122.5224],[57,122.6024],[160,122.7224],[131,122.7624],[21,122.8424],[42,123.0424],[56,123.1624],[101,123.2024],[12,123.2824],[22,123.3224],[162,123.3624],[170,123.4424],[19,123.6424],[20,123.7625],[40,123.8025],[116,123.8025],[14,124.1625],[28,124.2025],[146,124.2025],[25,124.2825],[86,124.3625],[100,124.4425],[29,124.4825],[145,124.5225],[174,124.5225],[18,124.8425],[17,125.0425],[115,125.0425],[169,125.0825],[158,125.1225],[171,125.2025],[23,125.2825],[9,125.4425],[8,125.5625],[130,125.6025],[172,125.6825],[70,125.8425],[173,125.9225],[163,125.9625],[141,126.0825],[179,126.2025],[10,126.3225],[16,126.4025],[41,126.4425],[180,126.4825],[168,126.5225],[55,126.7625],[175,126.8425],[4,127.0025],[181,127.0825],[26,127.2025],[27,127.2825],[178,127.3225],[183,127.4425],[7,127.7225],[13,127.7225],[142,127.7625],[167,127.7625],[0,127.8825],[182,128.0025],[156,128.2425],[2,128.3625],[1,128.5225],[176,128.5625],[177,128.6424],[85,128.7224],[157,129.0424],[6,129.1224],[165,129.2823],[184,129.2823],[5,129.3223],[154,129.7623],[3,129.8822],[11,130.0822],[166,130.5621]

Stuck Times:
[114,0],[99,0],[84,0],[129,0],[113,0],[98,0],[128,0],[69,0],[97,0],[83,0],[112,0],[143,0],[82,0],[68,0],[67,0],[111,0],[126,0],[127,0],[96,0],[81,0],[110,0],[95,0],[125,0],[52,0],[144,2],[109,0],[80,0],[94,0],[124,0],[66,0],[79,0],[140,0],[93,0],[65,0],[64,0],[108,0],[63,0],[78,0],[54,2],[51,2],[139,0],[49,0],[92,0],[107,0],[123,0],[48,0],[36,2],[122,0],[50,0],[77,1],[106,0],[138,1],[34,0],[76,0],[153,2],[91,0],[53,4],[137,0],[62,1],[75,1],[121,1],[90,1],[152,0],[61,1],[35,2],[136,0],[47,1],[150,1],[89,0],[105,2],[60,0],[74,1],[104,1],[164,3],[120,2],[24,3],[155,3],[73,0],[46,2],[119,1],[135,2],[149,1],[33,1],[45,3],[58,0],[31,2],[37,6],[88,2],[134,4],[44,3],[151,3],[32,3],[87,1],[39,6],[103,4],[102,3],[59,3],[147,3],[148,2],[30,3],[133,0],[38,7],[118,3],[72,3],[132,2],[43,4],[159,2],[15,7],[117,3],[161,4],[71,4],[57,3],[160,3],[131,2],[21,6],[42,4],[56,5],[101,3],[12,8],[22,4],[162,6],[170,4],[19,5],[20,7],[40,4],[116,5],[14,7],[28,6],[146,5],[25,8],[86,6],[100,3],[29,7],[145,6],[174,7],[18,6],[17,5],[115,4],[169,3],[158,6],[171,7],[23,8],[9,5],[8,6],[130,5],[172,7],[70,4],[173,6],[163,9],[141,12],[179,5],[10,6],[16,5],[41,5],[180,7],[168,8],[55,8],[175,12],[4,9],[181,5],[26,13],[27,8],[178,6],[183,11],[7,6],[13,10],[142,14],[167,9],[0,7],[182,7],[156,13],[2,8],[1,8],[176,13],[177,10],[85,8],[157,16],[6,14],[165,12],[184,7],[5,11],[154,11],[3,10],[11,13],[166,16]

