Experiment Name: Custom-SimpleTwoPaths4
Method Used: FlowGraph
Run Number: 6
Preparation Time: 15.5346ms
Pathfinding Time: 6.4625ms
Finish Time: 87.56162ms
Finish Time 90%: 84.60155ms
Repaths: 0
Soft Repaths: 0

Gates Data:
2:[61,[10.16555,20.27434,0,[87.99932,88.7734]]],[62,[10.58274,21.13777,0,[88.99932,87.79836]]],[75,[10.89903,21.22869,0,[87.99933,88.98714]]],[63,[11.21091,22.13246,0,[88.60543,87.99928]]],[74,[10.04762,19.17639,0,[87.99931,90.60851]]],[28,[11.55042,22.90825,0,[88.99931,86.54802]]],[76,[11.34295,21.70782,0,[87.99928,89.32548]]],[39,[11.89546,23.20207,0,[88.99928,87.34346]]],[77,[12.09754,23.30397,0,[88.12682,87.99929]]],[94,[11.93702,23.03168,0,[87.9993,89.34452]]],[19,[12.33151,23.51692,0,[88.99929,85.77844]]],[93,[10.94188,21.1018,0,[87.99928,90.96133]]],[50,[12.54786,24.06882,0,[88.9993,87.55303]]],[29,[12.85339,24.13872,0,[88.99929,86.07031]]],[78,[12.78377,23.79916,0,[87.9993,88.10862]]],[110,[12.64342,23.81758,0,[87.99928,89.44928]]],[79,[13.28629,24.55388,0,[88.33287,87.9993]]],[109,[11.65507,22.2856,0,[87.99929,90.82926]]],[51,[13.40406,25.06033,0,[88.99929,87.11412]]],[95,[13.43681,23.9028,0,[87.99929,88.88731]]],[40,[13.5136,24.99172,0,[88.9993,85.8571]]],[64,[13.81419,25.43852,0,[88.9993,87.50308]]],[96,[14.22098,25.36613,0,[88.15746,87.99929]]],[108,[12.90333,22.00817,0,[87.9993,90.59045]]],[122,[13.77028,24.56892,0,[87.9993,89.43073]]],[30,[14.24666,25.46011,0,[88.99929,85.80382]]],[92,[12.18558,20.3132,0,[87.99928,91.04916]]],[41,[14.76677,25.77266,0,[88.99931,86.04978]]],[52,[14.54062,25.63202,0,[88.99931,87.49793]]],[65,[14.82221,26.4571,0,[87.99929,88.06032]]],[111,[14.25662,24.31693,0,[87.99928,89.63437]]],[91,[13.28879,19.92407,0,[87.99929,91.12432]]],[97,[15.36697,26.08521,0,[88.08274,87.99929]]],[66,[15.16605,27.11196,0,[88.99929,87.36131]]],[123,[14.85183,24.86933,0,[87.99928,89.51635]]],[20,[15.44385,24.69345,0,[88.99928,85.87476]]],[112,[15.91554,26.5164,0,[88.09846,87.99929]]],[80,[15.75253,26.86079,0,[88.99929,87.34792]]],[42,[16.08563,26.76904,0,[88.9993,85.83843]]],[133,[15.42855,25.40702,0,[87.9993,89.48324]]],[107,[14.65053,21.42575,0,[87.9993,91.07727]]],[121,[13.96681,22.80921,0,[87.99931,91.10592]]],[113,[16.4732,27.34617,0,[88.09193,87.99929]]],[67,[16.33251,28.10483,0,[88.9993,87.33594]]],[134,[15.97368,26.20163,0,[87.99928,89.58638]]],[124,[16.78592,26.58949,0,[87.99931,88.672]]],[81,[16.75399,27.25574,0,[88.99929,87.76231]]],[53,[16.73843,27.72489,0,[88.9993,85.79196]]],[31,[17.23366,26.34048,0,[88.99928,86.1562]]],[120,[15.31285,22.20299,0,[87.99928,91.11032]]],[145,[17.46978,28.31685,0,[88.18071,87.99928]]],[144,[17.0323,26.81059,0,[87.99929,89.44936]]],[132,[16.11659,24.36399,0,[87.99931,90.68018]]],[125,[17.56756,27.62768,0,[88.9993,87.28751]]],[135,[18.0715,27.8806,0,[88.09766,87.99929]]],[83,[18.13686,29.18253,0,[88.99929,87.35667]]],[146,[17.64265,27.55687,0,[87.99928,89.46025]]],[21,[17.9155,26.24766,0,[88.99929,85.80643]]],[126,[18.71497,28.00148,0,[88.01839,87.9993]]],[32,[18.60176,28.08888,0,[88.99929,85.77968]]],[136,[18.24775,27.06762,0,[87.99929,89.53184]]],[98,[18.71339,28.46358,0,[88.99929,87.47106]]],[155,[17.27219,26.64012,0,[87.99931,91.03194]]],[131,[16.60202,23.74586,0,[87.99928,91.05785]]],[127,[19.296,29.028,0,[88.08493,87.9993]]],[137,[18.85775,28.0234,0,[87.99929,89.49041]]],[22,[19.1945,27.11509,0,[88.9993,85.90959]]],[43,[19.32867,27.70304,0,[88.9993,87.3025]]],[82,[19.88069,29.27972,0,[87.99929,88.06876]]],[44,[19.80367,28.29038,0,[88.99929,87.51109]]],[143,[17.93922,25.14243,0,[87.99931,91.06055]]],[99,[19.44772,28.75643,0,[87.99929,89.60339]]],[154,[18.60616,26.10279,0,[87.99928,91.05371]]],[33,[19.9308,29.05186,0,[88.9993,85.71526]]],[101,[20.49654,31.147,0,[88.11832,87.9993]]],[54,[20.46152,28.5641,0,[88.9993,87.24361]]],[23,[20.52053,28.29135,0,[88.99929,85.91517]]],[147,[20.15072,28.39684,0,[87.9993,89.43924]]],[85,[21.14121,32.81694,0,[88.10458,87.9993]]],[156,[19.32328,27.26996,0,[87.99928,91.02104]]],[68,[21.00064,29.91055,0,[88.99929,87.33044]]],[119,[20.82959,25.16346,0,[87.9993,89.41358]]],[90,[20.01967,21.2452,0,[87.99931,90.95644]]],[34,[21.32689,30.23526,0,[88.9993,85.7262]]],[84,[21.82372,30.9838,0,[87.99929,88.16382]]],[55,[21.5702,29.22903,0,[88.99929,87.57519]]],[45,[21.8885,30.77831,0,[88.99931,85.9712]]],[69,[22.26613,30.7374,0,[88.40844,87.99929]]],[148,[21.43746,28.98683,0,[87.9993,89.67523]]],[106,[20.63088,22.58794,0,[87.99929,91.04115]]],[46,[22.52202,31.05135,0,[88.99929,87.06059]]],[138,[22.13871,29.35288,0,[87.99929,89.31081]]],[24,[22.53471,30.48253,0,[88.9993,85.93328]]],[86,[22.95888,33.85307,0,[88.06554,87.99929]]],[164,[21.40833,27.71791,0,[87.9993,91.0498]]],[56,[23.04487,30.42121,0,[88.99928,87.37951]]],[158,[22.90329,30.60131,0,[87.99928,89.32494]]],[10,[23.46297,23.37276,0,[88.99928,85.80099]]],[157,[22.12662,28.16617,0,[87.99931,90.78748]]],[102,[23.57243,33.81258,0,[88.20005,87.99929]]],[70,[23.77482,33.026,0,[88.9993,87.30877]]],[114,[24.16845,32.86124,0,[88.17013,87.99929]]],[153,[23.51588,28.70196,0,[87.99928,89.40921]]],[35,[24.13598,31.32917,0,[88.99928,85.81321]]],[13,[24.45855,26.84816,0,[88.99929,86.99599]]],[142,[22.70438,25.63925,0,[87.99929,90.97054]]],[71,[24.52122,33.0979,0,[88.73895,87.99929]]],[165,[24.22478,30.31879,0,[87.9993,89.22081]]],[163,[23.41808,28.75034,0,[87.99931,90.88532]]],[103,[25.11986,34.36205,0,[87.9993,88.259]]],[57,[25.14191,31.99946,0,[88.9993,87.43261]]],[173,[24.73105,31.62575,0,[87.9993,89.81387]]],[58,[25.4748,33.04977,0,[88.92596,87.99929]]],[166,[25.52788,31.76603,0,[87.99929,88.80837]]],[152,[23.93577,26.64127,0,[87.99929,91.10664]]],[12,[25.22972,26.76246,0,[88.9993,85.68252]]],[47,[25.75072,33.23091,0,[88.99929,85.86768]]],[59,[26.22955,34.61798,0,[88.99928,86.19374]]],[87,[26.33224,35.23909,0,[88.03722,87.99928]]],[48,[26.22521,35.17598,0,[88.9993,87.37972]]],[116,[25.82775,33.76958,0,[87.99928,89.57226]]],[162,[24.89806,28.66438,0,[87.99928,90.85942]]],[49,[26.66076,37.48284,0,[88.9993,87.74856]]],[115,[26.75157,35.67193,0,[87.99928,88.53853]]],[88,[27.38556,37.20713,0,[88.30666,87.9993]]],[5,[27.46246,28.90523,0,[88.99931,86.01755]]],[14,[27.48112,29.51634,0,[88.99929,87.12968]]],[36,[26.94757,32.98036,0,[88.99928,85.83792]]],[149,[26.23058,30.99433,0,[87.99928,90.35313]]],[167,[27.02161,33.50288,0,[87.99931,89.37649]]],[130,[25.44085,24.60103,0,[87.9993,91.11772]]],[25,[27.84094,34.08717,0,[88.9993,87.6393]]],[172,[27.84632,33.98751,0,[87.99929,88.42432]]],[38,[28.42546,39.19149,0,[88.33381,87.9993]]],[171,[27.26501,30.92803,0,[87.99928,90.27705]]],[11,[28.22974,26.33858,0,[88.9993,85.67006]]],[3,[28.63875,27.49462,0,[88.99931,86.06014]]],[15,[28.63892,32.24137,0,[88.99929,87.17864]]],[161,[26.45658,28.79699,0,[87.99931,91.16834]]],[170,[28.05747,32.38641,0,[87.99931,89.34077]]],[100,[28.84836,33.87123,0,[87.99928,88.49201]]],[26,[28.99311,35.78585,0,[88.9993,87.64966]]],[141,[28.18691,27.25106,0,[87.99929,90.29012]]],[72,[29.51306,36.62977,0,[88.09321,87.99928]]],[73,[27.39244,21.81223,0,[87.99929,91.29552]]],[176,[28.9534,34.66011,0,[87.9993,89.58542]]],[0,[29.36319,30.02595,0,[88.99929,85.7196]]],[6,[29.88695,31.13012,0,[88.9993,85.90685]]],[16,[29.73368,33.67166,0,[88.9993,87.21586]]],[60,[29.95968,39.47473,0,[88.41147,87.99929]]],[174,[29.62892,35.44928,0,[87.99928,89.1969]]],[151,[28.43243,27.43428,0,[87.99931,91.16745]]],[104,[30.56586,37.28369,0,[88.27567,87.99928]]],[160,[30.13906,33.27413,0,[87.99929,89.35713]]],[8,[30.44187,33.58843,0,[88.99929,87.12756]]],[7,[30.64116,32.06615,0,[88.99929,85.77402]]],[175,[31.1515,38.04257,0,[87.99929,88.17648]]],[27,[30.99337,38.14634,0,[88.99928,87.42384]]],[150,[29.22644,30.19693,0,[87.99926,90.80199]]],[129,[29.70818,26.56678,0,[87.9993,91.15407]]],[4,[31.42389,28.79471,0,[88.99931,85.85883]]],[139,[31.28614,33.95636,0,[87.99931,89.18375]]],[140,[30.50435,30.43562,0,[87.99928,90.03588]]],[177,[31.39203,37.56305,0,[88.99927,87.9799]]],[9,[32.14956,36.88887,0,[88.99931,87.58279]]],[169,[32.06882,38.19482,0,[87.99929,88.3491]]],[17,[32.12385,37.24543,0,[88.99931,86.20205]]],[118,[30.85493,25.03586,0,[87.99928,90.94333]]],[168,[32.60588,38.6805,0,[87.9993,88.53053]]],[37,[32.70531,38.96539,0,[88.99928,87.84094]]],[1,[33.0125,31.15315,0,[88.9993,86.16122]]],[128,[31.73218,30.54771,0,[87.99932,90.22017]]],[117,[33.21931,30.79618,0,[87.99931,88.7599]]],[89,[32.33869,24.52272,0,[87.99931,90.52135]]],[159,[33.44458,38.89102,0,[88.83023,87.99928]]],[18,[33.79331,39.04464,0,[88.99933,86.32213]]],[105,[33.51597,28.26335,0,[87.99928,89.67279]]],[2,[34.32147,34.24111,0,[88.99928,87.16065]]]
0:[61,[46.11016,92.16302,0,[38.99932,36.17884]]],[62,[47.59148,95.13837,0,[38.99932,33.28119]]],[75,[46.64019,92.68965,0,[38.99932,37.00024]]],[63,[47.64779,94.89751,0,[38.99932,34.78516]]],[74,[46.26427,90.99607,0,[37.99933,39.1779]]],[28,[48.82824,97.25898,0,[38.99932,31.61805]]],[76,[46.95762,92.92397,0,[38.70771,37.99926]]],[39,[48.76806,96.83721,0,[38.99932,33.35447]]],[77,[47.92276,94.89342,0,[38.99932,35.94782]]],[94,[47.81027,94.65159,0,[37.99932,38.15772]]],[19,[50.18994,98.80278,0,[38.99931,29.86972]]],[93,[46.81039,92.34761,0,[37.99931,40.50798]]],[50,[49.28133,97.3279,0,[38.99932,34.05203]]],[29,[49.93972,98.03519,0,[38.99932,31.7639]]],[78,[48.31999,94.7302,0,[38.99932,36.85555]]],[110,[48.55914,95.49043,0,[38.19858,37.99926]]],[79,[49.51548,96.91693,0,[38.99932,35.10678]]],[109,[47.67757,93.71783,0,[37.99932,40.01101]]],[51,[50.90496,99.98888,0,[38.99932,31.51806]]],[95,[49.15478,95.22166,0,[38.99932,37.0955]]],[40,[51.68509,101.0014,0,[38.99931,29.01877]]],[64,[50.76461,99.26604,0,[38.99932,33.24906]]],[96,[50.28717,97.4323,0,[38.99932,35.32317]]],[108,[49.1448,93.935,0,[37.99932,39.09893]]],[122,[49.47451,95.78905,0,[38.83615,37.99927]]],[30,[52.09024,100.7796,0,[38.99931,29.81223]]],[92,[48.14895,91.49127,0,[37.99932,41.03926]]],[41,[51.98889,99.86157,0,[38.99932,31.4887]]],[52,[51.42275,99.14936,0,[38.99932,33.65196]]],[65,[50.43599,97.60901,0,[38.99932,36.53261]]],[111,[50.26522,96.10021,0,[37.99932,38.39919]]],[91,[49.39051,91.42746,0,[37.99932,40.65536]]],[97,[51.64063,98.52154,0,[38.99932,34.81441]]],[66,[52.68536,101.9273,0,[38.99932,31.93777]]],[123,[50.64593,96.13934,0,[38.99932,37.83797]]],[20,[53.66248,100.6859,0,[39.04713,28.99926]]],[112,[51.76659,98.07758,0,[38.99932,35.98897]]],[80,[52.72888,100.5211,0,[38.99932,33.31075]]],[42,[53.79323,101.6767,0,[38.99932,30.31487]]],[133,[51.3026,96.57685,0,[38.99932,37.95604]]],[107,[51.12581,93.69541,0,[37.99932,39.04795]]],[121,[50.06529,93.99091,0,[37.99931,40.83183]]],[113,[52.82572,99.854,0,[38.99932,34.70832]]],[67,[54.02259,103.1749,0,[38.99932,31.54653]]],[134,[52.12753,97.95614,0,[37.99931,38.32322]]],[124,[52.62113,98.04725,0,[38.99932,36.70856]]],[81,[54.02743,101.5385,0,[38.99932,32.91981]]],[53,[54.91578,103.5345,0,[39.2731,28.99927]]],[31,[55.06004,101.4516,0,[38.99931,30.31336]]],[120,[51.37521,93.65588,0,[37.99931,40.82949]]],[145,[54.01208,101.1898,0,[38.99932,34.31931]]],[144,[52.91528,98.45576,0,[38.36218,37.99926]]],[132,[52.34838,96.03133,0,[37.99932,39.7225]]],[125,[55.2809,102.6793,0,[38.99932,31.55652]]],[135,[54.11435,99.81104,0,[38.99932,35.47613]]],[83,[55.25628,103.1069,0,[38.99932,32.98381]]],[146,[53.33455,98.82632,0,[38.99933,37.77948]]],[21,[56.28085,102.2444,0,[39.02467,28.99927]]],[126,[54.34407,99.18567,0,[38.99932,36.47008]]],[32,[56.25914,102.719,0,[38.99931,30.59143]]],[136,[54.18152,98.84953,0,[38.26028,37.99926]]],[98,[55.55242,101.9452,0,[38.99933,33.66726]]],[155,[53.51475,98.56076,0,[37.99933,39.66798]]],[131,[52.54112,94.91489,0,[37.99932,41.23483]]],[127,[55.37637,101.138,0,[38.99933,35.22709]]],[137,[54.6011,99.42301,0,[38.99933,37.63247]]],[22,[57.40514,102.8251,0,[38.99931,29.29125]]],[43,[56.7622,102.3567,0,[38.99932,32.03954]]],[82,[55.65263,100.7335,0,[38.99933,36.11577]]],[44,[56.57461,101.5888,0,[38.99933,33.95542]]],[143,[53.85556,96.35111,0,[37.9993,40.86882]]],[99,[55.27993,100.1893,0,[38.72717,37.99926]]],[154,[54.9099,98.19232,0,[37.99932,39.3356]]],[33,[57.95802,104.3321,0,[38.99932,29.82144]]],[101,[56.19224,102.4214,0,[38.99932,36.44794]]],[54,[57.30225,101.9544,0,[38.99931,33.60005]]],[23,[57.91075,102.3302,0,[38.99931,31.43761]]],[147,[56.18039,100.1762,0,[37.99932,38.08525]]],[85,[57.32915,105.0668,0,[38.99932,35.06305]]],[156,[55.25178,98.59023,0,[37.99931,40.62351]]],[68,[58.42072,104.4351,0,[38.99931,32.23178]]],[119,[56.51875,96.31142,0,[38.99932,37.8899]]],[90,[56.31081,93.30724,0,[37.99932,39.32327]]],[34,[59.56946,106.0765,0,[39.16114,28.99927]]],[84,[57.62737,102.5009,0,[38.99932,36.11465]]],[55,[58.71018,103.1744,0,[38.99932,33.17118]]],[45,[59.49768,105.4757,0,[38.99931,30.658]]],[69,[58.79575,103.6802,0,[38.99932,34.45572]]],[148,[57.42013,100.6348,0,[37.99931,38.57038]]],[106,[56.51806,93.76781,0,[37.99931,40.81354]]],[46,[59.93711,105.6535,0,[38.99932,31.90224]]],[138,[57.81403,100.4003,0,[38.93373,37.99927]]],[24,[60.6681,106.2126,0,[38.99931,29.42622]]],[86,[58.80042,105.4274,0,[38.99932,35.92706]]],[164,[57.3878,99.15572,0,[37.99931,40.32654]]],[56,[59.96734,104.0262,0,[38.99932,33.41732]]],[158,[58.61702,101.861,0,[38.99932,37.67345]]],[10,[61.19305,98.52239,0,[38.99932,29.97351]]],[157,[58.46922,100.4158,0,[37.99932,38.82125]]],[102,[59.63501,105.8812,0,[38.99932,35.38073]]],[70,[60.65977,106.6067,0,[38.99932,33.38311]]],[114,[59.88399,104.1418,0,[38.99932,36.44039]]],[153,[59.51452,100.4751,0,[38.05519,37.99926]]],[35,[61.48745,105.6691,0,[38.99932,30.9498]]],[13,[61.74755,101.2718,0,[38.99932,31.96866]]],[142,[58.59666,96.81596,0,[37.99932,40.68204]]],[71,[61.17168,106.3547,0,[38.99932,34.24052]]],[165,[59.85159,101.2959,0,[38.9372,37.99926]]],[163,[59.64938,100.6947,0,[37.99932,39.30802]]],[103,[60.92524,105.9125,0,[38.99932,36.14011]]],[57,[62.44266,106.4777,0,[38.99932,32.3722]]],[173,[60.83791,103.5582,0,[37.99932,38.26245]]],[58,[62.1237,106.294,0,[38.99932,34.43505]]],[166,[61.20478,102.8559,0,[38.99932,37.34904]]],[152,[59.95756,98.01576,0,[37.99932,40.59678]]],[12,[63.4216,102.5105,0,[39.99932,28.54039]]],[47,[63.8913,108.9231,0,[38.99932,29.36667]]],[59,[63.72981,109.1493,0,[38.99932,31.05012]]],[87,[62.32394,106.9423,0,[38.99932,35.71868]]],[48,[63.3149,109.1329,0,[38.99932,32.97646]]],[116,[61.89543,105.6556,0,[37.99932,38.03094]]],[162,[60.83589,100.0357,0,[37.99932,40.16349]]],[49,[63.40019,110.7789,0,[38.99932,34.1871]]],[115,[62.27397,106.5854,0,[38.99932,37.32916]]],[88,[63.41816,109.1674,0,[38.99932,35.62017]]],[5,[65.12747,103.7817,0,[38.99932,30.47091]]],[14,[64.5958,103.6123,0,[38.99932,32.56762]]],[36,[65.11458,108.8316,0,[39.4706,28.99927]]],[149,[62.30119,102.6805,0,[37.99931,39.2598]]],[167,[62.86448,104.9412,0,[38.51103,37.99926]]],[130,[61.38031,95.73153,0,[37.99929,41.15079]]],[25,[64.5676,107.4002,0,[38.99932,34.05329]]],[172,[63.47516,105.0866,0,[38.99932,36.98582]]],[38,[64.51791,111.2712,0,[38.99932,35.49533]]],[171,[63.39602,102.8401,0,[37.99932,38.88]]],[11,[66.32954,102.0626,0,[38.99932,29.32809]]],[3,[66.01914,101.7839,0,[38.99932,31.26059]]],[15,[65.45107,105.7578,0,[38.99932,33.3837]]],[161,[62.49035,99.99518,0,[37.99929,40.97166]]],[170,[63.9222,103.6537,0,[38.69133,37.99926]]],[100,[64.69833,105.3729,0,[38.99932,36.47696]]],[26,[66.47141,110.5442,0,[38.99932,32.23507]]],[141,[64.38194,99.07659,0,[37.99932,38.97239]]],[72,[65.80356,109.0328,0,[38.99932,34.83053]]],[73,[63.33896,93.25077,0,[37.99932,40.81892]]],[176,[64.6447,105.8908,0,[38.99335,37.99927]]],[0,[67.60484,105.9307,0,[39.04829,28.99927]]],[6,[67.56074,105.8302,0,[38.99932,30.59345]]],[16,[66.89262,107.4809,0,[38.99932,33.00361]]],[60,[65.83305,110.9952,0,[38.99933,36.4003]]],[174,[65.46365,106.9062,0,[37.99933,38.47328]]],[151,[64.57317,98.93698,0,[37.99932,40.74874]]],[104,[67.00253,109.921,0,[38.99932,34.6874]]],[160,[65.8201,104.3549,0,[38.99933,37.97198]]],[8,[68.02262,108.2561,0,[38.99932,31.83109]]],[7,[68.74989,107.5841,0,[38.99932,29.48811]]],[175,[66.9388,109.4862,0,[38.99933,36.26839]]],[27,[68.04205,111.898,0,[38.99932,33.31043]]],[150,[65.36703,101.339,0,[37.99932,40.61501]]],[129,[66.47102,99.24419,0,[37.99932,38.61197]]],[4,[69.22556,103.6616,0,[38.99931,30.35395]]],[139,[67.9678,107.0301,0,[38.99932,35.00533]]],[140,[66.86308,102.1227,0,[38.99932,37.81673]]],[177,[69.08553,112.6084,0,[38.99932,32.1659]]],[9,[69.03207,110.3572,0,[38.99932,33.85461]]],[169,[67.72684,109.0179,0,[38.24984,37.99928]]],[17,[70.2514,112.4383,0,[38.99931,30.32898]]],[118,[66.96976,96.36192,0,[37.99931,40.23508]]],[168,[68.29681,109.4086,0,[38.99931,37.56154]]],[37,[69.29342,111.7022,0,[38.99931,35.0374]]],[1,[70.21424,104.7524,0,[38.99931,32.24461]]],[128,[68.04477,102.1331,0,[37.99931,39.06018]]],[117,[69.36115,102.4547,0,[38.99931,36.51591]]],[89,[69.15343,97.06844,0,[37.99932,38.04565]]],[159,[70.3764,112.2512,0,[38.99931,34.20921]]],[18,[71.2103,113.1154,0,[38.99931,31.78756]]],[105,[69.57119,99.69889,0,[38.99932,37.75796]]],[2,[71.50436,107.9797,0,[38.99931,33.07669]]]

Travel Distances:
[61,123.9427],[62,123.9553],[75,125.4093],[63,125.6003],[74,124.4675],[28,125.6022],[76,125.0087],[39,127.2901],[77,127.0369],[94,127.0303],[19,126.4228],[93,126.7206],[50,126.7652],[29,126.1557],[78,126.0901],[110,128.3673],[79,127.8844],[109,128.3612],[51,128.1789],[95,126.912],[40,127.6312],[64,127.7368],[96,128.8532],[108,127.638],[122,128.836],[30,128.5974],[92,127.0901],[41,127.8835],[52,128.3036],[65,128.7106],[111,129.5665],[91,126.6313],[97,129.2395],[66,130.5565],[123,128.8462],[20,127.3608],[112,128.5441],[80,129.0633],[42,130.0555],[133,129.9571],[107,127.4406],[121,129.7475],[113,130.2006],[67,131.1294],[134,129.7007],[124,130.8001],[81,131.4679],[53,131.7007],[31,129.3219],[120,128.8543],[145,131.159],[144,130.6142],[132,129.3288],[125,130.1158],[135,131.5652],[83,132.5909],[146,132.0983],[21,129.6824],[126,130.4548],[32,130.1994],[136,130.4747],[98,132.747],[155,133.4828],[131,131.6049],[127,132.3761],[137,132.2158],[22,130.0144],[43,130.8304],[82,131.4273],[44,132.4283],[143,132.5826],[99,133.6258],[154,132.3701],[33,132.4133],[101,134.0354],[54,131.337],[23,130.5072],[147,131.8154],[85,136.3993],[156,134.0705],[68,133.5922],[119,129.2729],[90,126.6813],[34,132.9374],[84,133.246],[55,131.7539],[45,134.449],[69,134.0852],[148,133.7936],[106,128.6977],[46,133.7791],[138,132.7722],[24,132.8763],[86,135.8266],[164,134.3697],[56,134.0864],[158,134.6249],[10,126.1349],[157,133.4764],[102,136.6105],[70,135.2869],[114,136.3706],[153,133.4458],[35,134.6783],[13,129.7732],[142,131.5994],[71,136.0113],[165,133.5923],[163,133.3952],[103,138.0455],[57,135.5916],[173,135.8822],[58,136.0465],[166,134.4463],[152,132.0919],[12,131.6662],[47,137.1395],[59,137.689],[87,138.2917],[48,138.5021],[116,137.8644],[162,134.358],[49,139.976],[115,138.0374],[88,140.3267],[5,131.5266],[14,132.42],[36,136.6022],[149,136.065],[167,137.2109],[130,130.7279],[25,138.2484],[172,138.1067],[38,142.2351],[171,136.0457],[11,129.4023],[3,129.7454],[15,134.8338],[161,134.9393],[170,135.8089],[100,137.9385],[26,139.5997],[141,132.3071],[72,139.4254],[73,128.5039],[176,138.5999],[0,132.7209],[6,134.6902],[16,137.6413],[60,143.325],[174,139.9783],[151,133.772],[104,139.9158],[160,136.7146],[8,136.2107],[7,136.0723],[175,141.6056],[27,141.8057],[150,136.5789],[129,132.2999],[4,131.2099],[139,137.0939],[140,134.3963],[177,140.4372],[9,140.2897],[169,141.5632],[17,139.935],[118,130.4202],[168,142.813],[37,143.1148],[1,134.3192],[128,136.0355],[117,133.7324],[89,128.7616],[159,141.4984],[18,142.691],[105,132.5534],[2,136.9704]

Finish Times:
[61,63.28107],[62,63.76108],[75,64.12109],[63,64.32109],[74,64.40109],[28,64.5611],[76,64.7611],[39,64.96111],[77,65.00111],[94,65.48112],[19,65.56112],[93,65.64112],[50,65.68112],[29,65.72112],[78,65.72112],[110,66.20113],[79,66.28114],[109,66.28114],[51,66.56114],[95,66.68114],[40,66.84115],[64,66.92115],[96,67.12115],[108,67.32116],[122,67.32116],[30,67.40116],[92,67.48116],[41,67.68117],[52,67.68117],[65,67.76117],[111,68.04118],[91,68.32118],[97,68.32118],[66,68.48119],[123,68.48119],[20,68.80119],[112,68.84119],[80,68.9212],[42,69.1612],[133,69.1612],[107,69.2412],[121,69.2412],[113,69.44121],[67,69.64121],[134,69.88122],[124,70.00122],[81,70.04122],[53,70.12122],[31,70.36123],[120,70.52123],[145,70.52123],[144,70.60123],[132,70.76124],[125,70.92124],[135,71.04124],[83,71.28125],[146,71.32125],[21,71.36125],[126,71.64126],[32,71.68126],[136,71.88126],[98,71.96127],[155,72.00127],[131,72.12127],[127,72.20127],[137,72.36127],[22,72.60128],[43,72.60128],[82,72.80128],[44,73.00129],[143,73.00129],[99,73.08129],[154,73.16129],[33,73.3213],[101,73.4813],[54,73.5613],[23,73.6013],[147,73.84131],[85,74.08131],[156,74.20132],[68,74.28132],[119,74.36132],[90,74.56133],[34,74.76133],[84,74.76133],[55,74.84133],[45,74.96133],[69,75.32134],[148,75.32134],[106,75.64135],[46,75.68135],[138,75.68135],[24,75.88136],[86,75.88136],[164,76.16136],[56,76.20136],[158,76.36137],[10,76.44137],[157,76.48137],[102,76.52137],[70,76.88138],[114,77.12138],[153,77.12138],[35,77.16138],[13,77.60139],[142,77.60139],[71,77.6414],[165,77.6814],[163,77.8814],[103,78.08141],[57,78.36141],[173,78.56142],[58,78.68142],[166,78.80142],[152,78.88142],[12,79.04143],[47,79.04143],[59,79.28143],[87,79.32143],[48,79.36143],[116,79.52144],[162,79.56144],[49,79.84145],[115,79.92145],[88,80.36146],[5,80.52146],[14,80.52146],[36,80.52146],[149,80.60146],[167,80.64146],[130,80.92147],[25,80.96147],[172,80.96147],[38,81.44148],[171,81.44148],[11,81.52148],[3,81.60149],[15,81.68149],[161,81.72149],[170,81.72149],[100,82.0015],[26,82.3215],[141,82.44151],[72,82.48151],[73,82.48151],[176,82.52151],[0,82.76151],[6,82.96152],[16,82.96152],[60,83.08152],[174,83.28152],[151,83.56153],[104,83.64153],[160,83.68153],[8,83.76154],[7,84.00154],[175,84.12154],[27,84.20155],[150,84.32155],[129,84.36155],[4,84.60155],[139,84.68156],[140,84.68156],[177,84.92156],[9,85.36157],[169,85.36157],[17,85.60158],[118,85.64158],[168,86.00159],[37,86.04159],[1,86.12159],[128,86.16159],[117,86.6416],[89,86.80161],[159,86.84161],[18,87.00161],[105,87.32162],[2,87.56162]

Stuck Times:
[61,0],[62,0],[75,0],[63,0],[74,0],[28,0],[76,0],[39,0],[77,0],[94,0],[19,0],[93,0],[50,0],[29,0],[78,1],[110,0],[79,0],[109,0],[51,0],[95,1],[40,0],[64,0],[96,0],[108,1],[122,0],[30,0],[92,1],[41,0],[52,1],[65,0],[111,1],[91,3],[97,3],[66,0],[123,3],[20,2],[112,1],[80,1],[42,1],[133,1],[107,5],[121,2],[113,1],[67,0],[134,3],[124,3],[81,3],[53,1],[31,4],[120,4],[145,3],[144,3],[132,4],[125,3],[135,3],[83,3],[146,3],[21,5],[126,4],[32,5],[136,4],[98,5],[155,4],[131,4],[127,5],[137,5],[22,6],[43,6],[82,5],[44,6],[143,6],[99,5],[154,5],[33,6],[101,5],[54,7],[23,7],[147,8],[85,5],[156,6],[68,6],[119,9],[90,10],[34,7],[84,8],[55,8],[45,8],[69,8],[148,8],[106,10],[46,10],[138,7],[24,9],[86,7],[164,10],[56,10],[158,9],[10,10],[157,9],[102,7],[70,7],[114,8],[153,10],[35,11],[13,11],[142,10],[71,10],[165,11],[163,9],[103,10],[57,13],[173,11],[58,11],[166,10],[152,14],[12,14],[47,12],[59,12],[87,12],[48,10],[116,10],[162,13],[49,9],[115,10],[88,10],[5,15],[14,16],[36,13],[149,11],[167,13],[130,15],[25,14],[172,12],[38,11],[171,15],[11,16],[3,17],[15,15],[161,15],[170,14],[100,14],[26,13],[141,18],[72,12],[73,17],[176,12],[0,16],[6,17],[16,16],[60,11],[174,15],[151,17],[104,14],[160,16],[8,17],[7,17],[175,13],[27,15],[150,17],[129,17],[4,19],[139,17],[140,19],[177,15],[9,18],[169,16],[17,15],[118,21],[168,16],[37,17],[1,21],[128,19],[117,21],[89,21],[159,14],[18,18],[105,20],[2,21]

