Experiment Name: Custom-SimpleTwoPaths4
Method Used: FlowGraph
Run Number: 2
Preparation Time: 15.5346ms
Pathfinding Time: 6.4536ms
Finish Time: 87.04161ms
Finish Time 90%: 84.12154ms
Repaths: 0
Soft Repaths: 0

Gates Data:
2:[61,[9.991993,19.93136,0,[87.99928,89.25362]]],[62,[10.70338,21.38572,0,[88.40934,87.9993]]],[63,[11.15412,22.2158,0,[88.9993,87.53236]]],[75,[10.85854,21.05979,0,[87.9993,89.28152]]],[76,[11.64078,22.73054,0,[87.9993,88.01781]]],[74,[10.03686,19.17544,0,[87.99928,90.68945]]],[28,[11.82459,23.37491,0,[88.99928,85.91035]]],[39,[11.95862,23.406,0,[88.99929,87.00894]]],[78,[11.98149,23.43652,0,[88.52776,87.99929]]],[93,[11.54527,22.17213,0,[87.99931,89.57091]]],[92,[10.73413,20.48872,0,[87.99931,90.85869]]],[77,[12.32756,22.67751,0,[87.99929,88.62592]]],[40,[12.57265,24.1777,0,[88.9993,86.98285]]],[50,[12.61527,23.94047,0,[88.7009,87.99928]]],[19,[12.76548,23.63215,0,[88.99931,85.63385]]],[109,[12.22371,22.96976,0,[87.9993,89.89046]]],[91,[11.43723,20.01673,0,[87.99929,91.07879]]],[95,[13.02868,24.2386,0,[87.99929,88.53133]]],[51,[13.256,25.10974,0,[88.99928,87.04729]]],[29,[13.47997,24.39348,0,[88.99928,85.68827]]],[79,[13.34916,24.33169,0,[88.69399,87.9993]]],[94,[12.90347,22.56527,0,[87.9993,89.88868]]],[111,[13.68219,25.10942,0,[87.99929,88.61614]]],[108,[12.1595,21.23974,0,[87.99929,91.29061]]],[41,[13.9572,25.16639,0,[88.99929,87.01475]]],[30,[14.19095,25.56352,0,[88.99929,85.64668]]],[64,[14.02065,25.23223,0,[88.6656,87.9993]]],[110,[13.66834,23.6391,0,[87.99929,89.74985]]],[96,[14.45839,25.04463,0,[87.99929,88.50311]]],[122,[12.94827,22.91613,0,[87.99931,91.21535]]],[31,[14.60758,25.52759,0,[88.99928,87.30698]]],[20,[14.862,24.68072,0,[88.99929,85.86997]]],[52,[14.90803,25.57995,0,[88.66387,87.99928]]],[124,[14.78335,25.72132,0,[87.99929,89.08073]]],[123,[13.96847,24.03272,0,[87.9993,90.48874]]],[21,[15.43324,25.62503,0,[88.99925,86.18606]]],[97,[15.44032,25.71805,0,[88.99933,87.69055]]],[112,[15.68699,26.16865,0,[87.99931,88.34321]]],[135,[15.00378,25.70449,0,[87.99931,89.97321]]],[80,[16.13394,26.75943,0,[88.46422,87.99931]]],[125,[15.73863,25.97713,0,[87.9993,89.5676]]],[42,[16.1171,26.84517,0,[88.99932,86.02149]]],[65,[16.44758,26.51979,0,[88.99928,87.05724]]],[107,[14.17263,20.95892,0,[87.99932,91.30868]]],[113,[16.53504,26.84376,0,[87.99928,88.60398]]],[66,[16.65002,27.07457,0,[88.99927,87.83743]]],[81,[17.32392,27.96866,0,[87.99929,88.0237]]],[133,[15.89961,24.49302,0,[87.99928,90.78022]]],[146,[16.69596,27.34546,0,[87.99927,89.56206]]],[32,[16.9957,27.6932,0,[88.99929,85.53765]]],[67,[17.38496,28.19944,0,[88.99928,87.21564]]],[121,[15.11389,22.40422,0,[87.99928,91.18673]]],[53,[17.4673,27.72042,0,[88.99928,85.97655]]],[126,[17.86137,27.75201,0,[88.09404,87.99926]]],[134,[17.22577,25.63595,0,[87.99934,89.66158]]],[120,[16.42366,22.16606,0,[87.99929,91.18148]]],[98,[18.44295,28.45076,0,[88.01212,87.9993]]],[83,[17.89994,29.085,0,[88.99932,87.33542]]],[145,[17.82535,27.11482,0,[87.9993,89.55294]]],[68,[18.44646,29.31106,0,[88.99929,87.38744]]],[82,[18.88796,28.92251,0,[88.31377,87.99929]]],[136,[18.45619,27.26284,0,[87.99928,89.33848]]],[10,[18.29925,23.48111,0,[88.9993,85.73724]]],[43,[18.89732,28.03659,0,[88.99929,85.84817]]],[90,[17.17923,20.55119,0,[87.9993,91.11819]]],[54,[19.08885,27.66844,0,[88.99928,87.15197]]],[99,[19.35146,29.64143,0,[87.9993,88.40742]]],[132,[17.90137,24.08893,0,[87.9993,91.00104]]],[144,[18.77324,26.83808,0,[87.9993,90.00103]]],[55,[19.36104,28.58314,0,[88.99929,87.79487]]],[84,[20.00701,30.30421,0,[88.25026,87.9993]]],[127,[19.56309,28.08442,0,[87.99931,89.36999]]],[22,[19.63972,27.15161,0,[88.99929,85.62609]]],[44,[20.13411,28.39495,0,[88.9993,86.97751]]],[33,[20.26073,28.69798,0,[88.9993,85.70937]]],[101,[20.6136,31.37746,0,[88.08312,87.99931]]],[156,[20.1463,28.69477,0,[87.99928,89.50428]]],[143,[19.34029,25.88987,0,[87.9993,90.8872]]],[69,[20.55816,30.45146,0,[88.99928,87.30431]]],[119,[18.63306,23.04786,0,[87.9993,91.30073]]],[102,[20.82467,31.18998,0,[88.99929,87.98053]]],[137,[20.94178,28.627,0,[87.99929,88.61981]]],[34,[21.09501,30.23033,0,[88.9993,85.6985]]],[45,[21.54498,30.56799,0,[88.99931,86.15696]]],[103,[21.66642,33.73925,0,[88.22897,87.9993]]],[56,[21.62785,30.55527,0,[88.99928,87.20875]]],[147,[21.30566,28.46218,0,[87.99929,89.32255]]],[131,[20.52932,25.48369,0,[87.99929,90.24289]]],[85,[22.01941,31.00409,0,[88.99928,87.6703]]],[100,[22.15423,31.20373,0,[87.99928,88.36977]]],[106,[19.73521,22.43778,0,[87.99929,91.34007]]],[13,[22.70309,27.99719,0,[88.99931,86.01785]]],[116,[22.75721,33.97435,0,[88.15199,87.9993]]],[23,[22.2695,28.85221,0,[88.99931,85.65076]]],[154,[21.55492,27.62317,0,[87.99928,90.05316]]],[24,[22.73359,30.09552,0,[88.99929,87.19091]]],[148,[22.31455,29.64565,0,[87.99929,89.54181]]],[46,[22.98301,31.13964,0,[88.99929,87.8963]]],[157,[23.0942,30.72635,0,[87.9993,88.70249]]],[142,[20.73741,25.17342,0,[87.99929,91.24731]]],[86,[23.84822,33.68401,0,[87.99929,88.03469]]],[155,[22.36874,27.96558,0,[87.99931,90.86412]]],[165,[23.20164,30.50256,0,[87.99931,89.65462]]],[12,[23.45259,25.75031,0,[88.99929,85.68197]]],[14,[23.80718,28.93083,0,[88.99928,86.19906]]],[25,[23.69898,31.41353,0,[88.99928,87.46407]]],[153,[21.60929,26.43123,0,[87.9993,91.18349]]],[138,[24.41979,30.76501,0,[88.04501,87.99928]]],[35,[24.3272,31.95807,0,[88.9993,87.37576]]],[114,[23.81193,31.90948,0,[87.99929,89.54259]]],[87,[24.95195,35.65225,0,[88.10466,87.99928]]],[48,[24.93476,33.95593,0,[88.99931,87.32611]]],[115,[24.44198,32.78612,0,[87.9993,89.48136]]],[163,[22.96451,28.1133,0,[87.99928,91.15691]]],[3,[24.49547,26.64911,0,[88.9993,85.84368]]],[15,[25.09582,30.93482,0,[88.9993,85.85325]]],[149,[25.53411,34.26996,0,[88.08081,87.9993]]],[57,[25.49855,32.51809,0,[88.99929,87.35306]]],[130,[23.66326,24.67458,0,[87.9993,91.03707]]],[164,[25.14298,29.97859,0,[87.99928,89.44729]]],[71,[26.16849,34.52279,0,[88.21973,87.9993]]],[47,[26.15589,33.54409,0,[88.99928,87.21006]]],[5,[25.73456,28.61061,0,[88.99929,85.84854]]],[152,[24.34242,26.894,0,[87.99928,90.94448]]],[158,[25.75777,31.22868,0,[87.99929,89.38567]]],[36,[26.39799,33.41784,0,[88.99928,85.7878]]],[167,[26.77484,35.34667,0,[87.99931,88.04349]]],[59,[26.73164,35.78123,0,[88.99931,87.50426]]],[6,[27.05031,29.79989,0,[88.99928,85.91776]]],[166,[26.47355,31.35246,0,[87.9993,89.50122]]],[70,[27.38806,32.88462,0,[88.16785,87.99929]]],[162,[25.67633,29.36003,0,[87.99931,90.8489]]],[141,[24.98992,26.09068,0,[87.99928,90.9955]]],[173,[27.08502,33.9822,0,[87.9993,89.38525]]],[7,[27.52251,31.34632,0,[88.9993,87.36433]]],[104,[27.99836,37.47046,0,[88.17374,87.99928]]],[60,[27.59709,36.19352,0,[88.99931,86.07018]]],[151,[26.25942,27.26917,0,[87.99928,91.00747]]],[171,[27.70539,32.73834,0,[87.99931,89.37651]]],[172,[26.88869,30.14936,0,[87.99931,90.91558]]],[4,[28.2837,28.32573,0,[88.99928,85.81888]]],[49,[28.13728,37.2603,0,[88.99931,87.32076]]],[58,[28.50901,34.62345,0,[88.64558,87.99931]]],[177,[28.38127,35.75294,0,[87.99927,89.00846]]],[37,[29.00645,35.66624,0,[88.99928,86.78963]]],[140,[27.52097,27.71231,0,[87.99933,90.82452]]],[174,[29.21219,37.58047,0,[88.16802,87.99928]]],[16,[28.93489,32.57191,0,[88.99931,85.75712]]],[170,[28.90343,33.42443,0,[87.99928,89.37276]]],[26,[29.37201,35.45399,0,[88.99929,87.34762]]],[72,[29.79028,37.22753,0,[88.11892,87.99931]]],[11,[29.8835,26.84159,0,[88.99929,85.66647]]],[17,[29.97291,35.22792,0,[88.99928,87.60376]]],[160,[29.39883,32.33843,0,[87.99931,89.59977]]],[1,[30.34336,31.72737,0,[88.99927,86.03899]]],[176,[30.25009,37.04091,0,[87.99929,88.46944]]],[129,[28.59827,25.62906,0,[87.9993,91.12746]]],[161,[28.10428,30.03949,0,[87.99931,90.80276]]],[88,[30.46955,37.58594,0,[88.9993,87.84284]]],[73,[29.31845,20.75806,0,[87.99934,91.05621]]],[169,[30.95111,35.81517,0,[87.99932,88.36549]]],[159,[30.17617,35.60344,0,[87.99929,89.95128]]],[0,[30.94128,28.77798,0,[88.99928,86.11717]]],[27,[31.09356,37.35192,0,[88.99931,87.94787]]],[2,[31.53829,33.32831,0,[88.99934,86.21667]]],[168,[31.41677,37.38385,0,[87.99929,88.81697]]],[117,[30.59071,27.43386,0,[87.99931,90.64211]]],[175,[31.7916,37.86022,0,[88.85768,87.9993]]],[8,[32.11818,33.58889,0,[88.99932,86.40613]]],[139,[32.27505,35.96263,0,[87.99928,88.67874]]],[150,[31.38231,31.73833,0,[87.99928,90.42213]]],[38,[32.55158,38.51962,0,[88.95786,87.99929]]],[18,[32.83709,38.05152,0,[88.99931,86.34955]]],[128,[33.03189,32.95621,0,[87.99934,88.62627]]],[118,[32.13511,27.29503,0,[87.99932,90.44118]]],[9,[33.57238,35.59005,0,[88.99928,86.46912]]],[105,[33.46527,31.47659,0,[88.83573,87.99928]]],[89,[33.23208,26.33863,0,[87.99928,89.70005]]]
0:[61,[45.66409,91.25079,0,[38.44167,37.99926]]],[62,[46.44155,92.86074,0,[38.99932,36.37184]]],[63,[47.66996,95.2281,0,[38.99932,34.35145]]],[75,[46.67744,92.65611,0,[38.13125,37.99927]]],[76,[47.14804,93.71144,0,[38.99932,36.68998]]],[74,[45.80497,90.32437,0,[37.99932,40.30902]]],[28,[49.14977,97.83516,0,[38.99932,30.90669]]],[39,[48.93229,97.22575,0,[38.99932,32.8092]]],[78,[48.33529,96.04667,0,[38.99932,34.94603]]],[93,[47.42953,93.77525,0,[38.41721,37.99926]]],[92,[46.71497,92.14395,0,[37.99932,39.72462]]],[77,[48.08305,94.0477,0,[38.99932,36.75699]]],[40,[50.00067,98.83397,0,[38.99931,31.69965]]],[50,[49.27838,97.07453,0,[38.99932,34.3933]]],[19,[50.66691,99.15048,0,[38.99931,29.34993]]],[109,[48.33558,94.98363,0,[38.15556,37.99927]]],[91,[47.35472,91.59379,0,[37.99931,40.11618]]],[95,[48.78316,95.55661,0,[38.99932,36.7424]]],[51,[50.42808,99.24574,0,[38.99932,32.4316]]],[29,[51.17194,99.49054,0,[38.99931,29.96413]]],[79,[49.85077,97.15675,0,[38.99932,34.79641]]],[94,[48.9473,94.43581,0,[37.99932,38.42865]]],[111,[49.27981,96.08639,0,[38.99932,37.31338]]],[108,[48.0296,92.65034,0,[37.99932,40.66613]]],[41,[50.94861,98.88685,0,[38.99932,32.94387]]],[30,[51.64501,100.0812,0,[38.99931,30.66285]]],[64,[50.42642,97.75185,0,[38.99932,35.19104]]],[110,[49.74154,95.48445,0,[37.99932,38.26047]]],[96,[50.0762,96.01992,0,[38.99932,37.18965]]],[122,[48.82572,94.28495,0,[37.99931,40.57508]]],[31,[51.61852,99.15974,0,[38.99932,33.35212]]],[20,[52.32338,99.14092,0,[38.99932,30.93576]]],[52,[51.22173,97.91205,0,[38.99932,35.44868]]],[124,[50.57759,97.11761,0,[38.21104,37.99926]]],[123,[49.75297,95.16315,0,[37.99933,40.10397]]],[21,[52.82587,99.83683,0,[38.99932,31.5536]]],[97,[52.4302,99.39806,0,[38.99932,33.64029]]],[112,[51.2266,97.13121,0,[38.99932,37.08402]]],[135,[51.05074,97.42006,0,[37.99931,39.04243]]],[80,[52.45872,99.18725,0,[38.99932,35.16565]]],[125,[51.70937,97.61777,0,[38.4464,37.99927]]],[42,[54.1758,102.25,0,[38.99932,29.8396]]],[65,[53.86183,101.1685,0,[38.99932,31.83405]]],[107,[50.40646,92.42962,0,[37.99929,41.10191]]],[113,[52.30549,98.13088,0,[38.99932,36.90581]]],[66,[53.63916,100.8331,0,[38.99932,33.65572]]],[81,[53.3062,99.78049,0,[38.99932,35.56728]]],[133,[52.15196,96.54074,0,[37.99932,39.19556]]],[146,[52.62469,98.85345,0,[38.62669,37.99927]]],[32,[55.01176,103.0146,0,[39.86121,28.99927]]],[67,[54.82551,102.6966,0,[38.99932,32.09305]]],[121,[51.16964,93.54021,0,[37.99931,41.08905]]],[53,[55.39655,102.9369,0,[38.99932,29.96305]]],[126,[54.40678,100.7355,0,[38.99932,34.06609]]],[134,[53.30836,97.49017,0,[38.99932,37.17408]]],[120,[52.5649,93.916,0,[37.99932,40.00598]]],[98,[54.33065,100.1495,0,[38.99932,35.72041]]],[83,[56.01976,104.9094,0,[38.99932,30.58701]]],[145,[53.81987,98.80441,0,[37.99933,38.4082]]],[68,[55.77514,103.6708,0,[38.99932,32.45346]]],[82,[55.39458,101.8181,0,[38.99932,34.38236]]],[136,[54.23619,98.55038,0,[38.99933,37.62576]]],[10,[56.46745,99.06718,0,[39.99932,28.66777]]],[43,[57.14224,103.8206,0,[38.99931,29.19975]]],[90,[53.04282,91.8548,0,[37.9993,41.01456]]],[54,[56.95504,103.0953,0,[38.99932,30.96326]]],[99,[55.33399,101.3991,0,[38.99932,36.03414]]],[132,[54.04362,96.00027,0,[37.99932,39.6275]]],[144,[55.04995,99.09259,0,[38.04525,37.99926]]],[55,[56.75863,103.0114,0,[38.99932,32.72327]]],[84,[56.42197,103.0287,0,[38.99932,34.55452]]],[127,[55.40146,99.49947,0,[38.99932,37.4822]]],[22,[57.88673,102.8929,0,[39.99933,28.50052]]],[44,[57.88856,103.3914,0,[38.99932,31.28846]]],[33,[58.41493,104.2902,0,[38.99932,29.23848]]],[101,[56.50298,103.0184,0,[38.99932,35.87595]]],[156,[56.09198,100.2025,0,[38.62497,37.99926]]],[143,[55.64238,97.96389,0,[37.99932,39.31468]]],[69,[57.92669,104.5872,0,[38.99932,32.63269]]],[119,[54.63971,94.38936,0,[37.99933,41.08904]]],[102,[57.68633,104.5516,0,[38.99932,34.35328]]],[137,[56.8224,99.97859,0,[38.99932,36.85204]]],[34,[59.08902,105.7794,0,[39.51258,28.99927]]],[45,[59.26607,105.6628,0,[38.99932,30.31054]]],[103,[57.84127,105.7812,0,[38.99932,35.45264]]],[56,[58.96875,104.9645,0,[38.99932,32.20976]]],[147,[57.13731,99.76131,0,[38.73251,37.99926]]],[131,[56.82063,97.20759,0,[37.99932,39.20576]]],[85,[58.94479,104.6243,0,[38.99932,33.67654]]],[100,[57.93647,102.458,0,[38.99932,36.75901]]],[106,[55.89309,93.91628,0,[37.99933,41.11059]]],[13,[60.47657,103.1513,0,[38.99932,30.08876]]],[116,[59.02448,106.2508,0,[38.99932,35.05255]]],[23,[60.21805,104.3069,0,[39.79942,28.99926]]],[154,[57.73161,99.4873,0,[37.99931,38.90229]]],[24,[60.15024,104.6968,0,[38.99932,31.96329]]],[148,[58.24891,101.1158,0,[38.67846,37.99927]]],[46,[60.08293,105.0685,0,[38.99932,33.47779]]],[157,[59.015,102.3655,0,[38.99932,36.51774]]],[142,[57.15744,96.74835,0,[37.99932,40.97083]]],[86,[60.07794,105.9363,0,[38.99932,34.98507]]],[155,[58.84181,100.2314,0,[37.99932,38.90909]]],[165,[59.05559,101.7901,0,[38.99329,37.99926]]],[12,[61.42491,101.1968,0,[39.8478,28.99927]]],[14,[61.73708,104.2539,0,[38.99932,30.03682]]],[25,[61.20144,106.1012,0,[38.99932,32.11298]]],[153,[57.95126,97.57615,0,[37.99932,40.99797]]],[138,[60.09589,101.9457,0,[38.99932,36.51223]]],[35,[61.15083,105.3792,0,[38.99932,33.65897]]],[114,[59.85564,103.5786,0,[37.99932,38.52262]]],[87,[61.15929,107.8911,0,[38.99932,35.07348]]],[48,[62.2094,108.3337,0,[38.99932,32.39641]]],[115,[60.20153,103.9587,0,[38.99932,37.95559]]],[163,[59.01954,99.47727,0,[37.99931,40.74031]]],[3,[62.66476,102.3519,0,[39.67004,28.99927]]],[15,[62.83691,105.8368,0,[38.99932,30.25328]]],[149,[61.24866,105.5187,0,[38.99932,36.43029]]],[57,[62.24326,105.7816,0,[38.99932,33.86996]]],[130,[60.06944,96.83876,0,[37.99933,40.04604]]],[164,[61.1245,101.6855,0,[38.28292,37.99928]]],[71,[62.30238,106.7606,0,[38.99932,35.19906]]],[47,[63.28294,107.6426,0,[38.99932,32.65243]]],[5,[63.88121,104.3252,0,[39.55097,28.99927]]],[152,[60.87666,98.75724,0,[37.9993,39.7335]]],[158,[61.63317,102.5923,0,[38.56542,37.99926]]],[36,[64.14875,108.3875,0,[38.99932,30.14074]]],[167,[62.38734,106.4496,0,[38.99934,36.58695]]],[59,[63.57926,109.3054,0,[38.99933,33.64091]]],[6,[64.33504,103.9766,0,[38.99932,31.25113]]],[166,[62.45746,103.1465,0,[38.22909,37.99924]]],[70,[63.47975,105.0261,0,[38.99933,35.24036]]],[162,[61.86141,101.0831,0,[37.99935,39.8493]]],[141,[60.85391,97.05888,0,[37.99932,41.31272]]],[173,[62.89677,105.4445,0,[38.99934,37.42227]]],[7,[64.88818,106.026,0,[38.99932,32.00405]]],[104,[64.58751,110.5675,0,[38.99932,33.98445]]],[60,[65.72079,112.0897,0,[39.49294,28.99927]]],[151,[62.36187,98.68811,0,[37.99924,40.266]]],[171,[63.9327,105.0617,0,[38.99932,36.23507]]],[172,[63.53883,102.7228,0,[37.9993,38.39178]]],[4,[66.10599,103.4528,0,[38.99931,29.95901]]],[49,[65.64456,111.9192,0,[38.99932,32.00344]]],[58,[65.11504,107.8044,0,[38.99932,34.32698]]],[177,[63.96062,106.6359,0,[38.99931,37.85395]]],[37,[66.26475,109.7603,0,[38.99932,32.27964]]],[140,[63.62345,99.17332,0,[37.99931,39.97878]]],[174,[65.13084,109.3241,0,[38.99932,35.79097]]],[16,[66.89761,107.7251,0,[38.99932,29.95571]]],[170,[64.78829,104.9114,0,[37.99931,38.40139]]],[26,[66.28902,108.7747,0,[38.99932,33.75851]]],[72,[65.29204,108.1067,0,[38.99932,36.96162]]],[11,[67.44686,101.3766,0,[38.99932,30.62284]]],[17,[66.44284,107.8403,0,[38.99932,35.00471]]],[160,[65.52442,104.1277,0,[38.24356,37.99927]]],[1,[67.4908,105.3263,0,[38.99932,32.14552]]],[176,[66.0295,108.1051,0,[38.99932,37.07032]]],[129,[64.99004,97.49696,0,[37.99931,39.81869]]],[161,[64.03934,100.9648,0,[37.99931,41.32125]]],[88,[67.61081,111.533,0,[38.99932,33.51459]]],[73,[65.875,93.02821,0,[37.99932,39.07023]]],[169,[67.08948,107.6664,0,[38.99932,35.85768]]],[159,[66.53064,107.3407,0,[38.58559,37.99926]]],[0,[69.03854,104.1813,0,[38.99931,30.025]]],[27,[68.15887,111.0061,0,[38.99932,33.91784]]],[2,[69.05537,107.4889,0,[38.99932,31.55806]]],[168,[67.26545,108.6145,0,[38.99932,37.15905]]],[117,[66.69954,98.6889,0,[37.99932,40.01644]]],[175,[68.37792,110.4928,0,[38.99932,35.21727]]],[8,[69.28869,106.9708,0,[38.99932,32.75511]]],[139,[68.00795,106.9443,0,[38.99933,37.36123]]],[150,[67.82726,103.7429,0,[37.99932,38.70298]]],[38,[69.43564,112.0247,0,[38.99932,34.14135]]],[18,[70.47301,112.2863,0,[38.99932,31.64203]]],[128,[69.10641,104.6498,0,[38.99932,36.31081]]],[118,[68.70088,99.60086,0,[38.26588,37.99926]]],[9,[70.67256,108.9017,0,[38.99932,32.95587]]],[105,[70.19475,104.1861,0,[38.99932,35.10782]]],[89,[69.29637,97.84622,0,[38.99932,37.64907]]]

Travel Distances:
[61,123.9226],[62,123.9776],[63,125.8862],[75,125.3012],[76,125.4153],[74,124.7127],[28,125.5356],[39,127.3592],[78,127.3691],[93,126.9161],[92,126.7137],[77,125.8808],[40,126.8325],[50,126.5177],[19,125.8165],[109,128.3113],[91,126.8826],[95,127.9874],[51,128.389],[29,127.1466],[79,127.4551],[94,126.5405],[111,127.5267],[108,128.5654],[41,128.9863],[30,128.7902],[64,128.8968],[110,128.0002],[96,127.8673],[122,128.6156],[31,127.9225],[20,126.4941],[52,129.4489],[124,129.9573],[123,129.656],[21,128.1843],[97,128.5372],[112,128.6779],[135,131.312],[80,130.2695],[125,130.198],[42,129.8983],[65,129.4448],[107,127.472],[113,129.5198],[66,129.5547],[81,131.1054],[133,130.2247],[146,131.6025],[32,130.991],[67,131.0455],[121,128.9673],[53,130.1436],[126,129.9216],[134,128.8636],[120,128.7829],[98,131.4571],[83,132.8697],[145,131.1643],[68,132.1204],[82,131.0289],[136,132.0685],[10,128.1303],[43,131.5326],[90,127.6728],[54,131.1826],[99,132.7307],[132,129.9074],[144,130.9924],[55,131.494],[84,134.1632],[127,132.6466],[22,131.1184],[44,131.6134],[33,131.4601],[101,133.957],[156,132.0172],[143,132.6568],[69,134.6058],[119,130.9662],[102,135.1741],[137,132.3265],[34,133.6005],[45,133.1251],[103,136.0981],[56,133.0254],[147,133.4821],[131,131.5455],[85,134.7173],[100,134.5692],[106,129.9297],[13,130.1981],[116,136.2018],[23,131.8706],[154,132.0192],[24,132.3962],[148,134.6104],[46,134.8802],[157,134.3302],[142,132.3257],[86,135.7802],[155,132.5375],[165,135.6747],[12,130.3465],[14,132.7785],[25,135.6933],[153,133.5237],[138,133.7496],[35,135.0753],[114,135.866],[87,137.5725],[48,137.9102],[115,137.5446],[163,135.3833],[3,131.0219],[15,134.1609],[149,137.0209],[57,135.295],[130,130.6991],[164,133.4361],[71,138.1525],[47,137.0726],[5,132.5625],[152,132.9903],[158,135.3249],[36,136.0895],[167,137.6747],[59,138.1468],[6,133.19],[166,136.2281],[70,136.0594],[162,135.3529],[141,133.1235],[173,137.6499],[7,134.2496],[104,141.3904],[60,140.6477],[151,133.9327],[171,137.1898],[172,135.6446],[4,131.2376],[49,140.6297],[58,137.5739],[177,138.7144],[37,139.229],[140,133.9244],[174,141.0545],[16,135.9295],[170,137.3346],[26,138.1962],[72,139.5222],[11,128.4821],[17,138.944],[160,137.0752],[1,134.3427],[176,140.045],[129,131.5091],[161,136.6427],[88,140.3112],[73,127.2628],[169,139.4846],[159,140.2773],[0,132.1039],[27,140.6877],[2,135.378],[168,140.083],[117,133.2892],[175,141.7353],[8,136.3917],[139,138.9284],[150,136.0883],[38,141.1532],[18,141.3394],[128,136.4359],[118,132.1982],[9,137.5563],[105,135.79],[89,131.2519]

Finish Times:
[61,63.36107],[62,63.68108],[63,64.20109],[75,64.32109],[76,64.48109],[74,64.5211],[28,64.7611],[39,65.00111],[78,65.04111],[93,65.16111],[92,65.20111],[77,65.48112],[40,65.68112],[50,65.80112],[19,65.84113],[109,66.00113],[91,66.08113],[95,66.16113],[51,66.36114],[29,66.52114],[79,66.52114],[94,66.76115],[111,66.88115],[108,67.00115],[41,67.04115],[30,67.20116],[64,67.24116],[110,67.48116],[96,67.64117],[122,67.76117],[31,67.84117],[20,67.92117],[52,68.12118],[124,68.24118],[123,68.36118],[21,68.56119],[97,68.72119],[112,68.72119],[135,69.2012],[80,69.2412],[125,69.44121],[42,69.48121],[65,69.60121],[107,69.72121],[113,69.76122],[66,69.92122],[81,70.28123],[133,70.40123],[146,70.40123],[32,70.60123],[67,70.60123],[121,70.64124],[53,70.68124],[126,70.80124],[134,70.92124],[120,71.08125],[98,71.32125],[83,71.44125],[145,71.64126],[68,71.68126],[82,71.92126],[136,71.96127],[10,72.04127],[43,72.20127],[90,72.36127],[54,72.44128],[99,72.44128],[132,72.44128],[144,72.68128],[55,72.76128],[84,73.00129],[127,73.12129],[22,73.4413],[44,73.4413],[33,73.4813],[101,73.5613],[156,73.88131],[143,73.96131],[69,74.00131],[119,74.12132],[102,74.20132],[137,74.28132],[34,74.48132],[45,74.64133],[103,74.72133],[56,74.80133],[147,74.96133],[131,75.08134],[85,75.24134],[100,75.36134],[106,75.40134],[13,75.76135],[116,75.76135],[23,75.80135],[154,75.84135],[24,75.92136],[148,76.08136],[46,76.32137],[157,76.32137],[142,76.40137],[86,76.80138],[155,76.92138],[165,76.96138],[12,77.00138],[14,77.00138],[25,77.00138],[153,77.28139],[138,77.40139],[35,77.44139],[114,77.7214],[87,77.9214],[48,78.08141],[115,78.08141],[163,78.08141],[3,78.16141],[15,78.16141],[149,78.52142],[57,78.60142],[130,78.68142],[164,78.80142],[71,79.08143],[47,79.24143],[5,79.32143],[152,79.40144],[158,79.40144],[36,79.48144],[167,79.72144],[59,79.84145],[6,80.04145],[166,80.12145],[70,80.32146],[162,80.36146],[141,80.44146],[173,80.56146],[7,80.68147],[104,80.96147],[60,81.12148],[151,81.12148],[171,81.12148],[172,81.36148],[4,81.40148],[49,81.40148],[58,81.60149],[177,81.80149],[37,82.1215],[140,82.1615],[174,82.1615],[16,82.2015],[170,82.56151],[26,82.60151],[72,82.76151],[11,82.88152],[17,83.20152],[160,83.20152],[1,83.36153],[176,83.52153],[129,83.56153],[161,83.76154],[88,83.88154],[73,84.04154],[169,84.12154],[159,84.32155],[0,84.40155],[27,84.52155],[2,84.76156],[168,84.80156],[117,85.20157],[175,85.20157],[8,85.36157],[139,85.60158],[150,85.76158],[38,85.88158],[18,86.20159],[128,86.32159],[118,86.4016],[9,86.7616],[105,86.96161],[89,87.04161]

Stuck Times:
[61,0],[62,0],[63,0],[75,0],[76,0],[74,0],[28,0],[39,0],[78,0],[93,0],[92,0],[77,0],[40,0],[50,0],[19,0],[109,0],[91,1],[95,0],[51,0],[29,0],[79,0],[94,1],[111,0],[108,0],[41,0],[30,0],[64,0],[110,1],[96,1],[122,0],[31,1],[20,2],[52,0],[124,1],[123,1],[21,3],[97,1],[112,3],[135,1],[80,2],[125,2],[42,1],[65,1],[107,3],[113,3],[66,1],[81,3],[133,4],[146,2],[32,2],[67,2],[121,4],[53,2],[126,4],[134,5],[120,6],[98,4],[83,2],[145,5],[68,2],[82,5],[136,4],[10,6],[43,5],[90,7],[54,6],[99,5],[132,8],[144,6],[55,4],[84,4],[127,6],[22,6],[44,6],[33,6],[101,3],[156,6],[143,7],[69,5],[119,8],[102,4],[137,8],[34,7],[45,7],[103,4],[56,6],[147,7],[131,7],[85,8],[100,6],[106,10],[13,10],[116,5],[23,9],[154,8],[24,9],[148,9],[46,10],[157,8],[142,7],[86,8],[155,8],[165,8],[12,11],[14,12],[25,10],[153,9],[138,9],[35,12],[114,7],[87,5],[48,11],[115,7],[163,11],[3,13],[15,12],[149,9],[57,9],[130,14],[164,14],[71,9],[47,11],[5,14],[152,11],[158,14],[36,12],[167,12],[59,11],[6,15],[166,13],[70,14],[162,14],[141,15],[173,13],[7,15],[104,10],[60,12],[151,15],[171,15],[172,15],[4,15],[49,10],[58,12],[177,13],[37,14],[140,17],[174,14],[16,14],[170,14],[26,14],[72,11],[11,16],[17,15],[160,16],[1,16],[176,13],[129,18],[161,15],[88,14],[73,19],[169,15],[159,13],[0,17],[27,12],[2,16],[168,14],[117,20],[175,14],[8,16],[139,16],[150,16],[38,16],[18,17],[128,17],[118,20],[9,18],[105,19],[89,21]

