Experiment Name: Custom-SimpleTwoPaths4
Method Used: RegionalFlowGraph
Run Number: 6
Preparation Time: 120.8554ms
Pathfinding Time: 0.4568ms
Finish Time: 89.28166ms
Finish Time 90%: 86.16159ms
Repaths: 0
Soft Repaths: 0

Gates Data:
2:[62,[10.56036,21.07793,0,[88.83368,87.99934]]],[61,[9.673315,19.15075,0,[87.99925,90.1954]]],[75,[10.56165,20.82959,0,[87.99926,89.51832]]],[28,[11.40534,22.64171,0,[88.99924,87.05143]]],[63,[11.35525,22.33956,0,[87.99922,88.22963]]],[74,[10.2034,18.79818,0,[87.99927,91.20683]]],[39,[11.72662,23.03533,0,[88.62138,87.99934]]],[77,[11.74462,22.39489,0,[87.99927,89.10607]]],[19,[12.29622,23.53034,0,[88.99926,86.49792]]],[76,[10.98638,21.01643,0,[87.99928,90.07533]]],[29,[12.25684,23.28787,0,[88.99918,87.84222]]],[78,[12.46816,23.45538,0,[87.99918,88.51834]]],[10,[12.9632,22.88367,0,[88.99918,86.51511]]],[50,[12.8547,23.80009,0,[88.99926,87.90709]]],[93,[11.23876,20.9419,0,[87.99925,91.13555]]],[95,[13.08711,24.22345,0,[87.99926,88.49484]]],[40,[13.46881,23.6706,0,[88.9992,87.91512]]],[30,[13.70731,24.94312,0,[88.99929,86.27329]]],[109,[12.72886,23.05384,0,[87.99928,89.99146]]],[94,[12.03162,22.46118,0,[87.99921,89.96603]]],[20,[14.22606,24.14316,0,[88.99922,86.58257]]],[79,[13.77413,24.4801,0,[87.99921,88.54921]]],[51,[14.10859,24.73939,0,[88.806,87.99942]]],[92,[11.96182,20.1054,0,[87.99928,91.33586]]],[41,[14.85292,25.33356,0,[88.99918,86.53854]]],[96,[14.14773,24.34193,0,[87.99918,89.45245]]],[52,[14.71524,25.3202,0,[88.99917,87.78711]]],[64,[14.82378,25.68647,0,[87.99917,88.40421]]],[110,[13.36557,23.7141,0,[87.99921,89.94766]]],[21,[15.59696,25.69727,0,[88.99928,86.19908]]],[65,[15.30897,25.9144,0,[88.99922,87.79943]]],[97,[15.45131,26.11245,0,[87.99923,88.42415]]],[111,[14.57866,24.29455,0,[87.99934,89.90703]]],[42,[15.93526,25.92648,0,[88.99924,87.78654]]],[80,[16.08961,26.79291,0,[87.99925,88.39564]]],[108,[12.78794,21.49685,0,[87.99928,91.38955]]],[31,[16.1912,26.14168,0,[88.99926,86.33339]]],[112,[15.17281,25.12292,0,[87.99931,89.92971]]],[123,[13.66758,23.45433,0,[87.99922,91.23701]]],[53,[16.55439,26.82584,0,[88.99915,87.76882]]],[12,[16.82528,25.61898,0,[88.99916,86.42562]]],[113,[16.69037,27.08778,0,[87.99915,88.4219]]],[122,[15.89732,24.38489,0,[87.99923,89.7615]]],[43,[17.16592,27.11895,0,[88.99919,87.74613]]],[66,[17.29943,27.87243,0,[87.9992,88.38993]]],[32,[17.55999,27.29591,0,[88.99924,86.18462]]],[91,[14.47431,20.0771,0,[87.99925,91.44519]]],[125,[16.5257,26.096,0,[87.99919,89.72698]]],[54,[17.70111,27.56897,0,[88.94673,87.99938]]],[81,[17.79413,27.52216,0,[87.99922,88.72216]]],[107,[15.28279,21.73104,0,[87.99921,91.16321]]],[22,[18.06467,26.61879,0,[88.99931,86.53512]]],[135,[17.04131,26.31989,0,[87.99924,90.01358]]],[67,[18.5319,28.93743,0,[87.99918,88.25985]]],[44,[18.40956,28.51569,0,[88.99919,87.61824]]],[133,[17.62007,25.1138,0,[87.9993,90.08821]]],[121,[16.03319,22.52716,0,[87.9992,91.09984]]],[33,[18.79446,28.51555,0,[88.9992,86.23525]]],[34,[18.98417,28.77944,0,[88.99923,87.60829]]],[55,[19.1579,29.44817,0,[87.99924,88.21543]]],[23,[19.54764,28.09636,0,[88.99926,86.12043]]],[126,[18.40003,26.67891,0,[87.9992,89.55283]]],[45,[19.46633,29.42841,0,[88.99924,87.89005]]],[124,[16.67805,23.79064,0,[87.99919,91.5204]]],[83,[19.68527,29.53019,0,[87.99924,88.51006]]],[56,[20.22084,30.13159,0,[88.99918,87.39001]]],[14,[20.16676,28.97089,0,[88.99927,86.22096]]],[98,[18.92167,27.37574,0,[87.99921,89.85027]]],[68,[20.4186,30.45608,0,[87.99916,88.07468]]],[134,[17.56147,24.20584,0,[87.99931,91.31634]]],[137,[19.50768,27.78835,0,[87.99921,89.88638]]],[13,[20.97242,27.22452,0,[88.99918,86.2424]]],[69,[20.76935,30.6623,0,[88.99917,87.63539]]],[120,[18.29579,22.81703,0,[87.9992,91.21597]]],[84,[20.9258,31.0458,0,[87.99915,88.3187]]],[127,[20.24372,28.51786,0,[87.99911,89.3887]]],[85,[21.3943,31.27703,0,[88.99921,87.64765]]],[15,[21.68247,29.80021,0,[88.99921,86.28742]]],[82,[21.51887,29.87552,0,[87.99922,88.28227]]],[136,[18.97539,26.00697,0,[87.99931,91.35586]]],[138,[20.83655,29.7921,0,[87.99924,89.88364]]],[102,[22.10291,32.73215,0,[88.16653,87.99943]]],[5,[22.42678,28.1592,0,[88.99924,85.97617]]],[24,[22.16691,30.14882,0,[88.99918,87.33814]]],[145,[19.93126,25.70243,0,[87.99929,90.67793]]],[86,[22.48398,33.2207,0,[87.99914,88.7085]]],[11,[23.07368,24.44283,0,[88.99928,86.37491]]],[25,[22.55693,30.79691,0,[88.99922,87.82181]]],[99,[21.6727,30.00766,0,[87.99919,89.28075]]],[144,[21.15686,26.35364,0,[87.99913,90.61224]]],[46,[23.50914,31.81149,0,[88.99923,86.95034]]],[103,[23.24682,34.53621,0,[88.50543,87.99944]]],[147,[23.01329,29.25886,0,[87.99911,88.9264]]],[58,[23.67212,32.66136,0,[88.96757,87.99938]]],[35,[24.31359,32.13357,0,[88.99924,85.96394]]],[100,[21.93757,29.9572,0,[87.99927,90.02065]]],[6,[24.4572,28.54779,0,[88.99922,86.88241]]],[70,[23.68898,33.01488,0,[87.99917,88.67774]]],[116,[24.26929,35.3302,0,[87.9992,88.69435]]],[57,[24.41986,32.33035,0,[88.75733,87.99939]]],[16,[25.19352,31.48511,0,[88.99933,86.2712]]],[132,[22.6736,24.74909,0,[87.99948,90.32377]]],[101,[23.52466,31.85312,0,[87.99917,89.91759]]],[87,[24.92634,35.68722,0,[87.99922,88.52477]]],[47,[24.92909,33.34419,0,[88.99918,87.8307]]],[156,[24.15219,29.35575,0,[87.99924,89.94058]]],[3,[25.74373,25.92616,0,[88.9992,86.39848]]],[59,[25.5275,35.09805,0,[88.9992,87.79488]]],[114,[25.58456,33.11687,0,[87.99921,88.37352]]],[148,[20.28625,27.25959,0,[87.99905,91.58035]]],[158,[24.86093,30.763,0,[87.99928,89.74677]]],[36,[26.18115,32.50023,0,[88.99918,87.63358]]],[115,[26.25332,35.73938,0,[87.99919,88.24977]]],[154,[25.46612,28.70879,0,[87.99918,89.82169]]],[26,[26.39661,33.1204,0,[88.99924,86.26788]]],[146,[23.43272,26.8545,0,[87.99913,91.24941]]],[27,[26.75686,33.9028,0,[88.99919,87.71742]]],[131,[24.51594,24.56678,0,[87.99941,91.16579]]],[7,[27.01575,30.79929,0,[88.99935,86.29575]]],[71,[26.88422,35.01212,0,[87.99918,88.36987]]],[157,[26.17594,29.80974,0,[87.99915,89.47386]]],[17,[27.6376,32.32519,0,[88.9992,86.28613]]],[48,[27.30331,34.61547,0,[88.99921,87.81236]]],[149,[27.50632,33.78559,0,[87.99921,88.44105]]],[143,[25.14675,26.14767,0,[87.99931,91.44702]]],[174,[26.75854,32.87231,0,[87.99915,89.73507]]],[37,[28.28057,34.42434,0,[88.99928,86.23619]]],[104,[27.91788,37.6617,0,[88.99921,87.7404]]],[164,[28.17208,32.18076,0,[87.99924,88.35995]]],[153,[27.34202,29.64871,0,[87.99922,89.77795]]],[73,[26.10562,19.85144,0,[87.99912,90.7551]]],[60,[28.41889,36.2935,0,[88.96792,87.99932]]],[166,[28.7224,32.87698,0,[87.99928,88.57226]]],[142,[27.91645,27.87622,0,[87.99917,89.89627]]],[4,[28.84662,27.74699,0,[88.99923,86.46331]]],[130,[27.20687,25.80589,0,[87.99922,91.23987]]],[119,[26.51526,23.38417,0,[87.99931,91.26358]]],[167,[29.15179,36.10449,0,[88.99924,87.51701]]],[165,[29.43987,34.43674,0,[87.99922,88.17036]]],[18,[29.65833,35.56103,0,[88.99924,86.04898]]],[171,[28.70486,33.47888,0,[87.99927,89.71942]]],[0,[30.1523,29.29313,0,[88.99921,86.47863]]],[72,[29.60692,36.59399,0,[88.86581,87.9994]]],[118,[27.99917,25.26629,0,[87.99915,91.2458]]],[88,[30.23996,37.63675,0,[88.99919,87.64729]]],[173,[30.39346,35.54185,0,[87.99919,88.35207]]],[172,[29.64183,34.35533,0,[87.99915,89.02557]]],[176,[31.06514,36.42025,0,[87.99921,88.06287]]],[49,[30.95185,37.73885,0,[88.99924,86.12341]]],[38,[30.95257,36.79939,0,[88.99918,87.43643]]],[152,[30.61798,31.03024,0,[87.99917,89.44585]]],[129,[29.83821,28.8167,0,[87.99924,89.89513]]],[162,[31.58475,32.597,0,[87.99919,88.24535]]],[1,[31.71925,30.82808,0,[88.99921,86.25093]]],[106,[29.07741,23.86013,0,[87.99909,90.25436]]],[177,[31.53281,36.76284,0,[88.99918,87.65737]]],[151,[31.19142,30.17939,0,[87.99921,89.62957]]],[163,[32.21249,34.32314,0,[87.99925,88.1138]]],[155,[28.7782,27.63248,0,[87.99924,91.60385]]],[2,[32.46663,33.36185,0,[88.9993,86.24787]]],[175,[32.29707,37.27902,0,[88.99922,87.58447]]],[141,[30.2416,27.73383,0,[87.99913,90.779]]],[160,[32.78798,35.36043,0,[87.99921,88.18253]]],[140,[31.83624,29.52427,0,[87.99924,89.67892]]],[9,[33.2804,35.86629,0,[88.99925,86.2961]]],[169,[33.13066,37.81684,0,[88.99924,87.61095]]],[161,[33.33107,33.08516,0,[87.99921,88.37525]]],[105,[30.78866,24.6064,0,[87.99931,91.39703]]],[170,[32.46433,32.67234,0,[87.99924,89.7762]]],[168,[33.86163,37.30166,0,[88.46817,87.99937]]],[8,[34.1279,35.41707,0,[88.99921,86.74317]]],[117,[33.22003,26.78846,0,[87.99921,89.70177]]],[89,[31.68788,23.17527,0,[87.99915,91.30692]]],[139,[34.1553,30.97045,0,[87.99915,88.92731]]],[150,[34.41456,32.02832,0,[88.99915,87.93996]]],[90,[32.60954,21.56067,0,[87.99921,91.37227]]],[159,[35.12998,35.89772,0,[87.99932,88.64158]]],[128,[33.82929,27.10904,0,[87.99924,90.55447]]]
0:[62,[46.11023,91.96728,0,[38.99918,37.62264]]],[61,[45.09008,89.30249,0,[37.99926,41.24899]]],[75,[46.08647,91.72809,0,[37.99932,39.44012]]],[28,[47.22836,93.91785,0,[38.99923,36.32793]]],[63,[46.88073,93.02548,0,[38.36118,37.99931]]],[74,[45.86685,89.66277,0,[37.99929,41.3364]]],[39,[47.46921,93.90704,0,[38.99924,37.47215]]],[77,[47.564,93.52728,0,[37.9992,38.61789]]],[19,[48.43134,95.03368,0,[38.9993,35.4705]]],[76,[46.7839,91.57932,0,[37.99928,40.45396]]],[29,[47.95995,93.97452,0,[38.99928,37.95215]]],[78,[47.91981,93.58765,0,[37.99928,39.60165]]],[10,[49.48918,95.17904,0,[38.99927,34.48739]]],[50,[49.03018,95.56955,0,[38.99934,36.4948]]],[93,[47.03074,91.66469,0,[37.99923,41.47159]]],[95,[48.92793,95.33991,0,[38.05463,37.9993]]],[40,[49.2535,94.73292,0,[38.99926,37.51152]]],[30,[50.21196,96.98046,0,[38.99926,34.51541]]],[109,[48.65059,94.03401,0,[37.99926,39.86642]]],[94,[47.72085,92.36044,0,[37.99928,41.54148]]],[20,[50.27432,95.43049,0,[38.99928,35.87257]]],[79,[49.5877,95.30053,0,[37.99923,38.53637]]],[51,[49.80206,95.47018,0,[38.99926,37.89825]]],[92,[48.49831,91.20019,0,[37.99922,41.5526]]],[41,[51.4204,97.88302,0,[38.99936,34.16072]]],[96,[49.93705,95.2961,0,[37.99925,39.34806]]],[52,[50.86016,97.05987,0,[38.99928,36.45351]]],[64,[50.6815,96.56119,0,[38.31798,37.99939]]],[110,[49.28241,93.72568,0,[37.99917,41.25937]]],[21,[51.92346,97.5456,0,[38.99933,34.74177]]],[65,[51.36714,97.31123,0,[38.99926,36.98115]]],[97,[51.42528,97.32526,0,[38.04661,37.99931]]],[111,[50.49686,95.27203,0,[37.99922,39.90772]]],[42,[52.36052,98.05984,0,[38.9993,35.91095]]],[80,[51.70881,97.25069,0,[38.89067,37.99936]]],[108,[49.78356,92.22133,0,[37.99926,41.81321]]],[31,[52.94888,98.90884,0,[38.99928,33.65992]]],[112,[51.5071,96.75653,0,[37.99924,39.22404]]],[123,[50.70658,94.7439,0,[37.9993,41.17881]]],[53,[52.6738,98.30165,0,[38.99929,36.86754]]],[12,[53.36166,97.82559,0,[38.99927,34.51338]]],[113,[52.62628,98.19385,0,[38.06903,37.99928]]],[122,[51.79083,94.97622,0,[37.99924,40.18063]]],[43,[53.67394,99.43566,0,[38.99929,35.67286]]],[66,[52.91652,98.35939,0,[38.99931,37.87183]]],[32,[54.50848,100.3026,0,[38.99936,33.19184]]],[91,[51.14595,90.81377,0,[37.99923,41.8967]]],[125,[52.82509,97.43182,0,[37.99927,39.12963]]],[54,[53.92756,99.25683,0,[38.99931,36.70528]]],[81,[53.84334,98.8964,0,[38.07364,37.9993]]],[107,[52.10723,92.7438,0,[37.99926,41.15268]]],[22,[54.75037,98.98098,0,[38.99932,34.36088]]],[135,[53.07306,97.34871,0,[37.99927,40.08206]]],[67,[54.10593,99.39978,0,[38.99928,37.80483]]],[44,[54.96684,100.9007,0,[38.99932,35.49948]]],[133,[54.04189,96.76107,0,[37.99924,39.01036]]],[121,[52.59002,93.22031,0,[37.99926,41.91256]]],[33,[55.8471,101.5157,0,[38.99928,33.39453]]],[34,[55.05507,100.2284,0,[38.99934,36.73582]]],[55,[54.89438,100.3942,0,[38.21012,37.9993]]],[23,[55.94556,99.87737,0,[38.9993,34.73736]]],[126,[54.36723,97.53518,0,[37.99927,39.87062]]],[45,[55.45218,100.5814,0,[38.99923,37.36925]]],[124,[53.45792,94.81413,0,[37.99931,41.5134]]],[83,[55.52344,100.441,0,[37.99925,38.32714]]],[56,[56.44535,102.0058,0,[38.99928,35.89495]]],[14,[57.00337,101.7159,0,[38.99932,33.57441]]],[98,[54.87234,97.97369,0,[37.99924,40.26461]]],[68,[55.88181,100.6633,0,[38.99931,37.91424]]],[134,[54.12886,95.03076,0,[37.99924,41.82299]]],[137,[56.04533,99.45289,0,[37.9992,38.73372]]],[13,[57.41728,99.33714,0,[38.99927,34.41926]]],[69,[56.94023,102.2176,0,[38.9993,36.53181]]],[120,[55.06447,93.65668,0,[37.99923,41.37569]]],[84,[56.87395,102.0759,0,[38.11494,37.99934]]],[127,[56.10983,99.1108,0,[37.99925,40.05077]]],[85,[57.97324,103.651,0,[38.99932,35.42929]]],[15,[58.54958,102.8979,0,[38.99937,33.13311]]],[82,[57.25818,100.498,0,[38.99929,37.5125]]],[136,[55.57925,96.80879,0,[37.99919,41.95178]]],[138,[57.24913,101.3979,0,[37.99922,38.86052]]],[102,[57.83611,103.2655,0,[38.61758,37.99928]]],[5,[59.04225,100.5334,0,[38.99939,33.79132]]],[24,[58.42331,101.7955,0,[38.99931,36.14622]]],[145,[56.60334,96.63461,0,[37.9993,40.93276]]],[86,[58.53492,104.529,0,[37.99929,38.30602]]],[11,[59.59855,96.70901,0,[38.99937,34.32879]]],[25,[58.66042,101.9836,0,[38.99927,37.30404]]],[99,[57.69225,100.5725,0,[37.99921,40.05637]]],[144,[56.97816,96.83524,0,[37.99929,41.7533]]],[46,[59.79847,103.6788,0,[38.99934,35.4467]]],[103,[59.21737,105.5997,0,[38.19275,37.9993]]],[147,[58.52732,99.65508,0,[37.99923,39.99395]]],[58,[59.58294,103.9997,0,[38.99931,37.20314]]],[35,[60.87793,104.8567,0,[38.99928,33.38733]]],[100,[57.75571,99.96095,0,[37.99924,41.79019]]],[6,[60.66582,100.5742,0,[38.99928,35.1719]]],[70,[59.35662,103.4427,0,[37.99916,39.34339]]],[116,[60.10091,106.5533,0,[38.22393,37.99929]]],[57,[60.3767,103.7763,0,[38.99924,36.88946]]],[16,[61.75582,104.1278,0,[38.99931,33.77607]]],[132,[58.58774,94.99982,0,[37.99928,41.71198]]],[101,[59.55659,102.5428,0,[37.99924,40.36761]]],[87,[60.53529,106.261,0,[38.97393,37.99932]]],[47,[61.33302,105.5038,0,[38.99932,35.95391]]],[156,[60.53084,101.0678,0,[37.99927,38.94138]]],[3,[62.31651,98.31496,0,[38.99932,34.24491]]],[59,[61.61104,106.5033,0,[38.99929,36.9123]]],[114,[61.52161,104.0742,0,[38.10486,37.99926]]],[148,[59.55245,98.65513,0,[37.99918,41.63631]]],[158,[60.66118,101.2599,0,[37.99924,40.16311]]],[36,[62.59483,104.7884,0,[38.99928,35.58766]]],[115,[61.82317,106.0415,0,[38.99927,37.96796]]],[154,[61.72908,100.3804,0,[37.99922,39.16273]]],[26,[63.37208,106.2873,0,[38.99935,33.08191]]],[146,[60.18367,97.33054,0,[37.99923,41.85072]]],[27,[62.8834,105.4936,0,[38.99928,36.59914]]],[131,[61.13846,96.00309,0,[37.99928,41.01963]]],[7,[63.67881,103.175,0,[38.99932,34.10787]]],[71,[62.79073,105.9543,0,[38.19778,37.99939]]],[157,[62.2481,100.5702,0,[37.99926,39.62481]]],[17,[63.87314,103.8716,0,[38.99927,35.337]]],[48,[63.31517,105.8046,0,[38.99924,37.37357]]],[149,[63.37566,104.7495,0,[37.99929,38.42415]]],[143,[61.59484,96.88041,0,[37.99928,41.71806]]],[174,[62.63523,103.4987,0,[37.99921,40.33938]]],[37,[64.96272,106.9278,0,[38.99936,33.86031]]],[104,[64.27414,109.4239,0,[38.99926,36.37172]]],[164,[63.88137,102.8092,0,[38.62344,37.99927]]],[153,[63.48681,100.5282,0,[37.9992,39.8885]]],[73,[62.28146,90.39067,0,[37.9992,41.87739]]],[60,[65.2325,109.1162,0,[38.99927,35.20173]]],[166,[64.59036,103.7997,0,[38.99926,37.4486]]],[142,[64.53805,99.78036,0,[37.99924,38.56542]]],[4,[65.92953,101.0445,0,[38.99923,33.15182]]],[130,[64.00093,97.56269,0,[37.99928,40.37416]]],[119,[63.01495,94.0941,0,[37.99924,41.79359]]],[167,[65.59665,107.7504,0,[38.99926,36.29451]]],[165,[65.17974,105.1685,0,[38.55531,37.99938]]],[18,[66.27599,107.8253,0,[38.99929,34.00501]]],[171,[65.04813,105.1056,0,[37.99921,39.23643]]],[0,[66.70799,101.413,0,[38.99929,34.64389]]],[72,[65.67519,107.5547,0,[38.99929,37.70427]]],[118,[64.17298,96.31611,0,[37.99923,41.69118]]],[88,[66.58985,109.5227,0,[38.99926,36.16673]]],[173,[66.04128,106.2968,0,[37.99922,38.5105]]],[172,[65.10732,104.1408,0,[37.99923,40.6017]]],[176,[66.33488,106.6966,0,[38.99924,37.90152]]],[49,[67.65954,110.2222,0,[38.99924,33.78183]]],[38,[67.3422,108.8034,0,[38.99925,35.74343]]],[152,[66.96542,102.837,0,[37.99931,38.36097]]],[129,[66.05652,99.76468,0,[37.99928,40.11839]]],[162,[67.13869,103.2251,0,[38.99929,37.48916]]],[1,[68.35554,103.3573,0,[38.99925,33.88133]]],[106,[65.18683,93.95993,0,[37.99923,41.90261]]],[177,[68.02657,108.8068,0,[38.99932,35.89772]]],[151,[67.27665,101.1631,0,[37.9992,39.35444]]],[163,[67.79791,104.8492,0,[38.49642,37.99944]]],[155,[66.12998,98.94926,0,[37.99921,41.43283]]],[2,[69.11998,105.9142,0,[38.99933,33.83332]]],[175,[68.74653,108.9279,0,[38.99925,36.3712]]],[141,[66.9467,98.39578,0,[37.99931,41.06206]]],[160,[68.45401,105.9082,0,[38.59023,37.99937]]],[140,[68.02579,100.6103,0,[37.99927,39.45476]]],[9,[69.89039,107.6647,0,[38.99928,34.87263]]],[169,[69.27232,108.989,0,[38.99925,37.05802]]],[161,[69.25968,104.1556,0,[37.99928,38.18855]]],[105,[67.46883,95.43513,0,[37.99921,41.74449]]],[170,[68.46949,103.2537,0,[37.99935,40.36576]]],[168,[69.73233,107.9042,0,[38.75143,37.99938]]],[8,[70.40907,106.8714,0,[38.99931,35.83045]]],[117,[69.56831,97.9198,0,[37.99919,39.43339]]],[89,[68.75688,94.08456,0,[37.99931,41.436]]],[139,[70.73003,102.5412,0,[38.01039,37.99928]]],[150,[70.84335,103.7362,0,[38.99932,36.70026]]],[90,[69.6321,92.6983,0,[37.99923,41.10414]]],[159,[71.04428,106.5986,0,[38.99906,37.90025]]],[128,[70.79092,98.73808,0,[37.99932,39.53913]]]

Travel Distances:
[62,123.6945],[61,124.9025],[75,125.3726],[28,125.3872],[63,124.913],[74,125.7418],[39,126.7752],[77,126.2494],[19,126.0726],[76,125.633],[29,125.7906],[78,127.4946],[10,126.0706],[50,127.3743],[93,127.1645],[95,127.3149],[40,128.0299],[30,128.3651],[109,128.5545],[94,128.3794],[20,126.6978],[79,127.898],[51,127.6216],[92,125.9456],[41,128.9117],[96,129.1651],[52,129.2006],[64,129.0871],[110,128.7673],[21,127.4402],[65,128.4394],[97,130.337],[111,130.0526],[42,129.2032],[80,129.6534],[108,128.0579],[31,128.6409],[112,129.5024],[123,130.8459],[53,130.7533],[12,128.7932],[113,130.802],[122,129.0876],[43,129.8821],[66,130.3062],[32,131.0865],[91,127.9147],[125,131.463],[54,131.1821],[81,131.0627],[107,128.0572],[22,129.282],[135,130.8538],[67,132.9903],[44,132.7862],[133,130.2921],[121,129.4543],[33,131.641],[34,131.8957],[55,132.3996],[23,129.7442],[126,132.4091],[45,133.5103],[124,131.2786],[83,133.1891],[56,133.0099],[14,131.2973],[98,131.6918],[68,132.6227],[134,132.1155],[137,132.9668],[13,130.1426],[69,134.1687],[120,129.0349],[84,134.0171],[127,132.3912],[85,135.5903],[15,133.6019],[82,133.7568],[136,133.0737],[138,134.3618],[102,135.3978],[5,130.224],[24,132.764],[145,131.0056],[86,137.3626],[11,127.3084],[25,134.4028],[99,134.8281],[144,132.2807],[46,133.9415],[103,138.872],[147,134.4784],[58,136.6933],[35,134.9768],[100,135.8693],[6,131.0773],[70,136.4681],[116,138.2123],[57,134.8689],[16,134.4664],[132,131.1874],[101,136.9716],[87,139.0093],[47,136.6859],[156,133.7843],[3,129.4847],[59,139.111],[114,136.8174],[148,134.997],[158,135.6864],[36,135.4339],[115,138.1288],[154,132.7134],[26,135.162],[146,134.3027],[27,137.5403],[131,131.2686],[7,133.409],[71,138.2192],[157,133.8264],[17,135.7454],[48,139.0176],[149,137.7272],[143,133.1911],[174,138.0254],[37,136.8652],[104,140.664],[164,134.7723],[153,135.2831],[73,127.1285],[60,140.3641],[166,136.4321],[142,132.4557],[4,130.9931],[130,131.0783],[119,131.1961],[167,140.2245],[165,138.551],[18,139.023],[171,138.5189],[0,131.8141],[72,139.8441],[118,131.6288],[88,140.2951],[173,139.754],[172,139.4032],[176,139.8116],[49,140.6418],[38,139.8434],[152,134.5458],[129,133.1234],[162,136.6405],[1,134.4134],[106,130.8974],[177,140.2916],[151,134.3785],[163,137.0487],[155,134.1799],[2,135.2781],[175,141.2446],[141,133.8935],[160,138.8256],[140,134.2489],[9,137.6718],[169,140.2316],[161,137.3832],[105,131.8971],[170,137.9857],[168,140.2407],[8,137.8668],[117,130.3909],[89,130.2542],[139,134.8908],[150,135.8001],[90,127.0833],[159,139.9668],[128,132.5973]

Finish Times:
[62,63.84108],[61,64.24109],[75,64.28109],[28,64.5611],[63,64.7211],[74,64.96111],[39,65.24111],[77,65.44112],[19,65.52112],[76,65.68112],[29,65.92113],[78,66.28114],[10,66.32114],[50,66.44114],[93,66.52114],[95,66.56114],[40,67.04115],[30,67.08115],[109,67.08115],[94,67.32116],[20,67.48116],[79,67.48116],[51,67.72117],[92,67.80117],[41,68.12118],[96,68.20118],[52,68.24118],[64,68.36118],[110,68.68119],[21,68.84119],[65,68.9212],[97,69.0412],[111,69.0412],[42,69.56121],[80,69.60121],[108,69.60121],[31,69.64121],[112,69.72121],[123,70.04122],[53,70.20123],[12,70.24123],[113,70.24123],[122,70.48123],[43,70.84124],[66,70.84124],[32,71.00124],[91,71.04124],[125,71.04124],[54,71.40125],[81,71.48125],[107,71.48125],[22,71.56126],[135,71.72126],[67,72.00127],[44,72.08127],[133,72.24127],[121,72.32127],[33,72.40128],[34,72.56128],[55,72.60128],[23,72.88129],[126,72.96129],[45,73.16129],[124,73.16129],[83,73.3213],[56,73.6013],[14,73.6813],[98,73.76131],[68,73.84131],[134,74.08131],[137,74.16132],[13,74.28132],[69,74.32132],[120,74.52132],[84,74.60133],[127,74.88133],[85,75.00134],[15,75.04134],[82,75.04134],[136,75.44135],[138,75.44135],[102,75.68135],[5,75.72135],[24,75.72135],[145,75.72135],[86,76.24136],[11,76.40137],[25,76.40137],[99,76.40137],[144,76.80138],[46,76.84138],[103,76.96138],[147,77.04138],[58,77.20139],[35,77.40139],[100,77.48139],[6,77.6414],[70,77.7214],[116,77.8014],[57,77.9214],[16,78.36141],[132,78.40141],[101,78.44141],[87,78.48141],[47,78.56142],[156,78.60142],[3,79.08143],[59,79.16143],[114,79.20143],[148,79.24143],[158,79.32143],[36,79.72144],[115,79.80145],[154,79.88145],[26,79.92145],[146,80.12145],[27,80.32146],[131,80.36146],[7,80.48146],[71,80.48146],[157,80.64146],[17,81.00147],[48,81.00147],[149,81.24148],[143,81.32148],[174,81.36148],[37,81.60149],[104,81.64149],[164,81.76149],[153,82.0015],[73,82.1215],[60,82.3215],[166,82.3215],[142,82.44151],[4,82.48151],[130,82.88152],[119,83.00152],[167,83.00152],[165,83.04152],[18,83.08152],[171,83.44153],[0,83.56153],[72,83.60153],[118,83.76154],[88,83.80154],[173,84.08154],[172,84.20155],[176,84.28155],[49,84.32155],[38,84.56155],[152,84.84156],[129,84.88156],[162,84.96156],[1,85.04156],[106,85.16157],[177,85.40157],[151,85.56158],[163,85.60158],[155,85.64158],[2,85.88158],[175,86.16159],[141,86.28159],[160,86.28159],[140,86.3616],[9,86.88161],[169,86.92161],[161,87.00161],[105,87.12161],[170,87.20161],[168,87.60162],[8,87.68163],[117,87.92163],[89,88.04163],[139,88.36164],[150,88.40164],[90,88.68165],[159,89.24166],[128,89.28166]

Stuck Times:
[62,0],[61,0],[75,0],[28,0],[63,0],[74,1],[39,0],[77,0],[19,0],[76,0],[29,0],[78,0],[10,1],[50,0],[93,0],[95,0],[40,0],[30,0],[109,0],[94,0],[20,2],[79,0],[51,0],[92,1],[41,0],[96,0],[52,1],[64,0],[110,0],[21,3],[65,1],[97,1],[111,2],[42,3],[80,1],[108,1],[31,3],[112,2],[123,1],[53,2],[12,5],[113,3],[122,3],[43,3],[66,2],[32,3],[91,5],[125,4],[54,4],[81,3],[107,4],[22,5],[135,4],[67,3],[44,3],[133,5],[121,5],[33,4],[34,4],[55,3],[23,5],[126,5],[45,5],[124,4],[83,6],[56,4],[14,5],[98,5],[68,3],[134,5],[137,3],[13,7],[69,3],[120,7],[84,5],[127,5],[85,4],[15,7],[82,6],[136,4],[138,4],[102,6],[5,9],[24,7],[145,7],[86,4],[11,10],[25,9],[99,7],[144,8],[46,8],[103,5],[147,9],[58,8],[35,10],[100,6],[6,11],[70,6],[116,7],[57,9],[16,11],[132,11],[101,7],[87,7],[47,10],[156,9],[3,15],[59,10],[114,11],[148,8],[158,10],[36,11],[115,9],[154,12],[26,11],[146,12],[27,10],[131,13],[7,15],[71,10],[157,14],[17,14],[48,11],[149,12],[143,12],[174,12],[37,15],[104,9],[164,14],[153,14],[73,15],[60,10],[166,13],[142,14],[4,16],[130,15],[119,15],[167,11],[165,13],[18,14],[171,14],[0,17],[72,13],[118,16],[88,13],[173,13],[172,13],[176,14],[49,16],[38,15],[152,15],[129,16],[162,17],[1,17],[106,17],[177,15],[151,15],[163,17],[155,19],[2,19],[175,16],[141,16],[160,17],[140,16],[9,20],[169,15],[161,18],[105,18],[170,17],[168,16],[8,19],[117,19],[89,19],[139,21],[150,21],[90,20],[159,18],[128,21]

