Experiment Name: Custom-MultiplePaths3
Method Used: FlowGraph
Run Number: 1
Preparation Time: 102.0047ms
Pathfinding Time: 28.1223ms
Finish Time: 250.542ms
Finish Time 90%: 172.6351ms
Repaths: 7
Soft Repaths: 0

Gates Data:
2:[715,[20.13813,40.27509,0,[131.0912,80.001]]],[716,[20.17923,40.34991,0,[132.5422,80.001]]],[714,[19.68193,39.35873,0,[129.058,79.001]]],[708,[20.66329,41.32361,0,[130.3732,80.001]]],[709,[20.79785,41.57933,0,[131.8658,80.001]]],[707,[20.28044,40.54668,0,[129.2208,79.001]]],[695,[21.18363,42.34874,0,[130.7941,80.001]]],[710,[20.64842,41.2918,0,[133.4073,80.001]]],[694,[20.89833,41.72171,0,[129.6104,79.001]]],[696,[21.46557,42.84691,0,[131.8591,80.001]]],[697,[21.18708,42.36047,0,[132.971,80.001]]],[678,[21.73062,43.40429,0,[130.7105,80.001]]],[693,[20.69228,41.37017,0,[128.3253,79.001]]],[680,[21.74544,43.44857,0,[132.9483,80.001]]],[706,[20.15564,40.30788,0,[127.8269,79.001]]],[679,[22.03359,43.95538,0,[131.8118,80.001]]],[677,[21.49174,42.91689,0,[129.6413,79.001]]],[658,[22.29102,44.49195,0,[130.6913,80.001]]],[698,[21.44099,42.41374,0,[134.0912,80.001]]],[657,[22.05573,43.99511,0,[129.5953,79.001]]],[676,[21.2275,42.4268,0,[128.551,79.001]]],[692,[20.84372,41.43317,0,[127.2307,79.001]]],[660,[22.34069,44.51604,0,[132.8183,80.001]]],[659,[22.58533,45.04413,0,[131.6815,80.001]]],[636,[22.84798,45.55167,0,[130.5977,80.001]]],[656,[21.77953,43.47518,0,[128.5953,79.001]]],[681,[22.06486,43.51509,0,[133.961,80.001]]],[635,[22.61957,45.07969,0,[129.5222,79.001]]],[675,[21.50061,42.53143,0,[127.5287,79.001]]],[634,[22.34044,44.5307,0,[128.5411,79.001]]],[705,[20.16491,40.32507,0,[126.5717,79.001]]],[637,[23.14018,46.09868,0,[131.5776,80.001]]],[638,[22.88324,45.56945,0,[132.6682,80.001]]],[639,[23.17743,45.74015,0,[133.6687,80.001]]],[691,[20.72219,41.41572,0,[125.9315,79.001]]],[612,[23.40652,46.62929,0,[130.5188,80.001]]],[655,[22.06444,43.63454,0,[127.5519,79.001]]],[614,[23.43396,46.62231,0,[132.56,80.001]]],[611,[23.18318,46.1692,0,[129.4728,79.001]]],[633,[22.62997,44.7325,0,[127.5209,79.001]]],[613,[23.69463,47.15871,0,[131.4915,80.001]]],[587,[23.96849,47.68613,0,[130.4737,80.001]]],[610,[22.90476,45.61038,0,[128.4975,79.001]]],[615,[23.72726,46.8604,0,[133.5336,80.001]]],[589,[23.98581,47.67824,0,[132.4625,80.001]]],[586,[23.74329,47.21998,0,[129.4572,79.001]]],[588,[24.25241,48.20192,0,[131.4441,80.001]]],[561,[24.53012,48.76366,0,[130.4435,80.001]]],[711,[20.65619,41.3052,0,[134.6055,80.001]]],[674,[21.25348,42.45454,0,[126.3905,79.001]]],[640,[22.91138,45.69052,0,[134.7977,80.001]]],[590,[24.28204,47.96686,0,[133.4275,80.001]]],[609,[23.19067,45.84043,0,[127.4865,79.001]]],[661,[22.6179,44.6212,0,[133.8069,80.001]]],[704,[20.18573,40.36473,0,[125.185,79.001]]],[591,[24.01832,47.81168,0,[134.502,80.001]]],[563,[24.54369,48.73001,0,[132.4047,80.001]]],[632,[22.35625,44.54859,0,[126.544,79.001]]],[560,[24.30506,48.28917,0,[129.4341,79.001]]],[564,[24.8383,49.08198,0,[133.3626,80.001]]],[663,[22.62532,44.87386,0,[135.936,80.001]]],[690,[20.82017,41.59516,0,[124.7266,79.001]]],[562,[24.81819,49.26392,0,[131.402,80.001]]],[585,[23.46913,46.68511,0,[128.4684,79.001]]],[559,[24.02699,47.7247,0,[128.4699,79.001]]],[565,[24.58032,48.79021,0,[134.3873,80.001]]],[536,[25.1066,49.77764,0,[132.3568,80.001]]],[535,[25.37511,50.29816,0,[131.3407,80.001]]],[654,[21.79895,43.52229,0,[126.4891,79.001]]],[608,[22.92673,45.61927,0,[126.4932,79.001]]],[508,[25.66806,50.80729,0,[132.2834,80.001]]],[662,[22.34389,44.59682,0,[134.9527,80.001]]],[534,[25.08968,49.81068,0,[130.3888,80.001]]],[537,[25.41298,50.15961,0,[133.2879,80.001]]],[631,[22.65254,44.91223,0,[125.5183,79.001]]],[509,[25.97568,51.26188,0,[133.2114,80.001]]],[703,[20.22722,40.43629,0,[123.8317,79.001]]],[584,[23.7551,46.93104,0,[127.4801,79.001]]],[616,[23.46535,46.73027,0,[134.6702,80.001]]],[506,[25.6477,50.84423,0,[130.327,80.001]]],[583,[23.48798,46.73267,0,[126.4844,79.001]]],[507,[25.93811,51.34055,0,[131.2646,80.001]]],[673,[21.46742,42.71508,0,[125.3503,79.001]]],[538,[25.15574,49.86163,0,[134.2871,80.001]]],[532,[24.59038,48.7843,0,[128.427,79.001]]],[592,[24.33876,48.10975,0,[135.446,80.001]]],[558,[24.31477,48.0747,0,[127.4661,79.001]]],[479,[26.23402,51.84399,0,[132.193,80.001]]],[505,[25.42938,50.38219,0,[129.3385,79.001]]],[653,[22.10269,43.85653,0,[125.5352,79.001]]],[510,[25.7271,50.83777,0,[134.2105,80.001]]],[682,[21.78407,43.49722,0,[135.1727,80.001]]],[533,[24.86569,49.32015,0,[129.3832,79.001]]],[478,[26.50184,52.37969,0,[131.1883,80.001]]],[683,[22.04387,43.75375,0,[136.1821,80.001]]],[607,[23.2252,46.00246,0,[125.4827,79.001]]],[557,[24.04913,47.715,0,[126.4895,79.001]]],[606,[22.93926,45.68009,0,[124.5047,79.001]]],[477,[26.2096,51.88288,0,[130.2664,80.001]]],[531,[24.88626,49.11298,0,[127.4467,79.001]]],[481,[26.31578,51.88748,0,[134.1048,80.001]]],[450,[26.81242,52.87099,0,[132.0854,80.001]]],[672,[21.27726,42.43623,0,[124.0209,79.001]]],[641,[23.20187,45.97652,0,[135.8024,80.001]]],[582,[23.782,47.0872,0,[125.4988,79.001]]],[449,[27.08604,53.40241,0,[131.0389,80.001]]],[652,[21.83454,43.56945,0,[124.503,79.001]]],[530,[24.62014,48.85272,0,[126.4938,79.001]]],[539,[25.47675,50.16187,0,[135.2094,80.001]]],[480,[26.55048,52.31948,0,[133.0924,80.001]]],[476,[25.99306,51.40791,0,[129.2548,79.001]]],[581,[23.51201,46.78218,0,[124.5113,79.001]]],[566,[24.90983,49.0627,0,[135.3074,80.001]]],[451,[27.17262,53.38921,0,[132.9024,80.001]]],[556,[24.36371,48.00319,0,[125.5292,79.001]]],[504,[25.15497,49.83595,0,[128.3959,79.001]]],[452,[26.91026,52.88287,0,[133.9312,80.001]]],[453,[27.48915,53.37536,0,[133.7974,80.001]]],[630,[22.38672,44.60695,0,[124.4999,79.001]]],[475,[25.72109,50.86653,0,[128.3266,79.001]]],[540,[25.26079,49.99007,0,[136.2419,80.001]]],[555,[24.11686,48.00887,0,[124.5552,79.001]]],[454,[27.21738,53.03534,0,[134.8595,80.001]]],[689,[20.7245,41.40356,0,[123.1459,79.001]]],[503,[25.45261,50.15234,0,[127.3953,79.001]]],[605,[23.25798,45.91884,0,[123.5176,79.001]]],[529,[24.94863,49.04583,0,[125.4996,79.001]]],[380,[28.91751,54.17561,1,[122.4605,79.001]]],[482,[26.66551,52.24165,0,[134.969,80.001]]],[448,[26.77913,52.9298,0,[130.1534,80.001]]],[671,[21.33468,42.58305,0,[122.8535,79.001]]],[528,[24.71597,49.03794,0,[124.5346,79.001]]],[423,[27.73857,54.03609,0,[132.7445,80.001]]],[419,[27.37705,53.98064,0,[130.02,80.001]]],[352,[28.85734,55.16049,1,[124.0279,79.001]]],[651,[22.0279,43.77433,0,[123.4598,79.001]]],[322,[29.07845,56.57896,1,[125.0096,79.001]]],[474,[26.03095,51.16239,0,[127.2886,79.001]]],[421,[27.43713,53.91471,0,[131.8494,80.001]]],[688,[20.75349,41.47343,0,[121.8316,79.001]]],[502,[25.19404,49.86448,0,[126.4539,79.001]]],[357,[28.73566,55.59665,1,[127.7872,79.001]]],[422,[28.01908,54.51222,0,[131.7092,80.001]]],[447,[26.59325,52.44244,0,[129.1333,79.001]]],[323,[28.72988,56.02321,1,[125.8961,79.001]]],[321,[29.40957,56.20665,1,[124.162,79.001]]],[699,[21.22451,42.41713,0,[135.2668,80.001]]],[325,[29.01711,56.03545,1,[126.8033,79.001]]],[420,[27.72428,54.4213,0,[130.8222,80.001]]],[650,[21.84261,43.58431,0,[122.4126,79.001]]],[446,[26.29999,51.87595,0,[128.2298,79.001]]],[425,[27.76871,54.10627,0,[134.7371,80.001]]],[501,[25.52415,50.01043,0,[125.3696,79.001]]],[355,[28.45266,55.46927,1,[126.8763,79.001]]],[328,[29.30456,56.51423,1,[129.6516,79.001]]],[297,[29.56506,57.1737,1,[128.6558,79.001]]],[424,[28.03671,54.45029,0,[133.6479,80.001]]],[389,[27.51314,54.02089,0,[129.8517,79.001]]],[445,[26.60885,52.18732,0,[127.2512,79.001]]],[324,[29.34148,56.54265,1,[125.9197,79.001]]],[298,[29.85996,57.54071,1,[129.5608,79.001]]],[327,[29.01141,56.14374,1,[128.7155,79.001]]],[580,[23.8714,47.01018,0,[123.5724,79.001]]],[395,[28.32455,55.11565,0,[134.5636,80.001]]],[484,[26.97443,52.23284,0,[135.986,80.001]]],[670,[21.29528,42.40952,0,[121.3637,79.001]]],[326,[29.30334,56.58869,1,[127.7072,79.001]]],[293,[29.6868,57.09517,1,[125.0675,79.001]]],[418,[27.17905,53.46408,0,[129.0385,79.001]]],[299,[30.10849,58.10555,1,[130.5544,80.001]]],[268,[30.1599,58.16092,1,[128.6135,79.001]]],[471,[25.96979,50.96046,0,[124.3501,79.001]]],[426,[28.09278,54.34775,0,[135.6216,80.001]]],[629,[22.65082,44.81752,0,[123.5166,79.001]]],[295,[29.66544,57.07733,1,[126.7398,79.001]]],[473,[25.77627,50.90154,0,[126.3336,79.001]]],[396,[28.65948,55.34774,0,[135.4128,80.001]]],[330,[29.74684,57.58933,1,[131.4047,80.001]]],[554,[24.48756,47.98111,0,[123.5687,79.001]]],[302,[30.42581,58.67337,1,[133.0732,80.001]]],[356,[28.1318,54.97418,1,[127.8026,79.001]]],[391,[28.31473,55.03996,0,[130.6956,80.001]]],[442,[26.54347,51.93381,0,[124.2353,79.001]]],[567,[24.69012,48.88983,0,[136.3441,80.001]]],[270,[30.67213,59.14537,1,[130.3827,80.001]]],[329,[29.44414,57.08517,1,[130.5092,80.001]]],[300,[30.43836,58.63311,1,[131.4109,80.001]]],[388,[27.79811,54.51545,0,[128.8254,79.001]]],[604,[22.99388,45.71852,0,[122.548,79.001]]],[272,[30.79629,59.18186,1,[132.2037,80.001]]],[397,[28.44195,55.16911,0,[136.4596,80.001]]],[500,[25.30768,49.99017,0,[124.3781,79.001]]],[545,[30.21376,50.63331,0,[139.955,80.00099]]],[274,[30.75999,59.27511,1,[133.9183,80.001]]],[271,[31.03884,59.69331,1,[131.1396,80.00098]]],[455,[27.51959,53.23567,0,[135.7917,80.001]]],[296,[29.87136,57.59494,1,[127.723,79.001]]],[417,[26.886,52.89985,0,[128.1559,79.001]]],[273,[31.1333,59.70287,1,[133.0229,80.001]]],[393,[28.2988,55.04676,0,[132.6177,80.001]]],[269,[30.46722,58.5083,1,[129.4671,79.001]]],[304,[29.88397,58.4824,1,[135.0743,80.001]]],[398,[28.53265,55.1242,0,[137.5263,80.001]]],[553,[24.31054,47.9697,0,[122.5608,79.001]]],[512,[25.82465,50.96508,0,[136.126,80.001]]],[410,[29.37202,53.32325,0,[121.8785,79.001]]],[625,[28.60624,46.74072,0,[120.4342,79.001]]],[668,[34.95326,45.84361,0,[140.0155,80.001]]],[303,[30.14657,58.26511,1,[134.0696,80.001]]],[415,[26.93805,52.8943,0,[126.1905,79.001]]],[275,[30.45695,59.46138,1,[134.9814,80.001]]],[700,[21.32374,42.59436,0,[136.5224,80.001]]],[427,[27.86244,54.20734,0,[136.7308,80.001]]],[489,[34.65262,56.25035,0,[137.9184,80.001]]],[241,[31.39935,60.23501,1,[130.016,80.00097]]],[267,[30.4767,58.61034,1,[127.6783,79.001]]],[335,[29.59653,57.25819,1,[136.0355,80.001]]],[276,[30.19943,59.29095,1,[136.0085,80.001]]],[527,[25.05557,49.05596,0,[123.2641,79.001]]],[649,[22.06434,43.75953,0,[121.3978,79.001]]],[488,[30.56133,53.0659,0,[139.0149,80.001]]],[238,[31.09656,59.6473,1,[127.5888,79.001]]],[387,[27.46952,53.93127,0,[128.0089,79.001]]],[511,[26.05913,51.12862,0,[135.1067,80.001]]],[239,[30.78484,59.17162,1,[128.5238,79.001]]],[334,[29.25805,57.43935,1,[135.1738,80.001]]],[245,[31.35729,60.33213,1,[133.9787,80.001]]],[572,[34.47161,51.87904,0,[139.3448,80.001]]],[392,[28.58655,55.54299,0,[131.602,80.001]]],[444,[26.35695,51.84163,0,[126.3153,79.001]]],[628,[22.42676,44.62653,0,[122.4959,79.001]]],[242,[31.68907,60.77371,1,[130.8682,80.00098]]],[332,[29.7856,57.60395,1,[133.2328,80.001]]],[394,[28.59023,55.47773,0,[133.5109,80.001]]],[337,[30.29779,57.41028,1,[137.1568,80.001]]],[579,[23.66419,46.87745,0,[122.5577,79.001]]],[333,[29.52929,57.1789,1,[134.2132,80.001]]],[456,[27.30942,53.07576,0,[136.8678,80.001]]],[243,[31.36316,60.23102,1,[131.9757,80.001]]],[547,[38.52287,60.02769,0,[137.7844,80.001]]],[240,[31.21853,59.55096,1,[129.0919,79.00097]]],[416,[27.19103,53.26531,0,[127.114,79.001]]],[495,[28.74016,51.06805,0,[121.4691,79.001]]],[647,[37.86162,56.61854,0,[137.2383,80.001]]],[266,[30.2153,58.11109,1,[126.7574,79.001]]],[278,[31.64329,59.74739,1,[136.6223,80.001]]],[669,[22.45707,42.64335,0,[120.6306,79.001]]],[331,[29.46057,57.10417,1,[132.3602,80.001]]],[490,[36.9945,58.21368,0,[137.9557,80.00099]]],[360,[28.87594,56.06304,1,[130.5587,80.001]]],[470,[26.2255,51.12604,0,[123.3715,79.001]]],[546,[36.40852,55.10014,0,[139.2324,80.001]]],[218,[31.65964,61.55143,1,[134.8491,80.001]]],[390,[28.09654,54.54394,0,[129.6949,79.001]]],[624,[39.02039,57.33861,0,[138.6826,80.001]]],[208,[31.32877,60.18884,1,[126.5826,79.001]]],[338,[31.63575,57.83472,1,[137.7321,80.001]]],[246,[31.01558,60.49402,1,[134.8883,80.001]]],[385,[27.55982,53.90903,0,[126.0438,79.001]]],[623,[37.12397,48.41644,0,[139.4363,80.001]]],[627,[22.7422,44.74645,0,[121.5711,79.001]]],[212,[31.50479,60.29397,1,[129.9191,79.00098]]],[306,[31.08457,58.20967,1,[137.0134,80.001]]],[518,[35.15127,54.59745,0,[138.5696,80.001]]],[216,[31.68772,61.39288,1,[132.908,80.00099]]],[598,[37.69434,52.04905,0,[138.4674,80.001]]],[237,[30.78128,59.13877,1,[126.735,79.001]]],[244,[31.93767,60.85846,1,[131.7888,80.00099]]],[552,[24.84414,47.9136,0,[122.0557,79.001]]],[386,[27.79446,54.37865,0,[126.9978,79.001]]],[210,[31.58588,60.25587,1,[127.9667,79.00098]]],[599,[38.19973,53.08332,0,[139.3503,80.001]]],[358,[28.40434,55.13853,1,[128.7023,79.001]]],[541,[25.63109,50.23043,0,[137.1785,80.001]]],[217,[31.99419,61.59259,1,[133.7936,80.00099]]],[483,[26.41876,52.00352,0,[135.9663,80.001]]],[491,[39.51767,64.80988,0,[137.4655,80.001]]],[458,[28.31602,53.14243,0,[138.564,80.001]]],[578,[24.11262,47.01119,0,[121.5656,79.001]]],[248,[32.18497,60.49362,1,[136.753,80.001]]],[264,[30.71709,58.08458,1,[124.6652,79.001]]],[603,[23.36242,45.84071,0,[121.6505,79.001]]],[214,[32.28698,61.41409,1,[130.6582,80.00099]]],[499,[25.64312,49.97729,0,[123.4876,79.001]]],[305,[30.75816,58.30719,1,[136.1317,80.00099]]],[513,[26.2132,51.13111,0,[136.9901,80.001]]],[265,[30.64602,58.5822,1,[125.7235,79.001]]],[215,[32.55964,61.94104,1,[131.5551,80.00099]]],[430,[29.66335,54.64381,0,[139.9089,80.001]]],[211,[31.85575,60.61342,1,[128.8273,79.00098]]],[469,[26.8007,51.17084,0,[123.2302,79.001]]],[369,[31.16671,56.74179,1,[138.383,80.001]]],[573,[35.65289,52.79576,0,[139.3247,80.001]]],[209,[31.86595,60.73682,1,[126.8841,79.00098]]],[498,[25.90215,49.96226,0,[122.5204,79.001]]],[186,[32.85777,62.47964,1,[130.4971,80.00099]]],[485,[26.75608,52.11424,0,[137.1789,80.001]]],[486,[26.58151,52.07422,0,[138.324,80.001]]],[519,[36.17524,55.87821,0,[138.0287,80.001]]],[279,[32.30693,59.87384,1,[137.8214,80.001]]],[414,[27.26582,53.30547,0,[125.1556,79.001]]],[431,[31.811,55.28943,0,[139.9994,80.001]]],[277,[31.99455,59.67424,1,[135.6841,80.001]]],[351,[29.87809,55.47181,1,[123.6559,79.001]]],[213,[32.10108,60.96093,1,[129.7285,79.00099]]],[574,[38.3559,62.34214,0,[136.2162,80.001]]],[432,[35.5075,58.97106,0,[137.3706,80.001]]],[593,[24.11363,47.89129,0,[136.5543,80.001]]],[185,[32.67577,62.02605,1,[129.6005,79.00099]]],[189,[32.31953,62.54383,1,[134.6311,80.00099]]],[182,[32.17417,61.32644,1,[127.77,79.00099]]],[626,[23.13803,44.85541,0,[120.6483,79.001]]],[365,[29.01435,56.38918,1,[136.238,80.001]]],[461,[36.21513,59.24489,0,[136.7685,80.001]]],[235,[31.18712,59.12849,1,[125.4162,79.001]]],[236,[31.70483,59.6412,1,[125.7977,79.001]]],[428,[27.9023,54.2273,0,[137.8338,80.001]]],[551,[24.68436,48.00841,0,[120.9814,79.001]]],[497,[26.473,50.0486,0,[122.3755,79.001]]],[188,[32.56225,62.39174,1,[133.5153,80.00099]]],[180,[32.23397,61.34192,1,[125.9224,79.00099]]],[460,[30.80718,53.80555,0,[140.2562,80.001]]],[221,[33.23274,62.32269,1,[137.1364,80.001]]],[524,[26.66109,49.37762,0,[121.3488,79.001]]],[433,[38.70022,67.40229,0,[135.0869,80.001]]],[443,[26.68974,52.15979,0,[125.2571,79.001]]],[263,[31.2506,58.61037,1,[124.309,79.001]]],[308,[32.80507,59.10452,1,[138.2377,80.001]]],[429,[28.60559,54.26652,0,[139.7383,80.001]]],[184,[32.42497,61.50712,1,[128.6913,79.00099]]],[339,[31.89625,57.90758,1,[138.7349,80.001]]],[525,[25.56413,49.08408,0,[121.0732,79.001]]],[434,[44.00208,60.91398,0,[123.6019,79.001]]],[472,[26.10504,51.16161,0,[125.3784,79.001]]],[571,[26.95169,49.33747,0,[139.1408,80.001]]],[291,[30.82443,57.19333,1,[123.6205,79.001]]],[219,[32.56475,61.47071,1,[135.5976,80.00099]]],[384,[27.90487,54.42004,0,[125.042,79.001]]],[307,[30.68487,58.42353,1,[137.8867,80.001]]],[249,[32.74875,61.00656,1,[136.6551,80.00099]]],[577,[26.09812,47.71737,0,[121.526,79.001]]],[517,[29.09151,51.12163,0,[140.4133,80.001]]],[439,[27.69599,52.06101,0,[122.0951,79.001]]],[594,[24.49456,48.11633,0,[137.4,80.001]]],[290,[31.32027,57.50405,1,[123.1251,79.001]]],[462,[36.85586,60.49763,0,[136.6621,80.00099]]],[301,[30.07285,58.14898,1,[132.2718,80.001]]],[402,[33.02465,56.54136,1,[139.606,80.001]]],[362,[28.86643,56.06931,1,[132.4977,80.001]]],[575,[41.77131,50.86701,0,[121.1575,79.001]]],[568,[25.06523,49.08498,0,[137.2956,80.001]]],[542,[25.45601,50.09535,0,[138.2393,80.001]]],[281,[34.99102,63.02651,1,[136.7145,80.00099]]],[648,[26.1673,44.79323,0,[120.4636,79.001]]],[155,[33.06176,62.47369,1,[126.7003,79.00099]]],[250,[33.79574,61.73465,1,[137.1625,80.001]]],[157,[32.99219,62.56234,1,[128.6035,79.00099]]],[181,[32.49585,61.80725,1,[126.8052,79.00099]]],[406,[43.79356,62.44766,0,[122.4182,79.001]]],[438,[28.16963,52.28223,0,[121.1327,79.001]]],[159,[33.25452,62.68823,1,[129.5053,79.00099]]],[617,[23.76554,47.01948,0,[135.6529,80.001]]],[526,[25.38333,49.08464,0,[122.1721,79.001]]],[207,[32.7861,60.84417,1,[125.8096,79.00099]]],[234,[31.76102,59.86872,1,[124.7337,79.001]]],[597,[28.05368,48.42253,0,[140.5419,80.001]]],[619,[23.90409,47.00794,0,[137.672,80.001]]],[320,[30.35231,56.35277,1,[123.1292,79.001]]],[310,[36.62389,65.8148,1,[135.4507,80.00099]]],[411,[28.27716,53.26708,0,[122.2194,79.001]]],[412,[27.92287,53.36111,0,[123.1031,79.001]]],[183,[32.74827,61.76281,1,[127.7003,79.00099]]],[400,[29.23737,55.55478,1,[139.1982,80.001]]],[206,[32.3164,60.36873,1,[124.8498,79.00099]]],[487,[27.53362,52.23345,0,[138.8516,80.001]]],[158,[33.58085,63.23577,1,[128.519,79.00099]]],[602,[23.80259,45.85246,0,[120.6813,79.001]]],[294,[30.10154,57.57811,1,[125.715,79.001]]],[459,[27.99275,53.36908,0,[139.4487,80.001]]],[354,[28.15103,54.96685,1,[125.9956,79.001]]],[364,[28.91865,56.20343,1,[134.3434,80.001]]],[569,[24.84533,48.98,0,[138.3409,80.001]]],[468,[27.07552,51.14544,0,[122.0705,79.001]]],[550,[27.03607,48.47265,0,[120.5725,79.001]]],[595,[24.29105,47.92139,0,[138.514,80.001]]],[205,[32.33797,60.92179,1,[123.783,79.00099]]],[353,[28.47049,55.51899,1,[124.9659,79.001]]],[153,[33.36273,62.53425,1,[125.7055,79.001]]],[280,[34.04149,60.96984,1,[138.3251,80.001]]],[496,[27.53261,50.3112,0,[121.0475,79.001]]],[515,[25.85946,51.06603,0,[139.0836,80.001]]],[262,[31.80021,58.36758,1,[123.665,79.001]]],[514,[26.05569,51.08603,0,[138.0467,80.001]]],[156,[33.3157,62.77959,1,[127.6139,79.001]]],[252,[37.01877,67.60417,1,[134.06,80.001]]],[403,[37.20972,62.33461,1,[135.2236,80.001]]],[350,[29.81634,55.46307,1,[122.5772,79.001]]],[382,[28.53229,54.27708,0,[123.2001,79.001]]],[319,[30.84276,56.36698,1,[122.5477,79.001]]],[643,[23.21808,45.92983,0,[137.8685,80.001]]],[383,[28.19479,54.10701,0,[124.0627,79.001]]],[596,[24.62548,48.09867,0,[139.475,80.001]]],[367,[29.50087,56.14828,1,[138.1274,80.001]]],[128,[33.96892,64.03503,1,[125.6042,79.001]]],[570,[25.20317,48.90882,0,[139.2414,80.001]]],[251,[35.34563,63.84986,1,[135.5843,80.00099]]],[463,[43.04665,58.7925,0,[121.5047,79.001]]],[492,[43.706,56.90223,0,[121.2423,79.001]]],[178,[32.89058,61.3695,1,[124.7431,79.00099]]],[220,[33.57924,62.03103,1,[136.0049,80.001]]],[309,[33.3949,59.64455,1,[138.4401,80.001]]],[685,[21.91858,43.63274,0,[138.5444,80.001]]],[521,[42.44534,54.69024,0,[121.532,79.001]]],[457,[27.22644,53.00709,0,[137.9515,80.001]]],[576,[39.73722,49.56007,0,[120.5892,79.001]]],[118,[42.45473,72.493,1,[128.516,79.00097]]],[233,[32.8884,59.61023,1,[123.683,79.001]]],[404,[39.41509,69.7484,1,[135.7112,80.001]]],[622,[25.02755,46.97897,0,[140.4132,80.001]]],[253,[38.0381,69.81515,1,[133.0702,80.001]]],[260,[31.865,58.62246,1,[122.5995,79.001]]],[516,[26.34467,51.09897,0,[139.6389,80.001]]],[493,[41.95085,56.15801,0,[122.4103,79.001]]],[144,[42.25395,70.81112,1,[127.3451,79.00096]]],[645,[23.40711,45.89244,0,[140.1275,80.001]]],[401,[31.30118,55.89898,1,[139.4534,80.001]]],[618,[23.49818,46.77121,0,[136.7958,80.001]]],[187,[33.45554,63.17702,1,[130.3626,80.00099]]],[170,[43.36978,70.95744,1,[127.3374,79.001]]],[154,[33.66192,62.99783,1,[126.5938,79.001]]],[646,[24.32721,46.29387,0,[140.502,80.001]]],[464,[43.1687,58.82648,0,[122.8428,79.001]]],[311,[37.59084,67.92966,1,[133.9995,80.001]]],[549,[41.20434,51.71597,0,[121.9668,79.001]]],[413,[27.64587,53.08437,0,[124.088,79.001]]],[368,[30.00385,56.30102,1,[138.5765,80.001]]],[94,[41.74224,71.63533,1,[127.6308,79.00099]]],[544,[27.42518,50.08506,0,[140.0325,80.001]]],[665,[22.59263,44.76753,0,[138.1762,80.001]]],[349,[30.35254,55.40518,1,[122.0336,79.001]]],[371,[35.86184,62.07978,1,[135.8944,80.00099]]],[520,[38.9343,65.62327,0,[136.6398,80.001]]],[435,[42.908,59.4865,0,[123.94,79.001]]],[70,[42.5827,75.06581,1,[129.6967,79.00098]]],[314,[43.47999,64.72411,1,[126.2311,79.001]]],[667,[22.75131,44.78265,0,[140.0849,80.001]]],[522,[41.81666,55.17416,0,[123.9826,79.00098]]],[621,[24.02137,46.89259,0,[139.586,80.001]]],[93,[42.79918,73.68163,1,[127.1225,79.001]]],[190,[32.88944,62.78211,1,[134.4113,80.00099]]],[441,[27.10713,52.26241,0,[124.1264,79.001]]],[687,[26.81079,44.02517,0,[140.2359,80.001]]],[440,[27.35536,52.13045,0,[123.0521,79.001]]],[69,[45.10383,78.86427,1,[126.7361,79.001]]],[666,[22.36892,44.58565,0,[139.2665,80.001]]],[313,[43.47412,64.75934,1,[123.9881,79.001]]],[102,[35.73858,64.66702,2,[124.6668,79.001]]],[373,[39.44289,71.19695,1,[134.3971,80.001]]],[261,[32.40551,58.67549,1,[122.709,79.00099]]],[177,[33.45753,62.27803,1,[123.6715,79.001]]],[644,[23.05881,45.71756,0,[139.0259,80.001]]],[465,[42.34851,57.61791,0,[123.6745,79.001]]],[345,[43.15744,63.45531,1,[125.1197,79.00099]]],[620,[23.62691,46.78238,0,[138.7461,80.001]]],[523,[36.86131,50.51611,0,[120.4125,79.001]]],[117,[44.53928,77.59968,1,[129.0802,79.001]]],[105,[35.51467,64.91295,2,[126.7715,79.001]]],[348,[30.84226,55.64954,1,[121.4815,79.001]]],[226,[44.38577,68.97909,1,[124.4772,79.001]]],[405,[44.47502,62.797,0,[121.641,79.001]]],[600,[35.69469,48.17876,0,[120.407,79.001]]],[494,[38.74909,53.15589,0,[120.4231,79.001]]],[363,[29.18047,56.53989,1,[133.3646,80.001]]],[103,[35.63626,64.98806,2,[125.719,79.001]]],[701,[21.21491,42.38989,0,[138.0589,80.001]]],[381,[29.33528,54.27872,0,[123.11,79.001]]],[204,[34.04573,60.93962,1,[123.5555,79.001]]],[543,[25.65041,50.01299,0,[140.1164,80.001]]],[366,[29.11238,56.16983,1,[137.3114,80.001]]],[179,[33.62639,61.97803,1,[124.6808,79.001]]],[408,[31.96764,54.10883,0,[120.4744,79.001]]],[336,[29.72823,57.13898,1,[137.1002,80.001]]],[713,[20.71353,41.40577,0,[137.3503,80.001]]],[466,[37.64598,53.55938,0,[120.5157,79.00097]]],[92,[46.19064,78.49699,1,[125.7535,79.001]]],[684,[21.76955,43.47195,0,[137.3739,80.001]]],[63,[35.6209,67.96232,2,[129.5896,79.00099]]],[255,[42.73855,66.51035,1,[125.9653,79.001]]],[80,[36.09118,65.70255,2,[126.3279,79.001]]],[548,[42.5535,53.56477,0,[122.6454,79.001]]],[318,[31.35678,56.33343,1,[122.0253,79.001]]],[342,[38.5812,69.74621,1,[133.8664,80.001]]],[686,[21.80326,43.44073,0,[140.0243,80.001]]],[256,[41.4055,62.36083,1,[123.0901,79.001]]],[284,[43.82546,66.13445,1,[125.1528,79.001]]],[104,[35.04066,64.7886,2,[126.2315,79.001]]],[106,[35.47293,64.86726,2,[127.8482,79.001]]],[712,[20.67409,41.33839,0,[135.9707,80.001]]],[372,[37.64949,65.11436,1,[136.0622,80.001]]],[151,[34.24901,62.91359,1,[124.5534,79.00099]]],[436,[38.78124,54.98073,0,[121.8477,79.00099]]],[664,[22.33935,44.57552,0,[137.1752,80.001]]],[376,[42.52945,61.4347,1,[124.8371,79.001]]],[370,[32.40493,57.1124,1,[139.3728,80.001]]],[84,[35.23585,66.22134,2,[128.8669,79.00099]]],[202,[34.08512,61.37917,1,[122.4512,79.00099]]],[407,[39.22597,56.26175,0,[121.1398,79.001]]],[64,[35.11093,68.29082,2,[130.6827,80.00099]]],[702,[21.2501,42.46265,0,[139.321,80.001]]],[197,[44.65874,72.74595,1,[125.5908,79.001]]],[228,[41.95412,64.88616,1,[125.093,79.00098]]],[96,[40.0549,66.78231,1,[122.6262,79.001]]],[601,[29.77107,47.16322,0,[120.4647,79.001]]],[340,[33.73339,58.84168,1,[139.7279,80.001]]],[44,[35.82067,69.60421,2,[130.4573,80.00099]]],[282,[39.30954,71.76994,1,[133.2022,80.001]]],[642,[22.91018,45.68124,0,[136.9219,80.001]]],[142,[45.86175,77.74005,1,[127.2784,79.001]]],[312,[45.27281,67.87558,1,[123.0236,79.001]]],[85,[34.93101,66.72137,2,[129.8438,79.00099]]],[82,[35.86352,65.92709,2,[128.5529,79.00099]]],[399,[28.86997,55.29696,1,[138.396,80.001]]],[127,[34.61383,63.64061,1,[125.3139,79.001]]],[196,[44.52622,72.73333,1,[122.9592,79.001]]],[225,[45.35138,72.98451,1,[125.4838,79.001]]],[60,[36.00842,67.13449,2,[127.4099,79.001]]],[107,[34.77408,65.5969,2,[128.3447,79.00099]]],[341,[37.98962,66.03896,1,[134.8442,80.001]]],[283,[44.99075,67.8427,1,[124.2216,79.001]]],[169,[44.02411,74.1702,1,[127.5708,79.001]]],[285,[41.00623,61.32692,1,[120.8531,79.001]]],[83,[36.25985,66.58443,2,[129.2815,79.00099]]],[346,[40.35168,58.48123,1,[120.6405,79.001]]],[247,[31.3177,60.33995,1,[135.7726,80.001]]],[315,[40.46029,59.41009,1,[121.7231,79.001]]],[87,[34.79616,67.41599,2,[131.6639,80.00099]]],[149,[37.41168,63.04218,1,[122.7458,79.00097]]],[377,[39.75336,57.23999,1,[121.6884,79.001]]],[227,[44.22186,70.23348,1,[126.4366,79.00099]]],[203,[33.53165,61.13919,1,[122.6103,79.001]]],[361,[29.1546,56.56191,1,[131.47,80.001]]],[65,[35.48535,68.59159,2,[131.4076,80.00099]]],[129,[34.36048,63.64259,1,[126.3281,79.001]]],[88,[35.76764,67.81593,2,[132.2989,80.00099]]],[222,[34.39754,63.26213,1,[136.8088,80.00099]]],[379,[29.88218,54.43808,1,[121.505,79.001]]],[45,[36.13179,69.99268,2,[131.2939,80.00099]]],[145,[37.48286,64.59161,1,[121.6274,79.00097]]],[171,[41.54807,68.1358,1,[125.9871,79.001]]],[199,[41.36901,65.93484,1,[124.6353,79.001]]],[112,[35.16639,66.71206,2,[132.4005,80.00099]]],[173,[36.22821,62.87461,1,[122.0157,79.001]]],[120,[38.0305,65.34892,1,[122.1298,79.001]]],[150,[34.71379,63.50842,1,[123.8767,79.00099]]],[137,[34.46719,65.2193,2,[132.6306,80.00099]]],[27,[36.49904,71.12761,2,[130.2329,80.00099]]],[172,[38.21487,63.52552,1,[121.123,79.001]]],[109,[34.65053,66.66549,2,[130.1957,80.00099]]],[119,[39.32795,66.13194,1,[122.5085,79.001]]],[317,[31.8994,56.59367,1,[121.5369,79.001]]],[108,[34.47295,65.07092,2,[129.3348,79.00099]]],[113,[35.44255,66.64482,2,[133.3186,80.00099]]],[124,[38.39877,65.09695,1,[124.9275,79.001]]],[139,[34.81585,65.95271,2,[133.4108,80.00099]]],[292,[30.17895,57.54419,1,[124.5485,79.001]]],[198,[42.13252,67.00466,1,[126.2115,79.00097]]],[89,[36.34585,68.06891,2,[132.3046,80.00099]]],[378,[31.39493,54.8315,1,[120.9272,79.001]]],[166,[34.48261,65.01481,2,[134.5165,80.00099]]],[28,[37.43414,71.2759,2,[129.6582,79.001]]],[174,[35.19212,62.67781,1,[123.0638,79.001]]],[359,[28.67058,55.53341,1,[129.6116,79.001]]],[99,[39.31528,66.36046,1,[125.3547,79.001]]],[374,[46.12277,65.29597,1,[121.7149,79.001]]],[289,[32.45358,57.82842,1,[121.6365,79.00099]]],[97,[39.6367,66.62351,1,[123.552,79.00098]]],[192,[33.87372,63.36247,2,[134.8252,80.00099]]],[86,[34.33769,67.17791,2,[131.1744,80.00099]]],[167,[34.7794,65.60077,2,[135.4993,80.00099]]],[123,[38.43582,64.69385,1,[123.8503,79.001]]],[122,[39.02945,64.90665,1,[123.4733,79.00097]]],[91,[36.90844,70.42971,2,[132.3768,80.00098]]],[114,[35.08274,67.01961,2,[134.3523,80.00099]]],[230,[34.15643,60.28019,1,[121.3605,79.00099]]],[231,[34.67369,60.73206,1,[121.7027,79.001]]],[257,[36.24857,59.48566,1,[120.9139,79.001]]],[126,[36.77533,64.21253,1,[124.7788,79.001]]],[47,[37.68024,71.61337,2,[130.5797,80.001]]],[111,[34.01046,66.17579,2,[132.1387,80.00099]]],[130,[35.00839,64.00491,1,[127.313,79.001]]],[176,[35.24555,62.24883,1,[124.127,79.001]]],[67,[37.31439,69.66132,2,[131.476,80.001]]],[288,[33.01624,57.82303,1,[121.5607,79.001]]],[194,[35.65274,65.76728,2,[134.4535,80.00099]]],[195,[36.56177,67.96598,2,[133.4686,80.00098]]],[12,[40.1014,72.67879,2,[134.0305,80.001]]],[286,[34.56592,58.32915,1,[120.5514,79.001]]],[25,[37.9596,69.67949,2,[129.0663,79.001]]],[232,[32.97141,60.06351,1,[122.6212,79.001]]],[152,[35.15986,63.02576,1,[125.1751,79.001]]],[140,[36.0113,67.34713,2,[133.3463,80.00099]]],[160,[33.89455,63.46252,1,[129.3656,79.00099]]],[141,[37.83313,70.31243,2,[131.8541,80.001]]],[254,[46.07169,70.03614,1,[123.1348,79.001]]],[343,[45.79489,72.165,1,[124.3948,79.001]]],[90,[38.22315,70.27851,2,[130.8015,80.001]]],[58,[36.21472,66.94207,2,[125.2466,79.001]]],[115,[39.34607,71.50514,2,[131.8869,80.001]]],[95,[38.52861,66.65723,1,[122.7919,79.001]]],[116,[38.43779,72.74476,2,[131.8241,80.001]]],[375,[46.77406,71.575,1,[124.3806,79.001]]],[164,[33.71513,64.02948,2,[133.1349,80.00099]]],[287,[33.72285,58.22668,1,[120.5069,79.001]]],[344,[45.27055,64.41283,1,[121.6275,79.001]]],[121,[36.82041,64.88545,1,[122.5572,79.001]]],[24,[38.25736,70.36349,2,[128.1432,79.001]]],[66,[36.69477,69.3695,2,[131.2601,80.00099]]],[100,[36.82203,65.01943,1,[123.6713,79.00099]]],[143,[44.76157,77.236,1,[127.8212,79.001]]],[168,[37.40748,70.8816,2,[132.8238,80.001]]],[229,[36.82897,61.32755,1,[121.476,79.001]]],[11,[38.56833,72.11783,2,[129.356,79.001]]],[68,[38.90413,72.64032,2,[131.1591,80.001]]],[13,[38.67743,73.1474,2,[130.1265,80.001]]],[43,[37.45821,69.57682,2,[128.5666,79.001]]],[59,[36.65613,67.19627,2,[125.8871,79.001]]],[437,[30.34968,52.98802,0,[120.8836,79.001]]],[224,[38.75552,70.69518,2,[132.6891,80.001]]],[132,[34.45921,64.60436,2,[127.3659,79.001]]],[46,[37.09827,71.17727,2,[130.3018,80.00099]]],[56,[38.31823,67.37021,2,[125.9829,79.001]]],[10,[39.93129,73.44009,2,[132.6351,80.001]]],[1,[40.04,74.83145,2,[130.275,80.001]]],[22,[38.81292,69.40434,2,[128.3532,79.001]]],[26,[39.37002,71.34717,2,[130.4502,80.001]]],[409,[29.21474,53.4166,0,[120.8296,79.001]]],[138,[34.17404,65.04139,2,[133.6519,80.00099]]],[175,[34.62589,62.4142,1,[122.8108,79.001]]],[193,[34.17856,63.79131,2,[135.746,80.00099]]],[61,[36.40164,67.82221,2,[128.1024,79.00099]]],[0,[41.52712,76.82555,2,[132.1549,80.001]]],[81,[36.57666,66.18041,2,[127.0042,79.001]]],[57,[38.24532,67.5315,2,[127.054,79.001]]],[467,[30.9051,51.53421,0,[120.4154,79.001]]],[41,[37.7274,69.19061,2,[127.5659,79.00099]]],[38,[37.71456,68.46422,2,[126.4703,79.00099]]],[23,[39.19371,69.76112,2,[129.4552,79.001]]],[15,[41.25078,75.28051,2,[128.045,79.00099]]],[62,[36.83294,67.27962,2,[129.3949,79.00098]]],[201,[35.20213,61.69233,1,[121.989,79.001]]],[78,[37.83769,66.19352,2,[125.3827,79.00099]]],[6,[40.58815,73.38459,2,[129.5747,79.001]]],[200,[35.70683,61.69331,1,[121.4725,79.001]]],[74,[39.79987,67.7232,2,[124.5336,79.00098]]],[35,[39.52842,70.11039,2,[126.3561,79.001]]],[165,[33.46245,64.1884,2,[134.1746,80.00099]]],[18,[40.55132,72.43919,2,[128.4168,79.001]]],[125,[36.27705,63.70762,1,[124.1637,79.001]]],[21,[40.59353,72.29427,2,[130.4197,80.001]]],[5,[41.20126,75.00166,2,[129.2025,79.00099]]],[54,[38.86033,68.06425,2,[126.1728,79.001]]],[147,[36.28925,63.91892,1,[123.0839,79.001]]],[48,[43.73385,78.29121,2,[128.6594,79.001]]],[73,[40.27179,67.88153,2,[123.6659,79.001]]],[316,[32.51384,57.07906,1,[120.5601,79.00099]]],[163,[33.13513,63.78625,2,[133.311,80.00099]]],[37,[38.81715,68.82261,2,[127.2585,79.001]]],[40,[37.15133,68.31909,2,[127.1799,79.00097]]],[98,[38.92035,65.98151,1,[124.5173,79.001]]],[191,[33.13106,62.68307,2,[135.3891,80.001]]],[55,[39.38889,68.74825,2,[127.388,79.001]]],[9,[39.95249,72.5772,2,[131.3816,80.001]]],[42,[36.93457,68.63517,2,[128.2791,79.00098]]],[347,[33.07261,56.31502,1,[120.5006,79.001]]],[52,[40.43029,69.05305,2,[124.8059,79.001]]],[131,[33.90032,63.82058,2,[127.526,79.001]]],[14,[44.27456,81.04142,2,[131.2675,80.001]]],[36,[39.93057,69.5938,2,[129.127,79.001]]],[101,[37.37976,65.63044,2,[123.8472,79.00097]]],[71,[40.72723,68.49268,2,[122.7872,79.001]]],[17,[40.70789,71.85182,2,[127.3678,79.001]]],[49,[43.1007,76.54106,2,[128.3867,79.001]]],[29,[44.04734,78.84535,2,[129.9538,79.001]]],[19,[39.96237,71.14647,2,[127.9172,79.001]]],[79,[37.33073,66.37168,2,[124.9502,79.00097]]],[7,[40.69231,73.94935,2,[131.7603,80.001]]],[8,[39.4251,71.39173,2,[128.4669,79.001]]],[31,[43.46342,78.81616,2,[131.0621,80.00099]]],[72,[40.91298,68.99996,2,[123.9358,79.00099]]],[134,[34.08538,65.51273,2,[130.2401,80.00099]]],[162,[32.83047,63.76579,2,[132.4485,80.00099]]],[77,[37.88096,66.62436,2,[124.295,79.00099]]],[33,[41.15602,72.01041,2,[126.7404,79.001]]],[34,[40.13173,70.0864,2,[126.8724,79.001]]],[75,[40.0046,68.18273,2,[125.7209,79.00099]]],[136,[33.41287,64.96327,2,[132.2715,80.00099]]],[76,[37.94157,66.07763,2,[123.2027,79.00099]]],[30,[43.26125,77.786,2,[129.6997,79.001]]],[39,[37.21205,68.21167,2,[126.0671,79.00097]]],[161,[32.25235,63.43362,2,[132.6407,80.00099]]],[133,[34.21444,64.03555,2,[128.3944,79.001]]],[223,[36.20031,66.79402,2,[134.6179,80.00099]]],[2,[40.63125,75.36873,2,[133.0663,80.001]]],[135,[33.15234,64.7412,2,[131.3681,80.00099]]],[53,[40.57008,69.65735,2,[126.1517,79.001]]],[32,[40.98773,71.30336,2,[125.4113,79.00099]]],[20,[41.17315,73.36352,2,[130.9064,80.001]]],[110,[33.75281,66.03187,2,[131.2229,80.00099]]],[16,[42.44352,78.24683,2,[131.7881,80.00099]]],[4,[41.82541,78.12036,2,[130.6361,80.00099]]],[146,[35.69903,63.65553,1,[122.542,79.001]]],[148,[35.75604,63.65189,1,[123.5967,79.001]]],[258,[35.14053,59.59308,1,[120.899,79.001]]],[51,[42.64362,76.09984,2,[130.4793,80.001]]],[259,[33.5772,58.98397,1,[121.5431,79.001]]],[50,[41.87413,74.91698,2,[128.998,79.00099]]],[3,[43.20332,82.04839,2,[132.2569,80.00099]]]
3:[715,[64.14205,128.2776,0,[131.5533,168.001]]],[716,[64.19014,128.3588,0,[132.8467,168.001]]],[714,[63.77341,127.4898,0,[130.1631,167.001]]],[708,[64.69857,129.3614,0,[131.0284,168.001]]],[709,[64.84778,129.5881,0,[132.1253,168.001]]],[707,[64.41843,128.5997,0,[129.9473,167.001]]],[695,[65.2551,130.3809,0,[131.2639,168.001]]],[710,[64.72333,129.3357,0,[133.1993,168.001]]],[694,[65.07265,129.8082,0,[130.3391,167.001]]],[696,[65.58498,130.861,0,[132.2999,168.001]]],[697,[65.34489,130.3721,0,[133.2838,168.001]]],[678,[65.94954,131.4279,0,[131.5125,168.001]]],[693,[65.71297,129.8176,0,[130.5773,167.001]]],[680,[65.98404,131.4719,0,[133.0939,168.001]]],[706,[65.52032,128.6059,0,[129.5662,167.001]]],[679,[66.39108,131.9703,0,[132.2132,168.001]]],[677,[66.66205,132.0937,0,[131.2152,168.001]]],[658,[66.96548,132.6122,0,[132.2623,168.001]]],[698,[66.58892,130.929,0,[133.3638,168.001]]],[657,[67.23988,133.1188,0,[131.1392,168.001]]],[676,[66.18056,130.6633,0,[129.9611,167.001]]],[692,[66.75197,130.3735,0,[130.0224,167.001]]],[660,[67.22971,132.5517,0,[133.3479,168.001]]],[659,[67.57526,133.0642,0,[132.2366,168.001]]],[636,[67.89441,133.5924,0,[131.3226,168.001]]],[656,[67.33864,131.9056,0,[130.0875,167.001]]],[681,[67.99509,131.9138,0,[132.96,168.001]]],[635,[68.47308,134.3246,0,[132.0092,168.001]]],[675,[67.92151,131.2937,0,[130.8258,167.001]]],[634,[68.49234,132.9853,0,[130.9614,167.001]]],[705,[68.21339,129.7512,0,[129.8627,167.001]]],[637,[69.04693,134.2365,0,[132.0497,168.001]]],[638,[68.56632,133.789,0,[133.185,168.001]]],[639,[69.21209,134.08,0,[133.1178,168.001]]],[691,[68.87833,131.2368,0,[129.9344,167.001]]],[612,[69.64064,134.7594,0,[132.1179,168.001]]],[655,[69.58331,133.8645,0,[131.0077,168.001]]],[614,[69.82993,134.8939,0,[133.2518,168.001]]],[611,[70.22268,135.4498,0,[131.0462,168.001]]],[633,[69.55774,133.2408,0,[129.9574,167.001]]],[613,[70.3066,135.2444,0,[132.1716,168.001]]],[587,[70.84754,135.7926,0,[131.3504,168.001]]],[610,[70.29043,133.9703,0,[130.1007,167.001]]],[615,[70.49553,135.154,0,[133.2634,168.001]]],[589,[70.99026,135.8404,0,[132.6065,168.001]]],[586,[70.9438,135.4457,0,[130.5119,167.001]]],[588,[71.51308,136.2973,0,[131.843,168.001]]],[561,[72.04655,136.8243,0,[131.2366,168.001]]],[711,[71.74045,130.1847,0,[133.0682,168.001]]],[674,[71.50513,132.4,0,[130.0469,167.001]]],[640,[72.18998,135.1442,0,[132.4104,168.001]]],[590,[72.68215,136.6068,0,[131.9207,168.001]]],[609,[72.13377,134.883,0,[130.8374,167.001]]],[661,[72.59335,133.1414,0,[133.3181,168.001]]],[704,[72.08377,131.0562,0,[129.7449,167.001]]],[591,[73.06769,136.5825,0,[132.7044,168.001]]],[563,[73.35131,137.0584,0,[131.7485,168.001]]],[632,[72.67083,133.8962,0,[130.6902,167.001]]],[560,[73.21383,136.4817,0,[130.9149,167.001]]],[564,[73.70943,137.2947,0,[132.5974,168.001]]],[663,[73.43309,134.4707,0,[133.5377,168.001]]],[690,[72.91331,132.4345,0,[129.7018,167.001]]],[562,[74.08743,137.5278,0,[131.8085,168.001]]],[585,[73.45737,134.8643,0,[129.8988,167.001]]],[559,[73.8095,136.1872,0,[130.7917,167.001]]],[565,[74.16586,137.0881,0,[133.3972,168.001]]],[536,[74.53898,137.9286,0,[132.5015,168.001]]],[535,[74.74696,138.447,0,[131.4821,168.001]]],[654,[74.07442,133.3832,0,[129.8095,167.001]]],[608,[74.52502,135.0872,0,[130.5197,167.001]]],[508,[75.29691,139.1109,0,[131.9451,168.001]]],[662,[74.90784,134.4698,0,[133.3322,168.001]]],[534,[75.71429,138.0946,0,[131.2097,168.001]]],[537,[75.49225,138.4386,0,[132.9885,168.001]]],[631,[75.04716,135.0054,0,[130.1215,167.001]]],[509,[75.99349,139.8779,0,[132.2635,168.001]]],[703,[75.57172,132.2507,0,[129.7581,167.001]]],[584,[75.72951,135.9159,0,[130.8202,167.001]]],[616,[76.13705,136.0657,0,[133.3391,168.001]]],[506,[76.49887,139.1883,0,[131.8538,168.001]]],[583,[76.34988,136.5942,0,[130.9449,167.001]]],[507,[77.07219,139.6796,0,[132.0202,168.001]]],[673,[76.26966,133.2659,0,[129.8482,167.001]]],[538,[76.65749,138.5163,0,[133.0168,168.001]]],[532,[77.51891,138.8557,0,[131.1418,168.001]]],[592,[77.22782,137.2573,0,[133.1434,168.001]]],[558,[76.88316,137.4825,0,[130.0449,167.001]]],[479,[77.72235,140.5376,0,[132.3087,168.001]]],[505,[78.12258,140.1018,0,[131.0982,168.001]]],[653,[77.59039,134.6448,0,[129.9849,167.001]]],[510,[78.28033,139.6991,0,[132.1718,168.001]]],[682,[78.11409,132.9263,0,[133.3172,168.001]]],[533,[78.19251,138.2088,0,[130.9978,167.001]]],[478,[78.84512,140.768,0,[132.074,168.001]]],[683,[78.75273,134.9298,0,[133.1763,168.001]]],[607,[78.25864,136.6923,0,[129.8937,167.001]]],[557,[78.75681,137.9231,0,[130.9982,167.001]]],[606,[78.94836,136.8534,0,[129.929,167.001]]],[477,[79.42883,140.7043,0,[132.1204,168.001]]],[531,[79.36691,139.037,0,[130.9948,167.001]]],[481,[79.39193,140.5366,0,[133.2552,168.001]]],[450,[80.03872,141.292,0,[132.049,168.001]]],[672,[79.53317,133.9567,0,[129.9041,167.001]]],[641,[80.12365,136.7746,0,[133.1403,168.001]]],[582,[79.91238,137.8309,0,[130.9373,167.001]]],[449,[80.62482,142.1742,0,[132.1509,168.001]]],[652,[80.26785,135.255,0,[129.9341,167.001]]],[530,[80.9638,140.2229,0,[131.0844,168.001]]],[539,[80.7617,139.5324,0,[133.3138,168.001]]],[480,[81.22096,141.2556,0,[132.1652,168.001]]],[476,[81.53918,141.2525,0,[131.0997,168.001]]],[581,[80.86279,138.3017,0,[129.9748,167.001]]],[566,[81.54689,138.616,0,[133.0599,168.001]]],[451,[81.93425,142.0186,0,[131.9298,168.001]]],[556,[81.51068,139.3723,0,[130.2313,167.001]]],[504,[82.4843,140.2874,0,[131.109,168.001]]],[452,[82.15789,141.9602,0,[133.162,168.001]]],[453,[82.67402,142.0686,0,[132.1605,168.001]]],[630,[82.44292,136.9839,0,[130.502,167.001]]],[475,[83.22677,141.5036,0,[131.9141,168.001]]],[540,[82.90755,139.5975,0,[133.1926,168.001]]],[555,[83.59197,141.0327,0,[131.0765,168.001]]],[454,[83.60754,142.376,0,[132.8665,168.001]]],[689,[82.88593,134.4036,0,[129.8349,167.001]]],[503,[84.00903,141.2795,0,[131.9293,168.001]]],[605,[83.44856,138.4156,0,[130.2044,167.001]]],[529,[84.43246,141.4393,0,[131.0507,168.001]]],[482,[84.19617,141.5405,0,[133.1861,168.001]]],[448,[84.72274,142.5797,0,[132.0034,168.001]]],[671,[84.05175,135.9744,0,[129.9051,167.001]]],[528,[84.5685,140.7518,0,[130.6007,167.001]]],[423,[84.93903,142.9896,0,[133.0357,168.001]]],[419,[85.31843,143.4355,0,[131.8943,168.001]]],[651,[85.25141,137.3364,0,[130.9249,167.001]]],[474,[85.91351,142.2875,0,[131.9864,168.001]]],[421,[85.66439,142.9812,0,[133.1292,168.001]]],[688,[85.31371,135.5383,0,[129.8159,167.001]]],[502,[85.81258,140.5892,0,[130.4782,167.001]]],[422,[86.41225,143.4639,0,[132.4392,168.001]]],[447,[86.59453,143.9315,0,[131.3916,168.001]]],[699,[86.30512,133.6147,0,[133.5231,168.001]]],[420,[86.99677,144.0245,0,[132.1579,168.001]]],[650,[86.18576,137.5377,0,[129.6932,167.001]]],[446,[87.24538,142.6025,0,[131.1697,168.001]]],[425,[86.92189,143.3558,0,[133.255,168.001]]],[501,[86.70602,141.0306,0,[130.0628,167.001]]],[424,[87.51656,143.6523,0,[132.7413,168.001]]],[389,[87.81759,144.5903,0,[131.7157,168.001]]],[445,[87.29375,142.4007,0,[130.4505,167.001]]],[580,[88.43292,140.7774,0,[131.1333,168.001]]],[395,[88.3687,144.3371,0,[132.368,168.001]]],[484,[88.07426,141.7276,0,[133.3448,168.001]]],[670,[87.81754,137.637,0,[129.9752,167.001]]],[418,[88.91535,145.5796,0,[132.1471,168.001]]],[471,[88.99578,143.8929,0,[131.0378,168.001]]],[426,[88.88172,143.676,0,[133.3183,168.001]]],[629,[88.46456,137.5461,0,[129.9196,167.001]]],[473,[89.56379,143.3489,0,[131.6379,168.001]]],[396,[89.46416,145.1303,0,[132.9521,168.001]]],[554,[89.06608,140.3908,0,[130.2581,167.001]]],[391,[90.1375,145.335,0,[132.047,168.001]]],[442,[89.6377,144.4409,0,[130.8828,167.001]]],[567,[90.07105,140.0793,0,[133.1526,168.001]]],[388,[90.67545,145.9433,0,[131.4888,168.001]]],[604,[89.90474,138.8813,0,[129.909,167.001]]],[397,[90.73341,145.4929,0,[132.8073,168.001]]],[500,[90.46119,142.6753,0,[130.3361,167.001]]],[545,[91.29648,141.5946,0,[131.555,168.001]]],[455,[91.50066,143.9189,0,[132.6995,168.001]]],[417,[91.11041,143.5123,0,[130.3735,167.001]]],[393,[92.10943,145.4208,0,[131.4742,168.001]]],[398,[92.1331,147.8698,0,[132.8275,168.001]]],[553,[91.89162,141.6053,0,[130.3307,167.001]]],[512,[92.66526,142.1705,0,[132.2187,168.001]]],[668,[92.93184,136.0485,0,[131.249,168.001]]],[415,[92.45082,144.3364,0,[130.1531,167.001]]],[700,[92.82652,134.0972,0,[133.3911,168.001]]],[427,[93.2554,145.7963,0,[132.4325,168.001]]],[489,[93.47922,146.1859,0,[131.4298,168.001]]],[527,[93.24625,143.0857,0,[130.4866,167.001]]],[649,[92.92144,138.7899,0,[129.6078,167.001]]],[488,[93.86398,143.7643,0,[132.3673,168.001]]],[387,[94.11504,146.0963,0,[131.3728,168.001]]],[511,[93.5286,142.1537,0,[133.3891,168.001]]],[572,[94.19146,141.7675,0,[133.3336,168.001]]],[392,[94.56631,146.9714,0,[132.1348,168.001]]],[444,[94.09622,144.0799,0,[130.8358,167.001]]],[628,[93.70923,138.6518,0,[129.8716,167.001]]],[394,[95.07884,147.1037,0,[131.4685,168.001]]],[579,[94.40346,141.0191,0,[129.9116,167.001]]],[456,[94.78497,146.6791,0,[133.1663,168.001]]],[547,[95.24539,149.3082,0,[132.5293,168.001]]],[416,[94.93297,145.0341,0,[130.6209,167.001]]],[647,[95.67365,146.2546,0,[131.5972,168.001]]],[669,[95.05453,138.7628,0,[129.5651,167.001]]],[490,[95.87021,148.2021,0,[132.6155,168.001]]],[470,[95.56592,144.3858,0,[130.2688,167.001]]],[546,[95.56017,145.5658,0,[133.5295,168.001]]],[390,[96.22772,147.8542,0,[131.3078,168.001]]],[624,[96.42867,148.6917,0,[132.3109,168.001]]],[385,[96.16321,146.6098,0,[130.5875,167.001]]],[623,[96.34816,139.5195,0,[133.3998,168.001]]],[627,[95.97816,139.5912,0,[129.5505,167.001]]],[518,[96.99178,146.4853,0,[131.4449,168.001]]],[598,[96.9735,143.1001,0,[132.5306,168.001]]],[552,[96.67447,142.3843,0,[129.9479,167.001]]],[386,[96.9903,147.5217,0,[130.898,167.001]]],[599,[97.58624,145.6227,0,[132.1022,168.001]]],[541,[97.11443,142.2007,0,[133.5831,168.001]]],[483,[97.68505,145.5823,0,[133.2556,168.001]]],[491,[98.03983,156.3051,0,[131.164,168.001]]],[458,[98.14663,148.0548,0,[132.2603,168.001]]],[578,[97.41151,142.5245,0,[129.9817,167.001]]],[603,[97.96175,142.7863,0,[129.7517,167.001]]],[499,[98.06113,146.2214,0,[130.831,167.001]]],[513,[98.30596,143.3924,0,[133.3189,168.001]]],[430,[98.66583,153.1666,0,[131.9156,168.001]]],[469,[98.61722,146.923,0,[130.9715,167.001]]],[573,[99.21934,148.0595,0,[132.0678,168.001]]],[498,[98.56374,146.1343,0,[129.867,167.001]]],[485,[98.82681,146.8315,0,[132.9842,168.001]]],[486,[99.33419,145.5558,0,[133.3807,168.001]]],[519,[99.70503,148.2631,0,[131.0841,168.001]]],[414,[99.18841,147.9018,0,[129.9438,167.001]]],[431,[99.7555,148.4908,0,[132.2854,168.001]]],[574,[100.2719,155.0945,0,[131.7134,168.001]]],[432,[99.76728,150.3903,0,[130.3137,167.001]]],[593,[100.0463,140.2403,0,[133.2319,168.001]]],[626,[100.352,143.2478,0,[130.8438,167.001]]],[461,[100.8893,152.6805,0,[132.0381,168.001]]],[428,[100.6236,151.7634,0,[133.1478,168.001]]],[551,[100.6559,146.4731,0,[129.9048,167.001]]],[497,[101.3909,147.8547,0,[131.2142,168.001]]],[460,[101.3131,149.6045,0,[132.8964,168.001]]],[524,[101.2631,147.7608,0,[130.176,167.001]]],[433,[101.7436,160.4445,0,[132.0823,168.001]]],[443,[102.079,147.721,0,[131.2115,168.001]]],[429,[101.8904,149.0329,0,[133.1452,168.001]]],[525,[101.8082,149.8784,0,[129.9252,167.001]]],[434,[102.6015,157.4683,0,[132.1621,168.001]]],[472,[102.1147,147.8448,0,[130.9753,167.001]]],[571,[102.4542,153.1365,0,[133.2785,168.001]]],[384,[103.1719,152.6364,0,[131.1084,168.001]]],[577,[102.4712,144.2604,0,[129.9445,167.001]]],[517,[103.2039,151.0934,0,[132.2301,168.001]]],[439,[103.1028,150.4863,0,[130.1237,167.001]]],[594,[103.1284,142.6234,0,[133.3435,168.001]]],[462,[103.79,154.8376,0,[131.5024,168.001]]],[575,[103.6487,147.9785,0,[130.4444,167.001]]],[568,[103.8243,143.7736,0,[132.8857,168.001]]],[542,[104.3185,147.4676,0,[132.1036,168.001]]],[648,[104.2319,144.8633,0,[130.8302,167.001]]],[406,[104.8606,160.4944,0,[131.9046,168.001]]],[438,[104.4038,152.6706,0,[129.781,167.001]]],[617,[104.7309,138.75,0,[133.2464,168.001]]],[526,[104.8251,148.7805,0,[130.8151,167.001]]],[597,[105.5782,150.0629,0,[131.8087,168.001]]],[619,[105.2403,142.4055,0,[132.7061,168.001]]],[411,[105.2062,155.4858,0,[129.9862,167.001]]],[412,[106.0353,153.3245,0,[131.128,168.001]]],[487,[106.1155,150.7883,0,[132.5206,168.001]]],[602,[105.901,151.3073,0,[130.2122,167.001]]],[459,[106.6336,155.2404,0,[131.5952,168.001]]],[569,[105.6485,144.9885,0,[133.4222,168.001]]],[468,[107.1826,151.4637,0,[131.308,168.001]]],[550,[106.5973,152.1663,0,[130.0507,167.001]]],[595,[106.7197,144.2123,0,[133.0197,168.001]]],[496,[107.1179,153.216,0,[130.4298,167.001]]],[515,[107.2073,149.0054,0,[132.4748,168.001]]],[514,[107.9282,152.4683,0,[131.3754,168.001]]],[382,[107.5658,153.7266,0,[129.8198,167.001]]],[643,[107.6709,140.1602,0,[133.426,168.001]]],[383,[107.9127,154.168,0,[130.8623,167.001]]],[596,[107.9052,146.9702,0,[132.4517,168.001]]],[570,[108.603,147.7247,0,[132.001,168.001]]],[463,[108.2156,155.424,0,[129.8801,167.001]]],[685,[108.5127,139.5185,0,[133.1126,168.001]]],[521,[108.8417,152.4021,0,[130.0038,167.001]]],[457,[109.3107,154.2676,0,[132,168.001]]],[576,[109.2401,155.2189,0,[130.8994,167.001]]],[622,[109.1816,148.3889,0,[133.1154,168.001]]],[516,[109.9539,149.8164,0,[132.1791,168.001]]],[493,[109.6781,155.8973,0,[130.0348,167.001]]],[645,[110.3085,160.3598,0,[131.2308,168.001]]],[618,[109.9329,139.8671,0,[133.2822,168.001]]],[646,[110.7404,151.3475,0,[132.1216,168.001]]],[464,[110.2375,155.8927,0,[129.9331,167.001]]],[549,[110.9199,151.4286,0,[131.0351,168.001]]],[413,[110.8259,153.8255,0,[130.1817,167.001]]],[544,[111.33,155.6754,0,[132.0503,168.001]]],[665,[110.6546,142.1548,0,[133.2282,168.001]]],[520,[111.6644,163.4808,0,[131.158,168.001]]],[435,[111.3703,156.8379,0,[129.9272,167.001]]],[667,[112.0013,156.5516,0,[132.1808,168.001]]],[522,[111.7177,156.0845,0,[130.9757,167.001]]],[621,[111.4356,156.3945,0,[133.1462,168.001]]],[441,[112.0458,154.2037,0,[129.9623,167.001]]],[687,[112.5602,147.6884,0,[132.0212,168.001]]],[440,[112.3714,151.3699,0,[130.9711,167.001]]],[666,[112.2263,143.4802,0,[133.2043,168.001]]],[644,[113.1962,157.1978,0,[132.1016,168.001]]],[465,[112.8002,156.2141,0,[129.9291,167.001]]],[620,[112.8969,150.4321,0,[133.1048,168.001]]],[523,[113.4868,157.2361,0,[131.0052,168.001]]],[405,[113.8604,162.8488,0,[132.0533,168.001]]],[600,[113.5695,161.7284,0,[129.9149,167.001]]],[494,[114.1513,159.4821,0,[131.0068,168.001]]],[701,[113.6957,140.9563,0,[133.1438,168.001]]],[543,[114.5302,155.3085,0,[131.891,168.001]]],[408,[114.3314,163.0002,0,[130.2636,167.001]]],[713,[114.4354,143.4467,0,[133.0531,168.001]]],[466,[115.0704,161.7018,0,[131.4313,168.001]]],[684,[115.0665,145.6525,0,[132.8282,168.001]]],[548,[115.0309,153.0531,0,[130.1684,167.001]]],[686,[115.7254,149.3172,0,[131.303,168.001]]],[712,[115.683,145.299,0,[132.6033,168.001]]],[436,[115.9154,158.3553,0,[130.3257,167.001]]],[664,[116.3817,145.238,0,[131.6439,168.001]]],[407,[117.0175,163.5795,0,[131.4147,168.001]]],[702,[116.3652,142.5836,0,[132.9072,168.001]]],[601,[116.8338,154.9138,0,[130.3172,167.001]]],[642,[117.0995,143.8724,0,[132.7308,168.001]]],[409,[136.0901,188.0396,0,[131.5141,168.001]]],[467,[136.9845,195.072,0,[131.4923,168.001]]]
1:[380,[81.27118,158.2476,1,[95.8176,172.001]]],[352,[82.10046,159.9906,1,[95.8135,172.001]]],[322,[82.73765,161.3677,1,[96.95874,172.001]]],[357,[83.49954,161.6892,1,[96.9968,172.001]]],[323,[83.36284,163.175,1,[95.89891,172.001]]],[321,[82.09155,160.7576,1,[94.3952,171.001]]],[325,[82.70754,161.7843,1,[94.72373,171.001]]],[355,[84.35307,162.7387,1,[97.27368,172.001]]],[328,[84.11706,164.2979,1,[96.20428,172.001]]],[297,[83.96799,164.5601,1,[95.11309,172.001]]],[324,[83.12209,162.5029,1,[93.97976,171.001]]],[298,[84.80521,165.0339,1,[96.03989,172.001]]],[327,[85.06583,163.4267,1,[97.11028,172.001]]],[326,[84.13411,163.2132,1,[94.92899,171.001]]],[293,[83.77962,163.0834,1,[93.98514,171.001]]],[299,[85.4856,166.3143,1,[96.15995,172.001]]],[268,[85.36268,165.841,1,[95.06598,172.001]]],[295,[84.70157,163.8777,1,[93.9952,171.001]]],[330,[86.15915,166.9563,1,[95.54739,172.001]]],[302,[86.67031,167.5978,1,[96.46687,172.001]]],[356,[85.94691,163.6503,1,[96.89001,172.001]]],[270,[85.71526,166.561,1,[94.24824,171.001]]],[329,[87.44757,165.0839,1,[96.93002,172.001]]],[300,[86.33331,166.9642,1,[94.95216,171.001]]],[272,[87.39397,167.92,1,[95.61121,172.001]]],[274,[88.43983,167.4289,1,[97.19759,172.001]]],[271,[87.99136,166.0464,1,[96.04451,172.001]]],[296,[86.91754,165.8516,1,[94.25445,171.001]]],[273,[88.74079,167.8946,1,[96.11995,172.001]]],[269,[87.65263,167.623,1,[94.66091,171.001]]],[304,[89.34379,169.9736,1,[97.32389,172.001]]],[410,[89.50313,159.06,0,[96.27937,172.001]]],[625,[89.1593,153.1398,0,[95.39046,172.001]]],[303,[90.01471,166.2766,1,[96.87486,172.001]]],[275,[89.92979,169.5829,1,[95.57965,172.001]]],[241,[88.46595,167.9154,1,[94.19434,171.001]]],[267,[89.07993,165.2588,1,[94.67413,171.001]]],[335,[90.62389,168.7923,1,[96.58415,172.001]]],[276,[90.48915,171.2284,1,[95.52499,172.001]]],[238,[89.72088,166.4635,1,[94.56464,171.001]]],[239,[89.32413,168.3716,1,[93.69944,171.001]]],[334,[91.27623,169.9539,1,[96.84893,172.001]]],[245,[91.05031,169.8077,1,[95.78265,172.001]]],[242,[90.35678,168.6858,1,[94.684,171.001]]],[332,[90.79356,167.7626,1,[97.59891,172.001]]],[337,[91.65204,169.9122,1,[95.91647,172.001]]],[333,[91.91862,168.4082,1,[97.01618,172.001]]],[243,[90.99982,168.6032,1,[94.86194,171.001]]],[240,[90.04538,168.612,1,[93.67014,171.001]]],[495,[82.79359,156.0287,0,[95.73733,172.001]]],[266,[90.7345,165.5264,1,[93.85516,171.001]]],[278,[92.64536,169.9086,1,[96.72198,172.001]]],[331,[92.29905,169.8385,1,[95.87712,172.001]]],[360,[93.10784,164.9676,1,[97.31969,172.001]]],[218,[91.60591,171.5995,1,[94.85712,171.001]]],[208,[93.18392,167.4461,1,[95.73388,172.001]]],[338,[93.51884,169.8512,1,[96.58195,172.001]]],[246,[92.35242,171.8636,1,[94.88028,171.001]]],[212,[91.43188,169.5396,1,[93.80997,171.001]]],[306,[93.86434,170.1238,1,[97.42101,172.001]]],[216,[93.97173,170.3293,1,[95.95986,172.001]]],[237,[92.08194,167.5445,1,[93.90933,171.001]]],[244,[93.22925,168.6634,1,[94.9726,171.001]]],[210,[92.79601,169.9278,1,[94.09074,171.001]]],[358,[94.63718,165.2923,1,[97.38171,172.001]]],[217,[94.48222,171.6102,1,[96.33547,172.001]]],[248,[95.17635,172.1314,1,[96.74264,172.001]]],[264,[94.39292,166.226,1,[95.00064,172.001]]],[214,[94.87605,169.8493,1,[95.54907,172.001]]],[305,[95.71335,168.6081,1,[97.35399,172.001]]],[265,[93.42017,165.3214,1,[93.92265,171.001]]],[215,[95.58061,171.6766,1,[95.98104,172.001]]],[211,[94.12992,170.7311,1,[93.99928,171.001]]],[369,[96.17473,170.8048,1,[96.64017,172.001]]],[209,[94.84857,169.2686,1,[94.96529,171.001]]],[186,[96.1114,171.8476,1,[95.36132,172.001]]],[279,[96.86622,172.7158,1,[97.23044,172.001]]],[277,[96.70877,172.2846,1,[96.11524,172.001]]],[351,[94.82889,162.4846,1,[93.86475,171.001]]],[213,[95.56463,170.2995,1,[94.21839,171.001]]],[185,[96.76627,173.2156,1,[95.01039,172.001]]],[189,[97.32527,174.2524,1,[96.39803,172.001]]],[182,[97.37595,171.6014,1,[95.28354,172.001]]],[365,[97.80298,171.5876,1,[97.20307,172.001]]],[235,[96.12858,167.7225,1,[93.92908,171.001]]],[236,[96.78167,169.5415,1,[94.09431,171.001]]],[188,[98.19433,173.7792,1,[96.16277,172.001]]],[180,[97.96817,170.5062,1,[95.14491,172.001]]],[221,[98.57915,174.4392,1,[97.05361,172.001]]],[263,[97.45339,167.9989,1,[94.02614,171.001]]],[308,[98.99541,173.997,1,[96.23295,172.001]]],[184,[98.81264,172.6454,1,[95.17693,172.001]]],[339,[99.45059,172.7495,1,[97.15908,172.001]]],[291,[98.12347,165.1889,1,[94.12107,171.001]]],[219,[99.9409,174.6009,1,[96.27307,172.001]]],[307,[100.3318,171.3629,1,[97.14261,172.001]]],[249,[99.63372,175.9342,1,[95.31124,172.001]]],[290,[98.9371,166.7891,1,[94.17602,171.001]]],[301,[100.9469,167.5468,1,[97.33813,172.001]]],[402,[100.5422,172.368,1,[95.62078,172.001]]],[362,[100.9878,168.5468,1,[96.24977,172.001]]],[281,[101.5315,174.2195,1,[97.16673,172.001]]],[155,[101.1923,173.1978,1,[95.2093,172.001]]],[250,[101.5501,175.2799,1,[96.0648,172.001]]],[157,[100.2378,174.1742,1,[94.57496,171.001]]],[181,[99.71489,172.3043,1,[94.2466,171.001]]],[159,[102.1385,172.8848,1,[97.25562,172.001]]],[207,[102.1845,170.5207,1,[96.14417,172.001]]],[234,[101.8885,169.5309,1,[95.17733,172.001]]],[320,[101.0322,165.0654,1,[94.33018,171.001]]],[310,[102.7027,177.201,1,[96.58346,172.001]]],[183,[100.5826,173.1271,1,[93.70401,171.001]]],[400,[103.0899,171.2951,1,[97.3241,172.001]]],[206,[102.454,170.6061,1,[95.10287,172.001]]],[158,[103.0016,176.4749,1,[95.68922,172.001]]],[294,[101.5507,165.5592,1,[93.93729,171.001]]],[354,[103.6422,170.536,1,[97.29778,172.001]]],[364,[103.505,176.1397,1,[96.1961,172.001]]],[205,[102.5712,170.7143,1,[94.61541,171.001]]],[353,[104.2378,172.8894,1,[97.3116,172.001]]],[153,[103.6837,174.4967,1,[95.07669,172.001]]],[280,[104.1834,176.8716,1,[96.19839,172.001]]],[262,[102.1168,167.5952,1,[93.94149,171.001]]],[156,[104.3066,175.7304,1,[95.11073,172.001]]],[252,[104.798,180.0242,1,[96.10906,172.001]]],[403,[104.9069,176.235,1,[97.29334,172.001]]],[350,[102.8907,164.5687,1,[93.73499,171.001]]],[319,[103.5276,166.3399,1,[94.02965,171.001]]],[367,[105.4649,171.2204,1,[96.96412,172.001]]],[128,[105.4434,175.7754,1,[95.76517,172.001]]],[251,[104.5602,179.3654,1,[94.95493,171.001]]],[178,[104.1462,172.9894,1,[94.0508,171.001]]],[220,[105.9631,176.1867,1,[96.10913,172.001]]],[309,[106.1389,172.5649,1,[97.1602,172.001]]],[118,[106.7998,183.999,1,[97.2777,172.001]]],[233,[105.294,170.1426,1,[94.79361,171.001]]],[404,[106.6023,182.3726,1,[96.14297,172.001]]],[253,[106.3128,181.8787,1,[95.20069,172.001]]],[260,[104.8817,169.971,1,[93.95055,171.001]]],[144,[107.174,181.9456,1,[96.29684,172.001]]],[401,[107.5794,170.9788,1,[97.15305,172.001]]],[187,[106.1707,173.1713,1,[94.3594,171.001]]],[170,[107.2103,185.0781,1,[95.18246,172.001]]],[154,[105.6544,177.0072,1,[93.86425,171.001]]],[311,[107.7449,184.1361,1,[96.05221,172.001]]],[368,[108.3684,170.7833,1,[97.17671,172.001]]],[94,[107.2402,181.5253,1,[94.8707,171.001]]],[349,[106.7027,164.2029,1,[93.94595,171.001]]],[371,[108.3351,178.0344,1,[96.07606,172.001]]],[70,[109.132,188.9145,1,[97.09396,172.001]]],[314,[107.8088,176.4987,1,[94.97185,171.001]]],[93,[108.9592,187.17,1,[96.03432,172.001]]],[190,[107.4862,177.0137,1,[93.86622,171.001]]],[69,[109.6776,191.7742,1,[96.33209,172.001]]],[313,[110.0091,180.8159,1,[97.22778,172.001]]],[373,[108.4382,182.7906,1,[94.91737,171.001]]],[261,[109.5426,169.6775,1,[95.2366,172.001]]],[177,[108.1116,173.2495,1,[93.92443,171.001]]],[345,[110.1387,175.6737,1,[95.46837,172.001]]],[117,[110.571,193.1341,1,[97.22116,172.001]]],[348,[109.4197,166.928,1,[94.21646,171.001]]],[226,[110.6456,181.9967,1,[96.0769,172.001]]],[363,[111.2732,172.6676,1,[96.70971,172.001]]],[381,[108.874,168.1316,0,[93.9985,171.001]]],[204,[110.952,172.9402,1,[95.02584,172.001]]],[366,[111.4146,176.8245,1,[95.66263,172.001]]],[179,[110.0117,174.8577,1,[94.21964,171.001]]],[336,[111.5841,170.336,1,[97.5781,172.001]]],[92,[111.9453,191.195,1,[96.06873,172.001]]],[255,[111.1428,175.7442,1,[94.68152,171.001]]],[318,[110.7604,167.4466,1,[93.88245,171.001]]],[342,[112.1663,182.8325,1,[97.08642,172.001]]],[256,[112.569,170.9466,1,[96.09581,172.001]]],[284,[112.2007,183.3801,1,[95.05832,172.001]]],[372,[112.7786,182.4913,1,[97.26272,172.001]]],[151,[111.4793,175.6599,1,[93.80111,171.001]]],[376,[113.2462,169.8663,1,[95.87251,172.001]]],[370,[113.3407,172.1873,1,[97.05295,172.001]]],[202,[112.8568,171.6087,1,[95.01031,172.001]]],[197,[113.7558,184.6154,1,[96.26723,172.001]]],[228,[112.0485,175.2172,1,[94.0202,171.001]]],[96,[113.0488,180.5824,1,[94.93124,171.001]]],[340,[114.1924,174.8216,1,[97.13268,172.001]]],[282,[112.7547,183.8639,1,[93.96509,171.001]]],[142,[114.2982,198.1678,1,[96.02919,172.001]]],[312,[113.6408,177.1706,1,[94.9664,171.001]]],[399,[114.8182,179.2851,1,[97.18242,172.001]]],[127,[113.514,176.2148,1,[93.88608,171.001]]],[196,[114.8735,186.6725,1,[96.07832,172.001]]],[225,[114.2596,189.1489,1,[94.99001,171.001]]],[341,[115.4288,182.945,1,[97.09985,172.001]]],[283,[115.5307,181.0588,1,[96.00674,172.001]]],[169,[114.8732,188.8459,1,[94.94598,171.001]]],[285,[114.3248,173.6042,1,[93.8904,171.001]]],[346,[116.1092,173.474,1,[96.63155,172.001]]],[247,[116.5401,173.0739,1,[97.31607,172.001]]],[315,[116.1309,175.0149,1,[95.41196,172.001]]],[149,[116.7038,184.8694,1,[96.18494,172.001]]],[377,[115.0407,172.148,1,[93.88453,171.001]]],[227,[115.5931,182.9216,1,[94.26572,171.001]]],[203,[116.7465,174.1502,1,[95.0721,172.001]]],[361,[117.2694,182.9085,1,[96.8917,172.001]]],[129,[117.4076,174.2711,1,[95.69156,172.001]]],[222,[118.1175,176.0285,1,[97.15725,172.001]]],[379,[116.2558,166.5964,1,[93.95719,171.001]]],[145,[118.1542,181.1634,1,[96.05414,172.001]]],[171,[116.8874,179.7523,1,[94.35587,171.001]]],[199,[117.5054,174.6218,1,[94.99162,171.001]]],[173,[118.8392,181.5642,1,[96.8203,172.001]]],[120,[118.7732,181.1938,1,[95.54945,172.001]]],[150,[117.5867,173.5556,1,[93.88724,171.001]]],[172,[118.1503,178.3273,1,[94.33001,171.001]]],[119,[119.5819,183.0921,1,[97.08092,172.001]]],[317,[119.3919,168.8674,1,[95.8714,172.001]]],[124,[120.0169,182.5346,1,[96.14999,172.001]]],[292,[118.7925,165.7591,1,[94.5911,171.001]]],[198,[120.3443,181.7625,1,[97.03218,172.001]]],[378,[119.9448,168.2077,1,[95.05944,172.001]]],[174,[120.671,189.3804,1,[95.33849,172.001]]],[359,[121.0058,170.8993,1,[97.30826,172.001]]],[99,[121.6364,180.4509,1,[96.90005,172.001]]],[374,[120.9972,179.1364,1,[96.2132,172.001]]],[289,[119.8355,169.5761,1,[94.25762,171.001]]],[97,[120.3953,181.2865,1,[94.16081,171.001]]],[123,[122.3779,184.9633,1,[96.92649,172.001]]],[230,[121.3526,185.385,1,[95.35345,172.001]]],[231,[121.6862,178.5263,1,[94.47747,171.001]]],[257,[122.8192,183.3163,1,[95.61667,172.001]]],[126,[123.069,191.2779,1,[96.80816,172.001]]],[130,[123.5545,195.4666,1,[95.61176,172.001]]],[176,[122.4373,191.3413,1,[94.35573,171.001]]],[288,[123.817,180.9199,1,[96.81599,172.001]]],[12,[123.1259,191.1024,2,[94.33601,171.001]]],[286,[124.2358,186.2435,1,[95.60686,172.001]]],[232,[121.0072,173.8556,1,[94.17528,171.001]]],[152,[124.6405,193.022,1,[96.65151,172.001]]],[160,[123.8577,181.8142,1,[94.34373,171.001]]],[254,[125.4507,182.4121,1,[96.96048,172.001]]],[343,[125.2063,188.8699,1,[95.69669,172.001]]],[95,[125.9217,183.3168,1,[96.02064,172.001]]],[375,[125.1832,190.164,1,[94.85221,171.001]]],[287,[124.7397,196.7054,1,[94.17122,171.001]]],[344,[126.4423,173.6724,1,[96.84888,172.001]]],[121,[126.6886,190.0391,1,[95.48728,172.001]]],[100,[125.7911,196.689,1,[94.38819,171.001]]],[143,[127.4501,193.0362,1,[96.31235,172.001]]],[229,[127.0021,192.8982,1,[94.81207,171.001]]],[437,[119.2943,165.7805,0,[93.87637,171.001]]],[175,[132.8442,199.214,1,[95.67121,172.001]]],[0,[133.6295,210.051,2,[95.74485,172.001]]],[200,[136.8255,203.1565,1,[95.72778,172.001]]],[125,[137.6697,207.859,1,[95.62149,172.001]]],[147,[138.4968,209.3964,1,[96.04868,172.001]]],[316,[139.4027,212.9113,1,[95.65119,172.001]]],[98,[140.5502,213.8797,1,[96.13247,172.001]]],[146,[153.4389,226.8109,1,[95.68667,172.001]]],[148,[154.9172,243.2774,1,[96.27129,172.001]]],[258,[154.4817,236.2636,1,[94.7941,171.001]]],[259,[171.7449,254.1782,1,[95.72182,172.001]]]
0:[102,[98.0711,186.9582,2,[73.65179,172.001]]],[105,[98.85261,188.5927,2,[73.31977,172.001]]],[103,[99.63036,187.3961,2,[74.15039,172.001]]],[63,[100.4315,192.8428,2,[74.14098,172.001]]],[80,[99.51202,188.2768,2,[72.80235,171.001]]],[104,[101.2823,189.7919,2,[73.50485,172.001]]],[106,[100.248,188.7986,2,[72.60657,171.001]]],[84,[101.8016,190.7344,2,[74.44991,172.001]]],[64,[102.6268,193.9755,2,[74.7137,172.001]]],[44,[102.3857,195.6778,2,[73.47564,172.001]]],[85,[101.4993,193.9135,2,[72.44482,171.001]]],[82,[103.1912,191.7229,2,[73.76807,172.001]]],[60,[102.4776,192.0553,2,[72.45543,171.001]]],[107,[103.7214,191.9616,2,[74.70773,172.001]]],[83,[104.4071,192.4777,2,[73.70686,172.001]]],[87,[105.2401,195.9197,2,[73.91518,172.001]]],[65,[105.955,195.1263,2,[74.46597,172.001]]],[88,[105.2304,196.9009,2,[72.73837,171.001]]],[45,[106.7164,196.3717,2,[74.63838,172.001]]],[112,[106.4136,196.5448,2,[73.29775,172.001]]],[137,[107.3526,196.0721,2,[73.72603,172.001]]],[27,[106.4405,198.6684,2,[72.44662,171.001]]],[109,[107.7673,194.4912,2,[74.74051,172.001]]],[108,[108.1676,193.6168,2,[73.57493,172.001]]],[113,[107.1237,197.1195,2,[72.45872,171.001]]],[139,[108.6321,196.1265,2,[74.69706,172.001]]],[89,[108.0946,197.56,2,[72.57426,171.001]]],[166,[109.483,196.1257,2,[74.7359,172.001]]],[28,[109.313,198.7378,2,[73.5443,172.001]]],[192,[110.3676,195.4828,2,[74.5617,172.001]]],[86,[108.8256,199.4762,2,[72.27319,171.001]]],[167,[110.0363,199.0195,2,[73.10465,172.001]]],[91,[111.1003,200.7683,2,[74.83321,172.001]]],[114,[110.7657,198.8738,2,[73.5218,172.001]]],[47,[110.1728,199.8186,2,[72.25135,171.001]]],[111,[111.7797,196.5789,2,[74.63457,172.001]]],[67,[111.092,199.2618,2,[72.39136,171.001]]],[194,[111.9795,197.7752,2,[73.40093,172.001]]],[195,[112.6019,199.7251,2,[74.97419,172.001]]],[25,[112.8147,200.4278,2,[73.71246,172.001]]],[140,[112.1341,199.1349,2,[72.41963,171.001]]],[141,[113.687,201.2957,2,[74.78747,172.001]]],[90,[113.5238,201.7465,2,[73.54187,172.001]]],[58,[113.1388,191.733,2,[72.27868,171.001]]],[115,[114.5037,204.2452,2,[74.58304,172.001]]],[116,[114.3127,206.0646,2,[73.09509,172.001]]],[164,[115.4845,196.3566,2,[74.79427,172.001]]],[24,[115.3022,199.7551,2,[73.52978,172.001]]],[66,[114.5242,198.8202,2,[72.35728,171.001]]],[168,[116.201,205.6531,2,[74.13519,172.001]]],[11,[115.7466,202.4797,2,[72.64023,171.001]]],[68,[117.0951,204.086,2,[74.54642,172.001]]],[13,[116.9566,205.2774,2,[73.05332,172.001]]],[43,[117.8597,197.028,2,[74.4581,172.001]]],[59,[117.4942,192.5749,2,[72.83762,171.001]]],[224,[118.5773,206.8809,2,[73.79636,172.001]]],[132,[119.074,194.7226,2,[74.73879,172.001]]],[46,[118.507,200.7943,2,[72.66763,171.001]]],[56,[119.7334,195.4347,2,[73.39904,172.001]]],[10,[119.8346,208.3269,2,[74.66698,172.001]]],[1,[120.6138,203.0781,2,[74.58112,172.001]]],[22,[120.4585,200.3215,2,[73.28902,172.001]]],[26,[119.5074,203.6848,2,[72.21178,171.001]]],[138,[121.4551,198.5615,2,[74.90821,172.001]]],[193,[121.2612,202.198,2,[73.59069,172.001]]],[61,[120.5017,198.4355,2,[72.33485,171.001]]],[81,[122.3014,192.5779,2,[74.91639,172.001]]],[57,[122.0526,196.9659,2,[73.67986,172.001]]],[41,[121.3496,198.5171,2,[72.41388,171.001]]],[38,[122.8398,197.0388,2,[73.6982,172.001]]],[23,[122.2305,201.9183,2,[72.39795,171.001]]],[15,[123.2882,208.6129,2,[74.60467,172.001]]],[62,[124.2398,198.981,2,[73.97485,172.001]]],[201,[124.7333,191.5804,1,[74.91753,172.001]]],[78,[123.2106,193.0244,2,[72.90265,171.001]]],[6,[124.8257,208.179,2,[73.39598,172.001]]],[74,[125.2686,198.275,2,[74.52521,172.001]]],[35,[125.5496,206.451,2,[73.33171,172.001]]],[165,[125.8993,199.6637,2,[74.65896,172.001]]],[18,[124.5636,205.2674,2,[72.21616,171.001]]],[21,[126.6413,204.106,2,[74.90452,172.001]]],[5,[126.4203,216.3694,2,[73.55888,172.001]]],[54,[125.457,199.2631,2,[72.3358,171.001]]],[48,[127.1309,216.8959,2,[73.80687,172.001]]],[73,[126.2865,201.2589,2,[72.41656,171.001]]],[163,[127.848,208.33,2,[74.39823,172.001]]],[37,[127.186,201.13,2,[72.77049,171.001]]],[40,[128.397,202.6259,2,[73.47993,172.001]]],[191,[128.853,202.7935,2,[74.18327,172.001]]],[55,[127.8907,203.3718,2,[72.19356,171.001]]],[9,[129.3225,210.0357,2,[73.45609,172.001]]],[42,[128.513,201.2205,2,[72.38016,171.001]]],[347,[128.7218,189.5134,1,[75.27499,172.001]]],[52,[129.5054,202.3056,2,[74.91704,172.001]]],[131,[130.3202,205.4305,2,[75.15044,172.001]]],[14,[129.4511,231.134,2,[72.95203,171.001]]],[36,[130.0028,206.0591,2,[74.07327,172.001]]],[101,[129.142,194.5971,2,[71.98735,171.001]]],[71,[130.9736,207.9314,2,[74.60679,172.001]]],[17,[130.0535,206.858,2,[72.20393,171.001]]],[49,[130.7861,232.7649,2,[73.40361,172.001]]],[29,[131.683,219.5995,2,[74.04788,172.001]]],[19,[131.6547,204.9149,2,[75.2338,172.001]]],[79,[131.2355,203.838,2,[72.8387,171.001]]],[7,[132.2824,212.5172,2,[73.57774,172.001]]],[8,[130.7879,207.125,2,[72.18115,171.001]]],[31,[132.4589,228.2081,2,[74.80989,172.001]]],[72,[132.9212,203.3528,2,[73.54964,172.001]]],[134,[133.0571,204.9259,2,[74.82533,172.001]]],[162,[131.8734,212.5593,2,[72.26607,171.001]]],[77,[132.5708,198.1165,2,[72.31759,171.001]]],[33,[133.7865,207.7692,2,[74.64416,172.001]]],[34,[133.7638,214.759,2,[73.33939,172.001]]],[75,[134.4313,203.6418,2,[73.45113,172.001]]],[136,[134.6225,203.1574,2,[74.80514,172.001]]],[76,[133.5462,198.9745,2,[72.19785,171.001]]],[30,[134.9916,224.3343,2,[73.70244,172.001]]],[39,[134.3499,206.8787,2,[72.31536,171.001]]],[161,[135.4021,202.6711,2,[74.74958,172.001]]],[133,[135.5356,209.5251,2,[73.35161,172.001]]],[223,[136.2044,211.4488,2,[74.49236,172.001]]],[2,[135.2819,221.5622,2,[72.16875,171.001]]],[135,[136.2494,210.4684,2,[73.11794,172.001]]],[53,[137.1059,208.5696,2,[74.19189,172.001]]],[32,[136.4958,217.8232,2,[72.69698,171.001]]],[20,[138.2938,224.9825,2,[73.11263,172.001]]],[110,[138.8814,210.1403,2,[74.1953,172.001]]],[16,[138.8588,235.1061,2,[72.97887,171.001]]],[4,[140.1562,233.0812,2,[73.6703,172.001]]],[51,[150.7085,245.2362,2,[74.17515,172.001]]],[50,[192.6533,329.2516,2,[73.5134,172.001]]],[3,[200.6594,353.6929,2,[73.50107,172.001]]]

Travel Distances:
[715,195.9878],[716,195.9722],[714,195.9275],[708,195.9481],[709,197.8741],[707,197.6321],[695,197.8602],[710,197.8377],[694,197.6381],[696,197.6694],[697,197.6395],[678,199.5087],[693,198.3622],[680,199.4155],[706,197.5137],[679,199.1766],[677,198.7362],[658,200.6573],[698,199.6476],[657,200.6007],[676,200.1959],[692,198.818],[660,199.9314],[659,199.9023],[636,199.7884],[656,201.0519],[681,199.8842],[635,201.3641],[675,199.4256],[634,201.9814],[705,199.2617],[637,202.1246],[638,202.5502],[639,201.5926],[691,199.407],[612,201.4594],[655,200.6793],[614,203.1402],[611,202.9808],[633,202.0341],[613,202.6041],[587,202.0716],[610,203.3056],[615,204.0845],[589,203.8248],[586,203.5444],[588,203.2611],[561,204.714],[711,198.6687],[674,201.3418],[640,202.7452],[590,203.2241],[609,202.5732],[661,201.9005],[704,200.6741],[591,204.4321],[563,204.3457],[632,202.4244],[560,204.0097],[564,203.8462],[663,201.5516],[690,202.5423],[562,205.3277],[585,203.8847],[559,204.5064],[565,204.5999],[536,204.7529],[535,204.8241],[654,203.0971],[608,203.9392],[508,206.5021],[662,202.5129],[534,204.6563],[537,205.3894],[631,204.7903],[509,207.8717],[703,200.8839],[584,204.2329],[616,203.7441],[506,206.0591],[583,205.8532],[507,207.4698],[673,202.6518],[538,207.0201],[532,205.7882],[592,204.6654],[558,205.5899],[479,207.0807],[505,207.7808],[653,203.3693],[510,207.0879],[682,200.6729],[533,205.7783],[478,207.0597],[683,203.3624],[607,206.083],[557,206.3862],[606,204.908],[477,207.8047],[531,208.2763],[481,209.6704],[450,209.1922],[672,202.7112],[641,204.4905],[582,205.963],[449,208.9104],[652,204.6584],[530,208.2653],[539,207.8683],[480,208.7971],[476,208.0127],[581,206.4556],[566,205.4904],[451,210.1225],[556,208.0659],[504,207.306],[452,209.5805],[453,208.7049],[630,206.0632],[475,209.04],[540,207.6805],[555,207.8313],[454,209.1447],[689,202.544],[503,209.2444],[605,207.4589],[529,208.5529],[380,231.6685],[482,209.0454],[448,209.1251],[671,203.6547],[528,209.5639],[423,211.0566],[419,210.7852],[352,233.7677],[651,204.8226],[322,233.8413],[474,210.4156],[421,211.6161],[688,204.8724],[502,208.931],[357,234.5582],[422,210.6237],[447,210.7158],[323,236.2566],[321,236.5584],[699,202.9568],[325,238.33],[420,212.005],[650,207.063],[446,210.0891],[425,211.4142],[501,209.5657],[355,235.9004],[328,237.9029],[297,238.5468],[424,210.5845],[389,210.938],[445,209.7796],[324,240.2041],[298,239.2255],[327,236.9985],[580,207.9006],[395,211.5883],[484,209.5122],[670,205.8972],[326,238.8903],[293,239.469],[418,213.7299],[299,240.8726],[268,241.0399],[471,211.8629],[426,211.8564],[629,206.5393],[295,240.4369],[473,210.2022],[396,212.1676],[330,240.6127],[554,208.0889],[302,242.0769],[356,238.8076],[391,213.0509],[442,213.1398],[567,207.8552],[270,243.1156],[329,237.9597],[300,242.2798],[388,212.5815],[604,206.9827],[272,241.0737],[397,211.9637],[500,211.7174],[545,208.9629],[274,240.4788],[271,239.9357],[455,210.8959],[296,242.0018],[417,211.178],[273,242.3835],[393,213.1931],[269,244.2475],[304,243.2179],[398,215.5536],[553,209.8062],[512,208.8249],[410,231.925],[625,226.7536],[668,204.1598],[303,240.1081],[415,213.3791],[275,243.6246],[700,202.2099],[427,213.249],[489,213.193],[241,244.9674],[267,241.0819],[335,241.3462],[276,244.072],[527,210.4788],[649,206.7294],[488,212.0114],[238,242.9668],[387,213.8313],[511,210.966],[239,245.6895],[334,243.1256],[245,243.606],[572,209.2559],[392,213.7941],[444,211.7709],[628,206.9349],[242,245.9449],[332,241.8594],[394,214.9261],[337,244.3782],[579,209.8721],[333,241.9542],[456,214.9117],[243,244.5497],[547,216.7892],[240,246.4898],[416,213.1209],[495,243.4461],[647,212.8701],[266,241.9863],[278,242.304],[669,208.446],[331,244.7383],[490,216.3346],[360,238.3877],[470,213.2035],[546,214.3444],[218,248.2917],[390,215.3362],[624,215.5913],[208,241.0407],[338,242.7637],[246,247.1285],[385,214.1189],[623,206.5792],[627,207.4783],[212,246.6332],[306,243.9707],[518,214.3651],[216,244.3477],[598,210.8856],[237,245.3232],[244,244.185],[552,210.8733],[386,215.4612],[210,246.3075],[599,212.4223],[358,237.8813],[541,209.8629],[217,246.4093],[483,214.1503],[491,224.2086],[458,215.7294],[578,211.6297],[248,245.7328],[264,241.4221],[603,210.7848],[214,243.9159],[499,213.9893],[305,241.1041],[513,210.7429],[265,242.4332],[215,246.3578],[430,221.6815],[211,248.4092],[469,215.5824],[369,244.2926],[573,215.5135],[209,245.2578],[498,214.9049],[186,245.5885],[485,214.9523],[486,212.6244],[519,214.8047],[279,246.7643],[414,217.3963],[431,216.8155],[277,246.8089],[351,240.7743],[213,247.1541],[574,222.4306],[432,218.6652],[593,207.9747],[185,247.6647],[189,247.4834],[182,244.8053],[626,210.5245],[365,245.8371],[461,220.8876],[235,245.4365],[236,245.9572],[428,220.2795],[551,215.1015],[497,215.0629],[188,247.3363],[180,244.5363],[460,216.9533],[221,247.1781],[524,215.2097],[433,226.9346],[443,215.5239],[263,245.0642],[308,247.964],[429,217.0301],[184,247.0041],[339,245.7146],[525,218.1246],[434,224.108],[472,215.4884],[571,219.9154],[291,242.8658],[219,248.6955],[384,220.1077],[307,244.6235],[249,250.6477],[577,213.1927],[517,218.3941],[439,218.185],[594,210.0176],[290,242.8846],[462,221.1885],[301,241.5538],[402,247.2653],[362,242.5041],[575,216.5308],[568,211.7358],[542,214.7783],[281,247.0463],[648,212.3669],[155,246.7836],[250,248.0667],[157,249.6771],[181,250.8523],[406,228.4973],[438,221.776],[159,246.249],[617,206.9542],[526,217.0704],[207,244.1194],[234,243.7328],[597,216.7234],[619,209.3217],[320,240.9859],[310,249.7102],[411,222.9933],[412,221.2057],[183,251.9242],[400,244.6264],[206,245.6722],[487,217.9418],[158,250.3816],[602,219.4038],[294,242.4336],[459,221.7593],[354,242.7231],[364,248.8573],[569,212.4983],[468,218.9692],[550,220.883],[595,212.4256],[205,247.5502],[353,245.9424],[153,249.0969],[280,250.4499],[496,220.939],[515,216.033],[262,245.1981],[514,220.5135],[156,250.9328],[252,254.3503],[403,250.0531],[350,242.7056],[382,222.5161],[319,243.2473],[643,208.297],[383,222.2654],[596,214.2352],[367,244.1099],[128,248.8666],[570,215.9224],[251,256.2231],[463,224.8819],[492,223.1719],[178,250.6513],[220,250.127],[309,246.1429],[685,207.5919],[521,220.4529],[457,221.2701],[576,222.6864],[118,256.2615],[233,245.5406],[404,255.0947],[622,217.0986],[253,257.1094],[260,248.1694],[516,217.4916],[493,224.4872],[144,255.5103],[645,227.4491],[401,243.6745],[618,207.1058],[187,248.7448],[170,258.6236],[154,253.6764],[646,219.6207],[464,225.2386],[311,258.5197],[549,219.2499],[413,222.0532],[368,243.7703],[94,257.0221],[544,222.7554],[665,209.8524],[349,240.7334],[371,251.2043],[520,230.0517],[435,225.8859],[70,262.5262],[314,252.7751],[667,224.2618],[522,224.504],[621,224.5896],[93,261.1964],[190,254.0182],[441,221.9474],[687,214.1779],[440,220.4604],[69,266.3577],[666,212.1446],[313,254.7184],[102,284.6923],[373,259.5959],[261,244.4619],[177,250.9607],[644,224.2844],[465,224.4956],[345,249.1907],[620,217.6807],[523,223.9634],[117,265.6883],[105,286.665],[348,243.6519],[226,256.3063],[405,230.6883],[600,230.4837],[494,226.9418],[363,245.9319],[103,283.9123],[701,208.7442],[381,245.2126],[204,247.0053],[543,221.9048],[366,249.8901],[179,250.6698],[408,232.2659],[336,244.315],[713,211.8322],[466,229.3472],[92,265.0414],[684,212.9325],[63,289.4911],[255,251.3951],[80,287.1284],[548,220.6998],[318,243.8996],[342,255.5786],[686,215.6684],[256,245.5268],[284,258.6802],[104,287.0898],[106,288.1902],[712,213.1462],[372,256.0161],[151,252.6518],[436,226.3961],[664,212.3232],[376,243.2087],[370,244.6236],[84,286.6494],[202,245.8061],[407,231.4001],[64,290.4342],[702,210.721],[197,258.718],[228,253.0309],[96,256.424],[601,223.1156],[340,248.0257],[44,292.5485],[282,260.3104],[642,210.5729],[142,271.1036],[312,251.8048],[85,294.7853],[82,289.1545],[399,253.0734],[127,253.1006],[196,260.404],[225,264.5804],[60,290.9816],[107,287.4245],[341,255.3159],[283,255.5985],[169,264.9895],[285,250.8936],[83,289.4276],[346,246.779],[247,245.5783],[315,248.6992],[87,293.2777],[149,258.858],[377,250.0143],[227,259.6399],[203,248.5754],[361,255.7588],[65,290.9309],[129,249.2672],[88,296.3233],[222,249.5594],[379,244.0355],[45,292.61],[145,254.796],[171,255.9003],[199,249.5679],[112,293.3721],[173,255.6599],[120,255.5934],[150,250.3583],[137,293.2203],[27,297.673],[172,254.0051],[109,290.5146],[119,255.8128],[317,244.0004],[108,291.1467],[113,296.6396],[124,256.422],[139,292.2178],[292,242.1469],[198,254.9575],[89,295.2871],[378,244.2288],[166,292.5481],[28,295.8361],[174,263.8833],[359,244.4626],[99,252.7893],[374,252.1682],[289,247.5234],[97,258.2117],[192,292.5716],[86,299.6908],[167,296.8033],[123,258.0384],[122,253.1296],[91,295.9389],[114,296.6762],[230,261.8667],[231,254.7882],[257,257.6152],[126,264.899],[47,299.2665],[111,292.705],[130,268.2718],[176,266.0361],[67,298.9661],[288,254.7068],[194,295.1595],[195,296.0142],[12,266.5607],[286,259.6288],[25,296.2985],[232,251.8615],[152,267.3353],[140,298.7705],[160,257.6514],[141,297.1045],[254,255.2021],[343,262.3674],[90,298.3773],[58,291.3719],[115,300.563],[95,257.0589],[116,302.7394],[375,265.5332],[164,293.0242],[287,274.423],[344,247.8651],[121,264.1918],[24,296.3438],[66,297.6733],[100,272.5107],[143,265.8872],[168,302.682],[229,268.4221],[11,300.8883],[68,299.613],[13,302.8704],[43,292.9491],[59,291.4997],[437,248.142],[224,303.5971],[132,290.4086],[46,299.6682],[56,291.8651],[10,304.4231],[1,299.6578],[22,297.1895],[26,302.5633],[409,255.8561],[138,295.2268],[175,273.4954],[193,299.3122],[61,297.306],[0,284.6898],[81,289.7632],[57,294.7186],[467,263.0952],[41,297.6233],[38,293.2263],[23,301.1933],[15,304.8233],[62,296.3345],[201,287.8413],[78,292.4687],[6,306.3949],[200,277.4489],[74,295.4263],[35,303.2058],[165,295.4275],[18,304.0623],[125,282.4285],[21,300.2031],[5,313.3651],[54,298.2083],[147,282.347],[48,314.2552],[73,300.5115],[316,286.0439],[163,303.9708],[37,300.6287],[40,299.4562],[98,286.7164],[191,298.2789],[55,303.4747],[9,306.8792],[42,299.864],[347,285.3443],[52,297.9058],[131,301.835],[14,329.7869],[36,302.4868],[101,294.1517],[71,305.1427],[17,306.6182],[49,330.3138],[29,315.9878],[19,302.1848],[79,303.2284],[7,309.6933],[8,307.4988],[31,324.3499],[72,299.283],[134,299.9396],[162,312.7122],[77,296.589],[33,303.2994],[34,311.1352],[75,300.6212],[136,298.9526],[76,297.7798],[30,321.9678],[39,305.9962],[161,298.7473],[133,305.9107],[223,308.1677],[2,320.8392],[135,307.4098],[53,305.4991],[32,316.1039],[20,322.2857],[110,306.1342],[16,333.2801],[4,330.1447],[146,299.85],[148,317.2802],[258,311.2299],[51,341.6119],[259,328.6484],[50,425.6846],[3,450.1647]

Finish Times:
[715,99.16189],[716,99.40189],[714,99.44189],[708,99.7619],[709,99.96191],[707,100.2019],[695,100.2819],[710,100.3219],[694,100.6419],[696,100.6819],[697,100.6819],[678,100.9619],[693,101.3619],[680,101.4419],[706,101.4419],[679,101.5219],[677,101.6819],[658,102.042],[698,102.282],[657,102.322],[676,102.322],[692,102.442],[660,102.602],[659,102.682],[636,102.922],[656,103.202],[681,103.242],[635,103.522],[675,103.522],[634,104.002],[705,104.082],[637,104.202],[638,104.362],[639,104.642],[691,104.642],[612,104.682],[655,104.682],[614,105.082],[611,105.282],[633,105.362],[613,105.402],[587,105.882],[610,105.962],[615,105.962],[589,106.162],[586,106.4821],[588,106.5621],[561,107.0821],[711,107.1221],[674,107.1621],[640,107.3221],[590,107.7221],[609,107.7221],[661,108.0421],[704,108.0421],[591,108.2421],[563,108.4021],[632,108.4421],[560,108.7621],[564,108.8821],[663,108.9221],[690,109.0821],[562,109.1221],[585,109.2021],[559,109.4021],[565,109.6421],[536,109.7221],[535,109.8421],[654,110.0021],[608,110.1621],[508,110.3621],[662,110.5621],[534,110.7622],[537,110.7622],[631,111.0022],[509,111.0822],[703,111.2822],[584,111.4022],[616,111.5622],[506,111.7622],[583,111.9622],[507,112.1622],[673,112.2422],[538,112.4022],[532,112.5622],[592,112.5622],[558,112.6422],[479,112.8022],[505,113.2022],[653,113.2422],[510,113.5222],[682,113.7622],[533,113.8422],[478,113.9222],[683,114.1222],[607,114.2022],[557,114.2822],[606,114.6022],[477,114.6422],[531,114.9622],[481,115.0423],[450,115.1223],[672,115.4023],[641,115.4423],[582,115.4823],[449,115.8023],[652,115.9623],[530,116.0423],[539,116.2423],[480,116.2823],[476,116.6823],[581,116.6823],[566,116.7623],[451,117.0023],[556,117.2423],[504,117.5223],[452,117.6023],[453,117.8423],[630,118.0423],[475,118.2823],[540,118.4023],[555,118.6423],[454,118.8023],[689,118.8023],[503,119.0423],[605,119.0823],[529,119.4824],[380,119.5224],[482,119.6824],[448,119.7624],[671,119.9224],[528,120.1624],[423,120.2824],[419,120.4424],[352,120.7224],[651,120.8024],[322,120.8424],[474,120.9624],[421,121.0024],[688,121.1224],[502,121.4424],[357,121.6024],[422,121.6024],[447,121.6424],[323,121.8024],[321,121.9224],[699,121.9624],[325,122.0824],[420,122.0824],[650,122.1624],[446,122.2824],[425,122.3624],[501,122.3624],[355,122.4024],[328,122.5224],[297,122.7224],[424,122.7224],[389,122.8424],[445,122.8824],[324,123.0024],[298,123.3224],[327,123.3624],[580,123.4424],[395,123.5224],[484,123.5224],[670,123.5624],[326,123.6024],[293,123.9225],[418,123.9625],[299,124.0025],[268,124.0825],[471,124.1225],[426,124.2425],[629,124.4425],[295,124.5625],[473,124.6025],[396,124.6425],[330,124.8025],[554,124.8025],[302,124.9625],[356,124.9625],[391,125.2025],[442,125.2025],[567,125.4425],[270,125.6025],[329,125.6025],[300,125.6425],[388,125.6825],[604,125.7225],[272,125.8825],[397,125.9225],[500,126.0425],[545,126.3625],[274,126.4425],[271,126.5625],[455,126.6025],[296,126.8425],[417,126.8425],[273,127.0425],[393,127.1225],[269,127.2025],[304,127.2825],[398,127.4025],[553,127.4425],[512,127.7225],[410,127.8025],[625,127.9225],[668,127.9625],[303,128.0425],[415,128.1225],[275,128.4425],[700,128.4825],[427,128.5225],[489,128.5225],[241,128.6424],[267,128.6424],[335,128.7224],[276,128.8424],[527,128.8824],[649,128.8824],[488,128.9624],[238,129.0824],[387,129.1624],[511,129.2023],[239,129.4023],[334,129.5223],[245,129.5623],[572,129.5623],[392,129.6823],[444,129.7223],[628,129.7223],[242,129.9622],[332,129.9622],[394,130.1222],[337,130.1622],[579,130.2422],[333,130.3622],[456,130.3622],[243,130.4021],[547,130.4421],[240,130.4821],[416,130.5221],[495,130.5621],[647,130.7621],[266,130.8021],[278,130.9221],[669,131.002],[331,131.082],[490,131.122],[360,131.202],[470,131.202],[546,131.202],[218,131.242],[390,131.282],[624,131.6419],[208,131.6819],[338,131.7219],[246,131.8419],[385,131.8419],[623,131.8819],[627,131.8819],[212,131.9219],[306,132.0819],[518,132.0819],[216,132.2818],[598,132.3218],[237,132.3618],[244,132.4818],[552,132.5218],[386,132.6018],[210,132.6418],[599,132.6418],[358,132.7617],[541,132.8817],[217,132.9617],[483,133.0017],[491,133.0817],[458,133.2817],[578,133.2817],[248,133.3217],[264,133.4416],[603,133.5616],[214,133.6416],[499,133.6816],[305,133.7616],[513,133.8016],[265,133.8416],[215,133.9615],[430,134.0015],[211,134.2015],[469,134.2815],[369,134.3215],[573,134.3215],[209,134.4415],[498,134.5614],[186,134.6814],[485,134.7214],[486,134.7614],[519,134.7614],[279,134.9614],[414,134.9614],[431,134.9614],[277,135.0414],[351,135.0814],[213,135.2813],[574,135.3613],[432,135.4813],[593,135.4813],[185,135.5213],[189,135.5613],[182,135.8812],[626,135.9212],[365,135.9612],[461,136.0012],[235,136.2412],[236,136.3611],[428,136.4011],[551,136.4011],[497,136.4411],[188,136.4811],[180,136.6411],[460,136.6411],[221,136.7211],[524,136.8411],[433,136.8811],[443,137.121],[263,137.241],[308,137.281],[429,137.481],[184,137.5609],[339,137.5609],[525,137.6409],[434,137.7209],[472,137.8009],[571,137.8009],[291,138.0409],[219,138.2008],[384,138.2808],[307,138.3208],[249,138.3608],[577,138.4408],[517,138.4808],[439,138.7607],[594,138.7607],[290,138.8007],[462,138.8407],[301,139.0807],[402,139.2407],[362,139.2807],[575,139.2807],[568,139.3606],[542,139.4406],[281,139.5606],[648,139.7606],[155,139.8806],[250,139.8806],[157,139.9205],[181,140.0405],[406,140.1205],[438,140.1205],[159,140.3205],[617,140.3605],[526,140.4005],[207,140.5204],[234,140.6404],[597,140.7204],[619,140.8004],[320,140.8404],[310,140.8804],[411,140.9204],[412,141.0804],[183,141.1603],[400,141.4003],[206,141.4403],[487,141.5203],[158,141.5603],[602,141.6003],[294,141.8002],[459,141.8002],[354,141.8802],[364,141.8802],[569,141.8802],[468,142.2802],[550,142.2802],[595,142.2802],[205,142.3201],[353,142.4801],[153,142.5201],[280,142.5601],[496,142.6401],[515,142.6801],[262,142.7601],[514,143.04],[156,143.12],[252,143.12],[403,143.12],[350,143.16],[382,143.24],[319,143.32],[643,143.44],[383,143.4799],[596,143.5599],[367,143.5999],[128,143.8799],[570,143.9599],[251,143.9999],[463,143.9999],[492,144.1198],[178,144.2798],[220,144.2798],[309,144.2798],[685,144.5598],[521,144.5998],[457,144.6398],[576,144.7997],[118,144.8397],[233,144.8797],[404,144.9197],[622,144.9997],[253,145.0797],[260,145.1997],[516,145.2397],[493,145.3596],[144,145.4796],[645,145.4796],[401,145.7196],[618,145.7596],[187,145.8396],[170,145.8795],[154,145.9195],[646,145.9995],[464,146.0395],[311,146.0795],[549,146.1195],[413,146.4395],[368,146.5194],[94,146.5994],[544,146.7194],[665,146.7194],[349,146.7594],[371,146.7594],[520,146.7594],[435,147.1193],[70,147.2393],[314,147.3193],[667,147.3193],[522,147.3593],[621,147.3993],[93,147.4793],[190,147.6393],[441,147.7992],[687,147.8392],[440,147.9592],[69,147.9992],[666,148.0392],[313,148.0792],[102,148.1192],[373,148.2392],[261,148.3591],[177,148.4391],[644,148.5191],[465,148.5591],[345,148.5991],[620,148.5991],[523,148.6791],[117,148.7991],[105,148.959],[348,149.079],[226,149.159],[405,149.239],[600,149.279],[494,149.319],[363,149.359],[103,149.5189],[701,149.5589],[381,149.5989],[204,149.7189],[543,149.7589],[366,149.7989],[179,149.9189],[408,149.9989],[336,150.0388],[713,150.0788],[466,150.1988],[92,150.4788],[684,150.4788],[63,150.5188],[255,150.5988],[80,150.6387],[548,150.7587],[318,150.7987],[342,150.7987],[686,150.8387],[256,151.0387],[284,151.0787],[104,151.3186],[106,151.3186],[712,151.3186],[372,151.3586],[151,151.3986],[436,151.4786],[664,151.5186],[376,151.7986],[370,151.8385],[84,151.8785],[202,151.9185],[407,152.1185],[64,152.1585],[702,152.1985],[197,152.3185],[228,152.3585],[96,152.4384],[601,152.4384],[340,152.4784],[44,152.6784],[282,152.7584],[642,152.7584],[142,152.8384],[312,152.9184],[85,152.9584],[82,153.1183],[399,153.2383],[127,153.3983],[196,153.4383],[225,153.5583],[60,153.6382],[107,153.9182],[341,153.9182],[283,154.0782],[169,154.1582],[285,154.1982],[83,154.4781],[346,154.6381],[247,154.7581],[315,154.918],[87,154.998],[149,155.318],[377,155.318],[227,155.4779],[203,155.5979],[361,155.6379],[65,155.8779],[129,155.9978],[88,156.1578],[222,156.2778],[379,156.3578],[45,156.4378],[145,156.4778],[171,156.5578],[199,156.7577],[112,156.8777],[173,157.0377],[120,157.2376],[150,157.5176],[137,157.5576],[27,157.5976],[172,157.5976],[109,157.7576],[119,157.8375],[317,158.0375],[108,158.2775],[113,158.3175],[124,158.5574],[139,158.5974],[292,158.5974],[198,158.6374],[89,158.8774],[378,158.9973],[166,159.2373],[28,159.3173],[174,159.3173],[359,159.3173],[99,159.8372],[374,159.8772],[289,159.9572],[97,160.0372],[192,160.0772],[86,160.2371],[167,160.3571],[123,160.5171],[122,160.5971],[91,160.837],[114,160.997],[230,161.117],[231,161.237],[257,161.237],[126,161.317],[47,161.3969],[111,161.5169],[130,161.8369],[176,161.9169],[67,162.0768],[288,162.1568],[194,162.3168],[195,162.3968],[12,162.5967],[286,162.7567],[25,162.8367],[232,162.9967],[152,163.0367],[140,163.2766],[160,163.5566],[141,163.7565],[254,163.7565],[343,163.7565],[90,163.7965],[58,164.1565],[115,164.3564],[95,164.4364],[116,164.5164],[375,164.5564],[164,164.9563],[287,165.0363],[344,165.0363],[121,165.4763],[24,165.5962],[66,165.6762],[100,165.7962],[143,165.8362],[168,166.2761],[229,166.4361],[11,166.5961],[68,166.876],[13,167.3159],[43,167.6359],[59,168.2358],[437,168.3958],[224,168.5557],[132,168.6757],[46,169.3556],[56,169.5956],[10,169.7555],[1,170.1955],[22,170.5154],[26,170.7154],[409,171.1153],[138,171.1553],[175,171.1553],[193,171.3553],[61,171.4353],[0,171.9552],[81,171.9552],[57,172.0352],[467,172.0352],[41,172.5951],[38,172.6351],[23,173.195],[15,173.6749],[62,174.0748],[201,174.1548],[78,174.3148],[6,174.9947],[200,175.1146],[74,175.1946],[35,175.5546],[165,175.6346],[18,175.8345],[125,176.0345],[21,176.3944],[5,176.4344],[54,176.6744],[147,176.7544],[48,177.0343],[73,177.2743],[316,177.6342],[163,177.7942],[37,177.9942],[40,178.4341],[98,178.714],[191,178.794],[55,178.954],[9,179.4739],[42,179.5539],[347,179.6339],[52,179.7939],[131,180.1538],[14,180.6337],[36,180.8737],[101,180.8737],[71,181.2336],[17,181.4736],[49,181.4736],[29,181.7135],[19,182.0735],[79,182.0735],[7,182.2334],[8,182.3934],[31,182.4734],[72,182.8733],[134,182.8733],[162,182.9933],[77,183.8332],[33,183.8732],[34,183.9132],[75,184.3931],[136,184.633],[76,184.793],[30,185.033],[39,185.3929],[161,185.5929],[133,185.7129],[223,186.2328],[2,186.4327],[135,186.5927],[53,187.1526],[32,187.5126],[20,188.1125],[110,188.4324],[16,189.2723],[4,190.1121],[146,191.7918],[148,193.2716],[258,193.7915],[51,200.1504],[259,210.1488],[50,242.4633],[3,250.542]

Stuck Times:
[715,0],[716,0],[714,0],[708,0],[709,0],[707,0],[695,0],[710,0],[694,0],[696,0],[697,0],[678,0],[693,0],[680,0],[706,1],[679,0],[677,0],[658,0],[698,1],[657,0],[676,0],[692,1],[660,1],[659,1],[636,0],[656,0],[681,2],[635,1],[675,2],[634,2],[705,3],[637,2],[638,1],[639,1],[691,4],[612,2],[655,2],[614,3],[611,3],[633,3],[613,4],[587,3],[610,4],[615,2],[589,3],[586,3],[588,5],[561,4],[711,8],[674,6],[640,7],[590,6],[609,5],[661,7],[704,7],[591,5],[563,7],[632,6],[560,6],[564,6],[663,7],[690,8],[562,6],[585,8],[559,7],[565,6],[536,8],[535,6],[654,8],[608,8],[508,6],[662,9],[534,7],[537,7],[631,8],[509,6],[703,11],[584,9],[616,8],[506,8],[583,10],[507,8],[673,11],[538,9],[532,10],[592,9],[558,11],[479,8],[505,10],[653,11],[510,10],[682,13],[533,12],[478,12],[683,13],[607,12],[557,12],[606,11],[477,12],[531,13],[481,12],[450,12],[672,15],[641,14],[582,14],[449,13],[652,15],[530,13],[539,14],[480,12],[476,13],[581,14],[566,15],[451,12],[556,15],[504,15],[452,15],[453,15],[630,17],[475,16],[540,16],[555,17],[454,16],[689,18],[503,17],[605,17],[529,17],[380,0],[482,17],[448,17],[671,18],[528,15],[423,16],[419,18],[352,0],[651,18],[322,0],[474,18],[421,18],[688,21],[502,20],[357,0],[422,16],[447,18],[323,0],[321,0],[699,21],[325,0],[420,17],[650,21],[446,21],[425,20],[501,20],[355,0],[328,0],[297,0],[424,20],[389,19],[445,20],[324,0],[298,0],[327,0],[580,21],[395,19],[484,21],[670,23],[326,0],[293,0],[418,19],[299,0],[268,0],[471,20],[426,20],[629,22],[295,0],[473,22],[396,19],[330,0],[554,21],[302,0],[356,1],[391,21],[442,20],[567,23],[270,0],[329,3],[300,0],[388,23],[604,23],[272,0],[397,22],[500,23],[545,25],[274,0],[271,1],[455,24],[296,1],[417,23],[273,0],[393,23],[269,0],[304,1],[398,22],[553,24],[512,26],[410,8],[625,10],[668,30],[303,4],[415,26],[275,1],[700,28],[427,24],[489,25],[241,1],[267,3],[335,0],[276,1],[527,25],[649,27],[488,26],[238,4],[387,26],[511,25],[239,1],[334,1],[245,2],[572,28],[392,26],[444,28],[628,28],[242,2],[332,0],[394,26],[337,1],[579,27],[333,3],[456,24],[243,5],[547,24],[240,1],[416,27],[495,6],[647,25],[266,8],[278,1],[669,30],[331,5],[490,26],[360,8],[470,26],[546,26],[218,1],[390,27],[624,26],[208,8],[338,3],[246,2],[385,28],[623,30],[627,30],[212,2],[306,1],[518,28],[216,8],[598,28],[237,8],[244,7],[552,29],[386,28],[210,6],[599,29],[358,10],[541,29],[217,3],[483,30],[491,24],[458,27],[578,29],[248,3],[264,11],[603,31],[214,9],[499,29],[305,5],[513,29],[265,11],[215,7],[430,25],[211,8],[469,29],[369,6],[573,29],[209,10],[498,28],[186,8],[485,29],[486,28],[519,30],[279,7],[414,30],[431,30],[277,5],[351,13],[213,10],[574,26],[432,30],[593,33],[185,10],[189,7],[182,14],[626,33],[365,9],[461,30],[235,14],[236,13],[428,29],[551,32],[497,31],[188,9],[180,13],[460,31],[221,5],[524,32],[433,23],[443,34],[263,15],[308,8],[429,31],[184,14],[339,7],[525,32],[434,27],[472,35],[571,31],[291,17],[219,10],[384,33],[307,13],[249,8],[577,36],[517,28],[439,33],[594,33],[290,16],[462,32],[301,14],[402,10],[362,17],[575,31],[568,33],[542,35],[281,12],[648,38],[155,13],[250,10],[157,12],[181,12],[406,27],[438,30],[159,11],[617,40],[526,35],[207,18],[234,19],[597,38],[619,36],[320,20],[310,13],[411,31],[412,34],[183,15],[400,13],[206,18],[487,34],[158,12],[602,34],[294,20],[459,32],[354,17],[364,14],[569,36],[468,36],[550,38],[595,39],[205,19],[353,19],[153,17],[280,12],[496,38],[515,38],[262,21],[514,36],[156,19],[252,14],[403,17],[350,20],[382,37],[319,23],[643,42],[383,37],[596,39],[367,21],[128,21],[570,39],[251,16],[463,34],[492,37],[178,18],[220,16],[309,18],[685,43],[521,37],[457,40],[576,34],[118,11],[233,22],[404,14],[622,40],[253,17],[260,22],[516,39],[493,31],[144,14],[645,35],[401,24],[618,44],[187,20],[170,13],[154,20],[646,38],[464,36],[311,11],[549,36],[413,41],[368,23],[94,16],[544,39],[665,44],[349,28],[371,17],[520,34],[435,37],[70,12],[314,19],[667,40],[522,34],[621,38],[93,11],[190,20],[441,42],[687,47],[440,42],[69,9],[666,45],[313,15],[102,2],[373,15],[261,27],[177,23],[644,43],[465,37],[345,22],[620,40],[523,35],[117,8],[105,1],[348,29],[226,15],[405,36],[600,35],[494,35],[363,27],[103,2],[701,47],[381,25],[204,26],[543,42],[366,24],[179,24],[408,33],[336,26],[713,44],[466,37],[92,13],[684,47],[63,0],[255,25],[80,2],[548,41],[318,31],[342,22],[686,44],[256,22],[284,18],[104,3],[106,0],[712,47],[372,21],[151,25],[436,42],[664,48],[376,31],[370,32],[84,1],[202,30],[407,39],[64,1],[702,51],[197,18],[228,26],[96,18],[601,42],[340,31],[44,1],[282,25],[642,49],[142,10],[312,28],[85,1],[82,1],[399,24],[127,28],[196,14],[225,16],[60,1],[107,3],[341,25],[283,24],[169,18],[285,29],[83,4],[346,29],[247,27],[315,28],[87,4],[149,21],[377,27],[227,21],[203,29],[361,27],[65,1],[129,31],[88,3],[222,36],[379,34],[45,3],[145,24],[171,29],[199,27],[112,6],[173,22],[120,24],[150,33],[137,8],[27,6],[172,26],[109,7],[119,24],[317,36],[108,8],[113,6],[124,26],[139,8],[292,34],[198,29],[89,6],[378,39],[166,8],[28,9],[174,25],[359,43],[99,32],[374,30],[289,38],[97,30],[192,10],[86,8],[167,8],[123,25],[122,34],[91,9],[114,10],[230,26],[231,35],[257,24],[126,25],[47,9],[111,14],[130,22],[176,26],[67,9],[288,35],[194,13],[195,11],[12,30],[286,29],[25,8],[232,37],[152,29],[140,11],[160,34],[141,10],[254,37],[343,29],[90,11],[58,16],[115,7],[95,30],[116,8],[375,31],[164,16],[287,23],[344,46],[121,24],[24,13],[66,13],[100,25],[143,33],[168,11],[229,24],[11,10],[68,13],[13,12],[43,18],[59,20],[437,44],[224,14],[132,19],[46,18],[56,23],[10,15],[1,16],[22,19],[26,18],[409,42],[138,22],[175,35],[193,18],[61,21],[0,30],[81,25],[57,25],[467,46],[41,23],[38,22],[23,20],[15,17],[62,23],[201,26],[78,29],[6,20],[200,30],[74,26],[35,22],[165,23],[18,22],[125,33],[21,24],[5,14],[54,28],[147,32],[48,16],[73,25],[316,35],[163,22],[37,27],[40,25],[98,38],[191,24],[55,29],[9,24],[42,29],[347,33],[52,27],[131,25],[14,10],[36,26],[101,32],[71,24],[17,31],[49,8],[29,24],[19,28],[79,31],[7,31],[8,27],[31,11],[72,31],[134,31],[162,28],[77,35],[33,31],[34,22],[75,32],[136,35],[76,36],[30,21],[39,30],[161,35],[133,27],[223,32],[2,24],[135,34],[53,34],[32,27],[20,21],[110,34],[16,21],[4,25],[146,39],[148,30],[258,32],[51,29],[259,49],[50,28],[3,22]

