Experiment Name: Custom-MultiplePaths3
Method Used: PathFollowingLowerNumberOfPaths
Run Number: 1
Preparation Time: 0.0004ms
Pathfinding Time: 12.8605ms
Finish Time: 221.6668ms
Finish Time 90%: 208.989ms
Repaths: 0
Soft Repaths: 0

Gates Data:
2:[710,[22.39102,41.78493,0,[131.2704,80.001]]],[715,[21.97064,39.81343,0,[128.3893,79.001]]],[716,[22.24848,40.36821,0,[129.9387,79.001]]],[711,[22.57454,42.31874,0,[133.0154,80.001]]],[709,[23.01716,42.26143,0,[131.96,80.001]]],[708,[23.25,41.86058,0,[130.7595,80.001]]],[707,[22.63376,41.25925,0,[128.8979,79.001]]],[694,[23.12713,42.21083,0,[129.8011,79.001]]],[696,[23.5917,43.46403,0,[131.9695,80.001]]],[697,[23.33107,42.8383,0,[133.1848,80.001]]],[695,[23.92521,43.3915,0,[130.9914,80.001]]],[693,[23.32829,42.69661,0,[128.7227,79.001]]],[680,[23.94776,44.0052,0,[133.0248,80.001]]],[679,[24.26074,44.5424,0,[132.0295,80.001]]],[677,[23.6722,43.23543,0,[129.9132,79.001]]],[660,[24.54545,45.08949,0,[133.065,80.001]]],[678,[24.4992,44.71241,0,[130.965,80.001]]],[706,[22.91393,41.57978,0,[127.7772,79.001]]],[659,[24.80506,45.61423,0,[131.9946,80.001]]],[657,[24.23291,44.26578,0,[129.9344,79.001]]],[658,[25.04468,45.77052,0,[130.944,80.001]]],[714,[22.39313,40.31627,0,[127.0812,79.001]]],[676,[23.92111,43.75278,0,[128.8865,79.001]]],[712,[22.34318,41.94444,0,[134.5743,80.001]]],[698,[23.71945,43.39954,0,[134.2527,80.001]]],[637,[25.34811,46.66641,0,[131.8965,80.001]]],[638,[25.09493,46.16058,0,[132.9647,80.001]]],[636,[25.58915,46.81957,0,[130.8646,80.001]]],[635,[24.78742,45.3017,0,[129.9161,79.001]]],[655,[24.17269,44.19765,0,[127.8802,79.001]]],[614,[25.64027,47.21706,0,[132.8561,80.001]]],[656,[24.47769,44.79202,0,[128.9288,79.001]]],[613,[25.89268,47.69921,0,[131.8262,80.001]]],[681,[24.27049,44.53909,0,[134.0842,80.001]]],[589,[26.19134,48.25517,0,[132.8004,80.001]]],[633,[24.72983,45.26156,0,[127.9321,79.001]]],[611,[25.343,46.32627,0,[129.86,79.001]]],[675,[23.61663,43.13206,0,[127.7452,79.001]]],[634,[25.03588,45.83988,0,[128.9184,79.001]]],[586,[25.89254,47.35727,0,[129.7969,79.001]]],[612,[26.13847,47.87156,0,[130.8258,80.001]]],[692,[23.22754,42.15561,0,[126.7535,79.001]]],[610,[25.58951,46.84204,0,[128.8531,79.001]]],[615,[25.93816,47.73812,0,[133.823,80.001]]],[609,[25.28222,46.28967,0,[127.9147,79.001]]],[588,[26.44831,48.71645,0,[131.7903,80.001]]],[661,[24.83863,45.6201,0,[134.0545,80.001]]],[560,[26.44356,48.37747,0,[129.7289,79.001]]],[563,[26.74316,49.29667,0,[132.7556,80.001]]],[674,[23.86151,43.5886,0,[126.7254,79.001]]],[587,[26.68987,48.89532,0,[130.7633,80.001]]],[639,[25.38638,46.68324,0,[133.9252,80.001]]],[585,[26.13804,47.84502,0,[128.7878,79.001]]],[564,[27.05786,49.82203,0,[133.6946,80.001]]],[562,[26.99635,49.72818,0,[131.707,80.001]]],[584,[25.83405,47.28162,0,[127.8382,79.001]]],[535,[27.54906,50.73517,0,[131.578,80.001]]],[561,[27.24198,49.90261,0,[130.6625,80.001]]],[640,[25.13504,46.1572,0,[135.0111,80.001]]],[533,[26.99944,49.38831,0,[129.6643,79.001]]],[558,[26.38729,48.30033,0,[127.7886,79.001]]],[534,[27.79844,50.91114,0,[130.5541,80.001]]],[632,[24.98097,45.65731,0,[126.9326,79.001]]],[536,[27.29992,50.31756,0,[132.6365,80.001]]],[506,[28.3515,51.93155,0,[130.4391,80.001]]],[559,[26.69419,48.86172,0,[128.7319,79.001]]],[508,[27.85364,51.35397,0,[132.4931,80.001]]],[505,[27.54927,50.39265,0,[129.5569,79.001]]],[507,[28.10507,51.74234,0,[131.4601,80.001]]],[537,[27.60735,50.86586,0,[133.5606,80.001]]],[476,[28.10796,51.39911,0,[129.455,79.001]]],[608,[25.52983,46.69776,0,[126.8959,79.001]]],[616,[25.68852,47.22938,0,[134.8825,80.001]]],[509,[28.16518,51.87598,0,[133.4003,80.001]]],[532,[27.24712,49.87433,0,[128.6496,79.001]]],[583,[26.08296,47.62797,0,[126.8225,79.001]]],[538,[27.36836,50.36302,0,[134.6181,80.001]]],[510,[27.9275,51.40889,0,[134.4715,80.001]]],[474,[28.09146,51.37141,0,[127.6017,79.001]]],[479,[28.41003,52.36937,0,[132.3734,80.001]]],[705,[22.11372,40.7228,0,[125.7435,79.001]]],[481,[28.52406,52.42299,0,[134.2323,80.001]]],[531,[26.94338,49.32524,0,[127.7335,79.001]]],[673,[24.12227,43.44989,0,[125.7348,79.001]]],[480,[28.75615,52.87988,0,[133.2242,80.001]]],[504,[27.8032,50.88524,0,[128.5552,79.001]]],[530,[27.20355,49.64951,0,[126.7406,79.001]]],[452,[29.13483,53.48866,0,[134.0205,80.001]]],[539,[27.69553,50.86268,0,[135.5122,80.001]]],[478,[28.65911,52.74494,0,[131.3353,80.001]]],[475,[28.39386,51.90929,0,[128.5071,79.001]]],[450,[28.97952,53.40836,0,[132.2062,80.001]]],[477,[28.91581,52.93473,0,[130.3439,80.001]]],[511,[28.30418,51.9082,0,[135.2955,80.001]]],[704,[22.78478,41.71147,0,[125.7812,79.001]]],[654,[24.4347,44.63376,0,[126.892,79.001]]],[449,[29.22744,53.74077,0,[131.2244,80.001]]],[482,[28.90433,52.91669,0,[135.0064,80.001]]],[447,[28.69518,52.39799,0,[129.412,79.001]]],[451,[29.33892,53.92433,0,[133.0181,80.001]]],[445,[28.66146,52.38887,0,[127.5367,79.001]]],[631,[25.22376,45.69099,0,[125.9236,79.001]]],[483,[28.72191,52.53411,0,[136.0352,80.001]]],[448,[29.52238,53.92461,0,[130.3087,80.001]]],[421,[29.57664,54.415,0,[132.0437,80.001]]],[446,[28.95719,52.89389,0,[128.4335,79.001]]],[503,[27.50252,50.34739,0,[127.6477,79.001]]],[418,[29.26636,53.39409,0,[129.3243,79.001]]],[423,[29.72608,54.50076,0,[133.7878,80.001]]],[691,[23.4922,42.74862,0,[125.6898,79.001]]],[416,[29.27737,53.39611,0,[127.5397,79.001]]],[417,[29.57867,53.91026,0,[128.438,79.001]]],[422,[29.96507,54.96196,0,[132.8016,80.001]]],[653,[24.67301,44.54218,0,[125.8836,79.001]]],[420,[29.88129,54.69382,0,[131.1443,80.001]]],[386,[29.89094,54.43757,0,[127.5513,79.001]]],[424,[30.12022,55.00452,0,[134.5654,80.001]]],[419,[30.11778,54.91463,0,[130.1678,80.001]]],[391,[30.27381,55.48628,0,[131.8949,80.001]]],[502,[27.80139,50.66105,0,[126.6898,79.001]]],[703,[22.49961,41.2141,0,[124.4513,79.001]]],[390,[30.51782,55.71778,0,[130.8874,80.001]]],[388,[29.92198,54.41265,0,[129.2714,79.001]]],[394,[30.698,56.10184,0,[134.4669,80.001]]],[607,[25.77662,46.73569,0,[125.8567,79.001]]],[392,[30.63306,56.0168,0,[132.7299,80.001]]],[389,[30.33391,54.92103,0,[129.9647,79.001]]],[473,[28.37052,51.65703,0,[126.6382,79.001]]],[557,[26.64021,48.64805,0,[126.7917,79.001]]],[453,[29.52167,54.03665,0,[134.7998,80.001]]],[387,[30.22462,54.92562,0,[128.3713,79.001]]],[672,[23.76937,43.07467,0,[124.6553,79.001]]],[444,[28.98437,52.65098,0,[126.6346,79.001]]],[360,[30.84772,56.47676,0,[131.7523,80.001]]],[630,[24.91624,45.17608,0,[124.8821,79.001]]],[529,[27.50651,49.87939,0,[125.7861,79.001]]],[359,[31.14627,56.61032,0,[130.8582,80.001]]],[357,[30.63855,55.41128,0,[129.0353,79.001]]],[582,[26.33705,47.76713,0,[125.8276,79.001]]],[699,[22.97321,42.99112,0,[134.2685,80.001]]],[393,[30.33644,55.5263,0,[133.6045,80.001]]],[355,[30.72498,55.51371,0,[127.9368,79.001]]],[361,[31.20729,57.06516,0,[132.5928,80.001]]],[358,[30.92852,55.87915,0,[129.9235,79.001]]],[682,[24.00256,43.96774,0,[135.3052,80.001]]],[395,[30.48182,55.6283,0,[135.4439,80.001]]],[329,[31.50114,57.57692,0,[131.6872,80.001]]],[356,[31.16207,55.96372,0,[128.7464,79.001]]],[690,[23.17382,42.50653,0,[124.536,79.001]]],[326,[31.46895,56.43579,0,[129.6704,79.001]]],[330,[31.82638,58.14884,0,[132.5811,80.001]]],[662,[24.56885,45.07319,0,[135.1118,80.001]]],[606,[25.47286,46.23817,0,[124.8917,79.001]]],[415,[29.60496,53.54674,0,[126.6555,79.001]]],[328,[31.77362,57.67123,0,[130.7424,80.001]]],[362,[30.98887,56.57106,0,[133.5791,80.001]]],[299,[32.09093,58.64858,0,[131.6268,80.001]]],[324,[31.36134,56.58171,0,[127.7173,79.001]]],[556,[26.91631,48.84049,0,[125.8169,79.001]]],[325,[31.72326,57.00563,0,[128.6116,79.001]]],[472,[28.68774,51.99088,0,[125.7483,79.001]]],[713,[22.71009,42.21015,0,[135.9683,80.001]]],[652,[24.36255,43.99712,0,[124.7239,79.001]]],[354,[30.86644,55.5029,0,[126.8874,79.001]]],[363,[31.32148,57.13687,0,[134.5043,80.001]]],[501,[28.08643,50.93473,0,[125.7124,79.001]]],[331,[31.5468,57.62028,0,[133.5105,80.001]]],[443,[29.31656,53.04477,0,[125.7537,79.001]]],[700,[23.29923,43.34795,0,[135.4073,80.001]]],[581,[26.03045,47.27707,0,[124.8237,79.001]]],[442,[29.01578,52.47957,0,[124.8634,79.001]]],[327,[32.31509,57.94707,0,[130.597,80.001]]],[332,[31.88601,58.16421,0,[134.4145,80.001]]],[296,[32.01689,57.49028,0,[129.5701,79.001]]],[300,[32.42077,59.20609,0,[132.5138,80.001]]],[500,[27.80003,50.39105,0,[124.7834,79.001]]],[297,[32.86189,59.01165,0,[130.4952,80.001]]],[641,[25.43647,46.69215,0,[135.9698,80.001]]],[294,[32.11248,57.70942,0,[127.829,79.001]]],[301,[32.15488,58.67788,0,[133.4706,80.001]]],[298,[32.63864,58.70369,0,[131.5022,80.001]]],[295,[32.3936,58.10969,0,[128.7653,79.001]]],[364,[31.04596,56.73068,0,[135.4385,80.001]]],[271,[33.29228,60.18642,0,[133.3166,80.001]]],[267,[32.70341,58.56467,0,[129.6638,79.001]]],[651,[24.6178,44.59531,0,[123.7297,79.001]]],[269,[33.18967,59.70658,0,[131.4118,80.001]]],[265,[32.67695,58.677,0,[127.7982,79.001]]],[272,[32.7476,59.72885,0,[133.4086,80.001]]],[266,[32.98048,58.96568,0,[128.7109,79.001]]],[270,[32.97158,59.65071,0,[132.4126,80.001]]],[629,[25.16851,45.70905,0,[123.8877,79.001]]],[268,[33.51667,60.02745,0,[130.5467,80.001]]],[303,[32.21443,58.83846,0,[135.3326,80.001]]],[471,[28.41883,51.45575,0,[124.8285,79.001]]],[241,[33.52456,60.59631,0,[132.3069,80.001]]],[238,[33.28683,59.42599,0,[129.6262,79.001]]],[240,[33.84619,60.58862,0,[131.4106,80.001]]],[528,[27.22314,49.34805,0,[124.8636,79.001]]],[239,[34.12766,60.89482,0,[130.4444,80.001]]],[385,[30.32832,54.53165,0,[126.9319,79.001]]],[243,[33.61553,60.69696,0,[134.2169,80.001]]],[236,[33.27842,59.76382,0,[127.7681,79.001]]],[242,[33.84501,61.18332,0,[133.2266,80.001]]],[671,[24.0176,43.63141,0,[123.5989,79.001]]],[413,[29.72562,53.54042,0,[125.0442,79.001]]],[212,[34.15375,61.64787,0,[132.3357,80.001]]],[293,[32.43603,57.59292,0,[126.8053,79.001]]],[302,[32.48716,59.22776,0,[134.3651,80.001]]],[650,[24.34635,44.54929,0,[122.5702,79.001]]],[214,[34.37986,61.68789,0,[133.5041,80.001]]],[237,[33.56094,60.00188,0,[128.6971,79.001]]],[414,[30.0207,53.97334,0,[125.9785,79.001]]],[210,[34.68819,61.9757,0,[130.4406,80.001]]],[425,[29.92537,54.65499,0,[135.5419,80.001]]],[701,[23.10483,43.08337,0,[137.1779,80.001]]],[207,[33.85768,60.87619,0,[127.8009,79.001]]],[213,[34.68906,62.18608,0,[132.5668,80.001]]],[527,[27.52775,49.91754,0,[123.8439,79.001]]],[264,[32.98693,58.45301,0,[126.8648,79.001]]],[663,[24.87345,45.62175,0,[136.1142,80.001]]],[333,[31.67111,57.67076,0,[135.4152,80.001]]],[183,[35.22857,62.60434,0,[130.6378,80.001]]],[441,[29.42364,53.13932,0,[124.1337,79.001]]],[209,[33.92211,60.47388,0,[129.4871,79.001]]],[590,[26.49385,48.80117,0,[133.7908,80.001]]],[211,[34.41396,61.61792,0,[131.388,80.001]]],[181,[34.49248,61.52267,0,[129.5186,79.001]]],[208,[34.28302,61.02859,0,[128.4928,79.001]]],[688,[23.46152,42.13816,0,[123.3651,79.001]]],[605,[25.73908,46.77661,0,[123.8533,79.001]]],[180,[34.90235,62.09704,0,[128.753,79.001]]],[185,[35.24296,63.2183,0,[132.5595,80.001]]],[157,[35.51499,63.69826,0,[131.5985,80.001]]],[179,[34.77611,62.02008,0,[127.6922,79.001]]],[154,[35.47348,62.55008,0,[129.0377,79.001]]],[182,[35.07385,62.01703,0,[129.7919,79.001]]],[684,[23.67613,44.1355,0,[136.464,80.001]]],[184,[34.95399,62.65731,0,[131.5883,80.001]]],[155,[35.74744,63.07849,0,[129.9728,79.001]]],[555,[26.62968,48.29064,0,[124.8776,79.001]]],[323,[31.89629,56.49858,0,[126.8328,79.001]]],[156,[35.86365,63.6285,0,[130.7524,80.001]]],[131,[36.14771,64.90543,0,[131.7017,80.001]]],[396,[30.82601,56.07756,0,[136.4413,80.001]]],[152,[35.31387,63.17086,0,[128.0025,79.001]]],[642,[25.20867,46.1474,0,[137.0705,80.001]]],[153,[35.96926,63.11521,0,[128.5737,79.001]]],[273,[33.05756,60.23737,0,[134.3242,80.001]]],[384,[30.56097,54.9813,0,[125.9227,79.001]]],[235,[33.60765,59.4724,0,[126.8494,79.001]]],[245,[33.39009,60.77542,0,[135.2077,80.001]]],[628,[24.89637,45.13702,0,[122.7579,79.001]]],[215,[34.69682,62.188,0,[134.4944,80.001]]],[322,[32.17458,57.01092,0,[125.792,79.001]]],[125,[36.25175,63.7751,0,[126.8261,79.001]]],[292,[32.72965,57.99235,0,[125.8547,79.001]]],[244,[34.1449,61.17554,0,[134.5174,80.001]]],[580,[26.37177,47.83809,0,[123.9036,79.001]]],[186,[34.96457,62.71646,0,[133.5186,80.001]]],[262,[33.08022,58.50987,0,[124.994,79.001]]],[128,[36.24328,63.65322,0,[129.5433,79.001]]],[365,[31.38018,57.20695,0,[136.3279,80.001]]],[565,[26.81944,49.32873,0,[134.7591,80.001]]],[129,[37.05979,65.19846,0,[130.4722,80.001]]],[499,[28.16975,50.97167,0,[123.877,79.001]]],[151,[35.80099,62.81446,0,[127.5097,79.001]]],[566,[27.12335,49.85172,0,[135.7279,80.001]]],[187,[35.25925,63.33509,0,[134.5023,80.001]]],[103,[37.00679,64.72343,0,[129.7453,79.001]]],[126,[36.40181,64.27261,0,[127.8982,79.001]]],[158,[35.80065,64.40671,0,[132.5654,80.001]]],[274,[32.77884,59.75714,0,[135.2812,80.001]]],[130,[36.54925,64.74013,0,[130.9005,80.001]]],[127,[36.66323,64.21933,0,[128.8682,79.001]]],[159,[35.52919,63.87051,0,[133.5343,80.001]]],[454,[29.29066,53.73872,0,[135.7896,80.001]]],[105,[37.62715,65.76054,0,[130.8544,80.001]]],[383,[30.27596,54.43397,0,[124.9629,79.001]]],[188,[35.0243,62.94384,0,[135.4965,80.001]]],[133,[36.35004,65.03225,0,[132.7586,80.001]]],[178,[35.18988,61.6154,0,[126.9438,79.001]]],[689,[22.80632,42.09819,0,[123.1769,79.001]]],[106,[37.20348,65.92725,0,[131.5521,80.001]]],[455,[29.71884,54.36372,0,[136.5014,80.001]]],[134,[36.36602,65.5682,0,[134.6307,80.001]]],[263,[33.30515,59.01709,0,[125.9707,79.001]]],[100,[36.88871,64.97802,0,[127.4412,79.001]]],[132,[36.70912,65.53233,0,[131.9524,80.001]]],[304,[32.50836,58.95379,0,[136.2459,80.001]]],[498,[27.88376,50.59614,0,[122.9826,79.001]]],[206,[34.30167,60.54564,0,[127.188,79.001]]],[101,[37.16023,65.48296,0,[128.4213,79.001]]],[177,[35.68361,62.29965,0,[126.4256,79.001]]],[217,[33.91733,62.0436,0,[135.536,80.001]]],[81,[38.19785,66.86815,0,[131.4746,80.001]]],[469,[28.64451,51.5648,0,[122.9069,79.001]]],[80,[38.74125,67.38181,0,[131.2792,80.001]]],[412,[29.98993,54.04179,0,[124.0144,79.001]]],[104,[38.11325,66.23866,0,[130.3667,80.001]]],[57,[39.25427,67.94393,0,[130.7912,80.001]]],[512,[28.0689,51.53102,0,[136.3221,80.001]]],[353,[31.37535,56.03887,0,[126.62,79.001]]],[79,[38.65739,66.79581,0,[130.1912,80.001]]],[275,[33.11115,60.01038,0,[136.1404,80.001]]],[291,[32.51604,57.4919,0,[124.7292,79.001]]],[102,[37.54897,65.27316,0,[129.2547,79.001]]],[216,[34.46878,61.72346,0,[135.5116,80.001]]],[426,[30.27492,55.17401,0,[136.4308,80.001]]],[683,[24.31528,44.4977,0,[136.2668,80.001]]],[352,[31.08897,55.52534,0,[125.6719,79.001]]],[591,[26.24344,48.28536,0,[134.8148,80.001]]],[78,[39.78024,67.52942,0,[130.4629,80.001]]],[189,[34.77264,63.16659,0,[136.5034,80.001]]],[234,[34.06906,60.0913,0,[126.1985,79.001]]],[334,[31.94443,58.11056,0,[136.4628,80.001]]],[233,[33.74536,59.6045,0,[125.333,79.001]]],[110,[36.91151,66.40667,0,[134.8494,80.001]]],[160,[36.06942,64.4604,0,[133.6933,80.001]]],[77,[38.11608,66.57294,0,[129.0888,79.001]]],[55,[38.68831,67.93843,0,[129.6742,79.001]]],[60,[38.6247,68.1777,0,[132.3614,80.001]]],[176,[35.15741,61.89472,0,[125.8614,79.001]]],[276,[33.63272,59.79235,0,[136.5013,80.001]]],[76,[37.6997,66.12557,0,[128.1764,79.001]]],[58,[40.00603,68.5092,0,[131.4664,80.001]]],[627,[25.29476,45.49423,0,[121.8209,79.001]]],[592,[26.56298,48.81047,0,[135.7957,80.001]]],[54,[38.26464,67.5783,0,[128.029,79.001]]],[205,[34.66198,61.18163,0,[126.3626,79.001]]],[82,[37.71093,67.05364,0,[132.0015,80.001]]],[107,[37.06171,66.63134,0,[132.7989,80.001]]],[124,[37.41738,64.56872,0,[127.2074,79.001]]],[554,[26.95005,48.87965,0,[123.9214,79.001]]],[19,[39.30477,70.55199,0,[129.3599,79.001]]],[162,[35.58917,64.10398,0,[135.6838,80.001]]],[321,[31.63157,56.54625,0,[125.6622,79.001]]],[75,[38.73871,67.73301,0,[127.4627,79.001]]],[84,[37.59305,67.3714,0,[133.0845,80.001]]],[204,[34.47098,60.65531,0,[125.3344,79.001]]],[669,[23.16302,43.23414,0,[122.0212,79.001]]],[163,[35.32356,63.99298,0,[136.6571,80.001]]],[470,[28.74733,52.01492,0,[123.9465,79.001]]],[34,[39.34302,69.60857,0,[128.2708,79.001]]],[484,[29.13226,52.97299,0,[136.8349,80.001]]],[61,[38.51473,68.9017,0,[133.5714,80.001]]],[108,[36.66015,66.1154,0,[133.6864,80.001]]],[232,[34.10954,60.22559,0,[124.5073,79.001]]],[496,[28.80516,51.11117,0,[121.8433,79.001]]],[59,[39.22712,68.0847,0,[131.8952,80.001]]],[149,[36.16409,62.99728,0,[125.727,79.001]]],[277,[33.36859,59.74385,0,[137.498,80.001]]],[9,[40.42543,72.09602,0,[132.2153,80.001]]],[411,[29.72687,53.68925,0,[123.0427,79.001]]],[148,[35.64734,63.30253,0,[125.313,79.001]]],[62,[37.95499,68.52982,0,[133.9401,80.001]]],[246,[34.21054,61.06459,0,[136.5051,80.001]]],[35,[38.7674,69.16878,0,[128.5804,79.001]]],[83,[38.11942,67.73335,0,[132.7732,80.001]]],[161,[35.81338,64.00935,0,[134.6838,80.001]]],[261,[33.53336,59.00237,0,[124.3271,79.001]]],[440,[29.16618,52.7848,0,[123.1777,79.001]]],[22,[39.72394,70.28135,0,[132.3981,80.001]]],[109,[37.21665,66.78438,0,[133.881,80.001]]],[670,[23.79439,43.10749,0,[122.3025,79.001]]],[41,[39.01522,70.25079,0,[134.079,80.001]]],[99,[37.96668,65.83657,0,[127.0937,79.001]]],[136,[35.94907,65.13456,0,[136.5472,80.001]]],[98,[37.29848,65.08945,0,[126.1302,79.001]]],[382,[30.80956,55.02832,0,[124.7248,79.001]]],[135,[36.29214,65.08583,0,[135.7099,80.001]]],[37,[40.43163,68.93197,0,[130.743,80.001]]],[351,[31.39235,56.16051,0,[124.6476,79.001]]],[248,[36.4044,61.43752,0,[137.174,80.001]]],[5,[39.80089,73.05166,0,[127.605,79.001]]],[40,[39.09282,69.39403,0,[132.976,80.001]]],[604,[25.44927,46.26189,0,[122.8914,79.001]]],[10,[41.17503,73.25558,0,[132.3893,80.001]]],[52,[38.43597,68.03929,0,[126.5264,79.001]]],[63,[38.95795,69.45646,0,[135.183,80.001]]],[649,[24.13816,44.66422,0,[121.214,79.001]]],[18,[40.04438,71.04774,0,[128.6109,79.001]]],[23,[39.60166,70.72702,0,[133.4736,80.001]]],[350,[31.06329,55.92602,0,[123.7455,79.001]]],[11,[40.78258,74.31569,0,[133.1412,80.001]]],[664,[24.6717,45.07318,0,[137.3155,80.001]]],[95,[41.10244,70.01872,0,[126.9709,79.001]]],[85,[37.57334,67.89922,0,[134.7214,80.001]]],[42,[38.37492,69.71786,0,[134.688,80.001]]],[39,[40.83994,69.00665,0,[131.5009,80.001]]],[553,[26.72469,48.41693,0,[122.9192,79.001]]],[203,[35.10284,61.22027,0,[124.7918,79.001]]],[24,[40.17371,72.78292,0,[133.1982,80.001]]],[111,[37.29548,66.52901,0,[135.6566,80.001]]],[4,[40.36185,72.83975,0,[127.5857,79.001]]],[12,[40.08496,73.70752,0,[134.2924,80.001]]],[26,[42.17031,75.75668,0,[132.7696,80.001]]],[319,[31.62311,56.83477,0,[123.6252,79.001]]],[122,[36.13385,64.62302,0,[124.6076,79.001]]],[1,[41.64263,73.72454,0,[131.8085,80.001]]],[115,[43.15741,76.03728,0,[133.388,80.001]]],[38,[41.27688,69.52817,0,[130.8568,80.001]]],[381,[30.51229,54.70987,0,[123.652,79.001]]],[190,[36.80853,63.46905,0,[136.1569,80.001]]],[150,[36.75798,63.31399,0,[126.3669,79.001]]],[617,[25.99355,47.76361,0,[135.878,80.001]]],[74,[37.85054,66.36665,0,[126.0037,79.001]]],[86,[37.96083,67.63718,0,[135.5282,80.001]]],[320,[31.93901,57.03459,0,[124.7569,79.001]]],[13,[42.80072,79.84617,0,[132.492,80.001]]],[202,[34.63704,60.99482,0,[124.195,79.001]]],[567,[26.88411,49.35405,0,[136.8176,80.001]]],[250,[37.3503,62.34543,0,[138.1926,80.001]]],[44,[40.65957,72.23862,0,[134.2063,80.001]]],[380,[31.97176,54.9507,0,[122.7673,79.001]]],[579,[26.10053,47.38052,0,[122.947,79.001]]],[427,[30.30655,54.9764,0,[137.4948,80.001]]],[36,[39.85178,69.04332,0,[129.6373,79.001]]],[123,[36.68391,64.3457,0,[125.2707,79.001]]],[147,[37.76046,63.96902,0,[124.9067,79.001]]],[25,[39.52584,72.23466,0,[134.5693,80.001]]],[167,[43.069,73.14847,0,[134.5844,80.001]]],[56,[40.42757,67.62505,0,[129.9793,79.001]]],[439,[30.25062,53.13639,0,[122.6871,79.001]]],[366,[31.43495,57.04638,0,[137.3968,80.001]]],[91,[44.55637,81.03551,0,[132.6824,80.001]]],[231,[33.98561,59.95885,0,[123.4458,79.001]]],[90,[42.49216,75.49107,0,[134.8836,80.001]]],[289,[32.20498,57.94482,0,[123.8056,79.001]]],[526,[27.29605,49.43217,0,[122.8371,79.001]]],[702,[22.9892,42.88496,0,[138.7732,80.001]]],[45,[41.64486,75.8401,0,[133.0684,80.001]]],[174,[36.64711,62.63276,0,[124.1583,79.001]]],[468,[29.37489,52.02274,0,[122.1698,79.001]]],[67,[41.99795,75.78506,0,[134.1716,80.001]]],[175,[35.61299,62.43124,0,[124.206,79.001]]],[685,[24.09042,44.46488,0,[137.3753,80.001]]],[2,[42.9974,74.8606,0,[131.4442,80.001]]],[53,[39.70899,69.99585,0,[126.5037,79.001]]],[113,[38.12263,66.89357,0,[136.6019,80.001]]],[290,[32.99156,58.06138,0,[123.9313,79.001]]],[168,[43.7197,76.65737,0,[134.2232,80.001]]],[73,[37.21639,66.53745,0,[125.0402,79.001]]],[112,[38.50888,67.0662,0,[135.8299,80.001]]],[410,[31.16872,54.04357,0,[122.6771,79.001]]],[513,[28.49541,52.08564,0,[137.0244,80.001]]],[6,[40.6035,73.08917,0,[128.9062,79.001]]],[257,[37.18287,60.29045,0,[123.9429,79.001]]],[137,[37.52009,65.45472,0,[136.6556,80.001]]],[66,[42.525,75.91389,0,[133.6682,80.001]]],[145,[39.78284,65.09155,0,[125.4269,79.001]]],[64,[39.47313,69.14882,0,[135.6711,80.001]]],[603,[25.90154,46.67873,0,[121.9267,79.001]]],[686,[23.60079,44.4884,0,[138.1361,80.001]]],[318,[32.6326,56.89744,0,[123.1477,79.001]]],[50,[40.91793,71.3209,0,[127.9905,79.001]]],[7,[40.97603,71.06894,0,[129.7869,79.001]]],[32,[41.26761,72.58237,0,[128.8387,79.001]]],[51,[38.96698,68.81101,0,[126.2389,79.001]]],[525,[27.70011,49.86401,0,[121.9439,79.001]]],[49,[41.8062,74.57168,0,[127.4611,79.001]]],[220,[37.02335,62.47022,0,[137.1988,80.001]]],[287,[37.26083,59.71319,0,[122.8484,79.001]]],[199,[38.19569,62.7558,0,[124.2396,79.001]]],[166,[42.00243,71.1289,0,[135.4355,80.001]]],[65,[40.6211,71.33218,0,[135.2948,80.001]]],[139,[41.41011,71.25624,0,[136.1106,80.001]]],[467,[29.9009,51.87309,0,[121.8343,79.001]]],[89,[41.30285,72.74278,0,[133.9248,80.001]]],[114,[41.29007,71.73286,0,[135.028,80.001]]],[540,[27.47242,50.40937,0,[136.5987,80.001]]],[230,[35.12563,60.22892,0,[123.7002,79.001]]],[222,[39.66616,65.29962,0,[137.8364,80.001]]],[15,[41.79704,74.98866,0,[128.5648,79.001]]],[342,[45.07487,71.04422,0,[136.0641,80.001]]],[87,[38.97199,68.22232,0,[136.4837,80.001]]],[88,[39.51585,68.76015,0,[136.7726,80.001]]],[20,[41.85239,70.77556,0,[130.7508,80.001]]],[648,[23.54918,44.57484,0,[121.0487,79.001]]],[341,[44.35236,70.87191,0,[136.2846,80.001]]],[259,[33.85556,58.67884,0,[122.3857,79.001]]],[164,[38.45607,64.89785,0,[137.4817,80.001]]],[17,[39.27377,71.65794,0,[127.1705,79.001]]],[195,[44.45159,75.59716,0,[133.9663,80.001]]],[43,[40.0307,71.33781,0,[135.3962,80.001]]],[72,[40.31676,68.44814,0,[126.4786,79.001]]],[552,[27.08362,48.78649,0,[121.8032,79.001]]],[141,[42.765,74.17609,0,[135.9483,80.001]]],[228,[37.712,61.28183,0,[123.6512,79.001]]],[173,[38.74046,63.08888,0,[124.5994,79.001]]],[409,[31.58665,53.8346,0,[121.9701,79.001]]],[372,[42.31444,64.368,0,[137.556,80.001]]],[310,[41.10787,64.52416,0,[138.4326,80.001]]],[258,[34.5167,59.19726,0,[123.076,79.001]]],[16,[41.6398,74.47523,0,[129.7833,79.001]]],[221,[36.69352,62.683,0,[138.1681,80.001]]],[47,[44.64244,81.91225,0,[130.6715,80.001]]],[33,[42.20739,74.65444,0,[129.6444,79.001]]],[288,[33.06404,58.20367,0,[122.4624,79.001]]],[0,[42.56375,74.57742,0,[130.7262,80.001]]],[200,[36.66365,61.31835,0,[123.041,79.001]]],[309,[40.25946,62.89424,0,[137.5532,80.001]]],[21,[43.20172,71.53591,0,[130.3581,80.001]]],[193,[40.75458,67.67236,0,[136.3537,80.001]]],[626,[24.70795,45.37654,0,[121.6436,79.001]]],[8,[42.27746,72.34682,0,[131.6783,80.001]]],[201,[36.10381,61.14176,0,[123.4483,79.001]]],[618,[25.75864,47.2229,0,[136.9693,80.001]]],[223,[40.8963,67.49432,0,[137.4137,80.001]]],[256,[38.979,62.26969,0,[123.5861,79.001]]],[165,[40.0947,67.36804,0,[136.4943,80.001]]],[497,[28.25644,51.1415,0,[122.2049,79.001]]],[46,[43.47757,79.48441,0,[132.1255,80.001]]],[171,[38.42522,64.17081,0,[123.2377,79.001]]],[305,[32.86266,58.82633,0,[137.0938,80.001]]],[252,[43.02273,70.24149,0,[137.0043,80.001]]],[120,[40.03687,66.54098,0,[124.4586,79.001]]],[224,[43.66034,72.97269,0,[136.6225,80.001]]],[523,[29.25625,50.02518,0,[121.0988,79.001]]],[97,[38.37184,66.09044,0,[125.4255,79.001]]],[140,[43.85279,76.59635,0,[132.9991,80.001]]],[218,[34.4919,61.88845,0,[137.4847,80.001]]],[625,[25.07199,45.72917,0,[120.8003,79.001]]],[520,[44.36124,59.51329,0,[137.5796,80.001]]],[315,[37.93468,59.71884,0,[122.6224,79.001]]],[30,[42.57307,77.63667,0,[127.5632,79.001]]],[121,[41.14152,67.82698,0,[125.8847,79.001]]],[602,[25.84,46.31778,0,[120.8336,79.001]]],[574,[43.57474,58.01205,0,[137.9324,80.001]]],[404,[45.40369,66.31517,0,[137.3333,80.00099]]],[349,[35.02988,56.84815,0,[122.6449,79.001]]],[71,[42.36271,73.96815,0,[128.5785,79.001]]],[116,[44.18439,78.02047,0,[135.1471,80.001]]],[138,[39.02409,66.4106,0,[137.6182,80.001]]],[438,[30.70918,52.98211,0,[122.0677,79.001]]],[598,[41.99437,49.73806,0,[140.1332,80.001]]],[251,[41.52624,67.48296,0,[137.1973,80.001]]],[282,[43.44567,69.79247,0,[135.5279,80.001]]],[70,[42.35886,73.9604,0,[126.5402,79.001]]],[194,[42.15296,70.09866,0,[136.5002,80.001]]],[519,[43.7305,55.85426,0,[139.1996,80.001]]],[68,[44.29876,81.38179,0,[131.6771,80.001]]],[623,[40.65457,48.60101,0,[140.4426,80.001]]],[172,[39.42305,64.67218,0,[124.2507,79.001]]],[547,[42.85098,57.47624,0,[138.2481,80.001]]],[462,[41.67861,60.60041,0,[138.2816,80.001]]],[577,[26.51494,47.68739,0,[120.8285,79.001]]],[260,[33.44103,58.75765,0,[123.2401,79.001]]],[96,[40.53222,67.65472,0,[125.4564,79.001]]],[191,[37.81924,63.87819,0,[137.5842,80.001]]],[406,[37.52627,56.2043,0,[121.8516,79.001]]],[93,[41.91744,72.56354,0,[125.2937,79.001]]],[491,[41.4406,56.97791,0,[139.5695,80.001]]],[578,[26.49169,47.92743,0,[121.9247,79.001]]],[28,[43.74414,79.83736,0,[131,80.00051]]],[460,[38.95099,57.60416,0,[139.8363,80.001]]],[403,[39.80587,60.52264,0,[138.9175,80.001]]],[524,[28.29733,49.5909,0,[121.1578,79.001]]],[285,[41.28841,63.57666,0,[123.7242,79.001]]],[340,[39.24691,61.6001,0,[138.7799,80.001]]],[461,[40.84206,57.40403,0,[139.4054,80.001]]],[601,[27.92533,46.33813,0,[120.4106,79.001]]],[624,[44.63892,57.14517,0,[138.9129,80.001]]],[229,[35.59312,60.46006,0,[123.0411,79.001]]],[339,[37.67476,59.60961,0,[139.7465,80.001]]],[459,[33.79316,55.01282,0,[140.2368,80.001]]],[345,[39.08603,58.90806,0,[121.3587,79.001]]],[495,[30.38467,51.30789,0,[121.0868,79.001]]],[219,[35.69408,62.05925,0,[137.5259,80.001]]],[599,[42.79676,51.94919,0,[139.5364,80.001]]],[281,[40.4556,64.53962,0,[138.5961,80.001]]],[346,[38.48381,58.67096,0,[122.1272,79.001]]],[94,[40.68994,67.92052,0,[124.3846,79.001]]],[397,[30.86745,55.87964,0,[137.5277,80.001]]],[280,[38.64398,62.41847,0,[138.5328,80.001]]],[466,[31.12326,52.34489,0,[121.2285,79.001]]],[522,[40.2271,53.78664,0,[122.3167,79.001]]],[29,[44.39739,81.65498,0,[129.4545,79.001]]],[335,[32.31498,57.92812,0,[137.2734,80.001]]],[146,[39.19784,64.44757,0,[125.2573,79.001]]],[369,[35.09647,57.16544,0,[139.3734,80.001]]],[433,[42.17147,62.34879,0,[138.8887,80.00099]]],[551,[27.4568,48.57771,0,[120.9694,79.001]]],[375,[41.396,60.55017,0,[122.6369,79.001]]],[278,[35.05085,59.92369,0,[137.6269,80.001]]],[490,[39.51495,55.99297,0,[140.15,80.001]]],[286,[40.27583,62.57651,0,[123.4526,79.001]]],[371,[38.34834,59.50698,0,[139.4599,80.001]]],[600,[31.62616,47.68262,0,[120.7376,79.001]]],[192,[37.98418,63.80219,0,[138.6345,80.001]]],[31,[43.13256,78.29426,0,[128.1783,79.001]]],[436,[34.89393,54.0747,0,[121.6188,79.001]]],[307,[34.72598,58.98915,0,[138.572,80.001]]],[402,[37.02561,57.72396,0,[139.0768,80.001]]],[118,[43.24703,73.06606,0,[125.8402,79.001]]],[3,[42.89698,80.11293,0,[129.2775,79.001]]],[550,[29.78086,49.32986,0,[120.7533,79.001]]],[48,[43.0804,77.25136,0,[126.9128,79.001]]],[279,[36.12952,60.58441,0,[138.2976,80.001]]],[437,[32.06449,53.07961,0,[121.384,79.001]]],[489,[36.16648,55.37339,0,[140.3795,80.001]]],[348,[35.54832,56.81174,0,[121.9468,79.001]]],[576,[28.76737,47.82485,0,[120.6075,79.001]]],[253,[45.09904,78.00063,0,[134.6332,80.001]]],[431,[38.36025,56.81106,0,[140.5542,80.001]]],[379,[32.43795,54.828,0,[122.151,79.001]]],[494,[33.25738,51.82949,0,[120.6471,79.001]]],[370,[35.80738,57.76112,0,[139.3168,80.001]]],[429,[32.2387,54.9693,0,[139.7786,80.001]]],[197,[43.75848,72.59988,0,[124.9984,79.001]]],[316,[36.08664,57.78479,0,[121.1438,79.001]]],[430,[34.67852,55.84655,0,[140.3976,80.001]]],[518,[31.88676,52.47603,0,[140.5994,80.001]]],[593,[26.31553,48.2952,0,[136.8623,80.001]]],[464,[40.80744,58.13753,0,[123.1096,79.001]]],[573,[35.42399,51.49345,0,[140.2521,80.001]]],[247,[33.91831,60.79983,0,[137.4629,80.001]]],[255,[43.14624,67.85203,0,[124.5887,79.001]]],[407,[32.86063,54.43121,0,[121.4416,79.001]]],[400,[32.74589,56.19513,0,[139.2363,80.001]]],[308,[36.44908,59.80473,0,[139.4017,80.001]]],[377,[33.99691,55.19077,0,[121.0003,79.001]]],[347,[36.9048,57.13934,0,[121.9929,79.001]]],[546,[37.12263,53.49094,0,[140.1688,80.001]]],[401,[34.29273,56.42276,0,[139.5765,80.001]]],[227,[42.48009,67.41798,0,[124.3882,79.001]]],[647,[28.15198,46.76038,0,[140.3687,80.001]]],[434,[41.35548,58.81506,0,[121.2342,79.001]]],[398,[31.2002,55.87807,0,[138.4013,80.001]]],[376,[35.47501,55.82242,0,[120.8497,79.001]]],[399,[31.66195,55.94363,0,[139.0181,80.001]]],[249,[35.42912,61.00274,0,[138.4906,80.001]]],[119,[39.72044,66.6252,0,[123.3078,79.001]]],[373,[45.16056,75.33203,0,[133.1387,80.001]]],[144,[41.76393,68.88968,0,[126.3519,79.001]]],[493,[39.71273,54.49218,0,[121.0841,79.001]]],[516,[29.94662,52.1212,0,[139.3623,80.001]]],[572,[30.88712,50.12387,0,[140.5,80.001]]],[575,[32.4802,49.21745,0,[120.6591,79.001]]],[488,[32.66443,53.43986,0,[140.4621,80.001]]],[338,[33.72716,58.13836,0,[139.1111,80.001]]],[571,[28.68244,49.58443,0,[140.0219,80.001]]],[435,[38.02813,55.98101,0,[121.2428,79.001]]],[374,[42.10773,62.11969,0,[121.0927,79.001]]],[313,[41.85506,64.30122,0,[124.1812,79.001]]],[344,[42.5408,64.85403,0,[122.2688,79.001]]],[521,[38.56055,52.01509,0,[120.9489,79.001]]],[457,[30.91069,53.90373,0,[139.3253,80.001]]],[645,[25.89231,46.49158,0,[140.2339,80.001]]],[408,[33.45293,54.1821,0,[121.6669,79.001]]],[621,[26.49512,47.65865,0,[140.0781,80.001]]],[314,[39.07887,60.51346,0,[122.4979,79.001]]],[517,[30.43853,52.24203,0,[139.8756,80.001]]],[543,[28.84363,50.93797,0,[138.9385,80.001]]],[378,[34.36181,55.20476,0,[121.9074,79.001]]],[284,[39.66359,61.88427,0,[122.1977,79.001]]],[336,[32.68604,57.89666,0,[138.1173,80.001]]],[545,[29.86706,50.87159,0,[140.4256,80.001]]],[312,[42.14739,64.1208,0,[123.2378,79.001]]],[465,[37.23136,53.74193,0,[120.9001,79.001]]],[570,[28.2977,49.83764,0,[139.1632,80.001]]],[405,[41.87547,61.3965,0,[122.1084,79.001]]],[486,[29.95343,53.3323,0,[138.2991,80.001]]],[492,[40.33321,55.67554,0,[121.1214,79.001]]],[311,[45.36819,80.26037,0,[131.5187,80.001]]],[368,[32.22694,57.12598,0,[138.7306,80.001]]],[548,[34.86806,50.31186,0,[120.5525,79.001]]],[622,[27.79152,47.67045,0,[139.5632,80.001]]],[283,[42.82317,66.41492,0,[123.3257,79.001]]],[317,[36.22948,57.9184,0,[122.2499,79.001]]],[515,[29.39853,52.46665,0,[138.4989,80.001]]],[668,[24.33617,45.59284,0,[140.2807,80.001]]],[646,[25.14406,46.44653,0,[140.318,80.001]]],[549,[36.63507,50.19296,0,[121.0178,79.001]]],[14,[43.74529,80.40485,0,[128.8055,79.001]]],[463,[40.84324,58.53164,0,[121.8783,79.001]]],[514,[28.37963,51.79998,0,[138.0865,80.001]]],[343,[42.94204,65.03445,0,[121.3737,79.001]]],[667,[24.67127,45.58946,0,[139.3551,80.001]]],[225,[44.38166,71.2494,0,[122.5711,79.001]]],[596,[27.17413,48.89118,0,[140.2074,80.001]]],[597,[29.30959,48.54742,0,[140.5997,80.001]]],[569,[27.18963,49.4379,0,[138.9881,80.001]]],[254,[43.48721,67.88857,0,[123.5239,79.001]]],[542,[27.74457,50.49363,0,[138.4612,80.001]]],[428,[30.54221,54.96773,0,[138.5085,80.001]]],[142,[44.21588,76.07828,0,[124.0172,79.001]]],[306,[34.16627,58.86941,0,[138.4183,80.001]]],[143,[44.59292,75.70776,0,[126.9613,79.001]]],[620,[25.97889,47.21114,0,[139.0643,80.001]]],[487,[31.37388,53.32221,0,[139.9503,80.001]]],[169,[43.90847,72.76352,0,[126.3723,79.001]]],[337,[33.21467,58.01827,0,[138.5506,80.001]]],[594,[26.68499,48.78837,0,[137.8876,80.001]]],[117,[44.48547,77.35893,0,[125.4773,79.001]]],[170,[41.27322,67.47525,0,[124.8278,79.001]]],[687,[23.91616,44.54613,0,[139.2936,80.001]]],[643,[25.53657,46.6081,0,[138.0722,80.001]]],[544,[29.3065,50.80557,0,[139.5437,80.001]]],[644,[25.37089,46.10643,0,[139.2656,80.001]]],[198,[42.58185,68.75375,0,[125.5237,79.001]]],[595,[26.57164,48.34535,0,[138.9795,80.001]]],[226,[43.60626,68.36708,0,[122.1574,79.001]]],[666,[24.36994,45.12571,0,[138.3976,80.001]]],[456,[29.58179,54.21955,0,[137.5056,80.001]]],[619,[26.12735,47.71132,0,[137.9723,80.001]]],[432,[40.12437,59.64485,0,[139.8891,80.001]]],[458,[33.21465,54.38921,0,[139.8668,80.00099]]],[92,[44.80018,80.26261,0,[128.3372,79.001]]],[541,[27.86355,50.87193,0,[137.3788,80.001]]],[69,[43.90936,77.63608,0,[127.6326,79.001]]],[665,[24.999,45.51671,0,[138.3162,80.001]]],[196,[45.13414,72.82942,0,[124.9159,79.001]]],[485,[28.93485,52.73886,0,[137.8507,80.001]]],[367,[31.89136,57.12822,0,[137.9454,80.001]]],[568,[27.27655,49.84904,0,[137.7594,80.001]]],[27,[43.54374,77.42403,0,[129.9165,79.001]]]
3:[710,[66.40749,129.8102,0,[131.9787,168.001]]],[715,[66.12508,128.0167,0,[130.0916,167.001]]],[716,[66.81641,129.4531,0,[131.1458,168.001]]],[711,[66.60048,130.3446,0,[133.2894,168.001]]],[709,[67.05999,130.2888,0,[132.6561,168.001]]],[708,[67.32681,129.9017,0,[131.6723,168.001]]],[707,[66.79082,129.3386,0,[130.0081,167.001]]],[694,[67.17749,130.256,0,[130.8041,167.001]]],[696,[67.87331,131.4901,0,[132.1639,168.001]]],[697,[67.69788,130.8702,0,[133.2273,168.001]]],[695,[68.23299,131.4412,0,[131.2118,168.001]]],[693,[67.64957,130.8113,0,[129.9682,167.001]]],[680,[68.45877,132.044,0,[132.8947,168.001]]],[679,[68.70604,132.5903,0,[131.823,168.001]]],[677,[68.2925,131.3086,0,[130.526,167.001]]],[660,[69.17425,133.2003,0,[132.8581,168.001]]],[678,[69.38819,132.8227,0,[131.6207,168.001]]],[706,[68.82125,130.582,0,[130.1988,167.001]]],[659,[69.8129,133.8271,0,[132.5925,168.001]]],[657,[69.84966,133.3728,0,[131.0047,168.001]]],[658,[70.2887,133.8832,0,[131.6914,168.001]]],[714,[69.37306,129.2439,0,[129.8562,167.001]]],[676,[69.93306,131.9472,0,[130.3372,167.001]]],[712,[70.38264,130.4346,0,[133.2854,168.001]]],[698,[70.72886,132.1835,0,[132.3634,168.001]]],[637,[70.88257,134.8935,0,[131.1926,168.001]]],[638,[71.14675,134.481,0,[133.1805,168.001]]],[636,[71.44582,134.8774,0,[131.8085,168.001]]],[635,[70.49829,133.4127,0,[129.9843,167.001]]],[655,[71.09058,133.0583,0,[130.5498,167.001]]],[614,[71.88586,135.4278,0,[132.6593,168.001]]],[656,[71.65671,133.4558,0,[130.5027,167.001]]],[613,[72.31889,135.8166,0,[131.8002,168.001]]],[681,[72.34656,132.8711,0,[133.4886,168.001]]],[589,[72.77409,136.347,0,[132.8112,168.001]]],[633,[72.2224,133.7466,0,[130.8021,167.001]]],[611,[72.96573,135.7166,0,[131.7881,168.001]]],[675,[72.16085,131.4261,0,[129.7093,167.001]]],[634,[72.86444,134.0703,0,[130.893,167.001]]],[586,[73.55829,136.5305,0,[131.939,168.001]]],[612,[73.33263,136.2469,0,[133.0612,168.001]]],[692,[72.87656,131.8444,0,[129.794,167.001]]],[610,[74.02846,136.1787,0,[131.1131,168.001]]],[615,[73.97549,136.1266,0,[132.6785,168.001]]],[609,[73.51927,134.6882,0,[130.0002,167.001]]],[588,[74.40428,137.1231,0,[131.9636,168.001]]],[661,[74.36066,133.8371,0,[133.4666,168.001]]],[560,[74.20745,136.4595,0,[130.9843,167.001]]],[563,[74.86881,137.6575,0,[132.5808,168.001]]],[674,[74.26869,133.338,0,[129.8873,167.001]]],[587,[75.16298,137.0022,0,[131.6427,168.001]]],[639,[75.18009,135.5569,0,[133.5015,168.001]]],[585,[75.02902,136.2973,0,[130.7997,167.001]]],[564,[75.6272,138.1595,0,[132.78,168.001]]],[562,[75.82603,137.8484,0,[131.7437,168.001]]],[584,[75.19762,135.7712,0,[129.7601,167.001]]],[535,[76.40269,138.7921,0,[131.989,168.001]]],[561,[75.79473,137.0015,0,[130.8951,167.001]]],[640,[76.44343,135.3461,0,[133.0859,168.001]]],[533,[76.87035,138.4886,0,[131.0045,168.001]]],[558,[75.86164,136.8786,0,[129.8043,167.001]]],[534,[77.09432,138.998,0,[132.0775,168.001]]],[632,[76.62042,134.6719,0,[130.0056,167.001]]],[536,[77.00302,138.5103,0,[133.2303,168.001]]],[506,[77.60448,139.9831,0,[131.5017,168.001]]],[559,[77.19315,137.1179,0,[130.187,167.001]]],[508,[77.60954,139.5452,0,[133.0546,168.001]]],[505,[78.15929,139.6603,0,[131.0557,168.001]]],[507,[78.12112,139.8696,0,[132.4469,168.001]]],[537,[78.64838,139.3087,0,[132.0543,168.001]]],[476,[78.24014,139.7184,0,[130.9751,167.001]]],[608,[78.01014,135.7465,0,[129.9067,167.001]]],[616,[78.73356,136.3858,0,[133.2396,168.001]]],[509,[79.15759,140.4592,0,[132.4353,168.001]]],[532,[79.40444,139.881,0,[131.4404,168.001]]],[583,[78.68687,136.5315,0,[130.3364,167.001]]],[538,[79.39493,138.936,0,[133.5203,168.001]]],[510,[79.70606,140.2154,0,[132.5532,168.001]]],[474,[79.30413,139.9939,0,[130.6752,167.001]]],[479,[80.0723,140.828,0,[131.7378,168.001]]],[705,[79.09893,131.1366,0,[129.6235,167.001]]],[481,[80.11103,141.0278,0,[133.3103,168.001]]],[531,[79.88548,138.518,0,[130.8135,167.001]]],[673,[79.73302,133.3098,0,[129.7543,167.001]]],[480,[80.60399,141.3758,0,[132.1289,168.001]]],[504,[80.89705,140.5874,0,[131.1747,168.001]]],[530,[80.39861,139.0536,0,[129.9116,167.001]]],[452,[81.1128,141.9463,0,[132.5831,168.001]]],[539,[80.68037,139.71,0,[133.2593,168.001]]],[478,[81.39661,140.8549,0,[131.6367,168.001]]],[475,[80.90066,140.4271,0,[130.5194,167.001]]],[450,[81.81348,141.5652,0,[132.4655,168.001]]],[477,[81.94609,141.2026,0,[131.4046,168.001]]],[511,[81.50996,141.0464,0,[133.37,168.001]]],[704,[81.26372,132.006,0,[129.6762,167.001]]],[654,[81.66544,135.4088,0,[130.4149,167.001]]],[449,[82.42017,141.9308,0,[132.3958,168.001]]],[482,[82.26507,141.6999,0,[133.4505,168.001]]],[447,[82.53544,141.7616,0,[131.3182,168.001]]],[451,[83.01646,142.2627,0,[132.0246,168.001]]],[445,[82.39651,141.169,0,[130.4978,167.001]]],[631,[82.05753,135.4256,0,[129.6333,167.001]]],[483,[83.06979,141.7422,0,[133.1365,168.001]]],[448,[83.34728,142.3798,0,[131.1328,168.001]]],[421,[83.59592,142.5303,0,[132.3759,168.001]]],[446,[83.89371,142.6026,0,[131.1731,168.001]]],[503,[82.8628,139.2869,0,[129.8896,167.001]]],[418,[84.18854,142.9863,0,[132.1613,168.001]]],[423,[83.94556,142.9167,0,[133.371,168.001]]],[691,[83.49398,133.1702,0,[129.9212,167.001]]],[416,[83.90103,142.0703,0,[130.7163,167.001]]],[417,[84.73485,143.4705,0,[131.6922,168.001]]],[422,[84.62268,143.3653,0,[133.0816,168.001]]],[653,[84.39301,135.7235,0,[130.1122,167.001]]],[420,[85.28886,143.3664,0,[132.0353,168.001]]],[386,[84.82536,143.1502,0,[130.9235,167.001]]],[424,[85.27772,144.0966,0,[133.1455,168.001]]],[419,[85.84073,143.1671,0,[131.5982,168.001]]],[391,[85.81864,143.8113,0,[132.7749,168.001]]],[502,[85.38264,140.2894,0,[130.4723,167.001]]],[703,[84.96653,132.8963,0,[129.7446,167.001]]],[390,[86.34705,143.8115,0,[132.1138,168.001]]],[388,[86.40893,143.823,0,[131.013,168.001]]],[394,[86.30866,145.0831,0,[133.3145,168.001]]],[607,[85.89942,137.0585,0,[129.8135,167.001]]],[392,[86.84303,144.3603,0,[132.7482,168.001]]],[389,[87.07006,144.2393,0,[131.673,168.001]]],[473,[86.42324,141.1509,0,[130.4821,167.001]]],[557,[87.62383,140.1964,0,[131.0327,168.001]]],[453,[87.44468,143.8996,0,[133.2674,168.001]]],[387,[87.68332,144.9787,0,[132.1905,168.001]]],[672,[86.93432,134.3959,0,[129.9225,167.001]]],[444,[88.24842,143.2353,0,[132.0095,168.001]]],[360,[88.17421,144.728,0,[133.1698,168.001]]],[630,[87.59245,136.131,0,[130.0663,167.001]]],[529,[87.9483,140.4899,0,[130.9708,167.001]]],[359,[88.82127,145.0039,0,[131.9926,168.001]]],[357,[89.1808,145.0384,0,[131.0087,168.001]]],[582,[88.25343,138.3224,0,[129.9876,167.001]]],[699,[89.04115,133.2,0,[133.2208,168.001]]],[393,[89.34322,144.4326,0,[132.2946,168.001]]],[355,[88.96276,144.1848,0,[129.9145,167.001]]],[361,[89.83697,145.6525,0,[131.8549,168.001]]],[358,[89.35213,144.6071,0,[130.7551,167.001]]],[682,[89.65997,134.7892,0,[133.4092,168.001]]],[395,[90.1597,145.5196,0,[132.9559,168.001]]],[329,[90.39298,146.1404,0,[131.9188,168.001]]],[356,[89.94611,144.6955,0,[130.7786,167.001]]],[690,[89.67511,134.6068,0,[129.799,167.001]]],[326,[90.96229,145.8609,0,[131.2266,168.001]]],[330,[91.01558,146.8347,0,[132.338,168.001]]],[662,[90.70773,136.209,0,[133.2896,168.001]]],[606,[90.46899,137.9664,0,[129.9616,167.001]]],[415,[91.01082,143.154,0,[130.663,167.001]]],[328,[91.70791,146.3266,0,[131.811,168.001]]],[362,[91.60601,145.3377,0,[133.0234,168.001]]],[299,[92.19888,147.2479,0,[132.6469,168.001]]],[324,[92.18461,146.8297,0,[131.0989,168.001]]],[556,[91.45364,139.7842,0,[129.9493,167.001]]],[325,[92.69861,147.0304,0,[132.031,168.001]]],[472,[92.27673,142.2841,0,[130.9114,167.001]]],[713,[92.79131,133.9548,0,[133.3018,168.001]]],[652,[92.37154,136.1812,0,[129.8132,167.001]]],[354,[93.2888,146.2677,0,[131.6278,168.001]]],[363,[93.23833,146.7315,0,[132.7029,168.001]]],[501,[92.82861,141.5952,0,[130.5485,167.001]]],[331,[93.82643,146.9609,0,[132.2619,168.001]]],[443,[93.84323,144.4263,0,[131.1464,168.001]]],[700,[93.68974,135.3445,0,[133.3356,168.001]]],[581,[93.08026,138.9604,0,[129.5909,167.001]]],[442,[93.57586,143.1919,0,[130.1478,167.001]]],[327,[94.3436,146.4982,0,[131.8689,168.001]]],[332,[94.30999,147.7907,0,[133.172,168.001]]],[296,[94.15231,145.9646,0,[130.8909,167.001]]],[300,[94.89838,148.4951,0,[131.9277,168.001]]],[500,[94.1338,141.5438,0,[129.7814,167.001]]],[297,[95.37782,147.3921,0,[131.0916,168.001]]],[641,[94.93401,138.1911,0,[133.0719,168.001]]],[294,[94.74799,146.6945,0,[130.0031,167.001]]],[301,[95.45647,148.3722,0,[132.3649,168.001]]],[298,[95.93314,147.4873,0,[131.5889,168.001]]],[295,[95.4341,146.8937,0,[130.3242,167.001]]],[364,[95.8724,147.0843,0,[133.0977,168.001]]],[271,[96.38315,149.2983,0,[132.5099,168.001]]],[267,[96.53155,148.2348,0,[131.2735,168.001]]],[651,[95.95987,137.419,0,[129.8603,167.001]]],[269,[96.99109,148.1294,0,[131.9787,168.001]]],[265,[96.41929,148.0067,0,[130.4814,167.001]]],[272,[96.91023,149.0688,0,[133.2059,168.001]]],[266,[97.44656,149.3554,0,[131.0064,168.001]]],[270,[97.57635,148.3146,0,[132.0905,168.001]]],[629,[96.94408,138.8206,0,[129.8539,167.001]]],[268,[98.12673,148.6396,0,[131.4555,168.001]]],[303,[97.72884,148.624,0,[133.1546,168.001]]],[471,[97.52981,143.1375,0,[130.2459,167.001]]],[241,[98.27595,149.0766,0,[132.7086,168.001]]],[238,[98.77663,149.2078,0,[131.2048,168.001]]],[240,[98.84009,149.2496,0,[132.361,168.001]]],[528,[98.21632,141.6136,0,[130.027,167.001]]],[239,[99.36442,149.6811,0,[131.9404,168.001]]],[385,[98.80376,145.0711,0,[130.7915,167.001]]],[243,[99.2295,149.7932,0,[133.161,168.001]]],[236,[99.94951,150.3407,0,[131.6091,168.001]]],[242,[99.91452,150.1785,0,[132.8464,168.001]]],[671,[99.09301,136.9573,0,[129.8411,167.001]]],[413,[99.57743,144.8134,0,[130.5221,167.001]]],[212,[100.5172,150.7686,0,[132.1649,168.001]]],[293,[100.6326,148.6963,0,[131.0435,168.001]]],[302,[100.5483,149.7811,0,[133.3195,168.001]]],[650,[100.0424,138.5836,0,[129.8818,167.001]]],[214,[101.0903,151.2323,0,[132.0901,168.001]]],[237,[100.6966,149.2977,0,[130.9984,167.001]]],[414,[100.7146,144.536,0,[129.8886,167.001]]],[210,[101.7532,150.8637,0,[131.2855,168.001]]],[425,[101.7543,145.9289,0,[132.4606,168.001]]],[701,[101.2553,135.5242,0,[133.1511,168.001]]],[207,[101.292,150.2894,0,[130.1032,167.001]]],[213,[102.3609,151.613,0,[131.9295,168.001]]],[527,[101.8513,142.4209,0,[130.2254,167.001]]],[264,[102.7162,149.7471,0,[131.1112,168.001]]],[663,[102.2721,137.961,0,[133.2482,168.001]]],[333,[102.757,148.6196,0,[132.7019,168.001]]],[183,[103.2707,151.059,0,[132.1056,168.001]]],[441,[102.7,145.3357,0,[130.639,167.001]]],[209,[103.6475,150.3371,0,[131.2977,168.001]]],[590,[103.2703,141.5394,0,[133.3587,168.001]]],[211,[103.8533,150.4696,0,[132.976,168.001]]],[181,[104.2143,151.1127,0,[132.09,168.001]]],[208,[103.6713,150.189,0,[130.9747,167.001]]],[688,[103.0082,135.8136,0,[129.7486,167.001]]],[605,[103.6237,140.2083,0,[129.8779,167.001]]],[180,[104.7371,151.9953,0,[131.0443,168.001]]],[185,[104.5424,152.3258,0,[133.1305,168.001]]],[157,[104.9337,152.1592,0,[132.1005,168.001]]],[179,[104.3297,151.369,0,[129.9218,167.001]]],[154,[104.8106,150.9473,0,[130.9452,167.001]]],[182,[105.5651,151.4747,0,[131.9572,168.001]]],[684,[105.1898,137.1262,0,[133.1859,168.001]]],[184,[105.7733,151.6356,0,[133.043,168.001]]],[155,[106.0496,152.4808,0,[131.3922,168.001]]],[555,[105.0971,142.3132,0,[129.9892,167.001]]],[323,[105.6756,147.9181,0,[130.1678,167.001]]],[156,[106.6037,152.2368,0,[131.1643,168.001]]],[131,[106.3393,153.8719,0,[132.6313,168.001]]],[396,[106.946,147.9687,0,[132.0595,168.001]]],[152,[106.2808,152.6839,0,[129.9188,167.001]]],[642,[107.148,138.5446,0,[133.1506,168.001]]],[153,[106.7238,152.5316,0,[130.6568,167.001]]],[273,[107.509,151.0361,0,[132.0037,168.001]]],[384,[107.2644,146.5924,0,[130.8899,167.001]]],[235,[108.0632,151.205,0,[131.9092,168.001]]],[245,[107.7326,151.5482,0,[133.243,168.001]]],[628,[107.4753,139.6216,0,[129.8142,167.001]]],[215,[108.3179,152.6446,0,[132.9091,168.001]]],[322,[107.8503,148.3758,0,[130.7103,167.001]]],[125,[108.6995,155.0298,0,[131.5635,168.001]]],[292,[108.5079,149.2797,0,[130.6593,167.001]]],[244,[108.9284,151.8603,0,[132.5412,168.001]]],[580,[108.1791,142.3077,0,[129.7627,167.001]]],[186,[109.3247,152.76,0,[131.6722,168.001]]],[262,[108.8645,149.5061,0,[129.8077,167.001]]],[128,[109.1821,152.5698,0,[130.8097,167.001]]],[365,[109.5573,148.5628,0,[132.7273,168.001]]],[565,[109.124,141.7074,0,[133.5529,168.001]]],[129,[110.0372,153.6714,0,[131.8945,168.001]]],[499,[109.6244,144.1709,0,[129.9087,167.001]]],[151,[109.8336,152.4117,0,[130.9609,167.001]]],[566,[110.0622,141.9018,0,[133.2835,168.001]]],[187,[110.482,153.2143,0,[132.575,168.001]]],[103,[110.417,153.5903,0,[130.9121,167.001]]],[126,[110.3039,153.5126,0,[129.826,167.001]]],[158,[110.9611,154.0928,0,[132.0285,168.001]]],[274,[110.9603,151.0916,0,[133.3352,168.001]]],[130,[111.5382,153.9531,0,[131.2056,168.001]]],[127,[110.9835,153.4403,0,[130.0136,167.001]]],[159,[111.5163,153.5005,0,[132.4147,168.001]]],[454,[111.6936,145.0451,0,[133.4838,168.001]]],[105,[112.1263,154.4623,0,[131.8306,168.001]]],[383,[111.598,147.2173,0,[130.6381,167.001]]],[188,[112.1894,153.186,0,[133,168.0003]]],[133,[112.6848,154.6782,0,[132.0517,168.001]]],[178,[112.1277,152.6427,0,[130.9374,167.001]]],[689,[111.9217,136.9201,0,[129.7426,167.001]]],[106,[113.1705,154.9408,0,[131.2211,168.001]]],[455,[112.7767,146.3976,0,[133.2172,168.001]]],[134,[113.2225,155.9219,0,[132.4303,168.001]]],[263,[112.5602,150.7269,0,[130.0431,167.001]]],[100,[113.7311,156.3721,0,[131.1402,168.001]]],[132,[113.8008,154.7498,0,[132.2232,168.001]]],[304,[113.7048,150.9318,0,[133.2999,168.001]]],[498,[113.1248,145.0493,0,[129.8995,167.001]]],[206,[113.6225,151.9711,0,[130.3854,167.001]]],[101,[114.3401,156.9679,0,[132.0347,168.001]]],[177,[114.5764,153.926,0,[131.0371,168.001]]],[217,[114.3738,153.82,0,[133.2774,168.001]]],[81,[114.9167,156.193,0,[132.5771,168.001]]],[469,[114.0672,145.0725,0,[129.7408,167.001]]],[80,[115.1605,156.6912,0,[131.5118,168.001]]],[412,[114.6207,147.3759,0,[130.2398,167.001]]],[104,[115.2299,154.2153,0,[130.9841,167.001]]],[57,[115.711,157.2917,0,[132.1067,168.001]]],[512,[115.4818,144.7007,0,[133.1653,168.001]]],[353,[115.3163,149.1363,0,[129.8821,167.001]]],[79,[116.2908,156.0253,0,[131.4917,168.001]]],[275,[116.2227,152.3494,0,[132.8116,168.001]]],[291,[115.9056,150.0228,0,[130.1608,167.001]]],[102,[116.3914,155.2826,0,[130.8137,167.001]]],[216,[116.9687,154.1965,0,[132.0059,168.001]]],[426,[117.5053,147.9117,0,[131.6353,168.001]]],[683,[116.9886,138.7396,0,[133.1922,168.001]]],[352,[116.7755,149.2964,0,[129.7851,167.001]]],[591,[117.5685,141.5077,0,[132.8525,168.001]]],[78,[117.151,156.1993,0,[130.5786,167.001]]],[189,[118.0737,155.541,0,[132.0653,168.001]]],[234,[117.6758,152.9141,0,[130.9644,167.001]]],[334,[118.0895,150.7754,0,[133.2388,168.001]]],[233,[117.8579,152.6055,0,[129.9079,167.001]]],[110,[118.6416,157.1707,0,[133.0855,168.001]]],[160,[118.6817,155.4237,0,[131.7431,168.001]]],[77,[118.4145,156.4674,0,[130.5533,167.001]]],[55,[119.5334,158.7974,0,[131.4192,168.001]]],[60,[119.2086,157.8304,0,[132.5795,168.001]]],[176,[119.0826,153.3416,0,[130.1873,167.001]]],[276,[119.8743,152.4192,0,[132.3761,168.001]]],[76,[119.8695,157.6601,0,[131,167.5633]]],[58,[120.3867,158.1969,0,[131.9572,168.001]]],[627,[119.6009,141.053,0,[129.7835,167.001]]],[592,[120.1831,142.3911,0,[133.2985,168.001]]],[54,[120.8057,159.0753,0,[131.1635,168.001]]],[205,[120.1203,154.0162,0,[130.1304,167.001]]],[82,[121.0365,157.6841,0,[132.1653,168.001]]],[107,[120.7288,156.9505,0,[133.0829,168.001]]],[124,[120.8457,155.7779,0,[130.9843,167.001]]],[554,[120.6837,144.7696,0,[129.8833,167.001]]],[19,[121.5835,162.032,0,[132.0024,168.001]]],[162,[121.4312,155.8641,0,[133.1278,168.001]]],[321,[121.3406,151.014,0,[130.5415,167.001]]],[75,[122.1345,159.6682,0,[131.9323,168.001]]],[84,[122.1491,157.6772,0,[133.0493,168.001]]],[204,[122.4477,154.8964,0,[131.0251,168.001]]],[669,[121.7616,139.5192,0,[129.819,167.001]]],[163,[122.919,156.357,0,[132.1328,168.001]]],[470,[122.3289,146.8065,0,[130.0099,167.001]]],[34,[123.0721,161.1346,0,[131.0383,168.001]]],[484,[122.9428,145.7112,0,[133.2577,168.001]]],[61,[123.5615,159.2327,0,[131.563,168.001]]],[108,[123.5328,157.2733,0,[132.6253,168.001]]],[232,[123.0597,154.4564,0,[130.494,167.001]]],[496,[122.9062,146.7282,0,[129.4666,167.001]]],[59,[124.0882,158.6874,0,[132.1655,168.001]]],[149,[123.573,154.678,0,[130.9955,167.001]]],[277,[123.7461,152.4896,0,[133.5996,168.001]]],[9,[124.6076,162.008,0,[131.3302,168.001]]],[411,[123.5384,149.2341,0,[129.8452,167.001]]],[148,[124.1329,155.6944,0,[130.1114,167.001]]],[62,[124.7533,158.8075,0,[132.4424,168.001]]],[246,[124.3088,154.5034,0,[133.1921,168.001]]],[35,[124.6934,159.9246,0,[130.908,167.001]]],[83,[125.2699,158.2506,0,[132.0018,168.001]]],[161,[125.2346,156.59,0,[133.1201,168.001]]],[261,[125.2776,154.8172,0,[130.9557,167.001]]],[440,[124.786,148.2395,0,[129.8192,167.001]]],[22,[125.8304,161.1622,0,[132.1171,168.001]]],[109,[125.8318,158.2862,0,[133.2952,168.001]]],[670,[125.5403,140.2475,0,[129.9163,167.001]]],[41,[126.4031,160.9614,0,[132.1514,168.001]]],[99,[125.8922,157.6938,0,[130.9685,167.001]]],[136,[126.5323,158.066,0,[133.2973,168.001]]],[98,[126.9265,158.2577,0,[131.3154,168.001]]],[382,[126.2602,150.4985,0,[130.0031,167.001]]],[135,[127.0952,158.0639,0,[132.5842,168.001]]],[37,[127.5268,158.8738,0,[131.6615,168.001]]],[351,[126.9219,151.9969,0,[130.3209,167.001]]],[248,[127.6521,155.7556,0,[133.0278,168.001]]],[5,[128.0674,165.4296,0,[131.2263,168.001]]],[40,[128.1752,160.239,0,[132.4615,168.001]]],[604,[127.6092,144.5172,0,[130.0417,167.001]]],[10,[128.7868,163.3321,0,[132,168]]],[52,[128.2239,159.8741,0,[130.902,167.001]]],[63,[128.799,160.5844,0,[133.1143,168.001]]],[649,[128.3977,141.3633,0,[129.853,167.001]]],[18,[129.3913,163.1351,0,[131.094,168.001]]],[23,[129.4466,161.418,0,[132.1983,168.001]]],[350,[129.0201,152.1682,0,[130.0127,167.001]]],[11,[129.9809,165.039,0,[131.9818,168.001]]],[664,[129.5045,139.4233,0,[133.2894,168.001]]],[95,[129.5732,161.6276,0,[130.8944,167.001]]],[85,[130.0596,159.8148,0,[133.2552,168.001]]],[42,[130.4866,161.2917,0,[132.4464,168.001]]],[39,[130.6151,159.9499,0,[131.2955,168.001]]],[553,[129.5682,145.7993,0,[129.7815,167.001]]],[203,[130.1393,156.5892,0,[130.1275,167.001]]],[24,[131.1245,163.7562,0,[132.1471,168.001]]],[111,[130.9577,160.1616,0,[133.2711,168.001]]],[4,[131.2463,165.392,0,[131.0446,168.001]]],[12,[131.6375,164.9507,0,[133.0305,168.001]]],[26,[131.7581,166.9738,0,[131.865,168.001]]],[319,[130.7807,152.8264,0,[129.8815,167.001]]],[122,[131.2727,159.2667,0,[130.5872,167.001]]],[1,[132.3658,164.9174,0,[131.4084,168.001]]],[115,[132.3731,167.7739,0,[132.6834,168.001]]],[38,[132.948,160.8864,0,[131.0061,168.001]]],[381,[131.7861,151.6916,0,[130.0943,167.001]]],[190,[133.0492,157.3731,0,[132.1066,168.001]]],[150,[132.4436,157.6443,0,[129.8956,167.001]]],[617,[133.005,142.2086,0,[133.2398,168.001]]],[74,[133.5044,160.8625,0,[131.003,168.001]]],[86,[133.6181,160.9487,0,[132.1739,168.001]]],[320,[133.0832,153.6256,0,[129.8895,167.001]]],[13,[134.1074,171.7149,0,[131.4051,168.001]]],[202,[133.6221,156.0933,0,[130.2668,167.001]]],[567,[133.7282,144.9214,0,[133.337,168.001]]],[250,[134.2243,157.2734,0,[132.7384,168.001]]],[44,[134.6796,164.2668,0,[131.9557,168.001]]],[380,[134.3241,152.3071,0,[130.8947,167.001]]],[579,[134.1914,146.3174,0,[129.8259,167.001]]],[427,[134.8269,149.6393,0,[133.1628,168.001]]],[36,[135.2968,162.0457,0,[131.6143,168.001]]],[123,[134.8406,158.7834,0,[130.1551,167.001]]],[147,[135.3979,157.7651,0,[130.7256,167.001]]],[25,[135.4076,165.4003,0,[132.9744,168.001]]],[167,[135.882,166.5134,0,[132.1004,168.001]]],[56,[136.4257,160.5758,0,[131.3097,168.001]]],[439,[135.9097,150.3374,0,[129.9726,167.001]]],[366,[136.373,151.94,0,[133.0291,168.001]]],[91,[136.7616,173.4193,0,[132.2116,168.001]]],[231,[136.4567,156.7272,0,[130.631,167.001]]],[90,[137.2728,170.2182,0,[131.6347,168.001]]],[289,[137.0721,155.2239,0,[130.6496,167.001]]],[526,[136.8179,147.9409,0,[129.6741,167.001]]],[702,[137.0943,138.5953,0,[133.3059,168.001]]],[45,[137.5363,167.516,0,[132.6202,168.001]]],[174,[137.8619,159.2768,0,[131.5966,168.001]]],[468,[137.5148,149.4149,0,[129.8031,167.001]]],[67,[138.1664,167.7985,0,[132.5128,168.001]]],[175,[137.7529,158.7522,0,[130.8043,167.001]]],[685,[137.9827,141.0322,0,[133.5466,168.001]]],[2,[138.5694,167.4054,0,[131.7359,168.001]]],[53,[138.3647,163.9248,0,[130.8111,167.001]]],[113,[138.6597,160.8697,0,[133.1062,168.001]]],[290,[138.1815,156.1492,0,[129.7727,167.001]]],[168,[139.0622,172.3748,0,[132.2652,168.001]]],[73,[139.3867,161.9732,0,[131.2256,168.001]]],[112,[139.7184,160.8719,0,[132.1731,168.001]]],[410,[138.8918,151.2074,0,[129.9961,167.001]]],[513,[139.496,147.7813,0,[133.2219,168.001]]],[6,[139.9836,166.5984,0,[131.1143,168.001]]],[257,[139.6432,155.6595,0,[130.0395,167.001]]],[137,[140.2442,160.7784,0,[132.7665,168.001]]],[66,[140.5568,170.1105,0,[131.8042,168.001]]],[145,[140.3347,159.2294,0,[130.8494,167.001]]],[64,[141.0628,162.7341,0,[132.2509,168.001]]],[603,[140.3677,147.6136,0,[129.747,167.001]]],[686,[140.7692,140.4745,0,[133.2689,168.001]]],[318,[140.8746,155.0115,0,[130.3873,167.001]]],[50,[141.4969,164.6825,0,[131.4782,168.001]]],[7,[141.4719,164.6065,0,[133.0368,168.001]]],[32,[141.9527,165.5738,0,[132.4384,168.001]]],[51,[142.0586,165.0637,0,[131.0221,168.001]]],[525,[141.369,149.5903,0,[129.866,167.001]]],[49,[142.5242,168.6408,0,[131.6476,168.001]]],[220,[142.5364,157.801,0,[132.9191,168.001]]],[287,[142.0016,156.1118,0,[130.1114,167.001]]],[199,[142.4902,158.4089,0,[130.69,167.001]]],[166,[143.0841,167.1789,0,[132.0063,168.001]]],[65,[143.1889,163.9444,0,[133.2136,168.001]]],[139,[143.5712,168.3156,0,[131.0448,168.001]]],[467,[143.0223,151.5215,0,[129.9266,167.001]]],[89,[143.8121,166.0273,0,[132.0388,168.001]]],[114,[144.2185,171.9946,0,[131.0373,168.001]]],[540,[143.9164,146.128,0,[133.1245,168.001]]],[230,[143.6409,159.1726,0,[129.9369,167.001]]],[222,[144.3723,161.0237,0,[132.1548,168.001]]],[15,[144.3004,167.1948,0,[130.6472,167.001]]],[342,[144.9018,173.2448,0,[131.7313,168.001]]],[87,[144.4577,163.3596,0,[133.4063,168.001]]],[88,[144.9857,162.735,0,[132.8309,168.001]]],[20,[145.4666,163.7521,0,[131.2809,168.001]]],[648,[144.5156,145.4605,0,[129.6286,167.001]]],[341,[145.5922,172.7986,0,[132.3414,168.001]]],[259,[144.989,157.4049,0,[130.1955,167.001]]],[164,[145.5645,159.322,0,[133.4398,168.001]]],[17,[145.509,167.1028,0,[130.9743,167.001]]],[195,[146.1386,177.2929,0,[132.059,168.001]]],[43,[146.1598,165.3926,0,[133.2067,168.001]]],[72,[146.645,164.1427,0,[131.1368,168.001]]],[552,[145.5071,150.219,0,[129.8013,167.001]]],[141,[146.7901,171.6678,0,[132.2225,168.001]]],[228,[146.0515,158.0169,0,[130.0547,167.001]]],[173,[147.2136,161.6666,0,[131.2089,168.001]]],[409,[146.6283,153.0908,0,[130.0226,167.001]]],[372,[146.9671,158.4867,0,[133.3043,168.001]]],[310,[147.4171,161.7337,0,[132.471,168.001]]],[258,[147.2677,158.394,0,[130.2874,167.001]]],[16,[147.8236,168.0583,0,[131.6013,168.001]]],[221,[147.9719,158.681,0,[133.1675,168.001]]],[47,[148.4213,177.4178,0,[132.3477,168.001]]],[33,[148.3799,168.3356,0,[131.1107,168.001]]],[288,[147.9608,158.3513,0,[129.9819,167.001]]],[0,[149.0245,167.5341,0,[131.5759,168.001]]],[200,[148.5674,160.6292,0,[130.3424,167.001]]],[309,[149.0735,157.6353,0,[132.917,168.001]]],[21,[149.4609,163.8537,0,[131,167.563]]],[193,[149.6322,164.1928,0,[132.1204,168.001]]],[626,[149.1523,146.8599,0,[129.8558,167.001]]],[8,[150.1964,166.4577,0,[131.7204,168.001]]],[201,[149.709,160.7878,0,[130.4027,167.001]]],[618,[149.7542,143.3539,0,[133.2292,168.001]]],[223,[150.3064,165.8234,0,[132.9598,168.001]]],[256,[150.7585,161.7848,0,[131.0269,168.001]]],[165,[150.8079,161.9637,0,[132.1637,168.001]]],[497,[150.1998,152.7664,0,[129.8186,167.001]]],[46,[151.2875,175.3785,0,[131.4989,168.001]]],[171,[150.752,163.6461,0,[130.1898,167.001]]],[305,[150.9243,153.4581,0,[133.2607,168.001]]],[252,[151.426,166.4022,0,[132.7378,168.001]]],[120,[151.3084,163.924,0,[130.9856,167.001]]],[224,[151.9148,172.5478,0,[132.0737,168.001]]],[523,[151.4044,151.8345,0,[129.8852,167.001]]],[97,[151.9459,164.6053,0,[130.9512,167.001]]],[140,[152.4974,175.1704,0,[132.0658,168.001]]],[218,[152.0119,157.3649,0,[133.296,168.001]]],[625,[152.1706,146.5704,0,[129.9393,167.001]]],[520,[152.6851,160.0888,0,[133.1943,168.001]]],[315,[152.6508,159.2254,0,[130.841,167.001]]],[30,[153.0892,172.7146,0,[131.9349,168.001]]],[121,[153.7412,165.0723,0,[131.0023,168.001]]],[602,[152.8976,149.0142,0,[129.8323,167.001]]],[574,[153.7932,156.3367,0,[132.0931,168.001]]],[404,[153.2635,170.7856,0,[133.0054,168.001]]],[349,[153.4679,157.806,0,[130.0005,167.001]]],[71,[153.8992,167.4668,0,[130.969,167.001]]],[116,[154.3657,182.2906,0,[132.1026,168.001]]],[138,[153.87,162.5441,0,[133.1953,168.001]]],[438,[154.0399,155.9986,0,[129.8975,167.001]]],[598,[154.9541,158.9185,0,[131.4904,168.001]]],[251,[154.5118,164.0739,0,[133.2277,168.001]]],[282,[155.0604,171.6339,0,[132.6573,168.001]]],[70,[154.5933,168.2406,0,[130.2966,167.001]]],[194,[155.5301,168.886,0,[131.545,168.001]]],[519,[155.6805,157.6963,0,[132.9381,168.001]]],[68,[155.2701,176.3737,0,[130.3157,167.001]]],[623,[156.1636,160.6849,0,[131.911,168.001]]],[172,[155.9696,164.8222,0,[130.9713,167.001]]],[547,[156.3772,165.5765,0,[133.0692,168.001]]],[462,[156.781,167.5492,0,[132.0698,168.001]]],[577,[156.0881,150.5056,0,[129.8837,167.001]]],[260,[156.6664,160.246,0,[130.2469,167.001]]],[96,[157.2673,166.5869,0,[131.5512,168.001]]],[191,[157.0847,164.755,0,[133.0883,168.001]]],[406,[157.2219,156.6472,0,[130.794,167.001]]],[93,[157.9868,170.7738,0,[131.8853,168.001]]],[491,[157.6752,166.9861,0,[132.8087,168.001]]],[578,[157.573,152.3577,0,[129.9345,167.001]]],[28,[158.4436,174.7496,0,[131.0854,168.001]]],[460,[158.7614,168.3268,0,[132.0654,168.001]]],[403,[158.3999,167.3453,0,[132.9857,168.001]]],[524,[158.2284,153.9246,0,[130.0758,167.001]]],[285,[159.2318,165.7667,0,[131.0495,168.001]]],[340,[159.479,171.4905,0,[132.0711,168.001]]],[461,[159.2468,166.3194,0,[133.1091,168.001]]],[601,[158.9245,148.9639,0,[129.9504,167.001]]],[624,[159.9514,165.0546,0,[131.4142,168.001]]],[229,[159.4625,162.2889,0,[130.2897,167.001]]],[339,[159.9875,167.422,0,[133.0229,168.001]]],[459,[160.4729,166.5065,0,[132.0788,168.001]]],[345,[160.1062,159.7614,0,[130.9851,167.001]]],[495,[160.0295,154.1348,0,[129.8802,167.001]]],[219,[160.6882,158.8694,0,[133.1115,168.001]]],[599,[161.1791,165.6157,0,[131.043,168.001]]],[281,[161.2761,167.4906,0,[132.1331,168.001]]],[346,[160.6797,160.9871,0,[129.9399,167.001]]],[94,[161.7257,169.2897,0,[131,167.9643]]],[397,[161.3189,151.2055,0,[133.2447,168.001]]],[280,[161.8615,167.8553,0,[132.0693,168.001]]],[466,[161.2422,154.9315,0,[129.8875,167.001]]],[522,[161.7453,155.3001,0,[130.5099,167.001]]],[29,[162.3793,177.5249,0,[131.7218,168.001]]],[335,[161.9257,153.9526,0,[133.1577,168.001]]],[146,[162.8688,164.579,0,[131.0881,168.001]]],[369,[162.9785,158.729,0,[132.1783,168.001]]],[433,[162.5213,162.7193,0,[132.9973,168.001]]],[551,[162.1913,152.8282,0,[129.8404,167.001]]],[375,[162.7385,162.243,0,[130.2648,167.001]]],[278,[163.1757,156.797,0,[133.2308,168.001]]],[490,[163.4862,171.532,0,[131.7082,168.001]]],[286,[163.3589,163.2934,0,[130.8889,167.001]]],[371,[164.1311,163.6167,0,[132.05,168.001]]],[600,[163.262,151.3093,0,[129.7932,167.001]]],[192,[163.7662,163.2865,0,[132.9568,168.001]]],[31,[164.4664,174.6932,0,[131.0868,168.001]]],[436,[163.8943,156.7866,0,[129.9758,167.001]]],[307,[164.4781,156.5843,0,[133.2179,168.001]]],[402,[164.7776,159.2502,0,[132.1929,168.001]]],[118,[165.0278,172.1274,0,[131.0037,168.001]]],[3,[165.3339,178.602,0,[131.9991,168.001]]],[550,[164.6184,156.479,0,[129.9096,167.001]]],[48,[165.7322,176.7436,0,[131.1918,168.001]]],[279,[165.333,159.2512,0,[133.1717,168.001]]],[437,[165.2428,157.2853,0,[130.0538,167.001]]],[489,[165.9122,167.1863,0,[132.6424,168.001]]],[348,[166.3036,162.7388,0,[131.6176,168.001]]],[576,[165.9445,154.1224,0,[130.4333,167.001]]],[253,[166.8979,182.4585,0,[132.013,168.001]]],[431,[166.5084,174.751,0,[133.0427,168.001]]],[379,[166.5781,160.2095,0,[130.9452,167.001]]],[494,[166.4453,157.1501,0,[129.8525,167.001]]],[370,[167.1734,162.5481,0,[133.0681,168.001]]],[429,[167.5604,166.0895,0,[132.1236,168.001]]],[197,[167.666,178.3373,0,[131.033,168.001]]],[316,[167.1412,161.4183,0,[129.9232,167.001]]],[430,[168.2022,168.7521,0,[132.0453,168.001]]],[518,[167.7941,167.6031,0,[130.9501,167.001]]],[593,[167.872,146.1599,0,[133.0929,168.001]]],[464,[167.8109,160.5378,0,[129.8281,167.001]]],[573,[168.8443,167.3823,0,[131.823,168.001]]],[247,[168.5022,157.9632,0,[133.082,168.001]]],[255,[168.3046,170.843,0,[130.4622,167.001]]],[407,[168.8617,159.3605,0,[130.9965,167.001]]],[400,[169.5244,162.5984,0,[132.0937,168.001]]],[308,[169.113,161.8609,0,[133.0226,168.001]]],[377,[168.839,163.0132,0,[129.8427,167.001]]],[347,[169.4051,162.3747,0,[130.4943,167.001]]],[546,[170.0398,174.8711,0,[131.709,168.001]]],[401,[169.7353,161.7185,0,[133.1395,168.001]]],[227,[169.9659,171.0385,0,[130.9868,167.001]]],[647,[170.4893,166.1583,0,[132.3809,168.001]]],[434,[169.8214,169.3522,0,[129.7765,167.001]]],[398,[170.9287,159.9126,0,[131.6984,168.001]]],[376,[170.3807,160.8994,0,[130.1144,167.001]]],[399,[170.323,162.0213,0,[133.4156,168.001]]],[249,[171.0753,161.5769,0,[133.0107,168.001]]],[119,[170.8248,171.7447,0,[130.9232,167.001]]],[373,[171.5367,183.2564,0,[132.052,168.001]]],[144,[171.9248,169.8413,0,[131.0291,168.001]]],[493,[171.0028,163.0879,0,[129.8604,167.001]]],[516,[171.7782,158.2617,0,[133.1638,168.001]]],[572,[172.1481,167.7717,0,[132.14,168.001]]],[575,[171.6446,155.2184,0,[130.0068,167.001]]],[488,[172.5788,174.2222,0,[131.2633,168.001]]],[338,[172.4502,161.1366,0,[133.2697,168.001]]],[571,[172.8524,163.8074,0,[132.4512,168.001]]],[435,[172.2473,162.4312,0,[130.1435,167.001]]],[374,[172.8798,173.9249,0,[130.7864,167.001]]],[313,[173.3314,166.4838,0,[131.8739,168.001]]],[344,[173.4357,169.8835,0,[130.9774,167.001]]],[521,[172.9708,163.7963,0,[129.713,167.001]]],[457,[173.4238,164.8495,0,[133.1078,168.001]]],[645,[173.8765,170.4341,0,[132.2624,168.001]]],[408,[173.7296,161.7191,0,[129.9239,167.001]]],[621,[174.4228,163.5545,0,[131.9734,168.001]]],[314,[174.0856,168.306,0,[130.8671,167.001]]],[517,[174.2248,155.0284,0,[133.2505,168.001]]],[543,[174.9973,158.2943,0,[131.9735,168.001]]],[378,[174.6854,163.8939,0,[130.9377,167.001]]],[284,[174.4987,175.9264,0,[129.8746,167.001]]],[336,[174.9639,159.7926,0,[133.1377,168.001]]],[545,[175.5513,160.6603,0,[132.0856,168.001]]],[312,[175.769,171.221,0,[131.0724,168.001]]],[465,[175.1524,162.2792,0,[129.9321,167.001]]],[570,[176.1171,155.7995,0,[132.2109,168.001]]],[405,[175.8197,169.7679,0,[130.9747,167.001]]],[486,[175.6296,156.1868,0,[133.1878,168.001]]],[492,[175.7859,174.5803,0,[129.8642,167.001]]],[311,[176.6489,184.7706,0,[131.8892,168.001]]],[368,[176.3479,158.1216,0,[133.2418,168.001]]],[548,[176.3626,168.3075,0,[130.548,167.001]]],[622,[177.2042,159.9162,0,[131.8599,168.001]]],[283,[177.0387,173.5551,0,[130.9605,167.001]]],[317,[176.8687,169.3428,0,[129.8658,167.001]]],[515,[176.9384,156.1791,0,[132.9893,168.001]]],[668,[177.7921,159.5719,0,[131.9747,168.001]]],[646,[177.5832,157.0516,0,[133.0451,168.001]]],[549,[177.5118,160.6716,0,[130.4036,167.001]]],[14,[178.3603,183.846,0,[131.801,168.001]]],[463,[178.2287,168.536,0,[130.9745,167.001]]],[514,[178.2472,153.486,0,[133.0661,168.001]]],[343,[178.0312,177.0969,0,[129.8989,167.001]]],[667,[179.1181,154.8554,0,[131.8834,168.001]]],[225,[178.6576,178.8864,0,[129.9641,167.001]]],[596,[178.8839,153.1821,0,[133.0066,168.001]]],[597,[179.0031,165.3958,0,[130.8255,167.001]]],[569,[179.7996,153.3376,0,[132.028,168.001]]],[254,[179.6987,174.1634,0,[131,167.1919]]],[542,[179.5941,151.2034,0,[133.1005,168.001]]],[428,[180.3745,155.8687,0,[132.1815,168.001]]],[142,[179.71,183.5543,0,[129.8791,167.001]]],[306,[180.4757,158.1105,0,[133.2631,168.001]]],[143,[180.2194,178.3979,0,[130.3433,167.001]]],[620,[180.8159,161.4111,0,[131.5668,168.001]]],[487,[180.8001,170.1172,0,[130.9772,167.001]]],[169,[180.8069,178.8931,0,[129.8619,167.001]]],[337,[181.1667,157.9249,0,[133.0356,168.001]]],[594,[181.4604,151.0898,0,[132.1223,168.001]]],[117,[181.8675,181.9596,0,[131.0388,168.001]]],[170,[181.5816,173.2829,0,[129.9947,167.001]]],[687,[182.1271,157.2978,0,[132.1029,168.001]]],[643,[182.008,150.6847,0,[133.1939,168.001]]],[544,[182.6127,165.3829,0,[131.4477,168.001]]],[644,[182.7474,151.4563,0,[133.0071,168.001]]],[198,[182.2218,173.3745,0,[130.3806,167.001]]],[595,[183.1305,153.7018,0,[132.1082,168.001]]],[226,[182.7456,179.7735,0,[129.9648,167.001]]],[666,[183.4176,158.1018,0,[131.1641,168.001]]],[456,[183.5396,156.2151,0,[133.0724,168.001]]],[619,[184.0229,155.2546,0,[132.3368,168.001]]],[432,[183.388,180.1208,0,[130.08,167.001]]],[458,[184.1079,170.3821,0,[131.1547,168.001]]],[92,[184.798,188.6917,0,[131.4753,168.001]]],[541,[184.6612,155.921,0,[132.734,168.001]]],[69,[184.223,186.0581,0,[130.1642,167.001]]],[665,[185.4854,153.9107,0,[131.5448,168.001]]],[196,[184.9749,183.3535,0,[130.3206,167.001]]],[485,[185.2678,153.5857,0,[132.8436,168.001]]],[367,[185.9595,160.343,0,[132.8149,168.001]]],[568,[186.2318,152.8438,0,[131.5887,168.001]]],[27,[185.9707,184.6134,0,[130.385,167.001]]]

Travel Distances:
[710,196.9868],[715,195.7418],[716,195.809],[711,199.1098],[709,198.1532],[708,197.2369],[707,197.6726],[694,197.8815],[696,199.7279],[697,199.4039],[695,198.9577],[693,199.3969],[680,199.093],[679,199.1284],[677,198.7113],[660,200.8001],[678,200.04],[706,198.877],[659,200.1867],[657,201.6552],[658,201.2932],[714,198.3593],[676,200.0522],[712,197.5755],[698,198.5504],[637,203.0652],[638,202.0988],[636,201.9666],[635,202.2623],[655,200.8404],[614,203.6452],[656,202.1221],[613,203.1706],[681,200.1208],[589,202.7803],[633,203.2683],[611,203.7727],[675,201.0553],[634,202.3],[586,203.4072],[612,203.4933],[692,200.0241],[610,204.0934],[615,204.151],[609,203.5434],[588,204.3036],[661,201.0193],[560,204.0015],[563,205.8854],[674,202.6967],[587,204.6547],[639,203.0096],[585,204.2004],[564,204.631],[562,204.1502],[584,205.3068],[535,205.9728],[561,205.3729],[640,202.4319],[533,204.7301],[558,205.0521],[534,206.7918],[632,203.3918],[536,206.3853],[506,206.7606],[559,204.6514],[508,206.231],[505,207.3246],[507,207.6082],[537,206.0033],[476,207.2113],[608,203.6687],[616,204.8896],[509,208.1319],[532,207.0637],[583,205.1187],[538,206.0824],[510,206.6341],[474,207.3689],[479,208.6695],[705,200.8437],[481,208.7544],[531,206.6771],[673,201.7355],[480,208.1578],[504,206.7861],[530,208.1432],[452,209.6984],[539,208.2543],[478,208.0491],[475,208.581],[450,209.9134],[477,209.2836],[511,209.9584],[704,201.4041],[654,204.0326],[449,209.0733],[482,209.1033],[447,208.6769],[451,210.1524],[445,210.3527],[631,205.1989],[483,209.5391],[448,209.6712],[421,209.3286],[446,208.8051],[503,209.4254],[418,210.5828],[423,210.978],[691,202.1201],[416,210.2445],[417,209.9927],[422,210.0587],[653,204.8984],[420,210.78],[386,211.483],[424,211.4898],[419,209.477],[391,212.1466],[502,209.4884],[703,202.8027],[390,211.0932],[388,210.9884],[394,212.4042],[607,205.0993],[392,212.5995],[389,212.0883],[473,210.2681],[557,206.9302],[453,210.9333],[387,211.5973],[672,204.3636],[444,210.7247],[360,212.2867],[630,204.8886],[529,208.5693],[359,211.3532],[357,212.66],[582,207.6761],[699,201.0963],[393,211.7034],[355,212.1882],[361,211.9629],[358,211.8808],[682,203.3559],[395,213.1805],[329,213.3139],[356,212.782],[690,203.1502],[326,213.8923],[330,214.7675],[662,204.6634],[606,206.9412],[415,211.1071],[328,212.9045],[362,214.0928],[299,214.8331],[324,214.4313],[556,208.5927],[325,213.6221],[472,209.7125],[713,202.2701],[652,205.404],[354,213.6559],[363,214.0614],[501,209.8749],[331,213.1994],[443,212.6492],[700,203.632],[581,208.6788],[442,211.9321],[327,213.7345],[332,214.9652],[296,213.5707],[300,216.6012],[500,211.1275],[297,214.6139],[641,206.0245],[294,215.0446],[301,215.4298],[298,215.6002],[295,215.9828],[364,215.2652],[271,216.5179],[267,215.1588],[651,205.4129],[269,216.1293],[265,217.1223],[272,217.1358],[266,216.4363],[270,215.1426],[629,206.8074],[268,216.3591],[303,217.1226],[471,211.9942],[241,216.5022],[238,215.6419],[240,215.5603],[528,211.075],[239,216.9353],[385,213.4171],[243,217.2656],[236,218.4244],[242,218.3297],[671,206.6933],[413,213.6397],[212,217.7221],[293,215.4144],[302,216.6332],[650,208.3042],[214,218.9632],[237,217.8319],[414,213.0543],[210,217.1487],[425,214.0892],[701,204.0612],[207,219.6064],[213,218.7016],[527,210.489],[264,216.2678],[663,205.1186],[333,216.846],[183,218.4641],[441,213.8561],[209,216.946],[590,208.5858],[211,218.5096],[181,218.6309],[208,218.6748],[688,205.494],[605,208.7393],[180,218.4575],[185,219.144],[157,220.2469],[179,220.5633],[154,219.2837],[182,218.3242],[684,204.2728],[184,219.7015],[155,220.3589],[555,212.0442],[323,216.536],[156,218.9982],[131,220.7819],[396,216.0428],[152,222.0148],[642,206.06],[153,221.0381],[273,217.9939],[384,214.0519],[235,219.0473],[245,219.9057],[628,208.614],[215,219.9368],[322,216.6431],[125,221.5735],[292,218.2148],[244,219.8689],[580,211.8626],[186,220.0215],[262,217.6727],[128,220.1458],[365,214.9513],[565,210.6221],[129,221.4731],[499,212.8462],[151,220.5496],[566,209.1556],[187,220.0129],[103,222.6461],[126,222.7769],[158,221.7703],[274,219.0079],[130,220.8064],[127,221.368],[159,220.0926],[454,213.4227],[105,222.0473],[383,215.9899],[188,220.4152],[133,221.1945],[178,220.334],[689,206.9686],[106,222.5058],[455,214.2351],[134,223.2297],[263,219.5244],[100,222.8254],[132,222.9131],[304,219.4605],[498,214.6182],[206,220.6658],[101,224.0326],[177,220.7195],[217,220.9891],[81,224.1688],[469,214.6207],[80,224.3356],[412,215.9559],[104,221.665],[57,223.5602],[512,213.2923],[353,218.4078],[79,223.2604],[275,219.4703],[291,218.1157],[102,224.4367],[216,222.1627],[426,214.8586],[683,206.1588],[352,217.6973],[591,208.1543],[78,225.5898],[189,223.0969],[234,221.3111],[334,218.3865],[233,220.7634],[110,223.6365],[160,221.7514],[77,225.5542],[55,225.7184],[60,225.1195],[176,221.1171],[276,220.5692],[76,225.8873],[58,225.3551],[627,209.7819],[592,209.6743],[54,225.4491],[205,221.6545],[82,225.5834],[107,225.1869],[124,223.8273],[554,213.0523],[19,228.7848],[162,222.8689],[321,220.2074],[75,227.3171],[84,225.1958],[204,221.9832],[669,207.9354],[163,224.4416],[470,216.0704],[34,228.9411],[484,213.5502],[61,226.0224],[108,224.1058],[232,222.2092],[496,216.7764],[59,226.3626],[149,223.441],[277,220.429],[9,228.6552],[411,217.9924],[148,223.2994],[62,225.1023],[246,223.1644],[35,228.4451],[83,225.4446],[161,223.9743],[261,222.2106],[440,216.47],[22,229.2908],[109,226.5326],[670,209.0983],[41,227.9813],[99,225.8859],[136,224.9427],[98,226.3289],[382,219.884],[135,225.8311],[37,225.7825],[351,220.1108],[248,224.0817],[5,233.2512],[40,227.7662],[604,213.1837],[10,229.6396],[52,227.4023],[63,228.9316],[649,210.4896],[18,230.3016],[23,228.4041],[350,220.0646],[11,232.9756],[664,208.1757],[95,230.4494],[85,227.4502],[42,228.2023],[39,226.6912],[553,214.5267],[203,224.1972],[24,231.4879],[111,228.1952],[4,232.8767],[12,231.6012],[26,233.4276],[319,221.1142],[122,228.6589],[1,232.1681],[115,234.9863],[38,228.915],[381,221.9272],[190,225.0945],[150,226.6475],[617,209.6919],[74,227.759],[86,227.508],[320,223.3657],[13,239.4136],[202,224.7534],[567,212.9252],[250,224.3034],[44,230.749],[380,221.5163],[579,215.7947],[427,217.4079],[36,229.2747],[123,226.8735],[147,226.9402],[25,234.0143],[167,234.66],[56,227.6886],[439,218.4145],[366,218.9656],[91,239.7784],[231,225.7842],[90,237.5922],[289,223.0208],[526,216.194],[702,206.0008],[45,233.9988],[174,225.4559],[468,218.2792],[67,235.071],[175,227.0609],[685,208.4069],[2,233.6476],[53,232.9397],[113,229.0359],[290,225.6163],[168,239.6254],[73,228.9836],[112,228.9498],[410,221.119],[513,216.092],[6,234.3515],[257,224.1645],[137,227.914],[66,236.9349],[145,228.495],[64,230.4186],[603,216.7704],[686,208.28],[318,223.2011],[50,231.4309],[7,231.2499],[32,233.34],[51,232.8526],[525,218.7549],[49,235.5397],[220,224.45],[287,223.979],[199,227.4026],[166,234.9154],[65,231.2542],[139,235.0874],[467,219.3988],[89,232.2927],[114,239.4677],[540,214.0188],[230,227.6372],[222,228.0749],[15,234.5298],[342,241.2187],[87,232.0653],[88,230.3895],[20,230.7273],[648,214.3549],[341,239.3867],[259,225.295],[164,227.8005],[17,235.9386],[195,244.7452],[43,232.4846],[72,230.7735],[552,218.9357],[141,239.8363],[228,227.7329],[173,229.0831],[409,221.5954],[372,225.6161],[310,228.2737],[258,227.6302],[16,235.8657],[221,226.3417],[47,244.2676],[33,235.016],[288,226.3454],[0,235.2444],[200,229.3922],[309,225.1992],[21,230.8472],[193,230.7177],[626,216.3664],[8,233.9293],[201,229.3161],[618,211.2112],[223,232.5864],[256,228.2113],[165,230.1128],[497,222.248],[46,242.5325],[171,232.0034],[305,220.9646],[252,232.8052],[120,233.1816],[224,240.4394],[523,220.8245],[97,232.6243],[140,241.8116],[218,224.5696],[625,216.0689],[520,227.936],[315,227.8685],[30,240.1202],[121,231.4448],[602,219.1319],[574,224.463],[404,239.3626],[349,226.708],[71,235.5875],[116,249.008],[138,229.8026],[438,223.7273],[598,226.8539],[251,231.7637],[282,238.6912],[70,236.7904],[194,235.4067],[519,225.8156],[68,245.5343],[623,228.2696],[172,232.8334],[547,232.1886],[462,233.8667],[577,220.2062],[260,228.8382],[96,233.7476],[191,232.0553],[406,224.1572],[93,238.466],[491,234.8776],[578,221.1391],[28,241.7514],[460,234.5435],[403,235.9093],[524,223.3527],[285,233.275],[340,238.219],[461,233.3454],[601,217.0409],[624,232.9072],[229,231.2364],[339,235.0523],[459,233.3767],[345,227.4336],[495,223.8728],[219,227.0452],[599,233.1593],[281,234.8408],[346,229.4858],[94,235.6481],[397,219.9123],[280,235.8709],[466,224.194],[522,223.6378],[29,244.4719],[335,221.2265],[146,232.7123],[369,226.4629],[433,230.8332],[551,222.3147],[375,230.5844],[278,223.5594],[490,238.1405],[286,232.4021],[371,230.9677],[600,220.4511],[192,230.8258],[31,241.4952],[436,224.6969],[307,224.6863],[402,227.1888],[118,239.7737],[3,245.3724],[550,225.1148],[48,243.092],[279,227.9783],[437,226.5499],[489,234.8461],[348,230.0511],[576,222.1957],[253,250.5438],[431,243.1742],[379,228.9586],[494,226.106],[370,229.5742],[429,232.7299],[197,244.7669],[316,230.9821],[430,236.1272],[518,235.8123],[593,213.7379],[464,228.7518],[573,235.532],[247,226.3195],[255,240.0094],[407,227.4544],[400,229.3115],[308,228.8561],[377,231.0737],[347,231.488],[546,242.5369],[401,229.386],[227,238.9612],[647,232.7656],[434,239.5798],[398,227.7582],[376,229.9929],[399,230.3842],[249,228.8465],[119,239.8447],[373,249.907],[144,237.856],[493,232.7798],[516,225.9697],[572,235.0582],[575,223.7798],[488,240.8997],[338,229.31],[571,231.733],[435,231.6568],[374,242.0833],[313,233.3319],[344,238.9283],[521,233.647],[457,233.2685],[645,238.1284],[408,230.1826],[621,230.3974],[314,235.947],[517,223.6541],[543,226.0744],[378,232.3105],[284,244.7954],[336,226.9911],[545,227.3249],[312,239.5371],[465,231.8512],[570,223.3156],[405,237.9412],[486,223.9217],[492,242.7755],[311,251.1642],[368,226.5196],[548,237.3899],[622,227.1469],[283,241.3637],[317,237.36],[515,223.32],[668,227.6346],[646,224.9535],[549,229.331],[14,250.7231],[463,235.8021],[514,222.0797],[343,246.9409],[667,222.3307],[225,247.3939],[596,220.4249],[597,233.2667],[569,221.5402],[254,242.6162],[542,219.0485],[428,222.9486],[142,252.0544],[306,224.6203],[143,247.8695],[620,229.3155],[487,238.4142],[169,247.1173],[337,224.9908],[594,217.6213],[117,250.0323],[170,242.0045],[687,224.5071],[643,218.0868],[544,231.8735],[644,219.4735],[198,242.8359],[595,221.1732],[226,248.1371],[666,224.87],[456,224.6633],[619,222.9256],[432,249.1769],[458,237.9311],[92,254.9791],[541,222.3105],[69,255.4829],[665,220.8071],[196,251.2946],[485,220.5702],[367,227.9036],[568,220.2484],[27,252.5444]

Finish Times:
[710,101.4419],[715,101.882],[716,101.882],[711,101.962],[709,102.162],[708,102.362],[707,102.682],[694,102.762],[696,102.962],[697,103.042],[695,103.242],[693,103.442],[680,103.682],[679,103.762],[677,103.842],[660,104.402],[678,104.402],[706,104.602],[659,104.882],[657,104.962],[658,105.322],[714,105.482],[676,105.642],[712,105.682],[698,105.882],[637,105.962],[638,106.4421],[636,106.4821],[635,106.5221],[655,106.8021],[614,107.0021],[656,107.2021],[613,107.3621],[681,107.6821],[589,107.8821],[633,107.9621],[611,108.0021],[675,108.2021],[634,108.4821],[586,108.6021],[612,108.6821],[692,108.8021],[610,109.0821],[615,109.1221],[609,109.2821],[588,109.4421],[661,109.7621],[560,109.8021],[563,110.0021],[674,110.1621],[587,110.2021],[639,110.6422],[585,110.6822],[564,110.8422],[562,110.8822],[584,111.1222],[535,111.4422],[561,111.4822],[640,111.6422],[533,111.8822],[558,111.9222],[534,112.2022],[632,112.4422],[536,112.6022],[506,112.6422],[559,112.8422],[508,112.8822],[505,113.2022],[507,113.2022],[537,113.6822],[476,113.8822],[608,113.8822],[616,114.0022],[509,114.2422],[532,114.4422],[583,114.5622],[538,114.8022],[510,114.8822],[474,114.9222],[479,115.1223],[705,115.3623],[481,115.4023],[531,115.5223],[673,115.6423],[480,115.6823],[504,115.9223],[530,116.2423],[452,116.2823],[539,116.2823],[478,116.4423],[475,116.5223],[450,116.9623],[477,116.9623],[511,116.9623],[704,117.2823],[654,117.3623],[449,117.4823],[482,117.5623],[447,117.6023],[451,118.0823],[445,118.1623],[631,118.2023],[483,118.4023],[448,118.4423],[421,118.7223],[446,118.9223],[503,119.0423],[418,119.2423],[423,119.2823],[691,119.2823],[416,119.4824],[417,119.7624],[422,119.8024],[653,120.1624],[420,120.3224],[386,120.4024],[424,120.7224],[419,120.8824],[391,120.9624],[502,121.0824],[703,121.0824],[390,121.4024],[388,121.4824],[394,121.6824],[607,121.9224],[392,121.9624],[389,122.0824],[473,122.0824],[557,122.6824],[453,122.7224],[387,122.7624],[672,123.0824],[444,123.2824],[360,123.3624],[630,123.4424],[529,123.5624],[359,123.8425],[357,124.2025],[582,124.2825],[699,124.3625],[393,124.4825],[355,124.7225],[361,124.8825],[358,124.9225],[682,125.2025],[395,125.3225],[329,125.4425],[356,125.5625],[690,125.6025],[326,126.0025],[330,126.1225],[662,126.1225],[606,126.2825],[415,126.6025],[328,126.7225],[362,126.9625],[299,127.3225],[324,127.3625],[556,127.5625],[325,127.7225],[472,127.8425],[713,128.2025],[652,128.2825],[354,128.3225],[363,128.4825],[501,128.5625],[331,128.9224],[443,128.9624],[700,129.2423],[581,129.2823],[442,129.3623],[327,129.4023],[332,129.5623],[296,129.8022],[300,129.9622],[500,130.2422],[297,130.4021],[641,130.4421],[294,130.5621],[301,130.6021],[298,130.9621],[295,131.042],[364,131.242],[271,131.482],[267,131.562],[651,131.9219],[269,132.0419],[265,132.0819],[272,132.2018],[266,132.4818],[270,132.6818],[629,132.8417],[268,133.1617],[303,133.1617],[471,133.1617],[241,133.4816],[238,133.8016],[240,133.9216],[528,134.0415],[239,134.4015],[385,134.4415],[243,134.4815],[236,135.0014],[242,135.0414],[671,135.0814],[413,135.2413],[212,135.5613],[293,135.6813],[302,135.8412],[650,136.0012],[214,136.2412],[237,136.2412],[414,136.3611],[210,136.9211],[425,137.001],[701,137.001],[207,137.321],[213,137.481],[527,137.6809],[264,137.8009],[663,137.8409],[333,138.0409],[183,138.3208],[441,138.4408],[209,138.7207],[590,138.8807],[211,139.1207],[181,139.2807],[208,139.3606],[688,139.4406],[605,139.5606],[180,139.8006],[185,139.8806],[157,140.0405],[179,140.1605],[154,140.4405],[182,140.6004],[684,140.7604],[184,141.0404],[155,141.0804],[555,141.2003],[323,141.4003],[156,141.7602],[131,141.8802],[396,142.0002],[152,142.4001],[642,142.4401],[153,142.4801],[273,142.5601],[384,142.8401],[235,143.12],[245,143.16],[628,143.4],[215,143.4799],[322,143.5199],[125,143.7599],[292,144.1198],[244,144.1598],[580,144.1598],[186,144.3998],[262,144.6797],[128,144.7597],[365,144.9197],[565,144.9597],[129,145.1197],[499,145.5196],[151,145.5596],[566,145.6396],[187,145.6796],[103,145.9995],[126,146.3595],[158,146.3595],[274,146.5194],[130,146.6394],[127,146.7594],[159,146.7594],[454,147.1593],[105,147.2393],[383,147.4793],[188,147.5193],[133,147.7592],[178,147.7992],[689,148.1592],[106,148.2791],[455,148.3591],[134,148.3991],[263,148.3991],[100,148.8391],[132,149.079],[304,149.199],[498,149.279],[206,149.319],[101,149.5189],[177,149.6389],[217,149.6789],[81,150.1188],[469,150.1188],[80,150.1988],[412,150.3588],[104,150.8387],[57,150.9187],[512,150.9587],[353,151.3186],[79,151.3986],[275,151.5986],[291,151.6386],[102,151.9585],[216,152.0385],[426,152.5584],[683,152.6384],[352,152.7184],[591,152.7984],[78,152.9584],[189,153.2383],[234,153.3583],[334,153.5183],[233,153.7582],[110,153.8782],[160,153.8782],[77,154.0782],[55,154.5581],[60,154.6781],[176,154.918],[276,154.998],[76,155.198],[58,155.4379],[627,155.7579],[592,155.8379],[54,155.8779],[205,155.9179],[82,156.0778],[107,156.0778],[124,156.5178],[554,156.7177],[19,156.7577],[162,156.9177],[321,157.0777],[75,157.1976],[84,157.4376],[204,157.4776],[669,157.8375],[163,157.9975],[470,158.0775],[34,158.1575],[484,158.3974],[61,158.6374],[108,158.7174],[232,158.8774],[496,159.1173],[59,159.1973],[149,159.1973],[277,159.5173],[9,159.6772],[411,159.6772],[148,159.8772],[62,159.9172],[246,159.9972],[35,160.3971],[83,160.4371],[161,160.4771],[261,160.837],[440,160.877],[22,161.037],[109,161.277],[670,161.3569],[41,161.5169],[99,161.5169],[136,161.7569],[98,161.9968],[382,162.1568],[135,162.1968],[37,162.5567],[351,162.5567],[248,163.0767],[5,163.1167],[40,163.2766],[604,163.4366],[10,163.8765],[52,163.8765],[63,163.9965],[649,164.3964],[18,164.4364],[23,164.5964],[350,164.7564],[11,165.0363],[664,165.1563],[95,165.1963],[85,165.3963],[42,165.5962],[39,165.6362],[553,165.6362],[203,165.8762],[24,166.1561],[111,166.2361],[4,166.3161],[12,166.796],[26,166.796],[319,166.796],[122,166.956],[1,167.4359],[115,167.4759],[38,168.1158],[381,168.1158],[190,168.1558],[150,168.3158],[617,168.5157],[74,168.5957],[86,168.7957],[320,169.0357],[13,169.1556],[202,169.2756],[567,169.3956],[250,169.6356],[44,169.7955],[380,169.9555],[579,170.1155],[427,170.2355],[36,170.3954],[123,170.6754],[147,170.9553],[25,170.9953],[167,170.9953],[56,171.4353],[439,171.6352],[366,171.8752],[91,171.9152],[231,171.9952],[90,172.3551],[289,172.715],[526,172.715],[702,172.715],[45,172.875],[174,172.915],[468,173.3549],[67,173.4349],[175,173.4349],[685,173.7549],[2,173.9148],[53,174.1548],[113,174.1548],[290,174.2348],[168,174.4348],[73,174.5147],[112,174.9947],[410,175.0347],[513,175.1146],[6,175.1946],[257,175.5146],[137,175.5546],[66,175.6346],[145,175.9545],[64,176.2345],[603,176.4344],[686,176.5144],[318,176.5944],[50,176.6744],[7,176.8344],[32,177.1543],[51,177.2743],[525,177.5142],[49,177.5942],[220,177.7942],[287,177.9142],[199,178.1141],[166,178.1541],[65,178.5541],[139,178.674],[467,178.874],[89,178.914],[114,179.3139],[540,179.3539],[230,179.4739],[222,179.5939],[15,179.9138],[342,180.0338],[87,180.1538],[88,180.3138],[20,180.5537],[648,180.6337],[341,180.7537],[259,180.7937],[164,181.1136],[17,181.2336],[195,181.3136],[43,181.6335],[72,181.7535],[552,181.9135],[141,181.9535],[228,181.9935],[173,182.3134],[409,182.3934],[372,182.7134],[310,182.7934],[258,182.9933],[16,183.1133],[221,183.4332],[47,183.6332],[33,183.7132],[288,183.9132],[0,184.1531],[200,184.3131],[309,184.4331],[21,184.753],[193,184.793],[626,185.1929],[8,185.2729],[201,185.4329],[618,185.4729],[223,185.7928],[256,185.8328],[165,185.9528],[497,186.2728],[46,186.4727],[171,186.5527],[305,186.6727],[252,186.9127],[120,186.9926],[224,187.0726],[523,187.4326],[97,187.5126],[140,187.7125],[218,187.7525],[625,187.9925],[520,188.2324],[315,188.2724],[30,188.3124],[121,188.8723],[602,188.9523],[574,188.9923],[404,189.1523],[349,189.3123],[71,189.4322],[116,189.7122],[138,189.7122],[438,189.7122],[598,190.0721],[251,190.3921],[282,190.5121],[70,190.552],[194,190.792],[519,191.112],[68,191.1519],[623,191.2319],[172,191.5919],[547,191.7918],[462,191.8718],[577,192.0318],[260,192.3517],[96,192.4717],[191,192.6317],[406,192.7517],[93,193.1916],[491,193.2316],[578,193.3116],[28,193.5515],[460,193.9115],[403,193.9515],[524,194.0315],[285,194.2714],[340,194.6714],[461,194.7513],[601,194.9113],[624,195.1113],[229,195.1913],[339,195.3512],[459,195.5912],[345,195.7512],[495,196.1111],[219,196.1511],[599,196.2311],[281,196.3511],[346,196.4311],[94,196.871],[397,196.991],[280,197.1109],[466,197.2709],[522,197.4709],[29,197.5509],[335,197.8308],[146,197.9508],[369,198.1508],[433,198.1508],[551,198.1908],[375,198.5107],[278,198.7507],[490,198.7507],[286,199.0706],[371,199.3906],[600,199.4706],[192,199.5505],[31,199.6305],[436,199.7905],[307,200.0704],[402,200.0704],[118,200.3504],[3,200.6703],[550,200.7103],[48,200.8703],[279,200.9903],[437,201.1103],[489,201.2702],[348,201.3502],[576,201.5502],[253,201.9901],[431,202.0701],[379,202.1501],[494,202.2701],[370,202.63],[429,202.71],[197,202.91],[316,203.1099],[430,203.3499],[518,203.3899],[593,203.5099],[464,203.7098],[573,203.9498],[247,203.9898],[255,204.0298],[407,204.4697],[400,204.7097],[308,204.8297],[377,204.8696],[347,205.1096],[546,205.1896],[401,205.3496],[227,205.6295],[647,205.7495],[434,205.9895],[398,206.1094],[376,206.2294],[399,206.2294],[249,206.5494],[119,206.5894],[373,206.7093],[144,207.0293],[493,207.1893],[516,207.3492],[572,207.3892],[575,207.3892],[488,207.7492],[338,208.0291],[571,208.0691],[435,208.2291],[374,208.589],[313,208.629],[344,208.989],[521,209.0689],[457,209.1089],[645,209.2289],[408,209.5089],[621,209.5889],[314,209.7488],[517,209.9488],[543,210.1888],[378,210.3087],[284,210.3487],[336,210.6687],[545,210.7087],[312,211.0286],[465,211.2286],[570,211.3086],[405,211.4285],[486,211.5085],[492,211.7085],[311,211.8285],[368,211.9884],[548,212.0684],[622,212.4684],[283,212.6283],[317,212.7883],[515,212.8283],[668,212.9883],[646,213.1882],[549,213.3482],[14,213.5882],[463,213.9081],[514,214.0281],[343,214.1481],[667,214.2681],[225,214.508],[596,214.508],[597,214.668],[569,214.948],[254,215.3079],[542,215.3079],[428,215.5079],[142,215.6678],[306,215.9078],[143,215.9478],[620,216.0678],[487,216.4277],[169,216.7077],[337,216.7876],[594,216.7876],[117,216.9476],[170,217.2676],[687,217.4275],[643,217.5475],[544,217.7875],[644,218.1874],[198,218.2274],[595,218.3074],[226,218.4274],[666,218.6273],[456,218.9473],[619,219.1872],[432,219.3072],[458,219.3072],[92,219.8671],[541,219.8671],[69,219.9871],[665,220.547],[196,220.587],[485,220.627],[367,221.2669],[568,221.3469],[27,221.6668]

Stuck Times:
[710,1],[715,2],[716,3],[711,0],[709,1],[708,2],[707,2],[694,2],[696,1],[697,2],[695,2],[693,2],[680,2],[679,1],[677,2],[660,2],[678,2],[706,4],[659,2],[657,2],[658,2],[714,6],[676,3],[712,5],[698,5],[637,3],[638,4],[636,3],[635,3],[655,4],[614,4],[656,5],[613,4],[681,7],[589,4],[633,4],[611,5],[675,7],[634,6],[586,5],[612,6],[692,8],[610,6],[615,6],[609,6],[588,7],[661,9],[560,6],[563,6],[674,8],[587,8],[639,9],[585,6],[564,7],[562,8],[584,9],[535,8],[561,8],[640,11],[533,8],[558,8],[534,9],[632,10],[536,7],[506,9],[559,9],[508,7],[505,10],[507,10],[537,10],[476,10],[608,12],[616,14],[509,10],[532,11],[583,12],[538,12],[510,11],[474,11],[479,13],[705,13],[481,13],[531,12],[673,15],[480,12],[504,13],[530,13],[452,12],[539,14],[478,14],[475,13],[450,14],[477,14],[511,14],[704,16],[654,15],[449,15],[482,14],[447,14],[451,16],[445,15],[631,17],[483,16],[448,14],[421,16],[446,15],[503,16],[418,15],[423,16],[691,19],[416,14],[417,16],[422,16],[653,20],[420,17],[386,15],[424,16],[419,18],[391,18],[502,18],[703,19],[390,19],[388,18],[394,19],[607,20],[392,19],[389,20],[473,18],[557,17],[453,19],[387,19],[672,22],[444,18],[360,21],[630,23],[529,19],[359,21],[357,21],[582,20],[699,23],[393,22],[355,21],[361,22],[358,21],[682,25],[395,20],[329,23],[356,21],[690,24],[326,22],[330,22],[662,25],[606,26],[415,23],[328,24],[362,25],[299,24],[324,24],[556,24],[325,24],[472,24],[713,27],[652,29],[354,24],[363,25],[501,25],[331,27],[443,25],[700,27],[581,29],[442,24],[327,26],[332,26],[296,26],[300,26],[500,27],[297,26],[641,30],[294,27],[301,26],[298,26],[295,27],[364,25],[271,25],[267,27],[651,30],[269,27],[265,29],[272,27],[266,29],[270,29],[629,31],[268,28],[303,26],[471,31],[241,28],[238,31],[240,28],[528,31],[239,31],[385,31],[243,29],[236,31],[242,29],[671,35],[413,31],[212,30],[293,31],[302,33],[650,36],[214,30],[237,33],[414,32],[210,33],[425,33],[701,35],[207,33],[213,31],[527,35],[264,33],[663,37],[333,33],[183,34],[441,34],[209,35],[590,34],[211,36],[181,35],[208,35],[688,39],[605,38],[180,34],[185,33],[157,35],[179,34],[154,35],[182,36],[684,39],[184,36],[155,36],[555,38],[323,37],[156,37],[131,36],[396,38],[152,36],[642,43],[153,36],[273,37],[384,40],[235,39],[245,38],[628,44],[215,39],[322,39],[125,38],[292,38],[244,38],[580,42],[186,37],[262,38],[128,39],[365,40],[565,43],[129,40],[499,43],[151,39],[566,43],[187,40],[103,40],[126,41],[158,40],[274,41],[130,40],[127,41],[159,41],[454,44],[105,40],[383,44],[188,41],[133,41],[178,42],[689,47],[106,41],[455,44],[134,42],[263,43],[100,42],[132,43],[304,44],[498,46],[206,42],[101,42],[177,43],[217,41],[81,41],[469,47],[80,42],[412,47],[104,43],[57,42],[512,50],[353,46],[79,43],[275,47],[291,47],[102,46],[216,46],[426,49],[683,53],[352,47],[591,51],[78,45],[189,46],[234,45],[334,48],[233,45],[110,48],[160,49],[77,48],[55,47],[60,47],[176,50],[276,49],[76,48],[58,47],[627,55],[592,54],[54,47],[205,49],[82,49],[107,49],[124,49],[554,54],[19,46],[162,49],[321,51],[75,48],[84,51],[204,50],[669,56],[163,51],[470,56],[34,48],[484,55],[61,52],[108,53],[232,50],[496,56],[59,53],[149,52],[277,52],[9,50],[411,55],[148,51],[62,53],[246,55],[35,51],[83,55],[161,55],[261,54],[440,58],[22,52],[109,54],[670,62],[41,53],[99,54],[136,54],[98,54],[382,57],[135,57],[37,56],[351,55],[248,54],[5,52],[40,56],[604,62],[10,54],[52,53],[63,55],[649,62],[18,56],[23,55],[350,60],[11,52],[664,65],[95,57],[85,58],[42,56],[39,59],[553,63],[203,57],[24,54],[111,57],[4,57],[12,54],[26,54],[319,61],[122,58],[1,58],[115,57],[38,62],[381,60],[190,62],[150,62],[617,67],[74,61],[86,60],[320,64],[13,56],[202,61],[567,68],[250,61],[44,59],[380,64],[579,68],[427,66],[36,63],[123,63],[147,62],[25,57],[167,59],[56,66],[439,68],[366,66],[91,58],[231,65],[90,60],[289,67],[526,71],[702,71],[45,61],[174,65],[468,69],[67,62],[175,64],[685,72],[2,64],[53,64],[113,64],[290,66],[168,61],[73,67],[112,65],[410,69],[513,71],[6,64],[257,70],[137,65],[66,63],[145,70],[64,66],[603,74],[686,74],[318,69],[50,68],[7,68],[32,67],[51,65],[525,74],[49,66],[220,70],[287,71],[199,70],[166,70],[65,66],[139,70],[467,74],[89,69],[114,70],[540,78],[230,73],[222,71],[15,69],[342,71],[87,68],[88,68],[20,74],[648,77],[341,68],[259,74],[164,73],[17,72],[195,67],[43,70],[72,73],[552,78],[141,70],[228,74],[173,76],[409,76],[372,77],[310,72],[258,74],[16,73],[221,73],[47,70],[33,75],[288,75],[0,74],[200,75],[309,79],[21,78],[193,77],[626,84],[8,77],[201,78],[618,84],[223,77],[256,77],[165,77],[497,82],[46,73],[171,79],[305,81],[252,78],[120,80],[224,77],[523,83],[97,80],[140,74],[218,82],[625,84],[520,82],[315,81],[30,75],[121,80],[602,86],[574,85],[404,81],[349,83],[71,82],[116,75],[138,78],[438,82],[598,89],[251,76],[282,78],[70,81],[194,80],[519,85],[68,78],[623,88],[172,84],[547,88],[462,87],[577,88],[260,83],[96,85],[191,80],[406,87],[93,81],[491,87],[578,89],[28,79],[460,87],[403,85],[524,89],[285,86],[340,87],[461,89],[601,89],[624,91],[229,84],[339,87],[459,86],[345,90],[495,89],[219,88],[599,92],[281,88],[346,88],[94,87],[397,92],[280,88],[466,89],[522,97],[29,86],[335,92],[146,92],[369,92],[433,94],[551,95],[375,94],[278,92],[490,94],[286,92],[371,93],[600,96],[192,89],[31,89],[436,93],[307,92],[402,94],[118,91],[3,88],[550,94],[48,87],[279,91],[437,96],[489,96],[348,95],[576,97],[253,85],[431,92],[379,94],[494,95],[370,96],[429,98],[197,88],[316,96],[430,96],[518,98],[593,102],[464,100],[573,99],[247,97],[255,94],[407,99],[400,96],[308,96],[377,98],[347,99],[546,97],[401,98],[227,95],[647,99],[434,98],[398,98],[376,96],[399,98],[249,98],[119,94],[373,94],[144,99],[493,101],[516,100],[572,99],[575,102],[488,96],[338,97],[571,100],[435,101],[374,102],[313,103],[344,98],[521,103],[457,101],[645,101],[408,103],[621,101],[314,101],[517,103],[543,105],[378,102],[284,100],[336,103],[545,103],[312,102],[465,106],[570,105],[405,99],[486,106],[492,104],[311,101],[368,103],[548,105],[622,104],[283,101],[317,104],[515,107],[668,100],[646,102],[549,109],[14,100],[463,105],[514,108],[343,102],[667,106],[225,101],[596,110],[597,108],[569,111],[254,107],[542,111],[428,109],[142,101],[306,109],[143,105],[620,104],[487,109],[169,105],[337,107],[594,113],[117,102],[170,107],[687,108],[643,114],[544,108],[644,116],[198,107],[595,113],[226,103],[666,111],[456,113],[619,114],[432,112],[458,110],[92,107],[541,115],[69,105],[665,116],[196,108],[485,116],[367,112],[568,118],[27,108]

