Experiment Name: Custom-LargeGates2-3
Method Used: FlowField
Run Number: 9
Preparation Time: 0.0002ms
Pathfinding Time: 157.2645ms
Finish Time: 130.7221ms
Finish Time 90%: 124.8425ms
Repaths: 0
Soft Repaths: 0

Gates Data:
11:[346,[10.76106,21.41189,0,[176.999,133.7061]]],[371,[11.34748,21.82395,0,[176.9991,134.4807]]],[372,[11.95428,23.29293,0,[176.999,133.8714]]],[347,[11.41319,22.68777,0,[176.999,133.1987]]],[396,[12.37418,22.93452,0,[176.999,134.5297]]],[323,[11.43051,22.83178,0,[177.9991,131.6815]]],[349,[12.59376,25.07201,0,[177.1169,131.9998]]],[373,[12.61295,24.45184,0,[176.999,133.1388]]],[348,[12.01409,23.85778,0,[176.999,132.6071]]],[324,[12.08998,24.14776,0,[177.9991,130.9872]]],[300,[11.59264,23.17446,0,[177.9991,130.2036]]],[398,[12.99267,24.58389,0,[176.999,134.0202]]],[350,[12.72689,25.3028,0,[177.999,131.6978]]],[399,[13.62678,25.91315,0,[176.999,133.4082]]],[325,[12.73331,25.44119,0,[177.9991,130.2841]]],[375,[13.68704,26.6862,0,[177.3608,131.9997]]],[301,[12.35696,24.69677,0,[177.9991,129.2103]]],[397,[13.5329,23.40887,0,[176.999,134.5978]]],[351,[13.36437,26.63695,0,[177.9991,130.8715]]],[401,[14.15434,26.6111,0,[176.9991,134.3347]]],[374,[13.24344,25.84768,0,[176.9991,132.6703]]],[376,[14.03719,27.07113,0,[177.8631,131.9997]]],[326,[13.43166,26.83431,0,[177.9991,129.3756]]],[352,[13.95408,27.63278,0,[177.9991,130.6769]]],[402,[14.67204,28.08439,0,[176.999,133.3273]]],[422,[14.70176,25.19065,0,[176.999,134.6435]]],[302,[13.11263,26.20254,0,[177.9991,128.2194]]],[400,[14.19244,27.00406,0,[176.999,132.8809]]],[353,[14.46094,28.41522,0,[177.9991,131.1082]]],[426,[15.75473,28.91024,0,[176.999,133.8264]]],[328,[14.49368,28.74557,0,[177.9991,129.3927]]],[327,[14.1437,28.2308,0,[177.9991,128.5192]]],[306,[14.94423,29.11841,0,[177.9991,130.0158]]],[377,[14.98091,28.70101,0,[176.999,132.2008]]],[425,[15.16654,28.11619,0,[176.9991,133.7263]]],[424,[15.476,26.4334,0,[176.999,134.8732]]],[270,[15.45303,30.26116,0,[177.9991,130.2641]]],[303,[13.88093,27.7257,0,[177.9991,127.1965]]],[255,[15.33406,30.42772,0,[177.9991,128.6414]]],[427,[16.3914,29.84891,0,[176.999,133.7465]]],[403,[16.05289,29.40823,0,[176.999,132.7678]]],[271,[16.00805,31.65531,0,[177.9991,129.1136]]],[240,[15.38616,30.62927,0,[177.9991,127.0714]]],[285,[16.37128,31.13017,0,[177.999,129.8954]]],[256,[15.96633,31.71834,0,[177.9991,127.7497]]],[305,[14.78323,29.40651,0,[177.9991,127.757]]],[423,[16.53584,25.92925,0,[176.9991,134.7701]]],[329,[14.96388,28.55074,0,[177.999,131.5121]]],[378,[15.49757,29.10878,0,[176.9991,132.5677]]],[448,[17.29179,28.93964,0,[176.9991,134.6225]]],[257,[16.51016,32.5831,0,[177.9991,127.9846]]],[428,[17.03472,30.5228,0,[176.9991,133.6569]]],[241,[16.00229,31.9437,0,[177.9991,126.2071]]],[242,[16.46101,32.68597,0,[177.9991,126.691]]],[272,[16.82277,32.77341,0,[177.9991,128.7706]]],[218,[15.39944,30.78748,0,[177.9991,125.6295]]],[330,[15.88097,29.95096,0,[177.9991,130.8213]]],[304,[14.66029,29.2727,0,[177.9991,126.2274]]],[405,[17.77916,30.87497,0,[176.999,133.337]]],[258,[17.31297,33.84933,0,[177.999,127.6787]]],[404,[16.76401,30.20118,0,[176.999,132.7253]]],[243,[17.00647,33.66305,0,[177.999,126.8844]]],[449,[18.09733,30.23708,0,[176.9991,134.7615]]],[221,[16.94753,33.64066,0,[177.9991,125.6899]]],[220,[16.50227,32.81524,0,[177.9991,125.1785]]],[381,[17.87678,32.15495,0,[176.999,132.1992]]],[450,[18.36233,31.91535,0,[176.999,132.6182]]],[273,[17.89355,34.29335,0,[177.999,128.0799]]],[286,[17.36554,32.44506,0,[177.999,128.9488]]],[287,[17.99305,33.25451,0,[177.999,129.2323]]],[259,[17.8948,34.93839,0,[177.999,126.9242]]],[447,[18.46658,28.98382,0,[176.9991,133.6357]]],[219,[16.05491,32.09734,0,[177.9991,124.6699]]],[244,[17.57844,34.81664,0,[177.999,126.1555]]],[380,[17.30808,31.22327,0,[176.999,132.1301]]],[379,[16.22023,29.95627,0,[177.5284,131.9998]]],[307,[16.89079,31.75771,0,[177.999,130.1235]]],[289,[18.54452,35.41649,0,[177.999,128.3608]]],[274,[18.46556,35.35289,0,[177.999,127.2651]]],[245,[18.36661,36.14786,0,[177.999,126.0401]]],[451,[19.22438,32.71277,0,[176.999,133.3968]]],[222,[17.5009,34.73072,0,[177.999,125.0723]]],[429,[18.96013,32.64152,0,[176.999,132.4923]]],[223,[18.0732,35.81961,0,[177.999,125.2011]]],[406,[19.63031,32.54134,0,[176.999,132.3209]]],[198,[17.03503,33.87675,0,[177.9991,124.279]]],[463,[18.84718,30.44754,0,[176.999,134.3809]]],[260,[18.90501,36.50054,0,[177.999,126.2802]]],[276,[19.04534,37.23075,0,[177.999,127.3224]]],[288,[18.60033,34.22051,0,[177.999,129.505]]],[308,[17.48815,32.53165,0,[177.999,130.1073]]],[465,[19.84362,32.26817,0,[176.999,133.2723]]],[246,[18.99648,37.27588,0,[177.999,125.1454]]],[200,[18.14794,35.96783,0,[177.999,124.0669]]],[199,[17.47536,34.72136,0,[178.2435,123.9998]]],[331,[18.10345,32.03647,0,[177.999,131.724]]],[357,[18.83098,33.5864,0,[177.999,131.6791]]],[197,[16.10309,32.07959,0,[178.9608,123.9996]]],[262,[19.53904,38.17857,0,[177.999,126.5189]]],[275,[19.11313,35.97255,0,[177.999,128.4535]]],[224,[18.64065,36.86988,0,[177.999,124.478]]],[452,[20.41769,33.34902,0,[176.999,133.6152]]],[261,[19.50575,37.63242,0,[177.999,125.4316]]],[277,[19.61949,38.29998,0,[177.999,127.593]]],[430,[20.24975,33.42822,0,[176.999,132.4225]]],[309,[18.09179,33.29543,0,[177.999,130.4648]]],[177,[17.6656,35.00106,0,[178.999,123.1866]]],[248,[20.1225,38.79189,0,[177.999,126.7351]]],[332,[17.59511,32.84255,0,[177.999,131.2594]]],[225,[19.47209,38.02945,0,[177.999,124.3387]]],[176,[17.12266,34.05519,0,[178.999,123.0556]]],[247,[20.06758,38.2066,0,[177.999,125.6652]]],[290,[19.67608,36.64206,0,[177.999,128.7049]]],[407,[20.90869,33.27138,0,[176.999,132.8276]]],[201,[18.19066,36.12098,0,[178.999,123.6224]]],[461,[19.65053,28.49776,0,[176.999,134.3759]]],[408,[20.75283,33.92205,0,[177.999,131.9326]]],[263,[20.18603,38.58718,0,[177.999,127.8052]]],[249,[20.6577,40.16744,0,[177.999,125.8703]]],[382,[20.1777,32.60427,0,[177.999,131.7283]]],[226,[20.08448,38.95959,0,[177.999,124.5845]]],[227,[20.78146,39.91348,0,[177.999,124.7781]]],[279,[20.76679,40.01979,0,[177.999,127.9523]]],[466,[21.84624,32.80316,0,[176.9991,134.0815]]],[202,[18.7668,37.16388,0,[178.999,123.5843]]],[310,[18.6332,34.45695,0,[177.999,130.6995]]],[383,[22.14541,35.32721,0,[176.999,133.0224]]],[203,[19.43901,38.29017,0,[178.999,123.7606]]],[453,[21.42295,34.70185,0,[176.999,133.3191]]],[264,[20.82424,39.94514,0,[177.999,126.8505]]],[291,[20.2586,37.16363,0,[177.999,128.8875]]],[358,[19.54145,34.57949,0,[177.999,131.5269]]],[204,[20.10003,39.18248,0,[178.999,123.9271]]],[250,[21.27481,41.19472,0,[177.999,125.7754]]],[280,[21.52816,41.10203,0,[177.999,127.7535]]],[175,[16.57512,33.02052,0,[178.9991,122.9882]]],[481,[22.51503,33.51222,0,[176.999,133.8887]]],[278,[21.0027,38.78883,0,[177.999,128.8609]]],[265,[21.40395,40.97455,0,[177.999,126.7656]]],[335,[20.60579,35.78623,0,[177.999,130.8668]]],[464,[20.88914,30.84946,0,[176.9992,134.1842]]],[155,[18.48996,36.44913,0,[178.999,121.4078]]],[228,[21.48068,41.0288,0,[177.999,124.6859]]],[179,[18.80816,37.25266,0,[178.999,122.4522]]],[251,[21.84428,42.34327,0,[177.999,125.719]]],[266,[22.1186,41.85022,0,[177.999,127.3902]]],[431,[21.7781,34.75061,0,[176.999,132.2739]]],[293,[21.58585,39.35378,0,[177.999,128.8054]]],[294,[22.21169,40.17165,0,[177.999,128.4194]]],[311,[19.15678,35.61712,0,[177.999,129.6245]]],[467,[22.87928,34.39505,0,[176.999,132.8525]]],[207,[22.24777,42.63934,0,[177.999,126.2993]]],[359,[22.51492,36.46563,0,[176.999,132.0788]]],[482,[23.28893,34.50455,0,[176.999,133.6823]]],[178,[18.22671,36.26925,0,[178.999,122.5066]]],[384,[22.81606,36.48495,0,[177.7522,131.9998]]],[230,[22.74671,42.35597,0,[177.999,127.1196]]],[205,[20.78056,40.51075,0,[178.8127,123.9998]]],[229,[22.06548,42.09212,0,[177.999,124.5942]]],[180,[19.43329,38.38581,0,[178.999,122.6941]]],[295,[22.3695,40.99901,0,[177.999,129.3949]]],[313,[19.79599,37.44598,0,[177.999,129.7682]]],[184,[22.47224,43.04981,0,[177.999,125.21]]],[137,[22.83847,43.71857,0,[177.999,126.0136]]],[468,[23.5852,35.66503,0,[176.999,132.7104]]],[483,[23.89966,35.93306,0,[176.999,133.603]]],[362,[22.37414,38.24454,0,[177.999,131.2781]]],[420,[19.62953,24.2502,0,[176.999,135.3159]]],[252,[22.86745,42.68484,0,[177.999,128.1233]]],[454,[24.55021,36.0298,0,[176.999,133.2958]]],[206,[21.33727,41.3684,0,[178.999,123.9343]]],[181,[20.1057,39.30314,0,[178.999,122.8524]]],[116,[23.06667,44.80542,0,[177.999,124.9327]]],[138,[23.4538,44.86096,0,[177.999,125.8492]]],[154,[17.67938,35.05348,0,[178.999,122.0681]]],[156,[19.31365,37.38784,0,[178.999,121.6788]]],[208,[23.40471,43.71482,0,[177.999,126.9309]]],[459,[24.32605,27.73464,0,[176.999,134.3383]]],[339,[23.0648,40.47243,0,[177.999,129.051]]],[432,[24.19535,35.75319,0,[176.999,132.5177]]],[314,[21.12498,38.61067,0,[177.999,129.9366]]],[334,[21.64934,35.08601,0,[177.999,131.4927]]],[480,[23.40419,32.88559,0,[176.999,134.7368]]],[281,[23.55925,42.40369,0,[177.999,127.8987]]],[115,[22.72197,43.95525,0,[177.999,124.1257]]],[139,[24.09425,46.21736,0,[177.999,125.5183]]],[231,[24.08409,43.87954,0,[177.999,126.6042]]],[102,[23.71478,45.67503,0,[177.999,124.7743]]],[409,[25.12991,37.08297,0,[176.999,133.0912]]],[182,[20.72559,40.53425,0,[178.999,122.9444]]],[363,[24.79073,40.17053,0,[176.999,132.2529]]],[267,[24.16597,43.11253,0,[177.999,127.6431]]],[315,[21.71514,39.49136,0,[177.999,129.8106]]],[479,[25.72326,32.77626,0,[176.9991,133.6643]]],[118,[24.64057,46.89848,0,[177.999,126.2724]]],[316,[23.68659,40.79057,0,[177.999,128.895]]],[117,[24.35578,46.21524,0,[177.999,124.4629]]],[387,[25.84022,39.5862,0,[176.9991,132.5536]]],[101,[23.07589,44.23824,0,[178.5868,123.9999]]],[161,[24.72072,44.96446,0,[177.999,127.3257]]],[469,[26.37666,36.75258,0,[176.999,133.489]]],[100,[21.90059,42.92136,0,[178.999,123.4156]]],[385,[23.30387,37.02706,0,[177.999,131.7956]]],[478,[24.91672,31.53478,0,[176.999,134.1357]]],[158,[20.56308,39.52802,0,[178.999,121.9501]]],[232,[24.8641,44.61578,0,[177.999,128.3411]]],[119,[25.20537,48.36039,0,[177.999,126.0773]]],[103,[24.76609,46.88882,0,[177.999,125.2002]]],[140,[25.28718,46.97128,0,[177.999,127.1058]]],[390,[25.40181,42.5928,0,[176.999,132.0559]]],[87,[23.46186,44.60553,0,[178.999,123.8759]]],[364,[23.94033,40.18171,0,[177.999,131.601]]],[292,[20.54876,37.82708,0,[177.999,129.7657]]],[386,[26.92607,39.06171,0,[176.999,132.9678]]],[86,[22.54297,43.81778,0,[178.999,123.2871]]],[253,[25.16418,43.9182,0,[177.999,129.1724]]],[474,[26.72143,29.14516,0,[176.9991,134.3726]]],[89,[25.11715,48.1014,0,[177.999,124.1091]]],[105,[25.77766,49.26432,0,[177.999,126.0115]]],[441,[26.03511,27.00189,0,[176.999,134.4574]]],[104,[25.3795,48.36459,0,[177.999,124.999]]],[183,[21.41602,41.58912,0,[178.999,122.8396]]],[162,[25.48113,45.99003,0,[177.999,128.0388]]],[367,[27.51709,44.18758,0,[176.999,132.7138]]],[389,[26.4509,41.93018,0,[176.999,132.3682]]],[296,[24.28393,42.43564,0,[177.999,128.6579]]],[475,[27.29046,30.26474,0,[176.999,133.7673]]],[72,[23.1946,44.80441,0,[178.999,122.9977]]],[141,[25.94076,48.43,0,[177.999,126.9757]]],[88,[24.15551,46.08059,0,[178.999,123.6296]]],[85,[22.22948,42.8819,0,[178.999,122.3659]]],[90,[25.96186,49.17184,0,[177.999,124.9104]]],[185,[25.79199,46.27286,0,[177.999,128.8209]]],[495,[27.89199,34.36679,0,[176.999,133.4979]]],[163,[26.22097,47.53106,0,[177.999,127.8144]]],[343,[25.57434,43.91498,0,[177.9991,131.784]]],[317,[24.58081,41.72056,0,[177.999,129.4823]]],[366,[24.56516,42.38844,0,[177.999,131.369]]],[106,[26.5542,50.14897,0,[177.999,126.6551]]],[131,[17.94108,35.51609,0,[178.999,120.9299]]],[71,[22.83432,44.00356,0,[178.9991,122.044]]],[91,[26.39469,50.06985,0,[177.999,125.6806]]],[75,[25.64166,48.9286,0,[178.2173,123.9998]]],[421,[24.45583,24.81946,0,[176.999,135.3536]]],[120,[26.82108,49.11647,0,[177.999,127.4943]]],[477,[28.56091,31.53666,0,[176.999,133.3103]]],[157,[19.97508,38.46215,0,[178.999,121.8383]]],[476,[28.23082,30.04621,0,[176.999,134.3784]]],[142,[27.3294,49.33565,0,[177.999,127.8875]]],[122,[27.32541,51.50131,0,[177.999,126.7568]]],[318,[24.85976,42.65094,0,[177.999,130.3388]]],[368,[28.13609,45.34125,0,[176.999,132.416]]],[107,[27.0775,51.34926,0,[177.999,125.8553]]],[344,[26.87022,45.29617,0,[177.5894,131.9998]]],[61,[25.86818,49.12271,0,[178.999,123.7209]]],[76,[26.5613,50.07558,0,[177.999,124.5792]]],[299,[28.81915,48.19329,0,[176.999,132.212]]],[186,[26.55817,47.77506,0,[177.999,128.569]]],[187,[26.87968,48.83811,0,[177.999,129.3395]]],[144,[27.97042,51.37809,0,[177.999,127.6817]]],[388,[29.18943,41.03143,0,[176.999,133.0152]]],[121,[27.89998,50.77189,0,[177.999,126.6373]]],[320,[27.91695,45.30094,0,[177.999,131.5709]]],[336,[22.69464,37.48006,0,[177.999,130.1571]]],[60,[25.43306,48.2289,0,[178.999,123.0851]]],[93,[27.74018,52.30975,0,[177.999,125.6702]]],[92,[27.14607,51.30909,0,[177.999,124.7486]]],[58,[23.80262,45.81905,0,[178.999,122.8233]]],[497,[29.71791,35.87353,0,[176.999,133.7707]]],[319,[26.21581,43.67954,0,[177.999,131.4627]]],[108,[28.49528,52.37042,0,[177.999,126.4473]]],[143,[28.18126,50.42821,0,[177.999,128.6187]]],[410,[30.32211,38.80476,0,[176.999,133.1004]]],[94,[28.32566,53.49083,0,[177.999,125.5033]]],[493,[28.97603,32.40356,0,[176.999,134.071]]],[78,[27.77706,52.17816,0,[177.999,124.5779]]],[268,[26.15076,43.96254,0,[177.999,129.5294]]],[31,[26.00209,48.35917,0,[178.999,122.6086]]],[391,[29.81754,44.0933,0,[176.999,132.6885]]],[77,[26.48135,50.24905,0,[178.999,123.9082]]],[57,[23.44552,44.93756,0,[178.999,121.886]]],[123,[28.54611,52.47003,0,[177.999,127.4852]]],[446,[28.11999,28.1367,0,[176.9993,135.4541]]],[489,[30.52277,30.46915,0,[176.999,134.0511]]],[110,[28.95252,54.81382,0,[177.999,125.5514]]],[298,[27.27182,44.2293,0,[177.999,131.8323]]],[159,[21.15303,40.87592,0,[178.999,121.9236]]],[164,[27.49649,48.40219,0,[177.999,128.8777]]],[412,[30.92011,41.31264,0,[176.999,132.8928]]],[63,[28.37857,52.72669,0,[177.999,124.4314]]],[109,[29.05758,53.58207,0,[177.999,126.6463]]],[254,[26.47464,45.98441,0,[177.999,130.3304]]],[416,[30.55379,45.14416,0,[176.999,132.0487]]],[145,[28.78045,52.39885,0,[177.999,128.3479]]],[209,[29.10537,49.07262,0,[177.6041,131.9999]]],[62,[27.06807,50.43253,0,[178.999,123.8794]]],[79,[28.94841,53.82851,0,[177.999,124.4607]]],[95,[29.52195,54.96264,0,[177.999,125.4943]]],[210,[28.52127,49.23475,0,[177.999,131.2955]]],[73,[24.42474,46.1663,0,[178.999,122.5732]]],[212,[29.5198,51.59968,0,[177.999,131.764]]],[124,[29.26471,53.77074,0,[177.999,127.6385]]],[473,[31.88053,29.92779,0,[176.999,133.8268]]],[48,[27.64369,51.44468,0,[178.999,123.7083]]],[166,[28.48783,50.74896,0,[177.999,129.4386]]],[494,[31.1567,33.77827,0,[176.999,133.9004]]],[74,[24.86816,47.26213,0,[178.999,123.2081]]],[146,[29.59168,53.65293,0,[177.999,128.5677]]],[342,[25.17512,42.82503,0,[177.999,131.155]]],[414,[31.29615,43.66362,0,[177.6595,131.9998]]],[125,[29.62702,55.03984,0,[177.999,126.527]]],[80,[29.6848,54.75473,0,[177.999,124.4183]]],[338,[23.31716,39.26477,0,[177.999,129.9446]]],[147,[29.8401,55.00754,0,[177.999,127.461]]],[496,[31.57822,35.70438,0,[176.999,132.9813]]],[64,[28.23198,52.99885,0,[178.999,123.6677]]],[484,[32.13756,39.02942,0,[176.999,132.4182]]],[43,[24.91355,46.3613,0,[178.999,121.7394]]],[46,[26.67294,49.47728,0,[178.999,122.7876]]],[167,[29.07046,51.58345,0,[177.999,129.1425]]],[96,[30.10047,56.12244,0,[177.999,125.4642]]],[126,[30.23577,56.08507,0,[177.999,126.463]]],[190,[28.81274,51.75141,0,[177.999,130.2219]]],[112,[30.96244,57.46597,0,[177.999,127.7785]]],[392,[30.58936,44.86337,0,[177.999,131.8716]]],[460,[30.523,28.85983,0,[176.9991,135.0232]]],[160,[21.79163,42.03954,0,[178.9991,121.791]]],[312,[20.06026,36.28816,0,[177.999,130.6444]]],[49,[28.79922,52.67474,0,[178.999,123.6657]]],[488,[33.19127,31.37762,0,[176.999,133.0717]]],[491,[32.46449,32.42737,0,[176.999,133.2968]]],[33,[28.02521,50.94542,0,[178.999,122.7035]]],[492,[32.83791,34.15312,0,[176.999,132.3155]]],[66,[30.68165,56.31854,0,[177.999,125.2421]]],[148,[30.61588,56.10581,0,[177.999,127.0833]]],[127,[30.21815,57.37649,0,[177.999,128.1004]]],[65,[30.38671,55.20922,0,[177.999,124.341]]],[193,[31.11921,56.37604,0,[177.999,128.7778]]],[45,[25.50977,48.10991,0,[178.9991,121.9852]]],[504,[33.8611,32.85336,0,[176.999,132.7288]]],[393,[31.64495,47.35229,0,[177.999,131.431]]],[487,[33.53454,29.82542,0,[176.999,133.8511]]],[36,[31.03468,55.44685,0,[177.999,124.1938]]],[341,[24.24592,41.58883,0,[177.999,130.5666]]],[23,[29.29559,53.14699,0,[178.999,122.8495]]],[81,[30.98238,56.31187,0,[177.999,125.9948]]],[111,[31.40016,56.23871,0,[177.999,126.657]]],[472,[32.82352,28.59691,0,[176.999,134.124]]],[42,[24.05622,45.01012,0,[178.999,121.7112]]],[50,[29.63488,53.96799,0,[178.999,123.5925]]],[502,[34.19039,31.36528,0,[176.9991,133.7721]]],[433,[32.20798,40.92085,0,[177.999,131.4563]]],[170,[29.95357,54.93193,0,[177.999,129.3116]]],[44,[26.50625,47.26545,0,[178.999,121.7535]]],[4,[30.40652,53.54033,0,[178.999,123.3365]]],[51,[31.54469,56.69014,0,[177.999,124.6208]]],[52,[31.8068,57.97726,0,[177.999,125.4959]]],[165,[27.85158,50.07487,0,[177.999,129.6587]]],[490,[33.48864,33.55629,0,[176.999,132.0131]]],[128,[31.53753,59.46882,0,[177.999,127.6845]]],[27,[30.04386,45.40099,0,[178.999,122.6304]]],[153,[17.1303,34.15892,0,[178.999,121.949]]],[517,[34.87161,33.08202,0,[176.9991,133.2715]]],[34,[28.62379,52.05825,0,[178.999,122.7032]]],[37,[32.19747,57.33027,0,[177.999,124.4904]]],[98,[32.62323,59.99538,0,[177.999,126.1897]]],[82,[32.58346,57.85644,0,[177.999,125.1254]]],[503,[34.54505,33.85215,0,[176.999,132.5034]]],[97,[32.04809,58.22812,0,[177.999,126.4026]]],[457,[35.64496,27.47035,0,[176.999,134.1314]]],[172,[31.84249,59.10954,0,[177.999,128.5578]]],[462,[33.04359,30.69655,0,[176.9991,135.1188]]],[540,[35.45352,36.11724,0,[176.999,133.1639]]],[70,[22.40629,43.10229,0,[178.999,121.1481]]],[284,[27.26322,46.91908,0,[177.999,130.0057]]],[113,[33.29488,60.20365,0,[177.999,126.0181]]],[13,[31.05482,54.7225,0,[178.999,123.7048]]],[25,[32.40723,57.17701,0,[178.6756,123.9999]]],[150,[32.82518,60.22079,0,[177.999,127.1196]]],[149,[30.55529,57.32272,0,[177.999,128.8372]]],[456,[36.07247,30.30846,0,[176.999,133.0979]]],[69,[32.91952,60.60049,0,[178.8183,123.9997]]],[443,[35.63435,28.03023,0,[176.9991,135.1632]]],[442,[34.82089,26.9908,0,[176.9991,134.3902]]],[35,[29.73124,53.48071,0,[178.999,121.875]]],[171,[32.13583,57.86447,0,[177.999,127.4566]]],[216,[32.48635,57.68001,0,[177.999,128.2257]]],[194,[33.76354,60.15224,0,[177.9991,126.4796]]],[505,[33.70733,33.81039,0,[177.9991,131.9789]]],[169,[30.35362,53.7295,0,[177.999,129.9513]]],[24,[31.69475,56.06967,0,[178.999,123.6141]]],[533,[35.86004,37.55837,0,[176.999,132.1446]]],[5,[31.4838,55.3248,0,[178.999,122.6769]]],[191,[30.8971,54.62063,0,[177.999,130.0288]]],[213,[31.46145,54.75741,0,[177.999,129.5326]]],[67,[33.15147,59.14499,0,[177.999,124.9667]]],[41,[24.65238,44.14317,0,[178.999,120.8522]]],[192,[29.76303,54.46562,0,[177.999,130.6738]]],[238,[32.82532,58.20547,0,[177.999,129.0341]]],[239,[33.78101,60.95612,0,[177.9991,127.5832]]],[8,[30.88243,48.63096,0,[178.999,122.5566]]],[519,[35.21846,35.57685,0,[176.999,132.2016]]],[21,[29.11272,51.14415,0,[178.999,121.8725]]],[444,[36.82321,29.10955,0,[176.9991,134.1121]]],[458,[36.6353,30.37687,0,[176.999,133.1457]]],[83,[33.71939,61.18589,0,[177.999,125.0946]]],[14,[32.2472,56.12519,0,[178.999,122.9064]]],[215,[33.15652,57.5018,0,[177.999,127.8905]]],[26,[32.91234,57.69836,0,[178.999,122.9258]]],[195,[34.41268,63.44516,0,[177.9991,125.6466]]],[282,[25.4465,42.75456,0,[177.999,130.0225]]],[235,[32.20643,54.83779,0,[177.999,129.3265]]],[486,[37.7355,32.81087,0,[176.999,133.4668]]],[214,[34.37929,59.74146,0,[177.999,126.7636]]],[530,[36.44604,37.06749,0,[176.999,132.007]]],[47,[27.32365,50.31297,0,[178.999,122.7853]]],[132,[19.12815,36.85915,0,[178.999,120.7089]]],[1,[32.04251,50.37582,0,[178.999,121.9067]]],[114,[34.3853,63.23207,0,[177.999,124.564]]],[68,[33.57405,58.87888,0,[178.6461,123.9999]]],[369,[35.18126,53.43811,0,[177.9991,125.7615]]],[445,[37.34994,29.25505,0,[176.9991,134.7528]]],[355,[16.44664,30.11502,0,[177.999,131.2654]]],[370,[38.1376,21.56312,0,[176.9991,134.5151]]],[419,[37.26371,26.54164,0,[176.999,132.9906]]],[510,[33.49442,37.66342,0,[177.999,130.0039]]],[236,[33.43113,57.23342,0,[177.999,128.8961]]],[53,[33.65556,58.31939,0,[178.999,122.9513]]],[395,[38.40639,25.51482,0,[176.9991,133.2592]]],[151,[34.61227,63.84945,0,[178.9991,123.8896]]],[415,[34.07037,46.7623,0,[177.9991,128.431]]],[237,[35.09413,62.02346,0,[177.9991,124.6585]]],[84,[34.01251,63.48988,0,[178.999,123.7095]]],[6,[32.75051,57.46256,0,[178.999,121.932]]],[234,[31.78191,53.47666,0,[177.999,130.3194]]],[418,[38.08364,30.10653,0,[176.9991,132.3994]]],[511,[34.69306,40.27362,0,[177.9991,128.4696]]],[56,[23.82444,44.09856,0,[178.999,120.7851]]],[498,[34.80254,42.68225,0,[177.9991,127.2911]]],[507,[34.1006,37.20615,0,[177.9991,129.6604]]],[217,[35.31695,65.06864,0,[178.9991,123.5217]]],[394,[39.7409,27.24797,0,[176.999,134.318]]],[471,[38.88044,29.67867,0,[176.999,134.5274]]],[514,[35.47485,45.22592,0,[177.9991,126.5944]]],[523,[35.47277,40.30306,0,[177.9991,129.0365]]],[0,[34.1535,49.82978,0,[178.999,122.1255]]],[20,[28.43384,50.23944,0,[178.999,121.7554]]],[500,[39.76469,35.34484,0,[176.999,133.0288]]],[3,[33.41048,53.22737,0,[178.999,121.9939]]],[525,[36.15448,43.82035,0,[177.9991,127.447]]],[499,[35.95801,47.44642,0,[177.9991,125.2475]]],[321,[35.8846,56.61012,0,[177.9991,124.2083]]],[524,[35.44229,41.54353,0,[177.9991,127.8555]]],[345,[32.34115,49.72615,0,[177.999,130.3552]]],[411,[32.92574,42.71409,0,[177.999,130.0804]]],[528,[40.40848,38.64325,0,[176.9991,133.3182]]],[534,[35.6096,39.59384,0,[177.9991,130.138]]],[32,[27.785,49.63392,0,[178.999,121.7988]]],[440,[39.0447,30.36968,0,[176.9991,133.293]]],[54,[34.58826,61.92844,0,[178.9991,122.686]]],[538,[37.02182,46.18509,0,[177.9991,128.3887]]],[512,[36.21239,44.79696,0,[177.9991,126.1768]]],[537,[37.01531,47.49317,0,[177.9991,125.6566]]],[40,[31.41636,43.4739,0,[178.999,121.617]]],[413,[36.79697,51.24527,0,[177.9991,124.6169]]],[543,[40.63828,44.62835,0,[177.4008,131.9996]]],[536,[36.22401,43.19526,0,[177.9991,128.6295]]],[542,[37.92367,42.55561,0,[177.9991,128.4646]]],[546,[36.30725,43.24091,0,[177.9991,129.8428]]],[513,[37.03735,45.58477,0,[177.9991,127.0312]]],[130,[17.3144,34.36809,0,[178.999,120.8523]]],[269,[27.58004,46.82745,0,[177.999,130.7956]]],[470,[41.0295,32.25177,0,[176.9991,133.7056]]],[550,[37.7355,43.57489,0,[177.9991,130.0108]]],[417,[35.99489,54.7082,0,[178.999,123.6444]]],[438,[36.71261,53.65968,0,[178.9991,123.299]]],[436,[37.80346,52.79649,0,[177.9991,125.474]]],[544,[37.08399,43.35007,0,[177.9991,129.6773]]],[15,[34.63055,58.64499,0,[178.999,121.0539]]],[129,[35.2602,65.06123,0,[178.9991,122.4582]]],[539,[39.74503,42.05505,0,[177.7356,131.9998]]],[527,[37.85583,49.03297,0,[177.9991,127.0241]]],[12,[30.51128,52.2324,0,[178.999,121.7835]]],[211,[30.26669,51.92582,0,[177.999,131.0674]]],[545,[38.72115,46.76558,0,[177.9991,127.7403]]],[39,[35.92467,62.26177,0,[178.9991,121.1091]]],[526,[37.60975,48.32779,0,[177.9991,124.0683]]],[173,[36.01901,65.41705,0,[178.999,122.2549]]],[30,[27.1213,47.19753,0,[178.999,121.8041]]],[522,[34.93575,37.81923,0,[177.9991,130.5286]]],[547,[38.70663,48.48115,0,[177.9991,126.2427]]],[134,[20.47061,39.13523,0,[178.999,120.8858]]],[16,[32.58841,46.7073,0,[178.999,120.9352]]],[549,[39.22137,45.35535,0,[177.9991,129.5535]]],[439,[37.56531,55.4721,0,[178.9991,122.6455]]],[19,[28.21744,48.72937,0,[178.999,120.8228]]],[59,[26.09665,47.91026,0,[178.999,120.9359]]],[434,[38.65588,52.72131,0,[177.9991,124.7691]]],[520,[34.13035,36.40245,0,[177.9991,130.8178]]],[133,[19.85832,37.99614,0,[178.999,120.8264]]],[552,[38.52187,46.46371,0,[177.9991,129.4577]]],[18,[28.91059,48.08389,0,[178.999,120.9014]]],[531,[37.0578,39.01168,0,[177.9991,131.0375]]],[99,[36.7774,64.0914,0,[178.9991,121.7144]]],[9,[29.54192,49.1782,0,[178.999,120.9081]]],[554,[39.51159,50.94412,0,[177.9991,126.0613]]],[435,[37.94963,51.82769,0,[178.9992,123.9048]]],[22,[30.24723,52.67324,0,[178.999,120.8563]]],[11,[31.95325,51.82934,0,[178.999,120.85]]],[189,[29.15427,51.14658,0,[177.999,130.9972]]],[455,[38.48808,33.46605,0,[177.9991,130.9529]]],[136,[21.80172,41.7322,0,[178.999,120.7016]]],[529,[39.21384,39.25214,0,[177.9991,131.0127]]],[135,[21.06944,40.49629,0,[178.999,120.8633]]],[541,[37.80625,40.80104,0,[177.9991,131.3303]]],[437,[39.48981,52.61189,0,[177.9991,124.3949]]],[7,[33.31982,48.12419,0,[178.999,120.9081]]],[521,[35.14148,36.7874,0,[177.999,131.4589]]],[2,[33.98731,52.7518,0,[178.9991,120.9984]]],[508,[32.81582,35.62404,0,[177.999,131.2275]]],[553,[39.41711,49.74081,0,[177.9991,127.8098]]],[29,[25.36816,46.41506,0,[178.999,120.8914]]],[516,[36.89487,35.66397,0,[177.2423,131.9997]]],[17,[27.55081,46.71307,0,[178.999,120.8676]]],[532,[36.40729,39.31021,0,[177.9991,131.0319]]],[515,[39.35411,37.81516,0,[176.9991,132.0012]]],[196,[15.58602,31.16511,0,[178.9991,123.7541]]],[38,[35.14561,58.60071,0,[178.9991,121.4051]]],[485,[38.65142,34.87032,0,[177.1607,131.9996]]],[551,[40.03886,49.51072,0,[177.9991,128.3891]]],[337,[21.17674,37.48143,0,[177.999,131.0289]]],[501,[37.39469,35.73808,0,[177.4512,131.9997]]],[174,[16.13358,32.25648,0,[178.9991,122.3732]]],[506,[33.43191,34.92376,0,[177.999,131.1529]]],[55,[23.12616,42.96081,0,[178.999,120.9341]]],[518,[34.41651,35.1572,0,[177.9991,131.6487]]],[28,[26.94598,45.38481,0,[178.9991,120.7633]]],[548,[40.03404,45.52732,0,[177.999,130.6689]]],[283,[26.8843,44.45298,0,[177.999,130.9757]]],[356,[17.02846,31.02629,0,[177.999,131.2337]]],[233,[31.10668,51.27483,0,[177.999,130.9578]]],[365,[23.60976,41.3707,0,[177.999,130.7944]]],[297,[25.85261,42.78754,0,[177.9991,130.6296]]],[354,[15.45144,28.77352,0,[177.9991,131.8867]]],[152,[16.62054,33.2091,0,[178.9991,121.3647]]],[10,[31.05255,50.49781,0,[178.999,120.8956]]],[333,[19.24829,34.34953,0,[177.999,130.693]]],[188,[28.1742,50.03505,0,[177.999,130.4746]]],[360,[22.07724,37.07344,0,[177.999,130.4763]]],[361,[22.99576,37.99319,0,[177.999,130.9527]]],[340,[23.94783,40.76568,0,[177.999,129.7485]]],[509,[34.73618,38.47021,0,[177.9991,129.6007]]],[168,[29.40764,53.12772,0,[177.999,129.9217]]],[535,[35.77197,39.91489,0,[177.9991,131.2361]]]
7:[346,[36.88858,73.57245,0,[134.1433,156.0009]]],[371,[35.29122,69.46943,0,[136.8816,154.0009]]],[372,[37.19966,73.59924,0,[135.2569,155.0009]]],[347,[38.83442,77.48616,0,[132.5337,157.0009]]],[396,[36.10938,69.90788,0,[137.5138,154.0009]]],[373,[38.76535,76.63445,0,[134.9996,156.4147]]],[348,[39.05678,77.8741,0,[133.3391,156.0009]]],[398,[36.32817,70.84475,0,[138.2045,153.0009]]],[322,[40.08014,80.09222,0,[131.0439,157.0009]]],[399,[40.08285,78.75263,0,[133.4684,156.0009]]],[397,[37.80635,70.88665,0,[137.2942,154.0009]]],[401,[38.77314,75.1361,0,[136.1655,154.0009]]],[374,[41.43574,82.17548,0,[131.3631,157.0009]]],[402,[40.14557,78.68987,0,[135.043,155.0009]]],[422,[37.94503,70.86154,0,[138.3293,153.0009]]],[400,[41.97577,82.4171,0,[132.2083,157.0009]]],[426,[41.6099,80.41789,0,[134.1039,156.0009]]],[425,[42.92738,83.31748,0,[131.8711,157.0009]]],[424,[39.64581,73.21826,0,[137.4097,154.0009]]],[427,[40.8833,78.63249,0,[136.0876,154.0009]]],[403,[42.67664,82.4967,0,[133.7261,156.0009]]],[423,[39.7812,71.56213,0,[138.4175,153.0009]]],[378,[43.97921,85.91,0,[131.1785,157.0009]]],[448,[41.27519,76.2302,0,[137.1123,154.0009]]],[428,[43.45069,82.98693,0,[133.3543,156.0009]]],[405,[42.95667,80.70279,0,[135.4582,155.0009]]],[404,[44.69733,85.97113,0,[131.2153,157.0009]]],[449,[41.02334,75.52044,0,[138.7731,153.001]]],[381,[45.30577,86.94355,0,[132.3814,157.0009]]],[450,[44.38562,83.66381,0,[134.5714,156.0009]]],[447,[42.42911,76.18258,0,[137.4718,154.0009]]],[380,[46.37888,89.26785,0,[130.4672,158.001]]],[379,[46.84025,91.10414,0,[128.8569,159.001]]],[451,[43.53471,80.86285,0,[136.729,154.0009]]],[429,[46.38128,87.40249,0,[131.9951,157.0009]]],[406,[45.6759,84.46346,0,[134.2696,156.0009]]],[463,[41.8204,74.34928,0,[139.0932,152.001]]],[465,[43.15717,77.83788,0,[138.5471,153.0009]]],[331,[48.38262,92.4632,0,[129.5872,159.001]]],[357,[47.28388,90.35472,0,[131.6874,157.0009]]],[452,[44.72134,81.50848,0,[136.7348,154.0009]]],[430,[46.77155,86.30835,0,[133.6521,156.0009]]],[332,[48.96478,95.49123,0,[128.7616,159.001]]],[407,[45.53259,82.2681,0,[136.1421,154.0009]]],[461,[43.39865,72.78818,0,[139.0075,152.001]]],[408,[47.87408,87.83254,0,[133.5763,156.0009]]],[382,[48.60714,89.38215,0,[131.3879,157.0009]]],[466,[46.34018,80.74077,0,[136.4042,154.0009]]],[383,[47.74845,85.76364,0,[135.0024,155.0009]]],[453,[44.75879,80.9268,0,[138.1979,153.0009]]],[358,[50.06322,95.56177,0,[129.1476,159.001]]],[481,[46.07178,79.31334,0,[138.1178,153.0009]]],[335,[51.17212,96.85311,0,[129.3304,159.001]]],[464,[44.78148,74.62831,0,[139.2375,152.001]]],[431,[49.79032,90.55419,0,[131.6511,157.0009]]],[467,[49.24292,86.77604,0,[133.7383,156.0009]]],[359,[51.33704,93.88136,0,[130.3173,158.0009]]],[482,[47.50391,82.44613,0,[136.681,154.0009]]],[384,[50.77702,92.14742,0,[132.4034,157.0009]]],[468,[49.01355,86.04579,0,[135.4161,155.0009]]],[483,[48.08008,83.29102,0,[137.4745,154.0009]]],[362,[52.1604,97.60504,0,[130.3652,158.001]]],[420,[46.20074,68.38802,0,[139.1078,152.001]]],[454,[50.51077,87.72969,0,[134.1867,156.0009]]],[459,[49.09404,75.36459,0,[136.7341,154.0009]]],[432,[51.71278,90.65733,0,[132.1963,157.0009]]],[334,[52.84396,97.34126,0,[128.7455,159.001]]],[480,[47.31639,76.74707,0,[139.2961,152.001]]],[409,[51.27196,89.04609,0,[134.2512,156.0009]]],[363,[52.55623,95.56927,0,[131.9002,157.0009]]],[479,[50.06562,81.01985,0,[136.8243,154.001]]],[387,[52.41547,92.44455,0,[133.4824,156.0009]]],[469,[50.85535,85.13716,0,[136.171,154.0009]]],[385,[53.64998,97.53611,0,[129.5872,159.001]]],[478,[48.59217,76.99632,0,[138.5987,153.001]]],[390,[53.55423,98.80574,0,[131.2678,157.0009]]],[364,[54.5999,101.4079,0,[129.1371,159.001]]],[386,[52.89153,90.653,0,[134.4702,156.0009]]],[474,[50.07805,74.35926,0,[138.6133,153.0009]]],[441,[48.75377,70.98998,0,[139.0457,152.001]]],[367,[53.85289,96.70695,0,[133.8198,156.0009]]],[389,[54.0752,96.98643,0,[132.1328,157.0009]]],[475,[51.44363,77.61227,0,[137.0612,154.0009]]],[495,[52.36156,82.69421,0,[136.2703,154.0009]]],[343,[55.50713,103.3331,0,[130.2734,158.001]]],[366,[55.88147,104.8867,0,[128.7618,159.001]]],[421,[50.6501,69.3375,0,[139.1022,152.001]]],[477,[54.58031,83.39471,0,[134.1457,156.0009]]],[476,[52.50342,76.95586,0,[137.6412,154.0009]]],[368,[55.91248,100.7059,0,[131.7294,157.0009]]],[344,[55.08661,101.6079,0,[132.0009,157.001]]],[299,[55.62741,101.3439,0,[133.5296,156.0009]]],[388,[53.49802,89.36931,0,[136.676,154.0009]]],[320,[57.49205,104.1152,0,[130.677,158.001]]],[497,[54.28619,84.42863,0,[136.0994,154.0009]]],[319,[57.11248,105.3307,0,[129.4286,159.001]]],[410,[55.62854,88.89178,0,[135.1383,155.0009]]],[493,[51.91001,76.34349,0,[139.1699,152.001]]],[391,[57.07704,98.44699,0,[132.5149,157.0009]]],[446,[53.29319,73.96124,0,[138.3404,153.001]]],[489,[54.5682,77.29558,0,[137.4107,154.0009]]],[298,[57.96209,105.495,0,[128.9542,159.001]]],[412,[55.49419,90.08941,0,[136.6921,154.0009]]],[416,[57.28375,98.47631,0,[133.6647,156.0009]]],[209,[58.32599,107.3596,0,[130.4323,158.0009]]],[210,[59.75312,111.5242,0,[128.9358,159.001]]],[212,[58.65264,109.5985,0,[131.0108,157.0009]]],[473,[56.88229,79.1415,0,[135.5177,155.0009]]],[494,[54.60454,79.13353,0,[138.6513,153.001]]],[414,[59.54594,100.0545,0,[131.4335,157.0009]]],[496,[58.08175,88.2711,0,[133.0318,156.0009]]],[484,[58.68594,91.58683,0,[133.7012,156.0009]]],[392,[61.16406,105.9133,0,[129.2338,159.001]]],[460,[55.46611,74.21091,0,[138.2474,153.0009]]],[488,[58.33279,81.38076,0,[135.5351,155.0009]]],[491,[56.92616,80.66719,0,[136.5538,154.001]]],[492,[59.64957,87.61207,0,[133.0616,156.0009]]],[504,[60.06963,85.11571,0,[134.127,156.0009]]],[393,[61.12124,106.1945,0,[130.4511,158.001]]],[487,[56.98796,75.66786,0,[138.1064,153.0009]]],[472,[56.22647,73.93084,0,[138.5457,153.001]]],[502,[58.4631,79.39886,0,[136.7475,154.0009]]],[433,[62.67842,101.7714,0,[129.6129,159.001]]],[490,[61.36518,89.15047,0,[132.0679,157.0009]]],[517,[59.39411,81.96001,0,[136.0398,154.0009]]],[503,[61.28592,87.2048,0,[133.6526,156.0009]]],[457,[60.03371,75.8248,0,[136.2522,154.0009]]],[462,[57.98328,75.99313,0,[138.7498,153.001]]],[540,[62.77731,90.66508,0,[132.1819,157.0009]]],[456,[61.99476,81.77548,0,[134.5732,156.0009]]],[443,[59.58744,73.97856,0,[138.1987,153.001]]],[442,[58.82288,72.54697,0,[138.1127,153.0009]]],[505,[63.56853,93.44017,0,[130.0028,158.0009]]],[533,[62.82167,91.38564,0,[133.2328,156.0009]]],[519,[64.30798,93.70985,0,[130.5318,158.0009]]],[444,[61.01035,76.98083,0,[137.0087,154.0009]]],[458,[62.31477,81.39476,0,[135.2653,155.0009]]],[486,[63.14329,83.42142,0,[135.0277,155.0009]]],[530,[64.78039,93.68447,0,[131.0189,157.0009]]],[445,[60.93923,75.10544,0,[138.4241,153.001]]],[370,[62.28922,69.04327,0,[137.3694,154.0009]]],[419,[65.02077,81.71664,0,[132.4448,157.0009]]],[395,[64.60432,77.69987,0,[134.4229,156.0009]]],[418,[65.9567,85.73251,0,[132.4398,157.0009]]],[394,[63.10558,73.09439,0,[138.336,153.0009]]],[471,[63.14471,77.60265,0,[137.0095,154.0009]]],[500,[65.81664,87.38342,0,[134.1365,156.0009]]],[528,[64.67417,86.72919,0,[136.7039,154.0009]]],[440,[66.91431,85.98873,0,[131.8645,157.0009]]],[543,[65.70855,94.50516,0,[136.0945,154.0009]]],[470,[64.48226,78.31792,0,[138.3752,153.0009]]],[539,[67.04782,96.61234,0,[133.3501,156.0009]]]
5:[346,[69.71088,138.7203,0,[91.99908,190.5961]]],[371,[70.21586,139.0799,0,[91.99908,191.6842]]],[372,[70.91237,140.9018,0,[91.99908,192.2791]]],[347,[71.33345,141.0489,0,[91.99908,190.3409]]],[396,[71.40244,140.407,0,[91.99908,193.7301]]],[373,[72.17674,143.3095,0,[91.99908,191.8586]]],[348,[72.19749,142.8702,0,[91.99909,190.1142]]],[398,[72.47908,143.0586,0,[91.99905,194.5983]]],[322,[72.65396,144.0618,0,[91.99906,192.8362]]],[399,[72.93441,143.4263,0,[91.99908,190.4123]]],[397,[73.39543,141.858,0,[91.99908,193.6895]]],[401,[73.56539,144.1869,0,[91.99908,191.8218]]],[374,[73.44977,145.0971,0,[92.70335,189.9996]]],[402,[74.28848,146.6307,0,[91.99908,192.2141]]],[422,[74.1908,143.109,0,[91.99905,194.2057]]],[400,[74.4072,145.8453,0,[91.99908,190.476]]],[426,[74.87965,146.6237,0,[91.99905,192.7603]]],[425,[75.22103,146.7713,0,[91.9991,190.159]]],[424,[75.19694,144.1624,0,[91.99906,195.0307]]],[427,[75.63515,147.8259,0,[91.99907,193.2184]]],[403,[75.80582,147.865,0,[91.99908,191.4235]]],[423,[76.20448,144.2907,0,[91.99907,195.3963]]],[378,[76.09678,148.3468,0,[92.68497,189.9996]]],[448,[76.48441,146.43,0,[91.99908,193.5086]]],[428,[76.76418,149.1843,0,[91.99908,191.6098]]],[405,[77.32595,148.9778,0,[91.99906,193.5519]]],[404,[76.76604,148.9323,0,[92.99911,189.9173]]],[449,[77.39038,148.1585,0,[91.99908,195.2807]]],[381,[77.74266,150.4353,0,[91.99908,190.5645]]],[450,[77.98515,150.1131,0,[91.99907,191.9206]]],[447,[78.07034,147.3163,0,[91.99904,195.6404]]],[380,[78.42777,152.6422,0,[91.99905,193.0492]]],[379,[78.06928,151.0917,0,[92.99909,189.9796]]],[451,[78.80411,150.9255,0,[91.99905,194.303]]],[429,[79.03188,150.8635,0,[91.99908,190.9535]]],[406,[79.25014,151.2062,0,[91.99907,192.4818]]],[463,[79.27129,149.0191,0,[91.99905,195.5192]]],[465,[79.67181,150.392,0,[91.99906,193.7592]]],[331,[79.45614,152.5971,0,[92.84088,189.9996]]],[357,[80.03645,155.181,0,[91.99908,191.1629]]],[452,[80.20914,151.8748,0,[91.99906,194.7231]]],[430,[80.45919,152.7697,0,[91.99907,192.7387]]],[332,[80.22662,156.0974,0,[92.99912,189.5312]]],[407,[81.07613,153.1753,0,[91.99907,193.4837]]],[461,[80.84489,147.5889,0,[91.99905,195.6071]]],[408,[81.24392,153.8814,0,[91.99908,191.6554]]],[382,[81.19199,152.6932,0,[91.99909,190.1306]]],[466,[81.60196,150.618,0,[91.99906,194.3388]]],[383,[81.90676,153.2458,0,[91.99907,192.4115]]],[453,[81.7625,154.8513,0,[91.99905,196.1248]]],[358,[81.52025,156.1465,0,[92.99911,189.6486]]],[481,[82.49804,151.3649,0,[91.99908,193.3753]]],[335,[82.47833,157.9192,0,[91.99909,190.3577]]],[464,[82.56942,149.4754,0,[91.99906,194.9791]]],[431,[82.75554,155.2628,0,[91.99908,191.6025]]],[467,[83.23434,154.0833,0,[91.99908,193.4367]]],[359,[82.79276,155.0091,0,[92.99912,189.9208]]],[482,[83.14387,153.4112,0,[91.99905,195.7372]]],[384,[83.49344,156.7887,0,[91.99908,191.652]]],[468,[83.911,154.9133,0,[91.99904,193.6346]]],[483,[84.01677,154.9738,0,[91.99905,195.388]]],[362,[83.84302,159.1757,0,[92.42422,189.9996]]],[420,[83.90775,143.7198,0,[91.99904,197.0741]]],[454,[84.31832,154.5432,0,[91.99908,191.2843]]],[459,[84.72988,146.118,0,[91.99906,194.161]]],[432,[84.75731,154.9397,0,[91.99907,192.3873]]],[334,[84.73055,157.8944,0,[92.6041,189.9996]]],[480,[84.8969,151.777,0,[91.99905,195.7321]]],[409,[85.42397,156.4763,0,[91.99907,192.8648]]],[363,[85.60316,160.7942,0,[91.99911,190.7832]]],[479,[85.76005,152.2721,0,[91.99905,195.0907]]],[387,[86.10404,158.5413,0,[91.99908,191.4447]]],[469,[86.0747,155.1516,0,[91.99906,193.4156]]],[385,[85.44987,158.3135,0,[92.99912,189.4619]]],[478,[85.73296,151.1438,0,[91.99905,196.7632]]],[390,[86.72132,163.0966,0,[91.99907,191.9523]]],[364,[86.17478,161.2899,0,[92.90265,189.9996]]],[386,[86.8317,157.8793,0,[91.99905,193.8748]]],[474,[86.80082,147.7207,0,[91.99905,195.4583]]],[441,[86.63022,146.6036,0,[91.99904,197.23]]],[367,[87.40768,163.1509,0,[91.99907,192.3718]]],[389,[87.29078,160.7417,0,[91.99908,190.2854]]],[475,[87.41399,148.8972,0,[91.99905,196.1268]]],[495,[87.83412,153.1007,0,[91.99906,194.3761]]],[343,[88.13715,166.8541,0,[91.99908,190.9811]]],[366,[87.63482,165.0953,0,[92.99911,189.6409]]],[421,[88.18649,144.3138,0,[91.99905,196.6957]]],[477,[88.50583,150.7395,0,[91.99908,192.8013]]],[476,[88.61157,148.5663,0,[91.99905,195.016]]],[368,[88.33665,163.4507,0,[92.99909,189.9344]]],[344,[89.05344,166.7551,0,[91.99908,190.9997]]],[299,[89.22762,167.8648,0,[91.99906,193.5366]]],[388,[89.25119,160.7534,0,[91.99906,196.5144]]],[320,[89.63613,167.5276,0,[91.99907,191.8474]]],[497,[89.81242,155.0813,0,[91.99906,194.7909]]],[319,[89.21105,165.723,0,[92.99914,189.382]]],[410,[90.16362,157.7018,0,[91.99907,193.0117]]],[493,[90.25752,152.976,0,[90.99904,198.097]]],[391,[90.45992,163.7946,0,[91.99909,191.0445]]],[446,[90.30395,147.8636,0,[91.99905,196.9005]]],[489,[90.57521,148.9908,0,[91.99905,195.2842]]],[298,[90.04476,166.3042,0,[92.25784,189.9995]]],[412,[90.86167,160.4435,0,[91.99905,193.6975]]],[416,[90.96716,164.8511,0,[91.99907,191.8274]]],[209,[90.53248,169.1676,0,[92.99914,189.2395]]],[210,[91.26572,172.3886,0,[92.38671,189.9996]]],[212,[91.54816,174.1385,0,[91.99906,192.609]]],[473,[91.56126,148.3688,0,[91.99905,194.907]]],[494,[91.47745,152.7789,0,[91.99905,196.5764]]],[414,[91.90427,163.4139,0,[91.99908,190.8414]]],[496,[92.23266,155.5079,0,[91.99906,193.6105]]],[484,[92.31734,157.7101,0,[91.99908,191.9068]]],[392,[92.19064,166.0938,0,[92.97471,189.9996]]],[460,[92.39193,147.9673,0,[91.99906,196.6897]]],[488,[92.97814,150.2334,0,[91.99907,193.2066]]],[491,[92.82976,151.9518,0,[91.99906,194.9214]]],[492,[93.12288,153.9471,0,[91.99909,190.7644]]],[504,[93.65247,151.5703,0,[91.99908,191.8542]]],[393,[93.07355,167.8262,0,[92.99911,189.3625]]],[487,[93.5407,148.6259,0,[91.99907,194.9879]]],[472,[93.49953,148.3654,0,[91.99906,196.7174]]],[502,[94.02863,149.9527,0,[91.99908,193.1909]]],[433,[94.04611,162.7168,0,[91.99908,190.0684]]],[490,[94.43515,154.1266,0,[91.99908,191.3315]]],[517,[94.61745,152.2508,0,[91.99906,194.4286]]],[503,[94.37417,151.4085,0,[92.99911,189.6776]]],[457,[94.98221,144.9475,0,[91.99906,192.6995]]],[462,[94.8189,149.5603,0,[91.99905,195.9025]]],[540,[95.26398,154.8855,0,[91.9991,190.5065]]],[456,[95.78121,149.01,0,[91.99908,191.5139]]],[443,[95.77621,146.173,0,[91.99906,194.2561]]],[442,[95.59944,145.9952,0,[91.99906,196.0432]]],[505,[95.58353,154.6116,0,[92.99911,189.9007]]],[533,[96.35566,157.5537,0,[91.99908,192.554]]],[519,[96.64221,156.3307,0,[91.9991,190.6963]]],[444,[96.70251,148.2692,0,[91.99905,195.4926]]],[458,[96.92624,149.8836,0,[91.99905,193.729]]],[486,[97.39349,150.8523,0,[91.99907,192.0092]]],[530,[96.88705,156.4462,0,[92.99912,189.6021]]],[445,[97.6441,148.3748,0,[91.99907,195.3295]]],[370,[97.88303,139.7697,0,[91.99908,193.4691]]],[419,[97.87875,145.1663,0,[91.99908,190.2596]]],[395,[98.28191,144.2411,0,[91.99908,191.5583]]],[418,[98.26273,148.7371,0,[92.8988,189.9996]]],[394,[98.8668,144.341,0,[91.99907,193.1612]]],[471,[98.71413,148.5766,0,[91.99906,194.9573]]],[500,[99.21436,153.3217,0,[91.99908,191.3157]]],[528,[99.78646,156.8095,0,[91.99907,192.6067]]],[440,[99.52219,148.7747,0,[92.77782,189.9996]]],[543,[100.408,163.1319,0,[91.99908,190.8756]]],[470,[100.7735,150.4085,0,[91.99908,192.3127]]],[539,[101.3042,162.1031,0,[91.99908,190.2002]]]
6:[323,[46.2298,92.41895,0,[109.999,120.4934]]],[349,[46.85375,93.57751,0,[109.999,121.6331]]],[324,[46.88967,93.73544,0,[109.999,120.0062]]],[300,[46.48617,92.95397,0,[109.999,118.8452]]],[350,[47.46267,94.75966,0,[109.999,120.9241]]],[325,[47.55908,95.066,0,[109.999,119.5036]]],[375,[47.91234,95.11241,0,[109.999,122.0842]]],[301,[47.23007,94.42498,0,[109.999,118.2234]]],[351,[48.12126,96.12991,0,[109.999,120.684]]],[376,[48.48682,95.94357,0,[109.999,122.8962]]],[326,[48.24378,96.43196,0,[109.999,119.2728]]],[352,[48.71523,97.09586,0,[109.999,120.4655]]],[302,[47.9786,95.88199,0,[109.999,117.9183]]],[353,[48.9981,97.47527,0,[109.999,121.8207]]],[328,[49.2118,98.14965,0,[109.999,119.5965]]],[327,[48.91647,97.74162,0,[109.999,118.507]]],[306,[49.47984,98.17896,0,[109.999,120.9556]]],[377,[49.36486,97.45027,0,[108.999,124.1983]]],[270,[49.86449,99.07212,0,[109.999,121.9678]]],[303,[48.73849,97.30119,0,[109.999,117.1059]]],[255,[49.84036,99.42258,0,[109.999,120.0709]]],[271,[50.40284,100.4411,0,[109.999,121.0538]]],[240,[49.95114,99.61086,0,[109.999,118.7709]]],[285,[50.7058,99.79085,0,[109.999,122.2557]]],[256,[50.41018,100.589,0,[109.999,119.6293]]],[305,[49.54239,98.87953,0,[109.999,117.7251]]],[329,[49.88676,98.37927,0,[108.999,123.0399]]],[257,[50.88928,101.3222,0,[109.999,120.2685]]],[241,[50.48677,100.8799,0,[109.999,118.0013]]],[242,[50.89642,101.5085,0,[109.999,118.8678]]],[272,[51.143,101.4085,0,[109.999,121.3567]]],[218,[50.1323,99.88385,0,[109.999,116.8862]]],[330,[50.70845,99.58545,0,[108.999,123.1969]]],[304,[49.58224,98.96834,0,[109.999,116.0711]]],[258,[51.68118,102.453,0,[109.999,120.7079]]],[243,[51.42307,102.4131,0,[109.999,119.6392]]],[221,[51.50203,102.5567,0,[109.999,118.2663]]],[220,[51.05074,101.7286,0,[109.999,117.2738]]],[273,[52.15279,102.7784,0,[109.999,121.5632]]],[286,[51.61534,100.934,0,[109.999,122.2638]]],[287,[52.57648,102.4138,0,[109.2538,123]]],[259,[52.26684,103.4848,0,[109.999,120.1783]]],[219,[50.75768,101.2156,0,[109.999,115.9201]]],[244,[52.0059,103.4194,0,[109.999,119.1141]]],[307,[51.6531,101.274,0,[108.999,123.1699]]],[289,[52.76586,103.8467,0,[109.999,122.2498]]],[274,[52.73978,103.8456,0,[109.999,120.9325]]],[245,[52.79252,104.7136,0,[109.999,119.6116]]],[222,[52.10462,103.3981,0,[109.999,117.7013]]],[223,[52.61967,104.4183,0,[109.999,118.5081]]],[198,[51.66795,102.9797,0,[109.999,116.7071]]],[260,[53.30952,105.0149,0,[109.999,120.2626]]],[276,[53.28467,105.6635,0,[109.999,121.4917]]],[288,[53.28968,103.5917,0,[108.999,123.694]]],[308,[52.18407,101.9128,0,[108.999,123.9841]]],[246,[53.36475,105.8532,0,[109.999,119.0693]]],[200,[52.78933,104.6383,0,[109.999,117.168]]],[199,[52.31001,103.7586,0,[109.999,116.1899]]],[197,[51.73007,102.282,0,[109.999,115.2159]]],[262,[53.89629,106.6973,0,[109.999,120.758]]],[275,[53.30618,104.341,0,[109.999,122.8886]]],[224,[53.30068,105.4893,0,[109.999,117.9595]]],[261,[53.95029,106.2225,0,[109.999,119.4957]]],[277,[53.85719,106.72,0,[109.999,122.0744]]],[309,[52.77432,102.6482,0,[108.999,124.6784]]],[177,[52.97601,104.849,0,[109.999,115.6205]]],[248,[54.48236,107.2729,0,[109.999,121.3876]]],[225,[54.01994,106.6773,0,[109.999,118.1771]]],[176,[52.48067,104.1003,0,[109.999,114.5796]]],[247,[54.51686,106.7852,0,[109.999,120.1532]]],[290,[54.35489,105.972,0,[108.999,123.4942]]],[201,[53.41871,105.8836,0,[109.999,116.6806]]],[263,[54.46798,106.9764,0,[109.999,122.7169]]],[249,[55.15609,108.7824,0,[109.999,119.8906]]],[226,[54.60905,107.6297,0,[109.999,118.902]]],[227,[55.30704,108.5586,0,[109.999,118.6918]]],[279,[55.07507,108.5534,0,[109.999,122.2798]]],[202,[54.06636,106.8821,0,[109.999,116.7711]]],[310,[53.29723,103.7684,0,[108.999,125.5791]]],[203,[54.68759,108.1212,0,[109.999,117.5313]]],[264,[55.17479,108.5186,0,[109.999,121.0354]]],[291,[55.01627,106.4904,0,[108.999,124.0096]]],[204,[55.3992,108.9111,0,[109.999,117.4861]]],[250,[55.77863,109.7527,0,[109.999,119.4178]]],[280,[55.76242,109.5336,0,[109.999,121.7255]]],[175,[53.72486,103.6388,0,[109.999,115.3343]]],[278,[55.76647,108.2664,0,[108.999,123.5254]]],[265,[55.8184,109.493,0,[109.999,120.5289]]],[155,[55.26161,106.8907,0,[109.999,116.2317]]],[228,[55.93703,109.6577,0,[109.999,118.1774]]],[179,[54.72187,107.1523,0,[109.999,115.9389]]],[251,[56.33926,110.9675,0,[109.999,119.388]]],[266,[56.38147,110.3421,0,[109.999,120.889]]],[293,[55.85042,107.7122,0,[109.999,122.9306]]],[294,[56.43612,108.6013,0,[109.999,122.1012]]],[311,[53.81654,104.9188,0,[108.999,124.4784]]],[207,[56.78456,111.1794,0,[109.999,120.0202]]],[178,[54.4156,106.591,0,[109.999,114.5997]]],[230,[57.05148,110.8682,0,[109.999,121.1952]]],[205,[56.41214,110.1829,0,[109.999,117.2808]]],[229,[56.69065,110.8063,0,[109.999,118.3849]]],[180,[55.90492,108.3577,0,[109.999,116.4562]]],[295,[57.05758,110.3559,0,[108.999,123.3627]]],[313,[54.44369,106.7195,0,[108.999,125.0029]]],[184,[57.17249,111.7116,0,[109.999,119.0226]]],[137,[57.42537,112.315,0,[109.999,120.2567]]],[252,[57.13576,111.1549,0,[109.999,122.3374]]],[206,[57.24385,111.4982,0,[109.999,117.641]]],[181,[56.85548,109.4271,0,[109.999,116.2912]]],[116,[57.77981,113.4963,0,[109.999,119.2182]]],[138,[58.12511,113.4994,0,[109.999,120.1942]]],[154,[55.72347,105.6271,0,[109.999,114.9457]]],[156,[56.4274,107.5754,0,[109.999,115.2052]]],[208,[57.83083,112.2689,0,[109.999,121.268]]],[339,[57.79255,109.8909,0,[108.999,123.5197]]],[314,[55.86005,108.0492,0,[108.999,124.89]]],[281,[57.83284,110.9024,0,[109.999,122.4879]]],[115,[57.87536,112.7254,0,[109.999,118.0193]]],[139,[58.61118,114.902,0,[109.999,119.4991]]],[231,[58.65999,112.4745,0,[109.999,120.721]]],[102,[58.43213,114.385,0,[109.999,118.4634]]],[182,[57.51712,110.7846,0,[109.999,116.4033]]],[267,[58.47359,111.6429,0,[109.999,121.79]]],[315,[56.47152,108.783,0,[108.999,124.2388]]],[118,[59.16311,115.5519,0,[109.999,119.7513]]],[316,[58.43867,110.2352,0,[108.999,123.7336]]],[117,[59.19996,114.9694,0,[109.999,118.471]]],[101,[58.79248,113.6477,0,[109.999,117.5043]]],[161,[59.23749,113.5799,0,[109.999,120.9964]]],[100,[58.14996,112.9994,0,[109.999,116.8949]]],[158,[57.4248,110.0693,0,[109.999,114.9461]]],[232,[59.14699,113.1362,0,[109.999,122.1966]]],[119,[59.74488,116.9866,0,[109.999,120.0162]]],[103,[59.76067,115.5757,0,[109.999,118.8912]]],[140,[59.81301,115.5571,0,[109.999,121.1262]]],[87,[59.34976,114.6101,0,[109.999,116.9938]]],[292,[55.19039,107.088,0,[108.999,125.3988]]],[86,[58.72936,113.7527,0,[109.999,116.1464]]],[253,[59.89511,113.3604,0,[108.999,123.3651]]],[89,[59.88822,116.8279,0,[109.999,117.6407]]],[105,[60.36112,117.8679,0,[109.999,119.6156]]],[104,[60.39918,117.0362,0,[109.999,118.3434]]],[183,[58.16243,111.798,0,[109.999,115.3372]]],[162,[59.8181,114.52,0,[109.999,122.244]]],[296,[58.60399,111.0115,0,[109.8863,123]]],[72,[59.8539,115.4449,0,[109.999,116.1607]]],[141,[60.38899,116.9797,0,[109.999,120.802]]],[88,[60.47617,116.0415,0,[109.999,116.9183]]],[85,[59.29414,113.4383,0,[109.999,115.3937]]],[90,[60.95623,117.9164,0,[109.999,118.8464]]],[185,[60.58009,115.7183,0,[108.999,123.3028]]],[163,[60.49878,116.0214,0,[109.999,122.0579]]],[317,[59.28728,111.1012,0,[108.999,124.1154]]],[106,[61.04391,118.7946,0,[109.999,121.1908]]],[131,[58.84545,107.0811,0,[109.999,114.3485]]],[71,[60.42928,115.0098,0,[109.999,115.3471]]],[91,[61.01206,118.7554,0,[109.999,120.0393]]],[75,[61.04087,117.9669,0,[109.999,117.556]]],[120,[61.26693,117.724,0,[109.999,122.342]]],[157,[59.95092,109.1988,0,[109.999,114.3571]]],[142,[61.83699,117.8386,0,[109.999,122.564]]],[122,[61.75589,120.126,0,[109.999,121.3294]]],[318,[59.52589,111.9558,0,[108.999,125.4104]]],[107,[61.65908,120.0374,0,[109.999,120.2369]]],[61,[61.63124,118.9553,0,[109.999,117.9388]]],[76,[61.53611,118.8013,0,[109.999,119.1367]]],[186,[61.31907,117.2161,0,[108.999,123.166]]],[187,[61.61258,118.2016,0,[108.999,124.2975]]],[144,[62.40148,119.973,0,[109.999,121.882]]],[121,[62.36534,119.4274,0,[109.999,120.7019]]],[336,[57.35299,106.7574,0,[108.999,124.6978]]],[60,[61.54395,118.223,0,[109.999,116.5421]]],[93,[62.24181,121.0104,0,[109.999,119.5859]]],[92,[62.18465,120.0495,0,[109.999,118.3828]]],[58,[60.99135,116.4057,0,[109.999,115.9774]]],[108,[62.97709,121.0117,0,[109.999,120.8593]]],[143,[62.9756,119.9241,0,[108.999,123.167]]],[94,[62.85964,122.173,0,[109.999,119.7135]]],[78,[62.75327,120.8704,0,[109.999,118.6034]]],[268,[60.88538,113.3381,0,[108.999,124.4224]]],[31,[62.66559,118.4386,0,[109.999,117.2051]]],[77,[62.1274,120.1282,0,[109.999,116.9699]]],[57,[61.59767,116.1808,0,[109.999,115.0416]]],[123,[62.98346,121.0595,0,[109.999,122.0129]]],[110,[63.4705,123.5589,0,[109.999,120.0246]]],[159,[61.02977,111.7913,0,[109.999,114.2616]]],[164,[62.26655,117.8585,0,[108.999,123.7022]]],[63,[63.49279,121.5316,0,[109.999,118.9058]]],[109,[63.59172,122.2734,0,[109.999,121.1432]]],[254,[61.16748,115.3023,0,[108.999,125.6197]]],[145,[63.63166,121.9313,0,[108.999,123.1181]]],[62,[63.21386,120.2675,0,[109.999,117.6983]]],[79,[64.22776,122.685,0,[109.999,118.8739]]],[95,[64.05124,123.7867,0,[109.999,119.9571]]],[73,[63.03814,116.9287,0,[109.999,115.9441]]],[124,[63.64806,122.4068,0,[109.999,122.2939]]],[48,[63.85135,121.4972,0,[109.999,117.8622]]],[166,[63.2445,120.1552,0,[108.999,124.3538]]],[74,[62.22527,117.4586,0,[109.999,115.5899]]],[146,[64.4469,123.2517,0,[108.999,123.3396]]],[342,[59.8213,112.0733,0,[108.999,126.7409]]],[125,[64.1878,123.8227,0,[109.999,121.0705]]],[80,[64.8662,123.7224,0,[109.999,119.0476]]],[338,[58.02074,108.6444,0,[108.999,124.9]]],[147,[64.24751,123.7122,0,[109.999,122.2634]]],[64,[64.62027,123.0547,0,[109.999,117.844]]],[43,[63.57839,116.7053,0,[109.999,116.5416]]],[46,[64.24101,119.6088,0,[109.999,116.7429]]],[167,[63.90912,121.0602,0,[108.999,124.2266]]],[96,[64.6666,124.996,0,[109.999,120.2375]]],[126,[64.77425,124.8369,0,[109.999,121.4738]]],[190,[63.51096,121.081,0,[108.999,125.6113]]],[112,[65.28907,125.9551,0,[109.999,122.2724]]],[160,[63.02052,113.6404,0,[109.999,114.5026]]],[312,[54.68007,105.5084,0,[108.999,126.5381]]],[49,[65.33289,122.9468,0,[109.999,118.2106]]],[33,[65.10719,121.3213,0,[109.999,116.9574]]],[66,[65.24674,124.9774,0,[109.999,120.0377]]],[148,[65.46039,124.7409,0,[109.999,121.0829]]],[127,[65.25713,127.0722,0,[108.999,123.0247]]],[65,[65.65599,124.137,0,[109.999,119.1835]]],[193,[65.93119,125.7492,0,[108.999,123.5314]]],[45,[64.75438,119.3581,0,[109.999,115.8078]]],[36,[66.2615,124.1785,0,[109.999,119.2348]]],[341,[58.9499,110.8489,0,[108.999,126.559]]],[23,[65.67319,123.4115,0,[109.999,116.9588]]],[81,[65.97598,125.0288,0,[109.999,120.2873]]],[111,[66.02682,124.8121,0,[109.999,121.5786]]],[42,[64.01267,116.6188,0,[109.999,115.2595]]],[50,[65.98174,123.9853,0,[109.999,118.0759]]],[170,[64.7576,124.4576,0,[108.999,124.3809]]],[44,[65.35723,118.144,0,[109.999,115.5354]]],[4,[66.57867,123.435,0,[109.999,118.098]]],[51,[66.79392,125.5421,0,[109.999,119.6716]]],[52,[66.5947,126.7512,0,[109.999,120.768]]],[165,[62.56606,119.4706,0,[108.999,124.8252]]],[128,[65.90079,127.9588,0,[109.999,122.7176]]],[27,[66.36795,115.4873,0,[109.999,116.9129]]],[153,[64.93621,106.8156,0,[109.999,114.3018]]],[34,[66.00076,122.239,0,[109.999,115.727]]],[37,[67.08095,126.2991,0,[109.999,118.6303]]],[98,[67.24043,128.664,0,[109.999,120.3913]]],[82,[67.54007,126.6378,0,[109.999,119.3663]]],[97,[66.63907,126.967,0,[109.999,121.9768]]],[172,[66.65598,128.5675,0,[108.999,123.8335]]],[70,[65.80916,115.5964,0,[109.999,114.2428]]],[284,[61.92159,116.2067,0,[108.999,125.5529]]],[113,[67.83964,128.7459,0,[109.999,120.745]]],[13,[67.16544,124.7878,0,[109.999,117.2309]]],[25,[67.65766,126.6887,0,[109.999,118.1594]]],[150,[67.22683,128.8068,0,[109.999,121.5113]]],[149,[65.4267,126.9542,0,[108.999,124.3509]]],[69,[68.26849,130.149,0,[109.999,118.4904]]],[35,[66.81712,124.1122,0,[109.999,115.951]]],[171,[67.1348,127.5917,0,[108.999,123.1225]]],[216,[67.18897,126.1944,0,[109.999,122.8327]]],[194,[68.61333,128.8965,0,[109.999,120.42]]],[169,[65.10948,123.2041,0,[108.999,125.5791]]],[24,[68.02776,126.1041,0,[109.999,117.1986]]],[5,[68.60315,125.7404,0,[109.999,117.0444]]],[191,[65.68756,123.886,0,[108.999,126.0049]]],[213,[66.15541,124.0602,0,[108.999,124.8092]]],[67,[68.14135,127.7905,0,[109.9991,119.6754]]],[41,[66.55672,115.8884,0,[109.999,114.5606]]],[192,[64.52898,123.8455,0,[108.999,126.4882]]],[238,[67.68945,127.65,0,[108.999,124.1031]]],[239,[68.27493,129.6228,0,[109.999,121.4573]]],[8,[67.58302,119.0495,0,[109.999,116.104]]],[21,[68.25819,122.0996,0,[109.999,115.7879]]],[83,[68.93977,129.9275,0,[109.999,119.4214]]],[14,[68.8551,126.4468,0,[109.999,118.2252]]],[215,[67.76072,126.0389,0,[109.999,122.1154]]],[26,[69.50414,127.7803,0,[109.999,118.4837]]],[195,[69.24696,132.2456,0,[109.999,120.7855]]],[282,[60.14164,112.1218,0,[108.999,124.631]]],[235,[66.96846,124.2405,0,[108.999,124.9303]]],[214,[68.8437,128.3889,0,[109.999,121.7406]]],[47,[67.30917,121.0931,0,[109.999,114.7423]]],[132,[68.03006,109.4471,0,[109.999,114.4543]]],[1,[69.02669,120.8566,0,[109.999,115.8953]]],[114,[69.60648,132.1194,0,[109.999,119.8084]]],[68,[70.08176,128.5338,0,[109.999,119.0559]]],[369,[70.01963,122.4654,0,[109.999,120.8496]]],[355,[51.21824,99.62306,0,[108.999,124.297]]],[510,[68.31705,107.1557,0,[108.999,124.7163]]],[236,[68.32912,126.7537,0,[108.999,123.3493]]],[53,[69.91132,128.493,0,[109.999,117.3947]]],[151,[70.74037,134.0882,0,[109.999,118.8796]]],[415,[68.45565,115.3699,0,[109.999,122.791]]],[237,[70.44051,131.2089,0,[109.999,120.0054]]],[84,[70.43504,133.5088,0,[109.999,117.9162]]],[6,[69.31937,127.8383,0,[109.999,117.0841]]],[234,[66.44254,122.7502,0,[108.999,126.0458]]],[511,[69.31415,109.0241,0,[109.999,122.7404]]],[56,[68.81883,116.823,0,[109.999,114.5434]]],[498,[69.68221,111.6384,0,[109.999,121.8042]]],[507,[68.96803,106.8175,0,[108.999,123.8615]]],[217,[71.39662,135.6207,0,[109.999,118.4432]]],[514,[70.51569,114.2179,0,[109.999,121.6737]]],[523,[70.57087,110.0898,0,[108.999,123.6677]]],[0,[71.0201,120.4484,0,[109.999,117.5231]]],[20,[70.52811,122.5635,0,[109.999,116.5481]]],[3,[69.9632,123.7487,0,[109.999,115.9709]]],[525,[71.32711,112.8051,0,[109.999,122.0972]]],[499,[70.91463,116.5294,0,[109.999,120.7646]]],[321,[71.12413,125.7116,0,[109.999,119.657]]],[524,[70.20272,110.4139,0,[109.999,122.7625]]],[345,[67.06803,119.0944,0,[108.999,126.491]]],[411,[67.65158,112.1042,0,[108.999,125.5217]]],[534,[70.61021,109.3438,0,[108.999,124.9337]]],[32,[69.63011,121.3876,0,[109.999,114.7596]]],[54,[71.63477,132.4798,0,[109.999,117.054]]],[538,[72.0862,115.2429,0,[109.999,121.8746]]],[512,[71.57184,113.7775,0,[109.999,121.0655]]],[537,[72.5031,116.725,0,[109.999,119.5722]]],[40,[71.15654,114.7255,0,[109.999,116.0292]]],[413,[71.70078,120.1785,0,[109.999,119.9778]]],[536,[71.61446,113.0894,0,[108.999,123.056]]],[542,[72.74577,111.6732,0,[109.999,121.6831]]],[546,[71.40536,113.0725,0,[108.999,124.1554]]],[513,[72.28696,114.674,0,[109.999,120.6539]]],[130,[70.68526,110.3669,0,[109.999,114.9794]]],[269,[62.26136,116.1034,0,[108.999,126.9666]]],[550,[72.58059,112.6822,0,[109.999,122.9151]]],[417,[71.944,124.7104,0,[109.999,118.9554]]],[438,[72.97988,124.1251,0,[109.999,118.9966]]],[436,[73.47871,122.0529,0,[109.999,119.6929]]],[544,[72.43444,113.3983,0,[108.999,123.1533]]],[15,[71.86944,129.5141,0,[109.999,115.5944]]],[129,[72.75497,135.6666,0,[109.999,117.8081]]],[527,[72.96017,118.1476,0,[109.999,120.5679]]],[12,[74.11663,125.3311,0,[109.999,118.2828]]],[211,[64.99217,121.2465,0,[108.999,127.4427]]],[545,[73.52185,115.9716,0,[109.999,121.3961]]],[39,[73.46994,133.9074,0,[109.999,118.148]]],[526,[74.10849,117.7931,0,[109.999,119.4922]]],[173,[72.17913,135.651,0,[109.999,117.8902]]],[30,[71.48636,119.8807,0,[109.999,114.4574]]],[522,[69.77992,107.3804,0,[108.999,125.2589]]],[547,[74.01508,117.8149,0,[109.999,120.7726]]],[134,[73.30099,115.4633,0,[109.999,116.828]]],[16,[74.78177,119.7261,0,[109.999,118.9179]]],[549,[74.09869,115.0222,0,[109.999,122.3333]]],[439,[74.63089,126.6992,0,[109.999,120.1869]]],[19,[72.35363,121.7787,0,[109.999,116.5659]]],[59,[74.69024,124.5034,0,[109.999,117.5]]],[434,[74.61398,122.5526,0,[109.999,121.5634]]],[520,[68.98907,105.9483,0,[108.999,125.2594]]],[133,[72.83916,113.0204,0,[109.999,115.4638]]],[552,[73.36024,115.7588,0,[109.999,122.6438]]],[18,[73.97223,122.7269,0,[109.999,116.9257]]],[531,[72.26628,109.0331,0,[108.999,124.4983]]],[99,[75.47534,136.1296,0,[109.999,119.7903]]],[9,[75.46711,124.9331,0,[109.999,118.4891]]],[554,[75.26089,121.124,0,[109.999,122.2374]]],[435,[75.19519,123.4927,0,[109.999,120.9173]]],[22,[75.36894,128.4807,0,[109.999,117.1502]]],[11,[76.18752,127.386,0,[109.999,120.0165]]],[189,[63.83326,120.4194,0,[108.999,126.9712]]],[455,[73.69155,103.7426,0,[108.999,123.9039]]],[136,[73.64619,117.7384,0,[109.999,115.5038]]],[529,[74.57296,109.8876,0,[108.999,123.7609]]],[135,[74.57121,119.2582,0,[109.999,115.898]]],[541,[73.00177,110.8498,0,[108.999,124.1059]]],[437,[75.96603,123.1262,0,[109.999,121.2531]]],[7,[76.12902,123.4301,0,[109.999,118.6687]]],[521,[69.97092,106.3011,0,[108.999,126.6579]]],[2,[76.78654,129.138,0,[109.999,120.8159]]],[508,[67.58837,105.0248,0,[108.999,127.3131]]],[553,[75.26654,120.8072,0,[108.999,123.2078]]],[29,[76.14575,124.8917,0,[109.999,117.1456]]],[516,[71.46899,104.6023,0,[108.999,126.8944]]],[17,[76.82029,127.1211,0,[109.999,119.3734]]],[532,[71.35622,109.0937,0,[108.999,125.4324]]],[515,[74.17296,107.0771,0,[108.999,125.1155]]],[196,[75.49752,106.8153,0,[109.999,115.7072]]],[38,[76.71854,133.6857,0,[109.999,122.2281]]],[485,[73.31976,104.0491,0,[108.999,125.4011]]],[551,[76.00253,120.2455,0,[109.999,122.7091]]],[337,[55.87381,106.829,0,[108.999,126.3624]]],[501,[72.17029,105.0793,0,[108.9991,125.8642]]],[174,[76.7959,110.6292,0,[109.999,117.9103]]],[506,[68.26762,104.3578,0,[108.999,126.2854]]],[55,[77.57513,124.4465,0,[109.999,118.537]]],[518,[69.19113,104.5866,0,[108.999,126.7782]]],[28,[77.62684,126.8932,0,[109.999,119.9953]]],[548,[75.95506,117.0146,0,[108.999,123.8236]]],[283,[61.52738,113.7003,0,[108.999,126.9246]]],[356,[51.72325,100.3948,0,[108.999,125.3317]]],[233,[65.89464,120.7918,0,[108.999,127.4129]]],[365,[58.30387,110.7184,0,[108.999,126.3385]]],[297,[60.54034,112.0654,0,[108.999,125.9627]]],[354,[50.279,98.38377,0,[108.999,124.437]]],[152,[78.674,114.9883,0,[109.999,120.0055]]],[10,[77.63114,130.6766,0,[109.999,121.4629]]],[333,[53.92597,103.6628,0,[108.999,126.1837]]],[188,[62.86704,119.3684,0,[108.999,126.1153]]],[360,[56.70525,106.302,0,[108.999,125.6606]]],[361,[57.634,107.2396,0,[108.999,126.1832]]],[340,[58.71884,110.1377,0,[108.999,125.0461]]],[509,[69.76988,108.1399,0,[108.999,123.9692]]],[168,[64.19031,122.5478,0,[108.999,125.3523]]],[535,[70.7027,109.6079,0,[108.999,126.338]]]
2:[323,[72.36733,144.6287,0,[69.70897,146.0009]]],[349,[72.67481,144.9146,0,[71.1641,147.0009]]],[324,[73.58688,147.0145,0,[68.6395,146.0009]]],[300,[74.2371,148.4222,0,[66.88939,146.0009]]],[350,[73.78757,147.1315,0,[69.99957,146.9496]]],[325,[74.41191,148.6885,0,[68.53866,146.0009]]],[375,[73.58387,145.8571,0,[71.73547,147.0009]]],[301,[75.26245,150.4434,0,[66.52029,146.0009]]],[351,[74.57947,148.7666,0,[69.99957,146.79]]],[376,[74.39303,146.9079,0,[71.67963,147.0009]]],[326,[75.71299,151.3065,0,[67.4787,146.0009]]],[352,[75.32211,150.0358,0,[69.25385,146.0009]]],[302,[76.68811,153.2616,0,[65.22943,146.0009]]],[353,[75.35377,149.6946,0,[70.5143,147.0009]]],[328,[76.41633,152.2095,0,[68.31545,146.0009]]],[327,[77.0426,153.9444,0,[66.33945,146.0009]]],[306,[75.90915,150.3908,0,[69.99956,146.1097]]],[377,[75.2861,147.3725,0,[72.10438,147.0009]]],[270,[76.13728,150.5879,0,[71.2354,147.0009]]],[303,[77.91963,155.6263,0,[64.83374,146.0009]]],[255,[77.29971,154.1541,0,[67.52883,146.0009]]],[271,[76.95815,153.3066,0,[69.26894,146.0009]]],[240,[78.33517,156.3063,0,[65.92364,146.0009]]],[285,[77.1988,151.9663,0,[70.49061,147.0009]]],[256,[77.92862,155.3771,0,[67.63388,146.0009]]],[305,[78.955,157.6742,0,[64.06786,146.0009]]],[329,[76.55782,147.8923,0,[72.12966,147.0009]]],[257,[77.75616,154.4452,0,[69.20239,146.0009]]],[241,[79.1289,158.0902,0,[65.48596,146.0009]]],[242,[78.7401,156.8852,0,[67.23079,146.0009]]],[272,[77.80877,153.6764,0,[70.634,147.0009]]],[218,[79.59974,158.7351,0,[63.9995,145.6336]]],[330,[77.22898,148.7948,0,[72.19585,147.0009]]],[304,[79.66251,159.0997,0,[62.51638,145.0009]]],[258,[78.3032,155.1587,0,[69.99955,146.5229]]],[243,[78.75513,156.3515,0,[68.68011,146.0009]]],[221,[79.60773,158.68,0,[66.82316,146.0009]]],[220,[80.13939,159.8677,0,[64.97504,146.0009]]],[273,[78.9021,155.1249,0,[69.94903,146.0009]]],[286,[77.97425,152.1369,0,[71.94597,147.0009]]],[287,[78.79626,153.4315,0,[70.91372,147.0009]]],[259,[79.61169,157.6398,0,[68.33366,146.0009]]],[219,[80.37241,160.4093,0,[63.90192,145.0009]]],[244,[80.53004,159.9624,0,[65.93567,146.0009]]],[307,[78.68052,150.8281,0,[72.3624,147.0009]]],[289,[79.53815,156.1887,0,[70.84493,147.0009]]],[274,[79.69559,156.8585,0,[69.73885,146.0009]]],[245,[80.5111,159.8754,0,[67.4699,146.0009]]],[222,[81.52278,162.1074,0,[64.01484,146.0009]]],[223,[81.36111,161.6154,0,[65.70597,146.0009]]],[198,[81.54622,162.7042,0,[62.59894,145.0009]]],[260,[80.7778,159.0837,0,[68.60359,146.0009]]],[276,[80.39622,158.259,0,[69.99957,146.2691]]],[288,[80.09356,154.6823,0,[71.21895,147.0009]]],[308,[79.41047,151.4011,0,[72.43587,147.0009]]],[246,[81.50244,161.7918,0,[67.02723,146.0009]]],[200,[82.31731,163.4983,0,[64.44086,146.0009]]],[199,[82.04914,163.1977,0,[63.32487,145.0009]]],[197,[82.54976,163.8984,0,[61.47848,145.0009]]],[262,[81.41434,161.0144,0,[68.67349,146.0009]]],[275,[80.81115,156.4712,0,[71.00027,147.0009]]],[224,[82.48218,163.1794,0,[65.63593,146.0009]]],[261,[82.14922,162.2546,0,[67.27514,146.0009]]],[277,[81.43758,160.104,0,[69.99957,146.7698]]],[309,[80.41042,152.5454,0,[72.50549,147.0009]]],[177,[82.99255,164.6903,0,[63.40871,145.0009]]],[248,[81.78181,160.8756,0,[69.58607,146.0009]]],[225,[83.01148,164.2824,0,[66.25799,146.0009]]],[176,[83.44572,166.004,0,[61.56122,145.0009]]],[247,[82.55785,162.2515,0,[67.93443,146.0009]]],[290,[81.25215,157.1123,0,[71.65159,147.0009]]],[201,[83.59886,165.2706,0,[64.35706,146.0009]]],[263,[81.96983,160.0322,0,[70.85509,147.0009]]],[249,[82.52618,162.7273,0,[69.21062,146.0009]]],[226,[83.79749,165.2891,0,[65.58838,146.0009]]],[227,[83.38998,164.4672,0,[67.3584,146.0009]]],[279,[82.76821,161.8306,0,[70.13259,147.0009]]],[202,[84.31976,167.1911,0,[62.30257,145.0009]]],[310,[81.34683,153.7122,0,[72.84844,147.001]]],[203,[84.15324,166.8606,0,[63.92896,145.0009]]],[264,[83.2281,162.5402,0,[68.92341,146.0009]]],[291,[82.08025,156.9,0,[72.30177,147.0009]]],[204,[84.66374,167.2819,0,[64.82637,146.0009]]],[250,[84.26258,166.0913,0,[66.47677,146.0009]]],[280,[83.54433,163.0138,0,[70.04415,147.0009]]],[175,[84.99438,166.1365,0,[60.51499,145.0009]]],[278,[82.74352,159.1859,0,[71.41854,147.0009]]],[265,[84.09024,164.3216,0,[68.03212,146.0009]]],[155,[84.93113,166.0548,0,[63.97817,145.0009]]],[228,[85.2288,167.7892,0,[65.16357,146.0009]]],[179,[85.23325,168.1329,0,[62.24366,145.0009]]],[251,[84.87853,167.4584,0,[66.79655,146.0009]]],[266,[83.83627,163.5259,0,[69.568,146.0009]]],[293,[83.35399,159.6681,0,[71.63985,147.0009]]],[294,[84.08192,161.2316,0,[70.68222,147.0009]]],[311,[82.73478,154.4998,0,[72.96279,147.0009]]],[207,[84.70657,166.0138,0,[68.38174,146.0009]]],[178,[85.99718,169.7135,0,[60.61037,145.0009]]],[230,[84.37177,163.9426,0,[69.99955,146.078]]],[205,[86.12815,169.4883,0,[63.99953,145.726]]],[229,[85.85777,168.6309,0,[65.62545,146.0009]]],[180,[86.14986,168.7549,0,[62.54527,145.0009]]],[295,[84.5432,161.5147,0,[71.28075,147.0009]]],[313,[83.81988,156.6641,0,[72.50462,147.0009]]],[184,[85.81312,168.0272,0,[67.10921,146.0009]]],[137,[85.29969,166.8288,0,[68.7401,146.0009]]],[252,[85.36777,164.7932,0,[70.00281,147.0009]]],[206,[86.79449,170.2299,0,[64.78101,146.0009]]],[181,[86.70306,168.9019,0,[63.64732,145.0009]]],[116,[86.72002,170.8084,0,[66.2724,146.0009]]],[138,[86.2395,168.9712,0,[67.95642,146.0009]]],[154,[87.30241,168.7407,0,[60.20894,145.0009]]],[156,[87.19482,169.0621,0,[61.90205,145.0009]]],[208,[85.61555,165.7818,0,[69.68187,146.0009]]],[339,[85.18858,161.0769,0,[71.47195,147.0009]]],[314,[84.58284,158.1774,0,[72.72581,147.0009]]],[281,[85.94378,164.0302,0,[70.71615,147.0009]]],[115,[87.63613,172.0815,0,[63.99951,145.6204]]],[139,[87.09137,170.8658,0,[67.24378,146.0009]]],[231,[86.41605,166.496,0,[69.06882,146.0009]]],[102,[87.6785,172.3726,0,[65.46883,146.0009]]],[182,[87.93343,171.4844,0,[62.48018,145.0009]]],[267,[86.67134,165.1508,0,[70.20033,147.0009]]],[315,[85.45877,158.649,0,[72.56984,147.0009]]],[118,[87.3419,170.6647,0,[68.33878,146.0009]]],[316,[86.19239,161.4019,0,[71.73256,147.0009]]],[117,[87.96892,172.1245,0,[66.51479,146.0009]]],[101,[88.53428,173.0175,0,[64.60749,146.0009]]],[161,[86.85691,166.9815,0,[69.99955,146.0991]]],[100,[88.31625,173.1683,0,[63.42071,145.0009]]],[158,[88.79078,172.7581,0,[61.12551,145.0009]]],[232,[86.97984,165.7986,0,[71.22764,147.0009]]],[119,[88.10349,172.5182,0,[67.70184,146.0009]]],[103,[88.72933,173.0544,0,[65.91172,146.0009]]],[140,[87.50469,169.152,0,[69.5006,146.0009]]],[87,[88.94917,173.5585,0,[63.99953,145.0154]]],[292,[86.42694,157.1943,0,[72.82462,147.0009]]],[86,[89.36004,174.9131,0,[62.28032,145.0009]]],[253,[87.78471,165.3227,0,[70.72296,147.0009]]],[89,[89.46899,175.7009,0,[64.99776,146.0009]]],[105,[88.37656,172.8128,0,[68.74003,146.0009]]],[104,[89.09933,173.9759,0,[66.76234,146.0009]]],[183,[89.85419,175.1193,0,[60.43616,145.0009]]],[162,[88.26568,168.299,0,[69.99958,146.4324]]],[296,[87.23003,162.4444,0,[72.277,147.0009]]],[72,[89.98257,175.4094,0,[63.35025,145.0008]]],[141,[89.09117,172.281,0,[68.0401,146.0009]]],[88,[90.21916,175.2723,0,[64.47244,146.0009]]],[85,[90.25204,175.0701,0,[61.64216,145.0009]]],[90,[89.85652,175.2687,0,[66.18468,146.0009]]],[185,[88.41663,167.5927,0,[71.11865,147.0009]]],[163,[88.75704,169.5542,0,[69.81703,146.0009]]],[317,[87.84493,161.3814,0,[72.40479,147.0009]]],[106,[89.54214,173.734,0,[68.65594,146.0009]]],[131,[90.94791,171.0518,0,[59.86573,145.0008]]],[71,[90.55732,175.1028,0,[63.99951,145.1409]]],[91,[90.19962,175.5294,0,[67.05678,146.0009]]],[75,[90.70968,176.9503,0,[65.28283,146.0009]]],[120,[89.20731,170.7725,0,[70.8637,147.0009]]],[157,[91.03101,171.2995,0,[62.23979,145.0009]]],[142,[89.53504,170.9748,0,[69.99955,146.077]]],[122,[90.22787,174.8579,0,[68.33556,146.0009]]],[318,[88.5583,162.8068,0,[72.36253,147.0009]]],[107,[90.93142,176.7625,0,[66.59949,146.0009]]],[61,[91.29349,178.0631,0,[63.71201,145.0009]]],[76,[91.55325,177.3815,0,[64.92326,146.0009]]],[186,[89.79242,168.5586,0,[71.23405,147.0009]]],[187,[90.48803,171.0011,0,[70.07664,147.0009]]],[144,[90.53383,174.0154,0,[69.18364,146.0009]]],[121,[91.14088,175.0264,0,[67.88584,146.0009]]],[336,[89.22816,157.3642,0,[72.52354,147.0009]]],[60,[92.11701,178.9637,0,[62.53249,145.0009]]],[93,[91.7682,178.9624,0,[66.15533,146.0009]]],[92,[92.32743,180.0521,0,[63.99953,145.894]]],[58,[92.33884,178.8827,0,[60.75078,145.0009]]],[108,[90.86433,175.0219,0,[69.99957,146.1451]]],[143,[90.69202,171.9671,0,[71.14503,147.0009]]],[94,[91.84278,178.3343,0,[67.50715,146.0009]]],[78,[92.57405,179.3736,0,[65.3131,146.0009]]],[268,[90.04498,164.2981,0,[72.45822,147.0009]]],[31,[92.65296,177.7925,0,[63.9995,145.0796]]],[77,[92.93232,181.3488,0,[62.3881,145.0009]]],[57,[93.20411,179.1726,0,[60.68709,145.0009]]],[123,[91.69022,175.5191,0,[69.09963,146.0009]]],[110,[92.72854,180.2087,0,[66.61351,146.0009]]],[159,[93.45628,176.61,0,[58.90338,145.0009]]],[164,[91.59241,170.5584,0,[70.60284,147.0009]]],[63,[93.38683,180.315,0,[64.65985,146.0009]]],[109,[92.45193,177.5557,0,[68.32493,146.0009]]],[254,[91.0797,167.1059,0,[71.84109,147.0009]]],[145,[92.13314,175.1812,0,[69.99958,146.5872]]],[62,[93.64391,180.4246,0,[63.23653,145.0009]]],[79,[93.65137,180.7905,0,[65.76315,146.0009]]],[95,[93.17575,180.16,0,[67.49936,146.0009]]],[73,[94.0679,178.9364,0,[61.48656,145.0009]]],[124,[92.6949,177.1672,0,[69.35592,146.0009]]],[48,[94.25859,181.5617,0,[63.9995,145.9112]]],[166,[92.27783,171.8846,0,[71.40558,147.0009]]],[74,[94.46179,181.684,0,[59.6437,145.0009]]],[146,[92.85197,176.2949,0,[70.36974,147.0009]]],[342,[91.64629,164.0977,0,[72.22876,147.0009]]],[125,[93.91428,180.6939,0,[66.76891,146.0009]]],[80,[94.45709,182.2271,0,[65.05963,146.0009]]],[338,[90.89272,158.4267,0,[73.21195,147.0009]]],[147,[93.42217,178.167,0,[68.60792,146.0009]]],[64,[94.51377,182.1707,0,[63.93798,145.0009]]],[43,[95.10619,179.6306,0,[60.58544,145.0009]]],[46,[95.00867,180.8461,0,[62.14898,145.0009]]],[167,[93.47987,174.0351,0,[70.01485,147.0009]]],[96,[94.7478,183.1168,0,[65.94861,146.0009]]],[126,[94.16022,180.6731,0,[67.77051,146.0009]]],[190,[92.86983,172.3444,0,[71.79952,147.0009]]],[112,[93.64439,179.4817,0,[69.65154,146.0009]]],[160,[95.59004,178.5732,0,[58.73132,145.0009]]],[312,[92.20605,156.3983,0,[72.94614,147.0009]]],[49,[95.55822,182.7073,0,[64.17519,146.0009]]],[33,[95.35297,181.6782,0,[63.10518,145.0009]]],[66,[94.94942,181.5968,0,[67.08662,146.0009]]],[148,[94.41505,179.3571,0,[68.78957,146.0009]]],[127,[93.62669,178.6026,0,[71.2643,147.0009]]],[65,[95.67613,182.8625,0,[65.33021,146.0009]]],[193,[94.34383,178.7383,0,[70.33181,147.0009]]],[45,[95.98357,181.7188,0,[61.42479,145.0009]]],[36,[95.70247,181.5871,0,[66.58347,146.0009]]],[341,[93.22703,161.9405,0,[72.78893,147.0009]]],[23,[96.12051,184.0961,0,[62.98746,145.0009]]],[81,[95.21635,180.4935,0,[68.16374,146.0009]]],[111,[94.58264,178.4418,0,[69.88455,146.0009]]],[42,[96.47036,181.3154,0,[59.57819,145.0009]]],[50,[96.58486,184.3429,0,[64.05536,146.0009]]],[170,[94.69738,176.4236,0,[71.2058,147.0009]]],[44,[96.79564,180.8533,0,[61.19715,145.0009]]],[4,[96.50394,182.3891,0,[65.59585,146.0009]]],[51,[96.08918,182.582,0,[67.31001,146.0009]]],[52,[95.48098,181.9351,0,[69.05233,146.0009]]],[165,[94.01099,170.6573,0,[72.30418,147.0009]]],[128,[95.47531,182.6934,0,[70.19096,147.0009]]],[27,[96.92285,175.7291,0,[63.84376,145.0009]]],[153,[97.4122,171.7097,0,[59.3902,145.0009]]],[34,[97.18176,184.1926,0,[62.19242,145.0009]]],[37,[97.30783,185.8553,0,[64.84196,146.0009]]],[98,[96.26975,184.005,0,[68.36879,146.0009]]],[82,[96.95437,184.0448,0,[66.44365,146.0009]]],[97,[95.7442,180.6781,0,[69.99957,146.1231]]],[172,[95.37952,180.7166,0,[71.5298,147.0009]]],[70,[97.91983,179.757,0,[60.47338,145.0009]]],[284,[94.71447,166.561,0,[72.64757,147.0009]]],[113,[97.10482,185.5665,0,[67.55896,146.0009]]],[13,[97.86364,185.6817,0,[62.80885,145.0009]]],[25,[98.06094,186.2647,0,[63.99951,145.7944]]],[150,[96.48669,183.6027,0,[69.40749,146.0009]]],[149,[96.10893,179.4317,0,[70.94839,147.0009]]],[69,[98.1403,188.7383,0,[65.36514,146.0009]]],[35,[98.52205,187.1039,0,[61.15426,145.0009]]],[171,[96.93756,181.026,0,[70.26546,147.0009]]],[216,[97.25913,181.4807,0,[68.64047,146.0009]]],[194,[97.92107,185.837,0,[66.93082,146.0009]]],[169,[95.58706,174.0102,0,[72.59806,147.0009]]],[24,[98.50391,186.8545,0,[62.84971,145.0009]]],[5,[98.85647,185.8755,0,[63.99952,145.7361]]],[191,[96.45625,175.6095,0,[71.77857,147.0009]]],[213,[97.38235,176.896,0,[69.99957,146.6105]]],[67,[98.75887,186.6615,0,[65.46619,146.0009]]],[41,[99.17315,181.069,0,[59.32516,145.0009]]],[192,[97.08754,175.4098,0,[71.43461,147.0009]]],[238,[97.69952,181.2901,0,[69.12115,146.0009]]],[239,[98.26741,186.0343,0,[67.78634,146.0009]]],[8,[99.35416,182.3107,0,[60.79137,145.0009]]],[21,[99.31411,183.8175,0,[62.38706,145.0009]]],[83,[98.99706,187.603,0,[66.47371,146.0009]]],[14,[99.2506,186.5668,0,[63.96973,145.0009]]],[215,[98.22556,180.9273,0,[69.99959,146.9607]]],[26,[99.5956,187.3045,0,[65.06208,146.0009]]],[195,[98.80653,188.3052,0,[67.86192,146.0009]]],[282,[96.31774,162.4236,0,[73.03805,147.0009]]],[235,[97.68124,176.3902,0,[71.30574,147.0009]]],[214,[98.40886,182.7312,0,[69.34501,146.0009]]],[47,[100.1739,186.7457,0,[59.05942,145.0009]]],[132,[100.1709,173.4933,0,[60.68481,145.0009]]],[1,[100.0556,182.8333,0,[62.33848,145.0009]]],[114,[99.70123,189.711,0,[66.52213,146.0009]]],[68,[100.3549,188.2869,0,[64.32735,146.0009]]],[369,[99.256,178.2036,0,[68.324,146.0009]]],[355,[97.18507,152.7388,0,[72.67995,147.0009]]],[510,[98.96538,160.4075,0,[70.19782,147.0009]]],[236,[98.32103,179.4048,0,[71.28975,147.0009]]],[53,[100.4738,189.2171,0,[63.11108,145.0009]]],[151,[100.5599,192.841,0,[65.66632,146.0009]]],[415,[99.13013,169.3612,0,[69.75078,146.0009]]],[237,[100.1049,188.1763,0,[67.38624,146.0009]]],[84,[100.9534,193.8843,0,[63.9995,145.766]]],[6,[101.0216,190.7086,0,[61.33764,145.0009]]],[234,[97.89496,173.4371,0,[72.65086,147.0009]]],[511,[99.31147,162.8701,0,[71.02003,147.0009]]],[56,[101.399,181.85,0,[59.50025,145.0009]]],[498,[99.95756,166.7161,0,[68.79765,146.0009]]],[507,[98.6552,158.1451,0,[72.30113,147.0009]]],[217,[101.37,194.7567,0,[64.9095,146.0009]]],[514,[100.8579,171.5635,0,[66.7369,146.0009]]],[523,[100.1203,162.981,0,[70.02167,147.0009]]],[0,[101.409,180.5802,0,[63.51637,145.0009]]],[20,[101.6511,184.5301,0,[61.91543,145.0009]]],[3,[102.0573,187.5573,0,[60.16719,145.0009]]],[525,[100.3954,166.8594,0,[69.29252,146.0009]]],[499,[101.6481,174.3756,0,[65.92467,146.0009]]],[321,[102.1793,185.5393,0,[64.05025,146.0009]]],[524,[101.111,166.6942,0,[67.77336,146.0009]]],[345,[99.31197,170.9097,0,[72.3878,147.0009]]],[411,[100.1075,163.907,0,[71.45105,147.0009]]],[534,[100.773,161.874,0,[70.23445,147.0009]]],[32,[102.5908,187.2715,0,[58.32442,145.0009]]],[54,[102.377,193.343,0,[62.63995,145.0009]]],[538,[101.0357,169.538,0,[69.14375,146.0009]]],[512,[101.8839,169.9347,0,[66.9951,146.0009]]],[537,[102.4821,175.0166,0,[65.02966,146.0009]]],[40,[102.7294,177.6101,0,[60.89755,145.0009]]],[413,[102.4942,179.7785,0,[63.90139,145.0009]]],[536,[101.3681,165.8994,0,[70.14326,147.0009]]],[542,[101.79,166.416,0,[68.43978,146.0009]]],[546,[100.7503,164.303,0,[71.65666,147.0009]]],[513,[102.6673,171.7344,0,[66.11379,146.0009]]],[130,[103.2923,175.4984,0,[59.05022,145.0009]]],[269,[99.90823,167.1712,0,[72.85928,147.0009]]],[550,[101.5578,166.0765,0,[69.99956,146.1089]]],[417,[103.314,186.4895,0,[61.85043,145.0009]]],[438,[103.3696,183.1016,0,[64.42089,146.0009]]],[436,[102.6019,177.9409,0,[67.55381,146.0009]]],[544,[101.3784,165.4249,0,[71.41879,147.0009]]],[15,[103.7853,193.2311,0,[60.05726,145.0009]]],[129,[103.4085,195.587,0,[63.21827,145.0009]]],[527,[102.2823,172.3443,0,[69.12788,146.0009]]],[12,[103.6128,183.5171,0,[65.46472,146.0009]]],[211,[100.6757,171.8428,0,[73.01121,147.0009]]],[545,[102.4861,169.7135,0,[70.18586,147.0009]]],[39,[104.1114,194.0596,0,[63.99953,145.9152]]],[526,[103.3617,174.2875,0,[66.86016,146.0009]]],[173,[104.1994,198.1451,0,[61.3918,145.0009]]],[30,[104.5165,185.862,0,[58.27171,145.0009]]],[522,[101.9584,158.2817,0,[71.4591,147.0009]]],[547,[103.023,172.7507,0,[68.44098,146.0009]]],[134,[104.2291,176.751,0,[62.89633,145.0009]]],[16,[104.2267,177.9848,0,[65.6674,146.0009]]],[549,[102.761,168.2104,0,[69.99957,146.2574]]],[439,[103.7838,183.1879,0,[67.52676,146.0009]]],[19,[104.8477,186.538,0,[59.46904,145.0009]]],[59,[104.609,184.0566,0,[63.99952,145.2832]]],[434,[103.415,176.9762,0,[69.12115,146.0009]]],[520,[101.4565,155.4589,0,[72.87802,147.0009]]],[133,[105.0487,177.0113,0,[60.7717,145.0009]]],[552,[102.637,167.9925,0,[71.33507,147.0009]]],[18,[105.0005,183.9313,0,[62.33381,145.0009]]],[531,[103.2489,161.1663,0,[71.0994,147.0009]]],[99,[104.542,192.6537,0,[66.85905,146.0009]]],[9,[105.1109,183.6801,0,[64.92841,146.0009]]],[554,[103.8367,174.9735,0,[69.99956,146.8868]]],[435,[104.2511,178.2284,0,[68.59438,146.0009]]],[22,[105.4591,188.4153,0,[63.30131,145.0009]]],[11,[105.3215,184.7444,0,[66.07156,146.0009]]],[189,[102.3392,172.4515,0,[72.66431,147.0009]]],[455,[103.8002,155.542,0,[71.4231,147.0009]]],[136,[105.9779,181.819,0,[59.78023,145.0009]]],[529,[104.2611,163.2165,0,[69.99956,146.3794]]],[135,[105.936,181.4673,0,[61.4715,145.0009]]],[541,[103.1186,161.4938,0,[72.68308,147.0009]]],[437,[105.0789,178.5647,0,[67.70335,146.0009]]],[7,[106.0911,182.838,0,[64.14481,146.0009]]],[521,[104.8749,162.2258,0,[69.28777,146.0009]]],[2,[106.1416,187.0446,0,[65.51137,146.0009]]],[508,[104.4709,158.7585,0,[71.23586,147.0009]]],[553,[105.9157,176.5792,0,[67.05807,146.0009]]],[29,[106.4263,185.3449,0,[62.97619,145.0009]]],[516,[105.2039,158.0127,0,[70.34992,147.0009]]],[17,[106.9094,186.9601,0,[64.05798,146.0009]]],[532,[103.9939,159.6355,0,[72.67366,147.0009]]],[515,[105.6813,161.8603,0,[68.65353,146.0009]]],[196,[106.9082,169.3932,0,[61.13,145.0009]]],[38,[106.8391,192.3845,0,[65.73451,146.0009]]],[485,[105.7987,157.5095,0,[69.99957,146.542]]],[551,[106.5096,177.3966,0,[67.47028,146.0009]]],[337,[105.4815,167.5051,0,[71.51681,147.0009]]],[501,[106.2335,160.779,0,[69.13436,146.0009]]],[174,[107.5035,171.8803,0,[62.28769,145.0009]]],[506,[104.7861,155.7831,0,[72.4137,147.0009]]],[55,[107.4939,183.892,0,[63.92007,145.0009]]],[518,[106.2542,157.4551,0,[70.87679,147.0009]]],[28,[107.867,186.0349,0,[65.10867,146.0009]]],[548,[107.4165,173.8993,0,[66.80698,146.0009]]],[283,[107.0702,175.2158,0,[68.47589,146.0009]]],[356,[106.765,163.2237,0,[69.99957,146.4219]]],[233,[106.0608,174.2417,0,[72.4732,147.0009]]],[365,[106.8222,167.8042,0,[71.28706,147.0009]]],[297,[107.9311,173.8906,0,[67.84283,146.0009]]],[354,[107.3353,155.8942,0,[69.70626,146.0009]]],[152,[108.4913,172.0749,0,[66.0513,146.0009]]],[10,[108.992,190.7584,0,[64.2111,146.0009]]],[333,[107.6201,163.9831,0,[71.00002,147.0009]]],[188,[106.9309,176.5883,0,[72.56741,147.0009]]],[360,[108.3357,165.2859,0,[68.9504,146.0009]]],[361,[108.8963,170.699,0,[67.17838,146.0009]]],[340,[108.481,174.2877,0,[70.19386,147.0009]]],[509,[108.1171,161.004,0,[71.91475,147.0009]]],[168,[109.0643,186.1723,0,[69.82849,146.0009]]],[535,[108.968,164.3795,0,[71.17499,147.0009]]]

Travel Distances:
[346,181.2882],[371,180.6383],[372,183.0716],[347,182.3691],[396,183.5855],[323,185.8727],[349,185.5367],[373,184.9496],[348,184.4652],[324,185.8312],[300,187.9429],[398,186.0959],[322,186.7242],[350,187.4871],[399,185.5262],[325,187.8473],[375,186.648],[301,187.915],[397,185.0587],[351,189.5129],[401,187.045],[374,188.1867],[376,188.0692],[326,189.8773],[352,189.3752],[402,188.049],[422,184.7242],[302,189.8828],[400,187.0096],[353,190.8948],[426,188.8139],[328,191.3729],[327,191.8581],[306,190.5416],[377,188.7323],[425,188.3113],[424,185.7645],[270,192.1353],[303,193.7665],[255,193.5495],[427,190.5432],[403,190.1873],[271,193.3791],[240,193.6337],[285,191.529],[256,193.5103],[305,193.7628],[423,185.878],[329,190.6425],[378,192.1298],[448,189.4559],[257,194.9017],[428,191.632],[241,195.8281],[242,195.4001],[272,194.0142],[218,195.5338],[330,190.2454],[304,195.7734],[405,190.3211],[258,194.447],[404,193.3535],[243,196.7913],[449,191.3732],[221,197.4608],[220,197.5866],[381,192.9149],[450,192.0652],[273,195.2718],[286,193.875],[287,193.7827],[259,196.3893],[447,189.1727],[219,197.6627],[244,196.899],[380,195.6859],[379,194.9422],[307,193.325],[289,197.0225],[274,197.3799],[245,198.8319],[451,193.299],[222,199.0592],[429,192.7839],[223,198.8897],[406,192.6982],[198,199.6098],[463,192.4647],[260,199.5151],[276,199.4047],[288,196.4514],[308,194.4193],[465,193.024],[246,200.7716],[200,200.8589],[199,201.0981],[331,195.6641],[357,197.0986],[197,200.7972],[262,200.1742],[275,196.7789],[224,200.1878],[452,193.4536],[261,199.9543],[277,201.1783],[430,195.8155],[309,195.6232],[177,202.7045],[248,201.2808],[332,199.6039],[225,202.2567],[176,203.1116],[247,201.1247],[290,198.5337],[407,195.0186],[201,202.0705],[461,189.8953],[408,195.3569],[263,200.0432],[249,203.6354],[382,195.7366],[226,203.6838],[227,203.6767],[279,202.1638],[466,193.2906],[202,204.5507],[310,196.7992],[383,195.4151],[203,204.5531],[453,197.3216],[264,202.0221],[291,198.6444],[358,199.077],[204,203.9535],[250,203.564],[280,201.8506],[175,204.0779],[481,194.3602],[278,201.0117],[265,204.1074],[335,200.6527],[464,192.3317],[155,204.1877],[228,205.3281],[179,205.6654],[251,205.6961],[266,203.6693],[431,197.2745],[293,200.8601],[294,201.0153],[311,196.8368],[467,195.5952],[207,204.5442],[359,197.3774],[482,195.118],[178,207.6434],[384,199.7519],[230,205.0181],[205,207.2296],[229,206.9122],[180,206.4536],[295,202.3931],[313,198.9297],[184,206.3956],[137,206.207],[468,196.8852],[483,196.9345],[362,201.4405],[420,185.9],[252,203.9911],[454,195.8922],[206,206.64],[181,207.4877],[116,209.3138],[138,208.4855],[154,206.1323],[156,206.6705],[208,206.4876],[459,188.6502],[339,202.6567],[432,197.2628],[314,200.8505],[334,200.3975],[480,193.9798],[281,204.1198],[115,208.8081],[139,208.6753],[231,205.5988],[102,209.0138],[409,197.6231],[182,209.6115],[363,203.5757],[267,205.6826],[315,201.547],[479,194.7494],[118,209.9736],[316,202.9371],[117,210.1849],[387,200.3167],[101,209.9479],[161,207.2198],[469,196.9731],[100,210.535],[385,201.3619],[478,193.675],[158,209.1754],[232,207.7327],[119,212.2382],[103,211.5885],[140,209.9816],[390,205.6252],[87,211.658],[364,204.6223],[292,200.1232],[386,200.2083],[86,212.1915],[253,205.7226],[474,190.1145],[89,212.7611],[105,212.0442],[441,189.3394],[104,211.7755],[183,211.4082],[162,207.7222],[367,204.3073],[389,201.9685],[296,205.4957],[475,192.0641],[72,213.4413],[141,211.9001],[88,212.7749],[85,212.5599],[90,213.5273],[185,208.7184],[495,195.4267],[163,209.9825],[343,208.5647],[317,203.4816],[366,207.7902],[106,212.6286],[131,207.1514],[71,211.9869],[91,213.1274],[75,213.5292],[421,187.9373],[120,212.2689],[477,193.6494],[157,209.2333],[476,191.3361],[142,211.8466],[122,214.3079],[318,205.2017],[368,206.6988],[107,214.8757],[344,208.6324],[61,215.4753],[76,214.2717],[299,209.4022],[186,208.9049],[187,211.9562],[144,214.91],[388,204.2488],[121,214.7125],[320,210.2379],[336,200.6629],[60,216.7151],[93,217.4126],[92,217.3911],[58,216.2004],[497,197.4498],[319,209.2286],[108,215.2063],[143,212.5351],[410,199.3685],[94,216.5652],[493,194.4591],[78,216.1914],[268,205.9912],[31,214.4855],[391,206.7818],[77,219.4769],[57,216.7598],[123,216.1139],[446,191.2384],[489,191.8223],[110,218.7377],[298,209.1351],[159,213.6925],[164,211.3094],[412,202.6987],[63,217.5288],[109,216.6464],[254,208.818],[416,206.6316],[145,214.8235],[209,212.0713],[62,217.1361],[79,219.4843],[95,219.797],[210,215.7903],[73,216.7811],[212,216.9075],[124,217.7561],[473,191.2425],[48,219.0408],[166,213.2865],[494,195.8213],[74,218.7534],[146,216.4575],[342,206.4774],[414,205.4335],[125,218.8274],[80,219.3093],[338,201.9811],[147,217.1556],[496,197.0224],[64,219.1418],[484,198.8308],[43,217.415],[46,218.8181],[167,214.8294],[96,221.5961],[126,220.2695],[190,214.5179],[112,220.1238],[392,209.6529],[460,191.1801],[160,215.3867],[312,199.7631],[49,219.5893],[488,192.2652],[491,194.2848],[33,218.9694],[492,195.6669],[66,219.692],[148,218.4881],[127,219.1684],[65,219.5089],[193,218.0229],[45,219.7061],[504,194.2047],[393,211.6294],[487,191.5408],[36,220.175],[341,205.2987],[23,221.8541],[81,220.0383],[111,219.1786],[472,191.363],[42,218.3588],[50,221.1703],[502,191.7477],[433,204.5749],[170,216.9938],[44,217.2607],[4,219.38],[51,220.3998],[52,220.9573],[165,214.0917],[490,197.0893],[128,223.6789],[27,213.8811],[153,208.8465],[517,195.0008],[34,221.8273],[37,223.2333],[98,223.4328],[82,222.1319],[503,194.599],[97,221.0922],[457,186.9346],[172,221.925],[462,191.9144],[540,196.3309],[70,215.9136],[284,208.9548],[113,225.3434],[13,223.951],[25,224.1336],[150,224.589],[149,221.0069],[456,191.4165],[69,226.4561],[443,188.6162],[442,188.793],[35,224.0578],[171,221.1333],[216,220.9211],[194,223.9823],[505,197.4261],[169,216.5968],[24,223.8458],[533,198.826],[5,222.1618],[191,216.6442],[213,218.0428],[67,225.1312],[41,218.7063],[192,217.1459],[238,221.6814],[239,225.4906],[8,219.5915],[519,198.6678],[21,221.1846],[444,190.8611],[458,192.0027],[83,225.4854],[14,224.0645],[215,220.4118],[26,224.1111],[195,226.6453],[282,205.1526],[235,216.8338],[486,192.0568],[214,223.7783],[530,200.5974],[47,224.3869],[132,211.1423],[1,220.678],[114,228.298],[68,225.547],[369,217.6276],[445,191.0826],[355,195.7353],[370,181.9854],[419,187.0661],[510,200.4583],[236,220.6772],[53,226.2682],[395,185.5433],[151,229.7197],[415,209.0444],[237,225.9629],[84,231.9481],[6,228.6103],[234,217.3805],[418,192.1605],[511,204.17],[56,219.0409],[498,206.6585],[507,200.6813],[217,232.015],[394,186.5949],[471,191.144],[514,209.8401],[523,202.6733],[0,217.7613],[20,221.2269],[500,194.8189],[3,223.4389],[525,206.0511],[499,213.0748],[321,223.1505],[524,206.4436],[345,214.1099],[411,205.6647],[528,199.223],[534,202.3019],[32,224.0656],[440,191.6782],[54,230.5871],[538,209.4086],[512,208.1633],[537,212.0512],[40,214.1499],[413,216.7894],[543,204.2984],[536,207.0408],[542,206.7582],[546,206.7671],[513,210.3645],[130,212.8696],[269,211.0504],[470,192.8212],[550,206.9034],[417,223.8579],[438,220.3599],[436,216.7327],[544,206.5376],[15,229.6564],[129,232.7687],[539,203.4814],[527,211.7519],[12,220.2896],[211,214.0382],[545,210.6916],[39,231.816],[526,213.4946],[173,235.7421],[30,222.8036],[522,200.0819],[547,212.5748],[134,214.2899],[16,215.529],[549,208.4815],[439,221.6137],[19,222.8307],[59,220.8374],[434,216.0881],[520,198.0565],[133,214.8857],[552,210.6303],[18,221.8708],[531,202.6244],[99,231.5537],[9,221.4496],[554,215.2489],[435,217.6816],[22,225.4951],[11,222.0995],[189,215.3988],[455,195.8813],[136,217.8565],[529,202.5542],[135,219.5276],[541,205.0524],[437,218.3841],[7,220.6477],[521,202.4562],[2,224.7568],[508,199.6861],[553,214.7311],[29,222.491],[516,197.5588],[17,223.1386],[532,201.498],[515,202.4267],[196,207.5517],[38,230.6943],[485,197.888],[551,216.3623],[337,208.5094],[501,200.2711],[174,208.8721],[506,198.0757],[55,222.8992],[518,198.8573],[28,224.2991],[548,213.0629],[283,215.0551],[356,203.6472],[233,216.0366],[365,208.0833],[297,212.0158],[354,197.151],[152,211.0884],[10,228.7727],[333,204.6639],[188,218.528],[360,204.6014],[361,208.9036],[340,215.1367],[509,202.687],[168,226.0327],[535,204.3476]

Finish Times:
[346,92.16173],[371,92.68174],[372,93.40176],[347,93.80177],[396,94.00177],[323,94.04177],[349,94.44178],[373,94.64178],[348,94.72179],[324,94.88179],[300,95.00179],[398,95.1218],[322,95.1618],[350,95.2018],[399,95.3618],[325,95.64181],[375,95.68181],[301,95.88181],[397,95.96181],[351,96.04182],[401,96.08182],[374,96.40182],[376,96.48183],[326,96.56183],[352,96.76183],[402,96.76183],[422,96.76183],[302,96.92184],[400,96.92184],[353,96.96184],[426,97.36185],[328,97.52185],[327,97.56185],[306,97.60185],[377,97.64185],[425,97.64185],[424,97.88186],[270,98.04186],[303,98.08186],[255,98.16187],[427,98.16187],[403,98.32187],[271,98.40187],[240,98.76188],[285,98.76188],[256,98.88188],[305,98.92188],[423,98.92188],[329,98.96188],[378,99.00188],[448,99.04189],[257,99.24189],[428,99.28189],[241,99.40189],[242,99.4819],[272,99.5619],[218,99.7219],[330,99.8419],[304,99.8819],[405,99.8819],[258,99.92191],[404,99.96191],[243,100.0019],[449,100.0419],[221,100.2419],[220,100.3219],[381,100.3219],[450,100.5219],[273,100.6019],[286,100.6019],[287,100.6019],[259,100.7219],[447,100.7219],[219,100.8019],[244,100.9219],[380,100.9619],[379,101.1219],[307,101.2419],[289,101.2819],[274,101.3219],[245,101.3619],[451,101.3619],[222,101.4819],[429,101.5219],[223,101.6819],[406,101.7219],[198,101.7619],[463,101.962],[260,102.002],[276,102.082],[288,102.082],[308,102.162],[465,102.202],[246,102.242],[200,102.322],[199,102.362],[331,102.442],[357,102.442],[197,102.682],[262,102.682],[275,102.802],[224,102.842],[452,102.842],[261,102.922],[277,102.962],[430,102.962],[309,103.242],[177,103.282],[248,103.362],[332,103.362],[225,103.482],[176,103.522],[247,103.522],[290,103.562],[407,103.602],[201,103.642],[461,103.642],[408,103.682],[263,103.722],[249,103.962],[382,103.962],[226,104.082],[227,104.162],[279,104.242],[466,104.242],[202,104.442],[310,104.442],[383,104.442],[203,104.522],[453,104.522],[264,104.562],[291,104.562],[358,104.722],[204,104.762],[250,104.762],[280,104.922],[175,105.002],[481,105.002],[278,105.042],[265,105.082],[335,105.162],[464,105.242],[155,105.322],[228,105.402],[179,105.442],[251,105.482],[266,105.482],[431,105.482],[293,105.602],[294,105.762],[311,105.842],[467,105.842],[207,105.882],[359,105.882],[482,105.922],[178,106.042],[384,106.042],[230,106.122],[205,106.162],[229,106.162],[180,106.3621],[295,106.5221],[313,106.5221],[184,106.5621],[137,106.6021],[468,106.6021],[483,106.6821],[362,106.7221],[420,106.8021],[252,106.8421],[454,106.8421],[206,106.8821],[181,107.0021],[116,107.2421],[138,107.2421],[154,107.2821],[156,107.2821],[208,107.2821],[459,107.3221],[339,107.3621],[432,107.3621],[314,107.6021],[334,107.6021],[480,107.6421],[281,107.6821],[115,107.7221],[139,107.8421],[231,107.8421],[102,107.9221],[409,107.9221],[182,108.0421],[363,108.1221],[267,108.2421],[315,108.4021],[479,108.4021],[118,108.4821],[316,108.4821],[117,108.5221],[387,108.5621],[101,108.6021],[161,108.6021],[469,108.6021],[100,108.6421],[385,108.6421],[478,108.6421],[158,108.8021],[232,108.9621],[119,109.0421],[103,109.0821],[140,109.1221],[390,109.2021],[87,109.3221],[364,109.3221],[292,109.3621],[386,109.4021],[86,109.4821],[253,109.4821],[474,109.5221],[89,109.6421],[105,109.6421],[441,109.6821],[104,109.7221],[183,109.8421],[162,109.8821],[367,109.9221],[389,109.9221],[296,109.9621],[475,110.1621],[72,110.2021],[141,110.2021],[88,110.2421],[85,110.2821],[90,110.2821],[185,110.4021],[495,110.4421],[163,110.4821],[343,110.5621],[317,110.7222],[366,110.7222],[106,110.8022],[131,110.8422],[71,110.8822],[91,110.8822],[75,110.9222],[421,111.0022],[120,111.0422],[477,111.0422],[157,111.2422],[476,111.2422],[142,111.3222],[122,111.4022],[318,111.4022],[368,111.4422],[107,111.4822],[344,111.5222],[61,111.5622],[76,111.6422],[299,111.8022],[186,111.8822],[187,111.9622],[144,112.0022],[388,112.0422],[121,112.1222],[320,112.1622],[336,112.1622],[60,112.2422],[93,112.2422],[92,112.2822],[58,112.3222],[497,112.4422],[319,112.5622],[108,112.6022],[143,112.6422],[410,112.6822],[94,112.7222],[493,112.7622],[78,112.8022],[268,112.8822],[31,112.9222],[391,112.9622],[77,113.0022],[57,113.0822],[123,113.1222],[446,113.1222],[489,113.2022],[110,113.2822],[298,113.2822],[159,113.3222],[164,113.3222],[412,113.4022],[63,113.4422],[109,113.5622],[254,113.5622],[416,113.6022],[145,113.7622],[209,113.8022],[62,113.8422],[79,113.9622],[95,114.0022],[210,114.0422],[73,114.0822],[212,114.0822],[124,114.1622],[473,114.1622],[48,114.2022],[166,114.3222],[494,114.3222],[74,114.3622],[146,114.4822],[342,114.4822],[414,114.4822],[125,114.5222],[80,114.5622],[338,114.6422],[147,114.7222],[496,114.7622],[64,114.8422],[484,114.9222],[43,115.0423],[46,115.0823],[167,115.0823],[96,115.1223],[126,115.1223],[190,115.1623],[112,115.2823],[392,115.2823],[460,115.2823],[160,115.4423],[312,115.4423],[49,115.4823],[488,115.5223],[491,115.5223],[33,115.6023],[492,115.6023],[66,115.6423],[148,115.7223],[127,115.8023],[65,115.8823],[193,115.8823],[45,116.0423],[504,116.1623],[393,116.2023],[487,116.2023],[36,116.2423],[341,116.2423],[23,116.2823],[81,116.2823],[111,116.3623],[472,116.4023],[42,116.4423],[50,116.4823],[502,116.6423],[433,116.6823],[170,116.7223],[44,116.7623],[4,116.8023],[51,116.8823],[52,116.8823],[165,116.9623],[490,116.9623],[128,117.0023],[27,117.2423],[153,117.2423],[517,117.2423],[34,117.2823],[37,117.3623],[98,117.4023],[82,117.4423],[503,117.4823],[97,117.5223],[457,117.5223],[172,117.5623],[462,117.6423],[540,117.7223],[70,117.8823],[284,117.8823],[113,117.9623],[13,118.0023],[25,118.0023],[150,118.0423],[149,118.1623],[456,118.2023],[69,118.3623],[443,118.4023],[442,118.4423],[35,118.4823],[171,118.5223],[216,118.5223],[194,118.5623],[505,118.6023],[169,118.6423],[24,118.6823],[533,118.8423],[5,118.8823],[191,118.9223],[213,118.9623],[67,119.0023],[41,119.0423],[192,119.2023],[238,119.2023],[239,119.2023],[8,119.2823],[519,119.2823],[21,119.4024],[444,119.4424],[458,119.4824],[83,119.6024],[14,119.6424],[215,119.6824],[26,119.7624],[195,119.7624],[282,119.7624],[235,119.8424],[486,119.8824],[214,119.9624],[530,119.9624],[47,120.0424],[132,120.0824],[1,120.1624],[114,120.2424],[68,120.3224],[369,120.4024],[445,120.4024],[355,120.4424],[370,120.4424],[419,120.4824],[510,120.4824],[236,120.5224],[53,120.6424],[395,120.8024],[151,120.8424],[415,120.8824],[237,120.9224],[84,120.9624],[6,121.0024],[234,121.1624],[418,121.2424],[511,121.2424],[56,121.2824],[498,121.3224],[507,121.3624],[217,121.4424],[394,121.4424],[471,121.4424],[514,121.4824],[523,121.6024],[0,121.6424],[20,121.6424],[500,121.8424],[3,121.8824],[525,121.8824],[499,122.0024],[321,122.0824],[524,122.0824],[345,122.2424],[411,122.2824],[528,122.3224],[534,122.3224],[32,122.3624],[440,122.4424],[54,122.4824],[538,122.5224],[512,122.5624],[537,122.6024],[40,122.6424],[413,122.8424],[543,122.8824],[536,122.9624],[542,123.0024],[546,123.0424],[513,123.0824],[130,123.1224],[269,123.2024],[470,123.2824],[550,123.2824],[417,123.3224],[438,123.3624],[436,123.4824],[544,123.5624],[15,123.6024],[129,123.6024],[539,123.6824],[527,123.7225],[12,123.8425],[211,123.9225],[545,124.0025],[39,124.0425],[526,124.0425],[173,124.2025],[30,124.2825],[522,124.2825],[547,124.2825],[134,124.4025],[16,124.5225],[549,124.6025],[439,124.6425],[19,124.7225],[59,124.8425],[434,124.8425],[520,124.8425],[133,125.0025],[552,125.0825],[18,125.1225],[531,125.1625],[99,125.2025],[9,125.2425],[554,125.2825],[435,125.4825],[22,125.6825],[11,125.7225],[189,125.8025],[455,125.8425],[136,125.8825],[529,125.9225],[135,125.9625],[541,125.9625],[437,126.0025],[7,126.0425],[521,126.3225],[2,126.4425],[508,126.5225],[553,126.6425],[29,126.6825],[516,126.7225],[17,126.8825],[532,126.9225],[515,126.9625],[196,127.0425],[38,127.2025],[485,127.3625],[551,127.3625],[337,127.6025],[501,127.6425],[174,127.7225],[506,127.7225],[55,127.9625],[518,128.0425],[28,128.0825],[548,128.0825],[283,128.2425],[356,128.3625],[233,128.6824],[365,128.7624],[297,128.9224],[354,128.9624],[152,129.0024],[10,129.1624],[333,129.3623],[188,129.5223],[360,129.6823],[361,129.7223],[340,129.9622],[509,130.2822],[168,130.6821],[535,130.7221]

Stuck Times:
[346,0],[371,0],[372,0],[347,0],[396,0],[323,0],[349,0],[373,0],[348,0],[324,0],[300,0],[398,0],[322,0],[350,0],[399,0],[325,0],[375,0],[301,0],[397,1],[351,0],[401,0],[374,0],[376,0],[326,0],[352,0],[402,0],[422,1],[302,0],[400,0],[353,0],[426,0],[328,0],[327,0],[306,0],[377,0],[425,0],[424,1],[270,0],[303,0],[255,0],[427,0],[403,0],[271,0],[240,0],[285,0],[256,0],[305,0],[423,2],[329,0],[378,0],[448,0],[257,0],[428,0],[241,0],[242,0],[272,0],[218,0],[330,0],[304,0],[405,0],[258,0],[404,0],[243,0],[449,0],[221,0],[220,0],[381,0],[450,0],[273,0],[286,0],[287,0],[259,0],[447,1],[219,0],[244,0],[380,0],[379,0],[307,1],[289,0],[274,0],[245,0],[451,0],[222,0],[429,0],[223,0],[406,0],[198,0],[463,1],[260,0],[276,0],[288,0],[308,0],[465,0],[246,0],[200,0],[199,0],[331,0],[357,0],[197,0],[262,0],[275,0],[224,0],[452,0],[261,0],[277,0],[430,0],[309,0],[177,0],[248,0],[332,0],[225,0],[176,0],[247,0],[290,0],[407,0],[201,0],[461,4],[408,0],[263,0],[249,0],[382,0],[226,0],[227,0],[279,0],[466,1],[202,0],[310,0],[383,1],[203,0],[453,0],[264,0],[291,0],[358,0],[204,0],[250,0],[280,0],[175,1],[481,1],[278,0],[265,0],[335,0],[464,3],[155,0],[228,0],[179,0],[251,0],[266,0],[431,1],[293,0],[294,0],[311,1],[467,1],[207,0],[359,1],[482,1],[178,0],[384,0],[230,0],[205,1],[229,0],[180,0],[295,0],[313,1],[184,0],[137,0],[468,0],[483,0],[362,0],[420,11],[252,0],[454,1],[206,1],[181,1],[116,0],[138,0],[154,2],[156,1],[208,0],[459,12],[339,0],[432,3],[314,0],[334,0],[480,4],[281,0],[115,0],[139,0],[231,0],[102,0],[409,4],[182,0],[363,0],[267,0],[315,0],[479,8],[118,0],[316,0],[117,0],[387,2],[101,0],[161,0],[469,3],[100,0],[385,1],[478,9],[158,0],[232,0],[119,0],[103,0],[140,0],[390,1],[87,0],[364,0],[292,4],[386,4],[86,0],[253,0],[474,13],[89,0],[105,0],[441,15],[104,0],[183,1],[162,0],[367,3],[389,2],[296,1],[475,12],[72,0],[141,0],[88,1],[85,1],[90,0],[185,0],[495,10],[163,0],[343,1],[317,2],[366,0],[106,0],[131,4],[71,0],[91,0],[75,0],[421,18],[120,0],[477,13],[157,4],[476,15],[142,0],[122,0],[318,2],[368,3],[107,0],[344,1],[61,0],[76,0],[299,2],[186,0],[187,0],[144,0],[388,4],[121,0],[320,3],[336,3],[60,0],[93,0],[92,0],[58,1],[497,12],[319,0],[108,0],[143,0],[410,8],[94,0],[493,15],[78,0],[268,2],[31,0],[391,3],[77,0],[57,0],[123,0],[446,17],[489,17],[110,0],[298,3],[159,4],[164,0],[412,9],[63,0],[109,0],[254,0],[416,3],[145,0],[209,3],[62,0],[79,0],[95,0],[210,1],[73,2],[212,0],[124,0],[473,21],[48,0],[166,2],[494,18],[74,1],[146,0],[342,4],[414,9],[125,0],[80,0],[338,5],[147,0],[496,15],[64,1],[484,13],[43,2],[46,2],[167,2],[96,0],[126,0],[190,1],[112,0],[392,6],[460,23],[160,5],[312,10],[49,0],[488,19],[491,18],[33,1],[492,17],[66,0],[148,0],[127,0],[65,0],[193,1],[45,3],[504,18],[393,5],[487,21],[36,0],[341,7],[23,0],[81,0],[111,1],[472,20],[42,4],[50,0],[502,20],[433,10],[170,0],[44,3],[4,0],[51,0],[52,0],[165,2],[490,18],[128,0],[27,6],[153,13],[517,21],[34,1],[37,1],[98,0],[82,0],[503,18],[97,0],[457,26],[172,0],[462,23],[540,20],[70,8],[284,3],[113,0],[13,0],[25,0],[150,1],[149,0],[456,21],[69,0],[443,26],[442,25],[35,0],[171,1],[216,1],[194,1],[505,17],[169,4],[24,0],[533,19],[5,0],[191,1],[213,3],[67,0],[41,6],[192,3],[238,2],[239,1],[8,7],[519,18],[21,3],[444,25],[458,26],[83,0],[14,0],[215,3],[26,0],[195,0],[282,12],[235,3],[486,22],[214,3],[530,19],[47,5],[132,13],[1,6],[114,0],[68,0],[369,10],[445,24],[355,23],[370,27],[419,24],[510,15],[236,4],[53,0],[395,26],[151,0],[415,10],[237,3],[84,0],[6,0],[234,5],[418,24],[511,16],[56,8],[498,14],[507,17],[217,0],[394,27],[471,27],[514,12],[523,17],[0,6],[20,6],[500,24],[3,4],[525,15],[499,13],[321,8],[524,17],[345,7],[411,13],[528,23],[534,17],[32,6],[440,26],[54,0],[538,14],[512,14],[537,14],[40,10],[413,12],[543,20],[536,15],[542,18],[546,15],[513,14],[130,18],[269,7],[470,27],[550,17],[417,8],[438,11],[436,13],[544,16],[15,4],[129,3],[539,20],[527,13],[12,8],[211,8],[545,16],[39,0],[526,14],[173,1],[30,8],[522,18],[547,14],[134,15],[16,13],[549,17],[439,12],[19,8],[59,12],[434,14],[520,18],[133,18],[552,15],[18,9],[531,18],[99,3],[9,10],[554,15],[435,12],[22,7],[11,7],[189,9],[455,23],[136,16],[529,23],[135,16],[541,17],[437,17],[7,10],[521,21],[2,9],[508,26],[553,16],[29,13],[516,25],[17,9],[532,21],[515,24],[196,24],[38,5],[485,25],[551,15],[337,19],[501,23],[174,23],[506,23],[55,14],[518,26],[28,11],[548,20],[283,17],[356,27],[233,13],[365,18],[297,19],[354,32],[152,24],[10,9],[333,25],[188,12],[360,25],[361,23],[340,19],[509,26],[168,11],[535,23]

