Experiment Name: Custom-MultiplePaths2
Method Used: FlowGraph
Run Number: 8
Preparation Time: 105.1737ms
Pathfinding Time: 14.001ms
Finish Time: 144.5598ms
Finish Time 90%: 138.0809ms
Repaths: 0
Soft Repaths: 0

Gates Data:
2:[322,[22.19125,44.38047,0,[128.3337,79.001]]],[323,[22.64424,45.28752,0,[130.1641,80.001]]],[317,[23.19635,46.34262,0,[131.2071,80.001]]],[316,[22.75034,45.48775,0,[129.277,79.001]]],[318,[23.22574,46.4434,0,[132.619,80.001]]],[306,[23.72437,47.40411,0,[130.4875,80.001]]],[305,[23.34194,46.66362,0,[129.2389,79.001]]],[307,[23.81794,47.6129,0,[132.0761,80.001]]],[324,[22.68691,45.37041,0,[133.4138,80.001]]],[292,[24.2546,48.4672,0,[130.9951,80.001]]],[291,[23.89806,47.76941,0,[129.6765,79.001]]],[293,[24.37785,48.73398,0,[132.0959,80.001]]],[304,[23.20168,46.38772,0,[127.8912,79.001]]],[276,[24.77545,49.49876,0,[130.6559,80.001]]],[290,[23.74522,47.46877,0,[128.2963,79.001]]],[315,[22.67087,45.3392,0,[127.154,79.001]]],[294,[24.25143,48.4786,0,[133.343,80.001]]],[275,[24.52779,49.0023,0,[129.6461,79.001]]],[289,[23.77318,47.52388,0,[126.9994,79.001]]],[277,[24.97098,49.89714,0,[131.8978,80.001]]],[259,[25.30457,50.54702,0,[130.9794,80.001]]],[274,[24.28395,48.54859,0,[128.6433,79.001]]],[258,[25.07008,50.0659,0,[129.7366,79.001]]],[278,[24.79393,49.56599,0,[133.0009,80.001]]],[303,[23.23737,46.46046,0,[126.4162,79.001]]],[273,[24.30206,48.56716,0,[127.4838,79.001]]],[260,[25.51123,50.9812,0,[132.2052,80.001]]],[257,[24.81813,49.58792,0,[128.3297,79.001]]],[308,[23.6992,47.38486,0,[133.6718,80.001]]],[295,[24.25716,48.49546,0,[134.6901,80.001]]],[288,[23.83607,47.64376,0,[125.6917,79.001]]],[241,[25.84489,51.59026,0,[130.8507,80.001]]],[256,[24.81906,49.58739,0,[126.9933,79.001]]],[261,[25.33293,50.63243,0,[133.4782,80.001]]],[243,[25.88413,51.71254,0,[133.1048,80.001]]],[240,[25.63086,51.16151,0,[129.5915,79.001]]],[279,[24.786,49.55206,0,[134.2299,80.001]]],[272,[24.37234,48.72229,0,[126.2207,79.001]]],[239,[25.34812,50.62989,0,[128.6317,79.001]]],[222,[26.38277,52.66857,0,[130.6066,80.001]]],[314,[22.69733,45.3902,0,[125.6467,79.001]]],[244,[25.78335,51.54063,0,[134.3629,80.001]]],[221,[26.14985,52.21488,0,[129.1265,79.001]]],[238,[25.31769,50.57045,0,[127.5075,79.001]]],[242,[26.07053,52.05955,0,[131.8891,80.001]]],[220,[25.87192,51.68741,0,[128.1555,79.001]]],[302,[23.29859,46.58226,0,[124.9766,79.001]]],[223,[26.61131,53.1184,0,[131.6252,80.001]]],[203,[26.88771,53.7092,0,[130.1626,80.001]]],[224,[26.44815,52.78972,0,[132.8542,80.001]]],[262,[25.29555,50.57473,0,[134.8895,80.001]]],[237,[25.40344,50.78382,0,[126.3101,79.001]]],[309,[23.72028,47.42857,0,[135.2262,80.001]]],[205,[27.0027,53.90574,0,[132.4246,80.001]]],[202,[26.69711,53.30005,0,[128.9289,79.001]]],[225,[26.31059,52.57571,0,[133.9736,80.001]]],[271,[24.29302,48.56903,0,[124.9177,79.001]]],[206,[26.86255,53.6464,0,[133.9439,80.001]]],[313,[22.74778,45.48435,0,[124.1439,79.001]]],[204,[27.12017,54.16271,0,[131.2233,80.001]]],[280,[24.87336,49.72771,0,[135.61,80.001]]],[219,[25.84051,51.63634,0,[127.0323,79.001]]],[207,[26.981,53.92503,0,[135.2109,80.001]]],[185,[27.68596,55.31125,0,[132.3701,80.001]]],[183,[27.43631,54.76967,0,[130.105,80.001]]],[287,[23.75955,47.4984,0,[124.1688,79.001]]],[255,[24.89943,49.77442,0,[125.7132,79.001]]],[186,[27.32113,54.6016,0,[133.3336,80.001]]],[226,[26.43169,52.82541,0,[135.0675,80.001]]],[162,[27.98714,55.85624,0,[130.0889,80.001]]],[201,[26.43544,52.79776,0,[127.7897,79.001]]],[163,[28.20991,56.31668,0,[131.1119,80.001]]],[181,[27.0596,54.07356,0,[128.0198,79.001]]],[184,[27.66451,55.2323,0,[131.2574,80.001]]],[270,[24.3497,48.67339,0,[123.6027,79.001]]],[301,[23.23448,46.45695,0,[123.268,79.001]]],[182,[27.26252,54.3672,0,[129.0574,79.001]]],[208,[26.99805,53.92278,0,[136.4859,80.001]]],[187,[27.46364,54.88314,0,[134.4594,80.001]]],[218,[25.92931,51.8329,0,[125.7584,79.001]]],[286,[23.82532,47.622,0,[122.7789,79.001]]],[200,[26.38309,52.73057,0,[126.47,79.001]]],[236,[25.36853,50.70824,0,[125.0893,79.001]]],[164,[28.25176,56.40654,0,[132.2203,80.001]]],[180,[26.87645,53.71169,0,[126.9771,79.001]]],[188,[27.50214,54.92075,0,[135.6363,80.001]]],[199,[26.46755,52.90586,0,[125.2098,79.001]]],[254,[24.84312,49.66493,0,[124.4441,79.001]]],[165,[27.87371,55.69497,0,[133.5259,80.001]]],[179,[26.95301,53.87127,0,[125.8566,79.001]]],[300,[23.30404,46.58824,0,[121.8499,79.001]]],[143,[28.81099,57.50899,0,[132.0373,80.001]]],[217,[25.90168,51.75916,0,[124.5876,79.001]]],[166,[28.00755,55.96538,0,[134.731,80.001]]],[158,[27.48797,54.90118,0,[125.2897,79.001]]],[142,[28.76005,57.37505,0,[130.8959,80.001]]],[269,[24.36,48.66071,0,[122.2507,79.001]]],[141,[28.03929,55.94747,0,[129.8887,79.001]]],[235,[25.38714,50.74509,0,[123.8817,79.001]]],[144,[28.42421,56.78616,0,[133.2758,80.001]]],[157,[27.49045,54.90508,0,[124.0729,79.001]]],[123,[29.36624,58.61429,0,[131.743,80.001]]],[122,[29.32112,58.4388,0,[130.6661,80.001]]],[285,[23.88232,47.6712,0,[121.294,79.001]]],[253,[24.9171,49.80201,0,[123.1237,79.001]]],[151,[31.60542,60.90082,0,[137.9782,80.001]]],[100,[29.26383,58.41003,1,[126.1744,79.001]]],[178,[26.96041,53.86543,0,[124.6556,79.001]]],[319,[23.16203,46.32018,0,[134.476,80.001]]],[125,[29.10776,58.14416,0,[134.2447,80.001]]],[101,[29.41333,58.57499,1,[127.2303,79.001]]],[124,[28.99652,57.87077,0,[133.119,80.001]]],[252,[25.02274,49.85678,0,[121.9284,79.001]]],[102,[29.29903,58.10358,1,[128.5424,79.00099]]],[99,[29.14002,58.01734,1,[125.1034,79.001]]],[160,[27.61085,55.14828,0,[127.7507,79.001]]],[170,[29.67781,56.79364,0,[138.9224,80.001]]],[268,[24.65173,48.80612,0,[121.0371,79.001]]],[198,[26.44625,52.85803,0,[123.9506,79.001]]],[83,[29.84372,59.23554,1,[127.9303,79.00099]]],[150,[30.9582,57.9249,0,[139.5585,80.001]]],[103,[29.32782,58.47492,1,[129.6224,79.00099]]],[171,[32.17805,58.14242,0,[138.1035,80.001]]],[159,[27.4269,54.80077,0,[126.6003,79.001]]],[82,[29.98632,59.69325,1,[126.8161,79.001]]],[84,[29.88017,59.59592,1,[129.0344,79.00099]]],[192,[32.87463,59.82919,0,[137.8856,80.001]]],[234,[25.50289,50.79902,0,[122.619,79.001]]],[85,[30.48316,60.82944,1,[130.0369,80.001]]],[216,[25.93815,51.77801,0,[123.3551,79.001]]],[233,[25.50169,50.90625,0,[121.1076,79.001]]],[140,[28.38805,56.53818,0,[128.7491,79.001]]],[65,[30.39325,60.34695,1,[127.4946,79.001]]],[66,[30.44683,60.69112,1,[128.5782,79.001]]],[81,[29.85166,59.59693,1,[125.7852,79.001]]],[215,[25.95493,51.82194,0,[121.9653,79.001]]],[177,[26.96934,53.82824,0,[123.4502,79.001]]],[147,[28.75237,56.86968,0,[136.5531,80.001]]],[104,[29.9088,59.67687,1,[130.5832,80.00099]]],[146,[28.58888,57.03349,0,[135.4679,80.001]]],[63,[30.43495,60.69762,1,[125.0956,79.001]]],[68,[30.66393,61.20196,1,[131.0586,80.001]]],[197,[26.46173,52.87396,0,[122.5834,79.001]]],[67,[30.54685,60.93063,1,[129.6385,79.001]]],[134,[28.88608,56.03517,0,[121.7469,79.001]]],[245,[25.90169,51.77055,0,[135.5713,80.001]]],[69,[30.8197,61.58348,1,[132.0978,80.001]]],[296,[24.32862,48.63892,0,[136.0583,80.001]]],[161,[27.81718,55.45308,0,[128.8275,79.001]]],[214,[26.26726,52.04419,0,[121.0175,79.001]]],[51,[31.20002,62.27794,1,[130.5809,80.00099]]],[87,[30.23238,60.3738,1,[132.6142,80.001]]],[64,[30.50845,60.77628,1,[126.1691,79.001]]],[299,[31.61769,48.77801,0,[139.3857,80.001]]],[49,[31.00102,61.82226,1,[128.0418,79.001]]],[53,[31.43022,62.70443,1,[132.6492,80.00099]]],[175,[28.29498,54.46777,0,[121.6236,79.001]]],[193,[32.73891,60.72359,0,[136.4607,80.001]]],[70,[30.8359,61.60454,1,[133.2164,80.001]]],[50,[31.10988,62.08533,1,[129.1218,79.001]]],[263,[25.4022,50.77774,0,[136.3055,80.001]]],[133,[28.97048,56.13634,0,[120.6772,79.001]]],[137,[28.00305,55.92036,0,[125.6484,79.001]]],[168,[28.25023,55.9282,0,[137.2083,80.001]]],[86,[30.06705,60.03588,1,[131.5965,80.001]]],[52,[31.43785,62.67499,1,[131.534,80.00099]]],[148,[28.79713,57.09004,0,[137.8076,80.001]]],[195,[27.73318,54.14061,0,[122.0062,79.001]]],[35,[31.77318,63.47995,1,[130.107,80.001]]],[37,[32.08357,64.10458,1,[132.216,80.001]]],[250,[33.99443,64.60801,0,[134.4326,80.00097]]],[80,[29.92603,59.15261,1,[124.7091,79.001]]],[145,[28.5509,57.04819,0,[134.3559,80.001]]],[156,[27.83093,54.90857,0,[123.1925,79.001]]],[54,[31.46959,62.62754,1,[133.7664,80.001]]],[33,[31.59758,62.98152,1,[128.1036,79.00099]]],[48,[30.89032,61.46771,1,[126.9042,79.001]]],[71,[30.91969,61.45579,1,[134.3626,80.001]]],[167,[28.05974,55.99676,0,[135.9667,80.001]]],[172,[33.1833,63.84503,0,[135.1535,80.001]]],[55,[31.86306,63.19262,1,[134.4998,80.001]]],[34,[31.70291,63.27368,1,[129.2166,79.001]]],[176,[27.21295,54.03819,0,[122.4547,79.001]]],[72,[31.12292,61.83865,1,[135.3999,80.001]]],[36,[32.01638,63.95769,1,[131.1163,80.001]]],[227,[26.44459,52.80785,0,[136.2468,80.001]]],[281,[24.80386,49.58331,0,[136.9779,80.001]]],[169,[28.2566,56.182,0,[138.6459,80.001]]],[196,[26.83322,53.01057,0,[121.4883,79.001]]],[22,[32.67775,65.2749,1,[131.4466,80.001]]],[47,[31.12156,61.87204,1,[125.8449,79.001]]],[32,[31.44944,62.61063,1,[127.0358,79.00099]]],[136,[28.03731,55.9532,0,[124.5611,79.001]]],[189,[27.64119,54.88969,0,[136.7828,80.001]]],[19,[32.20145,64.17638,1,[128.3752,79.00099]]],[111,[31.28449,61.26905,1,[136.7734,80.001]]],[213,[28.2728,53.34854,0,[120.5568,79.001]]],[38,[32.15326,64.12168,1,[133.3127,80.001]]],[212,[33.93513,61.55146,0,[136.0293,80.00096]]],[246,[25.93619,51.75487,0,[136.8916,80.001]]],[135,[28.39112,55.91497,0,[123.7521,79.001]]],[18,[32.07037,63.78223,1,[127.2714,79.001]]],[209,[27.14639,53.90213,0,[137.7177,80.001]]],[190,[27.76368,55.08933,0,[137.8831,80.001]]],[130,[30.90193,59.84478,1,[138.1582,80.001]]],[21,[32.41576,64.7425,1,[130.2287,80.001]]],[39,[32.64115,64.92586,1,[134.0508,80.001]]],[138,[27.99492,55.90948,0,[126.7254,79.001]]],[117,[28.59649,56.95899,0,[124.78,79.001]]],[110,[30.27542,59.72367,1,[138.2397,80.001]]],[228,[26.54399,52.74046,0,[137.4885,80.001]]],[210,[27.60908,54.02497,0,[138.9527,80.001]]],[118,[28.54937,56.89163,0,[125.8554,79.001]]],[129,[30.19744,58.33661,1,[139.7498,80.001]]],[155,[28.32558,55.4521,0,[122.6881,79.001]]],[23,[32.82088,65.55645,1,[132.6697,80.001]]],[131,[35.30476,63.15434,0,[121.61,79.001]]],[283,[24.98942,49.72248,0,[139.861,80.001]]],[62,[30.50557,60.24654,1,[123.9943,79.001]]],[89,[30.25928,60.22252,1,[134.8291,80.001]]],[24,[33.3554,65.69344,1,[133.5468,80.001]]],[10,[33.12702,66.15836,1,[130.5755,80.001]]],[211,[29.34658,54.73198,0,[139.9632,80.001]]],[229,[26.81302,52.90263,0,[138.6706,80.001]]],[30,[31.64932,63.0954,1,[125.108,79.001]]],[152,[32.80472,59.27611,0,[121.1829,79.001]]],[73,[31.6776,62.49602,1,[135.6533,80.001]]],[191,[28.44003,55.16707,0,[139.848,80.001]]],[4,[34.35539,66.60527,1,[127.5269,79.001]]],[266,[26.44462,51.07952,0,[140.12,80.001]]],[17,[32.50431,64.25291,1,[126.4973,79.001]]],[231,[34.75019,65.56678,0,[134.7708,80.00099]]],[31,[31.83752,63.03616,1,[126.1181,79.001]]],[132,[32.12619,58.66037,0,[122.1435,79.001]]],[248,[26.26357,52.04713,0,[139.0615,80.001]]],[13,[35.45953,67.17101,1,[125.5559,79.001]]],[320,[23.18455,46.36214,0,[135.9926,80.001]]],[3,[34.56902,67.67596,1,[126.2373,79.001]]],[153,[34.30586,60.43225,0,[121.3621,79.001]]],[11,[33.45193,66.81217,1,[132.017,80.001]]],[284,[32.51247,50.57387,0,[139.3213,80.001]]],[88,[30.26263,60.36845,1,[133.716,80.001]]],[194,[32.13144,55.81063,0,[121.0344,79.001]]],[9,[33.78357,67.16082,1,[130.8127,80.001]]],[267,[34.35825,65.61971,0,[132.7891,80.00098]]],[46,[31.02605,61.82405,1,[124.7624,79.001]]],[265,[25.50463,50.75851,0,[139.0862,80.001]]],[92,[32.01677,62.23526,1,[136.6881,80.001]]],[139,[28.19947,56.26477,0,[127.7292,79.001]]],[16,[32.38008,64.45625,1,[125.4041,79.001]]],[312,[23.79232,47.5386,0,[139.7616,80.001]]],[29,[31.79341,62.63708,1,[124.0467,79.001]]],[105,[29.57856,58.97731,1,[132.7184,80.001]]],[41,[35.3936,66.5358,1,[124.069,79.001]]],[249,[27.81749,52.39283,0,[140.0318,80.001]]],[149,[28.96542,57.24555,0,[138.9403,80.001]]],[25,[36.03327,68.64796,1,[126.4996,79.001]]],[173,[32.74103,58.40575,0,[122.2905,79.001]]],[297,[24.25114,48.48499,0,[137.6474,80.001]]],[7,[32.76044,65.10778,1,[128.1843,79.001]]],[12,[35.48458,68.58624,1,[127.5061,79.001]]],[264,[25.3429,50.64997,0,[137.6828,80.001]]],[247,[26.00767,51.74744,0,[138.0626,80.001]]],[20,[32.37934,64.5803,1,[129.4557,79.001]]],[119,[28.67662,57.29068,0,[126.9071,79.001]]],[154,[30.90047,56.20411,0,[121.1102,79.001]]],[108,[29.78295,59.14429,1,[135.9677,80.001]]],[2,[33.70175,66.88695,1,[129.7581,79.001]]],[106,[29.67933,59.27938,1,[133.7801,80.001]]],[61,[30.55377,60.39404,1,[122.8915,79.001]]],[121,[28.6845,57.04495,0,[129.6533,79.001]]],[0,[34.3301,67.74775,1,[128.9553,79.001]]],[298,[24.30261,48.56877,0,[139.1888,80.001]]],[232,[30.3906,52.8492,0,[120.6202,79.001]]],[282,[24.84618,49.64613,0,[138.457,80.001]]],[56,[32.37899,63.97808,1,[135.2912,80.001]]],[8,[33.00325,65.45119,1,[129.4324,79.001]]],[120,[28.84276,57.48663,0,[127.9489,79.001]]],[42,[34.71465,64.81324,1,[124.9588,79.001]]],[90,[30.52427,60.57643,1,[135.7742,80.001]]],[44,[31.53692,61.56878,1,[123.0102,79.001]]],[174,[31.47437,55.80423,0,[120.8155,79.001]]],[311,[23.71945,47.421,0,[138.381,80.001]]],[28,[32.50113,63.13279,1,[124.3309,79.001]]],[57,[35.03102,65.02087,1,[122.7874,79.001]]],[321,[23.23296,46.44991,0,[137.4667,80.001]]],[230,[27.0632,53.16273,0,[139.7634,80.001]]],[1,[33.53864,66.59569,1,[128.4099,79.001]]],[251,[27.43573,50.8208,0,[121.0758,79.001]]],[40,[36.09513,69.27062,1,[123.3599,79.001]]],[128,[29.61495,58.27006,1,[137.7454,80.001]]],[6,[33.01256,65.55513,1,[127.1913,79.001]]],[310,[23.78637,47.55357,0,[136.6971,80.001]]],[91,[30.69695,60.84451,1,[136.9148,80.001]]],[5,[33.65278,66.30432,1,[127.1457,79.001]]],[75,[34.60094,63.63068,1,[123.7004,79.001]]],[59,[32.8007,61.19831,1,[123.3926,79.001]]],[127,[29.30904,57.95009,1,[136.7464,80.001]]],[95,[32.18342,59.93399,1,[123.2376,79.001]]],[15,[33.13168,64.33012,1,[125.9331,79.001]]],[97,[29.45285,58.26047,1,[122.9963,79.001]]],[113,[31.55577,58.85787,1,[121.903,79.001]]],[60,[31.00998,60.68653,1,[122.2233,79.001]]],[58,[34.00216,63.66368,1,[123.6145,79.001]]],[43,[33.2646,62.6973,1,[124.8281,79.001]]],[98,[29.47433,58.12841,1,[124.1301,79.001]]],[14,[33.81106,65.42701,1,[125.9532,79.001]]],[107,[29.67199,59.25677,1,[134.8853,80.001]]],[27,[33.97357,64.68068,1,[124.7885,79.001]]],[79,[29.99246,59.25498,1,[123.6138,79.001]]],[112,[33.54741,60.36943,1,[121.2774,79.001]]],[109,[30.08565,59.54945,1,[136.9261,80.001]]],[76,[33.34697,61.7319,1,[123.7115,79.001]]],[45,[31.07023,61.39705,1,[123.6492,79.001]]],[77,[30.36929,59.334,1,[121.6984,79.001]]],[78,[29.99968,59.44646,1,[122.5264,79.001]]],[74,[35.99895,67.60251,1,[121.8075,79.001]]],[93,[34.11374,63.44641,1,[122.4539,79.001]]],[96,[29.46019,58.12693,1,[121.8854,79.001]]],[94,[33.44633,60.87791,1,[122.4944,79.001]]],[115,[28.88543,56.92381,1,[122.8288,79.001]]],[26,[36.20343,67.77554,1,[124.9065,79.001]]],[114,[29.67416,57.14653,1,[120.8596,79.001]]],[116,[28.94238,57.04757,1,[123.9142,79.001]]],[126,[29.15075,58.13149,1,[135.4511,80.001]]]
3:[322,[66.30284,132.5399,0,[130.7638,167.001]]],[323,[66.73885,133.4554,0,[132.6939,168.001]]],[317,[67.24187,134.367,0,[131.6663,168.001]]],[316,[66.86905,133.5214,0,[130.2387,167.001]]],[318,[67.51095,134.4865,0,[132.7223,168.001]]],[306,[67.80488,135.4686,0,[131.3567,168.001]]],[305,[67.45155,134.763,0,[130.0742,167.001]]],[307,[68.24592,135.6295,0,[132.1872,168.001]]],[324,[68.05824,133.4189,0,[133.2401,168.001]]],[292,[68.38316,136.4925,0,[131.0696,168.001]]],[291,[68.92874,136.839,0,[131.1903,168.001]]],[293,[68.80478,136.7919,0,[132.5189,168.001]]],[304,[68.07846,134.9779,0,[129.9733,167.001]]],[276,[69.381,137.5471,0,[132.0961,168.001]]],[290,[68.97794,135.8214,0,[130.9248,167.001]]],[315,[68.82323,133.9808,0,[129.8628,167.001]]],[294,[69.27773,136.7178,0,[133.195,168.001]]],[275,[69.91917,138.127,0,[131.5993,168.001]]],[289,[69.47468,136.4211,0,[130.1448,167.001]]],[277,[69.9884,137.9408,0,[132.8747,168.001]]],[259,[70.48027,138.5872,0,[131.782,168.001]]],[274,[70.02727,136.9552,0,[130.6928,167.001]]],[258,[71.06948,139.3204,0,[131.4773,168.001]]],[278,[70.80251,137.8332,0,[132.6447,168.001]]],[303,[70.25661,135.3067,0,[129.692,167.001]]],[273,[70.69021,137.0938,0,[130.3908,167.001]]],[260,[71.47421,139.0455,0,[132.2306,168.001]]],[257,[71.64571,139.0776,0,[131.0815,168.001]]],[308,[71.06055,135.7185,0,[133.5923,168.001]]],[295,[71.69592,137.2624,0,[133.2344,168.001]]],[288,[71.17237,137.035,0,[129.828,167.001]]],[241,[72.15163,139.6745,0,[131.523,168.001]]],[256,[71.68983,138.5269,0,[130.275,167.001]]],[261,[72.17374,139.0761,0,[132.6347,168.001]]],[243,[72.75198,140.3622,0,[132.281,168.001]]],[240,[72.74995,140.2578,0,[131.1189,168.001]]],[279,[72.54764,137.888,0,[133.4675,168.001]]],[272,[72.32059,137.8686,0,[129.9901,167.001]]],[239,[73.39876,139.8715,0,[131.0089,168.001]]],[222,[73.30119,140.8151,0,[132.1103,168.001]]],[314,[73.01807,135.3711,0,[129.8935,167.001]]],[244,[73.20347,140.2783,0,[133.3203,168.001]]],[221,[73.94682,141.6244,0,[131.8611,168.001]]],[238,[73.50126,139.1605,0,[130.6412,167.001]]],[242,[73.80998,140.237,0,[133.0722,168.001]]],[220,[74.57813,141.4167,0,[131.1375,168.001]]],[302,[73.99875,137.1939,0,[129.953,167.001]]],[223,[74.51712,141.3028,0,[132.2699,168.001]]],[203,[74.62999,140.9453,0,[130.8913,167.001]]],[224,[75.12128,141.3908,0,[132.0018,168.001]]],[262,[74.549,140.0778,0,[133.3963,168.001]]],[237,[74.67106,140.5108,0,[129.7851,167.001]]],[309,[75.09438,137.1582,0,[133.1095,168.001]]],[205,[75.71124,142.5778,0,[131.6858,168.001]]],[202,[75.20787,141.785,0,[130.3681,167.001]]],[225,[75.64542,141.2531,0,[133.0145,168.001]]],[271,[76.26701,140.4012,0,[131.0724,168.001]]],[206,[76.24986,142.3208,0,[132.387,168.001]]],[313,[75.83319,136.6865,0,[129.9158,167.001]]],[204,[76.71117,142.4453,0,[131.8026,168.001]]],[280,[76.25208,139.0315,0,[133.4986,168.001]]],[219,[76.36386,141.2415,0,[130.7425,167.001]]],[207,[76.82062,142.711,0,[133.2099,168.001]]],[185,[77.18623,143.5686,0,[132.3683,168.001]]],[183,[77.42574,143.2865,0,[131.1726,168.001]]],[287,[76.6461,138.7477,0,[129.7998,167.001]]],[255,[77.25308,140.8468,0,[130.1926,167.001]]],[186,[77.75597,143.1599,0,[132.2032,168.001]]],[226,[77.69689,141.885,0,[133.3535,168.001]]],[162,[78.13808,144.3007,0,[131.3824,168.001]]],[201,[77.88457,142.4213,0,[130.1856,167.001]]],[163,[78.38795,144.9478,0,[132.8418,168.001]]],[181,[78.80273,144.6322,0,[131.2833,168.001]]],[184,[79.02473,143.8668,0,[132.3351,168.001]]],[270,[78.82601,140.8003,0,[130.8772,167.001]]],[301,[78.55,138.6578,0,[129.9105,167.001]]],[182,[79.63501,144.8952,0,[131.8972,168.001]]],[208,[79.26982,143.4132,0,[133.3717,168.001]]],[187,[79.8151,143.91,0,[132.9424,168.001]]],[218,[79.97266,143.3543,0,[131.007,168.001]]],[286,[79.44904,140.2065,0,[129.899,167.001]]],[200,[80.31629,144.0491,0,[131.995,168.001]]],[236,[80.14544,141.9965,0,[130.4323,167.001]]],[164,[80.38782,145.9853,0,[133.2517,168.001]]],[180,[80.86646,144.869,0,[131.7401,168.001]]],[188,[81.06905,144.3459,0,[132.8468,168.001]]],[199,[81.35752,144.8177,0,[131.2429,168.001]]],[254,[81.06375,141.5825,0,[130.1744,167.001]]],[165,[81.72331,145.7296,0,[132.4896,168.001]]],[179,[82.06017,145.605,0,[131.3639,168.001]]],[300,[81.61427,139.7384,0,[129.9904,167.001]]],[143,[82.47227,146.2396,0,[132.2001,168.001]]],[217,[82.04182,143.0083,0,[130.7884,167.001]]],[166,[82.23428,146.2928,0,[133.2917,168.001]]],[158,[83.13519,146.7055,0,[131.0519,168.001]]],[142,[83.09827,146.3027,0,[132.1672,168.001]]],[269,[82.58859,141.3457,0,[129.9245,167.001]]],[141,[83.67795,146.1728,0,[131.7333,168.001]]],[235,[83.24232,142.9335,0,[130.3017,167.001]]],[144,[83.36655,145.6404,0,[133.135,168.001]]],[157,[84.2,147.234,0,[131.2749,168.001]]],[123,[84.01395,147.6353,0,[132.7964,168.001]]],[122,[84.62993,147.9357,0,[132.1709,168.001]]],[285,[83.93498,141.8309,0,[129.9005,167.001]]],[253,[84.22235,142.9121,0,[130.8511,167.001]]],[151,[85.18058,149.9599,0,[131.5344,168.001]]],[178,[84.8028,146.1436,0,[130.1759,167.001]]],[319,[84.8877,136.5987,0,[133.1649,168.001]]],[125,[85.41498,147.6022,0,[132.8022,168.001]]],[124,[85.74838,147.1596,0,[131.7966,168.001]]],[252,[85.39591,143.7439,0,[130.5427,167.001]]],[160,[86.28203,146.5154,0,[131.5106,168.001]]],[170,[86.15235,146.9234,0,[132.8208,168.001]]],[268,[85.86288,143.4608,0,[129.9256,167.001]]],[198,[86.26512,145.7581,0,[130.7605,167.001]]],[150,[86.85023,147.8567,0,[131.9511,168.001]]],[171,[86.74827,147.5264,0,[133.0483,168.001]]],[159,[87.40874,146.7536,0,[131.62,168.001]]],[192,[87.4266,149.4779,0,[132.9774,168.001]]],[234,[86.7713,145.0547,0,[130.2882,167.001]]],[216,[87.96981,146.7399,0,[131.1922,168.001]]],[233,[87.31068,145.8244,0,[130.0122,167.001]]],[140,[88.06636,147.2027,0,[132.3998,168.001]]],[215,[87.93606,146.2671,0,[130.2671,167.001]]],[177,[88.59744,148.7686,0,[131.5394,168.001]]],[147,[88.40811,148.4864,0,[133.3398,168.001]]],[146,[88.90687,151.8781,0,[132.6527,168.001]]],[197,[89.2373,147.9755,0,[131.0961,168.001]]],[134,[88.5509,156.0555,0,[130.0296,167.001]]],[245,[89.45592,143.2573,0,[132.1447,168.001]]],[296,[89.47219,139.649,0,[133.3544,168.001]]],[161,[89.82114,147.1507,0,[131.0971,168.001]]],[214,[89.30675,148.6057,0,[129.9755,167.001]]],[299,[90.00786,141.3288,0,[132.2728,168.001]]],[175,[89.89896,147.8403,0,[130.9755,167.001]]],[193,[90.55296,151.0953,0,[132.0544,168.001]]],[263,[90.16515,141.4186,0,[133.3593,168.001]]],[133,[90.11413,158.3228,0,[129.9485,167.001]]],[137,[91.08466,149.257,0,[131.1162,168.001]]],[168,[90.87254,151.2429,0,[133.0948,168.001]]],[148,[91.23572,153.5061,0,[132.1925,168.001]]],[195,[90.74348,147.375,0,[130.0441,167.001]]],[250,[91.83504,153.7259,0,[131.5358,168.001]]],[145,[91.73912,148.8326,0,[132.899,168.001]]],[156,[91.40698,147.6779,0,[130.311,167.001]]],[167,[92.39222,149.6685,0,[132.4979,168.001]]],[172,[92.60367,153.4359,0,[131.4864,168.001]]],[176,[92.42928,149.1743,0,[130.6326,167.001]]],[227,[92.98203,144.9985,0,[132.6147,168.001]]],[281,[92.63544,141.8013,0,[133.5021,168.001]]],[169,[93.21317,153.6327,0,[131.6237,168.001]]],[196,[92.45685,150.3055,0,[129.563,167.001]]],[136,[93.05844,148.3645,0,[130.7679,167.001]]],[189,[93.69956,148.3957,0,[132.2235,168.001]]],[213,[93.29187,148.0082,0,[129.7789,167.001]]],[212,[94.07422,152.4574,0,[131.3498,168.001]]],[246,[93.4449,144.1132,0,[133.2206,168.001]]],[135,[93.88241,150.6026,0,[130.3038,167.001]]],[209,[94.10702,146.8946,0,[133.3018,168.001]]],[190,[94.49218,151.1613,0,[132.3916,168.001]]],[138,[94.82833,148.7105,0,[131.5098,168.001]]],[117,[94.59486,152.4234,0,[130.5426,167.001]]],[228,[94.8928,147.0516,0,[133.1853,168.001]]],[210,[95.28869,151.9199,0,[132.4004,168.001]]],[118,[95.49776,152.9301,0,[131.3095,168.001]]],[155,[94.91752,151.7727,0,[129.6717,167.001]]],[131,[95.39471,161.2348,0,[130.3362,167.001]]],[283,[95.96711,153.9896,0,[132.0167,168.001]]],[211,[96.31927,150.4507,0,[131.1563,168.001]]],[229,[95.87584,147.2262,0,[133.1136,168.001]]],[152,[96.12937,164.6051,0,[130.1658,167.001]]],[191,[96.81094,155.3933,0,[131.8257,168.001]]],[266,[96.579,149.3622,0,[132.8945,168.001]]],[231,[96.67199,154.4791,0,[130.9277,167.001]]],[132,[96.69358,160.3229,0,[129.8227,167.001]]],[248,[97.34943,154.4263,0,[131.9892,168.001]]],[320,[97.29656,138.685,0,[133.0918,168.001]]],[153,[97.30814,159.7479,0,[130.9876,167.001]]],[284,[97.89754,143.7511,0,[132.1033,168.001]]],[194,[97.40501,158.3153,0,[129.8974,167.001]]],[267,[98.42471,157.6289,0,[131.2545,168.001]]],[265,[97.88007,148.85,0,[133.2346,168.001]]],[139,[98.06066,149.6335,0,[130.1779,167.001]]],[312,[98.46877,151.7151,0,[132.3851,168.001]]],[249,[99.08557,154.7886,0,[132.0103,168.001]]],[149,[98.73925,157.2473,0,[130.9514,167.001]]],[173,[98.59444,160.8969,0,[129.8761,167.001]]],[297,[98.7234,141.3641,0,[133.3976,168.001]]],[264,[99.25681,145.9636,0,[133.0706,168.001]]],[247,[99.83733,153.9149,0,[132.0431,168.001]]],[119,[99.48444,152.4774,0,[130.9748,167.001]]],[154,[99.28495,162.185,0,[129.9378,167.001]]],[121,[100.1245,151.9849,0,[130.9948,167.001]]],[298,[99.90265,149.8643,0,[133.1524,168.001]]],[232,[100.1876,159.6097,0,[129.8999,167.001]]],[282,[100.6576,147.8949,0,[132.0948,168.001]]],[120,[101.3151,154.9854,0,[131.4306,168.001]]],[174,[101.0122,164.1432,0,[130.2608,167.001]]],[311,[100.8076,146.6149,0,[133.1534,168.001]]],[321,[101.4612,146.6563,0,[132.644,168.001]]],[230,[102.223,155.3482,0,[132.1557,168.001]]],[251,[101.9444,149.2979,0,[130.7085,167.001]]],[310,[103.0076,146.548,0,[131.8684,168.001]]]
1:[100,[81.72216,162.8344,1,[95.52217,172.001]]],[101,[82.40649,164.1372,1,[96.39879,172.001]]],[102,[83.07803,164.5797,1,[96.99604,172.001]]],[99,[81.99557,161.7596,1,[94.8772,171.001]]],[83,[83.50813,166.0344,1,[95.97555,172.001]]],[103,[83.98796,165.9316,1,[96.96899,172.001]]],[82,[83.00232,165.1118,1,[94.67683,171.001]]],[84,[84.07349,167.0054,1,[95.797,172.001]]],[85,[84.67123,167.4308,1,[97.10435,172.001]]],[65,[84.50756,167.1068,1,[95.11717,172.001]]],[66,[84.93562,167.7662,1,[95.98271,172.001]]],[81,[83.55923,165.0273,1,[94.19386,171.001]]],[104,[85.83887,167.2766,1,[97.17396,172.001]]],[63,[84.34209,166.466,1,[94.21986,171.001]]],[68,[85.7131,168.472,1,[96.10015,172.001]]],[67,[85.51197,168.7548,1,[95.07726,172.001]]],[69,[86.44092,169.3897,1,[96.33177,172.001]]],[51,[86.52946,169.9548,1,[95.22105,172.001]]],[87,[86.86801,167.9142,1,[97.04266,172.001]]],[64,[85.51334,167.628,1,[94.5532,171.001]]],[49,[84.94236,168.871,1,[93.93919,171.001]]],[53,[87.11476,171.6951,1,[95.77388,172.001]]],[70,[87.48658,170.5289,1,[96.87591,172.001]]],[50,[86.11007,169.4611,1,[94.01927,171.001]]],[86,[88.2183,168.1567,1,[97.13154,172.001]]],[52,[87.89333,170.3636,1,[95.99651,172.001]]],[35,[87.56826,171.6439,1,[95.047,172.001]]],[37,[88.44882,171.5168,1,[96.10786,172.001]]],[80,[86.68408,165.6976,1,[94.2297,171.001]]],[54,[88.98985,170.2221,1,[97.12315,172.001]]],[33,[87.77057,169.6368,1,[94.93777,171.001]]],[48,[87.44712,169.1082,1,[93.97978,171.001]]],[71,[89.00468,171.929,1,[95.95654,172.001]]],[55,[89.49558,172.444,1,[96.46917,172.001]]],[34,[88.34587,170.1956,1,[94.89822,171.001]]],[72,[89.93718,171.9017,1,[97.25808,172.001]]],[36,[89.52044,172.3945,1,[95.18871,172.001]]],[22,[90.10707,173.3689,1,[96.19693,172.001]]],[47,[88.2121,168.6206,1,[93.82151,171.001]]],[32,[88.87321,169.3067,1,[94.05783,171.001]]],[19,[90.1953,172.5039,1,[95.09625,172.001]]],[111,[90.85622,172.4553,1,[97.14162,172.001]]],[38,[90.77816,174.0896,1,[95.90851,172.001]]],[18,[89.64063,171.7777,1,[93.98821,171.001]]],[130,[91.66492,172.9146,1,[97.20069,172.001]]],[21,[90.4563,172.6255,1,[94.71989,171.001]]],[39,[91.46725,175.9555,1,[96.01802,172.001]]],[110,[92.33449,174.1655,1,[97.22202,172.001]]],[129,[92.14438,173.753,1,[96.07824,172.001]]],[23,[91.80673,176.2957,1,[95.01134,172.001]]],[62,[90.94542,166.5376,1,[94.03828,171.001]]],[89,[93.0478,170.9527,1,[97.08376,172.001]]],[24,[92.86327,176.1706,1,[96.03011,172.001]]],[10,[92.56673,175.6803,1,[95.03074,172.001]]],[30,[91.72511,170.3199,1,[94.03506,171.001]]],[73,[93.51009,174.7559,1,[96.01234,172.001]]],[4,[93.87494,175.47,1,[96.93496,172.001]]],[17,[92.7545,172.0602,1,[94.96899,171.001]]],[31,[92.4827,171.3192,1,[93.97713,171.001]]],[13,[94.60622,176.2593,1,[96.74666,172.001]]],[3,[94.29876,176.8214,1,[95.83393,172.001]]],[11,[93.50429,176.1047,1,[94.90771,171.001]]],[88,[94.93993,169.2468,1,[97.5993,172.001]]],[9,[94.98334,175.519,1,[95.79027,172.001]]],[46,[93.24313,168.6442,1,[93.92707,171.001]]],[92,[95.2747,175.2232,1,[96.73563,172.001]]],[16,[94.31142,171.2715,1,[94.75816,171.001]]],[29,[93.94146,169.5943,1,[93.93359,171.001]]],[105,[95.82542,168.8126,1,[97.10246,172.001]]],[41,[95.59911,176.7211,1,[95.8187,172.001]]],[25,[96.15182,180.108,1,[96.04012,172.001]]],[7,[95.09484,173.0149,1,[94.71798,171.001]]],[12,[96.507,179.3816,1,[97.06218,172.001]]],[20,[94.71893,174.6478,1,[93.89296,171.001]]],[108,[96.74376,178.9313,1,[95.97234,172.001]]],[2,[95.82423,177.6468,1,[94.95824,171.001]]],[106,[97.22953,170.9965,1,[97.099,172.001]]],[61,[95.57317,167.6975,1,[93.94707,171.001]]],[0,[97.32467,179.5401,1,[95.91815,172.001]]],[56,[97.83199,178.6364,1,[96.70162,172.001]]],[8,[96.57273,174.2726,1,[94.9183,171.001]]],[42,[97.86733,178.2767,1,[95.35139,172.001]]],[90,[98.40164,174.5488,1,[97.28333,172.001]]],[44,[96.29791,169.7121,1,[93.95144,171.001]]],[28,[97.10223,171.5101,1,[94.17474,171.001]]],[57,[98.64145,173.939,1,[96.27538,172.001]]],[1,[98.51573,175.8536,1,[95.17354,172.001]]],[40,[99.21909,182.1655,1,[95.97643,172.001]]],[128,[99.60792,173.7464,1,[96.72133,172.001]]],[6,[97.82022,174.811,1,[94.0975,171.001]]],[91,[99.94688,172.2405,1,[97.57606,172.001]]],[5,[98.70726,176.7961,1,[94.87393,171.001]]],[75,[100.172,174.8639,1,[96.03385,172.001]]],[59,[99.77926,171.1131,1,[95.24136,172.001]]],[127,[100.4675,175.2749,1,[96.94949,172.001]]],[95,[98.50716,167.4573,1,[93.85094,171.001]]],[15,[100.9992,176.69,1,[97.31248,172.001]]],[97,[99.29939,168.5367,1,[94.06564,171.001]]],[113,[100.4419,169.9185,1,[95.06382,172.001]]],[60,[101.0505,175.8151,1,[96.17385,172.001]]],[58,[101.0166,175.1888,1,[95.06433,172.001]]],[43,[101.7191,174.5306,1,[97.15384,172.001]]],[98,[100.0427,167.0245,1,[93.96225,171.001]]],[14,[101.6214,181.0527,1,[96.06331,172.001]]],[107,[102.3404,178.0198,1,[96.78751,172.001]]],[27,[101.2256,177.921,1,[94.97279,171.001]]],[79,[100.7322,168.2579,1,[94.03145,171.001]]],[112,[102.2525,175.1309,1,[95.66496,172.001]]],[109,[102.885,172.45,1,[97.34033,172.001]]],[76,[103.1719,172.5454,1,[96.37382,172.001]]],[45,[101.8743,173.4284,1,[94.43119,171.001]]],[77,[102.8913,170.3217,1,[95.35948,172.001]]],[78,[101.3036,169.231,1,[93.86588,171.001]]],[74,[103.8495,182.476,1,[96.81812,172.001]]],[93,[103.696,175.3224,1,[95.51799,172.001]]],[96,[102.4344,167.9057,1,[94.08855,171.001]]],[94,[103.0703,172.127,1,[94.30892,171.001]]],[115,[104.4275,179.3387,1,[95.63855,172.001]]],[26,[104.8176,182.3271,1,[96.62546,172.001]]],[114,[103.7806,168.2971,1,[94.37049,171.001]]],[116,[105.6786,169.1914,1,[96.3251,172.001]]],[126,[105.3148,178.0705,1,[94.84738,171.001]]]

Travel Distances:
[322,199.9288],[323,199.9724],[317,201.8746],[316,201.759],[318,201.4489],[306,201.8442],[305,203.774],[307,203.1258],[324,201.1843],[292,203.6784],[291,202.971],[293,205.1702],[304,204.5955],[276,204.7688],[290,203.8502],[315,202.2827],[294,204.0657],[275,206.2619],[289,205.3542],[277,205.8923],[259,205.6112],[274,204.8835],[258,207.173],[278,206.1995],[303,204.7117],[273,205.6873],[260,206.0821],[257,205.7711],[308,203.5525],[295,205.8135],[288,206.574],[241,207.3476],[256,207.074],[261,206.7149],[243,206.8467],[240,206.7306],[279,204.7448],[272,207.0944],[239,207.0549],[222,208.1548],[314,203.2445],[244,207.8268],[221,209.7121],[238,208.1336],[242,208.5195],[220,208.241],[302,205.1034],[223,208.2577],[203,209.6309],[224,209.1253],[262,208.9301],[237,209.081],[309,204.9317],[205,209.1359],[202,209.2953],[225,207.9129],[271,207.843],[206,209.7892],[313,204.8829],[204,209.0024],[280,206.5015],[219,210.4474],[207,210.9934],[185,211.1745],[183,210.4242],[287,207.3314],[255,208.2885],[186,209.5287],[226,210.4297],[162,212.0053],[201,210.5815],[163,212.1429],[181,211.0114],[184,211.7997],[270,209.0736],[301,207.4495],[182,211.6172],[208,210.8306],[187,212.2553],[218,211.2119],[286,209.2545],[200,211.3515],[236,209.5837],[164,213.0587],[180,211.1236],[188,212.1925],[199,211.9657],[254,209.4325],[165,212.2478],[179,213.4707],[300,208.3681],[143,213.274],[217,210.8967],[166,213.7507],[158,214.4144],[142,214.0874],[269,210.0898],[141,212.8052],[235,210.4099],[144,212.8551],[157,214.8186],[123,215.5553],[122,214.6609],[285,209.8869],[253,210.4272],[151,217.5769],[100,237.3677],[178,214.438],[319,204.7863],[125,214.7462],[101,237.2897],[124,213.6559],[252,210.9401],[102,238.3167],[99,237.7493],[160,213.9355],[170,214.5973],[268,211.6333],[198,213.2169],[83,239.0034],[150,216.1406],[103,239.8769],[171,215.95],[159,213.9203],[82,241.0889],[84,240.7892],[192,216.5836],[234,213.4728],[85,239.9944],[216,214.7594],[233,215.0557],[140,215.0474],[65,241.7899],[66,241.34],[81,241.8344],[215,214.251],[177,215.5275],[147,215.6255],[104,239.4852],[146,220.0517],[63,243.7516],[68,242.6291],[197,215.4847],[67,243.7085],[134,224.8172],[245,210.3298],[69,242.4091],[296,206.6582],[161,213.462],[214,217.8771],[51,244.8789],[87,241.8545],[64,244.5812],[299,209.2682],[49,246.9595],[53,245.4323],[175,215.996],[193,217.9607],[70,243.3866],[50,245.2114],[263,209.0267],[133,228.0185],[137,217.0429],[168,219.4293],[86,241.5957],[52,244.5518],[148,221.0234],[195,215.7394],[35,246.4906],[37,244.548],[250,220.0237],[80,244.2827],[145,217.3167],[156,216.7459],[54,244.0927],[33,246.0738],[48,246.1896],[71,245.8941],[167,216.8715],[172,220.2177],[55,245.3855],[34,245.4841],[176,218.2603],[72,245.6788],[36,247.3068],[227,213.0202],[281,210.4956],[169,221.1856],[196,219.2805],[22,247.0069],[47,246.1662],[32,245.5261],[136,216.2075],[189,214.9758],[19,246.0752],[111,244.6095],[213,217.3525],[38,248.4788],[212,220.2829],[246,213.1669],[135,218.767],[18,248.4614],[209,214.5875],[190,218.16],[130,245.5509],[21,247.6952],[39,248.9904],[138,215.0437],[117,221.1938],[110,247.3366],[228,215.1864],[210,219.3304],[118,219.9142],[129,247.4045],[155,219.8055],[23,250.6604],[131,230.3859],[283,222.0284],[62,244.616],[89,244.7396],[24,250.3996],[10,250.5222],[211,217.7943],[229,215.4062],[30,246.8435],[152,232.3137],[73,247.6726],[191,221.7617],[4,247.6378],[266,216.1407],[17,248.5268],[231,223.0962],[31,248.3278],[132,228.726],[248,221.5114],[13,249.0156],[320,205.8486],[3,250.2083],[153,227.0738],[11,253.0742],[284,211.7253],[88,242.7478],[194,227.4141],[9,249.5218],[267,224.67],[46,246.1368],[265,216.6145],[92,248.2199],[139,217.4229],[16,246.6174],[312,218.5416],[29,247.668],[105,242.706],[41,251.3257],[249,222.457],[149,225.6921],[25,253.6951],[173,229.5062],[297,209.4873],[7,248.7868],[12,251.9517],[264,212.7294],[247,222.166],[20,253.1688],[119,221.4223],[154,231.4267],[108,253.408],[2,253.9708],[106,244.3944],[61,244.5213],[121,219.6286],[0,252.8022],[298,217.1569],[232,227.0702],[282,214.4561],[56,252.8837],[8,251.0903],[120,222.2335],[42,252.473],[90,247.4532],[44,247.0795],[174,232.0233],[311,214.0153],[28,247.2764],[57,248.58],[321,214.6599],[230,222.7863],[1,250.7928],[251,217.3258],[40,255.6875],[128,246.4629],[6,251.1547],[310,214.519],[91,245.9435],[5,253.3652],[75,248.4866],[59,245.5242],[127,248.0901],[95,246.403],[15,250.2091],[97,245.9],[113,245.0127],[60,249.6452],[58,249.1127],[43,246.9433],[98,242.9151],[14,255.7451],[107,251.2408],[27,253.4411],[79,244.7774],[112,248.5545],[109,246.5326],[76,246.1358],[45,249.6592],[77,244.5077],[78,246.5359],[74,256.4301],[93,249.8803],[96,245.0095],[94,247.9515],[115,252.4438],[26,256.4977],[114,244.7086],[116,243.7959],[126,253.4197]

Finish Times:
[322,101.8019],[323,101.882],[317,102.282],[316,102.482],[318,102.682],[306,102.842],[305,103.282],[307,103.322],[324,103.442],[292,103.522],[291,103.922],[293,104.002],[304,104.242],[276,104.482],[290,104.522],[315,104.562],[294,104.762],[275,104.962],[289,105.202],[277,105.242],[259,105.562],[274,105.562],[258,106.082],[278,106.082],[303,106.202],[273,106.3621],[260,106.5621],[257,106.6821],[308,106.7221],[295,107.0821],[288,107.1221],[241,107.2021],[256,107.3221],[261,107.3221],[243,107.8021],[240,107.8421],[279,107.9221],[272,108.1621],[239,108.4021],[222,108.4821],[314,108.6821],[244,108.8021],[221,109.0021],[238,109.0421],[242,109.1621],[220,109.6021],[302,109.6821],[223,109.7221],[203,110.2021],[224,110.2021],[262,110.3621],[237,110.5221],[309,110.5221],[205,110.7622],[202,110.8422],[225,110.8822],[271,111.3222],[206,111.4022],[313,111.6422],[204,111.7622],[280,111.9222],[219,112.0022],[207,112.2022],[185,112.3222],[183,112.4422],[287,112.4822],[255,112.8422],[186,112.9222],[226,113.1222],[162,113.1622],[201,113.5622],[163,113.6022],[181,113.8422],[184,114.1222],[270,114.4422],[301,114.4422],[182,114.6822],[208,114.6822],[187,114.9622],[218,115.1223],[286,115.2423],[200,115.4023],[236,115.8423],[164,115.8823],[180,115.9223],[188,116.2823],[199,116.4823],[254,116.6023],[165,116.9223],[179,117.0823],[300,117.4423],[143,117.5623],[217,117.6023],[166,117.6423],[158,118.1623],[142,118.3223],[269,118.3223],[141,118.7623],[235,118.8023],[144,118.9223],[157,119.2423],[123,119.2823],[122,119.7224],[285,119.7224],[253,119.8024],[151,120.2024],[100,120.4424],[178,120.5224],[319,120.5224],[125,120.6824],[101,120.7224],[124,120.8424],[252,120.9224],[102,121.1624],[99,121.3224],[160,121.3224],[170,121.4024],[268,121.5224],[198,121.8024],[83,121.9224],[150,121.9624],[103,122.0824],[171,122.2824],[159,122.4424],[82,122.6024],[84,122.6424],[192,122.6824],[234,122.6824],[85,122.7624],[216,123.0024],[233,123.0024],[140,123.2024],[65,123.4024],[66,123.4824],[81,123.5624],[215,123.5624],[177,123.6424],[147,123.8425],[104,123.8825],[146,124.0825],[63,124.2025],[68,124.2825],[197,124.3225],[67,124.3625],[134,124.4025],[245,124.5225],[69,124.6825],[296,124.8425],[161,124.8825],[214,125.0025],[51,125.1225],[87,125.1225],[64,125.1625],[299,125.2025],[49,125.2425],[53,125.4825],[175,125.5225],[193,125.6025],[70,125.6825],[50,125.7225],[263,125.7225],[133,125.9625],[137,126.1225],[168,126.1625],[86,126.2425],[52,126.3225],[148,126.3225],[195,126.4425],[35,126.6025],[37,126.7225],[250,126.8825],[80,127.0025],[145,127.0025],[156,127.0025],[54,127.0425],[33,127.0825],[48,127.4025],[71,127.4425],[167,127.4825],[172,127.6425],[55,127.6825],[34,127.8425],[176,128.0425],[72,128.0825],[36,128.1225],[227,128.2025],[281,128.2025],[169,128.2825],[196,128.3225],[22,128.4025],[47,128.4425],[32,128.5625],[136,128.6024],[189,128.8824],[19,128.9224],[111,128.9224],[213,129.0024],[38,129.1224],[212,129.1224],[246,129.1624],[135,129.4823],[18,129.5223],[209,129.5623],[190,129.6423],[130,129.7223],[21,129.8822],[39,129.8822],[138,129.8822],[117,130.2022],[110,130.4021],[228,130.4421],[210,130.4821],[118,130.5221],[129,130.5621],[155,130.7221],[23,130.7621],[131,130.9621],[283,131.082],[62,131.122],[89,131.122],[24,131.162],[10,131.322],[211,131.362],[229,131.362],[30,131.6019],[152,131.7219],[73,131.8419],[191,131.8819],[4,131.9219],[266,131.9219],[17,132.0819],[231,132.2418],[31,132.4818],[132,132.5218],[248,132.5218],[13,132.6418],[320,132.6818],[3,132.7617],[153,132.9217],[11,133.0417],[284,133.1217],[88,133.1617],[194,133.2417],[9,133.4016],[267,133.5216],[46,133.5616],[265,133.5616],[92,133.6416],[139,133.6816],[16,133.7216],[312,133.8016],[29,134.0015],[105,134.0415],[41,134.2415],[249,134.2415],[149,134.3215],[25,134.4415],[173,134.4415],[297,134.4415],[7,134.7214],[12,134.7614],[264,134.9214],[247,134.9614],[20,135.0814],[119,135.0814],[154,135.0814],[108,135.1214],[2,135.1613],[106,135.3613],[61,135.6013],[121,135.7213],[0,135.8012],[298,135.8012],[232,135.8812],[282,135.8812],[56,135.9612],[8,136.0812],[120,136.4411],[42,136.5211],[90,136.5211],[44,136.5611],[174,136.6011],[311,136.6411],[28,136.8811],[57,136.961],[321,137.161],[230,137.321],[1,137.361],[251,137.5609],[40,137.7209],[128,137.8009],[6,137.8809],[310,138.0809],[91,138.1208],[5,138.4008],[75,138.5208],[59,138.5608],[127,138.6808],[95,138.9607],[15,139.2807],[97,139.2807],[113,139.2807],[60,139.3206],[58,139.7606],[43,139.8006],[98,139.8806],[14,139.9605],[107,140.4805],[27,140.5604],[79,140.6804],[112,140.7204],[109,141.0004],[76,141.3603],[45,141.4003],[77,141.4403],[78,141.5203],[74,142.0802],[93,142.1602],[96,142.3201],[94,142.5201],[115,142.92],[26,143.04],[114,143.32],[116,143.9599],[126,144.5598]

Stuck Times:
[322,0],[323,0],[317,0],[316,0],[318,0],[306,0],[305,0],[307,0],[324,1],[292,0],[291,0],[293,0],[304,0],[276,0],[290,1],[315,2],[294,1],[275,0],[289,1],[277,0],[259,0],[274,2],[258,1],[278,2],[303,4],[273,3],[260,1],[257,2],[308,4],[295,4],[288,4],[241,2],[256,3],[261,3],[243,2],[240,2],[279,4],[272,4],[239,4],[222,3],[314,6],[244,3],[221,3],[238,4],[242,3],[220,4],[302,6],[223,3],[203,5],[224,5],[262,5],[237,5],[309,7],[205,6],[202,5],[225,6],[271,7],[206,6],[313,9],[204,6],[280,7],[219,7],[207,6],[185,7],[183,8],[287,8],[255,8],[186,8],[226,9],[162,8],[201,8],[163,7],[181,8],[184,8],[270,9],[301,11],[182,8],[208,9],[187,10],[218,11],[286,11],[200,11],[236,10],[164,9],[180,10],[188,10],[199,12],[254,13],[165,11],[179,12],[300,14],[143,12],[217,12],[166,12],[158,11],[142,12],[269,14],[141,13],[235,15],[144,15],[157,14],[123,12],[122,14],[285,16],[253,14],[151,10],[100,0],[178,14],[319,18],[125,15],[101,0],[124,17],[252,16],[102,0],[99,0],[160,15],[170,14],[268,17],[198,15],[83,0],[150,15],[103,0],[171,16],[159,17],[82,0],[84,0],[192,15],[234,17],[85,0],[216,18],[233,16],[140,17],[65,0],[66,0],[81,0],[215,17],[177,18],[147,17],[104,1],[146,18],[63,0],[68,0],[197,19],[67,0],[134,12],[245,21],[69,0],[296,22],[161,19],[214,18],[51,0],[87,1],[64,0],[299,22],[49,0],[53,0],[175,20],[193,17],[70,0],[50,0],[263,22],[133,12],[137,20],[168,19],[86,2],[52,1],[148,18],[195,21],[35,0],[37,0],[250,16],[80,2],[145,22],[156,21],[54,1],[33,1],[48,1],[71,0],[167,22],[172,18],[55,0],[34,0],[176,22],[72,1],[36,2],[227,23],[281,25],[169,19],[196,21],[22,2],[47,3],[32,3],[136,23],[189,22],[19,2],[111,0],[213,25],[38,1],[212,20],[246,25],[135,24],[18,3],[209,23],[190,22],[130,2],[21,3],[39,0],[138,23],[117,23],[110,3],[228,24],[210,22],[118,22],[129,0],[155,26],[23,1],[131,17],[283,23],[62,8],[89,4],[24,1],[10,3],[211,27],[229,25],[30,8],[152,12],[73,1],[191,22],[4,0],[266,26],[17,5],[231,23],[31,7],[132,18],[248,24],[13,1],[320,30],[3,2],[153,16],[11,3],[284,31],[88,8],[194,22],[9,5],[267,23],[46,11],[265,27],[92,5],[139,28],[16,8],[312,28],[29,10],[105,11],[41,1],[249,27],[149,25],[25,2],[173,22],[297,31],[7,9],[12,2],[264,28],[247,24],[20,6],[119,29],[154,17],[108,6],[2,4],[106,10],[61,15],[121,29],[0,3],[298,26],[232,23],[282,28],[56,4],[8,8],[120,30],[42,6],[90,8],[44,12],[174,22],[311,28],[28,12],[57,6],[321,28],[230,26],[1,10],[251,33],[40,4],[128,10],[6,12],[310,33],[91,12],[5,8],[75,8],[59,12],[127,10],[95,16],[15,9],[97,16],[113,16],[60,10],[58,11],[43,11],[98,17],[14,5],[107,14],[27,10],[79,17],[112,12],[109,18],[76,14],[45,17],[77,17],[78,18],[74,5],[93,16],[96,20],[94,16],[115,16],[26,11],[114,22],[116,20],[126,15]

