Experiment Name: Custom-MultiplePaths2
Method Used: FlowField
Run Number: 8
Preparation Time: 0.0004ms
Pathfinding Time: 89.3166ms
Finish Time: 159.2373ms
Finish Time 90%: 152.7984ms
Repaths: 0
Soft Repaths: 0

Gates Data:
2:[324,[22.67417,45.34541,0,[131.5063,80.001]]],[323,[22.1468,44.28679,0,[129.9965,79.001]]],[319,[23.15702,46.30917,0,[132.7362,80.001]]],[318,[23.2446,46.47647,0,[131.3856,80.001]]],[317,[23.19556,46.37674,0,[130.2765,80.001]]],[308,[23.69153,47.37547,0,[132.1683,80.001]]],[307,[23.85185,47.67505,0,[131.0675,80.001]]],[309,[23.71158,47.41239,0,[133.4485,80.001]]],[316,[22.67266,45.34136,0,[129.1173,79.001]]],[306,[23.25431,46.47372,0,[129.9756,79.001]]],[294,[24.23326,48.44898,0,[132.3708,80.001]]],[295,[24.25686,48.49438,0,[133.4848,80.001]]],[305,[23.19904,46.39325,0,[128.8284,79.001]]],[293,[24.40264,48.76065,0,[131.3073,80.001]]],[278,[24.77902,49.53462,0,[132.2348,80.001]]],[279,[24.79689,49.56889,0,[133.3176,80.001]]],[277,[24.96333,49.87677,0,[131.2231,80.001]]],[292,[24.30327,48.57898,0,[130.2264,80.001]]],[261,[25.32168,50.6108,0,[132.475,80.001]]],[291,[23.72319,47.43331,0,[129.1443,79.001]]],[275,[24.26182,48.48739,0,[129.1294,79.001]]],[260,[25.49776,50.94566,0,[131.4375,80.001]]],[280,[24.83541,49.64978,0,[134.4138,80.001]]],[276,[24.86668,49.69547,0,[130.1752,80.001]]],[290,[23.89588,47.76803,0,[128.0963,79.001]]],[322,[22.19053,44.37491,0,[128.4648,79.001]]],[262,[25.32967,50.61182,0,[133.5889,80.001]]],[258,[24.81955,49.58571,0,[129.2621,79.001]]],[244,[25.82236,51.59733,0,[133.077,80.001]]],[274,[24.52908,48.98507,0,[128.2082,79.001]]],[259,[25.45759,50.84592,0,[130.3274,80.001]]],[263,[25.38092,50.73413,0,[134.6993,80.001]]],[243,[25.97343,51.88519,0,[132.0518,80.001]]],[245,[25.87442,51.69616,0,[134.1607,80.001]]],[304,[23.28527,46.55294,0,[127.7428,79.001]]],[240,[25.34448,50.64011,0,[128.9912,79.001]]],[224,[26.51632,52.93882,0,[132.2854,80.001]]],[242,[25.99038,51.9367,0,[130.98,80.001]]],[320,[23.17045,46.3358,0,[134.1267,80.001]]],[226,[26.39769,52.70596,0,[134.4627,80.001]]],[289,[23.75092,47.4879,0,[126.9573,79.001]]],[223,[26.501,52.90443,0,[131.2107,80.001]]],[241,[25.57144,51.03922,0,[129.9482,79.001]]],[225,[26.35774,52.60055,0,[133.3494,80.001]]],[207,[26.92505,53.78466,0,[134.1293,80.001]]],[222,[26.62232,53.12078,0,[130.1289,80.001]]],[187,[27.44533,54.84494,0,[133.7831,80.001]]],[206,[26.90184,53.66894,0,[133.0439,80.001]]],[296,[24.28283,48.54798,0,[134.599,80.001]]],[205,[27.05848,54.01035,0,[131.9678,80.001]]],[257,[25.06159,50.04057,0,[128.07,79.001]]],[303,[23.21679,46.42661,0,[126.5929,79.001]]],[315,[22.66079,45.31538,0,[127.5843,79.001]]],[281,[24.78949,49.56274,0,[135.5154,80.001]]],[188,[27.52015,55.01527,0,[134.8485,80.001]]],[204,[27.00816,53.88928,0,[130.9096,80.001]]],[297,[24.23239,48.44918,0,[135.8627,80.001]]],[246,[25.87596,51.72003,0,[135.2665,80.001]]],[184,[27.53604,54.93996,0,[130.9651,80.001]]],[272,[24.30797,48.58374,0,[126.1668,79.001]]],[273,[24.28213,48.54237,0,[127.2524,79.001]]],[264,[25.32509,50.63359,0,[135.8335,80.001]]],[186,[27.43645,54.71156,0,[132.7211,80.001]]],[221,[25.92266,51.76632,0,[129.119,79.001]]],[166,[27.97931,55.90121,0,[134.0095,80.001]]],[185,[27.78469,55.1567,0,[131.9063,80.001]]],[146,[28.60357,57.15137,0,[134.9772,80.001]]],[239,[25.68899,51.26354,0,[128.1479,79.001]]],[202,[26.47257,52.8063,0,[129.1316,79.001]]],[256,[24.83075,49.61114,0,[126.9882,79.001]]],[165,[27.99797,55.81372,0,[132.9167,80.001]]],[145,[28.51352,56.93848,0,[133.9176,80.001]]],[183,[27.81959,55.3232,0,[130.0187,80.001]]],[164,[28.32791,56.25127,0,[131.9225,80.001]]],[314,[22.68003,45.35672,0,[126.1407,79.001]]],[144,[28.58527,56.92773,0,[132.8631,80.001]]],[220,[26.23665,52.3162,0,[128.1687,79.001]]],[310,[23.7293,47.44909,0,[134.8546,80.001]]],[163,[28.07697,55.99891,0,[130.9677,80.001]]],[126,[29.1479,58.20317,0,[135.0203,80.001]]],[288,[23.78832,47.55512,0,[125.7905,79.001]]],[182,[27.05116,53.88448,0,[129.078,79.001]]],[142,[28.62205,57.0299,0,[130.9845,80.001]]],[161,[27.5971,54.95055,0,[129.0779,79.001]]],[282,[24.80897,49.59582,0,[136.6546,80.001]]],[125,[29.05272,58.00273,0,[133.9529,80.001]]],[162,[28.36042,56.41541,0,[130.0288,80.001]]],[238,[25.39902,50.66383,0,[127.2247,79.001]]],[201,[26.77948,53.36806,0,[128.1615,79.001]]],[107,[29.69355,59.28693,0,[135.0869,80.001]]],[143,[28.88313,57.35416,0,[131.9355,80.001]]],[140,[28.14352,56.00556,0,[129.0917,79.001]]],[124,[29.14319,58.00752,0,[132.8934,80.001]]],[122,[29.17545,58.09935,0,[131.0059,80.001]]],[237,[25.28576,50.54303,0,[126.175,79.001]]],[200,[26.51833,52.83856,0,[127.2155,79.001]]],[321,[23.21094,46.41465,0,[135.6209,80.001]]],[106,[29.59324,59.07459,0,[134.0088,80.001]]],[123,[29.43803,58.44301,0,[131.9658,80.001]]],[88,[30.2454,60.35869,0,[135.0895,80.001]]],[181,[27.33033,54.45187,0,[128.1345,79.001]]],[105,[29.69508,59.10492,0,[132.9396,80.001]]],[219,[25.9696,51.73048,0,[127.2165,79.001]]],[302,[23.25526,46.50132,0,[125.2995,79.001]]],[227,[26.42072,52.80298,0,[135.5721,80.001]]],[104,[29.98658,59.53575,0,[131.9954,80.001]]],[141,[28.90698,57.52132,0,[130.0501,80.001]]],[86,[30.24697,60.1683,0,[132.9572,80.001]]],[138,[28.174,56.05306,0,[127.1964,79.001]]],[121,[29.45727,58.5921,0,[130.0771,80.001]]],[180,[27.06482,53.91587,0,[127.2011,79.001]]],[271,[24.30984,48.60073,0,[125.0317,79.001]]],[85,[30.55439,60.68806,0,[132.0334,80.001]]],[160,[27.87861,55.5155,0,[128.1303,79.001]]],[179,[26.91129,53.70042,0,[126.1749,79.001]]],[103,[29.72499,59.15286,0,[131.0317,80.001]]],[87,[30.13603,60.14624,0,[134.0188,80.001]]],[159,[27.61463,54.98811,0,[127.1626,79.001]]],[120,[28.69524,57.07701,0,[129.1217,79.001]]],[255,[24.79807,49.56837,0,[125.6898,79.001]]],[69,[30.68845,61.24189,0,[134.0852,80.001]]],[137,[27.98514,55.87091,0,[126.1759,79.001]]],[84,[30.28242,60.23218,0,[131.0729,80.001]]],[208,[26.97302,53.89383,0,[135.2148,80.001]]],[139,[28.43377,56.58453,0,[128.1587,79.001]]],[101,[29.2489,58.1523,0,[129.1611,79.001]]],[247,[25.84418,51.65155,0,[136.372,80.001]]],[70,[30.7963,61.44641,0,[135.1673,80.001]]],[102,[30.01507,59.68483,0,[130.1108,80.001]]],[118,[28.74247,57.10059,0,[127.2337,79.001]]],[199,[26.37159,52.67531,0,[126.1821,79.001]]],[147,[28.49544,56.91459,0,[136.0404,80.001]]],[117,[28.531,56.97088,0,[126.2316,79.001]]],[52,[31.24534,62.34628,0,[134.1685,80.001]]],[119,[28.99136,57.64711,0,[128.2004,79.001]]],[287,[23.76226,47.50822,0,[124.5077,79.001]]],[99,[29.30316,58.15267,0,[127.2816,79.001]]],[127,[29.0364,57.97995,0,[136.0875,80.001]]],[82,[29.81797,59.23929,0,[129.2022,79.001]]],[100,[29.55157,58.70685,0,[128.2482,79.001]]],[270,[24.32171,48.61773,0,[123.8612,79.001]]],[68,[30.79863,61.26042,0,[133.0154,80.001]]],[148,[28.55431,56.94059,0,[137.1274,80.001]]],[64,[30.38832,60.32406,0,[129.2547,79.001]]],[83,[30.57666,60.78401,0,[130.1559,80.001]]],[80,[29.87057,59.22347,0,[127.3318,79.001]]],[108,[29.57554,59.0713,0,[136.1651,80.001]]],[98,[29.08701,58.04353,0,[126.2847,79.001]]],[36,[31.82233,63.50248,0,[134.2384,80.001]]],[198,[26.55569,53.01358,0,[125.1618,79.001]]],[81,[30.12438,59.79272,0,[128.2962,79.001]]],[79,[29.64697,59.14042,0,[126.3335,79.001]]],[65,[31.15062,61.88861,0,[130.2105,80.001]]],[53,[31.35088,62.53775,0,[135.2644,80.001]]],[158,[27.45302,54.79379,0,[126.1094,79.001]]],[62,[30.42552,60.28818,0,[127.3628,79.001]]],[66,[30.84705,61.333,0,[131.113,80.001]]],[63,[30.6852,60.88679,0,[128.3281,79.001]]],[313,[22.7233,45.44321,0,[124.6393,79.001]]],[136,[28.27666,56.21634,0,[125.2507,79.001]]],[37,[31.93857,63.68971,0,[135.3314,80.001]]],[67,[31.11904,61.7896,0,[132.0823,80.001]]],[45,[31.01011,61.3963,0,[127.4307,79.001]]],[51,[31.3509,62.36439,0,[133.0887,80.001]]],[218,[25.82631,51.58794,0,[126.1849,79.001]]],[157,[27.66118,55.15437,0,[125.0763,79.001]]],[49,[31.42658,62.44161,0,[131.1705,80.001]]],[78,[29.9404,59.43337,0,[125.3834,79.001]]],[38,[31.88807,63.49584,0,[136.4561,80.001]]],[47,[30.95054,61.4346,0,[129.2883,79.001]]],[217,[25.99614,51.88406,0,[125.1624,79.001]]],[90,[30.29922,60.14567,0,[137.227,80.001]]],[50,[31.6984,62.90719,0,[132.1265,80.001]]],[116,[28.83907,57.2793,0,[125.2965,79.001]]],[46,[31.28487,62.00663,0,[128.4057,79.001]]],[71,[30.67697,61.161,0,[136.2495,80.001]]],[48,[31.71872,62.99771,0,[130.2576,80.001]]],[197,[26.46133,52.83279,0,[124.0935,79.001]]],[23,[32.56678,64.92138,0,[135.6265,80.001]]],[54,[31.25001,62.27616,0,[136.3616,80.001]]],[61,[30.20373,60.2559,0,[126.3627,79.001]]],[31,[31.5507,62.54778,0,[129.3871,79.001]]],[39,[32.19789,64.044,0,[137.5253,80.001]]],[91,[30.43229,60.38337,0,[138.3081,80.001]]],[33,[32.02356,63.57939,0,[131.2144,80.001]]],[115,[28.64576,56.99041,0,[124.2583,79.001]]],[254,[24.84879,49.67533,0,[124.586,79.001]]],[56,[31.8066,63.12872,0,[138.7596,80.001]]],[168,[27.95692,55.85916,0,[136.1818,80.001]]],[44,[30.76669,61.39754,0,[126.4251,79.001]]],[17,[32.24064,63.68584,0,[129.5709,79.001]]],[32,[32.3485,64.12572,0,[130.3333,80.001]]],[97,[29.38767,58.32396,0,[125.3459,79.001]]],[72,[30.8898,61.23994,0,[137.3857,80.001]]],[236,[25.41737,50.80358,0,[125.1184,79.001]]],[22,[32.4504,64.68922,0,[134.4164,80.001]]],[19,[32.67477,64.72876,0,[131.2829,80.001]]],[92,[31.28735,61.08147,0,[139.7617,80.001]]],[35,[31.90914,63.46889,0,[133.1504,80.001]]],[60,[30.50178,60.53583,0,[125.4175,79.001]]],[18,[33.07689,65.3343,0,[130.4691,80.001]]],[20,[32.93922,65.31754,0,[132.4895,80.001]]],[6,[33.02723,64.95628,0,[129.5979,79.001]]],[216,[25.88754,51.68686,0,[124.1049,79.001]]],[8,[33.36079,66.02206,0,[131.6535,80.001]]],[24,[32.8815,64.84906,0,[136.6551,80.001]]],[27,[31.7317,62.95783,0,[125.6253,79.001]]],[149,[28.76955,57.02991,0,[138.1495,80.001]]],[29,[31.64492,62.56252,0,[127.5585,79.001]]],[178,[27.11039,54.0794,0,[125.1648,79.001]]],[301,[23.23115,46.4561,0,[123.7552,79.001]]],[172,[32.88112,60.41562,0,[138.0083,80.001]]],[73,[31.01669,61.64812,0,[138.6462,80.001]]],[96,[29.18844,58.04138,0,[124.3046,79.001]]],[34,[32.29992,64.02386,0,[132.1794,80.001]]],[235,[25.3308,50.60974,0,[124.0338,79.001]]],[111,[30.44217,60.11327,0,[139.5716,80.001]]],[30,[31.93253,63.14063,0,[128.6053,79.001]]],[9,[33.62584,66.71159,0,[133.0715,80.001]]],[135,[28.08208,55.90859,0,[124.2358,79.001]]],[177,[27.01095,53.84287,0,[124.1013,79.001]]],[77,[29.73768,59.16302,0,[124.3495,79.001]]],[2,[34.07949,67.43096,0,[132.0493,80.001]]],[212,[27.19373,54.19012,0,[139.712,80.001]]],[58,[30.55563,60.42601,0,[123.3922,79.001]]],[59,[30.29654,60.26676,0,[124.385,79.001]]],[286,[23.80183,47.55332,0,[123.1435,79.001]]],[151,[32.42862,59.57236,0,[139.0717,80.001]]],[42,[30.88938,61.51571,0,[124.3651,79.001]]],[7,[33.77897,66.68902,0,[130.7375,80.001]]],[196,[26.62041,53.00254,0,[123.049,79.001]]],[55,[31.47609,62.53104,0,[137.593,80.001]]],[312,[23.74437,47.48293,0,[138.0934,80.001]]],[43,[31.11439,61.72793,0,[125.4754,79.001]]],[76,[29.93534,59.29506,0,[123.3024,79.001]]],[40,[31.7856,62.57744,0,[123.2722,79.001]]],[230,[26.59129,53.09811,0,[138.9871,80.001]]],[1,[34.54846,68.22865,0,[130.9974,80.001]]],[156,[27.55446,54.89206,0,[123.9493,79.001]]],[41,[31.49661,62.17411,0,[124.4088,79.001]]],[299,[24.31012,48.60126,0,[138.8679,80.001]]],[21,[32.48001,64.59158,0,[133.2848,80.001]]],[95,[29.37604,58.14397,0,[123.252,79.001]]],[25,[32.12973,63.50684,0,[124.5413,79.001]]],[298,[24.26448,48.49804,0,[137.2629,80.001]]],[0,[33.77401,66.46667,0,[129.771,79.001]]],[229,[26.44928,52.84887,0,[137.8839,80.001]]],[114,[28.80039,57.1418,0,[123.192,79.001]]],[250,[26.48671,51.98345,0,[140.0826,80.001]]],[192,[27.73844,55.06407,0,[139.1593,80.001]]],[57,[31.18594,61.24749,0,[123.047,79.001]]],[28,[31.38537,62.60131,0,[126.5665,79.001]]],[311,[23.68631,47.36877,0,[136.5695,80.001]]],[253,[24.83861,49.65915,0,[123.3475,79.001]]],[94,[29.40317,58.27372,0,[122.1393,79.001]]],[211,[27.08697,53.99068,0,[138.4944,80.001]]],[170,[28.20892,56.07253,0,[138.3239,80.001]]],[173,[31.81092,56.32162,0,[121.9145,79.001]]],[16,[32.6265,64.33878,0,[128.7867,79.001]]],[265,[25.34418,50.67178,0,[137.1054,80.001]]],[75,[30.09688,59.4922,0,[122.2361,79.001]]],[130,[29.66603,58.55957,0,[139.7001,80.001]]],[214,[26.16419,51.99346,0,[122.0042,79.001]]],[134,[28.24441,56.0093,0,[123.1911,79.001]]],[228,[26.35359,52.66278,0,[136.7664,80.001]]],[15,[32.28659,63.72007,0,[127.7536,79.001]]],[4,[32.97964,65.09867,0,[127.9254,79.001]]],[89,[30.1243,60.09148,0,[136.1637,80.001]]],[189,[27.42562,54.81888,0,[135.916,80.001]]],[93,[30.66779,59.2766,0,[122.2891,79.001]]],[131,[31.11378,57.94037,0,[121.4713,79.001]]],[113,[28.82308,57.3476,0,[122.0819,79.001]]],[128,[29.11061,57.98682,0,[137.1766,80.001]]],[10,[33.09637,65.8692,0,[133.852,80.001]]],[176,[27.17617,53.91752,0,[123.0517,79.001]]],[109,[29.74555,59.16745,0,[137.2193,80.001]]],[132,[29.72996,56.76165,0,[121.1423,79.001]]],[283,[24.82512,49.62945,0,[137.9576,80.001]]],[26,[32.45004,62.98209,0,[125.611,79.001]]],[266,[25.40498,50.78506,0,[138.4488,80.001]]],[153,[28.98434,56.12338,0,[121.012,79.001]]],[190,[27.47797,54.90355,0,[137.003,80.001]]],[112,[32.49207,59.83022,0,[123.4029,79.001]]],[233,[25.57651,50.90073,0,[121.9116,79.001]]],[5,[33.51542,65.70982,0,[128.6114,79.001]]],[193,[28.98288,55.26566,0,[140.086,80.001]]],[175,[27.33644,54.00081,0,[121.9901,79.001]]],[209,[26.87872,53.72738,0,[136.3108,80.001]]],[14,[32.10801,63.83868,0,[126.6515,79.001]]],[3,[33.54065,65.50818,0,[127.1482,79.001]]],[269,[24.34064,48.64619,0,[122.5264,79.001]]],[267,[25.5572,51.0118,0,[139.7891,80.001]]],[152,[32.67166,58.76009,0,[122.0423,79.001]]],[167,[28.05754,56.06727,0,[135.0971,80.001]]],[74,[32.93514,62.86033,0,[124.5324,79.001]]],[248,[25.87327,51.72256,0,[137.6383,80.001]]],[133,[28.22999,56.13971,0,[122.0867,79.001]]],[110,[29.90544,59.34472,0,[138.6414,80.001]]],[268,[24.48886,48.69278,0,[121.1742,79.001]]],[150,[29.10973,57.31343,0,[139.0187,80.001]]],[249,[25.9779,51.88426,0,[138.9475,80.001]]],[234,[25.37109,50.69732,0,[122.9359,79.001]]],[12,[33.19634,64.52914,0,[125.8589,79.001]]],[155,[27.72069,55.02321,0,[122.7983,79.001]]],[191,[27.60477,54.94442,0,[138.0824,80.001]]],[231,[27.99356,53.55224,0,[140.1755,80.001]]],[251,[25.27835,50.12642,0,[120.9793,79.001]]],[11,[33.21049,66.06142,0,[135.178,80.001]]],[284,[24.87917,49.65361,0,[139.3664,80.001]]],[252,[24.9051,49.76873,0,[122.0778,79.001]]],[174,[27.5664,54.19975,0,[120.997,79.001]]],[154,[28.2064,55.08704,0,[120.9881,79.001]]],[169,[28.01083,55.94623,0,[137.2825,80.001]]],[194,[30.37344,54.06816,0,[121.1191,79.001]]],[300,[23.29653,46.58596,0,[122.2918,79.001]]],[210,[26.96102,53.89075,0,[137.4078,80.001]]],[13,[32.73469,64.44555,0,[126.8183,79.001]]],[285,[23.84433,47.66265,0,[121.5755,79.001]]],[129,[29.41875,58.14551,0,[138.1063,80.001]]],[213,[26.83032,52.19551,0,[120.9045,79.001]]],[215,[26.00776,51.79528,0,[123.0487,79.001]]],[171,[28.43582,56.45383,0,[139.3436,80.001]]],[232,[26.12458,51.44882,0,[120.9111,79.001]]],[195,[26.76695,53.19152,0,[121.9934,79.001]]]
3:[324,[66.68137,133.3529,0,[131.7565,168.001]]],[323,[66.17387,132.3031,0,[130.4087,167.001]]],[319,[67.18234,134.3272,0,[132.6201,168.001]]],[318,[67.30911,134.5169,0,[131.1895,168.001]]],[317,[66.77613,133.4382,0,[130.0058,167.001]]],[308,[67.79298,135.3816,0,[132.1312,168.001]]],[307,[68.06303,135.69,0,[131.1212,168.001]]],[309,[68.30688,135.5241,0,[132.5905,168.001]]],[316,[67.55293,133.4889,0,[130.0022,167.001]]],[306,[68.11646,134.6353,0,[130.9803,167.001]]],[294,[68.83316,136.5173,0,[131.9918,168.001]]],[295,[69.21745,136.6431,0,[132.8052,168.001]]],[305,[68.18093,134.7407,0,[129.8796,167.001]]],[293,[68.70646,135.8328,0,[130.5902,167.001]]],[278,[69.62047,137.6158,0,[131.4461,168.001]]],[279,[69.90031,137.636,0,[132.5239,168.001]]],[277,[70.25283,137.9251,0,[131.219,168.001]]],[292,[69.2251,135.7126,0,[130.0821,167.001]]],[261,[70.47864,138.6217,0,[132.47,168.001]]],[291,[69.89732,135.7263,0,[129.9964,167.001]]],[275,[70.33385,137.1187,0,[130.7209,167.001]]],[260,[70.96977,138.9898,0,[131.8616,168.001]]],[280,[71.29425,138.0851,0,[133.044,168.001]]],[276,[71.54424,138.1651,0,[131.9387,168.001]]],[290,[70.90806,136.6028,0,[130.8543,167.001]]],[322,[70.74963,133.0106,0,[129.7996,167.001]]],[262,[71.97541,138.8693,0,[132.7076,168.001]]],[258,[71.97729,139.1326,0,[131.1153,168.001]]],[244,[72.41929,139.8961,0,[131.9326,168.001]]],[274,[71.53475,137.6167,0,[130.0003,167.001]]],[259,[72.05016,138.0954,0,[130.8614,167.001]]],[263,[72.7179,139.4437,0,[132.8639,168.001]]],[243,[73.08906,140.0432,0,[131.645,168.001]]],[245,[73.35657,140.3321,0,[132.868,168.001]]],[304,[72.17218,135.7804,0,[129.7871,167.001]]],[240,[72.65373,139.4067,0,[130.4961,167.001]]],[224,[73.67023,141.2441,0,[131.9506,168.001]]],[242,[73.26347,139.1139,0,[130.8635,167.001]]],[320,[74.10822,134.5062,0,[133.0621,168.001]]],[226,[74.27184,141.366,0,[132.0007,168.001]]],[289,[73.11277,137.1087,0,[129.8035,167.001]]],[223,[73.83529,140.169,0,[130.9011,167.001]]],[241,[73.83462,139.2329,0,[129.8049,167.001]]],[225,[74.8231,141.0734,0,[131.6764,168.001]]],[207,[74.90855,142.3028,0,[132.8864,168.001]]],[222,[74.44984,140.2885,0,[130.5019,167.001]]],[187,[75.49072,143.2475,0,[132.1347,168.001]]],[206,[75.43376,142.097,0,[131.0277,168.001]]],[296,[75.75734,137.5024,0,[133.1829,168.001]]],[205,[76.0435,142.1068,0,[131.9871,168.001]]],[257,[75.48145,139.2772,0,[130.8986,167.001]]],[303,[74.85805,137.0857,0,[129.7815,167.001]]],[315,[75.42599,134.879,0,[129.8132,167.001]]],[281,[76.31419,139.0398,0,[132.9658,168.001]]],[188,[76.6764,144.0678,0,[131.9997,168.001]]],[204,[76.06964,140.958,0,[130.9253,167.001]]],[297,[76.9483,138.3056,0,[133.0835,168.001]]],[246,[77.22611,141.5397,0,[132.109,168.001]]],[184,[76.71378,142.1468,0,[130.9993,167.001]]],[272,[76.54108,138.5146,0,[129.9451,167.001]]],[273,[75.98694,138.4389,0,[129.839,167.001]]],[264,[77.73132,140.6356,0,[133.1079,168.001]]],[186,[77.76821,143.062,0,[131.8815,168.001]]],[203,[77.45374,141.6318,0,[130.8501,167.001]]],[221,[77.10689,140.4789,0,[129.9801,167.001]]],[166,[78.27271,144.4153,0,[132.4785,168.001]]],[185,[78.49741,143.6651,0,[131.2248,168.001]]],[146,[78.87253,145.9579,0,[132.4436,168.001]]],[239,[77.78578,140.139,0,[129.9586,167.001]]],[202,[79.13537,142.6617,0,[131.058,168.001]]],[256,[78.4493,140.1591,0,[130.0008,167.001]]],[165,[79.4071,144.2236,0,[132.1449,168.001]]],[145,[79.8577,145.4033,0,[132.9601,168.001]]],[183,[79.18485,142.56,0,[130.9856,167.001]]],[164,[80.02814,144.7587,0,[131.8976,168.001]]],[314,[79.15483,136.2464,0,[129.8838,167.001]]],[144,[80.59093,145.5398,0,[131.8746,168.001]]],[220,[79.75948,141.48,0,[130.8777,167.001]]],[310,[80.49859,137.9056,0,[132.9736,168.001]]],[163,[80.97189,144.6333,0,[131.09,168.001]]],[126,[81.05904,147.1698,0,[132.6895,168.001]]],[288,[79.9083,138.7292,0,[129.8272,167.001]]],[182,[80.47321,142.3203,0,[129.9899,167.001]]],[142,[81.5155,145.3275,0,[131.9953,168.001]]],[161,[81.02168,143.4364,0,[130.8952,167.001]]],[282,[81.68313,141.1646,0,[133.1344,168.001]]],[125,[82.13094,146.7528,0,[132.2274,168.001]]],[162,[82.1125,144.8423,0,[131.1092,168.001]]],[238,[81.02709,140.3208,0,[129.8003,167.001]]],[201,[81.67709,142.3576,0,[130,167.0001]]],[107,[82.66684,148.1549,0,[133.1024,168.001]]],[143,[82.74249,145.8303,0,[131.9879,168.001]]],[140,[82.16127,144.4422,0,[130.8975,167.001]]],[124,[83.29964,146.6234,0,[132.4359,168.001]]],[122,[83.27154,146.6644,0,[131.2324,168.001]]],[237,[82.2238,140.8529,0,[129.7955,167.001]]],[200,[82.75774,142.3405,0,[130.1063,167.001]]],[321,[83.87966,139.1264,0,[133.1283,168.001]]],[106,[83.9694,147.9929,0,[132.0186,168.001]]],[123,[83.35802,146.316,0,[130.9433,167.001]]],[88,[84.54079,149.6433,0,[132.8705,168.001]]],[181,[83.94517,143.5903,0,[130.8587,167.001]]],[105,[84.69881,148.2175,0,[131.816,168.001]]],[219,[83.35535,141.7094,0,[129.846,167.001]]],[302,[83.99253,138.4545,0,[129.7758,167.001]]],[227,[85.09582,142.7654,0,[132.9955,168.001]]],[104,[85.27149,148.2355,0,[131.9431,168.001]]],[141,[84.67561,145.0953,0,[130.8614,167.001]]],[86,[85.67837,148.7939,0,[132.9724,168.001]]],[138,[85.22157,145.0751,0,[130.9213,167.001]]],[121,[85.90546,147.2921,0,[131.9662,168.001]]],[180,[84.54696,142.9892,0,[129.804,167.001]]],[271,[85.20318,139.7601,0,[129.8226,167.001]]],[85,[86.32066,149.5573,0,[133.025,168.001]]],[160,[86.26539,145.7274,0,[131.0722,168.001]]],[179,[85.75468,143.1334,0,[129.9667,167.001]]],[103,[86.60588,147.9775,0,[131.9576,168.001]]],[87,[86.97033,149.3856,0,[132.798,168.001]]],[159,[86.31531,144.4284,0,[130.912,167.001]]],[120,[87.25483,146.8269,0,[131.5936,168.001]]],[255,[86.32159,140.9051,0,[129.8115,167.001]]],[69,[87.56195,150.391,0,[132.7172,168.001]]],[137,[86.88254,145.634,0,[130.2197,167.001]]],[84,[87.81708,149.2605,0,[131.1976,168.001]]],[208,[88.12769,144.5036,0,[132.2527,168.001]]],[139,[87.4949,145.8548,0,[130.0017,167.001]]],[101,[87.93899,146.875,0,[130.9055,167.001]]],[247,[88.78221,142.3898,0,[132.9312,168.001]]],[70,[88.72961,151.427,0,[131.8308,168.001]]],[102,[89.32671,148.4338,0,[131.8078,168.001]]],[118,[88.4913,146.5718,0,[130.5713,167.001]]],[199,[88.05332,142.7286,0,[129.8155,167.001]]],[147,[89.39027,147.4446,0,[132.9156,168.001]]],[117,[89.07172,147.0405,0,[130.8254,167.001]]],[52,[89.91427,152.0067,0,[132.3324,168.001]]],[119,[90.08096,147.6525,0,[131.2634,168.001]]],[287,[88.98827,139.8856,0,[129.7406,167.001]]],[99,[89.6039,147.3426,0,[130.0368,167.001]]],[127,[90.45265,148.6579,0,[133.1312,168.001]]],[82,[90.67246,149.1419,0,[132.1076,168.001]]],[100,[90.65685,148.6385,0,[131.0001,168.001]]],[270,[90.18109,140.8479,0,[129.9041,167.001]]],[68,[91.22315,150.6708,0,[131.9502,168.001]]],[148,[91.37427,147.5369,0,[133.0056,168.001]]],[64,[90.80747,149.0129,0,[130.8739,167.001]]],[83,[91.86497,149.7392,0,[132.0384,168.001]]],[80,[91.38499,148.5355,0,[130.9397,167.001]]],[108,[92.04131,150.1112,0,[133.1841,168.001]]],[98,[90.72527,147.7973,0,[129.7932,167.001]]],[36,[92.45645,153.0166,0,[132.3294,168.001]]],[198,[91.2839,143.3537,0,[129.8588,167.001]]],[81,[92.49423,149.7781,0,[131.1201,168.001]]],[79,[91.93353,148.7756,0,[129.9919,167.001]]],[65,[93.00808,150.5963,0,[131.8312,168.001]]],[53,[93.06541,152.7688,0,[133.0009,168.001]]],[158,[92.50253,145.6204,0,[130.2861,167.001]]],[62,[93.44205,150.3939,0,[131.1596,168.001]]],[66,[93.68016,150.4927,0,[132.8722,168.001]]],[63,[93.96449,150.8162,0,[131.9254,168.001]]],[313,[93.05356,139.06,0,[129.9854,167.001]]],[136,[93.51614,146.7953,0,[130.8343,167.001]]],[37,[94.32674,153.1676,0,[133.0099,168.001]]],[67,[94.58556,151.3329,0,[132.0089,168.001]]],[45,[94.07472,150.712,0,[130.9073,167.001]]],[51,[95.07128,151.6562,0,[133.0209,168.001]]],[218,[93.65385,142.854,0,[129.7722,167.001]]],[157,[94.26409,146.1848,0,[129.8669,167.001]]],[49,[95.22102,151.3391,0,[131.9453,168.001]]],[78,[94.65286,150.2964,0,[130.8544,167.001]]],[38,[95.77807,154.996,0,[132.3504,168.001]]],[47,[95.80464,151.6232,0,[131.0722,168.001]]],[217,[94.9343,143.4932,0,[129.9044,167.001]]],[90,[96.34144,152.6372,0,[132.8618,168.001]]],[50,[96.46662,152.185,0,[131.6854,168.001]]],[116,[95.60114,148.4935,0,[129.9868,167.001]]],[46,[96.06467,151.3368,0,[130.5852,167.001]]],[71,[97.0359,153.5658,0,[132.4453,168.001]]],[48,[97.08148,152.0001,0,[131.1859,168.001]]],[197,[96.53778,144.5694,0,[129.9761,167.001]]],[23,[97.64706,156.1044,0,[131.394,168.001]]],[54,[97.76173,154.8956,0,[132.6611,168.001]]],[61,[97.1955,151.2665,0,[130.1003,167.001]]],[31,[97.75513,151.6905,0,[130.7905,167.001]]],[39,[98.36063,155.8379,0,[132.005,168.001]]],[91,[98.85786,154.3605,0,[132.9692,168.001]]],[33,[98.96055,153.0305,0,[131.8366,168.001]]],[115,[98.36913,148.43,0,[130.7464,167.001]]],[254,[98.10821,142.2507,0,[129.7809,167.001]]],[56,[99.50003,158.1634,0,[132.0444,168.001]]],[168,[99.46326,146.9333,0,[133.1522,168.001]]],[44,[98.95784,151.9784,0,[130.94,167.001]]],[17,[99.50827,152.9524,0,[130.8694,167.001]]],[32,[100.05,153.3151,0,[131.9632,168.001]]],[97,[98.96375,149.743,0,[129.8415,167.001]]],[72,[100.1833,154.7756,0,[133.036,168.001]]],[236,[99.59003,143.9012,0,[129.7902,167.001]]],[22,[100.6027,154.7606,0,[132.0027,168.001]]],[19,[100.0652,152.8596,0,[130.8904,167.001]]],[92,[100.9403,157.1959,0,[133.0021,168.001]]],[35,[101.1478,153.6506,0,[131.7083,168.001]]],[60,[100.2363,151.8667,0,[129.8314,167.001]]],[18,[100.6795,153.227,0,[130.4996,167.001]]],[20,[101.6273,155.7616,0,[132.6612,168.001]]],[6,[101.6917,155.1168,0,[131.3464,168.001]]],[216,[101.2531,145.0803,0,[130.0023,167.001]]],[8,[102.3419,156.6087,0,[131.8461,168.001]]],[24,[102.3196,156.7259,0,[132.9524,168.001]]],[27,[101.713,153.8943,0,[130.7753,167.001]]],[149,[102.9213,149.8941,0,[132.7593,168.001]]],[29,[102.9547,154.295,0,[131.4969,168.001]]],[178,[102.3162,146.484,0,[130.431,167.001]]],[301,[101.8939,140.3704,0,[129.7251,167.001]]],[172,[103.4729,154.5379,0,[131.896,168.001]]],[73,[103.632,158.0775,0,[132.9561,168.001]]],[96,[103.1892,151.0985,0,[130.8773,167.001]]],[34,[104.0409,154.0045,0,[131.7368,168.001]]],[235,[102.8515,144.0362,0,[129.9949,167.001]]],[111,[104.2562,159.4821,0,[132.8391,168.001]]],[30,[104.513,154.5141,0,[131.114,168.001]]],[9,[104.729,158.4815,0,[132.2551,168.001]]],[135,[103.4913,148.6221,0,[129.9576,167.001]]],[177,[104.0942,147.3858,0,[130.0061,167.001]]],[77,[104.5481,151.5412,0,[130.8598,167.001]]],[2,[105.2516,157.6618,0,[131.8929,168.001]]],[212,[105.3991,160.9102,0,[133.0086,168.001]]],[58,[105.0882,152.7413,0,[130.3692,167.001]]],[59,[105.7579,153.697,0,[131.4296,168.001]]],[286,[104.6324,142.2593,0,[129.7404,167.001]]],[151,[105.921,156.6746,0,[132.5078,168.001]]],[42,[105.7394,154.3918,0,[130.8239,167.001]]],[7,[106.472,157.3444,0,[131.8224,168.001]]],[196,[105.5776,146.9982,0,[129.7716,167.001]]],[55,[106.5392,157.3466,0,[132.94,168.001]]],[312,[107.0494,162.6709,0,[132.2036,168.001]]],[43,[106.4428,153.9034,0,[130.9958,167.001]]],[76,[106.2341,152.0623,0,[129.9669,167.001]]],[40,[106.995,156.4545,0,[130.8985,167.001]]],[230,[107.5398,159.846,0,[133.1129,168.001]]],[1,[107.607,158.8228,0,[131.9841,168.001]]],[156,[107.0331,148.0229,0,[129.8095,167.001]]],[41,[108.1088,156.218,0,[131.0757,168.001]]],[299,[108.2187,161.349,0,[132.4185,168.001]]],[21,[108.6863,159.2223,0,[131.407,168.001]]],[95,[107.731,151.4948,0,[130,167.0007]]],[25,[108.2914,157.947,0,[130.1899,167.001]]],[298,[108.8619,156.9592,0,[132.6694,168.001]]],[0,[109.3699,159.3148,0,[131.0969,168.001]]],[229,[109.3675,163.1639,0,[132.2137,168.001]]],[114,[108.9352,151.3877,0,[129.9937,167.001]]],[250,[109.9492,162.2894,0,[131.9982,168.001]]],[192,[109.9011,154.8511,0,[133.1364,168.001]]],[57,[109.5252,155.4449,0,[130.9053,167.001]]],[28,[110.5649,155.672,0,[131.1582,168.001]]],[311,[110.5287,159.4738,0,[132.4395,168.001]]],[253,[109.4936,144.577,0,[129.8122,167.001]]],[94,[110.1484,153.1945,0,[129.9865,167.001]]],[211,[111.0793,164.8568,0,[131.6302,168.001]]],[170,[111.073,154.7099,0,[132.8151,168.001]]],[173,[110.6382,152.278,0,[130.5077,167.001]]],[16,[111.7026,156.8426,0,[131.5057,168.001]]],[265,[111.7171,158.8176,0,[132.692,168.001]]],[75,[111.6072,153.9027,0,[130.752,167.001]]],[130,[112.3553,164.2076,0,[131.7981,168.001]]],[214,[111.1542,146.9509,0,[130.003,167.001]]],[134,[111.8324,151.9851,0,[129.7486,167.001]]],[228,[112.3539,153.0743,0,[132.9093,168.001]]],[15,[112.1581,156.5968,0,[130.7702,167.001]]],[4,[113.0642,157.6451,0,[131.5083,168.001]]],[89,[113.0152,165.2607,0,[132.6549,168.001]]],[189,[113.6207,165.7224,0,[131.7688,168.001]]],[93,[112.4878,155.5019,0,[129.8832,167.001]]],[131,[112.9771,155.489,0,[130.4136,167.001]]],[113,[113.5396,154.6624,0,[130.9534,167.001]]],[128,[113.8285,162.9425,0,[132.8808,168.001]]],[10,[114.3006,161.517,0,[131.9889,168.001]]],[176,[113.6977,148.0819,0,[129.886,167.001]]],[109,[114.6048,165.0713,0,[133.0661,168.001]]],[132,[114.122,153.9575,0,[130.8573,167.001]]],[283,[114.9424,164.0183,0,[132.0387,168.001]]],[26,[115.2603,159.3243,0,[131.1214,168.001]]],[266,[115.4915,163.4778,0,[132.8401,168.001]]],[153,[114.5114,155.7158,0,[129.9954,167.001]]],[190,[115.8273,162.1323,0,[131.9746,168.001]]],[112,[115.325,155.5836,0,[130.8102,167.001]]],[233,[115.0653,148.335,0,[129.8326,167.001]]],[5,[116.3098,160.9277,0,[131.3984,168.001]]],[193,[116.2929,166.915,0,[132.8328,168.001]]],[175,[115.8048,152.723,0,[130.0207,167.001]]],[209,[116.7896,164.9194,0,[132.256,168.001]]],[14,[116.3136,158.2921,0,[130.9341,167.001]]],[3,[117.2927,160.531,0,[131.4859,168.001]]],[269,[116.414,146.5677,0,[129.8405,167.001]]],[267,[117.3744,157.7763,0,[132.7733,168.001]]],[152,[116.9209,155.9357,0,[130.3875,167.001]]],[167,[117.8253,166.4641,0,[131.8404,168.001]]],[74,[117.6018,159.3483,0,[130.8707,167.001]]],[248,[118.1235,164.1266,0,[132.9849,168.001]]],[133,[117.421,156.6832,0,[129.825,167.001]]],[110,[118.4596,168.6991,0,[131.9953,168.001]]],[268,[118.2044,156.9165,0,[130.9991,167.001]]],[150,[118.9283,155.8839,0,[132.9863,168.001]]],[249,[119.1384,167.2411,0,[131.9594,168.001]]],[234,[118.158,150.9818,0,[129.9055,167.001]]],[12,[118.8173,158.5999,0,[130.9002,167.001]]],[155,[118.9212,154.7536,0,[129.8259,167.001]]],[191,[119.7903,163.4974,0,[131.9181,168.001]]],[231,[119.6773,164.7508,0,[132.997,168.001]]],[251,[119.4283,158.498,0,[130.8426,167.001]]],[11,[120.4487,163.5647,0,[131.2819,168.001]]],[284,[120.383,169.5419,0,[132.5814,168.001]]],[252,[119.6749,153.5847,0,[129.8679,167.001]]],[174,[120.2967,159.812,0,[130.0172,167.001]]],[154,[121.0273,159.0724,0,[131.0893,168.001]]],[169,[121.0619,168.7799,0,[132.3365,168.001]]],[194,[121.6168,157.5823,0,[131.2122,168.001]]],[300,[121.0183,147.0969,0,[130.0271,167.001]]],[210,[121.7809,167.0037,0,[132.4502,168.001]]],[13,[122.2617,160.8299,0,[131.2348,168.001]]],[285,[121.7018,151.6112,0,[130.0758,167.001]]],[129,[122.5288,158.7212,0,[132.3913,168.001]]],[213,[122.9546,157.0542,0,[131.247,168.001]]],[215,[122.3913,151.8393,0,[130.0736,167.001]]],[171,[123.307,165.4017,0,[132.4128,168.001]]],[232,[123.7942,159.1481,0,[131.4949,168.001]]],[195,[123.3578,156.1828,0,[130.2391,167.001]]]

Travel Distances:
[324,199.9746],[323,201.9236],[319,201.9487],[318,201.8345],[317,201.5829],[308,201.7827],[307,203.5277],[309,202.787],[316,202.1985],[306,204.3434],[294,204.7355],[295,204.1823],[305,204.1503],[293,204.3111],[278,204.3381],[279,205.8124],[277,205.3367],[292,204.966],[261,205.5963],[291,203.7459],[275,206.386],[260,207.0252],[280,205.4727],[276,204.9293],[290,204.7087],[322,203.4238],[262,206.8431],[258,207.137],[244,207.0423],[274,206.4086],[259,205.9353],[263,205.947],[243,207.8267],[245,207.5445],[304,205.2317],[240,208.0238],[224,207.8761],[242,208.5391],[320,202.2285],[226,208.7406],[289,206.7535],[223,208.3842],[241,207.4284],[225,209.3426],[207,210.4584],[222,209.3147],[187,210.2537],[206,209.2039],[296,205.9581],[205,209.9791],[257,208.2432],[303,207.2587],[315,203.961],[281,206.3277],[188,210.6482],[204,208.7576],[297,206.3112],[246,209.0475],[184,210.564],[272,207.3275],[273,208.3265],[264,207.1318],[186,211.4612],[203,210.6627],[221,210.0573],[166,211.8467],[185,210.5621],[146,214.1615],[239,210.2788],[202,210.1946],[256,209.0773],[165,211.3903],[145,213.6161],[183,212.1328],[164,212.6774],[314,205.8398],[144,212.3224],[220,209.6925],[310,204.8581],[163,212.6412],[126,215.0211],[288,208.8249],[182,211.2861],[142,212.228],[161,211.2982],[282,207.7366],[125,214.4569],[162,212.5687],[238,210.0418],[201,210.8486],[107,214.7774],[143,212.3293],[140,214.0368],[124,213.9953],[122,214.0134],[237,210.1228],[200,210.6646],[321,207.3241],[106,215.9841],[123,215.5332],[88,216.5391],[181,211.6431],[105,214.786],[219,212.7826],[302,208.2033],[227,210.5148],[104,215.6673],[141,213.6895],[86,215.3766],[138,212.6057],[121,215.4351],[180,213.7571],[271,209.2357],[85,216.8807],[160,212.9101],[179,211.5557],[103,214.7546],[87,217.4024],[159,213.6778],[120,214.2905],[255,210.0883],[69,217.2293],[137,215.6603],[84,217.5464],[208,212.2112],[139,214.5785],[101,214.9604],[247,208.7985],[70,219.9174],[102,215.7437],[118,215.4952],[199,212.2556],[147,214.4899],[117,214.8629],[52,220.0912],[119,215.4013],[287,209.7719],[99,216.0155],[127,215.7041],[82,215.7626],[100,217.1639],[270,210.2231],[68,218.1784],[148,214.7552],[64,217.3353],[83,217.9733],[80,217.6859],[108,217.9728],[98,218.1163],[36,220.0786],[198,212.4752],[81,216.7542],[79,216.7187],[65,218.5012],[53,220.6027],[158,214.419],[62,217.4575],[66,217.1032],[63,218.8428],[313,208.841],[136,215.6868],[37,220.4554],[67,218.0837],[45,218.3886],[51,219.434],[218,213.3788],[157,215.5356],[49,218.8525],[78,218.9084],[38,221.4231],[47,219.8818],[217,213.4629],[90,219.8857],[50,219.2307],[116,217.2018],[46,219.1787],[71,221.4615],[48,219.7503],[197,213.398],[23,222.7769],[54,221.3472],[61,220.7524],[31,220.12],[39,223.0704],[91,222.6086],[33,221.0794],[115,217.6519],[254,211.9404],[56,225.147],[168,213.9131],[44,220.0189],[17,221.8631],[32,221.1514],[97,219.7223],[72,222.3209],[236,212.5319],[22,221.3288],[19,220.5446],[92,225.2142],[35,221.3305],[60,221.2302],[18,221.7263],[20,222.4839],[6,221.6147],[216,214.4013],[8,223.9044],[24,224.0476],[27,222.3995],[149,217.8945],[29,222.3513],[178,215.7674],[301,210.3871],[172,221.5511],[73,224.7802],[96,220.6133],[34,221.8605],[235,214.0966],[111,226.8639],[30,221.4684],[9,225.0071],[135,219.3599],[177,217.0626],[77,220.311],[2,225.0681],[212,227.9204],[58,222.4555],[59,222.0451],[286,212.6659],[151,224.4194],[42,222.8257],[7,224.3442],[196,215.7226],[55,225.7038],[312,230.317],[43,222.9662],[76,221.3732],[40,224.3564],[230,226.4312],[1,227.0962],[156,217.7773],[41,223.8633],[299,228.5595],[21,225.7254],[95,219.8901],[25,227.1719],[298,224.8896],[0,226.4485],[229,230.1109],[114,221.3768],[250,230.0615],[192,222.4073],[57,224.2438],[28,222.4094],[311,225.9739],[253,215.2629],[94,222.6528],[211,232.5078],[170,221.945],[173,220.4627],[16,223.2592],[265,226.6072],[75,222.6271],[130,231.2307],[214,216.3103],[134,222.062],[228,221.3345],[15,226.0855],[4,225.2842],[89,232.3598],[189,232.3848],[93,224.2937],[131,223.3939],[113,223.5142],[128,230.7398],[10,228.7833],[176,216.4281],[109,233.4662],[132,223.6165],[283,231.8575],[26,226.6815],[266,230.1841],[153,224.5702],[190,230.3279],[112,224.7128],[233,217.8966],[5,228.0108],[193,233.9057],[175,220.9852],[209,232.8721],[14,227.5106],[3,227.6694],[269,215.5857],[267,224.4516],[152,223.8228],[167,234.5334],[74,227.8877],[248,231.2265],[133,225.3847],[110,235.4196],[268,226.1527],[150,223.4751],[249,234.6357],[234,220.2893],[12,226.6852],[155,224.6441],[191,231.5632],[231,232.5432],[251,227.4541],[11,230.4226],[284,236.1894],[252,223.9537],[174,228.9804],[154,226.7697],[169,236.1924],[194,224.2269],[300,216.9069],[210,235.0384],[13,228.1846],[285,220.0736],[129,225.3765],[213,224.9688],[215,220.8806],[171,232.5535],[232,227.5034],[195,225.3967]

Finish Times:
[324,101.8419],[323,101.962],[319,102.282],[318,102.562],[317,102.882],[308,102.922],[307,103.242],[309,103.522],[316,103.602],[306,103.962],[294,104.042],[295,104.322],[305,104.482],[293,104.642],[278,104.922],[279,105.042],[277,105.402],[292,105.642],[261,105.722],[291,105.802],[275,106.042],[260,106.122],[280,106.4821],[276,106.7221],[290,106.8021],[322,107.0021],[262,107.1221],[258,107.2021],[244,107.5621],[274,107.6421],[259,107.8821],[263,107.9221],[243,108.3221],[245,108.5621],[304,108.5621],[240,108.6021],[224,108.8021],[242,109.0421],[320,109.3221],[226,109.3621],[289,109.3621],[223,109.5221],[241,109.8021],[225,109.9621],[207,110.0421],[222,110.3621],[187,110.5621],[206,110.6021],[296,110.9622],[205,111.2022],[257,111.2822],[303,111.4022],[315,111.4022],[281,111.4822],[188,111.8822],[204,111.9222],[297,112.2022],[246,112.3622],[184,112.5222],[272,112.5622],[273,112.5622],[264,112.9222],[186,112.9622],[203,113.3622],[221,113.4022],[166,113.4422],[185,113.7222],[146,114.0422],[239,114.2022],[202,114.3622],[256,114.4022],[165,114.5222],[145,115.0423],[183,115.0823],[164,115.2023],[314,115.4023],[144,115.6823],[220,115.7223],[310,115.7223],[163,116.1223],[126,116.1623],[288,116.2423],[182,116.4023],[142,116.6423],[161,116.8823],[282,116.8823],[125,117.2423],[162,117.2823],[238,117.4023],[201,117.6423],[107,117.8423],[143,117.8423],[140,117.9623],[124,118.4023],[122,118.4823],[237,118.5623],[200,118.6823],[321,119.0423],[106,119.1223],[123,119.4424],[88,119.6424],[181,119.7224],[105,119.8424],[219,120.0424],[302,120.1224],[227,120.3224],[104,120.3624],[141,120.6424],[86,120.8424],[138,120.9224],[121,121.0024],[180,121.0824],[271,121.4424],[85,121.5224],[160,121.5224],[179,121.6024],[103,121.6824],[87,122.1224],[159,122.1624],[120,122.3624],[255,122.6024],[69,122.6824],[137,122.9624],[84,123.0424],[208,123.2824],[139,123.7625],[101,123.8025],[247,123.9225],[70,123.9625],[102,124.4425],[118,124.5225],[199,124.6025],[147,124.6425],[117,124.8025],[52,125.0425],[119,125.2425],[287,125.2825],[99,125.6025],[127,125.6425],[82,125.8025],[100,126.0025],[270,126.4025],[68,126.4425],[148,126.5225],[64,126.8025],[83,127.0025],[80,127.2025],[108,127.2425],[98,127.3625],[36,127.5625],[198,127.6425],[81,127.6825],[79,127.9225],[65,128.1225],[53,128.2425],[158,128.4025],[62,128.6424],[66,128.8424],[63,129.1224],[313,129.2023],[136,129.4423],[37,129.5223],[67,129.7223],[45,129.8422],[51,130.2422],[218,130.2422],[157,130.2822],[49,130.4021],[78,130.5221],[38,130.8821],[47,131.082],[217,131.362],[90,131.522],[50,131.6019],[116,131.6019],[46,131.8419],[71,132.1618],[48,132.3218],[197,132.6018],[23,132.7617],[54,132.8817],[61,133.0817],[31,133.4816],[39,133.4816],[91,134.0015],[33,134.2015],[115,134.2815],[254,134.4015],[56,134.6014],[168,134.6814],[44,134.8814],[17,135.2013],[32,135.2013],[97,135.2813],[72,135.4013],[236,135.6013],[22,135.8012],[19,135.8412],[92,136.1212],[35,136.2812],[60,136.4811],[18,136.5211],[20,136.7611],[6,136.9211],[216,137.361],[8,137.481],[24,137.481],[27,137.521],[149,138.1208],[29,138.1608],[178,138.2808],[301,138.3208],[172,138.6808],[73,138.7607],[96,139.0407],[34,139.1207],[235,139.1207],[111,139.5206],[30,139.6406],[9,139.8006],[135,139.9605],[177,139.9605],[77,140.3205],[2,140.4005],[212,140.6804],[58,141.0004],[59,141.0004],[286,141.0404],[151,141.2803],[42,141.6403],[7,141.6803],[196,141.8402],[55,141.9602],[312,142.2802],[43,142.3201],[76,142.5601],[40,142.7201],[230,142.8801],[1,142.96],[156,143.04],[41,143.44],[299,143.5199],[21,143.8799],[95,143.9199],[25,144.1598],[298,144.1998],[0,144.6398],[229,144.6398],[114,145.0397],[250,145.2796],[192,145.3996],[57,145.5196],[28,145.8396],[311,145.8795],[253,146.0395],[94,146.2395],[211,146.3195],[170,146.5194],[173,146.6794],[16,146.9194],[265,147.2393],[75,147.3993],[130,147.6393],[214,147.8792],[134,147.9992],[228,148.0392],[15,148.0792],[4,148.3591],[89,148.5991],[189,148.7591],[93,148.879],[131,148.879],[113,149.279],[128,149.279],[10,149.5189],[176,149.8389],[109,149.9589],[132,149.9989],[283,150.1588],[26,150.4788],[266,150.7987],[153,150.8387],[190,150.9987],[112,151.1187],[233,151.1587],[5,151.5986],[193,151.6386],[175,151.8385],[209,152.1185],[14,152.1985],[3,152.5984],[269,152.7184],[267,152.7984],[152,152.9184],[167,153.0783],[74,153.4783],[248,153.6382],[133,153.7582],[110,153.8382],[268,154.2381],[150,154.3581],[249,154.3981],[234,154.5981],[12,154.6381],[155,154.998],[191,155.118],[231,155.278],[251,155.3979],[11,155.7579],[284,155.8379],[252,156.0778],[174,156.2778],[154,156.3978],[169,156.3978],[194,156.7577],[300,157.0377],[210,157.1177],[13,157.4776],[285,157.5576],[129,157.8375],[213,158.2375],[215,158.3974],[171,158.5974],[232,158.9973],[195,159.2373]

Stuck Times:
[324,0],[323,0],[319,0],[318,0],[317,0],[308,0],[307,0],[309,0],[316,0],[306,0],[294,0],[295,0],[305,0],[293,0],[278,0],[279,0],[277,1],[292,1],[261,0],[291,2],[275,2],[260,1],[280,3],[276,3],[290,2],[322,4],[262,4],[258,4],[244,2],[274,2],[259,4],[263,3],[243,3],[245,4],[304,5],[240,3],[224,3],[242,4],[320,7],[226,2],[289,5],[223,4],[241,4],[225,5],[207,3],[222,4],[187,4],[206,4],[296,9],[205,6],[257,6],[303,8],[315,9],[281,7],[188,6],[204,7],[297,9],[246,5],[184,7],[272,8],[273,8],[264,7],[186,8],[203,8],[221,8],[166,7],[185,8],[146,7],[239,9],[202,9],[256,10],[165,10],[145,8],[183,10],[164,10],[314,12],[144,10],[220,10],[310,13],[163,11],[126,10],[288,12],[182,11],[142,12],[161,11],[282,13],[125,11],[162,12],[238,12],[201,13],[107,11],[143,13],[140,13],[124,13],[122,12],[237,14],[200,14],[321,17],[106,13],[123,13],[88,12],[181,14],[105,13],[219,14],[302,17],[227,15],[104,15],[141,15],[86,15],[138,14],[121,15],[180,16],[271,17],[85,15],[160,16],[179,16],[103,15],[87,16],[159,16],[120,17],[255,18],[69,16],[137,17],[84,17],[208,18],[139,18],[101,18],[247,21],[70,17],[102,19],[118,18],[199,19],[147,20],[117,19],[52,18],[119,21],[287,22],[99,19],[127,20],[82,20],[100,21],[270,21],[68,21],[148,21],[64,21],[83,22],[80,21],[108,21],[98,20],[36,19],[198,24],[81,23],[79,22],[65,22],[53,22],[158,24],[62,22],[66,24],[63,24],[313,26],[136,24],[37,23],[67,23],[45,23],[51,25],[218,25],[157,25],[49,24],[78,24],[38,22],[47,26],[217,26],[90,25],[50,25],[116,26],[46,27],[71,25],[48,26],[197,27],[23,24],[54,25],[61,27],[31,28],[39,25],[91,28],[33,27],[115,29],[254,31],[56,25],[168,30],[44,30],[17,29],[32,29],[97,30],[72,27],[236,32],[22,28],[19,29],[92,26],[35,30],[60,28],[18,31],[20,27],[6,31],[216,32],[8,28],[24,27],[27,31],[149,33],[29,31],[178,33],[301,35],[172,30],[73,30],[96,31],[34,33],[235,34],[111,29],[30,35],[9,30],[135,33],[177,33],[77,34],[2,32],[212,29],[58,35],[59,35],[286,38],[151,33],[42,35],[7,33],[196,36],[55,33],[312,29],[43,35],[76,34],[40,35],[230,32],[1,33],[156,38],[41,35],[299,32],[21,35],[95,36],[25,35],[298,37],[0,36],[229,27],[114,37],[250,35],[192,38],[57,37],[28,39],[311,35],[253,42],[94,38],[211,34],[170,38],[173,42],[16,40],[265,41],[75,39],[130,37],[214,43],[134,41],[228,40],[15,39],[4,40],[89,40],[189,38],[93,42],[131,39],[113,42],[128,38],[10,40],[176,45],[109,38],[132,44],[283,40],[26,40],[266,41],[153,42],[190,41],[112,45],[233,47],[5,45],[193,40],[175,44],[209,38],[14,44],[3,43],[269,48],[267,45],[152,47],[167,41],[74,45],[248,46],[133,46],[110,38],[268,48],[150,48],[249,44],[234,49],[12,44],[155,47],[191,43],[231,44],[251,47],[11,45],[284,43],[252,50],[174,47],[154,48],[169,44],[194,50],[300,54],[210,44],[13,50],[285,54],[129,51],[213,50],[215,53],[171,48],[232,53],[195,52]

