Experiment Name: Custom-MultiplePaths2
Method Used: RegionalFlowGraph
Run Number: 8
Preparation Time: 424.9261ms
Pathfinding Time: 3.9554ms
Finish Time: 138.2008ms
Finish Time 90%: 134.1215ms
Repaths: 0
Soft Repaths: 0

Gates Data:
2:[324,[22.68217,45.35849,0,[131.4194,80.001]]],[320,[23.16961,46.3346,0,[133.6779,80.001]]],[319,[23.15812,46.31164,0,[132.3343,80.001]]],[321,[23.2089,46.41171,0,[135.1453,80.001]]],[310,[23.73148,47.45133,0,[134.4736,80.001]]],[309,[23.71551,47.41953,0,[133.0671,80.001]]],[318,[23.19709,46.38846,0,[130.9818,80.001]]],[311,[23.6888,47.37031,0,[136.151,80.001]]],[296,[24.28501,48.53588,0,[134.3578,80.00099]]],[323,[22.16086,44.29897,0,[129.8574,79.001]]],[295,[24.25742,48.47813,0,[133.2384,80.001]]],[297,[24.23373,48.45181,0,[135.541,80.00099]]],[281,[24.80848,49.59102,0,[135.2569,80.001]]],[280,[24.84414,49.65113,0,[134.1275,80.001]]],[308,[23.75767,47.4902,0,[131.8767,80.001]]],[279,[24.79572,49.56241,0,[133.0206,80.001]]],[263,[25.37851,50.71846,0,[134.4417,80.001]]],[282,[24.8207,49.61615,0,[136.4299,80.001]]],[245,[25.86048,51.67976,0,[133.9165,80.001]]],[264,[25.35755,50.68297,0,[135.6009,80.00099]]],[317,[22.77124,45.43881,0,[129.8186,79.001]]],[265,[25.35106,50.67405,0,[136.9239,80.00099]]],[262,[25.33898,50.63932,0,[133.214,80.001]]],[246,[25.90402,51.77099,0,[135.0723,80.001]]],[298,[24.26582,48.5022,0,[136.9025,80.00099]]],[247,[25.85426,51.66671,0,[136.2882,80.00099]]],[226,[26.41752,52.76065,0,[133.7086,80.001]]],[294,[24.31814,48.59042,0,[132.1109,80.001]]],[227,[26.46474,52.83741,0,[134.8038,80.001]]],[244,[25.84372,51.62111,0,[132.798,80.001]]],[248,[25.8854,51.72609,0,[137.5396,80.00099]]],[207,[26.94449,53.81397,0,[134.0934,80.001]]],[228,[26.40811,52.72075,0,[135.9004,80.001]]],[208,[26.98699,53.91895,0,[135.2315,80.001]]],[261,[25.44559,50.82313,0,[132.0169,80.001]]],[187,[27.44431,54.82399,0,[133.5702,80.001]]],[209,[26.92245,53.80648,0,[136.3684,80.001]]],[189,[27.47152,54.90162,0,[135.7991,80.001]]],[229,[26.4304,52.80324,0,[137.0937,80.001]]],[316,[22.71628,45.41334,0,[128.6974,79.001]]],[206,[26.92103,53.77214,0,[132.8974,80.001]]],[188,[27.50995,54.97121,0,[134.6725,80.001]]],[166,[27.96877,55.89374,0,[133.9153,80.001]]],[225,[26.38809,52.70227,0,[132.6193,80.001]]],[167,[28.05819,56.08055,0,[135.017,80.001]]],[168,[27.98994,55.92979,0,[136.2352,80.001]]],[186,[27.4537,54.80761,0,[132.4922,80.001]]],[190,[27.45246,54.8456,0,[136.9704,80.001]]],[146,[28.63091,57.1441,0,[134.6915,80.001]]],[147,[28.49915,56.94886,0,[135.7489,80.001]]],[145,[28.50441,56.92304,0,[133.6347,80.001]]],[126,[29.18539,58.17705,0,[134.8002,80.001]]],[307,[23.73799,47.44775,0,[130.7141,80.001]]],[148,[28.5309,56.95067,0,[136.8503,80.001]]],[125,[29.04322,57.99713,0,[133.7279,80.001]]],[205,[27.09557,54.08771,0,[131.6768,80.001]]],[127,[29.04007,57.96511,0,[135.875,80.001]]],[165,[28.00054,55.87687,0,[132.7663,80.001]]],[108,[29.59044,58.99626,0,[135.9335,80.001]]],[293,[24.2808,48.51529,0,[130.9885,80.001]]],[128,[29.07548,58.01807,0,[136.987,80.001]]],[243,[25.99029,51.91681,0,[131.6339,80.001]]],[106,[29.59142,59.05202,0,[133.7894,80.001]]],[89,[30.14814,60.06174,0,[135.8622,80.001]]],[278,[24.89437,49.74376,0,[131.9422,80.001]]],[185,[27.78654,55.21986,0,[131.6266,80.001]]],[107,[29.75155,59.23748,0,[134.8647,80.001]]],[109,[29.63474,59.06282,0,[137.053,80.001]]],[315,[22.67452,45.34367,1,[127.2576,79.001]]],[224,[26.54987,52.99852,0,[131.592,80.001]]],[68,[30.87348,61.20605,0,[132.6047,80.001]]],[314,[22.69883,45.39148,1,[125.8811,79.001]]],[88,[30.32119,60.36699,0,[134.8156,80.001]]],[105,[29.69667,59.02776,0,[132.7144,80.001]]],[292,[23.94902,47.75097,0,[129.9366,79.001]]],[304,[23.27396,46.52852,1,[127.4268,79.00099]]],[87,[30.14591,60.15823,0,[133.7312,80.001]]],[322,[22.20089,44.39673,1,[128.2787,79.00099]]],[260,[25.36908,50.66001,0,[130.9252,80.001]]],[70,[30.88445,61.4558,0,[134.7238,80.001]]],[303,[23.2537,46.49419,1,[126.2788,79.00098]]],[124,[29.13684,57.99342,0,[132.6379,80.001]]],[305,[23.26083,46.50049,1,[128.5325,79.00099]]],[144,[28.58166,56.93944,0,[132.5722,80.001]]],[69,[30.71661,61.26405,0,[133.6684,80.001]]],[302,[23.29839,46.57919,1,[125.0215,79.00098]]],[289,[23.7916,47.5481,1,[126.6506,79.001]]],[71,[30.72277,61.13005,0,[135.8043,80.001]]],[274,[24.42852,48.78896,1,[128.0031,79.001]]],[51,[31.48222,62.30439,0,[132.61,80.001]]],[67,[31.18533,61.81936,0,[131.6093,80.001]]],[52,[31.30002,62.38216,0,[133.6421,80.00099]]],[277,[24.82022,49.59453,0,[130.8555,80.001]]],[290,[23.85912,47.68113,1,[127.7651,79.001]]],[283,[24.81947,49.61111,0,[137.7879,80.00099]]],[291,[23.78874,47.55505,1,[128.8665,79.001]]],[276,[24.62307,49.001,0,[129.9625,79.001]]],[313,[22.7468,45.48579,1,[124.4296,79.001]]],[50,[31.80864,62.92891,0,[131.6222,80.001]]],[257,[24.97008,49.8507,0,[127.7075,79.001]]],[86,[30.26791,60.11786,0,[132.6538,80.001]]],[210,[26.96906,53.89984,0,[137.6105,80.001]]],[256,[24.86046,49.64724,1,[126.5053,79.00099]]],[271,[24.32656,48.61611,1,[124.6769,79.00098]]],[288,[23.83572,47.63971,1,[125.5057,79.001]]],[204,[26.96897,53.82059,0,[130.6255,80.001]]],[21,[32.65853,64.62798,0,[132.9377,80.00098]]],[184,[27.51495,54.86492,0,[130.6856,80.001]]],[306,[23.34542,46.64617,1,[129.65,79.001]]],[36,[31.89348,63.5443,0,[133.6897,80.001]]],[255,[24.88148,49.71357,1,[125.2717,79.00099]]],[273,[24.32956,48.60654,1,[126.9393,79.00099]]],[35,[32.08423,63.42566,0,[132.5876,80.001]]],[142,[28.64576,57.0018,0,[130.6781,80.001]]],[49,[31.5133,62.4473,0,[130.6735,80.001]]],[238,[25.39175,50.68091,1,[126.8508,79.00098]]],[239,[25.72721,51.15314,1,[127.6359,79.00099]]],[287,[23.78296,47.53914,1,[124.1909,79.00099]]],[254,[24.86677,49.69548,1,[124.136,79.00099]]],[53,[31.47107,62.61362,0,[134.8106,80.00098]]],[19,[32.94117,64.76745,0,[131.0248,80.001]]],[104,[29.9982,59.59724,0,[131.6717,80.001]]],[272,[24.36809,48.6944,1,[125.8299,79.00099]]],[20,[33.15506,65.35358,0,[132.2909,80.001]]],[218,[25.90099,51.69055,1,[125.4626,79.00099]]],[236,[25.41604,50.76003,1,[124.6365,79.00098]]],[33,[32.17177,63.56594,0,[130.7109,80.001]]],[258,[24.84601,49.61653,1,[128.7756,79.001]]],[286,[23.83429,47.60178,1,[122.8617,79.00099]]],[54,[31.31185,62.31079,0,[135.8461,80.00099]]],[164,[28.33142,56.31378,0,[131.6198,80.001]]],[219,[25.97254,51.7027,0,[126.5919,79.00099]]],[37,[32.05533,63.73857,0,[134.8422,80.00099]]],[223,[26.42707,52.76686,0,[130.5449,80.001]]],[237,[25.36092,50.67341,1,[125.7818,79.00098]]],[240,[25.40279,50.67964,1,[128.5941,79.00099]]],[169,[28.0291,55.93066,0,[137.4415,80.001]]],[217,[25.97886,51.90815,0,[124.3703,79.00099]]],[85,[30.57764,60.70746,0,[131.6827,80.001]]],[90,[30.20198,60.14545,0,[136.9814,80.001]]],[270,[24.34554,48.65514,1,[123.4968,79.00097]]],[143,[28.89084,57.41688,0,[131.6489,80.001]]],[220,[26.26908,52.20639,1,[127.6899,79.00099]]],[200,[26.59234,52.7625,1,[126.7311,79.00099]]],[34,[32.48851,64.07876,0,[131.67,80.001]]],[66,[30.88895,61.34058,0,[130.7106,80.001]]],[179,[26.94984,53.73674,1,[125.8,79.001]]],[201,[26.82302,53.26858,1,[127.7757,79.001]]],[235,[25.39485,50.71857,1,[123.5387,79.00097]]],[163,[28.07269,55.93683,0,[130.6632,80.001]]],[129,[29.28031,58.22797,0,[138.0291,80.001]]],[180,[27.14773,53.81135,1,[126.8382,79.00099]]],[55,[31.59715,62.65234,0,[136.9652,80.00098]]],[16,[33.04123,64.35941,0,[128.9726,79.001]]],[221,[25.96027,51.78413,1,[128.6688,79.001]]],[84,[30.32441,60.2382,0,[130.7046,80.001]]],[158,[27.48881,54.79116,1,[125.8906,79.00099]]],[103,[29.75438,59.14794,0,[130.7006,80.001]]],[160,[27.93662,55.44723,1,[127.9043,79.001]]],[31,[31.71542,62.59476,0,[128.9683,79.001]]],[199,[26.40682,52.72422,1,[125.7487,79.00098]]],[253,[24.89561,49.74076,1,[122.8436,79.00098]]],[72,[30.79836,61.28984,0,[136.9071,80.001]]],[137,[28.0274,55.84138,1,[125.9929,79.00098]]],[159,[27.69898,54.89014,1,[126.9221,79.001]]],[23,[32.75569,65.08774,0,[135.4576,80.00095]]],[48,[31.35719,62.05969,0,[129.841,79.001]]],[118,[28.83998,57.0424,1,[126.9628,79.001]]],[117,[28.57816,56.94531,1,[126.0352,79.00099]]],[150,[28.88485,57.38093,0,[138.9405,80.001]]],[18,[33.81325,65.48004,0,[130.3813,80.00099]]],[216,[25.96444,51.78387,0,[123.2131,79.00098]]],[178,[27.25817,54.04267,1,[124.799,79.00098]]],[139,[28.51568,56.54353,1,[127.8989,79.001]]],[198,[26.61187,52.98679,1,[124.6754,79.00098]]],[91,[30.44549,60.3452,0,[138.1149,80.00099]]],[203,[26.76263,53.35993,0,[129.7154,79.001]]],[266,[25.36647,50.71235,0,[138.3123,80.00099]]],[197,[26.46072,52.8201,1,[123.6404,79.00098]]],[123,[29.44596,58.49471,0,[131.6804,80.001]]],[177,[27.04532,53.83353,1,[123.8406,79.00098]]],[99,[29.41,58.14957,1,[126.9601,79.00099]]],[149,[28.55648,57.02835,0,[137.989,80.001]]],[202,[26.51327,52.81556,1,[128.7048,79.001]]],[122,[29.2003,58.07197,0,[130.6786,80.001]]],[22,[32.522,64.80653,0,[134.07,80.00096]]],[30,[32.36819,63.17992,0,[128.9885,79.001]]],[38,[32.04584,63.50824,0,[136.1025,80.00099]]],[138,[28.2556,55.96489,1,[126.9708,79.00099]]],[79,[29.73467,59.10971,1,[125.9885,79.00099]]],[156,[27.64303,54.932,1,[123.8786,79.00098]]],[46,[31.4053,62.04788,0,[128.0269,79.00099]]],[32,[32.045,63.2005,0,[129.9276,79.001]]],[110,[29.85116,59.18886,0,[138.2739,80.00099]]],[157,[27.80994,55.13673,1,[124.9327,79.00099]]],[80,[29.97753,59.23501,0,[126.9792,79.00099]]],[170,[28.17985,55.98821,0,[138.9211,80.001]]],[81,[30.2244,59.82956,1,[127.9111,79.00099]]],[17,[32.70977,63.79068,0,[129.9956,79.001]]],[29,[32.03032,62.65548,0,[128.0175,79.001]]],[141,[28.44253,56.58038,0,[129.7901,79.001]]],[136,[28.37037,56.26997,1,[124.9975,79.00098]]],[134,[28.6496,56.0299,1,[123.3285,79.00099]]],[119,[29.07667,57.62687,1,[127.9191,79.00099]]],[301,[23.2597,46.50665,1,[123.5157,79.00098]]],[15,[32.71925,63.8677,0,[127.9735,79.00099]]],[83,[30.13706,59.83723,0,[129.8303,79.001]]],[233,[25.9627,51.1695,0,[121.6608,79.00099]]],[130,[29.50542,58.68645,0,[139.2181,80.001]]],[65,[30.70895,60.94013,0,[129.8452,79.001]]],[181,[27.37777,54.3702,1,[127.8486,79.001]]],[140,[28.19816,56.0261,1,[128.8405,79.001]]],[111,[30.25444,59.68066,0,[139.357,80.001]]],[116,[28.91188,57.37391,1,[125.1153,79.00099]]],[102,[29.5717,58.74414,0,[129.8188,79.001]]],[10,[33.20122,65.90244,0,[133.7846,80.00098]]],[7,[34.41573,66.85728,0,[130.7458,80.00096]]],[112,[32.14992,59.33511,0,[122.7224,79.00098]]],[135,[28.18963,55.95904,1,[124.0402,79.00098]]],[61,[30.32348,60.23655,1,[125.9588,79.00097]]],[234,[25.46248,50.83778,1,[122.4087,79.00097]]],[82,[29.89808,59.29782,1,[128.876,79.001]]],[73,[31.1485,61.84797,0,[137.7853,80.001]]],[215,[26.40335,52.04167,1,[122.2904,79.00098]]],[25,[32.75708,64.15784,0,[125.7442,79.00099]]],[211,[27.14762,54.06376,0,[138.7167,80.001]]],[176,[27.47198,53.92471,1,[122.8833,79.00098]]],[43,[31.48295,61.92664,0,[126.0259,79.00098]]],[62,[30.57042,60.3507,1,[126.9454,79.00099]]],[97,[29.47771,58.47536,1,[124.9951,79.00098]]],[11,[33.49677,66.16558,0,[135.2555,80.00094]]],[98,[29.17603,58.04748,1,[126.0191,79.00098]]],[27,[32.11361,62.98997,0,[126.1091,79.001]]],[230,[26.48659,52.87373,0,[138.4317,80.001]]],[196,[26.89828,52.99594,1,[122.8002,79.00099]]],[242,[25.88634,51.70781,0,[130.5532,80.001]]],[269,[24.39476,48.7199,1,[122.2209,79.00098]]],[171,[28.95785,56.36502,0,[140.0505,80.001]]],[44,[30.89421,61.39235,1,[125.9418,79.00098]]],[6,[33.70244,65.00538,0,[129.1945,79.001]]],[214,[26.47242,52.34655,1,[120.9592,79.00098]]],[121,[29.00904,57.65184,0,[129.8059,79.001]]],[78,[30.10065,59.53029,1,[125.0398,79.00097]]],[100,[29.65018,58.729,1,[127.9143,79.00099]]],[161,[27.63129,54.94303,1,[128.829,79.001]]],[183,[27.31458,54.42628,0,[129.7538,79.001]]],[9,[33.7798,66.75153,0,[133.1295,80.00099]]],[14,[32.40296,63.86105,0,[127.0826,79.00099]]],[92,[30.97609,61.35107,0,[138.8816,80.001]]],[59,[30.49407,60.35312,1,[123.9532,79.00096]]],[268,[24.51225,48.81396,1,[121.0047,79.00099]]],[115,[29.02885,57.04286,1,[124.0433,79.00098]]],[60,[30.68188,60.68495,1,[124.9143,79.00097]]],[193,[31.00109,55.74419,0,[139.9994,80.001]]],[56,[31.75496,63.23285,0,[138.351,80.00098]]],[4,[33.45069,65.23226,0,[127.9993,79.001]]],[47,[31.05628,61.49261,0,[128.943,79.001]]],[77,[29.88016,59.19258,1,[124.1003,79.00099]]],[96,[29.51591,58.10047,1,[123.3267,79.00099]]],[63,[30.79681,60.93064,1,[127.965,79.001]]],[8,[33.60168,66.10426,0,[131.497,80.00099]]],[41,[31.78405,62.03836,0,[123.8691,79.00097]]],[155,[28.0586,55.15411,1,[122.998,79.00098]]],[175,[27.88785,54.06014,1,[121.9176,79.00099]]],[75,[30.80387,59.67247,1,[122.7026,79.00098]]],[151,[29.78639,57.9288,0,[140.298,80.001]]],[212,[28.17818,54.34777,0,[140.1611,80.001]]],[95,[29.68663,58.30459,1,[122.2285,79.00099]]],[232,[27.15141,51.85278,1,[120.654,79.001]]],[12,[33.55498,64.74516,0,[125.6627,79.00098]]],[58,[31.13901,60.57677,1,[123.8508,79.00097]]],[39,[32.33834,64.08078,0,[137.6585,80.00095]]],[64,[30.46516,60.40478,0,[128.8916,79.001]]],[241,[25.67666,51.24301,1,[129.6338,79.001]]],[192,[27.62031,55.07668,0,[139.6893,80.00099]]],[94,[32.45614,60.07682,0,[124.6486,79.00099]]],[13,[33.10385,64.54902,0,[126.8715,79.001]]],[114,[29.11378,57.03262,1,[122.6099,79.00099]]],[132,[30.29267,56.98071,1,[121.6394,79.001]]],[42,[31.27658,61.6346,0,[124.9516,79.00098]]],[133,[28.53213,56.29357,1,[122.1709,79.00098]]],[259,[25.14425,50.06856,1,[129.6439,79.00099]]],[45,[31.13253,61.48409,1,[127.0182,79.00098]]],[231,[26.87617,53.00694,0,[139.7664,80.001]]],[3,[33.9045,65.45287,0,[126.7542,79.00098]]],[24,[32.89479,65.04925,0,[136.9765,80.00092]]],[152,[32.02325,57.55284,0,[121.3251,79.001]]],[173,[30.67624,55.5485,1,[120.695,79.00099]]],[300,[23.32432,46.63913,1,[122.0918,79.00099]]],[76,[30.13718,59.31396,1,[122.9994,79.00097]]],[120,[28.75998,57.11923,1,[128.8577,79.001]]],[1,[35.17378,68.38962,0,[131.3916,80.00094]]],[40,[33.20867,63.83757,0,[124.5471,79.001]]],[57,[31.52493,61.14882,0,[122.5665,79.00095]]],[267,[25.51814,50.94502,0,[139.7416,80.00099]]],[174,[27.82295,54.24725,1,[120.8206,79.00099]]],[101,[29.33057,58.1991,1,[128.8591,79.00099]]],[113,[29.09891,57.20092,1,[121.5438,79.00099]]],[172,[31.8774,58.43459,0,[139.5927,80.00099]]],[251,[25.65746,50.2275,1,[120.7842,79.001]]],[5,[34.24458,65.69077,0,[128.211,79.00097]]],[222,[26.22062,52.30618,1,[129.6453,79.001]]],[285,[23.89018,47.74105,1,[121.4159,79.001]]],[213,[28.93391,53.85236,1,[120.5201,79.001]]],[299,[24.2994,48.58393,0,[138.5235,80.00099]]],[153,[31.16098,56.88513,0,[121.576,79.00097]]],[195,[27.03442,53.2759,1,[121.7077,79.001]]],[2,[34.3037,67.48328,0,[132.1372,80.00098]]],[284,[24.83784,49.62255,0,[139.3822,80.00099]]],[162,[27.87839,55.49708,0,[129.7798,79.001]]],[275,[24.32355,48.60045,1,[129.0876,79.001]]],[182,[27.06472,53.87933,1,[128.7854,79.001]]],[74,[32.65666,61.72523,0,[123.4173,79.00098]]],[252,[25.04904,49.86306,1,[121.5177,79.00098]]],[312,[23.7492,47.49,0,[137.6467,80.001]]],[131,[32.8874,59.08176,0,[121.8187,79.00098]]],[154,[28.40916,55.21867,1,[121.129,79.00098]]],[194,[29.69383,53.87445,1,[120.8713,79.00099]]],[250,[26.30073,52.05265,0,[139.7899,80.00099]]],[0,[34.44567,66.63806,0,[129.6911,79.00098]]],[249,[25.9257,51.80275,0,[138.7663,80.00099]]],[26,[31.87078,62.84817,0,[125.0649,79.00098]]],[93,[33.40044,61.03973,0,[123.0787,79.00098]]],[191,[27.65555,54.94141,0,[138.2276,80.001]]],[28,[31.72766,62.57086,0,[127.0422,79.00099]]]
3:[324,[66.2589,132.4535,0,[130.5823,167.001]]],[320,[67.24004,134.4086,0,[131.4138,168.001]]],[319,[66.91142,133.4098,0,[130.15,167.001]]],[321,[67.25854,134.4841,0,[132.6694,168.001]]],[310,[67.88853,135.6047,0,[131.9269,168.001]]],[309,[67.59821,134.6496,0,[130.9243,167.001]]],[318,[67.70634,133.8721,0,[129.8382,167.001]]],[311,[67.86468,135.4782,0,[133.0368,168.001]]],[296,[68.67934,136.7436,0,[132.0038,168.001]]],[323,[68.27265,132.7703,0,[129.9361,167.001]]],[295,[68.93307,136.7185,0,[131.0148,168.001]]],[297,[68.52617,136.6129,0,[133.1451,168.001]]],[281,[69.23882,137.7782,0,[132.2948,168.001]]],[280,[69.54746,137.8736,0,[131.2436,168.001]]],[308,[68.88077,134.6763,0,[129.972,167.001]]],[279,[69.55146,136.9636,0,[130.2671,167.001]]],[263,[70.14138,138.8833,0,[131.6148,168.001]]],[282,[69.72205,137.7923,0,[132.8839,168.001]]],[245,[70.72526,139.9199,0,[131.1214,168.001]]],[264,[70.33452,138.8597,0,[132.8976,168.001]]],[317,[70.19239,134.6389,0,[129.7664,167.001]]],[265,[70.93565,139.0167,0,[132.2231,168.001]]],[262,[70.63288,137.8955,0,[130.377,167.001]]],[246,[71.31974,140.0667,0,[131.3998,168.001]]],[298,[71.07822,136.6446,0,[133.2977,168.001]]],[247,[71.59083,139.9315,0,[132.3654,168.001]]],[226,[71.24172,140.0585,0,[130.6798,167.001]]],[294,[71.04545,136.2089,0,[129.619,167.001]]],[227,[72.06366,141.0744,0,[131.7057,168.001]]],[244,[71.71085,139.0726,0,[129.9706,167.001]]],[248,[71.9014,140.1166,0,[133.2851,168.001]]],[207,[72.56216,142.036,0,[131.0305,168.001]]],[228,[72.36819,140.9119,0,[132.6704,168.001]]],[208,[72.85728,142.1583,0,[132.0079,168.001]]],[261,[72.33858,138.6833,0,[129.9685,167.001]]],[187,[72.71315,142.1665,0,[130.8799,167.001]]],[209,[72.83674,142.1388,0,[133.3438,168.001]]],[189,[73.45242,143.1581,0,[131.8968,168.001]]],[229,[73.4624,141.664,0,[133.0188,168.001]]],[316,[72.91228,135.6619,0,[129.7023,167.001]]],[206,[73.32726,141.1533,0,[130.5242,167.001]]],[188,[74.03528,143.2512,0,[131.6888,168.001]]],[166,[73.95815,143.2646,0,[130.8342,167.001]]],[225,[73.82133,140.5857,0,[129.7679,167.001]]],[167,[74.63613,144.4058,0,[131.9716,168.001]]],[168,[74.00629,144.2115,0,[132.8605,168.001]]],[186,[74.47023,142.4885,0,[129.9719,167.001]]],[190,[74.59516,143.1607,0,[133.1044,168.001]]],[146,[75.09682,145.5026,0,[131.1182,168.001]]],[147,[75.22574,145.3308,0,[132.4366,168.001]]],[145,[75.13779,144.3167,0,[130.8757,167.001]]],[126,[75.74916,146.4054,0,[131.9547,168.001]]],[307,[75.19037,136.7013,0,[129.7814,167.001]]],[148,[75.73539,145.381,0,[133.1119,168.001]]],[125,[76.32286,146.4162,0,[131.3482,168.001]]],[205,[75.79687,142.9446,0,[130.1021,167.001]]],[127,[76.35182,146.7041,0,[132.6696,168.001]]],[165,[76.42932,143.9539,0,[130.9055,167.001]]],[108,[76.97163,147.3463,0,[131.972,168.001]]],[293,[76.49575,137.9664,0,[129.7968,167.001]]],[128,[77.02197,146.8574,0,[133.161,168.001]]],[243,[77.02679,141.0364,0,[130.3337,167.001]]],[106,[77.76105,147.3873,0,[131.4068,168.001]]],[89,[77.57705,148.4435,0,[132.5455,168.001]]],[278,[77.61369,139.7946,0,[129.8346,167.001]]],[185,[77.84767,143.907,0,[130.8162,167.001]]],[107,[78.37838,147.5612,0,[131.9755,168.001]]],[109,[78.20003,147.735,0,[133.0052,168.001]]],[224,[78.44567,143.0625,0,[130.5682,167.001]]],[68,[78.99416,149.5088,0,[131.7266,168.001]]],[88,[78.98769,148.9496,0,[132.9067,168.001]]],[105,[79.00053,146.4821,0,[130.8606,167.001]]],[292,[78.8005,139.3992,0,[129.6947,167.001]]],[87,[79.78973,148.9005,0,[131.8596,168.001]]],[260,[79.46345,141.5638,0,[130.1098,167.001]]],[70,[79.65782,150.2184,0,[132.9369,168.001]]],[124,[80.36523,147.1917,0,[131.2743,168.001]]],[144,[80.14311,145.8144,0,[130.1987,167.001]]],[69,[80.3461,150.2727,0,[132.7119,168.001]]],[71,[80.894,149.9644,0,[132.1845,168.001]]],[51,[81.2226,150.604,0,[131.1584,168.001]]],[67,[80.79484,149.2187,0,[129.9503,167.001]]],[52,[81.69253,150.7554,0,[132.0221,168.001]]],[277,[81.3236,141.8599,0,[130.9001,167.001]]],[283,[81.45531,138.9849,0,[133.0334,168.001]]],[276,[81.4481,142.0206,0,[129.7932,167.001]]],[50,[82.2409,151.2669,0,[131.854,168.001]]],[86,[81.88834,147.8136,0,[130.6783,167.001]]],[210,[82.1507,143.2789,0,[133.0788,168.001]]],[204,[82.21791,144.6799,0,[129.7335,167.001]]],[21,[82.80302,153.0357,0,[131.718,168.001]]],[184,[82.50828,145.6957,0,[130.6927,167.001]]],[36,[82.7273,152.1781,0,[132.852,168.001]]],[35,[83.39317,151.6703,0,[131.9155,168.001]]],[142,[82.97681,147.3076,0,[129.8155,167.001]]],[49,[83.09332,149.9788,0,[130.9105,167.001]]],[53,[83.33525,151.4231,0,[133.0528,168.001]]],[19,[84.14845,153.1771,0,[131.6492,168.001]]],[104,[83.6497,148.1708,0,[130.0844,167.001]]],[20,[83.93561,153.8418,0,[132.7659,168.001]]],[33,[84.65289,152.0185,0,[131.0799,168.001]]],[54,[84.61788,151.9227,0,[132.5885,168.001]]],[164,[84.3315,146.8623,0,[129.9815,167.001]]],[37,[85.20313,153.3523,0,[131.6542,168.001]]],[223,[84.87411,144.7535,0,[130.2928,167.001]]],[169,[85.24857,146.2768,0,[132.9801,168.001]]],[85,[85.77784,150.1252,0,[131.2964,168.001]]],[90,[85.76779,150.41,0,[132.6163,168.001]]],[143,[85.44771,147.4528,0,[129.9708,167.001]]],[34,[86.34857,152.5387,0,[132.0149,168.001]]],[66,[85.88597,150.1499,0,[130.9223,167.001]]],[163,[86.09525,147.1637,0,[129.8918,167.001]]],[129,[86.41443,148.521,0,[133.1621,168.001]]],[55,[86.92513,152.6156,0,[132.3757,168.001]]],[16,[87.17318,154.0246,0,[131.259,168.001]]],[84,[86.66561,150.3011,0,[130.0365,167.001]]],[103,[87.30858,150.4495,0,[130.3497,167.001]]],[31,[87.77159,153.2106,0,[131.7387,168.001]]],[72,[87.52572,151.2228,0,[132.8897,168.001]]],[23,[87.89238,155.2716,0,[130.9952,167.001]]],[48,[87.92603,151.7059,0,[129.8831,167.001]]],[150,[88.48724,148.7579,0,[132.1222,168.001]]],[18,[88.97673,154.7562,0,[131.0032,168.001]]],[91,[89.12844,151.6505,0,[132.0772,168.001]]],[203,[88.50764,146.2943,0,[129.8869,167.001]]],[266,[88.65437,140.7775,0,[133.187,168.001]]],[123,[89.00375,150.2256,0,[130.7227,167.001]]],[149,[89.38486,146.9955,0,[133.077,168.001]]],[122,[89.31703,149.9794,0,[129.8194,167.001]]],[22,[89.70048,154.2536,0,[131.8551,168.001]]],[30,[89.63528,152.3415,0,[130.9729,167.001]]],[38,[90.42188,156.0625,0,[132.0012,168.001]]],[46,[89.92736,151.9036,0,[129.8564,167.001]]],[32,[90.19051,152.6131,0,[130.8915,167.001]]],[110,[89.97015,153.1905,0,[132.8904,168.001]]],[170,[90.67639,147.2075,0,[133.1118,168.001]]],[17,[91.07822,154.2924,0,[131.9439,168.001]]],[29,[90.76659,152.2104,0,[130.8777,167.001]]],[141,[90.68694,149.6508,0,[129.783,167.001]]],[15,[91.70592,154.9553,0,[131.6841,168.001]]],[83,[91.26,153.3651,0,[130.2484,167.001]]],[130,[91.33862,151.7158,0,[132.9411,168.001]]],[65,[91.82205,153.1575,0,[130.9367,167.001]]],[111,[91.89532,154.0971,0,[132.9676,168.001]]],[102,[91.81399,152.5793,0,[129.7799,167.001]]],[10,[92.28658,156.5992,0,[132.0816,168.001]]],[7,[92.84158,157.0461,0,[131.4827,168.001]]],[112,[92.34554,152.2749,0,[130.2302,167.001]]],[73,[92.6889,154.8714,0,[133.0932,168.001]]],[25,[92.89835,154.8983,0,[130.9975,167.001]]],[211,[93.28645,147.5243,0,[132.1698,168.001]]],[43,[92.93628,155.0764,0,[129.877,167.001]]],[11,[93.86024,158.4227,0,[131.9512,168.001]]],[27,[93.52034,153.9165,0,[130.8744,167.001]]],[230,[93.50693,144.0991,0,[133.1911,168.001]]],[242,[93.52233,146.7436,0,[129.767,167.001]]],[171,[94.13084,153.1736,0,[132.9429,168.001]]],[6,[94.50988,155.6836,0,[131.6405,168.001]]],[121,[94.07545,153.1949,0,[130.3889,167.001]]],[183,[94.56665,150.421,0,[129.7793,167.001]]],[9,[95.14327,158.0342,0,[131.9004,168.001]]],[14,[94.76469,154.0654,0,[130.8523,167.001]]],[92,[94.717,156.225,0,[132.8225,168.001]]],[193,[95.3792,151.1255,0,[133.0374,168.001]]],[56,[95.82507,157.5863,0,[132.0187,168.001]]],[4,[95.45028,155.225,0,[130.9211,167.001]]],[47,[95.23651,154.4863,0,[129.9041,167.001]]],[8,[96.48447,157.6076,0,[131.1998,168.001]]],[41,[95.93618,155.6182,0,[129.9712,167.001]]],[151,[96.41348,155.7733,0,[132.3125,168.001]]],[212,[96.04414,148.3721,0,[133.2668,168.001]]],[12,[96.52518,155.2506,0,[130.9787,167.001]]],[39,[96.99568,158.834,0,[132.1119,168.001]]],[64,[96.51907,155.2036,0,[129.8674,167.001]]],[192,[96.8529,153.1872,0,[133.2696,168.001]]],[94,[97.0834,151.2235,0,[130.8336,167.001]]],[13,[97.57892,155.6608,0,[131.9308,168.001]]],[42,[97.25278,154.7757,0,[129.7795,167.001]]],[231,[97.53634,155.7106,0,[133.0803,168.001]]],[3,[98.22922,156.6755,0,[131.2739,168.001]]],[24,[98.12273,159.0812,0,[132.5416,168.001]]],[152,[97.84781,151.3563,0,[130.0919,167.001]]],[1,[98.74777,158.4053,0,[131.9534,168.001]]],[40,[98.42913,155.3978,0,[130.9018,167.001]]],[57,[98.54286,157.1458,0,[129.8164,167.001]]],[267,[98.67971,153.6012,0,[133.1006,168.001]]],[172,[99.34971,154.6172,0,[132.0082,168.001]]],[5,[99.61723,156.582,0,[131.0402,168.001]]],[299,[99.26481,145.184,0,[133.1902,168.001]]],[153,[99.19956,152.8887,0,[129.9267,167.001]]],[2,[100.2032,158.5175,0,[131.2995,168.001]]],[284,[99.91756,148.5753,0,[132.5442,168.001]]],[162,[99.90813,153.967,0,[130.0472,167.001]]],[74,[100.3758,156.4342,0,[130.9585,167.001]]],[312,[100.6216,147.1307,0,[132.4286,168.001]]],[131,[100.8276,154.6409,0,[129.9773,167.001]]],[250,[101.2526,150.3792,0,[131.8858,168.001]]],[0,[101.1372,156.7747,0,[130.9781,167.001]]],[249,[101.5658,146.4902,0,[132.8427,168.001]]],[26,[101.891,157.7935,0,[130.0622,167.001]]],[93,[102.2837,154.7062,0,[131.3185,168.001]]],[191,[102.229,153.0659,0,[132.5163,168.001]]],[28,[103.0614,159.1778,0,[131.0297,168.001]]]
1:[315,[75.53214,150.6295,1,[95.97771,172.001]]],[314,[74.85158,149.4199,1,[94.53695,171.001]]],[304,[76.77229,152.4993,1,[96.81757,172.001]]],[322,[75.71849,150.0006,1,[94.97505,171.001]]],[303,[76.78858,152.6119,1,[95.54257,172.001]]],[305,[77.50309,154.0316,1,[96.53588,172.001]]],[302,[76.2654,151.7183,1,[94.18468,171.001]]],[289,[77.46895,154.2186,1,[95.13876,172.001]]],[274,[78.17284,155.2386,1,[96.50603,172.001]]],[290,[78.15366,155.4881,1,[95.31246,172.001]]],[291,[78.72916,154.8138,1,[96.75533,172.001]]],[313,[77.23155,151.1906,1,[94.05537,171.001]]],[257,[79.41947,156.0558,1,[97.14288,172.001]]],[256,[79.21411,155.6886,1,[96.04665,172.001]]],[271,[78.89521,154.8269,1,[95.10633,172.001]]],[288,[77.83266,153.7642,1,[94.13705,171.001]]],[306,[80.13176,155.5253,1,[96.99754,172.001]]],[255,[79.86485,156.2881,1,[95.96531,172.001]]],[273,[78.97131,155.8438,1,[94.91112,171.001]]],[238,[80.53252,158.6023,1,[95.81207,172.001]]],[239,[80.83257,157.7528,1,[96.98594,172.001]]],[287,[78.48484,154.2288,1,[93.94659,171.001]]],[254,[79.62466,155.5135,1,[94.84612,171.001]]],[272,[79.24361,156.6388,1,[93.88785,171.001]]],[218,[81.11863,158.1227,1,[95.98759,172.001]]],[236,[80.37682,157.7135,1,[94.75272,171.001]]],[258,[81.89906,156.9573,1,[97.08642,172.001]]],[286,[80.00723,154.0318,1,[93.86983,171.001]]],[219,[81.74924,159.3375,1,[96.0201,172.001]]],[237,[81.00865,158.4333,1,[94.93987,171.001]]],[240,[82.53474,159.6057,1,[96.93779,172.001]]],[217,[81.58105,158.0887,1,[94.97633,171.001]]],[270,[80.87966,155.9768,1,[93.86092,171.001]]],[220,[83.19916,159.2281,1,[97.18776,172.001]]],[200,[82.56257,160.7924,1,[95.84335,172.001]]],[179,[82.27451,161.2063,1,[94.84371,171.001]]],[201,[83.51151,162.2743,1,[96.27895,172.001]]],[235,[81.63628,158.5051,1,[93.87025,171.001]]],[180,[83.38701,163.0385,1,[95.1973,172.001]]],[221,[84.11911,159.9935,1,[97.03735,172.001]]],[158,[84.15254,162.5983,1,[95.91975,172.001]]],[160,[84.88087,162.7067,1,[97.17084,172.001]]],[199,[83.14465,161.5284,1,[94.20287,171.001]]],[253,[82.57989,157.4844,1,[93.87899,171.001]]],[137,[84.71286,163.9618,1,[96.08285,172.001]]],[159,[83.76555,162.7113,1,[94.84957,171.001]]],[118,[85.3934,165.1491,1,[96.34962,172.001]]],[117,[84.94736,165.4261,1,[95.07356,172.001]]],[216,[83.69533,159.9565,1,[93.73729,171.001]]],[178,[85.55624,164.1431,1,[95.19727,172.001]]],[139,[86.05703,164.0912,1,[96.65768,172.001]]],[198,[84.24814,161.27,1,[94.01953,171.001]]],[197,[84.85994,161.3569,1,[93.92191,171.001]]],[177,[86.13439,161.6246,1,[95.17623,172.001]]],[99,[86.54895,168.3559,1,[96.03136,172.001]]],[202,[86.73982,162.9926,1,[97.1548,172.001]]],[138,[87.52404,163.8982,1,[97.11903,172.001]]],[79,[87.16903,167.0814,1,[95.68711,172.001]]],[156,[85.5522,164.329,1,[94.04571,171.001]]],[157,[86.26573,162.6924,1,[94.87598,171.001]]],[80,[87.70853,167.3092,1,[96.06806,172.001]]],[81,[88.17403,169.53,1,[97.20477,172.001]]],[136,[87.25447,163.792,1,[94.95955,171.001]]],[134,[88.28011,164.8556,1,[95.91988,172.001]]],[119,[88.72507,166.1767,1,[96.91611,172.001]]],[301,[86.24937,153.7194,1,[93.78272,171.001]]],[233,[86.97058,160.5485,1,[93.99394,171.001]]],[181,[88.87479,164.1838,1,[95.83378,172.001]]],[140,[89.32274,165.7257,1,[96.99024,172.001]]],[116,[87.96947,166.4602,1,[94.83215,171.001]]],[135,[89.52544,163.8587,1,[95.94688,172.001]]],[61,[88.6033,169.3024,1,[94.83092,171.001]]],[234,[87.66422,158.8628,1,[93.91228,171.001]]],[82,[89.98069,170.3632,1,[97.22813,172.001]]],[215,[88.34723,161.7542,1,[93.85627,171.001]]],[176,[90.21525,162.4276,1,[96.18192,172.001]]],[62,[89.23898,169.9776,1,[94.93127,171.001]]],[97,[90.81986,167.1236,1,[97.20709,172.001]]],[98,[89.8646,167.8313,1,[94.9961,171.001]]],[196,[90.89575,162.5891,1,[96.00163,172.001]]],[269,[89.01369,157.1697,1,[93.87169,171.001]]],[44,[91.38445,169.0305,1,[96.9024,172.001]]],[214,[89.73315,163.3704,1,[93.90239,171.001]]],[78,[90.44762,170.2273,1,[94.93021,171.001]]],[100,[91.69105,169.3703,1,[95.97256,172.001]]],[161,[92.02029,165.3867,1,[96.91494,172.001]]],[59,[91.01115,170.2228,1,[94.90161,171.001]]],[268,[90.4841,159.4411,1,[93.82632,171.001]]],[115,[92.21221,167.7007,1,[95.45793,172.001]]],[60,[92.69392,170.0687,1,[97.21266,172.001]]],[77,[92.66781,167.8334,1,[96.10204,172.001]]],[96,[91.52631,167.7097,1,[94.40773,171.001]]],[63,[93.46013,170.2259,1,[97.38263,172.001]]],[155,[91.05781,166.8678,1,[93.78572,171.001]]],[175,[92.22742,164.2882,1,[94.85896,171.001]]],[75,[93.24962,169.8621,1,[96.35659,172.001]]],[95,[93.25378,169.3178,1,[95.26894,172.001]]],[232,[91.98373,161.6727,1,[93.75856,171.001]]],[58,[93.87922,171.9822,1,[96.03111,172.001]]],[241,[94.23203,169.1252,1,[96.9668,172.001]]],[114,[93.09101,165.8916,1,[94.42522,171.001]]],[132,[94.12775,166.7735,1,[95.03867,172.001]]],[133,[92.60278,165.9784,1,[93.88438,171.001]]],[259,[94.69072,170.0149,1,[96.01359,172.001]]],[45,[94.95139,171.133,1,[96.99275,172.001]]],[173,[94.18963,164.7976,1,[94.92289,171.001]]],[300,[93.53125,155.0666,1,[93.73133,171.001]]],[76,[95.42334,170.7155,1,[96.04726,172.001]]],[120,[95.69198,167.8275,1,[97.07265,172.001]]],[174,[94.79982,165.2129,1,[94.95,171.001]]],[101,[96.11755,173.4703,1,[96.14005,172.001]]],[113,[95.90874,168.8179,1,[95.00901,172.001]]],[251,[94.16886,160.6461,1,[93.82549,171.001]]],[222,[96.68025,169.5362,1,[96.60246,172.001]]],[285,[94.90376,157.6953,1,[93.85162,171.001]]],[213,[96.49328,165.6491,1,[95.11546,172.001]]],[195,[95.60083,164.5887,1,[93.91822,171.001]]],[275,[97.1012,165.8302,1,[95.32935,172.001]]],[182,[97.45427,169.9901,1,[96.5116,172.001]]],[252,[96.32576,159.5506,1,[94.03003,171.001]]],[154,[96.98225,164.5927,1,[94.19709,171.001]]],[194,[98.00249,164.227,1,[95.45623,172.001]]]

Travel Distances:
[324,199.9222],[320,201.8795],[319,201.3912],[321,201.9497],[310,203.7958],[309,203.2086],[318,202.4075],[311,203.5584],[296,203.3669],[323,200.1035],[295,204.7934],[297,205.3213],[281,205.2719],[280,204.6221],[308,202.6405],[279,205.6635],[263,206.4309],[282,206.1857],[245,206.4565],[264,205.9835],[317,204.186],[265,207.1227],[262,206.4479],[246,207.3269],[298,204.3505],[247,206.6964],[226,207.3522],[294,205.7381],[227,208.7678],[244,207.383],[248,208.1916],[207,208.7529],[228,208.0623],[208,210.2695],[261,207.7777],[187,210.604],[209,210.3003],[189,210.0917],[229,208.7007],[316,203.3755],[206,210.3164],[188,211.0235],[166,211.1662],[225,208.8139],[167,210.9996],[168,212.0701],[186,211.3269],[190,211.6759],[146,213.1287],[147,212.785],[145,211.7871],[126,214.7131],[307,206.178],[148,213.7074],[125,213.6003],[205,211.1249],[127,213.8028],[165,212.9042],[108,215.237],[293,206.8288],[128,214.723],[243,208.7711],[106,213.833],[89,215.1358],[278,208.2229],[185,212.0961],[107,214.7089],[109,215.1306],[315,223.4154],[224,212.1201],[68,217.3069],[314,225.6199],[88,216.9093],[105,214.3423],[292,207.5803],[304,224.8944],[87,217.1572],[322,226.5411],[260,210.3665],[70,218.8294],[303,226.8432],[124,214.2839],[305,226.9657],[144,213.3279],[69,217.4426],[302,229.02],[289,229.2153],[71,218.007],[274,228.8314],[51,218.1337],[67,217.4343],[52,217.3468],[277,209.1753],[290,231.032],[283,208.0312],[291,229.2172],[276,210.869],[313,228.7053],[50,218.6424],[257,229.0436],[86,215.8982],[210,210.9199],[256,229.0794],[271,228.9981],[288,229.9179],[204,214.0314],[21,221.2717],[184,214.4668],[306,229.0692],[36,220.5669],[255,230.3744],[273,231.7366],[35,218.597],[142,215.191],[49,217.4462],[238,231.4653],[239,229.8405],[287,231.0695],[254,232.0471],[53,220.5306],[19,220.7551],[104,216.6244],[272,234.0139],[20,221.6758],[218,231.5785],[236,232.8096],[33,218.562],[258,229.0788],[286,229.9021],[54,220.4486],[164,215.993],[219,233.5607],[37,220.8301],[223,212.859],[237,234.3282],[240,232.4478],[169,213.7212],[217,232.6981],[85,216.3754],[90,218.7219],[270,234.153],[143,216.3999],[220,232.6629],[200,234.9482],[34,219.715],[66,217.972],[179,236.563],[201,235.0366],[235,235.0425],[163,214.8217],[129,217.5728],[180,238.1325],[55,220.5783],[16,221.5732],[221,233.4323],[84,218.7172],[158,236.2582],[103,217.6755],[160,234.7853],[31,221.4873],[199,239.0887],[253,236.2985],[72,219.9123],[137,238.337],[159,238.9518],[23,223.4157],[48,219.7585],[118,238.163],[117,239.3231],[150,215.7475],[18,222.7707],[216,238.545],[178,238.829],[139,237.8127],[198,238.5933],[91,219.3708],[203,215.0147],[266,209.4053],[197,237.394],[123,218.0734],[177,235.1988],[99,241.0366],[149,214.1664],[202,235.172],[122,219.2534],[22,222.6779],[30,221.0252],[38,223.0856],[138,236.7795],[79,240.6965],[156,241.0166],[46,219.8259],[32,220.1147],[110,221.0107],[157,238.0144],[80,241.753],[170,215.7064],[81,243.0385],[17,222.0865],[29,220.5243],[141,218.1422],[136,239.1476],[134,238.1504],[119,238.5395],[301,231.0388],[15,221.4184],[83,220.6733],[233,236.5635],[130,220.9592],[65,221.4748],[181,238.2338],[140,238.806],[111,222.0411],[116,242.4857],[102,220.7718],[10,223.7842],[7,225.2427],[112,221.4037],[135,238.5304],[61,245.882],[234,237.5019],[82,243.9819],[73,223.2336],[215,239.0132],[25,222.8979],[211,214.9233],[176,235.7668],[43,223.0015],[62,245.2462],[97,239.3967],[11,226.5583],[98,243.9484],[27,222.6878],[230,212.946],[196,236.5265],[242,215.3165],[269,234.9668],[171,220.7689],[44,241.9746],[6,222.4936],[214,239.72],[121,220.8098],[78,245.2613],[100,243.9251],[161,239.0138],[183,219.2],[9,225.5974],[14,222.2814],[92,224.5858],[59,246.1006],[268,236.4447],[115,241.2265],[60,242.4678],[193,218.1904],[56,225.8304],[4,224.2711],[47,223.8324],[77,242.1692],[96,244.5295],[63,243.1412],[8,224.4585],[41,223.5993],[155,244.5925],[175,239.7961],[75,242.9737],[151,222.8654],[212,216.0723],[95,242.6491],[232,239.6167],[12,223.997],[58,245.9568],[39,226.6363],[64,223.8983],[241,242.3831],[192,221.3652],[94,218.7475],[13,222.2791],[114,241.5293],[132,240.3742],[42,224.104],[133,244.6181],[259,244.5519],[45,244.9632],[231,224.3846],[3,224.0398],[24,226.6333],[152,219.4283],[173,240.258],[300,231.7295],[76,243.8141],[120,240.2132],[1,226.6686],[40,224.2299],[57,225.7708],[267,221.7967],[174,241.4859],[101,246.9434],[113,242.9222],[172,221.5031],[251,238.0044],[5,223.0156],[222,243.546],[285,235.6331],[213,240.4217],[299,213.9601],[153,222.0535],[195,241.1741],[2,225.8514],[284,216.0753],[162,221.9204],[275,239.2678],[182,242.4557],[74,225.5074],[252,236.7211],[312,215.2679],[131,222.9058],[154,240.2811],[194,237.8655],[250,217.5831],[0,224.1802],[249,214.7595],[26,225.7592],[93,221.8786],[191,221.6032],[28,226.891]

Finish Times:
[324,101.7619],[320,102.322],[319,102.522],[321,102.562],[310,103.042],[309,103.242],[318,103.482],[311,103.522],[296,103.762],[323,103.922],[295,104.002],[297,104.002],[281,104.442],[280,104.682],[308,104.682],[279,105.202],[263,105.322],[282,105.442],[245,105.762],[264,105.802],[317,105.962],[265,106.122],[262,106.2821],[246,106.4021],[298,106.6821],[247,106.8421],[226,106.8821],[294,106.9621],[227,107.2421],[244,107.4821],[248,107.6021],[207,107.6821],[228,107.6821],[208,108.0421],[261,108.3221],[187,108.3621],[209,108.4821],[189,108.5621],[229,108.7221],[316,108.8421],[206,108.9621],[188,109.4421],[166,109.5621],[225,109.5621],[167,109.8421],[168,109.8821],[186,110.1621],[190,110.2021],[146,110.2421],[147,110.5221],[145,110.8022],[126,110.9622],[307,110.9622],[148,111.3222],[125,111.4422],[205,111.4422],[127,111.6822],[165,112.0422],[108,112.1622],[293,112.2422],[128,112.5622],[243,112.6822],[106,112.8422],[89,112.8822],[278,113.4022],[185,113.4422],[107,113.5622],[109,113.7622],[315,113.7622],[224,114.0422],[68,114.1622],[314,114.1622],[88,114.2822],[105,114.6022],[292,114.6422],[304,114.8422],[87,115.0423],[322,115.0823],[260,115.2023],[70,115.2423],[303,115.3623],[124,115.5223],[305,115.5623],[144,115.7623],[69,115.8423],[302,115.9623],[289,116.0023],[71,116.1623],[274,116.2423],[51,116.2823],[67,116.4823],[52,116.8823],[277,116.8823],[290,116.9623],[283,117.0023],[291,117.0023],[276,117.2423],[313,117.2423],[50,117.4023],[257,117.4423],[86,117.5223],[210,117.5223],[256,117.5623],[271,117.6423],[288,117.8023],[204,117.9623],[21,118.0823],[184,118.1623],[306,118.2023],[36,118.3223],[255,118.3623],[273,118.6023],[35,118.6823],[142,118.6823],[49,118.8023],[238,118.8823],[239,118.9223],[287,118.9223],[254,119.0823],[53,119.1623],[19,119.2823],[104,119.3223],[272,119.4024],[20,119.4424],[218,119.4424],[236,119.6424],[33,119.7624],[258,119.8824],[286,119.9224],[54,119.9624],[164,120.1224],[219,120.2024],[37,120.3624],[223,120.4824],[237,120.5224],[240,120.6024],[169,120.8024],[217,120.8824],[85,120.9224],[90,121.0824],[270,121.0824],[143,121.1224],[220,121.2024],[200,121.2424],[34,121.5224],[66,121.6024],[179,121.7224],[201,121.7224],[235,121.7624],[163,121.8824],[129,121.9624],[180,122.0024],[55,122.2024],[16,122.2824],[221,122.2824],[84,122.3624],[158,122.4824],[103,122.8824],[160,122.9224],[31,123.0024],[199,123.0024],[253,123.0424],[72,123.0824],[137,123.1224],[159,123.2424],[23,123.4824],[48,123.5624],[118,123.5624],[117,123.7225],[150,123.8425],[18,124.0425],[216,124.0825],[178,124.1225],[139,124.2025],[198,124.2025],[91,124.2825],[203,124.3625],[266,124.3625],[197,124.5625],[123,124.6425],[177,124.8425],[99,124.8825],[149,124.8825],[202,124.8825],[122,124.9625],[22,125.0025],[30,125.2025],[38,125.5625],[138,125.5625],[79,125.6025],[156,125.7225],[46,125.7625],[32,125.8025],[110,125.8025],[157,125.8025],[80,126.0025],[170,126.1225],[81,126.2025],[17,126.2425],[29,126.3625],[141,126.4025],[136,126.5625],[134,126.6425],[119,126.8025],[301,126.8025],[15,126.8825],[83,126.8825],[233,126.8825],[130,127.1625],[65,127.3625],[181,127.4025],[140,127.4425],[111,127.4825],[116,127.5225],[102,127.5625],[10,127.6025],[7,127.9625],[112,127.9625],[135,128.0025],[61,128.0425],[234,128.0425],[82,128.1225],[73,128.2825],[215,128.4025],[25,128.5225],[211,128.5225],[176,128.5625],[43,128.6824],[62,128.8824],[97,128.8824],[11,129.0424],[98,129.0824],[27,129.1624],[230,129.2023],[196,129.2823],[242,129.4023],[269,129.4023],[171,129.4823],[44,129.5223],[6,129.6823],[214,129.7223],[121,129.7623],[78,129.8022],[100,130.0422],[161,130.1622],[183,130.2822],[9,130.3622],[14,130.4421],[92,130.4421],[59,130.5221],[268,130.7221],[115,130.7621],[60,130.8021],[193,130.8421],[56,130.9621],[4,131.002],[47,131.042],[77,131.122],[96,131.322],[63,131.562],[8,131.6019],[41,131.6019],[155,131.6019],[175,131.6019],[75,131.6419],[151,131.7219],[212,131.8019],[95,131.9219],[232,132.0819],[12,132.2018],[58,132.2818],[39,132.3218],[64,132.4018],[241,132.4018],[192,132.4818],[94,132.7617],[13,132.8017],[114,132.8017],[132,132.8417],[42,132.9617],[133,133.0017],[259,133.0017],[45,133.0817],[231,133.2017],[3,133.3616],[24,133.4816],[152,133.5216],[173,133.6016],[300,133.6816],[76,133.7616],[120,133.7616],[1,134.0015],[40,134.1215],[57,134.2815],[267,134.3215],[174,134.3615],[101,134.4015],[113,134.5215],[172,134.6414],[251,134.6414],[5,134.8014],[222,135.0414],[285,135.0414],[213,135.0814],[299,135.0814],[153,135.1214],[195,135.2413],[2,135.4013],[284,135.4813],[162,135.5613],[275,135.8012],[182,135.8412],[74,136.0012],[252,136.1612],[312,136.3212],[131,136.4411],[154,136.5211],[194,136.5211],[250,136.5211],[0,136.8411],[249,137.161],[26,137.521],[93,137.521],[191,138.0009],[28,138.2008]

Stuck Times:
[324,0],[320,0],[319,0],[321,0],[310,0],[309,0],[318,0],[311,0],[296,0],[323,2],[295,0],[297,0],[281,0],[280,0],[308,1],[279,1],[263,0],[282,1],[245,0],[264,0],[317,3],[265,1],[262,1],[246,0],[298,3],[247,1],[226,0],[294,4],[227,1],[244,1],[248,2],[207,0],[228,2],[208,1],[261,3],[187,0],[209,2],[189,1],[229,3],[316,6],[206,2],[188,1],[166,2],[225,4],[167,2],[168,1],[186,4],[190,2],[146,1],[147,1],[145,1],[126,2],[307,8],[148,2],[125,3],[205,6],[127,2],[165,6],[108,2],[293,10],[128,4],[243,8],[106,4],[89,2],[278,9],[185,7],[107,5],[109,6],[315,0],[224,9],[68,3],[314,0],[88,6],[105,6],[292,11],[304,0],[87,7],[322,0],[260,10],[70,5],[303,0],[124,7],[305,0],[144,8],[69,5],[302,0],[289,0],[71,7],[274,0],[51,7],[67,7],[52,7],[277,12],[290,0],[283,13],[291,0],[276,13],[313,1],[50,8],[257,0],[86,9],[210,12],[256,0],[271,0],[288,0],[204,12],[21,6],[184,12],[306,0],[36,7],[255,0],[273,0],[35,9],[142,12],[49,9],[238,0],[239,0],[287,0],[254,0],[53,8],[19,9],[104,11],[272,0],[20,7],[218,0],[236,0],[33,10],[258,1],[286,0],[54,11],[164,12],[219,0],[37,10],[223,15],[237,0],[240,0],[169,15],[217,0],[85,12],[90,12],[270,0],[143,12],[220,1],[200,0],[34,13],[66,12],[179,0],[201,0],[235,0],[163,16],[129,13],[180,0],[55,13],[16,10],[221,3],[84,12],[158,0],[103,15],[160,1],[31,12],[199,0],[253,1],[72,14],[137,0],[159,0],[23,13],[48,14],[118,0],[117,0],[150,15],[18,12],[216,1],[178,0],[139,1],[198,0],[91,15],[203,19],[266,20],[197,2],[123,16],[177,2],[99,0],[149,18],[202,3],[122,17],[22,14],[30,14],[38,13],[138,1],[79,2],[156,0],[46,16],[32,15],[110,16],[157,0],[80,1],[170,19],[81,0],[17,16],[29,15],[141,19],[136,2],[134,2],[119,1],[301,10],[15,15],[83,17],[233,7],[130,17],[65,18],[181,3],[140,6],[111,18],[116,2],[102,18],[10,16],[7,15],[112,19],[135,5],[61,2],[234,8],[82,2],[73,18],[215,6],[25,19],[211,22],[176,7],[43,17],[62,0],[97,5],[11,17],[98,3],[27,20],[230,24],[196,11],[242,23],[269,12],[171,21],[44,2],[6,18],[214,9],[121,22],[78,2],[100,4],[161,6],[183,23],[9,18],[14,20],[92,18],[59,1],[268,14],[115,3],[60,2],[193,22],[56,21],[4,21],[47,21],[77,6],[96,4],[63,4],[8,21],[41,19],[155,4],[175,7],[75,2],[151,20],[212,26],[95,6],[232,13],[12,21],[58,4],[39,20],[64,23],[241,8],[192,23],[94,23],[13,23],[114,8],[132,6],[42,23],[133,8],[259,8],[45,7],[231,21],[3,23],[24,21],[152,24],[173,8],[300,17],[76,5],[120,13],[1,21],[40,24],[57,22],[267,23],[174,12],[101,8],[113,8],[172,26],[251,17],[5,23],[222,13],[285,18],[213,11],[299,30],[153,26],[195,14],[2,24],[284,26],[162,26],[275,14],[182,13],[74,25],[252,19],[312,28],[131,27],[154,15],[194,16],[250,26],[0,25],[249,32],[26,25],[93,28],[191,27],[28,27]

