Experiment Name: Custom-SmallerMap-2
Method Used: FlowGraph
Run Number: 2
Preparation Time: 36.6334ms
Pathfinding Time: 15.7238ms
Finish Time: 95.00179ms
Finish Time 90%: 79.52144ms
Repaths: 0
Soft Repaths: 0

Gates Data:
8:[515,[5.703468,11.40169,0,[90.49596,73.00079]]],[528,[5.395636,10.77321,0,[91.99939,73.64033]]],[501,[6.355378,12.67142,0,[89.92902,73.00092]]],[516,[5.690067,11.3582,0,[91.70128,73.0008]]],[500,[6.376981,12.70726,0,[88.83284,73.00093]]],[486,[6.9649,13.75637,0,[89.70791,73.00095]]],[485,[7.084346,13.87057,0,[88.59501,73.00099]]],[472,[7.684977,15.03578,0,[89.90471,73.00092]]],[471,[7.671327,15.07234,0,[88.80538,73.00092]]],[487,[7.035199,13.76121,0,[90.755,73.00098]]],[473,[8.459639,15.81521,0,[90.14938,73.00095]]],[488,[7.796064,14.60919,0,[90.86561,73.0009]]],[456,[8.366057,15.76916,0,[89.14879,73.00094]]],[502,[6.339457,12.63531,0,[91.01938,73.00092]]],[474,[8.430412,15.62911,0,[91.23553,73.00096]]],[458,[9.070152,16.5289,0,[90.41422,73.00095]]],[504,[7.206872,13.73481,0,[91.74252,73.00096]]],[443,[9.65243,17.52739,0,[90.27677,73.00097]]],[459,[8.982953,16.27855,0,[91.52351,73.00095]]],[457,[9.154569,16.43066,0,[89.31884,73.00095]]],[470,[9.085265,15.07818,0,[88.4017,73.001]]],[489,[7.831055,14.51774,0,[91.92299,73.00089]]],[460,[9.577129,17.03477,0,[91.49473,73.00092]]],[539,[4.917311,9.816223,0,[93.7099,74.00072]]],[442,[10.05444,17.37497,0,[89.28859,73.001]]],[475,[8.913441,16.75965,0,[92.06322,74.00096]]],[455,[10.52205,15.96,0,[88.40178,73.001]]],[503,[6.51713,12.80396,0,[91.92097,73.0009]]],[428,[10.81857,18.43968,0,[90.19614,73.001]]],[427,[11.43465,18.96015,0,[88.99973,73.58165]]],[429,[11.41059,18.60341,0,[90.26976,73.00098]]],[444,[10.22304,17.83931,0,[90.39549,73.001]]],[412,[11.78189,19.20521,0,[89.38876,73.001]]],[445,[10.55206,18.16518,0,[91.28793,73.00098]]],[505,[7.716319,14.83713,0,[92.56291,74.00096]]],[430,[11.25378,18.89513,0,[91.33704,73.00099]]],[413,[12.46303,19.74013,0,[89.48952,73.00099]]],[491,[9.959912,16.12212,0,[92.70856,74.00088]]],[414,[12.01794,19.48285,0,[90.38621,73.00098]]],[447,[12.46491,19.45875,0,[91.9997,73.36684]]],[398,[12.57943,19.52425,0,[90.56911,73.00098]]],[476,[9.484627,17.09536,0,[92.30471,74.00095]]],[415,[11.88769,19.77599,0,[91.47162,73.00097]]],[446,[11.10523,19.04311,0,[92.16984,74.00097]]],[411,[13.10983,18.73962,0,[89.44678,73.00099]]],[416,[12.84808,20.19357,0,[91.40581,73.00096]]],[517,[6.424879,12.68568,0,[92.08737,74.00092]]],[399,[13.30568,20.3563,0,[90.39361,73.00098]]],[492,[12.35548,17.29382,0,[92.82172,74.00095]]],[490,[8.259393,15.62914,0,[92.73645,74.00098]]],[387,[14.10716,21.22565,0,[90.16749,73.00098]]],[431,[11.98744,19.71224,0,[92.15305,74.00098]]],[350,[14.80175,21.02541,0,[90.52383,73.001]]],[529,[5.698679,11.29318,0,[92.80611,74.00079]]],[397,[13.76049,20.0492,0,[89.38252,73.00098]]],[518,[7.114093,13.27081,0,[92.553,74.00098]]],[400,[13.547,20.04794,0,[91.32129,73.00098]]],[386,[14.82704,21.52869,0,[89.44248,73.001]]],[329,[16.39023,22.11724,0,[89.25919,73.001]]],[388,[14.24761,20.79399,0,[91.17883,73.00099]]],[440,[13.05206,17.18219,0,[88.40382,73.001]]],[433,[14.85367,21.11071,0,[91.99985,73.58403]]],[401,[15.41275,21.36921,0,[90.69867,73.00095]]],[461,[10.12191,17.48501,0,[91.99966,73.31856]]],[349,[15.575,20.9371,0,[89.56824,73.00095]]],[441,[11.81536,17.46134,0,[88.40002,73.001]]],[352,[16.66382,22.19862,0,[90.39389,73.00098]]],[331,[17.1135,22.66838,0,[89.45595,73.001]]],[493,[11.73153,16.99619,0,[93.67188,74.00092]]],[410,[15.87004,19.46752,0,[88.45376,73.00094]]],[506,[8.727174,15.01526,0,[93.20074,74.00096]]],[540,[5.384708,10.25064,0,[94.38367,74.00078]]],[348,[16.84064,21.1634,0,[88.41611,73.001]]],[351,[16.06771,21.93332,0,[90.21454,73.00099]]],[330,[17.91032,22.07056,0,[89.50364,73.00098]]],[332,[18.60086,23.65796,0,[89.52176,73.00099]]],[389,[17.30925,22.13352,0,[90.61114,73.00099]]],[532,[9.241978,13.70899,0,[93.45732,74.00095]]],[353,[18.06856,23.19393,0,[90.53354,73.001]]],[303,[19.26204,25.3695,0,[89.49178,73.00098]]],[347,[17.66948,21.20836,0,[88.48718,73.00099]]],[425,[14.16773,18.00727,0,[88.51118,73.00097]]],[463,[12.97559,19.06772,0,[92.87997,74.00097]]],[377,[19.91242,23.24309,0,[89.436,73.00096]]],[390,[17.51437,22.26748,0,[91.62769,73.001]]],[403,[16.39251,22.29199,0,[91.46409,73.00098]]],[419,[16.86947,23.00052,0,[91.91439,73.00095]]],[405,[20.11148,25.70582,0,[90.39368,73.00097]]],[328,[18.51718,22.13801,0,[88.50304,73.00099]]],[482,[19.61147,24.02092,0,[91.37478,73.00097]]],[363,[18.69854,23.45387,0,[90.55228,73.00099]]],[327,[21.72814,22.75106,0,[89.93662,73.00097]]],[450,[17.79914,23.16127,0,[92.58221,74.001]]],[449,[14.62129,21.08962,0,[92.83463,74.00098]]],[379,[20.92297,24.57929,0,[89.45493,73.00098]]],[404,[19.32499,23.51297,0,[90.53486,73.00098]]],[392,[20.47388,25.54498,0,[91.30933,73.001]]],[466,[18.19018,23.53192,0,[91.60258,73.001]]],[306,[20.42586,24.18965,0,[88.66303,73.001]]],[418,[16.17135,21.96005,0,[92.2608,74.00098]]],[380,[21.13328,24.80429,0,[90.47373,73.001]]],[498,[19.83377,24.82758,0,[92.17158,74.00098]]],[452,[21.94392,28.11536,0,[90.85758,73.00096]]],[451,[21.24442,25.06807,0,[92.22737,74.00097]]],[378,[15.8274,22.14249,0,[91.31264,73.00098]]],[333,[22.92571,26.10854,0,[89.03444,73.00098]]],[530,[6.218085,11.7665,0,[93.33337,74.00095]]],[497,[18.82759,23.49561,0,[91.55995,73.00098]]],[304,[21.20895,25.37687,0,[88.4131,73.001]]],[420,[22.35828,26.98703,0,[89.87611,73.001]]],[467,[20.53753,25.11896,0,[92.03014,74.00099]]],[547,[22.42466,23.72208,0,[91.43728,73.00094]]],[512,[19.74269,21.55321,0,[93.25385,74.00098]]],[514,[22.91787,27.88149,0,[90.2554,73.00095]]],[402,[15.17344,21.03717,0,[91.85698,73.00095]]],[417,[14.21079,21.65783,0,[92.19791,74.00099]]],[513,[20.67521,23.1443,0,[93.05749,74.00099]]],[435,[21.20535,24.45964,0,[91.55273,73.001]]],[483,[21.76548,25.43557,0,[91.99974,73.0093]]],[479,[14.90969,19.23102,0,[93.72957,74.00098]]],[531,[6.823979,12.49384,0,[93.69166,74.00089]]],[545,[23.07756,20.079,0,[93.13671,74.00094]]],[305,[19.45193,23.37311,0,[88.45037,73.001]]],[538,[21.7383,23.7323,0,[92.72224,74.00097]]],[432,[13.5218,20.7725,0,[92.20241,74.00098]]],[364,[21.89317,26.98956,0,[88.83006,73.00092]]],[465,[16.7539,21.81657,0,[92.35191,74.00097]]],[477,[10.52017,17.67425,0,[92.86633,74.00095]]],[426,[14.92716,18.67678,0,[88.40178,73.001]]],[550,[23.12212,16.84212,0,[91.99966,73.67434]]],[544,[23.84224,22.69429,0,[92.35815,74.00092]]],[436,[23.60981,28.21352,0,[89.9897,73.00098]]],[478,[12.29305,17.48013,0,[93.95526,74.00097]]],[507,[10.72486,15.66874,0,[93.77911,74.00092]]],[548,[7.108541,9.483925,0,[94.59054,74.00097]]],[551,[23.30675,22.73417,0,[91.23418,73.00098]]],[541,[9.100489,11.28312,0,[94.57988,74.00095]]],[495,[17.19864,20.47163,0,[92.91622,74.00098]]],[527,[25.25411,30.29709,0,[89.72763,73.00098]]],[553,[24.09043,22.74799,0,[91.83224,73.00098]]],[464,[13.25438,19.40606,0,[93.70959,74.00098]]],[448,[13.80538,19.84255,0,[93.09706,74.00099]]],[552,[22.51341,20.42944,0,[92.81137,74.00099]]],[543,[24.3363,18.95014,0,[93.12002,74.00098]]],[434,[15.41966,21.96907,0,[92.71036,74.00095]]],[546,[23.44864,19.56787,0,[94.03762,74.00088]]],[509,[13.52665,16.84449,0,[94.55922,74.00098]]],[499,[24.46999,30.92658,0,[89.19459,73.001]]],[535,[16.766,16.69295,0,[94.01752,74.0009]]],[537,[21.94973,19.91197,0,[93.68082,74.00093]]],[462,[11.42774,18.50637,0,[92.89575,74.00096]]],[481,[18.42372,22.72723,0,[92.5578,74.001]]],[391,[23.66412,27.73358,0,[88.80872,73.00099]]],[542,[22.30248,13.3445,0,[94.54154,74.00082]]],[526,[21.20477,22.2898,0,[93.54386,74.00096]]],[496,[19.08359,22.01453,0,[92.49375,74.00097]]],[554,[24.25908,25.45646,0,[90.54639,73.00099]]],[519,[7.573614,13.29064,0,[93.6942,74.00097]]],[480,[15.77626,20.29844,0,[93.45843,74.00098]]],[533,[21.20913,14.41523,0,[94.65041,74.00095]]],[536,[18.35197,18.12252,0,[93.73909,74.001]]],[534,[15.29725,15.48222,0,[94.40968,74.00098]]],[520,[8.138004,13.78744,0,[93.9155,74.001]]],[508,[19.15427,16.0483,0,[94.59798,74.00097]]],[511,[19.1457,20.31846,0,[93.53405,74.00098]]],[494,[14.17288,18.41897,0,[93.97237,74.001]]],[510,[16.37942,18.98778,0,[93.37091,74.00097]]],[521,[9.864086,14.94041,0,[93.95835,74.00091]]],[525,[20.15981,20.14889,0,[93.91257,74.00099]]],[522,[12.70407,15.42713,0,[94.51153,74.00093]]],[524,[17.68506,19.35033,0,[93.73188,74.001]]],[549,[11.19086,10.75286,0,[94.61391,74.00099]]],[523,[15.93237,16.91204,0,[94.5147,74.00089]]]
6:[515,[18.15175,35.9132,0,[70.99905,79.92519]]],[528,[19.20582,38.21854,0,[69.99907,80.2477]]],[501,[19.30179,37.94431,0,[70.99905,79.92333]]],[516,[20.1993,39.69857,0,[69.99902,80.67635]]],[500,[19.11543,36.24639,0,[70.99905,78.87873]]],[486,[20.02752,39.1398,0,[70.99903,79.75855]]],[485,[20.07619,37.58602,0,[70.99904,78.60815]]],[472,[20.70103,40.15751,0,[70.99904,79.77233]]],[471,[20.86607,38.64903,0,[70.99905,78.57578]]],[487,[21.56484,40.92623,0,[70.86601,79.99931]]],[473,[21.52734,41.13789,0,[70.99917,78.97786]]],[488,[22.34897,41.75525,0,[70.78362,79.99947]]],[456,[22.20007,39.40121,0,[70.99903,78.61348]]],[502,[23.09324,40.98779,0,[69.99901,80.6028]]],[474,[23.00113,42.58696,0,[70.92905,79.99967]]],[458,[22.7905,41.97129,0,[70.99918,78.82829]]],[504,[24.14968,43.87405,0,[69.999,80.15014]]],[443,[23.55746,42.95566,0,[70.99904,79.20554]]],[459,[24.14569,43.72983,0,[70.99902,79.55898]]],[457,[23.42983,40.21433,0,[70.99902,78.1962]]],[470,[24.1586,38.77662,0,[70.99901,78.37803]]],[489,[24.84181,43.98371,0,[70.56887,79.99966]]],[460,[25.01709,44.90271,0,[70.99901,79.09099]]],[539,[26.12737,40.65937,0,[69.99901,80.63275]]],[442,[24.76159,43.14879,0,[70.99904,78.2215]]],[475,[25.46783,45.36818,0,[70.93424,79.99938]]],[455,[25.54009,39.81679,0,[70.99905,78.11498]]],[503,[26.79009,43.89757,0,[69.99901,80.36462]]],[428,[26.32469,44.09429,0,[70.99901,79.41453]]],[427,[25.91124,42.23229,0,[70.99919,78.69001]]],[429,[26.96478,44.34835,0,[70.99904,78.85342]]],[444,[27.44613,46.04465,0,[69.99903,80.40763]]],[412,[26.53789,43.11386,0,[70.99903,78.16454]]],[445,[27.28996,45.74001,0,[70.99903,79.66376]]],[505,[28.26921,46.48673,0,[69.99901,80.37549]]],[430,[28.14294,46.50708,0,[70.99901,79.63443]]],[413,[27.49795,44.27888,0,[70.99902,78.18343]]],[491,[29.04546,46.05056,0,[69.99901,80.3691]]],[414,[27.95694,45.34934,0,[70.9991,78.65077]]],[447,[28.74331,47.45925,0,[70.99902,79.281]]],[398,[28.54361,45.95518,0,[70.99902,78.26686]]],[476,[29.6258,47.61615,0,[70.09321,79.99974]]],[415,[29.53014,48.42738,0,[70.99905,79.19102]]],[446,[29.91077,47.63687,0,[70.99908,79.92868]]],[411,[29.24341,43.23072,0,[70.99903,78.34128]]],[416,[30.2848,48.64849,0,[70.99901,78.95115]]],[517,[30.70738,43.54173,0,[69.99913,80.58527]]],[399,[30.04635,47.06631,0,[70.99901,78.01656]]],[492,[30.78332,46.80298,0,[70.99905,79.38006]]],[490,[31.51673,48.59447,0,[69.999,80.24831]]],[387,[30.95114,48.048,0,[70.99906,78.13434]]],[431,[31.60413,48.85219,0,[70.95939,79.99957]]],[350,[32.19604,48.99787,0,[70.99902,79.20286]]],[529,[32.28833,44.46111,0,[69.99905,80.7077]]],[397,[32.08486,45.75838,0,[70.99902,78.15765]]],[518,[32.75093,46.09087,0,[70.39944,79.99962]]],[400,[31.40555,48.40527,0,[70.99904,78.904]]],[386,[32.88367,47.85619,0,[70.99905,78.32175]]],[329,[33.05936,46.94035,0,[70.99902,79.33891]]],[388,[33.57658,50.44606,0,[70.99902,79.74841]]],[440,[33.53334,41.79578,0,[70.99903,78.40188]]],[433,[34.23372,50.70573,0,[70.99905,79.47279]]],[401,[33.57759,49.58183,0,[69.99901,80.33632]]],[461,[34.86157,48.86876,0,[69.99906,80.22054]]],[349,[34.10327,47.56375,0,[70.99904,78.43418]]],[441,[34.74838,41.07552,0,[70.99904,78.33702]]],[352,[35.75323,49.41509,0,[70.99908,79.80595]]],[331,[35.02936,48.17546,0,[70.99902,79.43914]]],[493,[35.69064,50.05613,0,[69.99902,80.27489]]],[410,[35.40542,43.63731,0,[70.99902,78.41061]]],[506,[36.66642,48.79061,0,[70.49099,79.99964]]],[540,[36.35554,46.01957,0,[69.99902,80.62648]]],[348,[36.02102,44.79992,0,[70.99904,78.56763]]],[351,[36.58497,51.01822,0,[70.99907,79.01503]]],[330,[37.21588,47.98827,0,[70.99904,78.36373]]],[332,[37.43587,49.27507,0,[70.99905,79.26648]]],[389,[37.54794,50.11098,0,[69.99904,80.00172]]],[532,[37.79253,47.49982,0,[70.99908,79.94456]]],[353,[38.57304,50.86968,0,[70.72032,79.99947]]],[303,[38.32765,50.69245,0,[70.99905,79.0013]]],[347,[38.92638,45.373,0,[70.99904,78.26686]]],[425,[37.97554,44.76803,0,[70.99905,78.2621]]],[463,[39.23859,50.91095,0,[69.99902,80.67146]]],[377,[39.11803,49.24394,0,[70.99901,79.33287]]],[390,[39.81978,52.48037,0,[70.99904,79.07656]]],[403,[39.83516,51.98293,0,[70.25375,79.99959]]],[419,[40.10312,53.57573,0,[70.99902,79.96906]]],[405,[39.56922,52.12912,0,[70.99903,78.19072]]],[328,[40.32717,46.61005,0,[70.99903,78.16744]]],[482,[40.62642,52.23224,0,[70.99905,78.94564]]],[363,[40.80011,51.71029,0,[70.99909,79.89674]]],[327,[41.27697,48.36765,0,[70.99905,78.87784]]],[450,[41.45823,54.3908,0,[70.99924,79.99949]]],[449,[41.533,53.92601,0,[69.99904,80.63363]]],[379,[41.89593,49.8855,0,[70.99904,78.03879]]],[404,[42.11094,52.30752,0,[70.99901,79.01223]]],[392,[42.6797,54.29008,0,[70.99903,79.32873]]],[466,[42.69242,54.70797,0,[69.99902,80.02409]]],[306,[42.65784,48.1771,0,[70.99904,78.17391]]],[418,[43.37405,55.40654,0,[70.49545,79.99976]]],[380,[43.26929,52.84485,0,[70.99902,78.32026]]],[498,[43.55664,55.29189,0,[70.99905,79.16159]]],[452,[44.15278,56.21095,0,[70.999,78.08598]]],[451,[44.34629,54.00828,0,[70.99901,79.06341]]],[378,[43.89901,54.40878,0,[70.99915,79.98625]]],[333,[45.21221,51.82634,0,[70.999,78.97263]]],[530,[45.32222,47.18472,0,[69.99905,80.58128]]],[497,[44.65049,55.19459,0,[70.99918,79.97874]]],[304,[45.80626,49.58496,0,[70.99905,78.01999]]],[420,[44.88792,53.05583,0,[70.99904,78.09102]]],[467,[46.22752,55.52744,0,[70.12579,79.99995]]],[547,[45.97142,51.70411,0,[70.99905,79.04043]]],[512,[46.83036,54.19232,0,[70.99901,79.12564]]],[514,[46.46748,55.39935,0,[70.99901,78.27147]]],[402,[47.38594,52.77548,0,[70.39349,79.99978]]],[417,[46.34847,54.71737,0,[70.99902,79.97543]]],[513,[47.56762,55.42229,0,[70.99905,79.30405]]],[435,[47.32057,56.18707,0,[70.99902,78.29018]]],[483,[48.05719,55.89009,0,[70.99901,78.16628]]],[479,[48.36725,55.72203,0,[70.48704,79.99982]]],[531,[48.12165,49.94991,0,[69.99901,80.6146]]],[545,[48.34266,51.30611,0,[70.99902,79.04926]]],[305,[48.89889,48.78218,0,[70.99904,78.1603]]],[538,[48.90292,56.50824,0,[70.99916,79.45857]]],[432,[49.23931,52.78498,0,[69.999,80.35092]]],[364,[49.47735,52.28248,0,[70.99908,78.4795]]],[465,[49.5372,56.44205,0,[70.99908,79.60539]]],[477,[50.15113,52.23229,0,[69.999,80.34129]]],[426,[50.08933,45.55777,0,[70.99902,78.31023]]],[550,[50.13841,46.17756,0,[70.99902,79.51706]]],[544,[51.02589,52.77977,0,[70.99902,79.28981]]],[436,[50.71178,55.75434,0,[70.99906,78.47223]]],[478,[50.96174,54.61747,0,[70.20425,79.99958]]],[507,[51.71323,54.26697,0,[70.99905,79.16833]]],[548,[51.83401,50.45802,0,[70.13699,79.99968]]],[551,[51.47894,51.82487,0,[70.99904,78.28568]]],[541,[52.10808,51.78182,0,[70.82648,79.99981]]],[495,[52.57765,55.57111,0,[70.99903,79.27869]]],[527,[52.30624,57.40725,0,[70.99902,78.35848]]],[553,[53.08611,52.417,0,[70.99901,78.19881]]],[464,[52.9787,56.80894,0,[70.9991,79.9914]]],[448,[53.08399,56.44034,0,[69.99902,80.59443]]],[552,[53.63164,53.32909,0,[70.99912,79.92764]]],[543,[53.45974,49.25,0,[70.99907,78.90244]]],[434,[54.16245,56.60453,0,[69.99902,80.62402]]],[546,[54.28745,53.83467,0,[70.99902,79.18819]]],[509,[54.89364,58.3529,0,[70.18898,79.99977]]],[499,[54.15239,57.91137,0,[70.99902,78.16242]]],[535,[55.02013,54.86545,0,[70.999,79.15038]]],[537,[54.89808,56.78559,0,[70.99905,78.12804]]],[462,[55.38554,54.7434,0,[69.99911,80.78658]]],[481,[55.35956,58.81483,0,[70.99906,79.96576]]],[391,[55.65307,53.73241,0,[70.99904,78.33822]]],[542,[56.03781,50.16814,0,[70.99903,79.04977]]],[526,[56.73587,58.86452,0,[70.99903,79.3753]]],[496,[56.50929,57.34379,0,[70.37236,79.9997]]],[554,[56.58733,53.82808,0,[70.99903,78.28611]]],[519,[57.11759,55.90059,0,[69.99902,80.5678]]],[480,[57.34048,58.40582,0,[70.6893,79.99973]]],[533,[57.32731,54.63357,0,[70.99903,78.27876]]],[536,[57.60493,58.30191,0,[70.99904,79.10581]]],[534,[58.22782,60.44598,0,[70.99904,78.45243]]],[520,[58.22139,58.41389,0,[69.99904,80.66148]]],[508,[57.94624,53.86436,0,[70.99907,79.86346]]],[511,[58.70017,57.58769,0,[70.99906,79.74379]]],[494,[58.83294,65.36465,0,[70.99907,78.53175]]],[510,[59.12957,58.60003,0,[69.99903,80.59293]]],[521,[59.3733,59.69362,0,[70.99903,79.76384]]],[525,[59.5919,62.43685,0,[70.99904,78.55252]]],[522,[60.25916,64.601,0,[70.99901,78.98504]]],[524,[60.10927,60.52212,0,[69.99905,80.54659]]],[549,[61.03327,59.53177,0,[70.99907,79.4752]]],[523,[60.90696,59.03895,0,[69.99901,80.18636]]]
5:[245,[15.49735,30.6746,1,[58.99904,49.84808]]],[215,[15.29698,30.53555,1,[58.99904,48.69629]]],[216,[16.21553,31.81514,1,[58.99905,50.04512]]],[186,[15.88658,31.69276,1,[58.99902,48.73812]]],[156,[15.8666,31.66055,1,[58.99902,47.60563]]],[187,[16.5747,32.91843,1,[58.99906,49.30299]]],[157,[16.5073,32.89948,1,[58.99905,48.17036]]],[127,[16.5153,32.94139,1,[58.99905,47.06899]]],[185,[15.25278,30.46663,1,[58.99903,47.56893]]],[128,[17.12813,34.08619,1,[58.99907,47.79568]]],[126,[16.40112,32.73743,1,[57.99907,46.80857]]],[155,[15.74681,31.46489,1,[57.99903,46.71415]]],[158,[17.27352,34.08272,1,[58.99906,48.9786]]],[98,[17.58949,35.04602,1,[58.10356,47.00037]]],[96,[16.41866,32.7356,1,[57.99906,45.5678]]],[99,[17.71606,35.33393,1,[58.9991,47.48586]]],[97,[17.03567,33.98697,1,[57.99907,46.27915]]],[125,[15.74404,31.46618,1,[57.99903,45.57507]]],[69,[17.05573,34.04118,1,[57.99907,45.10306]]],[70,[17.66606,35.23977,1,[57.99907,45.92334]]],[46,[18.22076,36.3808,1,[57.99909,45.53957]]],[68,[16.43389,32.81021,1,[57.99905,44.25866]]],[45,[17.62444,35.18972,1,[57.99906,44.63026]]],[100,[18.30154,36.32094,1,[58.99909,47.30833]]],[71,[18.29009,36.48935,1,[57.99911,46.83115]]],[129,[17.82864,35.39816,1,[58.99914,48.73027]]],[95,[15.76011,31.48542,1,[57.99902,44.36829]]],[72,[18.79051,37.42753,1,[57.99908,46.49767]]],[73,[19.3351,38.37529,1,[57.99908,46.26584]]],[47,[18.732,37.39073,1,[57.99907,45.14444]]],[48,[19.31776,38.41374,1,[57.99907,45.1374]]],[101,[18.82131,37.31203,1,[58.99904,47.0245]]],[44,[16.99652,33.93785,1,[57.99903,43.72331]]],[102,[19.96658,39.57777,1,[57.99908,46.96386]]],[25,[18.1556,36.25603,1,[57.99908,44.15876]]],[74,[19.91275,39.53129,1,[57.99907,45.79122]]],[67,[15.81675,31.57032,1,[57.99901,43.03506]]],[24,[17.56402,35.07116,1,[57.99905,43.20757]]],[131,[18.95444,37.27108,1,[58.99904,48.17673]]],[75,[20.46174,40.53838,1,[57.99903,45.23739]]],[49,[19.88307,39.62048,1,[57.99907,44.65062]]],[43,[16.40898,32.74001,1,[57.99903,42.70369]]],[26,[18.69972,37.31809,1,[57.99906,43.68381]]],[104,[21.11842,41.66224,1,[57.99907,46.54498]]],[76,[21.05727,41.57153,1,[57.99906,45.43019]]],[103,[20.50309,40.55156,1,[57.99904,46.34843]]],[27,[19.29208,38.37071,1,[57.99906,43.98583]]],[135,[21.73744,42.59067,1,[57.99903,46.33183]]],[130,[18.3592,36.30086,1,[58.9991,48.44362]]],[134,[21.02949,40.54175,1,[58.99906,47.12399]]],[23,[16.97834,33.8693,1,[57.99902,42.12007]]],[50,[20.44348,40.69063,1,[57.99904,44.12122]]],[105,[21.61133,42.65725,1,[57.99903,45.22918]]],[8,[18.13781,36.1554,1,[57.99907,42.66694]]],[106,[22.1361,43.88106,1,[57.99901,44.91788]]],[162,[20.08433,38.48573,1,[58.99906,48.19006]]],[165,[22.27136,42.69111,1,[57.999,46.01162]]],[194,[22.83425,41.68951,1,[57.99901,46.75657]]],[29,[20.39921,40.65234,1,[57.99904,42.92051]]],[223,[22.12648,39.77793,1,[58.99901,47.69021]]],[7,[17.56573,35.05087,1,[57.99903,41.56467]]],[28,[19.83931,39.55322,1,[57.99905,43.46216]]],[132,[19.43361,38.44123,1,[58.99909,47.63204]]],[166,[23.18724,43.93578,1,[57.99905,45.97474]]],[77,[21.58135,42.56542,1,[57.99903,44.12821]]],[51,[21.03301,41.74094,1,[57.99906,44.31678]]],[10,[19.23226,38.37483,1,[57.99906,42.74959]]],[224,[22.74328,40.94141,1,[58.999,47.76508]]],[136,[22.67278,43.80009,1,[57.99901,45.32244]]],[167,[23.32904,45.10386,1,[57.99905,44.99396]]],[225,[23.41706,42.02097,1,[58.999,47.75653]]],[9,[18.69684,37.25908,1,[57.99904,41.98564]]],[191,[20.72912,37.28378,1,[58.99903,49.15349]]],[168,[23.97152,46.33479,1,[57.99901,44.90556]]],[138,[23.50605,46.25717,1,[57.99903,44.03458]]],[195,[23.63351,42.63336,1,[57.99901,46.87973]]],[78,[22.18797,43.80721,1,[57.99901,43.84464]]],[197,[23.95835,45.05131,1,[57.99902,45.96406]]],[169,[24.21552,47.53086,1,[57.99904,44.03043]]],[137,[22.76707,44.97872,1,[57.99901,44.27715]]],[196,[24.25766,43.81841,1,[58.16346,47.00029]]],[85,[26.79985,53.27858,2,[57.99909,41.65845]]],[199,[24.58728,47.61391,1,[57.99903,45.0771]]],[228,[25.44306,46.73373,1,[57.99901,46.47582]]],[229,[25.20385,47.93603,1,[57.99901,45.43861]]],[221,[22.37086,37.54873,1,[58.999,48.68521]]],[30,[20.98483,41.69677,1,[57.99903,43.18617]]],[84,[26.54907,52.89612,2,[57.2365,41.00037]]],[201,[25.52527,49.96928,1,[57.99907,44.23077]]],[198,[24.65435,46.36927,1,[57.99903,46.18767]]],[222,[23.19829,38.7577,1,[58.99902,48.68884]]],[52,[21.57564,42.79031,1,[57.99903,43.02822]]],[83,[26.07648,52.07567,2,[56.99908,40.43055]]],[116,[28.33922,55.51006,2,[57.99909,43.24792]]],[11,[19.86107,39.53059,1,[57.99904,42.18627]]],[108,[23.32134,46.28128,1,[57.99903,42.89689]]],[227,[24.39381,44.44643,1,[58.999,47.18558]]],[86,[27.38237,54.43318,2,[57.99906,41.78189]]],[257,[25.0432,44.17586,1,[58.99904,47.79207]]],[164,[21.86491,41.05688,1,[58.62503,47.00017]]],[107,[22.7948,45.05278,1,[57.99901,43.20543]]],[87,[27.99175,55.463,2,[57.99906,42.07452]]],[230,[24.98318,48.94179,1,[57.99901,44.37553]]],[58,[27.29041,54.32344,2,[57.0004,41.00047]]],[53,[22.19774,44.04465,1,[57.99901,42.74162]]],[204,[28.8804,52.85361,2,[57.999,44.33879]]],[258,[25.37484,45.42676,1,[58.99902,47.01513]]],[82,[25.51568,50.96427,1,[56.99905,39.54986]]],[255,[25.87744,41.713,1,[58.999,47.85423]]],[171,[25.16739,49.93811,1,[57.99906,43.10164]]],[139,[23.90594,47.48458,1,[57.99901,42.97347]]],[59,[27.80825,55.07313,2,[57.40529,41.00042]]],[231,[25.83628,49.87426,1,[57.99907,45.39965]]],[88,[28.64383,56.53966,2,[57.99911,42.35868]]],[57,[26.71033,53.13646,2,[56.99908,40.02417]]],[259,[26.21449,46.74062,1,[58.99903,47.01894]]],[226,[24.05443,43.3378,1,[58.999,48.1045]]],[175,[29.14915,54.17857,2,[57.99908,43.47602]]],[200,[24.64812,48.82378,1,[57.99902,43.41208]]],[79,[22.76805,44.97722,1,[57.999,42.01247]]],[12,[20.52415,40.70029,1,[57.99905,41.53494]]],[60,[28.14489,55.48188,2,[57.9991,41.14301]]],[260,[26.35022,49.09944,1,[57.99903,46.39344]]],[61,[28.8634,56.62543,2,[57.99913,41.50602]]],[115,[27.57441,54.52867,2,[57.99907,42.9244]]],[256,[26.81121,43.5745,1,[58.99901,47.94374]]],[170,[24.50241,48.72446,1,[57.99901,42.31523]]],[161,[19.83411,37.39865,1,[58.99911,49.07806]]],[80,[23.35192,46.24525,1,[57.99902,41.7687]]],[202,[26.13795,51.08394,1,[57.99909,44.64032]]],[35,[27.45822,54.40068,2,[56.99914,40.07117]]],[56,[26.11201,52.16068,2,[56.9991,39.20121]]],[147,[30.02493,56.18527,2,[57.99905,42.92002]]],[37,[28.91492,56.66492,2,[56.99912,40.76394]]],[146,[29.36888,55.1674,2,[57.99908,42.64357]]],[13,[21.09945,41.8081,1,[57.99904,42.08673]]],[261,[27.2311,50.01539,1,[57.99909,46.45757]]],[232,[26.67608,51.07556,1,[57.99903,45.50294]]],[173,[26.49129,52.15413,1,[57.99907,44.03064]]],[117,[29.57965,56.17647,2,[57.99908,41.79795]]],[262,[27.53496,51.13371,1,[57.99907,45.73186]]],[251,[26.38993,37.83734,1,[58.999,48.74774]]],[36,[28.23227,55.7142,2,[56.9991,40.26093]]],[109,[23.92559,47.56029,1,[57.999,41.87198]]],[177,[30.53401,56.38052,2,[57.99905,43.95881]]],[176,[29.79877,55.29419,2,[57.99905,43.79824]]],[38,[29.55742,57.7948,2,[57.04935,41.00044]]],[288,[27.11275,48.19424,1,[58.999,47.03874]]],[284,[27.66124,42.36604,1,[58.99901,47.93485]]],[289,[27.9694,48.98313,1,[58.999,47.02466]]],[34,[26.7989,53.30049,2,[56.99908,38.98595]]],[249,[27.39587,35.86776,1,[58.99902,48.85434]]],[31,[21.71427,42.76088,1,[57.99902,41.91686]]],[89,[29.89353,57.79395,2,[57.69169,41.00043]]],[118,[30.30915,57.36752,2,[57.99905,42.08904]]],[2,[19.40155,38.69468,1,[57.99904,41.24826]]],[148,[30.81421,57.33273,2,[57.99904,43.10722]]],[366,[28.49053,47.10736,1,[58.99902,47.97667]]],[133,[20.17101,39.49329,1,[58.99904,47.17224]]],[32,[22.23988,44.14193,1,[57.99902,41.38552]]],[18,[29.02754,56.94707,2,[56.99909,39.77168]]],[314,[29.29327,49.11498,1,[58.99909,48.10332]]],[16,[27.67143,54.58735,2,[56.9991,39.14512]]],[178,[31.34169,57.55713,2,[57.99906,44.19339]]],[119,[30.99357,58.39665,2,[57.99903,42.13662]]],[1,[19.38924,38.50836,1,[56.99904,40.52971]]],[15,[23.0374,45.76179,1,[56.99915,40.59802]]],[149,[31.51424,58.49005,2,[57.99903,43.22823]]],[192,[22.23154,38.80684,1,[58.999,49.60665]]],[317,[30.36987,52.37179,1,[58.99907,47.49048]]],[90,[30.40226,58.46935,2,[57.99905,41.07166]]],[159,[19.36416,35.93003,1,[58.999,50.55937]]],[203,[27.05034,51.9849,1,[57.99903,44.74018]]],[266,[31.64443,55.6382,2,[57.99901,46.0167]]],[39,[29.83964,59.0688,2,[56.99911,40.18325]]],[120,[31.19544,59.56277,2,[57.99905,41.2357]]],[0,[18.39107,36.60868,1,[57.54995,41.00027]]],[150,[31.67257,59.58025,2,[57.99903,42.23031]]],[263,[29.07349,52.0554,1,[57.99907,46.25692]]],[17,[28.33687,56.153,2,[56.99911,39.19774]]],[63,[31.2801,59.52044,2,[56.99906,40.55606]]],[172,[25.84161,51.08056,1,[57.99905,43.49247]]],[292,[29.5627,52.07762,1,[58.99906,47.27089]]],[180,[32.21164,59.83381,2,[57.99909,43.18355]]],[3,[20.55022,40.75208,1,[56.99905,40.69176]]],[121,[32.27196,61.11022,2,[57.9991,42.10323]]],[253,[24.32141,40.09161,1,[58.99915,49.47965]]],[238,[32.75067,57.72126,2,[57.99903,44.29802]]],[5,[21.38161,42.56387,1,[57.80699,41.00026]]],[291,[28.79506,51.08031,1,[58.99901,47.06924]]],[265,[30.54135,54.27896,1,[57.99906,46.78529]]],[62,[30.48417,58.59022,2,[56.99909,40.3842]]],[40,[30.75891,59.66734,2,[56.99907,39.58591]]],[205,[29.55763,54.04606,2,[57.99906,44.62652]]],[209,[33.42903,58.84819,2,[57.99906,44.10721]]],[336,[31.15937,50.20697,1,[58.999,47.88406]]],[19,[29.34713,58.1865,2,[56.9991,39.05099]]],[141,[25.03908,49.87055,1,[57.99906,41.93067]]],[151,[32.81956,61.15955,2,[57.9991,43.18169]]],[54,[23.68833,46.35828,1,[56.99901,40.80016]]],[315,[31.71659,49.82884,1,[58.999,48.78816]]],[338,[31.86276,53.11143,1,[58.51663,47.00007]]],[91,[31.76979,60.02701,2,[57.89824,41.00055]]],[179,[32.11256,58.71004,2,[57.99911,44.16835]]],[207,[31.09385,56.33246,2,[57.99903,45.08537]]],[316,[30.04532,51.27091,1,[58.99907,48.30721]]],[152,[32.95513,62.52919,2,[57.99911,42.22655]]],[264,[29.76731,53.09005,1,[57.99906,46.54781]]],[4,[21.33954,42.20237,1,[56.99905,40.15404]]],[246,[30.85448,32.35849,1,[58.999,48.77934]]],[140,[24.44739,48.74193,1,[57.99902,41.16218]]],[20,[30.10835,59.70123,2,[56.9991,39.13631]]],[64,[31.80666,60.98741,2,[56.99916,40.30797]]],[92,[32.384,61.21169,2,[57.99912,41.10777]]],[337,[32.0411,51.53726,1,[58.999,47.85284]]],[240,[34.11146,60.33825,2,[57.99908,44.11979]]],[267,[33.36395,56.99662,2,[57.99907,45.12923]]],[81,[24.37699,48.57669,1,[56.99903,40.9525]]],[55,[24.44054,47.73743,1,[56.99902,39.6895]]],[122,[33.05155,62.57922,2,[57.99903,41.17425]]],[14,[22.32276,44.11019,1,[56.99903,40.61052]]],[283,[32.57487,41.80791,1,[58.999,48.71433]]],[65,[32.44085,62.42059,2,[56.99915,40.46896]]],[144,[27.29414,53.21729,2,[57.99905,43.85564]]],[211,[34.23058,61.36893,2,[57.9991,43.13736]]],[318,[32.54025,54.76023,1,[57.9991,46.34076]]],[41,[31.84448,61.09918,2,[56.99909,39.10569]]],[210,[33.55051,60.0001,2,[57.99905,43.11654]]],[142,[25.64509,50.99675,1,[57.99905,42.34917]]],[233,[28.56306,52.00828,1,[57.999,45.28117]]],[355,[33.04115,53.91358,1,[58.36774,47.00051]]],[239,[34.09444,59.14544,2,[57.9991,45.18225]]],[93,[33.07531,63.82748,2,[56.99909,40.59573]]],[381,[33.01352,47.29175,1,[58.99913,47.81863]]],[339,[34.15915,53.65414,1,[58.99913,48.10941]]],[181,[33.6597,61.44991,2,[57.99906,42.10026]]],[206,[30.29837,55.15635,2,[57.99906,44.85825]]],[6,[22.50013,44.73124,1,[56.99905,39.44764]]],[160,[18.99023,36.36282,1,[58.99909,49.40078]]],[21,[31.17311,60.42556,2,[56.99916,39.04684]]],[22,[32.55815,62.32912,2,[56.99913,39.35291]]],[212,[33.72949,64.36395,2,[56.99903,40.33798]]],[234,[29.32199,52.97231,1,[57.99907,45.4477]]],[286,[29.83977,44.7588,1,[58.99911,49.24782]]],[271,[34.3367,62.20439,2,[57.99909,42.13198]]],[297,[34.80679,60.60035,2,[57.99915,44.35114]]],[281,[29.05021,39.394,1,[58.9991,48.96579]]],[237,[32.71757,56.56007,2,[57.99904,45.37686]]],[293,[31.40803,54.44736,1,[57.99902,46.97588]]],[280,[28.22953,38.1337,1,[58.99903,48.88271]]],[356,[35.31227,54.71341,1,[58.99906,47.30986]]],[42,[33.1781,62.93721,2,[56.99907,39.41476]]],[241,[33.73098,62.0933,2,[57.99905,41.0453]]],[322,[34.94068,61.51981,2,[57.99916,43.41677]]],[321,[35.44312,59.37672,2,[57.99907,44.56717]]],[323,[34.41479,62.69635,2,[57.9991,41.08577]]],[357,[37.22151,57.14571,1,[57.99902,46.79113]]],[217,[17.23653,33.01154,1,[58.99907,50.15011]]],[385,[35.90811,52.98353,1,[58.999,48.63927]]],[290,[28.23257,51.10036,1,[57.999,46.20107]]],[371,[36.09509,55.16977,1,[58.999,47.61552]]],[268,[34.70959,58.20578,2,[57.99916,46.3975]]],[344,[35.27759,65.40328,2,[56.99907,40.68453]]],[340,[36.3178,56.8489,1,[57.99902,46.72046]]],[342,[35.01434,61.73103,2,[57.99908,42.38433]]],[242,[34.42186,64.46977,2,[56.99911,40.41891]]],[182,[33.78745,64.76091,2,[56.99906,39.16808]]],[285,[34.90862,43.9256,1,[58.99915,49.37453]]],[370,[35.04069,53.41196,1,[58.99907,48.22578]]],[111,[25.36536,50.60806,1,[57.41346,41.00036]]],[298,[34.63779,63.40398,2,[56.99913,39.46589]]],[365,[37.01435,47.50132,1,[58.999,47.64582]]],[358,[35.56865,59.87692,2,[57.99908,43.58804]]],[396,[37.3371,55.94943,1,[57.99902,45.75693]]],[361,[35.93416,64.67762,2,[57.99908,41.73075]]],[295,[34.04568,57.05507,2,[57.99907,46.25323]]],[343,[35.2023,63.75433,2,[57.99908,41.4334]]],[218,[21.80268,34.57026,1,[58.99912,50.51375]]],[395,[37.60481,56.22542,1,[57.99903,44.82136]]],[384,[37.95467,52.77596,1,[57.999,46.55278]]],[311,[36.6875,43.24757,1,[58.999,48.60744]]],[362,[36.56882,67.6257,2,[57.383,41.0004]]],[423,[38.27146,57.04259,1,[57.99901,45.60384]]],[270,[34.85179,60.651,2,[57.9992,45.47442]]],[272,[35.44588,65.68811,2,[56.99908,39.5905]]],[299,[36.25286,65.55794,2,[56.9991,39.77853]]],[439,[36.79401,59.54166,1,[57.999,44.71547]]],[143,[26.24945,52.03763,2,[57.99907,42.89586]]],[282,[25.52947,40.31782,1,[58.999,48.75358]]],[335,[39.12551,51.0195,1,[57.99901,45.65722]]],[438,[38.61132,59.75701,1,[57.999,44.65774]]],[345,[36.04433,67.48402,2,[56.99909,40.87261]]],[269,[35.68998,59.24473,2,[57.99908,45.68631]]],[235,[30.00643,54.14739,2,[57.99906,45.69101]]],[469,[37.97733,62.5271,1,[57.99902,43.9685]]],[376,[37.17996,68.33386,2,[57.66516,41.00036]]],[394,[39.90176,55.80995,1,[57.999,45.47899]]],[407,[39.37215,57.31422,1,[57.999,44.54541]]],[296,[35.46093,57.98621,2,[57.99907,46.60923]]],[310,[38.79018,46.8748,1,[57.999,46.62198]]],[320,[34.42301,56.0643,2,[58.99907,47.15487]]],[359,[35.70635,62.18907,2,[57.99909,42.61671]]],[373,[37.06646,61.72968,1,[57.99907,43.76273]]],[307,[39.68487,46.87363,1,[57.999,46.56023]]],[312,[39.51053,45.89194,1,[58.999,47.56972]]],[319,[33.44789,54.93054,2,[58.99907,47.01756]]],[324,[37.04208,66.77319,2,[56.99907,39.98839]]],[375,[38.27431,68.35989,2,[56.99907,40.87439]]],[424,[38.19044,64.3904,1,[57.99908,42.97763]]],[294,[33.36094,55.78262,2,[57.99907,46.18125]]],[247,[37.89279,35.54178,1,[58.999,47.57272]]],[174,[27.78396,53.3281,2,[57.99908,44.91505]]],[114,[26.87087,53.35137,2,[57.99909,42.78885]]],[308,[40.47241,48.0397,1,[58.999,47.3886]]],[368,[38.94168,49.61055,1,[58.999,48.64077]]],[372,[36.25253,59.67408,1,[57.99904,43.76161]]],[422,[40.11535,59.26124,1,[57.99903,44.39518]]],[374,[37.59405,64.1897,2,[57.99905,41.92109]]],[382,[38.65943,50.97258,1,[58.999,47.60249]]],[219,[33.02563,35.64139,1,[58.99901,49.611]]],[393,[40.51633,55.36107,1,[57.99901,46.60743]]],[408,[37.39758,58.1582,1,[57.99907,42.98828]]],[236,[30.83168,55.3608,2,[57.99907,45.95958]]],[113,[26.2714,52.17389,2,[57.99907,41.84893]]],[248,[36.76342,34.75011,1,[58.999,49.65631]]],[276,[41.37878,37.26063,1,[57.999,46.22602]]],[360,[36.76253,64.9599,2,[57.99907,41.97106]]],[313,[41.16901,46.25147,1,[58.999,48.11858]]],[454,[36.48033,61.95436,1,[57.99905,42.84983]]],[309,[40.14765,45.62486,1,[58.999,48.42545]]],[252,[39.68193,38.82022,1,[58.99901,49.48666]]],[453,[38.86176,62.25167,1,[57.999,43.5117]]],[163,[20.75071,39.54352,1,[58.99902,48.05553]]],[250,[38.33023,37.05704,1,[58.999,49.57803]]],[409,[36.10855,57.99181,1,[57.99904,44.75314]]],[369,[42.83998,52.83497,1,[58.01427,47.00019]]],[278,[41.42855,38.42514,1,[58.999,47.00364]]],[193,[21.54945,39.51705,1,[58.99906,48.16411]]],[189,[26.0252,35.94055,1,[58.999,50.59097]]],[406,[40.69012,55.97892,1,[57.99901,45.40318]]],[220,[42.75488,38.38427,1,[58.99901,49.68184]]],[354,[33.8583,51.9814,1,[58.99911,49.00343]]],[367,[37.66587,48.34438,1,[58.999,48.60758]]],[437,[39.68229,62.36472,1,[57.999,43.26817]]],[190,[28.78227,36.40139,1,[58.99932,49.95082]]],[254,[24.70101,41.03199,1,[58.999,48.6623]]],[383,[42.18631,50.1091,1,[58.99906,48.12283]]],[33,[23.76269,47.19556,1,[56.99911,39.48964]]],[279,[42.2509,41.53756,1,[57.99901,45.71937]]],[145,[28.05336,54.41259,2,[57.99909,44.05774]]],[188,[17.89754,34.0902,1,[58.99904,50.03102]]],[275,[43.62378,33.11373,1,[58.99923,48.14209]]],[484,[38.34755,64.79573,1,[57.99908,41.74143]]],[208,[32.02763,57.44477,2,[57.99913,45.16766]]],[277,[41.32914,36.01925,1,[58.99903,49.16188]]],[287,[43.07635,47.42948,1,[58.99901,47.30873]]],[468,[39.09141,64.79443,1,[57.99901,42.22046]]],[334,[40.76302,53.32652,1,[57.99902,43.8489]]],[421,[41.46269,58.56659,1,[57.999,44.85772]]],[112,[25.66013,51.10678,1,[57.99905,41.25999]]],[110,[25.04873,49.90168,1,[56.99904,40.19278]]],[341,[36.5593,58.60602,2,[57.99901,45.72903]]]
3:[245,[33.82279,66.82869,1,[48.00019,80.47705]]],[215,[36.57482,72.28553,1,[48.00064,83.22082]]],[216,[34.45192,67.11945,1,[48.70269,80.00098]]],[186,[35.46798,70.36897,1,[48.00055,81.42408]]],[156,[37.15485,73.80193,1,[48.00053,82.96985]]],[187,[34.7546,66.92226,1,[49.00026,78.40697]]],[157,[35.58536,70.48872,1,[48.0003,80.27032]]],[127,[37.15759,73.75751,1,[48.00054,81.83517]]],[185,[38.29842,75.10606,1,[48.00061,83.52654]]],[128,[36.40052,71.78552,1,[48.59205,80.00093]]],[126,[38.23321,75.4547,1,[48.0007,82.27086]]],[155,[39.13429,77.1082,1,[48.00054,83.4808]]],[158,[34.85936,66.74352,1,[49.00039,76.69383]]],[98,[37.13808,73.47572,1,[48.00053,80.30845]]],[96,[39.10162,77.14353,1,[48.00063,82.19048]]],[99,[36.67222,72.02695,1,[49.00032,79.05721]]],[97,[37.99809,74.99467,1,[48.00096,80.81354]]],[125,[39.99833,79.08308,1,[48.00071,83.368]]],[69,[39.22691,76.58051,1,[48.0006,81.25034]]],[70,[37.85293,74.87459,1,[48.92307,80.00081]]],[46,[38.44115,76.46047,1,[48.12365,80.00072]]],[68,[40.56749,79.68417,1,[48.00066,83.20214]]],[45,[40.01681,79.05084,1,[48.00063,81.59163]]],[100,[38.22566,73.96754,1,[49.00063,79.24572]]],[71,[36.19409,71.25429,1,[49.00033,76.83508]]],[129,[36.47007,67.62262,1,[49.00039,76.05424]]],[95,[41.25014,80.64481,1,[48.00055,83.25968]]],[72,[39.31748,76.57991,1,[48.00072,80.09584]]],[73,[39.18636,76.81997,1,[49.00059,79.45603]]],[47,[41.0474,80.41223,1,[48.00064,81.85878]]],[48,[40.30572,80.00066,1,[48.00075,80.50414]]],[101,[37.52625,72.14069,1,[49.00039,76.75143]]],[44,[41.98025,81.55924,1,[48.00072,83.40177]]],[102,[40.13734,77.80515,1,[49.00065,79.96179]]],[25,[41.96002,81.91705,1,[48.00076,82.12546]]],[74,[41.19645,80.89735,1,[48.00069,80.69049]]],[67,[42.92858,82.3055,1,[48.00072,83.51235]]],[24,[42.76282,83.85411,1,[48.00091,82.14243]]],[131,[38.41643,71.34172,1,[49.0004,76.87276]]],[75,[40.86058,80.84212,1,[48.64521,80.00072]]],[49,[41.99855,82.51276,1,[48.00075,80.98442]]],[43,[43.71618,84.40971,1,[48.00073,83.32452]]],[26,[43.126,83.1452,1,[48.00074,81.51216]]],[104,[40.83818,79.15936,1,[49.00056,78.88298]]],[76,[41.75819,82.26321,1,[48.56274,80.00066]]],[103,[39.95661,77.32598,1,[49.0004,78.50824]]],[27,[43.83637,84.98896,1,[48.00094,82.14962]]],[135,[42.30143,82.34784,1,[48.00071,80.10643]]],[130,[39.18729,68.98067,1,[49.00046,75.93382]]],[134,[41.46178,78.26316,1,[49.00072,78.7723]]],[23,[44.78198,86.83448,1,[48.0007,83.43147]]],[50,[43.78024,84.88467,1,[48.00093,81.03393]]],[105,[42.99345,83.59467,1,[48.00056,80.16568]]],[8,[44.78574,85.68621,1,[48.00087,82.40553]]],[106,[43.82661,85.75295,1,[48.73994,80.00066]]],[162,[40.03454,72.08204,1,[49.00045,76.35278]]],[165,[42.30972,81.32343,1,[49.00069,79.39603]]],[194,[42.9487,80.089,1,[49.00053,79.47675]]],[29,[45.31062,88.00588,1,[48.00064,81.86408]]],[223,[41.46169,74.42451,1,[49.00042,76.67667]]],[7,[45.93626,88.68435,1,[48.00066,83.54061]]],[28,[44.48994,86.60529,1,[48.0009,81.14569]]],[132,[40.6968,72.15038,1,[49.00046,76.32213]]],[166,[43.38853,82.59647,1,[49.00075,78.79513]]],[77,[44.97719,86.71158,1,[48.00093,80.46176]]],[51,[44.1011,85.06283,1,[48.01781,80.00043]]],[10,[46.05777,88.61897,1,[48.00058,81.93623]]],[224,[42.36864,76.57497,1,[49.00055,77.25164]]],[136,[45.20012,85.85738,1,[49.00066,79.94947]]],[167,[45.83498,87.60838,1,[48.00089,80.69604]]],[225,[43.48083,78.04344,1,[49.0006,77.76932]]],[9,[47.37288,89.14294,1,[48.00084,83.55632]]],[191,[42.05112,69.15977,1,[49.00052,75.41049]]],[168,[45.85543,88.0038,1,[48.82463,80.00051]]],[138,[46.58907,90.09766,1,[48.00077,80.61801]]],[195,[44.43259,81.28878,1,[49.00091,79.25671]]],[78,[46.72309,89.88993,1,[48.00074,81.85959]]],[197,[45.16718,83.46324,1,[49.00072,78.80478]]],[169,[46.46867,91.1818,1,[48.81785,80.00069]]],[137,[47.41652,90.44581,1,[48.00077,81.75133]]],[196,[44.23996,79.29241,1,[49.00065,77.35584]]],[199,[45.7953,88.14366,1,[49.00083,78.85088]]],[228,[46.47766,85.39326,1,[49.00072,78.9127]]],[229,[47.03876,89.56081,1,[48.56923,80.00073]]],[221,[43.05331,70.34468,1,[49.00067,75.97163]]],[30,[48.45346,90.89204,1,[48.00055,83.27587]]],[201,[47.77431,93.18224,1,[48.73045,80.0006]]],[198,[45.0185,83.53175,1,[49.00077,77.51244]]],[222,[45.64776,73.288,1,[49.00069,77.39615]]],[52,[48.36571,91.62482,1,[48.00078,82.21076]]],[11,[49.73838,91.42967,1,[48.00071,83.45757]]],[108,[47.48818,92.39565,1,[48.00074,80.72569]]],[227,[43.77934,78.63326,1,[49.0004,75.52393]]],[257,[47.13874,82.55507,1,[49.00074,79.04547]]],[164,[44.43239,75.09223,1,[49.00051,75.51778]]],[107,[48.57251,92.17476,1,[48.00071,81.37026]]],[230,[48.0536,93.21014,1,[48.05612,80.00069]]],[53,[49.88871,93.57883,1,[48.00084,82.53883]]],[258,[47.72011,84.42249,1,[49.00076,78.83583]]],[255,[46.36186,77.32011,1,[49.00074,77.54259]]],[171,[48.69738,95.13942,1,[48.0009,80.22248]]],[139,[49.33301,95.36987,1,[48.00084,81.29426]]],[231,[48.54805,91.03145,1,[49.00076,79.56173]]],[259,[46.92892,83.20922,1,[49.0006,77.35191]]],[226,[45.05278,75.73614,1,[49.00051,75.32205]]],[200,[49.59824,95.9823,1,[48.00087,80.49137]]],[79,[50.34184,95.49894,1,[48.00083,81.83401]]],[12,[51.35186,93.65867,1,[48.00094,83.65379]]],[260,[49.33931,90.26412,1,[49.00065,79.83063]]],[256,[47.63167,79.83826,1,[49.00076,77.28255]]],[170,[50.3541,97.3951,1,[48.0009,80.73161]]],[161,[45.95419,69.42302,1,[49.00039,75.51077]]],[80,[51.14397,96.8962,1,[48.00077,81.41682]]],[202,[50.09043,95.22246,1,[49.00069,79.89252]]],[13,[51.82252,94.67669,1,[48.00078,82.72339]]],[261,[48.44322,88.44192,1,[49.00076,78.33793]]],[232,[50.87002,93.36974,1,[48.94843,80.00046]]],[173,[50.99501,96.5021,1,[48.00092,80.18646]]],[262,[49.36192,90.7644,1,[49.00078,78.71625]]],[251,[46.86309,71.00285,1,[49.00048,75.65869]]],[109,[51.75434,98.48846,1,[48.00096,80.79156]]],[288,[50.12952,88.27115,1,[49.00078,78.82062]]],[284,[48.63126,78.6912,1,[49.00084,77.44778]]],[289,[51.74195,90.09861,1,[49.00078,79.86679]]],[249,[49.3105,70.44312,1,[49.00072,77.376]]],[31,[52.23815,95.71037,1,[48.00066,82.07349]]],[2,[53.17465,94.09348,1,[48.00085,82.4177]]],[366,[50.87676,84.9463,1,[49.00077,78.84206]]],[133,[47.67258,74.06953,1,[49.00051,75.96961]]],[32,[52.56701,97.1494,1,[48.00084,81.17157]]],[314,[50.09078,84.81271,1,[49.00077,77.45386]]],[1,[54.38939,97.05141,1,[48.00058,83.05355]]],[15,[53.38988,98.86911,1,[48.00071,81.46301]]],[192,[48.29824,71.16827,1,[49.00071,75.53626]]],[317,[51.1469,89.13866,1,[49.00076,78.0863]]],[159,[49.19065,68.30318,1,[49.00068,75.74702]]],[203,[52.16772,96.33766,1,[48.32504,80.00062]]],[0,[53.38462,91.68851,1,[48.00096,83.57234]]],[263,[53.54652,94.46555,1,[48.00068,80.40007]]],[172,[52.71405,97.56844,1,[48.00091,80.13056]]],[292,[52.04247,90.78987,1,[49.00076,79.1025]]],[3,[55.18217,99.91032,1,[48.00024,82.0007]]],[253,[50.11869,72.8226,1,[49.00068,76.15222]]],[5,[54.33603,98.09953,1,[48.00078,81.91691]]],[291,[52.80278,92.13934,1,[49.00086,79.45857]]],[265,[53.63344,94.01027,1,[49.00074,79.70474]]],[336,[52.00843,87.27234,1,[49.00077,77.94891]]],[141,[54.57689,99.99962,1,[48.00096,80.87504]]],[54,[55.69812,102.1032,1,[48.0007,83.42177]]],[315,[52.70168,86.5535,1,[49.00082,78.12627]]],[338,[54.20136,93.43729,1,[48.31008,80.00043]]],[316,[51.11798,85.17002,1,[49.00077,76.74581]]],[264,[54.94949,94.4785,1,[48.00095,80.01495]]],[4,[56.32066,103.2994,1,[48.00088,82.98009]]],[246,[51.71581,65.57224,1,[49.00064,76.29569]]],[140,[55.61631,102.968,1,[48.00078,81.46201]]],[337,[54.1114,90.95151,1,[49.00088,79.17951]]],[81,[56.455,105.3878,1,[48.00096,81.92291]]],[55,[57.21925,106.65,1,[48.00076,82.11892]]],[14,[57.32523,102.9713,1,[48.00069,83.56155]]],[283,[53.18116,77.76122,1,[49.00082,77.79047]]],[318,[55.69421,96.35648,1,[48.00072,80.26013]]],[142,[56.50227,102.015,1,[48.00097,80.80405]]],[233,[58.05285,100.4182,1,[48.00068,82.14096]]],[355,[54.93507,93.421,1,[49.00092,79.37131]]],[381,[55.74087,85.76412,1,[49.0007,79.52077]]],[339,[57.35294,93.50291,1,[48.00084,81.13304]]],[6,[58.05286,107.3393,1,[48.00051,83.34246]]],[160,[56.24113,72.78768,1,[49.00061,79.07792]]],[234,[58.88659,101.7808,1,[48.00076,83.42772]]],[286,[53.94184,79.5631,1,[49.00052,77.79808]]],[281,[54.60923,74.25215,1,[49.00062,77.55915]]],[293,[58.71561,97.81625,1,[48.00074,82.13148]]],[280,[57.17449,76.69447,1,[48.85976,80.00069]]],[356,[57.77068,94.19983,1,[48.00063,80.5688]]],[357,[59.37328,98.49963,1,[48.00071,81.96871]]],[217,[55.65736,66.67285,1,[49.00045,76.90884]]],[385,[58.06427,90.78815,1,[48.94859,80.00076]]],[290,[59.84867,98.74756,1,[48.0007,83.4456]]],[371,[58.48496,94.30405,1,[48.00062,80.5014]]],[340,[60.2088,99.79424,1,[48.00094,82.73756]]],[285,[58.85236,81.40814,1,[48.82786,80.00084]]],[370,[56.7232,88.04856,1,[49.00033,77.48597]]],[111,[60.97616,109.316,1,[48.00094,82.89236]]],[365,[59.33612,87.98486,1,[48.00065,80.72112]]],[396,[60.19242,98.39762,1,[48.00091,81.55932]]],[218,[57.0275,67.4894,1,[49.00024,76.74544]]],[395,[61.24041,100.6646,1,[48.00068,82.19581]]],[384,[59.55144,92.02144,1,[48.65269,80.00077]]],[311,[58.45753,79.3081,1,[49.00048,78.26997]]],[423,[60.68358,99.04504,1,[48.0009,80.85534]]],[439,[62.15795,106.2831,1,[48.00058,83.581]]],[282,[57.84019,75.77287,1,[49.00044,75.93907]]],[335,[60.20409,91.5289,1,[48.31427,80.00063]]],[438,[61.50218,103.8234,1,[48.00077,81.42136]]],[469,[62.3211,108.6744,1,[48.00066,82.54505]]],[394,[61.02664,96.53358,1,[48.3044,80.00068]]],[407,[62.35508,101.6459,1,[48.00068,81.47206]]],[310,[59.52905,84.52429,1,[49.0006,78.85677]]],[373,[63.31604,109.6368,1,[48.00066,83.55993]]],[307,[60.5229,84.83319,1,[49.00068,79.27084]]],[312,[61.57696,85.41959,1,[48.20088,80.00082]]],[424,[62.99836,111.8636,1,[48.00087,81.51957]]],[247,[58.82456,70.20786,1,[49.00043,76.59769]]],[308,[62.29889,88.87653,1,[48.4139,80.00082]]],[368,[61.05881,86.66496,1,[49.00071,78.89428]]],[372,[64.01578,109.1818,1,[48.00049,83.2016]]],[422,[63.64616,104.839,1,[48.00079,81.65399]]],[382,[59.58941,85.80395,1,[49.00042,76.79038]]],[219,[61.849,72.45426,1,[49.00063,79.09911]]],[393,[62.8109,96.97177,1,[48.00086,80.30723]]],[408,[64.47436,107.3114,1,[48.00077,82.2652]]],[248,[59.99025,67.55722,1,[49.00042,76.11715]]],[276,[63.72349,79.71569,1,[48.00082,80.59619]]],[313,[62.68933,84.49102,1,[49.00057,79.34724]]],[454,[65.14693,113.0625,1,[48.00068,81.87871]]],[309,[63.51632,85.64877,1,[48.78799,80.00064]]],[252,[61.0759,72.67263,1,[49.00055,76.87148]]],[453,[64.42217,109.9385,1,[48.00086,81.11167]]],[163,[61.89443,75.63736,1,[49.00044,77.16431]]],[250,[63.23161,74.04017,1,[49.00077,78.68737]]],[409,[65.91753,107.5008,1,[48.00094,82.4671]]],[369,[64.16177,92.99247,1,[48.40825,80.00058]]],[278,[65.1222,81.37906,1,[48.00069,80.71532]]],[193,[62.09385,74.27293,1,[49.00049,76.20493]]],[189,[64.02263,72.05856,1,[49.00082,79.07419]]],[406,[65.95392,101.667,1,[48.00093,81.37944]]],[220,[65.03484,77.67183,1,[48.82166,80.00074]]],[354,[63.13937,86.29915,1,[49.00056,76.75298]]],[367,[64.7624,87.5034,1,[49.00077,78.6693]]],[437,[66.77572,111.8261,1,[48.00091,81.77909]]],[190,[65.70661,78.48236,1,[48.76273,80.00074]]],[254,[64.03743,76.96731,1,[49.00074,76.92365]]],[383,[66.08547,90.9994,1,[48.00091,80.35158]]],[33,[67.87978,112.9312,1,[48.00073,83.10613]]],[279,[67.16193,86.70136,1,[48.0008,81.10828]]],[188,[65.63479,70.43997,1,[49.00075,78.49203]]],[275,[67.23605,75.95929,1,[48.62902,80.00063]]],[484,[67.95393,117.3955,1,[48.001,82.00778]]],[277,[66.52921,74.83327,1,[49.00095,79.34855]]],[287,[67.71321,92.67266,1,[48.00095,80.08906]]],[468,[68.96458,118.8581,1,[48.00081,82.9919]]],[334,[69.86385,104.0356,1,[48.00085,82.51978]]],[421,[68.68307,106.4798,1,[48.00079,81.41105]]],[112,[71.41867,124.088,1,[48.00077,82.38374]]],[110,[72.40486,125.3913,1,[48.0007,82.41077]]],[341,[66.15079,105.899,2,[48.00098,83.60451]]]
2:[85,[58.20661,115.6799,2,[32.0442,95.001]]],[84,[58.32514,116.2308,2,[30.88845,95.001]]],[83,[57.9011,115.6556,2,[29.73476,94.00097]]],[116,[59.17354,116.1061,2,[31.75666,95.00098]]],[86,[59.13273,117.753,2,[30.45276,95.00099]]],[87,[59.66787,117.8588,2,[31.07722,95.001]]],[58,[58.89767,117.3672,2,[29.45023,94.001]]],[204,[60.11295,112.5904,2,[31.99192,95.00099]]],[82,[58.45461,116.3248,1,[28.7085,94.00099]]],[59,[59.47234,118.0863,2,[29.82866,94.001]]],[88,[60.407,118.4467,2,[31.00925,95.00099]]],[57,[59.22222,118.0252,2,[28.36602,94.001]]],[175,[60.98533,114.9939,2,[31.89543,95.001]]],[60,[60.16808,118.3014,2,[29.87287,94.00099]]],[61,[61.10068,119.7383,2,[30.82772,95.001]]],[115,[61.47757,115.7674,2,[32.47946,95.00099]]],[35,[60.34899,118.909,2,[28.87545,94.00099]]],[56,[59.82742,118.8293,2,[28.36561,94.001]]],[147,[61.62298,117.8269,2,[31.28267,95.001]]],[37,[60.90565,119.4726,2,[29.9208,94.001]]],[146,[62.0499,116.7089,2,[32.12633,95.001]]],[117,[62.0359,119.5253,2,[30.52871,95.001]]],[36,[60.96308,119.7808,2,[28.80837,94.001]]],[177,[62.44397,116.7081,2,[31.27987,95.001]]],[176,[62.59821,115.3355,2,[32.48684,95.001]]],[38,[61.4617,120.9281,2,[29.39565,94.001]]],[34,[60.62423,119.7915,2,[27.88068,94.001]]],[89,[62.03857,121.0312,2,[29.90695,94.001]]],[118,[62.95137,120.1313,2,[30.63249,95.001]]],[148,[63.08862,118.0956,2,[31.71655,95.001]]],[18,[61.99564,122.0456,2,[28.80405,94.001]]],[16,[61.41658,120.5567,2,[28.07263,94.001]]],[178,[63.54949,116.8671,2,[32.57181,95.001]]],[119,[63.51835,120.6024,2,[30.72145,95.00099]]],[149,[63.83419,119.1683,2,[31.68058,95.001]]],[90,[62.86368,121.7265,2,[29.62489,94.00098]]],[266,[64.38687,113.4779,2,[32.58,95.001]]],[39,[62.6158,123.3352,2,[28.76651,94.00098]]],[120,[64.08742,123.1264,2,[30.6153,95.001]]],[150,[64.40868,121.5755,2,[31.49953,95.001]]],[17,[62.30453,122.9398,2,[27.83976,94.001]]],[63,[63.43761,122.8631,2,[29.55669,94.001]]],[180,[64.92111,120.4794,2,[31.98584,95.001]]],[121,[64.00353,122.9095,2,[29.87721,94.001]]],[238,[64.87312,118.2746,2,[30.83538,95.001]]],[62,[63.39232,122.8349,2,[28.46791,94.001]]],[40,[63.96387,124.7814,2,[28.78946,94.001]]],[205,[65.46648,114.403,2,[32.42607,95.001]]],[209,[65.42417,119.0472,2,[31.29555,95.001]]],[19,[62.96186,124.445,2,[27.73904,94.001]]],[151,[65.31255,123.1584,2,[30.12608,95.001]]],[91,[64.51086,123.4423,2,[29.12787,94.001]]],[179,[66.01736,118.7085,2,[31.50128,95.001]]],[207,[66.15561,115.5963,2,[32.57344,95.001]]],[152,[65.89305,125.3476,2,[30.40287,95.001]]],[20,[63.90411,126.2281,2,[27.69707,94.001]]],[64,[64.52846,125.6655,2,[27.96193,94.001]]],[92,[65.21927,124.3393,2,[29.24558,94.001]]],[240,[66.70933,120.1357,2,[32.01455,95.001]]],[267,[66.51808,116.4415,2,[30.96799,95.001]]],[122,[65.91423,125.9813,2,[29.8611,94.001]]],[65,[65.0678,126.2028,2,[28.16884,94.001]]],[144,[67.31087,114.0601,2,[32.32788,95.001]]],[211,[67.0961,122.5472,2,[31.15129,95.001]]],[41,[65.75494,126.8686,2,[28.82526,94.001]]],[210,[66.48724,121.0204,2,[29.88629,94.00099]]],[239,[67.71074,117.9626,2,[31.35512,95.001]]],[93,[66.39819,127.5929,2,[28.78974,94.00099]]],[181,[67.5524,124.6363,2,[30.22562,95.001]]],[206,[67.95753,114.6756,2,[32.45148,95.001]]],[21,[65.59415,127.2981,2,[27.77452,94.001]]],[22,[66.25288,128.0113,2,[27.69957,94.00099]]],[212,[67.00803,128.6056,2,[29.05398,94.001]]],[271,[68.12072,124.6199,2,[30.38329,95.001]]],[297,[68.33871,120.3214,2,[31.41027,95.001]]],[237,[68.73716,115.7778,2,[32.31546,95.001]]],[42,[66.92736,129.0979,2,[27.95454,94.001]]],[241,[67.59367,125.6921,2,[29.10827,94.00099]]],[322,[68.80333,122.5034,2,[30.63443,95.001]]],[321,[69.15811,118.7652,2,[31.48162,95.001]]],[323,[68.08365,125.6647,2,[29.68664,94.001]]],[268,[69.58885,115.723,2,[32.27175,95.001]]],[344,[68.73704,128.7618,2,[29.91171,94.001]]],[342,[69.63728,124.0853,2,[30.80721,95.001]]],[242,[68.51454,128.4087,2,[28.91594,94.001]]],[182,[67.60773,130.7697,2,[28.00762,94.00099]]],[298,[68.26177,129.1673,2,[27.94755,94.001]]],[358,[70.10267,120.7403,2,[31.53151,95.001]]],[361,[69.47196,127.1011,2,[29.94666,94.001]]],[295,[70.50043,114.7127,2,[32.42593,95.001]]],[343,[69.21562,127.0267,2,[28.96428,94.001]]],[362,[70.53538,130.9516,2,[30.61481,95.001]]],[270,[70.96008,119.5664,2,[31.68369,95.00098]]],[272,[68.9672,130.7536,2,[27.97119,94.001]]],[299,[69.90926,129.7686,2,[29.11473,94.001]]],[143,[71.6403,116.7925,2,[32.17054,95.001]]],[345,[69.7593,131.8633,2,[28.04022,94.001]]],[269,[71.17498,118.7466,2,[30.22176,95.001]]],[235,[71.52228,113.8399,2,[31.08808,95.001]]],[376,[70.46283,131.6576,2,[29.33766,94.00098]]],[296,[72.18346,117.3819,2,[31.23091,95.00098]]],[320,[72.00642,115.4284,2,[30.1188,95.00098]]],[359,[71.21205,124.0338,2,[29.38671,94.00099]]],[319,[72.59979,113.4013,2,[32.12001,95.001]]],[324,[70.52483,131.4018,2,[28.09643,94.001]]],[375,[71.08405,131.5542,2,[28.31223,94.00099]]],[294,[72.69665,119.0057,2,[30.28305,95.001]]],[174,[71.93951,120.6327,2,[29.30866,94.00098]]],[114,[73.3257,118.2962,2,[32.13766,95.00099]]],[213,[73.02291,143.9529,3,[31.12738,95.001]]],[374,[71.74763,128.0798,2,[28.2453,94.00099]]],[153,[72.65224,144.8285,3,[29.56178,94.00099]]],[236,[73.82233,117.6241,2,[31.29552,95.001]]],[113,[74.27396,119.1686,2,[32.05207,95.00098]]],[183,[73.66423,146.0575,3,[30.2349,95.001]]],[360,[72.52441,129.5062,2,[28.37076,94.001]]],[214,[74.62121,147.8388,3,[31.05054,95.00099]]],[123,[73.34276,146.3571,3,[29.09215,94.00099]]],[154,[73.97733,147.7549,3,[29.73833,94.00094]]],[243,[75.21344,145.4059,3,[31.85145,95.00099]]],[273,[75.29774,146.7608,3,[30.7208,95.00099]]],[66,[73.84514,147.3018,3,[28.30671,94.001]]],[274,[74.75381,148.6531,3,[29.60992,94.00097]]],[94,[74.47067,148.6921,3,[28.58734,94.00099]]],[301,[75.99297,147.9127,3,[31.92408,95.001]]],[302,[76.00528,151.0613,3,[30.76998,95.001]]],[184,[75.42973,149.5858,3,[29.62963,94.001]]],[124,[75.29552,150.1015,3,[28.41961,94.001]]],[300,[76.90942,147.2292,3,[31.6215,95.001]]],[325,[76.73434,151.3432,3,[30.37089,95.00099]]],[244,[76.19209,151.1013,3,[29.1745,94.00098]]],[145,[78.12318,115.0576,2,[32.12506,95.00099]]],[326,[77.80431,149.5298,3,[31.1068,95.00098]]],[346,[77.15422,152.8586,3,[29.99979,94.02327]]],[208,[78.71329,118.4961,2,[31.01541,95.00099]]],[341,[90.89024,145.4601,2,[31.2348,95.00091]]]
4:[213,[33.11629,65.81758,3,[58.99919,24.80898]]],[153,[32.73146,65.38352,3,[58.99903,23.54817]]],[183,[33.41187,66.11101,3,[58.99908,23.55875]]],[214,[34.18701,68.15394,3,[58.99915,23.58162]]],[123,[33.26998,66.45547,3,[57.9991,22.65111]]],[154,[34.20898,68.32957,3,[57.99914,22.77097]]],[243,[33.97729,67.11559,3,[58.9991,24.85367]]],[273,[34.78645,67.99757,3,[59.01432,25.00047]]],[66,[32.76439,65.40141,3,[57.99902,21.3936]]],[274,[34.82351,69.08207,3,[58.99904,23.45233]]],[94,[33.62906,67.13347,3,[57.99904,21.41962]]],[301,[35.51556,69.5206,3,[58.99917,24.81463]]],[302,[35.63377,70.8157,3,[58.99909,23.26851]]],[184,[35.11424,69.69759,3,[57.99916,22.44492]]],[124,[34.38446,68.45623,3,[57.9991,21.466]]],[300,[36.28278,68.89188,3,[58.99916,24.80057]]],[325,[36.26822,70.94803,3,[58.94436,23.00033]]],[244,[35.79903,70.75863,3,[57.99907,22.053]]],[326,[36.95176,70.44125,3,[58.99907,24.21424]]],[346,[37.29002,73.67348,3,[58.26467,23.00058]]]
7:[522,[32.95737,43.31718,0,[77.99915,93.50347]]],[549,[28.65335,38.55543,0,[77.63362,93.00053]]]

Travel Distances:
[515,75.36353],[528,75.61861],[501,75.17512],[516,76.76389],[500,75.36431],[486,76.87834],[485,77.03905],[472,78.11906],[471,76.68977],[487,79.27386],[473,79.91571],[488,78.76934],[456,78.67133],[502,77.73753],[474,80.18227],[458,81.97519],[504,81.05048],[443,81.44051],[459,82.94797],[457,80.602],[470,78.26269],[489,81.23788],[460,82.27084],[539,78.04131],[442,82.92398],[475,83.60045],[455,80.42879],[503,81.9235],[428,83.04774],[427,81.62681],[245,90.31342],[429,82.20181],[444,82.27457],[412,83.38207],[445,84.41273],[215,92.75598],[505,83.42746],[216,92.05228],[430,85.91003],[186,94.5121],[413,85.01309],[156,94.98254],[491,83.49298],[187,95.27206],[157,95.78484],[414,86.14367],[447,87.59402],[398,86.19981],[127,96.78118],[476,85.68816],[185,94.81953],[415,87.18309],[128,98.7534],[126,98.65944],[446,87.39853],[411,83.94122],[155,97.18974],[158,96.75669],[98,98.52277],[416,89.80924],[96,100.4613],[517,82.86991],[99,100.2129],[399,88.38729],[97,100.1469],[125,99.33932],[492,86.73131],[69,101.321],[70,102.7975],[46,103.2783],[490,88.6236],[387,89.95811],[68,100.6765],[45,101.9557],[431,89.3798],[100,100.6072],[71,102.3591],[129,100.3377],[350,90.18339],[95,101.9396],[72,102.8148],[529,85.07045],[397,86.86858],[518,85.71829],[73,104.2688],[47,103.066],[400,89.85373],[48,106.5188],[101,104.8723],[44,102.5966],[102,105.2788],[386,89.41375],[25,104.8199],[329,88.60391],[74,105.9327],[67,101.9117],[388,90.72141],[440,82.37923],[24,107.6087],[131,103.8956],[75,108.6787],[49,108.0554],[43,105.1195],[433,91.76312],[401,89.72141],[26,106.5396],[104,107.0706],[461,89.6759],[76,110.0347],[103,108.8191],[349,90.93663],[27,108.0789],[135,108.6938],[130,101.2776],[134,106.7787],[441,82.46406],[352,89.45911],[23,106.8492],[331,89.59098],[50,108.3609],[493,91.93291],[105,110.4207],[8,107.6573],[106,111.3346],[162,105.6892],[165,109.7671],[410,85.83094],[506,88.80886],[194,106.7136],[540,86.42811],[29,112.0273],[223,106.7878],[348,87.73553],[7,109.4707],[28,112.4342],[132,106.5516],[351,93.08059],[166,111.4154],[77,111.234],[51,112.0916],[10,110.0692],[330,88.84722],[332,89.64645],[389,91.94741],[224,109.161],[136,112.3326],[167,112.3099],[225,108.3422],[532,88.77748],[9,109.2861],[353,91.32082],[191,102.6573],[303,91.52322],[168,113.4459],[138,115.7139],[195,110.6189],[78,112.9539],[347,86.80564],[197,111.7891],[425,87.83116],[169,116.9369],[463,91.27413],[377,90.64415],[137,112.832],[196,110.2878],[390,94.21336],[85,121.1136],[199,117.9334],[228,113.9289],[229,115.6599],[221,105.1496],[403,93.24657],[30,111.4596],[419,94.50027],[84,121.5151],[201,119.0138],[198,115.2738],[222,103.7829],[405,94.43832],[52,113.2113],[83,123.7821],[116,121.7055],[11,112.1788],[108,117.7928],[227,114.8398],[86,123.4733],[257,111.3544],[164,109.793],[107,115.3408],[328,89.12708],[482,94.34481],[87,122.4157],[230,119.0201],[58,125.537],[53,115.9586],[363,95.19743],[204,118.1355],[258,114.0616],[327,91.42828],[82,125.1168],[255,110.0775],[171,121.8386],[450,96.54015],[139,119.4765],[449,94.80629],[59,125.0372],[231,118.9935],[88,123.5429],[57,125.5432],[259,114.237],[226,110.8659],[175,119.0093],[200,122.7385],[379,93.38988],[404,95.79333],[79,119.4983],[12,114.7911],[60,125.9352],[260,118.3041],[61,125.5217],[115,120.5709],[256,112.0156],[392,96.46483],[170,122.3671],[161,104.7828],[80,120.0256],[202,121.7372],[35,126.1691],[56,127.1371],[147,122.4514],[466,95.7705],[37,125.6392],[306,92.28033],[146,122.3116],[13,116.6415],[261,119.7356],[232,120.5508],[173,122.5809],[418,97.69983],[117,125.369],[262,120.3438],[251,106.8425],[36,127.827],[109,122.5005],[177,121.642],[176,119.6678],[380,95.65958],[38,127.9451],[288,116.4994],[284,110.8513],[289,115.095],[34,128.4946],[498,97.55865],[249,103.2989],[31,118.396],[89,128.7681],[118,126.1514],[2,117.2818],[148,123.4977],[366,113.506],[452,99.55713],[133,109.8289],[451,96.80284],[32,122.4476],[18,130.0054],[314,116.0794],[16,129.6334],[378,97.66371],[178,121.1357],[119,125.5326],[1,117.5452],[15,123.7449],[149,125.2467],[192,107.6749],[317,120.1417],[90,129.9083],[333,94.71246],[530,88.96533],[497,99.22009],[159,103.0945],[203,124.2069],[266,118.4063],[39,132.0195],[120,128.8994],[0,111.9316],[150,126.5652],[263,119.174],[304,91.43488],[420,96.16701],[17,132.239],[63,129.9281],[172,123.2945],[292,120.0108],[180,124.3469],[467,98.11349],[547,95.07273],[3,123.6573],[121,130.6685],[253,107.8361],[238,124.2571],[5,120.9325],[291,120.6627],[265,120.8956],[512,96.07599],[62,131.9139],[40,132.7772],[205,118.968],[209,123.9114],[336,118.6261],[19,134.3705],[141,124.7965],[151,128.4609],[54,122.2992],[315,115.8703],[514,97.49047],[402,93.03073],[417,96.95248],[338,122.107],[91,132.1501],[179,124.3436],[207,120.7714],[316,120.1289],[152,131.4061],[513,97.79498],[264,121.3393],[4,124.6855],[246,98.88245],[140,126.917],[20,136.2842],[64,134.5335],[92,131.8058],[435,98.53837],[337,119.6589],[240,124.3271],[267,121.1661],[483,97.35797],[81,130.4671],[55,130.621],[122,134.0483],[479,97.9062],[531,92.02738],[14,124.1447],[283,110.8885],[65,135.7731],[144,118.9998],[211,128.0699],[318,123.8427],[545,93.45608],[41,135.2673],[210,127.9798],[142,127.8638],[233,122.9596],[355,122.375],[239,122.3516],[305,90.53057],[538,97.78226],[93,134.7254],[381,113.1572],[339,119.6552],[181,131.4013],[206,120.1669],[6,128.4761],[160,101.3116],[432,94.60272],[21,137.9581],[22,137.3638],[212,136.5006],[364,94.1945],[465,98.68025],[234,122.6635],[286,113.2454],[271,130.2835],[297,125.3205],[281,105.2292],[237,120.0154],[293,119.2464],[280,103.2892],[477,92.50343],[356,120.4216],[426,88.10406],[42,139.0346],[241,134.4497],[322,128.6453],[321,124.1899],[323,133.3783],[357,121.8983],[550,88.69331],[217,98.85727],[385,118.0755],[544,94.24255],[290,119.0917],[436,97.2905],[371,119.6324],[268,120.0091],[344,134.9859],[340,121.6173],[342,128.6199],[242,137.1748],[478,97.28002],[182,141.4607],[285,109.481],[370,120.4459],[507,96.56134],[111,130.9383],[298,138.5864],[365,114.2404],[548,91.62367],[358,126.0417],[551,94.24007],[396,122.8416],[361,134.03],[295,119.3359],[343,134.5231],[218,99.0356],[395,122.6123],[384,117.9626],[311,108.104],[362,137.5324],[423,124.7322],[541,94.29606],[270,125.3176],[495,98.01243],[527,100.3995],[272,140.6969],[299,137.8725],[439,126.8486],[553,93.86548],[143,121.3159],[282,107.9453],[335,118.144],[438,127.5209],[345,140.2832],[269,124.3354],[235,118.6826],[464,97.92553],[469,129.4427],[448,98.36067],[376,140.6036],[552,95.16818],[394,123.76],[543,91.58593],[407,125.8256],[296,122.9033],[310,114.2291],[320,121.3204],[359,131.5348],[373,129.955],[434,96.90218],[307,112.7412],[312,111.2916],[319,117.8198],[546,94.57118],[324,140.2777],[375,139.2686],[424,134.2782],[294,125.581],[509,99.41295],[247,103.6376],[174,128.6868],[114,123.4015],[308,115.1121],[368,116.0376],[372,130.1324],[499,100.8801],[213,149.3242],[422,128.1052],[535,96.26699],[374,136.44],[382,118.411],[153,151.4652],[219,99.85785],[537,98.33853],[393,124.0114],[408,130.098],[236,123.7384],[113,124.5492],[248,101.3796],[183,152.3952],[276,104.8317],[360,138.3716],[462,95.88889],[481,101.1007],[391,95.76951],[313,112.0681],[454,134.9073],[214,152.5837],[309,111.287],[123,153.6589],[252,103.9856],[542,91.37291],[453,135.325],[154,155.7579],[243,150.9164],[163,107.377],[526,100.3651],[250,102.8952],[496,99.33387],[273,152.1337],[409,129.4555],[369,119.3833],[554,96.05848],[519,95.74178],[66,155.5673],[274,155.1032],[278,105.4291],[94,157.6868],[301,153.6784],[193,107.4719],[480,100.2384],[533,97.02527],[189,100.984],[406,125.6654],[536,100.1993],[302,156.8525],[220,103.7001],[184,156.6257],[354,117.803],[534,101.0386],[520,98.38741],[367,115.1251],[437,134.071],[508,94.6181],[124,157.4594],[300,151.2729],[190,105.1951],[511,99.31928],[325,157.832],[244,158.6661],[254,108.6908],[494,106.4228],[383,117.6066],[33,133.9519],[279,111.0222],[510,97.96693],[521,99.79964],[145,120.7077],[326,155.8919],[188,100.4979],[275,103.0403],[525,104.0277],[484,141.2222],[346,160.5076],[522,105.278],[524,100.1411],[208,123.0536],[277,102.9209],[287,118.3906],[549,100.8245],[468,140.9643],[523,98.26714],[334,127.247],[421,131.3928],[112,146.153],[110,149.3133],[341,151.6393]

Finish Times:
[515,38.96051],[528,39.16051],[501,39.84053],[516,40.20054],[500,40.52055],[486,40.72055],[485,41.32056],[472,41.40057],[471,41.68057],[487,42.24059],[473,42.52059],[488,42.9206],[456,43.32061],[502,43.44061],[474,43.76062],[458,44.12063],[504,44.24063],[443,44.48064],[459,44.96065],[457,45.12065],[470,45.36066],[489,45.68066],[460,45.84067],[539,46.08067],[442,46.20068],[475,46.52068],[455,46.96069],[503,47.00069],[428,47.1607],[427,47.2807],[245,47.72071],[429,47.84071],[444,47.92072],[412,48.16072],[445,48.64073],[215,48.68073],[505,48.76073],[216,48.80074],[430,49.32075],[186,49.40075],[413,49.44075],[156,49.48075],[491,49.80076],[187,50.00076],[157,50.08076],[414,50.12077],[447,50.28077],[398,50.56078],[127,50.60078],[476,50.84078],[185,50.88078],[415,50.88078],[128,51.08079],[126,51.24079],[446,51.24079],[411,51.5208],[155,51.6808],[158,51.7208],[98,51.8008],[416,52.00081],[96,52.12081],[517,52.32082],[99,52.36082],[399,52.44082],[97,52.52082],[125,52.60082],[492,52.88083],[69,53.00083],[70,53.16084],[46,53.20084],[490,53.20084],[387,53.28084],[68,53.36084],[45,53.68085],[431,53.68085],[100,53.76085],[71,53.80085],[129,54.04086],[350,54.04086],[95,54.12086],[72,54.28086],[529,54.28086],[397,54.52087],[518,54.52087],[73,54.56087],[47,54.60087],[400,54.76087],[48,55.00088],[101,55.04088],[44,55.16088],[102,55.36089],[386,55.36089],[25,55.40089],[329,55.40089],[74,55.76089],[67,55.8409],[388,55.8409],[440,55.9209],[24,56.0409],[131,56.0809],[75,56.32091],[49,56.40091],[43,56.44091],[433,56.44091],[401,56.52091],[26,56.64091],[104,56.92092],[461,56.96092],[76,57.00092],[103,57.00092],[349,57.00092],[27,57.08092],[135,57.24093],[130,57.60094],[134,57.60094],[441,57.68094],[352,57.72094],[23,57.76094],[331,57.80094],[50,57.84094],[493,58.00095],[105,58.20095],[8,58.44096],[106,58.44096],[162,58.44096],[165,58.48096],[410,58.52096],[506,58.76096],[194,58.84097],[540,58.84097],[29,59.00097],[223,59.12097],[348,59.16097],[7,59.24097],[28,59.24097],[132,59.24097],[351,59.52098],[166,59.64098],[77,59.68098],[51,59.80099],[10,59.92099],[330,59.92099],[332,59.92099],[389,60.161],[224,60.201],[136,60.241],[167,60.441],[225,60.481],[532,60.521],[9,60.60101],[353,60.68101],[191,60.76101],[303,60.80101],[168,60.88101],[138,61.08102],[195,61.12102],[78,61.24102],[347,61.40102],[197,61.48103],[425,61.48103],[169,61.64103],[463,61.64103],[377,61.68103],[137,61.76103],[196,61.80103],[390,62.04104],[85,62.20104],[199,62.20104],[228,62.20104],[229,62.24104],[221,62.36105],[403,62.48105],[30,62.52105],[419,62.52105],[84,62.56105],[201,62.76105],[198,62.80106],[222,62.80106],[405,62.80106],[52,62.84106],[83,63.08106],[116,63.08106],[11,63.28107],[108,63.28107],[227,63.32107],[86,63.36107],[257,63.40107],[164,63.44107],[107,63.60107],[328,63.60107],[482,63.60107],[87,63.80108],[230,63.80108],[58,63.96108],[53,64.04108],[363,64.04108],[204,64.08109],[258,64.08109],[327,64.08109],[82,64.16109],[255,64.16109],[171,64.24109],[450,64.36109],[139,64.40109],[449,64.40109],[59,64.48109],[231,64.48109],[88,64.5211],[57,64.7611],[259,64.8011],[226,64.8411],[175,64.8811],[200,64.96111],[379,64.96111],[404,64.96111],[79,65.04111],[12,65.08111],[60,65.16111],[260,65.16111],[61,65.24111],[115,65.40112],[256,65.48112],[392,65.52112],[170,65.60112],[161,65.64112],[80,65.68112],[202,65.72112],[35,65.76112],[56,65.80112],[147,65.80112],[466,65.80112],[37,65.88113],[306,65.96113],[146,66.04113],[13,66.08113],[261,66.08113],[232,66.16113],[173,66.24113],[418,66.28114],[117,66.36114],[262,66.40114],[251,66.44114],[36,66.56114],[109,66.56114],[177,66.60114],[176,66.68114],[380,66.68114],[38,66.72115],[288,66.72115],[284,66.76115],[289,66.88115],[34,66.92115],[498,66.92115],[249,67.00115],[31,67.16116],[89,67.20116],[118,67.20116],[2,67.24116],[148,67.24116],[366,67.32116],[452,67.32116],[133,67.44116],[451,67.44116],[32,67.52116],[18,67.56116],[314,67.56116],[16,67.60117],[378,67.60117],[178,67.68117],[119,67.80117],[1,67.84117],[15,67.96117],[149,67.96117],[192,67.96117],[317,67.96117],[90,68.08118],[333,68.12118],[530,68.12118],[497,68.16118],[159,68.24118],[203,68.24118],[266,68.32118],[39,68.36118],[120,68.44118],[0,68.52119],[150,68.56119],[263,68.56119],[304,68.56119],[420,68.60119],[17,68.76119],[63,68.76119],[172,68.76119],[292,68.80119],[180,68.9212],[467,69.0412],[547,69.0412],[3,69.1212],[121,69.1212],[253,69.1212],[238,69.1612],[5,69.2012],[291,69.2412],[265,69.32121],[512,69.36121],[62,69.40121],[40,69.56121],[205,69.56121],[209,69.64121],[336,69.68121],[19,69.76122],[141,69.76122],[151,69.76122],[54,69.80122],[315,69.80122],[514,69.88122],[402,69.92122],[417,69.92122],[338,69.96122],[91,70.04122],[179,70.20123],[207,70.20123],[316,70.24123],[152,70.32123],[513,70.36123],[264,70.40123],[4,70.44123],[246,70.44123],[140,70.48123],[20,70.56123],[64,70.56123],[92,70.60123],[435,70.68124],[337,70.72124],[240,70.80124],[267,70.80124],[483,70.80124],[81,70.96124],[55,71.04124],[122,71.04124],[479,71.12125],[531,71.12125],[14,71.16125],[283,71.20125],[65,71.32125],[144,71.32125],[211,71.32125],[318,71.32125],[545,71.32125],[41,71.44125],[210,71.48125],[142,71.52126],[233,71.60126],[355,71.80126],[239,71.84126],[305,71.84126],[538,71.84126],[93,71.88126],[381,71.92126],[339,71.96127],[181,72.00127],[206,72.08127],[6,72.20127],[160,72.24127],[432,72.24127],[21,72.28127],[22,72.40128],[212,72.40128],[364,72.48128],[465,72.48128],[234,72.52128],[286,72.52128],[271,72.56128],[297,72.56128],[281,72.68128],[237,72.72128],[293,72.80128],[280,72.84129],[477,72.92129],[356,73.00129],[426,73.00129],[42,73.16129],[241,73.16129],[322,73.16129],[321,73.24129],[323,73.24129],[357,73.24129],[550,73.2813],[217,73.3613],[385,73.4413],[544,73.4413],[290,73.5213],[436,73.6013],[371,73.6413],[268,73.6813],[344,73.80131],[340,73.84131],[342,73.84131],[242,73.96131],[478,74.00131],[182,74.12132],[285,74.12132],[370,74.12132],[507,74.12132],[111,74.20132],[298,74.20132],[365,74.24132],[548,74.32132],[358,74.36132],[551,74.36132],[396,74.40132],[361,74.44132],[295,74.52132],[343,74.64133],[218,74.68133],[395,74.72133],[384,74.88133],[311,74.92133],[362,74.96133],[423,75.04134],[541,75.04134],[270,75.08134],[495,75.08134],[527,75.08134],[272,75.12134],[299,75.16134],[439,75.32134],[553,75.44135],[143,75.60135],[282,75.60135],[335,75.60135],[438,75.60135],[345,75.64135],[269,75.68135],[235,75.72135],[464,75.80135],[469,75.88136],[448,75.96136],[376,76.00136],[552,76.04136],[394,76.12136],[543,76.16136],[407,76.20136],[296,76.24136],[310,76.32137],[320,76.36137],[359,76.48137],[373,76.52137],[434,76.64137],[307,76.68137],[312,76.68137],[319,76.68137],[546,76.68137],[324,76.88138],[375,76.88138],[424,76.88138],[294,77.00138],[509,77.00138],[247,77.12138],[174,77.24139],[114,77.28139],[308,77.28139],[368,77.28139],[372,77.28139],[499,77.28139],[213,77.44139],[422,77.48139],[535,77.56139],[374,77.7214],[382,77.7614],[153,77.8014],[219,77.8014],[537,77.9214],[393,77.9614],[408,77.9614],[236,78.0014],[113,78.12141],[248,78.12141],[183,78.24141],[276,78.24141],[360,78.24141],[462,78.44141],[481,78.48141],[391,78.56142],[313,78.60142],[454,78.68142],[214,78.72142],[309,78.72142],[123,78.76142],[252,78.76142],[542,78.84142],[453,78.96143],[154,79.00143],[243,79.12143],[163,79.28143],[526,79.32143],[250,79.36143],[496,79.36143],[273,79.44144],[409,79.44144],[369,79.52144],[554,79.52144],[519,79.64144],[66,79.72144],[274,79.76144],[278,79.76144],[94,79.96145],[301,79.96145],[193,80.00145],[480,80.04145],[533,80.04145],[189,80.12145],[406,80.20145],[536,80.20145],[302,80.24146],[220,80.36146],[184,80.52146],[354,80.76147],[534,80.76147],[520,80.80147],[367,80.88147],[437,80.88147],[508,80.88147],[124,80.92147],[300,80.92147],[190,80.96147],[511,81.00147],[325,81.04147],[244,81.48148],[254,81.52148],[494,81.52148],[383,81.60149],[33,81.64149],[279,81.64149],[510,81.72149],[521,81.72149],[145,82.0415],[326,82.0415],[188,82.2015],[275,82.2015],[525,82.2015],[484,82.3215],[346,82.4015],[522,82.52151],[524,82.56151],[208,82.84151],[277,82.88152],[287,82.88152],[549,82.96152],[468,83.16152],[523,83.20152],[334,83.68153],[421,84.04154],[112,84.92156],[110,86.00159],[341,95.00179]

Stuck Times:
[515,0],[528,0],[501,0],[516,0],[500,0],[486,0],[485,0],[472,0],[471,0],[487,0],[473,0],[488,0],[456,0],[502,2],[474,0],[458,0],[504,1],[443,0],[459,0],[457,0],[470,1],[489,1],[460,0],[539,6],[442,0],[475,1],[455,3],[503,5],[428,0],[427,0],[245,0],[429,0],[444,1],[412,0],[445,0],[215,0],[505,4],[216,0],[430,0],[186,0],[413,0],[156,0],[491,3],[187,0],[157,0],[414,0],[447,0],[398,0],[127,0],[476,4],[185,0],[415,0],[128,0],[126,0],[446,3],[411,1],[155,0],[158,0],[98,0],[416,2],[96,0],[517,10],[99,0],[399,3],[97,0],[125,0],[492,5],[69,0],[70,0],[46,0],[490,7],[387,0],[68,0],[45,0],[431,4],[100,0],[71,0],[129,1],[350,3],[95,0],[72,0],[529,12],[397,6],[518,10],[73,0],[47,0],[400,2],[48,0],[101,0],[44,0],[102,0],[386,2],[25,0],[329,4],[74,0],[67,1],[388,4],[440,10],[24,0],[131,1],[75,0],[49,0],[43,0],[433,6],[401,3],[26,0],[104,0],[461,10],[76,0],[103,0],[349,6],[27,0],[135,0],[130,5],[134,0],[441,16],[352,8],[23,0],[331,3],[50,0],[493,8],[105,0],[8,2],[106,0],[162,2],[165,0],[410,10],[506,13],[194,0],[540,17],[29,1],[223,0],[348,10],[7,1],[28,0],[132,4],[351,6],[166,0],[77,0],[51,0],[10,0],[330,7],[332,7],[389,9],[224,0],[136,1],[167,0],[225,0],[532,15],[9,3],[353,11],[191,2],[303,8],[168,0],[138,0],[195,0],[78,0],[347,13],[197,0],[425,15],[169,0],[463,10],[377,11],[137,1],[196,0],[390,10],[85,0],[199,0],[228,0],[229,0],[221,2],[403,12],[30,3],[419,10],[84,0],[201,0],[198,0],[222,4],[405,8],[52,1],[83,0],[116,0],[11,5],[108,0],[227,0],[86,0],[257,0],[164,5],[107,1],[328,15],[482,14],[87,0],[230,0],[58,0],[53,3],[363,11],[204,0],[258,0],[327,14],[82,0],[255,0],[171,0],[450,13],[139,0],[449,14],[59,0],[231,0],[88,0],[57,0],[259,0],[226,1],[175,0],[200,1],[379,15],[404,12],[79,1],[12,6],[60,0],[260,0],[61,0],[115,3],[256,0],[392,12],[170,0],[161,10],[80,2],[202,0],[35,0],[56,0],[147,0],[466,15],[37,0],[306,13],[146,1],[13,6],[261,0],[232,1],[173,0],[418,15],[117,0],[262,0],[251,5],[36,0],[109,2],[177,0],[176,2],[380,17],[38,0],[288,0],[284,1],[289,0],[34,0],[498,16],[249,7],[31,6],[89,0],[118,0],[2,7],[148,0],[366,0],[452,15],[133,10],[451,15],[32,4],[18,0],[314,0],[16,0],[378,16],[178,0],[119,0],[1,6],[15,3],[149,0],[192,12],[317,0],[90,0],[333,18],[530,27],[497,19],[159,17],[203,1],[266,0],[39,0],[120,0],[0,12],[150,0],[263,1],[304,20],[420,14],[17,0],[63,0],[172,3],[292,0],[180,1],[467,19],[547,21],[3,3],[121,0],[253,8],[238,0],[5,8],[291,0],[265,1],[512,22],[62,0],[40,0],[205,6],[209,1],[336,0],[19,0],[141,4],[151,0],[54,3],[315,4],[514,19],[402,23],[417,17],[338,0],[91,0],[179,1],[207,4],[316,1],[152,0],[513,21],[264,2],[4,2],[246,14],[140,3],[20,0],[64,0],[92,0],[435,15],[337,0],[240,0],[267,1],[483,19],[81,3],[55,2],[122,0],[479,18],[531,28],[14,4],[283,9],[65,0],[144,9],[211,0],[318,1],[545,23],[41,0],[210,0],[142,5],[233,4],[355,0],[239,1],[305,22],[538,21],[93,0],[381,2],[339,4],[181,0],[206,10],[6,3],[160,18],[432,22],[21,0],[22,0],[212,0],[364,22],[465,19],[234,3],[286,5],[271,0],[297,0],[281,13],[237,4],[293,5],[280,14],[477,25],[356,2],[426,29],[42,0],[241,0],[322,1],[321,1],[323,0],[357,2],[550,31],[217,24],[385,4],[544,28],[290,8],[436,22],[371,2],[268,3],[344,0],[340,3],[342,1],[242,1],[478,26],[182,1],[285,13],[370,3],[507,26],[111,5],[298,0],[365,6],[548,28],[358,2],[551,27],[396,4],[361,0],[295,8],[343,4],[218,26],[395,6],[384,6],[311,14],[362,0],[423,4],[541,30],[270,4],[495,27],[527,25],[272,0],[299,0],[439,4],[553,30],[143,13],[282,15],[335,11],[438,4],[345,0],[269,3],[235,11],[464,24],[469,3],[448,24],[376,0],[552,31],[394,8],[543,33],[407,8],[296,5],[310,10],[320,5],[359,4],[373,2],[434,29],[307,13],[312,13],[319,9],[546,30],[324,0],[375,0],[424,2],[294,6],[509,28],[247,17],[174,7],[114,12],[308,11],[368,13],[372,3],[499,28],[213,0],[422,7],[535,32],[374,4],[382,9],[153,0],[219,26],[537,33],[393,8],[408,5],[236,10],[113,13],[248,24],[183,0],[276,18],[360,2],[462,31],[481,27],[391,29],[313,18],[454,4],[214,0],[309,15],[123,0],[252,25],[542,36],[453,4],[154,0],[243,0],[163,23],[526,30],[250,26],[496,32],[273,0],[409,7],[369,15],[554,31],[519,34],[66,0],[274,0],[278,22],[94,0],[301,0],[193,23],[480,30],[533,33],[189,30],[406,10],[536,33],[302,0],[220,25],[184,0],[354,12],[534,35],[520,33],[367,19],[437,9],[508,33],[124,0],[300,1],[190,27],[511,34],[325,0],[244,0],[254,22],[494,28],[383,18],[33,12],[279,18],[510,31],[521,30],[145,19],[326,0],[188,33],[275,33],[525,33],[484,5],[346,0],[522,31],[524,34],[208,19],[277,34],[287,20],[549,36],[468,4],[523,36],[334,14],[421,14],[112,10],[110,9],[341,13]

