Experiment Name: Custom-SmallerMap-2
Method Used: FlowGraph
Run Number: 8
Preparation Time: 36.6334ms
Pathfinding Time: 15.2435ms
Finish Time: 100.2819ms
Finish Time 90%: 79.68144ms
Repaths: 0
Soft Repaths: 0

Gates Data:
8:[515,[5.739454,11.47238,0,[90.40353,73.00081]]],[528,[5.345966,10.68358,0,[91.99944,73.50355]]],[501,[6.372404,12.69658,0,[89.9187,73.00093]]],[500,[6.375692,12.72124,0,[88.82711,73.00094]]],[516,[5.710658,11.4034,0,[91.65817,73.00083]]],[486,[6.976172,13.76691,0,[89.72662,73.00094]]],[485,[7.13519,13.87023,0,[88.62243,73.00099]]],[502,[6.343881,12.64791,0,[91.03382,73.00092]]],[472,[7.583825,14.96321,0,[90.14334,73.00095]]],[471,[7.697333,15.00865,0,[89.01707,73.00095]]],[487,[6.978341,13.76674,0,[90.82059,73.00092]]],[473,[8.27524,15.78708,0,[90.11721,73.00092]]],[470,[8.295679,15.0486,0,[88.41062,73.001]]],[488,[7.747023,14.43874,0,[91.06912,73.00093]]],[474,[8.375696,15.60754,0,[91.13361,73.00093]]],[458,[8.911086,16.61799,0,[90.16016,73.00096]]],[459,[8.989275,16.49109,0,[91.17397,73.00096]]],[443,[9.490557,17.69163,0,[90.10353,73.00098]]],[456,[8.814805,15.86736,0,[89.11923,73.00097]]],[489,[7.94511,14.60984,0,[91.9996,73.23396]]],[444,[10.0456,17.84716,0,[90.33715,73.00097]]],[455,[9.50922,15.99669,0,[88.40235,73.001]]],[460,[9.481997,17.09114,0,[91.46856,73.00089]]],[475,[8.693641,16.25564,0,[91.99966,73.36151]]],[457,[9.956305,16.57785,0,[89.29904,73.001]]],[505,[7.739231,14.64928,0,[92.66394,74.00094]]],[529,[5.67031,11.27882,0,[92.87625,74.00087]]],[428,[10.62713,18.3338,0,[90.49174,73.00098]]],[445,[10.13717,18.15801,0,[91.37132,73.00098]]],[476,[9.533035,17.19703,0,[92.1666,74.00094]]],[442,[10.86314,17.37405,0,[89.4515,73.00098]]],[441,[10.69076,17.4088,0,[88.45779,73.00099]]],[517,[6.386586,12.64497,0,[92.22375,74.00091]]],[430,[10.79908,18.86764,0,[91.44592,73.00098]]],[429,[11.258,18.62956,0,[90.4869,73.00099]]],[427,[11.72965,18.29074,0,[89.53459,73.001]]],[440,[11.55113,17.12811,0,[88.48385,73.001]]],[399,[13.11172,20.65354,0,[89.84365,73.00098]]],[413,[12.42773,19.53313,0,[89.74975,73.00096]]],[503,[6.485393,12.78969,0,[91.99861,73.00091]]],[461,[10.20888,18.1402,0,[92.01898,74.00096]]],[414,[11.80773,19.19592,0,[90.7524,73.00089]]],[539,[4.926759,9.814946,0,[93.71799,74.00075]]],[446,[10.88354,19.01022,0,[92.10149,74.00098]]],[412,[12.37625,19.56491,0,[88.65968,73.00097]]],[432,[12.48867,19.91537,0,[91.99964,73.03806]]],[431,[11.24179,18.90732,0,[91.92828,73.0009]]],[415,[12.43876,20.26724,0,[90.82577,73.00097]]],[416,[13.03902,20.42672,0,[90.9476,73.00098]]],[504,[7.158199,13.59833,0,[91.78587,73.00097]]],[398,[13.09326,20.61899,0,[88.77867,73.00098]]],[388,[14.76593,20.97182,0,[90.97243,73.00097]]],[417,[13.58754,21.23632,0,[91.08187,73.00085]]],[352,[15.49574,22.27004,0,[90.43207,73.00098]]],[400,[13.77243,20.98014,0,[89.73727,73.00096]]],[448,[13.45663,20.16638,0,[91.99967,73.76537]]],[401,[14.24258,21.44951,0,[90.30215,73.00099]]],[387,[14.95088,21.34574,0,[89.87846,73.00097]]],[351,[16.11956,22.13195,0,[89.51109,73.001]]],[402,[14.18639,21.17245,0,[91.36661,73.00099]]],[411,[15.9993,19.85499,0,[88.45648,73.001]]],[350,[15.52931,21.84865,0,[89.27502,73.00099]]],[389,[15.85689,21.93715,0,[91.30108,73.00098]]],[490,[8.524211,15.65963,0,[92.73962,74.00096]]],[462,[11.32025,18.8411,0,[92.57367,74.0009]]],[386,[14.50583,21.63172,0,[89.28907,73.00099]]],[418,[14.99063,22.13531,0,[92.21359,74.001]]],[447,[11.91754,19.57928,0,[91.76177,73.00092]]],[410,[17.39831,19.67739,0,[88.45963,73.001]]],[426,[13.85524,18.37555,0,[88.55289,73.00099]]],[425,[16.69763,18.39383,0,[88.42621,73.001]]],[540,[5.425833,10.3152,0,[94.38298,74.00092]]],[330,[16.4137,22.25455,0,[90.44632,73.001]]],[329,[16.79025,22.28545,0,[89.46826,73.001]]],[378,[15.15088,21.64807,0,[91.62308,73.00098]]],[347,[17.51741,20.90984,0,[89.50672,73.001]]],[433,[13.8411,20.56605,0,[91.99953,73.37141]]],[331,[17.13051,22.8104,0,[90.36506,73.001]]],[332,[18.14979,23.35003,0,[89.76003,73.00098]]],[530,[6.17607,11.68613,0,[93.60302,74.00092]]],[333,[18.91626,23.86591,0,[89.49004,73.00092]]],[349,[18.12131,21.56681,0,[88.67532,73.00099]]],[507,[10.70092,15.92353,0,[93.79008,74.00095]]],[492,[10.39163,17.18471,0,[92.97652,74.00097]]],[353,[19.258,23.512,0,[90.38192,73.001]]],[379,[20.45046,25.45039,0,[89.52242,73.00099]]],[391,[17.86631,24.19188,0,[90.88783,73.00093]]],[465,[17.67179,21.39579,0,[91.99968,73.08451]]],[419,[18.59285,23.93963,0,[90.71862,73.00092]]],[363,[17.19484,23.1718,0,[91.40829,73.001]]],[403,[16.1387,22.75201,0,[92.19553,74.00096]]],[491,[9.018147,15.87241,0,[93.17174,74.00095]]],[348,[19.56018,21.42734,0,[88.43577,73.001]]],[463,[12.5506,19.12574,0,[92.74215,74.00097]]],[306,[21.24152,24.7133,0,[89.5546,73.001]]],[405,[20.71014,25.58154,0,[90.486,73.00099]]],[420,[21.9354,26.41916,0,[89.76284,73.001]]],[328,[18.76395,22.69944,0,[88.53672,73.00095]]],[477,[9.715778,17.55601,0,[93.08823,74.00096]]],[305,[19.61599,24.19144,0,[89.49784,73.001]]],[303,[20.22446,24.98371,0,[88.53384,73.001]]],[449,[15.5188,21.29384,0,[92.55493,74.00098]]],[480,[15.98428,20.0967,0,[93.348,74.00098]]],[377,[16.48245,22.17507,0,[91.50509,73.001]]],[436,[21.36187,26.85666,0,[90.62412,73.001]]],[519,[7.763124,13.17898,0,[93.72589,74.00094]]],[467,[20.81815,25.01417,0,[91.63778,73.0009]]],[390,[19.98483,23.37482,0,[90.4471,73.0009]]],[483,[23.19153,28.32537,0,[89.82,73.001]]],[499,[22.61578,28.70356,0,[91.02584,73.00092]]],[452,[22.54171,28.77384,0,[89.82284,73.00099]]],[404,[16.69726,22.72719,0,[92.39544,74.00099]]],[451,[21.97223,25.45826,0,[90.86927,73.00099]]],[397,[15.06322,20.71372,0,[88.6801,73.00098]]],[514,[21.41955,25.32048,0,[91.78097,73.001]]],[481,[18.28268,21.68888,0,[91.92123,73.00092]]],[545,[23.48534,20.77182,0,[92.58027,74.00087]]],[533,[10.06032,14.2293,0,[94.05892,74.00098]]],[498,[21.48007,24.24459,0,[92.54478,74.001]]],[548,[7.230952,9.487262,0,[94.6843,74.00095]]],[518,[7.149428,13.11356,0,[92.6048,74.00099]]],[380,[23.7202,26.64638,0,[88.93871,73.001]]],[450,[20.24202,23.30849,0,[91.54124,73.001]]],[513,[22.22137,24.92224,0,[91.99976,73.35983]]],[479,[13.68168,19.22602,0,[92.96294,74.00095]]],[482,[19.64347,23.38955,0,[91.61975,73.00092]]],[304,[21.85699,24.30197,0,[88.67802,73.001]]],[538,[22.86661,23.23444,0,[91.92952,73.00092]]],[496,[17.87863,21.29933,0,[92.78148,74.00095]]],[435,[24.71551,26.71185,0,[89.12572,73.00098]]],[494,[13.01557,18.45059,0,[93.27157,74.00095]]],[537,[20.75569,21.57625,0,[92.59885,74.00098]]],[535,[18.247,17.29638,0,[93.43348,74.00094]]],[552,[22.7084,20.82526,0,[92.91858,74.00098]]],[512,[20.17859,22.32732,0,[92.33362,74.00097]]],[527,[23.82537,27.84908,0,[90.33558,73.00085]]],[478,[12.00136,18.82266,0,[92.40545,74.00099]]],[464,[14.40846,20.18626,0,[92.731,74.00098]]],[550,[22.48609,13.35626,0,[94.18021,74.00098]]],[466,[18.96055,23.19419,0,[91.3607,73.00088]]],[506,[8.347545,14.51724,0,[93.87331,74.00097]]],[547,[22.02413,20.40732,0,[93.17749,74.00094]]],[521,[15.79403,15.29261,0,[94.60905,74.00092]]],[544,[24.26171,21.52156,0,[92.58365,74.00079]]],[549,[20.01851,11.68984,0,[94.57434,74.00097]]],[534,[23.42252,17.91147,0,[94.01038,74.0009]]],[526,[21.23336,22.08977,0,[93.5658,74.001]]],[554,[24.07742,22.97241,0,[91.59072,73.00091]]],[553,[20.54417,18.35236,0,[93.7303,74.00098]]],[522,[21.21605,16.23044,0,[94.57887,74.00094]]],[508,[11.98289,16.34103,0,[93.85268,74.00091]]],[551,[25.17018,25.8142,0,[90.17242,73.00098]]],[327,[20.95776,22.63836,0,[88.57822,73.00099]]],[542,[12.43736,12.47643,0,[94.30135,74.00092]]],[493,[11.51267,17.39135,0,[93.45618,74.00092]]],[525,[19.31443,20.12583,0,[93.51892,74.00098]]],[541,[8.523982,10.79407,0,[94.64466,74.0007]]],[495,[14.79586,19.56285,0,[93.40347,74.00098]]],[364,[22.7068,27.13058,0,[88.72362,73.00099]]],[546,[19.95132,17.58907,0,[93.49215,74.00082]]],[531,[7.000526,12.31518,0,[93.70457,74.00099]]],[392,[17.36459,24.01653,0,[92.33257,74.001]]],[536,[18.64911,17.64317,0,[94.09186,74.00094]]],[497,[19.54827,23.08507,0,[92.43636,74.001]]],[524,[16.5385,18.88867,0,[93.57491,74.001]]],[509,[13.2575,16.90072,0,[94.20949,74.00098]]],[520,[9.401408,13.71754,0,[94.16267,74.00097]]],[523,[17.6282,16.81842,0,[94.60402,74.00096]]],[543,[15.33388,14.06791,0,[93.68456,74.001]]],[510,[13.98765,18.39007,0,[93.78452,74.00095]]],[511,[18.85235,20.64762,0,[92.60298,74.00092]]],[434,[17.12332,21.83115,0,[93.38012,74.001]]],[532,[11.17833,12.8183,0,[94.5879,74.00093]]]
6:[515,[18.18732,36.00452,0,[70.99907,79.79664]]],[528,[19.20364,38.23264,0,[69.99902,80.30988]]],[501,[19.36834,37.95943,0,[70.99906,79.9325]]],[500,[19.16767,36.20315,0,[70.99905,78.95573]]],[516,[20.12935,39.72539,0,[69.99902,80.56884]]],[486,[20.068,38.97261,0,[70.99905,79.88886]]],[485,[19.98601,37.42168,0,[70.99903,78.72179]]],[502,[21.01433,40.85681,0,[69.99902,80.51976]]],[472,[20.79559,40.58812,0,[70.99906,79.62804]]],[471,[20.76957,38.91998,0,[70.99906,78.51138]]],[487,[21.87022,42.2706,0,[69.99905,80.23322]]],[473,[21.73057,40.96696,0,[70.99906,79.40443]]],[470,[21.4679,38.48087,0,[70.99907,78.57377]]],[488,[22.5751,42.43878,0,[69.999,80.10885]]],[474,[22.59297,42.54046,0,[70.99901,79.53708]]],[458,[22.31198,41.936,0,[70.99902,78.53876]]],[459,[24.05678,43.9168,0,[69.999,80.03908]]],[443,[23.40314,42.69917,0,[70.99906,79.30646]]],[456,[23.13006,39.4633,0,[70.99903,78.45149]]],[489,[24.69299,44.17702,0,[69.99902,80.08961]]],[444,[24.30301,43.29404,0,[70.99903,79.20411]]],[455,[23.96064,39.66354,0,[70.99905,78.30788]]],[460,[24.98887,44.49118,0,[70.99903,79.29083]]],[475,[25.49122,45.29762,0,[69.99901,80.27467]]],[457,[24.86998,40.68143,0,[70.99903,78.20055]]],[505,[25.56999,45.04935,0,[70.99904,79.79215]]],[529,[26.23589,42.2281,0,[69.99903,80.65745]]],[428,[25.51407,44.58664,0,[70.99904,78.46005]]],[445,[26.0528,46.25286,0,[70.999,78.82234]]],[476,[27.04609,46.28466,0,[69.999,80.10251]]],[442,[26.62453,42.89479,0,[70.99904,79.21005]]],[441,[26.71693,41.42728,0,[70.99905,78.0764]]],[517,[27.52352,42.81443,0,[69.99928,80.84947]]],[430,[27.11146,46.63464,0,[70.99906,79.90381]]],[429,[28.38509,46.95696,0,[69.999,80.01661]]],[427,[27.73928,43.81954,0,[70.99908,79.05948]]],[440,[27.32844,40.80848,0,[70.99905,78.47614]]],[399,[28.35353,46.00604,0,[70.999,79.41949]]],[413,[28.32151,45.00227,0,[70.999,78.26097]]],[503,[29.27818,44.45838,0,[69.99906,80.63609]]],[461,[29.35462,47.47826,0,[70.73277,79.99957]]],[414,[29.23989,46.60725,0,[70.99906,79.07675]]],[539,[30.26736,43.03289,0,[69.999,80.50713]]],[446,[29.98212,48.41953,0,[70.99912,79.32603]]],[412,[29.43158,43.49202,0,[71.05751,77.99962]]],[432,[30.86498,50.27431,0,[69.999,80.2282]]],[431,[30.57382,48.61342,0,[70.99902,79.20163]]],[415,[30.08722,48.35561,0,[70.99901,78.21889]]],[416,[31.0165,48.16548,0,[70.99902,79.768]]],[504,[31.69386,44.8756,0,[69.99902,80.581]]],[398,[30.78973,44.41654,0,[70.99902,78.10679]]],[388,[31.60568,49.33056,0,[70.99902,79.37389]]],[417,[31.32324,49.18998,0,[70.99902,78.46182]]],[352,[32.23898,48.81507,0,[70.99902,79.33089]]],[400,[32.02318,47.14555,0,[70.99901,78.27155]]],[448,[32.41456,50.29718,0,[69.999,80.21891]]],[401,[32.72084,49.51187,0,[70.91476,79.9996]]],[387,[32.70726,48.20589,0,[70.99905,78.2712]]],[351,[33.12195,47.54184,0,[70.99901,78.98491]]],[402,[33.46,51.38725,0,[70.80783,79.99963]]],[411,[33.88845,44.11603,0,[70.99909,78.89806]]],[350,[33.64299,47.01382,0,[70.99905,78.03082]]],[389,[34.42406,49.51989,0,[70.99904,79.24632]]],[490,[34.46303,46.97796,0,[69.99911,80.60295]]],[462,[35.34231,50.46097,0,[69.999,80.11677]]],[386,[34.84126,47.50095,0,[70.99905,78.08555]]],[418,[35.10333,52.74879,0,[70.99901,79.11491]]],[447,[35.47827,50.76617,0,[70.85803,79.99982]]],[410,[35.9192,45.66453,0,[70.99901,79.28117]]],[426,[35.58905,42.39565,0,[70.99902,78.32417]]],[425,[36.30949,42.57982,0,[70.99902,78.2709]]],[540,[36.38604,46.33924,0,[69.999,80.50725]]],[330,[36.66068,51.28452,0,[70.99903,79.02045]]],[329,[37.25848,49.36022,0,[70.99904,79.1709]]],[378,[36.74732,50.92475,0,[70.4426,79.99979]]],[347,[37.18274,48.9762,0,[70.99904,78.12466]]],[433,[37.69823,52.01416,0,[70.30257,79.99965]]],[331,[38.03931,51.98372,0,[70.99901,79.10108]]],[332,[37.85325,49.58169,0,[70.99907,78.16933]]],[530,[38.6544,47.70824,0,[69.99901,80.06608]]],[333,[38.61087,49.84926,0,[70.99908,78.16706]]],[349,[39.29682,45.55805,0,[70.99901,78.27689]]],[507,[38.70882,50.7604,0,[70.99911,79.17897]]],[492,[38.97165,51.7583,0,[70.84765,79.99939]]],[353,[40.13244,50.58892,0,[70.99903,79.11827]]],[379,[40.03809,51.52213,0,[70.99904,78.10161]]],[391,[39.40702,52.3311,0,[70.999,79.37158]]],[465,[40.4106,51.45056,0,[70.68951,79.99959]]],[419,[40.8739,52.88135,0,[70.99905,79.01599]]],[363,[41.59765,54.49051,0,[70.9991,79.0306]]],[403,[41.59378,53.29117,0,[70.85091,79.9994]]],[491,[41.50398,48.86614,0,[69.99911,80.55096]]],[348,[40.72015,45.10417,0,[71.19743,77.99967]]],[463,[42.40983,51.46256,0,[70.99903,79.71539]]],[306,[41.72008,50.38896,0,[71.34208,77.99952]]],[405,[42.4089,53.14065,0,[70.99903,78.63933]]],[420,[43.02738,52.15572,0,[70.99902,79.33101]]],[328,[43.0121,47.70348,0,[70.99902,78.17664]]],[477,[43.1906,52.3363,0,[69.99901,80.40974]]],[305,[43.70418,51.59597,0,[70.99904,79.32236]]],[303,[43.60837,49.17897,0,[70.99905,78.26347]]],[449,[43.80716,54.45153,0,[69.99903,80.04286]]],[480,[44.26834,54.13102,0,[70.59843,79.99978]]],[377,[44.5401,54.95662,0,[70.99904,79.21738]]],[436,[44.23848,54.89822,0,[70.99903,78.39343]]],[519,[45.08199,48.43873,0,[69.99902,80.59425]]],[467,[45.1433,55.47578,0,[70.99901,78.0668]]],[390,[44.98494,52.56873,0,[70.97684,79.99952]]],[483,[46.21735,54.20764,0,[70.99902,79.01907]]],[499,[45.38025,55.89937,0,[70.99903,78.97633]]],[452,[46.00217,54.47797,0,[70.99902,78.0752]]],[404,[46.56972,57.09508,0,[70.64751,79.99951]]],[451,[45.65529,53.09747,0,[70.99906,79.88506]]],[397,[46.80872,45.83606,0,[70.99908,78.02751]]],[514,[46.96034,55.87652,0,[70.99912,78.98259]]],[481,[47.38434,53.71929,0,[70.46279,79.99979]]],[545,[48.05891,49.75715,0,[70.99901,78.07939]]],[533,[48.75409,52.23143,0,[70.99911,79.63869]]],[498,[47.66343,56.01326,0,[70.99905,79.18988]]],[548,[48.07241,48.87002,0,[70.90064,79.99974]]],[518,[48.12299,47.11603,0,[69.99901,80.62]]],[380,[49.01828,52.66524,0,[70.99902,78.10223]]],[450,[48.38109,54.76903,0,[70.99905,78.95236]]],[513,[49.39959,54.64738,0,[70.99902,78.79283]]],[479,[49.09523,53.7464,0,[69.99901,80.43117]]],[482,[49.33731,55.04885,0,[70.99901,79.96909]]],[304,[50.01444,48.77332,0,[70.99901,78.00818]]],[538,[50.02109,51.70095,0,[70.99901,79.11161]]],[496,[50.59098,55.78745,0,[70.99905,79.62031]]],[435,[50.62799,52.07542,0,[70.99905,78.4416]]],[494,[50.54988,53.98111,0,[69.999,80.09898]]],[537,[51.24791,55.87329,0,[70.99907,79.169]]],[535,[51.5433,51.10393,0,[70.60564,79.99947]]],[552,[51.47358,52.86505,0,[70.99908,78.01897]]],[512,[52.0906,56.02902,0,[70.99902,79.35038]]],[527,[52.09655,55.03236,0,[70.99902,78.23587]]],[478,[52.28944,53.62026,0,[69.99905,80.64938]]],[464,[52.66467,57.10218,0,[70.48556,79.99947]]],[550,[52.68886,44.79679,0,[70.99906,78.64723]]],[466,[53.09587,58.50097,0,[70.99902,79.41008]]],[506,[53.57481,52.25149,0,[69.99901,80.35923]]],[547,[53.68322,53.24591,0,[70.99902,79.19549]]],[521,[54.34954,54.66821,0,[69.999,80.12862]]],[544,[53.32851,50.64175,0,[70.99902,78.28104]]],[549,[54.27152,44.71824,0,[70.99902,79.37715]]],[534,[54.11337,49.29849,0,[70.99902,78.24483]]],[526,[55.09701,57.75758,0,[69.99901,80.15159]]],[554,[54.78595,53.39507,0,[70.99905,78.2186]]],[553,[54.92179,55.89873,0,[70.99904,79.27811]]],[522,[55.72966,52.22256,0,[70.99905,79.28693]]],[508,[56.13826,54.49458,0,[69.99902,80.6204]]],[551,[55.46346,55.02536,0,[70.99904,78.37337]]],[327,[56.23977,48.74623,0,[70.99904,78.28618]]],[542,[56.14087,52.99557,0,[70.99906,79.99698]]],[493,[55.56458,57.67119,0,[70.36049,79.99966]]],[525,[56.63554,61.2677,0,[70.99906,78.89696]]],[541,[56.92944,51.13319,0,[69.99913,80.63755]]],[495,[56.9226,60.34472,0,[70.99908,79.73715]]],[364,[57.26934,54.41713,0,[70.99905,78.31968]]],[546,[57.60342,56.02918,0,[70.99908,79.03882]]],[531,[57.6834,55.31534,0,[69.99905,80.53138]]],[392,[57.77564,60.95498,0,[70.84314,79.99959]]],[536,[58.25706,61.68694,0,[70.99906,78.54402]]],[497,[58.33946,61.96921,0,[70.99906,79.69972]]],[524,[58.95496,64.25858,0,[70.99905,78.54639]]],[509,[59.07263,57.25037,0,[70.99906,79.71223]]],[520,[58.57127,56.851,0,[69.99908,80.64618]]],[523,[59.72766,60.65296,0,[70.99906,78.59982]]],[543,[59.89195,59.54889,0,[70.99905,79.73402]]],[510,[59.3906,61.59776,0,[69.99907,80.53391]]],[511,[60.60746,63.79857,0,[70.99906,79.00568]]],[434,[60.33185,62.73905,0,[69.99905,80.59171]]],[532,[61.31265,60.26885,0,[69.99905,80.02572]]]
5:[215,[15.32793,30.55604,1,[58.99904,49.75537]]],[185,[15.24962,30.47988,1,[58.99904,48.48916]]],[186,[15.91924,31.69946,1,[58.99902,48.82104]]],[156,[15.89181,31.65431,1,[58.99901,47.67742]]],[155,[15.23474,30.44815,1,[58.99903,47.28803]]],[157,[16.49159,32.8757,1,[58.99906,47.91441]]],[126,[16.40699,32.71888,1,[57.99907,46.86705]]],[127,[16.78599,33.47316,1,[58.47155,47.00033]]],[96,[16.41453,32.72103,1,[57.99905,45.67554]]],[187,[16.62751,32.90221,1,[58.99907,49.07374]]],[158,[17.09166,34.02668,1,[58.99907,48.09343]]],[128,[17.09399,34.04564,1,[58.99906,47.00352]]],[98,[17.62065,35.10674,1,[57.99906,46.25149]]],[125,[15.75013,31.4819,1,[57.99902,46.27082]]],[97,[17.02094,33.95251,1,[57.99904,46.0145]]],[95,[15.76761,31.50264,1,[57.99902,44.92941]]],[129,[17.67709,35.19,1,[58.99904,47.15935]]],[69,[17.0403,34.00279,1,[57.99905,44.83002]]],[45,[17.58638,35.11874,1,[57.99904,43.93431]]],[70,[17.62643,35.17143,1,[57.99905,45.13034]]],[71,[18.19851,36.29721,1,[57.99905,45.25526]]],[99,[18.19562,36.23347,1,[57.99905,46.36118]]],[68,[16.42943,32.80128,1,[57.99903,44.36361]]],[100,[18.74063,37.18304,1,[57.99904,46.07098]]],[130,[18.42395,36.52299,1,[58.5922,47.00026]]],[101,[19.33713,38.27435,1,[57.99905,46.24249]]],[72,[18.73942,37.23737,1,[57.99903,44.96797]]],[131,[18.8246,37.18623,1,[58.99902,47.0433]]],[73,[19.354,38.28614,1,[57.99905,45.1848]]],[160,[18.55691,36.16887,1,[58.99902,47.92596]]],[44,[16.98344,33.90465,1,[57.99902,43.4819]]],[102,[19.90264,39.50555,1,[57.99902,46.1661]]],[25,[18.11133,36.14998,1,[57.99905,42.97555]]],[218,[18.38273,34.28013,1,[58.99908,49.16581]]],[216,[16.28102,31.82342,1,[58.99907,50.03208]]],[46,[18.16045,36.23416,1,[57.99905,44.12297]]],[47,[18.69847,37.24849,1,[57.99903,43.83044]]],[48,[19.30169,38.33649,1,[57.99905,44.07927]]],[67,[15.82571,31.58787,1,[57.99902,43.47706]]],[74,[19.93474,39.48486,1,[57.99902,45.06907]]],[103,[20.47879,40.48281,1,[57.99904,46.00291]]],[75,[20.58457,40.48372,1,[57.99903,44.96448]]],[24,[17.5342,35.01016,1,[57.99903,42.60421]]],[193,[20.91214,39.50656,1,[58.99902,47]]],[132,[19.42803,38.42914,1,[58.99902,47.05527]]],[134,[21.11755,41.47791,1,[57.99903,46.2173]]],[26,[18.64723,37.20465,1,[57.99903,42.58292]]],[43,[16.39835,32.7169,1,[57.99902,42.69064]]],[133,[20.55855,40.05014,1,[58.40141,47.00025]]],[104,[21.34679,41.55434,1,[57.99904,45.33384]]],[76,[20.98056,41.47094,1,[57.99902,44.25901]]],[164,[21.79189,41.72326,1,[57.99903,46.35987]]],[23,[16.96001,33.83326,1,[57.99901,41.79121]]],[105,[21.56963,42.68234,1,[57.99902,44.42501]]],[49,[19.86997,39.57577,1,[57.99902,43.95322]]],[135,[21.98975,42.60331,1,[57.99902,45.39154]]],[8,[18.10039,36.06528,1,[57.99904,41.68751]]],[78,[22.14898,43.86808,1,[57.99902,44.37503]]],[163,[20.62503,39.52187,1,[58.99903,47.88031]]],[51,[20.93672,41.64108,1,[57.99902,43.14264]]],[194,[21.64154,40.67548,1,[58.99903,47.07375]]],[7,[17.68081,35.27663,1,[57.71568,41.00021]]],[136,[22.48237,43.79283,1,[57.99902,46.32513]]],[167,[23.13527,44.97604,1,[57.99903,46.20446]]],[50,[20.41258,40.63318,1,[57.99902,43.77081]]],[221,[21.44788,37.75042,1,[58.99912,48.12888]]],[27,[19.24171,38.29118,1,[57.99905,42.95342]]],[165,[22.32863,41.62269,1,[58.99903,47.0453]]],[166,[23.32553,43.36548,1,[58.48275,47.00019]]],[106,[22.635,43.88533,1,[57.99902,45.31242]]],[77,[21.52652,42.59193,1,[57.99902,43.33789]]],[196,[24.31707,43.87701,1,[57.99904,46.99357]]],[223,[22.13427,39.78139,1,[58.99908,48.03605]]],[195,[22.84737,41.52011,1,[58.99902,47.94821]]],[9,[18.68391,37.19155,1,[57.99903,41.17948]]],[137,[23.27139,44.89493,1,[57.99903,45.18002]]],[29,[20.37506,40.59837,1,[57.99902,42.55232]]],[245,[17.2415,30.70275,1,[58.9991,50.10069]]],[138,[23.39771,46.16429,1,[57.99902,44.14764]]],[188,[17.53872,34.08485,1,[58.99907,49.17933]]],[198,[24.43628,46.26946,1,[57.99903,45.95104]]],[28,[19.84235,39.51908,1,[57.99902,42.82625]]],[107,[22.76739,45.00597,1,[57.99902,44.2936]]],[199,[24.84488,47.53771,1,[57.99904,45.25341]]],[226,[24.18489,43.12731,1,[58.999,47.91113]]],[227,[24.97062,45.28722,1,[57.999,46.89025]]],[115,[27.34926,54.40698,2,[57.99907,42.97894]]],[114,[26.72621,53.12898,2,[57.99905,42.76114]]],[197,[23.78883,44.91971,1,[57.99902,46.07455]]],[229,[25.36212,47.86242,1,[57.99907,46.21919]]],[53,[22.15235,44.13814,1,[57.99902,43.28048]]],[84,[26.14624,52.12254,2,[57.99905,41.28886]]],[225,[23.51931,42.00714,1,[58.99903,47.73162]]],[260,[25.14667,48.15624,1,[58.88258,47.00036]]],[86,[27.4516,54.4551,2,[57.99911,41.99588]]],[228,[24.86871,45.65508,1,[58.99901,47.88829]]],[30,[20.95189,41.59319,1,[57.99902,42.02538]]],[116,[28.03595,55.44957,2,[57.99906,43.22409]]],[217,[18.47225,33.07938,1,[58.99924,50.2465]]],[85,[26.75318,53.14937,2,[57.99905,41.71106]]],[168,[23.86871,46.2257,1,[57.99901,45.0266]]],[10,[19.27001,38.30364,1,[57.99905,41.85599]]],[200,[24.90333,48.79176,1,[57.99905,44.18265]]],[83,[26.07126,52.03438,2,[56.99906,40.41563]]],[82,[25.46391,50.89384,1,[56.99906,39.84813]]],[222,[22.86953,38.84747,1,[58.99907,49.0512]]],[259,[25.61131,46.59254,1,[58.99904,47.93442]]],[79,[22.72972,44.92726,1,[57.99901,43.20575]]],[87,[28.20837,55.52178,2,[57.99911,42.27276]]],[58,[27.25638,54.1918,2,[56.99909,40.99722]]],[230,[25.60931,48.82314,1,[57.99904,45.35318]]],[52,[21.63972,42.80814,1,[57.99903,42.32248]]],[258,[26.33751,45.48714,1,[58.99909,48.23258]]],[59,[27.51855,54.83701,2,[57.63058,41.00043]]],[60,[27.94088,55.44137,2,[57.99907,41.0714]]],[139,[23.86632,47.42947,1,[57.99903,43.4959]]],[251,[22.06868,37.72589,1,[58.99904,49.31117]]],[108,[23.28563,46.20731,1,[57.99903,43.00125]]],[261,[25.89522,48.85643,1,[58.99903,47.09501]]],[57,[26.6484,53.17948,2,[56.99907,40.45974]]],[117,[28.80776,56.6213,2,[57.99905,43.47472]]],[35,[27.40114,54.28175,2,[56.9991,40.04317]]],[11,[19.94774,39.47859,1,[57.99902,41.56067]]],[224,[23.59497,40.83974,1,[58.99905,48.77913]]],[61,[28.59558,56.66851,2,[57.99911,41.40547]]],[169,[24.31351,47.42402,1,[57.99903,44.44057]]],[262,[26.80909,51.05683,1,[57.99905,46.56026]]],[231,[26.07773,49.82713,1,[57.99905,46.40452]]],[88,[29.07279,56.73383,2,[57.99906,42.60088]]],[170,[24.45513,48.71529,1,[57.99906,43.11313]]],[36,[28.05339,55.73893,2,[56.9991,40.34861]]],[56,[26.08925,52.10318,2,[56.99907,39.28493]]],[233,[27.55444,52.23658,1,[57.99907,46.78487]]],[366,[27.23592,47.29649,1,[58.999,47.91985]]],[177,[30.16393,56.43743,2,[57.99903,43.79636]]],[89,[29.25327,57.6817,2,[57.99907,41.68245]]],[109,[23.88959,47.52744,1,[57.99903,42.39824]]],[201,[25.50377,49.82938,1,[57.99904,44.25314]]],[286,[27.09699,44.68348,1,[58.999,48.94338]]],[147,[29.72601,56.30004,2,[57.99904,42.77516]]],[34,[26.728,53.32937,2,[56.9991,39.21964]]],[37,[28.71597,56.62492,2,[56.99912,40.66644]]],[232,[26.36629,50.9477,1,[57.99904,45.5293]]],[287,[28.62524,46.18907,1,[58.99901,48.76529]]],[288,[26.58409,48.31816,1,[58.99905,47.29879]]],[38,[29.37684,57.9118,2,[56.99908,40.93977]]],[176,[29.4918,55.29059,2,[57.99904,43.63986]]],[289,[28.14674,50.02024,1,[58.28156,47.00024]]],[236,[30.6474,55.57237,2,[57.99903,44.71163]]],[255,[24.68769,42.08985,1,[58.99909,49.18734]]],[80,[23.34475,46.15521,1,[57.99902,41.71815]]],[249,[22.92146,35.98936,1,[58.999,50.3268]]],[314,[28.0884,49.34218,1,[58.99902,47.86509]]],[118,[30.02448,57.38597,2,[57.99907,41.98893]]],[140,[24.38066,48.71927,1,[57.99905,41.79078]]],[206,[29.91995,55.16072,2,[57.99904,44.66846]]],[18,[28.95154,56.93175,2,[56.99915,39.65887]]],[203,[27.09636,52.10084,1,[57.99906,45.67962]]],[283,[27.81664,41.84394,1,[58.99901,48.79062]]],[16,[27.54491,54.55146,2,[56.9991,39.07832]]],[148,[30.52057,57.44876,2,[57.99906,43.06164]]],[32,[22.2375,44.29055,1,[57.99902,42.15233]]],[205,[29.25536,54.08073,2,[57.99904,44.50936]]],[315,[28.92647,50.10495,1,[58.99901,47.86662]]],[316,[29.73178,51.21054,1,[58.99902,47.98689]]],[62,[29.66729,57.96398,2,[57.82281,41.00036]]],[54,[22.81439,45.31424,1,[57.99901,42.13712]]],[1,[19.38393,38.47831,1,[56.99907,40.00484]]],[149,[31.32601,58.61193,2,[57.99905,43.19915]]],[12,[20.52036,40.64115,1,[57.99902,41.09507]]],[119,[30.79187,58.48727,2,[57.99906,42.19503]]],[178,[31.08446,57.64381,2,[57.99908,44.09267]]],[202,[26.10872,50.91473,1,[57.99905,44.43309]]],[111,[25.02637,49.91582,1,[57.889,41.00031]]],[15,[22.72415,44.85358,1,[57.99902,41.0089]]],[336,[30.34193,50.23682,1,[58.99918,49.04666]]],[17,[28.25035,56.22409,2,[56.99912,39.32244]]],[14,[22.59237,44.11015,1,[57.11953,41.00031]]],[31,[21.62114,42.75954,1,[57.99903,41.22192]]],[39,[29.77133,59.07547,2,[56.99908,40.1879]]],[120,[31.50262,59.61735,2,[57.99903,42.23164]]],[247,[19.64269,33.13063,1,[58.9991,50.13063]]],[179,[31.88855,58.78438,2,[57.99903,44.16127]]],[235,[29.67076,54.12764,2,[57.99903,45.52173]]],[90,[30.27501,58.55542,2,[57.99907,41.11453]]],[173,[26.69787,52.21572,1,[57.99904,44.62993]]],[290,[28.44641,50.03291,1,[58.93649,47.00018]]],[171,[25.11027,49.82847,1,[57.99905,43.21441]]],[13,[21.58675,42.73516,1,[56.99906,40.96085]]],[2,[19.95106,39.714,1,[56.99905,40.9646]]],[150,[32.01737,59.71254,2,[57.99906,43.14122]]],[121,[32.57161,61.01627,2,[57.99911,42.9841]]],[207,[31.70596,56.58607,2,[57.99907,45.1468]]],[337,[30.53262,51.68055,1,[58.99906,48.07161]]],[91,[31.02088,59.74724,2,[57.99905,41.2649]]],[367,[29.49865,48.40493,1,[58.99905,48.89867]]],[338,[30.75314,52.91544,1,[58.99903,47.19196]]],[291,[29.23075,51.10842,1,[58.99905,47.04986]]],[33,[23.65657,46.61948,1,[56.99902,40.37952]]],[63,[30.39546,59.60671,2,[56.9991,40.46099]]],[263,[28.64706,52.18345,1,[57.99902,46.20446]]],[92,[32.05643,61.14534,2,[57.99911,41.86816]]],[65,[31.69644,61.68205,2,[57.64987,41.00047]]],[146,[28.49493,55.46144,2,[57.99904,44.32084]]],[151,[33.13817,61.13295,2,[57.99904,44.04731]]],[172,[25.76185,50.95473,1,[57.99903,43.38305]]],[19,[29.37894,58.21049,2,[56.99908,39.06087]]],[219,[21.04542,35.84368,1,[58.999,50.58195]]],[220,[24.66683,36.85414,1,[58.99925,50.28336]]],[355,[31.33031,52.92848,1,[58.99905,48.08032]]],[356,[32.09005,54.07576,1,[58.99908,48.00084]]],[81,[23.86459,47.61467,1,[57.90427,41.0002]]],[292,[30.15155,53.30667,1,[57.99903,46.48602]]],[180,[32.5402,59.93577,2,[57.99907,44.13497]]],[152,[32.67863,62.35169,2,[57.9991,41.94529]]],[41,[31.58289,61.29981,2,[56.99913,40.20883]]],[182,[33.2071,62.47545,2,[57.99904,42.97488]]],[190,[19.79087,36.24294,1,[58.99904,49.07547]]],[20,[30.06398,59.69888,2,[56.99913,39.11857]]],[264,[29.40684,53.06389,1,[57.99904,46.37025]]],[5,[22.05321,43.26399,1,[56.99906,39.95909]]],[208,[32.43269,57.56305,2,[57.99907,45.15549]]],[265,[30.40104,54.4187,1,[57.99903,45.60053]]],[211,[33.78383,61.27075,2,[57.99903,43.84459]]],[234,[28.97174,52.9912,1,[57.99902,45.33797]]],[64,[31.12096,60.83801,2,[56.99906,40.5794]]],[122,[32.34019,62.62127,2,[57.70662,41.00043]]],[40,[30.72121,59.68518,2,[56.99904,39.49752]]],[240,[34.38125,60.66838,2,[57.9991,44.80296]]],[162,[19.93977,38.46215,1,[58.999,47.84629]]],[241,[33.27561,62.30537,2,[57.99905,41.83102]]],[317,[30.02109,52.35356,1,[58.99905,47.10711]]],[3,[20.63657,40.72416,1,[56.99903,40.19036]]],[141,[24.95835,49.76683,1,[57.99901,42.08462]]],[271,[33.8274,61.9481,2,[57.99904,42.73727]]],[144,[27.01103,53.11227,2,[57.99906,43.8616]]],[42,[32.23164,62.88177,2,[56.99909,40.27987]]],[242,[33.10159,64.51697,2,[57.28776,41.00033]]],[4,[21.34822,42.21298,1,[56.99907,39.65867]]],[342,[34.44478,61.58647,2,[57.9991,42.63825]]],[354,[32.85744,51.77999,1,[58.99913,49.17569]]],[293,[30.8769,54.42704,1,[57.99903,46.53658]]],[110,[24.94134,49.85009,1,[56.99903,40.59579]]],[21,[31.27588,60.35887,2,[56.99913,38.97336]]],[298,[34.4095,61.34977,2,[57.99909,43.71892]]],[142,[25.5428,50.89037,1,[57.99904,42.28603]]],[209,[33.07395,58.86049,2,[57.99904,45.12042]]],[358,[35.04691,60.29713,2,[57.99906,43.63177]]],[93,[32.81977,63.85392,2,[56.99921,39.82882]]],[257,[26.52567,44.12104,1,[58.99912,49.4989]]],[339,[31.56772,53.93402,1,[58.99902,47.10934]]],[383,[31.93889,49.86089,1,[58.99903,49.07056]]],[22,[31.99922,62.05314,2,[56.99909,39.06619]]],[321,[34.99396,60.12229,2,[57.99908,44.71294]]],[297,[33.91373,61.63687,2,[57.99906,41.54191]]],[318,[31.66986,55.04198,1,[57.99901,46.4454]]],[396,[36.34556,54.66669,1,[58.99905,47.7511]]],[341,[34.97007,58.81103,2,[57.99908,45.80037]]],[344,[34.56567,64.1922,2,[57.99908,41.6029]]],[384,[37.24656,51.9997,1,[58.99907,47.78018]]],[204,[27.89523,53.10913,2,[57.99906,46.01617]]],[395,[38.02376,54.82882,1,[58.12949,47.00031]]],[343,[35.62731,62.78992,2,[57.99908,44.61166]]],[361,[35.12962,64.79131,2,[57.99907,42.51745]]],[357,[36.45333,57.35725,1,[58.05003,47.00035]]],[299,[33.83579,64.46189,2,[56.99906,40.95825]]],[212,[33.4368,64.6217,2,[56.99908,39.65328]]],[324,[34.40716,65.75626,2,[56.99911,40.76789]]],[340,[35.19025,55.45782,1,[58.99906,48.52977]]],[269,[34.34047,59.19489,2,[57.99911,46.9704]]],[312,[38.16043,50.90889,1,[57.99904,45.95443]]],[438,[36.86427,59.64876,1,[57.99905,45.95592]]],[360,[35.67031,64.18106,2,[57.99907,43.52056]]],[322,[35.02455,64.23626,2,[56.9991,40.7376]]],[408,[38.73317,56.47869,1,[57.99902,46.87991]]],[210,[34.36102,60.22218,2,[57.9991,45.89331]]],[376,[35.62746,66.7215,2,[57.99911,42.13655]]],[272,[34.07758,65.72581,2,[56.99912,39.44606]]],[423,[37.18108,57.06971,1,[58.20901,47.00032]]],[407,[37.53777,57.00924,1,[57.99903,46.09531]]],[296,[35.27197,58.06216,2,[58.99912,47.50366]]],[323,[34.78481,65.62461,2,[56.99907,39.47568]]],[334,[39.33483,51.7813,1,[57.99905,46.30598]]],[319,[34.07394,54.79058,2,[58.99911,48.71424]]],[362,[35.0968,66.82797,2,[57.99909,41.02608]]],[143,[26.36347,52.12496,2,[57.99905,43.5405]]],[394,[38.1384,52.8679,1,[58.99903,47.75997]]],[6,[22.89004,44.91775,1,[56.99903,39.87619]]],[278,[38.73662,39.34488,1,[57.99901,45.65734]]],[282,[39.28376,43.68311,1,[57.99904,45.01804]]],[270,[34.97311,60.65466,2,[57.99909,46.9234]]],[237,[32.31504,56.78807,2,[57.99908,46.16712]]],[385,[36.11222,52.79528,1,[58.99907,48.70626]]],[409,[35.63403,58.09822,1,[57.9991,46.78886]]],[145,[27.76036,54.36233,2,[57.99906,44.07763]]],[345,[35.56182,66.75309,2,[56.99909,39.99244]]],[375,[36.19788,68.39156,2,[57.99904,41.30677]]],[279,[39.91995,40.4856,1,[57.99902,45.92844]]],[422,[36.93767,59.19321,1,[57.99905,44.84012]]],[393,[39.44254,52.65562,1,[58.999,47.15457]]],[266,[31.11416,55.64169,2,[57.99901,45.6351]]],[295,[33.5989,55.91121,2,[58.99904,47.63389]]],[308,[38.16794,53.10038,1,[57.99902,44.81406]]],[335,[38.77457,48.28333,1,[58.999,47.2425]]],[113,[26.13855,52.1046,2,[57.99905,42.39208]]],[310,[39.25893,47.194,1,[57.99904,43.56166]]],[267,[32.47095,56.22264,2,[58.64237,47.00049]]],[374,[36.25387,67.89673,2,[56.99901,40.58478]]],[307,[37.54829,51.15324,1,[57.99902,45.00177]]],[382,[38.93224,50.31332,1,[58.999,48.29211]]],[268,[33.48326,57.71593,2,[58.24275,47.00026]]],[381,[40.13235,47.8443,1,[58.999,47.24106]]],[285,[38.69803,46.47803,1,[57.99901,44.2748]]],[256,[40.8797,44.08453,1,[58.999,48.19506]]],[294,[32.89281,54.75087,2,[58.99911,47.89146]]],[238,[33.01424,57.82645,2,[57.99904,46.18953]]],[439,[36.23331,59.73075,1,[57.99907,45.8917]]],[276,[39.93196,35.27779,1,[58.99901,48.31585]]],[359,[36.28273,61.68019,2,[57.99906,44.83539]]],[468,[38.65128,61.64051,1,[57.99901,42.64272]]],[248,[38.02462,36.1436,1,[58.99906,48.82243]]],[369,[37.0186,50.76019,1,[58.99908,48.76839]]],[275,[30.38394,32.79115,1,[58.999,50.59362]]],[175,[28.20894,54.49628,2,[57.99903,45.18648]]],[424,[36.89706,62.63377,1,[57.99904,43.5947]]],[371,[39.44799,55.58462,1,[58.999,49.36826]]],[406,[37.56254,57.87497,1,[57.99902,43.90334]]],[277,[41.04618,36.89399,1,[58.99901,47.03386]]],[55,[24.26917,47.77028,1,[56.99907,39.86985]]],[368,[31.07413,49.72842,1,[58.99915,49.0334]]],[254,[41.94774,42.54024,1,[58.999,47.70762]]],[421,[38.14446,58.58719,1,[57.99902,43.4163]]],[159,[17.81662,35.22028,1,[58.99905,48.28679]]],[246,[41.63999,34.03038,1,[58.999,48.9259]]],[454,[36.2961,62.57927,1,[57.99905,43.74067]]],[311,[40.63322,45.43912,1,[57.999,46.1408]]],[309,[41.36802,44.93723,1,[57.99902,45.83305]]],[181,[33.74136,61.27483,2,[57.99903,44.92245]]],[192,[21.13702,38.57292,1,[58.99918,48.90594]]],[253,[25.51059,39.90943,1,[58.9991,48.92168]]],[280,[40.60112,39.25395,1,[58.999,49.27503]]],[453,[37.94198,61.34883,1,[57.99902,41.92591]]],[284,[42.69164,43.88822,1,[58.99901,48.2909]]],[239,[33.69161,59.18234,2,[57.99903,45.99348]]],[189,[18.93189,35.24087,1,[58.99903,48.95948]]],[372,[35.58503,59.55607,1,[57.99908,45.67738]]],[161,[19.26145,37.27542,1,[58.99905,48.04338]]],[252,[33.96452,39.45432,1,[58.99902,49.77486]]],[174,[27.46643,53.22704,2,[57.99905,44.92205]]],[469,[37.42867,62.44602,1,[57.99903,42.6985]]],[484,[36.8158,64.16466,1,[57.99902,42.1073]]],[281,[39.87247,43.24121,1,[57.99903,44.51712]]],[191,[20.54204,37.41965,1,[58.99922,49.17997]]],[313,[42.28936,48.64992,1,[57.999,46.27068]]],[373,[36.28067,64.02,1,[57.99904,42.60517]]],[365,[40.64867,50.32914,1,[57.999,44.77428]]],[370,[35.56216,53.29968,1,[58.99904,49.60515]]],[437,[37.19804,63.03729,1,[57.99905,41.10424]]],[250,[50.78267,53.13986,1,[58.99907,48.63502]]],[112,[25.56815,50.94063,1,[57.99904,41.21908]]],[320,[34.38205,56.80708,2,[58.99911,47.58034]]],[0,[18.6612,37.1129,1,[56.99904,40.41249]]]
3:[215,[33.66771,66.87283,1,[48.00018,80.5675]]],[185,[35.54568,70.95431,1,[48.00053,82.67297]]],[186,[34.47273,67.70302,1,[48.49615,80.00097]]],[156,[36.28681,72.23721,1,[48.00057,82.54775]]],[155,[37.31714,74.29433,1,[48.00068,83.19619]]],[157,[35.41682,70.42646,1,[48.43673,80.00096]]],[126,[37.82956,74.43188,1,[48.0006,82.70706]]],[127,[36.32664,72.36154,1,[48.00034,80.28595]]],[96,[38.64473,76.63641,1,[48.00062,82.80603]]],[187,[35.3064,67.00586,1,[49.00027,78.13892]]],[158,[36.85195,71.43839,1,[48.95177,80.00095]]],[128,[37.68299,74.53193,1,[48.00052,81.10843]]],[98,[37.53729,74.02329,1,[48.6932,80.0009]]],[125,[39.50827,76.66584,1,[48.00069,83.34132]]],[97,[38.93826,76.76017,1,[48.0008,81.79122]]],[95,[40.55072,78.82597,1,[48.00063,83.46255]]],[129,[36.21034,70.32051,1,[49.00035,76.97994]]],[69,[39.69109,78.63186,1,[48.00084,82.1838]]],[45,[40.86456,81.08155,1,[48.00071,82.7326]]],[70,[38.43007,76.30364,1,[48.00075,80.32318]]],[71,[39.99589,78.47995,1,[48.00064,81.4727]]],[99,[38.3037,75.00332,1,[49.00058,79.88056]]],[68,[41.75813,80.76969,1,[48.00072,83.44133]]],[100,[39.10873,76.23844,1,[48.22071,80.00083]]],[130,[36.99612,71.40363,1,[49.00039,76.87027]]],[101,[40.51318,79.181,1,[48.00064,81.19261]]],[72,[41.45146,81.28283,1,[48.00077,82.10233]]],[131,[39.9075,76.32497,1,[48.64474,80.00092]]],[73,[40.47543,79.34511,1,[48.12884,80.00075]]],[160,[38.73587,73.14398,1,[49.00043,78.73582]]],[44,[42.73964,82.62226,1,[48.00071,83.42152]]],[102,[40.23516,78.0502,1,[49.00063,79.23784]]],[25,[42.04189,83.59212,1,[48.00072,81.9363]]],[218,[38.72512,68.23999,1,[49.00037,77.06872]]],[216,[37.42649,62.81413,1,[49.00047,75.69614]]],[46,[42.80428,83.38903,1,[48.00092,82.10856]]],[47,[41.26516,81.37802,1,[48.00079,80.84127]]],[48,[42.1264,82.49318,1,[48.00082,80.94803]]],[67,[43.83461,82.73965,1,[48.00069,83.48932]]],[74,[41.45289,80.74669,1,[48.58481,80.00063]]],[103,[40.80476,78.8733,1,[49.00053,79.15818]]],[75,[42.62147,83.16795,1,[48.00079,80.65556]]],[24,[43.65607,85.3008,1,[48.00087,82.33131]]],[193,[41.19762,77.57228,1,[49.00073,78.67763]]],[132,[39.09228,73.15923,1,[49.00048,76.40511]]],[134,[42.09054,81.53948,1,[48.58842,80.00055]]],[26,[43.33034,84.57014,1,[48.00086,81.09605]]],[43,[44.43458,84.80737,1,[48.00089,83.09]]],[133,[39.63666,73.91733,1,[49.00043,76.09237]]],[104,[42.90102,82.67982,1,[48.93153,80.00061]]],[76,[43.91666,85.20347,1,[48.00085,80.82855]]],[164,[41.95966,79.66695,1,[49.00055,78.88403]]],[23,[45.51332,88.17339,1,[48.00078,83.51106]]],[105,[43.34428,85.47996,1,[48.23819,80.00056]]],[49,[44.71207,86.14777,1,[48.00083,82.13702]]],[135,[43.08603,82.74442,1,[49.00072,79.14545]]],[8,[45.61098,87.53337,1,[48.0008,82.37321]]],[78,[44.26872,86.85233,1,[48.00076,80.21883]]],[163,[40.38009,73.17599,1,[49.00043,76.13144]]],[51,[45.00368,87.85582,1,[48.00079,81.05958]]],[194,[41.99312,77.61012,1,[49.00051,77.808]]],[7,[46.89857,90.12415,1,[48.00071,83.52088]]],[136,[44.09241,83.934,1,[49.00072,79.73707]]],[167,[44.97089,85.4417,1,[48.74846,80.00078]]],[50,[45.93853,87.66587,1,[48.00085,81.66291]]],[221,[40.87033,70.81212,1,[49.00027,75.33508]]],[27,[46.69901,88.36851,1,[48.00085,82.39043]]],[165,[42.88229,78.85841,1,[49.00067,77.72479]]],[166,[44.09608,81.31557,1,[49.00068,78.63386]]],[106,[45.34898,86.68658,1,[48.00084,80.44825]]],[77,[46.34213,88.97808,1,[48.00085,81.13135]]],[196,[44.98978,81.85168,1,[49.00077,78.78095]]],[223,[41.91367,73.4027,1,[49.00041,75.85947]]],[195,[43.35118,76.70119,1,[49.0007,77.09734]]],[9,[48.07547,91.41023,1,[48.00052,83.58967]]],[137,[45.7318,87.21469,1,[49.00084,79.81271]]],[29,[47.1317,90.34121,1,[48.00066,81.89763]]],[245,[44.17797,64.91141,1,[49.00075,77.44443]]],[138,[47.49709,91.1234,1,[48.00085,81.24776]]],[188,[42.55879,65.03228,1,[49.00037,74.85423]]],[198,[46.61091,87.16592,1,[48.00063,80.30605]]],[28,[48.15214,90.34019,1,[48.00066,82.50669]]],[107,[45.85365,89.04782,1,[48.0571,80.00046]]],[199,[47.35546,89.24227,1,[48.00085,80.08424]]],[226,[45.4937,80.97857,1,[49.00085,78.49324]]],[227,[47.09617,84.63574,1,[49.00067,79.96491]]],[197,[46.22593,85.54009,1,[49.00087,79.26476]]],[229,[47.54059,88.45757,1,[49.00084,79.46313]]],[53,[48.14312,91.73327,1,[48.00075,81.21909]]],[225,[44.64067,77.26088,1,[49.00062,77.12946]]],[260,[46.68108,86.43359,1,[49.00067,78.41349]]],[228,[45.601,81.61253,1,[49.00073,77.53713]]],[30,[48.95866,92.32212,1,[48.00087,82.18762]]],[217,[43.44838,64.12409,1,[49.00051,75.20348]]],[168,[48.5146,90.24264,1,[48.00079,80.69225]]],[10,[49.63146,92.89909,1,[48.00088,83.53361]]],[200,[48.28146,92.65694,1,[48.70288,80.00066]]],[222,[44.26544,70.68568,1,[49.00051,75.3607]]],[259,[45.90199,81.32327,1,[49.00068,76.77241]]],[79,[49.25092,93.52908,1,[48.00091,80.98974]]],[230,[48.91456,91.31255,1,[48.30764,80.00064]]],[52,[49.7911,94.56564,1,[48.00092,82.08805]]],[258,[46.74578,80.324,1,[49.00067,77.17655]]],[139,[49.9963,94.67797,1,[48.00097,81.07445]]],[251,[44.82846,69.00068,1,[49.0003,74.95531]]],[108,[50.65479,96.57839,1,[48.00083,82.34536]]],[261,[47.71321,87.02576,1,[49.00072,78.58157]]],[11,[50.84214,93.72142,1,[48.00068,83.504]]],[224,[45.82948,72.45966,1,[49.00026,75.21532]]],[169,[49.4712,91.99797,1,[48.0291,80.00037]]],[262,[49.45109,91.05882,1,[49.00084,79.45838]]],[231,[48.65229,89.97489,1,[49.00072,79.34756]]],[170,[50.44992,95.51813,1,[48.00077,80.63631]]],[233,[49.86732,91.88247,1,[49.00082,78.96681]]],[366,[48.93583,84.92596,1,[49.00079,78.15207]]],[109,[51.20307,97.51537,1,[48.0007,81.95578]]],[201,[50.60759,95.24445,1,[48.93916,80.00063]]],[286,[47.38602,79.34749,1,[49.00076,77.10404]]],[232,[50.82495,93.37409,1,[48.00082,80.05095]]],[287,[49.28556,81.46802,1,[49.00078,77.54156]]],[288,[48.26274,85.94934,1,[49.00073,77.87278]]],[289,[51.13286,90.98648,1,[49.00074,79.45361]]],[255,[46.66805,73.51385,1,[49.00045,75.27037]]],[80,[52.22708,98.17548,1,[48.00088,81.27899]]],[249,[48.13257,67.51644,1,[49.00052,75.64653]]],[314,[50.34636,88.01729,1,[49.00075,78.61655]]],[140,[51.54077,98.75909,1,[48.00083,81.24433]]],[203,[51.51345,94.92633,1,[48.00089,80.13691]]],[283,[47.80474,75.73881,1,[49.00074,76.33942]]],[32,[52.40422,96.36356,1,[48.00087,82.3865]]],[315,[51.6463,89.06624,1,[49.00082,79.24966]]],[316,[49.83227,86.497,1,[49.00078,77.15492]]],[54,[52.92299,98.14412,1,[48.001,81.66693]]],[1,[52.48755,95.27257,1,[48.00072,83.45881]]],[12,[53.91347,95.85776,1,[48.00098,82.80282]]],[202,[52.284,96.658,1,[48.00084,80.23853]]],[15,[52.99797,99.89653,1,[48.001,80.58082]]],[336,[50.78564,86.03003,1,[49.00067,77.89471]]],[14,[53.91272,99.4032,1,[48.001,81.70758]]],[31,[55.19553,98.44781,1,[48.0005,83.45348]]],[247,[48.8429,65.34195,1,[49.00051,75.63645]]],[173,[53.10495,98.76816,1,[49.00069,79.94741]]],[290,[52.33684,91.73811,1,[49.00083,79.66763]]],[171,[53.88447,98.89722,1,[48.55355,80.00037]]],[13,[54.84728,99.51127,1,[48.001,81.46313]]],[2,[55.49691,98.63326,1,[48.00075,82.70815]]],[337,[51.65031,88.41092,1,[49.00082,78.06339]]],[367,[49.69221,80.89597,1,[49.00079,75.72928]]],[338,[53.48145,92.81874,1,[49.0008,79.34348]]],[291,[52.5602,90.91788,1,[49.00089,78.6671]]],[33,[54.19215,102.4432,1,[48.00099,80.68364]]],[263,[54.99202,96.46503,1,[48.001,80.14933]]],[172,[55.6396,101.9412,1,[48.00073,81.64625]]],[219,[50.7055,68.91397,1,[49.00065,76.53397]]],[220,[51.2277,69.04554,1,[49.00073,76.10282]]],[355,[52.21442,88.76295,1,[49.0009,77.27913]]],[356,[53.33731,90.20641,1,[49.0008,78.06311]]],[81,[56.35828,102.7515,1,[48.00083,81.96891]]],[292,[54.91122,96.61259,1,[49.00097,79.66257]]],[190,[52.91925,70.51172,1,[49.00076,76.49921]]],[264,[54.1996,95.18779,1,[49.00085,78.91586]]],[5,[56.70277,102.2906,1,[48.00064,83.4325]]],[265,[55.67432,100.4712,1,[48.00089,80.07529]]],[234,[56.38515,101.0381,1,[48.00085,80.87857]]],[162,[56.73031,77.75511,1,[48.78626,80.00058]]],[317,[55.62155,93.52074,1,[49.00092,79.22961]]],[3,[57.15748,100.4452,1,[48.00076,82.6917]]],[141,[57.10206,106.7795,1,[48.00084,81.38727]]],[4,[57.92141,104.0296,1,[48.00087,82.13517]]],[354,[54.60741,87.58918,1,[49.00084,78.00812]]],[293,[57.11172,97.78116,1,[48.00084,80.11034]]],[110,[58.25793,110.1348,1,[48.00072,83.46082]]],[142,[59.23215,109.1599,1,[48.00061,83.35715]]],[257,[57.21733,80.05029,1,[49.00078,79.09142]]],[339,[57.9848,97.96296,1,[48.00091,81.04261]]],[383,[56.23376,85.31384,1,[49.00082,78.60094]]],[318,[58.76486,101.5102,1,[48.0009,81.94762]]],[396,[58.01604,93.09356,1,[48.3158,80.00088]]],[384,[58.31119,89.58524,1,[49.00061,79.37598]]],[395,[59.04187,93.98419,1,[48.00063,80.11684]]],[357,[60.03279,99.57455,1,[48.00074,81.76756]]],[340,[56.60679,88.18221,1,[49.00037,76.09641]]],[312,[59.80481,92.01994,1,[48.00086,80.23077]]],[438,[60.77472,104.088,1,[48.00087,82.40984]]],[408,[59.2264,95.20302,1,[49.00066,79.59129]]],[423,[60.88668,98.37679,1,[48.00074,81.43976]]],[407,[61.84095,100.5984,1,[48.00085,82.18766]]],[296,[59.34473,98.29156,2,[48.00053,81.64079]]],[334,[59.75549,90.58876,1,[49.00046,79.41121]]],[394,[58.05466,88.66235,1,[49.00059,77.77479]]],[6,[60.67052,109.2393,1,[48.0007,83.43506]]],[278,[60.43229,80.09743,1,[48.18309,80.00076]]],[282,[61.06369,85.56432,1,[48.00074,80.03687]]],[385,[57.69672,85.4368,1,[49.00044,75.82895]]],[409,[61.84592,103.7359,1,[48.00073,83.4178]]],[279,[61.20676,80.95773,1,[49.00076,79.46886]]],[422,[62.88473,106.4793,1,[48.0007,83.47658]]],[393,[60.50032,92.00132,1,[49.00061,79.24049]]],[308,[61.86118,97.02818,1,[48.00087,81.09098]]],[335,[59.09358,84.50223,1,[49.0005,77.39146]]],[310,[62.03497,91.10738,1,[48.07862,80.00068]]],[307,[62.92201,97.48666,1,[48.00071,82.4642]]],[382,[59.93771,86.07122,1,[49.00071,77.43902]]],[381,[61.89016,87.91463,1,[49.00064,79.67841]]],[285,[62.77306,91.28194,1,[48.00085,81.07063]]],[256,[62.59058,83.30024,1,[49.00073,79.58221]]],[439,[63.74274,105.8338,1,[48.00084,82.13343]]],[276,[60.84696,71.69563,1,[49.00071,78.01497]]],[468,[63.26757,108.4866,1,[48.0008,80.58363]]],[248,[59.30463,68.6703,1,[49.00069,75.68933]]],[369,[58.3194,82.73102,1,[49.00059,75.27513]]],[275,[61.73597,68.69229,1,[49.0007,78.17896]]],[424,[64.48283,111.5082,1,[48.00089,82.11304]]],[371,[60.30816,88.53046,1,[49.00066,76.26044]]],[406,[63.99953,104.7204,1,[48.00099,80.923]]],[277,[63.28376,79.16521,1,[48.92878,80.00061]]],[55,[65.26605,114.1011,1,[48.00097,82.69736]]],[368,[62.38733,85.82047,1,[49.00069,78.02885]]],[254,[63.99124,84.41775,1,[48.74553,80.00056]]],[421,[64.82993,106.763,1,[48.00089,81.2436]]],[159,[61.0793,70.79314,1,[49.00064,76.22012]]],[246,[63.39759,72.57121,1,[49.0008,79.00932]]],[454,[65.6871,112.9075,1,[48.00097,81.85324]]],[311,[64.25912,88.8261,1,[48.00087,80.02944]]],[309,[65.18494,89.6166,1,[48.00084,80.47862]]],[192,[62.10635,74.11749,1,[49.00069,76.40727]]],[253,[63.23577,76.22048,1,[49.00075,77.73384]]],[280,[64.30765,77.51688,1,[49.0008,79.02449]]],[453,[66.04787,112.0914,1,[48.00068,80.89399]]],[284,[65.2244,86.65913,1,[49.00085,79.61798]]],[189,[62.96363,70.33249,1,[49.00076,76.21779]]],[372,[66.88125,108.6104,1,[48.001,82.68911]]],[161,[64.31274,75.20275,1,[49.00064,77.39108]]],[252,[66.02237,80.20574,1,[48.80457,80.00076]]],[469,[66.88956,114.8327,1,[48.001,81.58997]]],[484,[68.19541,118.1142,1,[48.00062,83.08058]]],[281,[67.94782,91.86073,1,[48.00089,81.74445]]],[191,[65.41813,78.63828,1,[49.00082,78.41455]]],[313,[66.68774,93.51202,1,[48.00098,80.42236]]],[373,[69.05914,120.2434,1,[48.00058,82.75101]]],[365,[67.70548,98.35618,1,[48.00089,80.33211]]],[370,[66.73282,98.05412,1,[49.00092,79.53658]]],[437,[69.82181,119.5793,1,[48.00055,82.52215]]],[250,[69.55271,90.36443,1,[48.00021,80.51252]]],[112,[73.23985,124.6752,1,[48.00078,82.15507]]],[320,[65.11858,101.7296,2,[48.001,83.59731]]],[0,[87.40064,124.7846,1,[48.00081,82.51484]]]
2:[115,[58.60716,115.8411,2,[32.00154,95.001]]],[114,[58.39077,115.5748,2,[30.93341,95.001]]],[84,[58.09326,115.5707,2,[29.77679,94.001]]],[86,[59.18574,116.9519,2,[31.36765,95.001]]],[116,[59.57394,116.4155,2,[32.17648,95.001]]],[85,[59.22043,116.8045,2,[30.26868,95.001]]],[83,[58.32967,116.4002,2,[28.5988,94.001]]],[82,[59.89002,117.6199,1,[30.84817,95.00099]]],[87,[60.16169,117.7078,2,[31.97046,95.00098]]],[58,[59.06515,117.6381,2,[29.39359,94.001]]],[59,[60.34457,119.0114,2,[30.10984,95.00099]]],[60,[60.66631,119.289,2,[31.07558,95.00099]]],[57,[59.23075,118.1955,2,[28.32805,94.001]]],[117,[61.01431,117.5092,2,[32.0368,95.00098]]],[35,[59.89014,119.0151,2,[28.96592,94.001]]],[61,[61.04364,120.7726,2,[30.06701,95.00098]]],[88,[61.36305,118.9851,2,[31.10417,95.00098]]],[36,[60.49371,119.6782,2,[28.99602,94.001]]],[56,[59.80122,119.2106,2,[27.88163,94.001]]],[177,[61.84035,117,2,[31.99987,95.00096]]],[89,[61.11261,120.3273,2,[29.84826,94.00098]]],[147,[62.08862,118.4441,2,[30.81485,95.00098]]],[34,[60.52803,119.894,2,[27.89613,94.001]]],[37,[61.104,120.9734,2,[28.74096,94.001]]],[38,[61.66386,121.192,2,[29.39689,94.001]]],[176,[62.68535,116.355,2,[32.06477,95.00097]]],[236,[62.66052,115.7085,2,[30.85297,95.00099]]],[118,[62.2342,119.4282,2,[29.67484,94.001]]],[206,[63.28062,115.1855,2,[31.32534,95.00095]]],[18,[61.95322,122.4482,2,[28.2675,94.001]]],[16,[61.41171,121.1051,2,[27.87444,94.001]]],[148,[63.29563,119.1412,2,[30.19348,95.00096]]],[205,[63.84342,114.5439,2,[31.51198,95.00099]]],[62,[62.52511,121.5108,2,[28.79588,94.00099]]],[149,[63.85039,120.1158,2,[30.09317,95.001]]],[119,[63.1198,120.5574,2,[29.07478,94.001]]],[178,[64.28513,117.8205,2,[30.83336,95.00099]]],[111,[64.15612,115.1469,1,[32.43205,95.001]]],[17,[62.49999,123.2448,2,[27.69423,94.001]]],[39,[63.0539,123.658,2,[27.98509,94.001]]],[120,[63.96078,121.6349,2,[29.76631,94.001]]],[179,[64.7367,118.683,2,[31.55088,95.001]]],[235,[64.852,112.7966,2,[32.59089,95.001]]],[90,[63.66443,122.1922,2,[28.85039,94.001]]],[150,[64.94019,121.1613,2,[30.50853,95.001]]],[121,[65.36867,122.1478,2,[31.27136,95.001]]],[207,[65.55463,115.3088,2,[32.28345,95.00099]]],[91,[64.22702,123.5464,2,[28.75655,94.001]]],[63,[63.62087,124.0586,2,[27.7627,94.001]]],[92,[65.60081,123.8858,2,[30.21485,95.001]]],[65,[64.61932,124.6739,2,[29.49537,94.001]]],[146,[66.17347,115.6642,2,[32.54088,95.001]]],[151,[66.00933,121.3156,2,[31.14789,95.001]]],[19,[64.26981,125.4654,2,[27.6809,94.001]]],[180,[66.56931,119.8543,2,[31.71949,95.001]]],[152,[65.66836,124.4821,2,[29.89337,94.001]]],[41,[65.23482,125.3238,2,[29.07199,94.001]]],[182,[66.68874,124.044,2,[30.64929,95.001]]],[20,[64.81754,125.8261,2,[28.29208,94.00098]]],[208,[67.13679,116.4913,2,[32.41444,95.001]]],[211,[67.17733,121.4794,2,[31.29682,95.001]]],[64,[65.83252,125.4716,2,[28.78234,94.001]]],[122,[66.2859,125.9546,2,[29.54844,94.001]]],[40,[65.40787,126.3237,2,[27.92706,94.001]]],[240,[67.70897,119.6061,2,[31.68643,95.001]]],[241,[67.3676,125.4718,2,[30.2692,95.001]]],[271,[67.94779,123.6749,2,[30.70506,95.001]]],[144,[68.04172,115.2728,2,[32.53699,95.001]]],[42,[66.50436,127.1965,2,[28.5126,94.001]]],[242,[66.97779,127.6781,2,[29.06899,94.00099]]],[342,[67.45389,122.876,2,[29.65881,94.001]]],[21,[66.08825,126.5401,2,[27.76233,94.001]]],[298,[68.45922,121.8463,2,[31.38334,95.00099]]],[209,[68.75248,117.7553,2,[32.4113,95.00099]]],[358,[68.52008,121.4714,2,[30.2739,95.00099]]],[93,[67.435,128.679,2,[28.33865,94.001]]],[22,[66.93309,128.5725,2,[27.78848,94.001]]],[321,[69.04502,120.06,2,[30.86072,95.00099]]],[297,[67.94251,124.6086,2,[29.01021,94.001]]],[341,[69.31732,117.1246,2,[31.8857,95.001]]],[344,[68.5781,126.9473,2,[29.74872,94.001]]],[204,[69.87894,113.3261,2,[32.53769,95.00099]]],[343,[69.86974,122.5639,2,[31.31312,95.001]]],[361,[69.63525,127.4244,2,[30.28332,95.001]]],[299,[68.48175,127.9987,2,[28.62495,94.001]]],[212,[68.01586,130.1544,2,[27.86841,94.001]]],[324,[69.07382,129.2369,2,[29.09029,94.001]]],[269,[70.43973,116.6328,2,[31.92792,95.001]]],[360,[70.31733,125.6027,2,[30.44417,95.001]]],[322,[69.66018,127.6861,2,[29.25932,94.00099]]],[210,[71.09863,118.4002,2,[32.24346,95.00099]]],[376,[70.85874,129.1575,2,[31.0991,95.001]]],[272,[68.94371,131.3493,2,[27.94367,94.001]]],[323,[69.6216,131.1552,2,[28.11092,94.001]]],[319,[71.10458,113.5836,2,[30.10464,95.001]]],[362,[70.24803,130.5001,2,[29.14849,94.001]]],[143,[71.50919,117.5495,2,[31.46305,95.00099]]],[270,[71.68246,118.9806,2,[30.41159,95.001]]],[237,[72.08121,115.2414,2,[31.63013,95.00099]]],[145,[72.42581,115.3807,2,[32.45094,95.001]]],[345,[70.33905,131.4805,2,[28.06338,94.001]]],[375,[71.02911,132.2896,2,[29.17935,94.001]]],[266,[72.25407,118.3875,2,[30.39125,95.001]]],[295,[72.66055,114.533,2,[31.12038,95.00099]]],[113,[73.01505,120.5356,2,[32.03519,95.00099]]],[267,[71.64901,117.0621,2,[29.36378,94.001]]],[374,[71.07151,132.5987,2,[28.07769,94.001]]],[268,[72.33005,118.5041,2,[29.85972,94.001]]],[213,[73.28008,144.1348,3,[30.79669,95.00099]]],[294,[72.29075,116.1347,2,[28.66148,94.001]]],[238,[73.72736,119.5323,2,[31.89937,95.00098]]],[359,[71.78288,122.8861,2,[28.15269,94.001]]],[123,[73.15112,145.8947,3,[29.67133,94.001]]],[183,[74.00996,145.9675,3,[30.74845,95.001]]],[175,[74.55179,115.027,2,[32.54149,95.001]]],[153,[72.90668,145.2015,3,[28.49869,94.00098]]],[243,[74.56772,145.2754,3,[31.42544,95.001]]],[273,[75.2563,145.9674,3,[31.81289,95.00099]]],[154,[74.03188,147.9045,3,[29.45111,94.001]]],[214,[74.81229,148.0841,3,[30.40378,95.001]]],[66,[73.63371,146.951,3,[28.59209,94.001]]],[274,[75.45101,149.2639,3,[30.75032,95.00099]]],[124,[74.86793,149.3103,3,[29.35802,94.001]]],[94,[74.4342,148.6434,3,[28.40788,94.001]]],[181,[76.1143,121.9255,2,[32.3276,95.00098]]],[301,[76.01943,148.0886,3,[31.18983,95.00098]]],[244,[75.50341,150.1353,3,[29.95358,94.00099]]],[239,[76.78365,118.5963,2,[31.53032,95.00099]]],[302,[76.61725,150.6149,3,[30.26824,95.00098]]],[174,[77.51398,117.3644,2,[31.77563,95.001]]],[184,[75.9742,151.3739,3,[28.78356,94.00099]]],[346,[77.43424,150.618,3,[30.44908,95.001]]],[325,[76.63992,151.3603,3,[29.31268,94.00098]]],[326,[78.45274,149.4603,3,[31.31051,95.00097]]],[300,[79.28263,154.0314,3,[31.36194,95.00098]]],[320,[89.66718,137.9356,2,[31.76332,95.001]]]
4:[213,[33.27018,65.82836,3,[59.03767,25.00055]]],[123,[33.24993,66.41534,3,[57.9991,22.79244]]],[183,[33.40515,66.23324,3,[58.99911,23.6143]]],[153,[32.73344,65.40179,3,[58.99903,23.74159]]],[243,[34.02414,67.14824,3,[58.9992,24.96638]]],[273,[34.84475,67.87064,3,[58.99909,24.95261]]],[154,[34.23868,68.40304,3,[57.99914,22.88981]]],[214,[34.2123,68.25543,3,[58.99913,23.73371]]],[66,[32.74841,65.35974,3,[57.99902,21.47239]]],[274,[34.7909,68.96306,3,[58.99903,23.29881]]],[124,[34.38397,68.534,3,[57.99916,21.56491]]],[94,[33.60106,67.07982,3,[57.99905,21.61284]]],[301,[35.54553,69.45013,3,[58.99915,24.59277]]],[244,[35.59557,70.46735,3,[57.99908,22.47248]]],[302,[35.60329,70.34876,3,[58.99908,23.27713]]],[184,[35.03416,69.63148,3,[57.99908,21.14965]]],[346,[36.30875,71.37313,3,[58.99919,24.50076]]],[325,[36.45071,71.53191,3,[58.70107,23.00046]]],[326,[37.04142,70.33575,3,[58.99914,24.42643]]],[300,[38.79209,74.4231,3,[58.99904,23.8674]]]
7:[532,[28.35373,40.10336,0,[77.73366,93.00076]]]

Travel Distances:
[515,75.46145],[528,75.53738],[501,75.12955],[500,75.48109],[516,76.19606],[486,76.58893],[485,77.06126],[502,77.89846],[472,78.62505],[471,78.94961],[487,79.67863],[473,79.1884],[470,77.06231],[488,80.24047],[474,80.60468],[458,80.33421],[459,81.30811],[443,81.2416],[456,78.67726],[489,81.99646],[444,82.36715],[455,79.34742],[460,82.28767],[475,81.32024],[457,80.51883],[505,83.52376],[529,78.88948],[428,85.15774],[445,85.80358],[215,90.52789],[476,83.59811],[442,81.33065],[441,81.75142],[185,93.15524],[517,80.8588],[430,85.88731],[186,92.57238],[156,94.90936],[429,85.58138],[427,83.7284],[440,81.05184],[155,95.22945],[399,84.59342],[157,96.95478],[413,85.69411],[126,96.31268],[503,82.52718],[127,97.30943],[461,86.22166],[96,96.9449],[414,87.87701],[187,95.78074],[158,97.38705],[539,81.70692],[446,88.24542],[128,98.00928],[412,83.49731],[98,100.6783],[432,89.67236],[125,98.22921],[431,89.27378],[97,100.389],[95,98.78687],[415,89.26074],[416,87.51974],[129,99.21886],[504,84.76176],[69,102.4044],[45,102.5762],[70,102.6186],[398,85.79208],[71,101.8737],[99,102.2375],[388,89.41055],[417,89.69422],[68,102.3831],[100,103.4139],[352,89.41759],[130,102.9655],[101,103.5382],[400,88.3055],[448,89.8112],[72,103.256],[401,88.99923],[131,102.0215],[73,103.926],[160,101.197],[387,90.19456],[44,103.5417],[351,88.86974],[102,105.3085],[25,106.5691],[218,98.62767],[402,91.53619],[216,95.74701],[46,104.7283],[411,86.061],[47,107.9346],[48,107.7183],[350,88.47387],[67,103.2204],[389,90.32965],[74,106.9276],[103,106.94],[490,87.16704],[75,107.465],[462,89.02834],[24,108.3507],[193,106.9864],[132,105.8097],[386,89.46368],[134,108.4175],[418,93.923],[26,109.1808],[43,105.1164],[133,106.0137],[104,110.1204],[447,92.83514],[76,110.1706],[410,87.57162],[164,109.4202],[426,84.78564],[23,108.614],[105,111.7309],[425,83.32176],[540,86.29338],[49,108.6257],[135,112.2286],[330,93.65844],[8,110.0148],[78,113.74],[163,107.0725],[51,112.6034],[329,90.46346],[378,91.71703],[194,108.1551],[7,109.9523],[136,110.7674],[167,112.8199],[50,111.9741],[347,92.28123],[433,93.2518],[221,106.6426],[27,110.4831],[165,110.2498],[166,110.5106],[106,112.4915],[77,113.1658],[331,93.5679],[196,111.5455],[223,109.0422],[195,109.8144],[332,93.41344],[9,112.1692],[137,114.2352],[29,113.6325],[530,89.0349],[245,95.69395],[333,91.31539],[138,114.303],[188,99.49052],[198,112.1699],[349,86.46897],[507,94.10608],[28,112.4446],[492,94.72728],[107,117.5655],[199,114.9757],[226,111.5117],[227,110.9644],[115,120.5614],[114,120.7817],[197,113.8324],[353,91.30729],[379,92.99623],[391,94.01196],[229,116.1798],[53,115.9108],[84,123.3636],[225,110.9201],[260,116.0882],[86,122.5563],[228,113.5795],[465,93.05088],[30,115.132],[116,121.1787],[217,100.8116],[85,122.3449],[168,115.2997],[419,94.7848],[10,112.7699],[200,119.2449],[83,123.7133],[82,123.5788],[222,107.3769],[259,114.9493],[79,118.7073],[87,123.0304],[58,125.1471],[363,96.82744],[230,118.5221],[52,116.884],[258,111.6842],[403,94.26282],[59,124.2893],[60,123.8946],[139,119.3627],[491,90.67899],[251,104.8963],[108,118.4411],[261,115.5626],[57,125.7226],[348,89.77216],[117,123.0707],[35,127.1657],[11,114.6562],[224,108.1133],[61,126.6671],[169,118.9095],[262,119.119],[463,94.27614],[231,119.7068],[88,123.8915],[170,119.7306],[306,93.29359],[36,126.6605],[405,95.29031],[56,127.502],[233,119.3679],[366,116.5141],[177,122.6947],[89,128.0063],[109,120.302],[201,122.0418],[286,113.0366],[420,95.45094],[328,90.78201],[147,124.0581],[477,94.8801],[34,128.7411],[37,128.7111],[232,118.5946],[287,112.1258],[305,93.94628],[288,117.9999],[38,127.8128],[176,120.6695],[289,117.4936],[236,120.1258],[255,109.2938],[80,123.726],[303,93.32332],[449,96.86699],[249,102.2091],[314,117.8235],[118,126.8052],[140,122.1815],[206,120.3847],[18,130.5021],[203,122.1366],[283,111.6082],[16,130.2206],[480,96.29749],[148,124.4578],[32,118.4453],[377,96.76827],[436,97.32224],[205,118.6591],[315,117.2279],[316,118.4306],[62,130.2683],[54,123.1391],[519,91.31781],[1,116.5912],[149,126.376],[12,118.5514],[467,98.35463],[119,128.1587],[178,123.0752],[202,123.6198],[111,119.8081],[15,125.2736],[390,95.27654],[336,117.5954],[17,132.2059],[14,122.0962],[31,118.1704],[483,95.08524],[499,98.20491],[39,131.4563],[120,127.6595],[247,102.4892],[179,124.6326],[235,118.2482],[90,130.7572],[173,126.3725],[290,120.9757],[171,125.4552],[13,123.4313],[2,119.8674],[150,126.9321],[452,97.78301],[121,127.0279],[207,119.6949],[337,120.1487],[91,131.015],[367,117.0468],[404,98.34767],[451,96.30173],[338,120.2301],[291,120.5247],[33,128.1835],[63,132.6765],[263,122.5499],[92,130.3765],[65,132.9464],[146,120.7726],[151,126.9574],[172,124.9853],[19,134.7719],[219,104.2365],[220,103.1687],[355,120.4055],[397,89.6541],[356,119.2999],[514,98.93496],[81,125.3998],[292,122.8329],[180,124.2417],[152,130.9087],[41,132.5182],[481,95.83309],[182,130.4682],[190,104.168],[545,92.45563],[20,136.0001],[264,125.0043],[5,123.4603],[208,121.6584],[533,93.85768],[265,127.6272],[498,99.19826],[211,126.8784],[234,125.7798],[548,91.83265],[64,133.5365],[122,133.0105],[518,89.09855],[40,135.2863],[240,123.9392],[380,93.38757],[162,103.2869],[241,130.5094],[317,121.214],[3,122.9434],[450,97.65401],[513,97.23753],[141,131.5083],[271,129.5561],[479,96.09388],[144,120.3755],[482,96.9956],[42,136.1025],[242,135.5996],[4,127.6822],[342,129.7754],[354,118.9054],[293,124.9031],[304,89.89931],[110,130.5316],[21,136.1883],[298,126.5329],[142,129.6707],[538,92.57805],[209,121.6031],[358,128.1253],[496,97.54853],[93,137.6752],[257,109.0793],[339,124.1087],[383,116.0898],[22,138.5711],[321,125.6473],[297,132.4999],[318,124.2569],[435,93.91008],[396,118.263],[341,121.9128],[494,94.65668],[344,133.6192],[384,116.2687],[537,96.72458],[535,91.30653],[552,93.40064],[204,118.9286],[395,121.1246],[343,128.388],[361,133.8927],[512,97.31804],[357,123.4625],[299,136.8247],[212,140.0096],[324,136.9331],[340,120.2896],[269,121.3203],[312,117.7444],[438,126.458],[360,130.6762],[527,96.12988],[478,93.41188],[464,96.86765],[322,134.2303],[408,122.3499],[210,123.8355],[376,135.0193],[272,141.2963],[423,123.0935],[407,123.4092],[296,120.9996],[323,139.829],[550,86.71035],[334,118.3247],[466,99.72884],[319,119.2858],[362,137.9162],[143,122.2505],[394,119.5062],[506,91.97716],[6,128.9738],[278,108.0784],[282,112.369],[270,125.4408],[547,95.37563],[237,120.8994],[385,118.7964],[409,125.2915],[145,120.4063],[345,140.6758],[375,140.2103],[521,95.09789],[279,107.9187],[422,126.7099],[544,93.29602],[393,120.3664],[266,123.8416],[295,119.0986],[308,120.2582],[549,85.65224],[335,117.7706],[113,126.2699],[310,118.1143],[267,125.6875],[374,142.3962],[307,119.4395],[534,92.62819],[382,117.7146],[268,125.6984],[381,115.6436],[213,149.4339],[285,115.2264],[256,109.4796],[526,98.23241],[554,95.34918],[294,123.4979],[238,123.7838],[439,126.9281],[276,102.7225],[359,133.2126],[553,99.79453],[468,133.8973],[248,103.3852],[369,118.5528],[522,94.46451],[275,97.97953],[123,153.5665],[183,151.8453],[175,119.7615],[424,133.5614],[371,120.9009],[153,153.3237],[406,128.8728],[243,149.9932],[277,104.9017],[508,94.18047],[551,96.68967],[327,89.78046],[542,95.88863],[493,101.7449],[55,136.4507],[273,151.3433],[154,155.8089],[368,116.2297],[214,154.0259],[254,111.1779],[66,155.6645],[421,131.1515],[525,102.9241],[159,104.1499],[274,154.2088],[541,91.6942],[246,100.9672],[495,101.5088],[454,134.6772],[311,115.2308],[124,157.4731],[94,157.7426],[309,115.6163],[181,127.531],[192,107.4784],[301,153.9155],[253,107.0682],[364,97.00597],[280,105.61],[453,135.8152],[546,98.04379],[531,96.2419],[284,112.3414],[244,157.0959],[239,122.9435],[392,102.2234],[189,104.1288],[536,104.5953],[302,157.2741],[372,131.5204],[497,104.1729],[161,105.7083],[524,105.4507],[252,105.9205],[174,122.2466],[184,159.3794],[509,97.79614],[346,155.7148],[520,97.16473],[523,100.5116],[325,158.0234],[469,139.4932],[484,138.6866],[543,100.3124],[510,102.0593],[281,116.2522],[191,108.5088],[326,154.4948],[313,120.4947],[373,141.5137],[511,103.6652],[434,100.9602],[365,124.7217],[370,128.1476],[300,159.4094],[532,99.51237],[437,141.6164],[250,116.4111],[112,149.0188],[320,142.5727],[0,147.7547]

Finish Times:
[515,39.04051],[528,39.16051],[501,39.88053],[500,40.36054],[516,40.52055],[486,40.80055],[485,41.24056],[502,41.32056],[472,41.60057],[471,42.04058],[487,42.12058],[473,42.52059],[470,42.9206],[488,42.9606],[474,43.40061],[458,43.68062],[459,44.08063],[443,44.36063],[456,44.44064],[489,44.96065],[444,45.08065],[455,45.20065],[460,45.72066],[475,45.76067],[457,46.28068],[505,46.48068],[529,46.64069],[428,47.1607],[445,47.3207],[215,47.56071],[476,47.60071],[442,47.76071],[441,48.16072],[185,48.20072],[517,48.36073],[430,48.40073],[186,48.76073],[156,49.00074],[429,49.04074],[427,49.16074],[440,49.40075],[155,49.64075],[399,49.72076],[157,50.08076],[413,50.08076],[126,50.24077],[503,50.48077],[127,50.56078],[461,50.68078],[96,50.92078],[414,51.00079],[187,51.20079],[158,51.28079],[539,51.32079],[446,51.4408],[128,51.6408],[412,51.92081],[98,52.00081],[432,52.04081],[125,52.08081],[431,52.20081],[97,52.52082],[95,52.72083],[415,52.80083],[416,52.84083],[129,52.88083],[504,53.00083],[69,53.08083],[45,53.36084],[70,53.48084],[398,53.48084],[71,53.68085],[99,53.80085],[388,53.80085],[417,53.92085],[68,53.96085],[100,54.12086],[352,54.24086],[130,54.28086],[101,54.32086],[400,54.52087],[448,54.60087],[72,54.64087],[401,54.76087],[131,54.80087],[73,54.88087],[160,54.92088],[387,55.16088],[44,55.24088],[351,55.32088],[102,55.40089],[25,55.56089],[218,55.60089],[402,55.76089],[216,55.8009],[46,55.9209],[411,56.0809],[47,56.1209],[48,56.1609],[350,56.36091],[67,56.48091],[389,56.60091],[74,56.68092],[103,56.72092],[490,56.76092],[75,56.84092],[462,56.92092],[24,57.16093],[193,57.28093],[132,57.32093],[386,57.36093],[134,57.40093],[418,57.44093],[26,57.48093],[43,57.88094],[133,57.92094],[104,58.00095],[447,58.00095],[76,58.12095],[410,58.12095],[164,58.28095],[426,58.36095],[23,58.48096],[105,58.60096],[425,58.68096],[540,58.68096],[49,58.76096],[135,58.96097],[330,58.96097],[8,59.08097],[78,59.24097],[163,59.32098],[51,59.36098],[329,59.40098],[378,59.56098],[194,59.68098],[7,59.76099],[136,59.88099],[167,59.96099],[50,60.00099],[347,60.08099],[433,60.08099],[221,60.161],[27,60.441],[165,60.441],[166,60.481],[106,60.561],[77,60.64101],[331,60.76101],[196,61.04102],[223,61.08102],[195,61.12102],[332,61.16102],[9,61.20102],[137,61.20102],[29,61.32102],[530,61.48103],[245,61.60103],[333,61.80103],[138,61.84103],[188,61.84103],[198,61.88103],[349,61.88103],[507,62.08104],[28,62.16104],[492,62.16104],[107,62.20104],[199,62.44105],[226,62.48105],[227,62.48105],[115,62.52105],[114,62.56105],[197,62.80106],[353,62.80106],[379,62.80106],[391,62.84106],[229,62.96106],[53,63.00106],[84,63.16106],[225,63.16106],[260,63.20107],[86,63.28107],[228,63.44107],[465,63.44107],[30,63.48107],[116,63.48107],[217,63.60107],[85,63.68108],[168,63.68108],[419,63.68108],[10,63.72108],[200,63.88108],[83,63.92108],[82,64.08109],[222,64.08109],[259,64.08109],[79,64.12109],[87,64.16109],[58,64.28109],[363,64.32109],[230,64.36109],[52,64.44109],[258,64.6411],[403,64.6811],[59,64.7211],[60,64.7211],[139,64.7211],[491,64.7611],[251,64.8011],[108,64.8411],[261,64.8411],[57,64.8811],[348,64.96111],[117,65.04111],[35,65.20111],[11,65.28111],[224,65.28111],[61,65.32111],[169,65.32111],[262,65.32111],[463,65.44112],[231,65.48112],[88,65.56112],[170,65.60112],[306,65.64112],[36,65.76112],[405,65.76112],[56,65.80112],[233,65.88113],[366,65.96113],[177,66.00113],[89,66.04113],[109,66.08113],[201,66.12113],[286,66.20113],[420,66.20113],[328,66.24113],[147,66.28114],[477,66.40114],[34,66.52114],[37,66.52114],[232,66.52114],[287,66.52114],[305,66.60114],[288,66.64114],[38,66.68114],[176,66.68114],[289,66.68114],[236,66.88115],[255,66.92115],[80,66.96115],[303,66.96115],[449,67.04115],[249,67.16116],[314,67.20116],[118,67.24116],[140,67.24116],[206,67.32116],[18,67.44116],[203,67.44116],[283,67.44116],[16,67.52116],[480,67.52116],[148,67.56116],[32,67.60117],[377,67.80117],[436,67.80117],[205,67.88117],[315,67.88117],[316,67.88117],[62,67.96117],[54,68.00117],[519,68.04118],[1,68.08118],[149,68.16118],[12,68.20118],[467,68.20118],[119,68.40118],[178,68.44118],[202,68.48119],[111,68.52119],[15,68.56119],[390,68.56119],[336,68.68119],[17,68.72119],[14,68.80119],[31,68.80119],[483,68.80119],[499,68.84119],[39,68.8812],[120,68.9212],[247,69.0012],[179,69.0812],[235,69.0812],[90,69.1212],[173,69.1612],[290,69.1612],[171,69.2012],[13,69.48121],[2,69.52121],[150,69.56121],[452,69.56121],[121,69.64121],[207,69.64121],[337,69.64121],[91,69.72121],[367,69.72121],[404,69.76122],[451,69.76122],[338,69.80122],[291,69.84122],[33,69.92122],[63,69.92122],[263,70.08122],[92,70.16122],[65,70.24123],[146,70.24123],[151,70.24123],[172,70.24123],[19,70.36123],[219,70.40123],[220,70.44123],[355,70.48123],[397,70.48123],[356,70.52123],[514,70.52123],[81,70.68124],[292,70.68124],[180,70.76124],[152,70.80124],[41,70.92124],[481,70.92124],[182,71.04124],[190,71.12125],[545,71.12125],[20,71.16125],[264,71.16125],[5,71.20125],[208,71.20125],[533,71.20125],[265,71.28125],[498,71.28125],[211,71.36125],[234,71.40125],[548,71.44125],[64,71.48125],[122,71.60126],[518,71.72126],[40,71.76126],[240,71.76126],[380,71.80126],[162,71.84126],[241,71.84126],[317,71.88126],[3,71.96127],[450,71.96127],[513,72.00127],[141,72.08127],[271,72.20127],[479,72.24127],[144,72.28127],[482,72.28127],[42,72.32127],[242,72.36127],[4,72.52128],[342,72.56128],[354,72.56128],[293,72.60128],[304,72.60128],[110,72.64128],[21,72.68128],[298,72.72128],[142,72.80128],[538,72.88129],[209,72.92129],[358,73.04129],[496,73.08129],[93,73.20129],[257,73.20129],[339,73.24129],[383,73.2813],[22,73.3613],[321,73.3613],[297,73.4013],[318,73.4013],[435,73.4413],[396,73.4813],[341,73.5213],[494,73.72131],[344,73.76131],[384,73.84131],[537,73.84131],[535,73.88131],[552,73.88131],[204,74.00131],[395,74.00131],[343,74.12132],[361,74.12132],[512,74.16132],[357,74.20132],[299,74.24132],[212,74.40132],[324,74.52132],[340,74.52132],[269,74.56133],[312,74.64133],[438,74.68133],[360,74.72133],[527,74.72133],[478,74.76133],[464,74.84133],[322,74.88133],[408,74.92133],[210,75.08134],[376,75.16134],[272,75.24134],[423,75.28134],[407,75.32134],[296,75.36134],[323,75.40134],[550,75.40134],[334,75.44135],[466,75.48135],[319,75.52135],[362,75.60135],[143,75.64135],[394,75.68135],[506,75.76135],[6,75.92136],[278,76.00136],[282,76.00136],[270,76.08136],[547,76.08136],[237,76.20136],[385,76.24136],[409,76.24136],[145,76.32137],[345,76.32137],[375,76.36137],[521,76.40137],[279,76.56137],[422,76.56137],[544,76.56137],[393,76.68137],[266,76.72137],[295,76.84138],[308,76.84138],[549,76.84138],[335,76.96138],[113,77.00138],[310,77.04138],[267,77.12138],[374,77.12138],[307,77.24139],[534,77.28139],[382,77.36139],[268,77.40139],[381,77.40139],[213,77.48139],[285,77.48139],[256,77.60139],[526,77.6414],[554,77.6414],[294,77.8014],[238,77.8414],[439,77.8814],[276,77.9614],[359,77.9614],[553,78.0414],[468,78.08141],[248,78.16141],[369,78.16141],[522,78.16141],[275,78.20141],[123,78.28141],[183,78.28141],[175,78.48141],[424,78.52142],[371,78.60142],[153,78.72142],[406,78.72142],[243,78.76142],[277,78.80142],[508,78.84142],[551,78.84142],[327,78.88142],[542,78.96143],[493,79.00143],[55,79.16143],[273,79.16143],[154,79.20143],[368,79.24143],[214,79.32143],[254,79.32143],[66,79.36143],[421,79.44144],[525,79.56144],[159,79.60144],[274,79.64144],[541,79.68144],[246,79.76144],[495,79.76144],[454,79.84145],[311,79.88145],[124,80.00145],[94,80.04145],[309,80.04145],[181,80.08145],[192,80.32146],[301,80.32146],[253,80.40146],[364,80.44146],[280,80.48146],[453,80.48146],[546,80.60146],[531,80.68147],[284,80.72147],[244,80.76147],[239,80.80147],[392,80.92147],[189,81.00147],[536,81.00147],[302,81.04147],[372,81.20148],[497,81.24148],[161,81.28148],[524,81.28148],[252,81.40148],[174,81.48148],[184,81.56149],[509,81.64149],[346,81.68149],[520,81.68149],[523,81.80149],[325,81.88149],[469,81.88149],[484,81.92149],[543,82.0815],[510,82.1215],[281,82.2015],[191,82.3215],[326,82.60151],[313,82.68151],[373,82.72151],[511,82.72151],[434,82.88152],[365,83.04152],[370,83.12152],[300,83.40153],[532,83.40153],[437,83.52153],[250,83.96154],[112,88.44164],[320,93.68176],[0,100.2819]

Stuck Times:
[515,0],[528,0],[501,0],[500,0],[516,0],[486,0],[485,0],[502,0],[472,0],[471,0],[487,0],[473,0],[470,0],[488,0],[474,0],[458,0],[459,1],[443,0],[456,1],[489,0],[444,0],[455,0],[460,0],[475,0],[457,0],[505,1],[529,5],[428,0],[445,0],[215,0],[476,0],[442,1],[441,1],[185,0],[517,7],[430,0],[186,0],[156,0],[429,0],[427,1],[440,1],[155,0],[399,0],[157,0],[413,0],[126,0],[503,7],[127,0],[461,3],[96,0],[414,1],[187,1],[158,1],[539,10],[446,3],[128,0],[412,1],[98,0],[432,1],[125,1],[431,3],[97,0],[95,0],[415,1],[416,3],[129,0],[504,9],[69,0],[45,0],[70,0],[398,4],[71,0],[99,0],[388,1],[417,1],[68,0],[100,0],[352,3],[130,0],[101,0],[400,5],[448,3],[72,0],[401,3],[131,0],[73,0],[160,0],[387,4],[44,1],[351,4],[102,0],[25,0],[218,1],[402,3],[216,4],[46,1],[411,8],[47,0],[48,0],[350,7],[67,2],[389,5],[74,0],[103,0],[490,13],[75,0],[462,9],[24,0],[193,0],[132,0],[386,7],[134,0],[418,5],[26,0],[43,1],[133,0],[104,0],[447,8],[76,1],[410,11],[164,0],[426,9],[23,1],[105,0],[425,16],[540,15],[49,0],[135,0],[330,7],[8,0],[78,0],[163,0],[51,0],[329,9],[378,7],[194,0],[7,2],[136,0],[167,0],[50,1],[347,11],[433,9],[221,0],[27,2],[165,0],[166,0],[106,0],[77,2],[331,7],[196,0],[223,0],[195,0],[332,8],[9,3],[137,0],[29,1],[530,17],[245,11],[333,8],[138,0],[188,8],[198,0],[349,17],[507,13],[28,1],[492,13],[107,0],[199,0],[226,1],[227,0],[115,0],[114,0],[197,0],[353,12],[379,10],[391,10],[229,0],[53,2],[84,0],[225,1],[260,0],[86,0],[228,0],[465,15],[30,2],[116,0],[217,10],[85,0],[168,0],[419,14],[10,3],[200,0],[83,0],[82,0],[222,3],[259,0],[79,0],[87,0],[58,0],[363,10],[230,0],[52,2],[258,0],[403,13],[59,0],[60,0],[139,2],[491,18],[251,7],[108,0],[261,0],[57,0],[348,19],[117,1],[35,0],[11,6],[224,5],[61,0],[169,2],[262,0],[463,18],[231,0],[88,0],[170,1],[306,12],[36,0],[405,13],[56,0],[233,0],[366,0],[177,0],[89,0],[109,2],[201,1],[286,1],[420,15],[328,23],[147,0],[477,20],[34,0],[37,0],[232,1],[287,2],[305,17],[288,0],[38,0],[176,1],[289,0],[236,0],[255,5],[80,2],[303,22],[449,15],[249,13],[314,0],[118,0],[140,1],[206,2],[18,0],[203,1],[283,4],[16,0],[480,17],[148,0],[32,5],[377,14],[436,14],[205,3],[315,0],[316,0],[62,0],[54,2],[519,22],[1,9],[149,0],[12,7],[467,16],[119,0],[178,1],[202,2],[111,6],[15,2],[390,15],[336,1],[17,0],[14,2],[31,7],[483,16],[499,16],[39,0],[120,0],[247,16],[179,0],[235,4],[90,0],[173,1],[290,0],[171,2],[13,4],[2,8],[150,0],[452,18],[121,0],[207,1],[337,0],[91,0],[367,1],[404,15],[451,17],[338,0],[291,0],[33,1],[63,0],[263,2],[92,0],[65,0],[146,7],[151,0],[172,4],[19,0],[219,14],[220,16],[355,0],[397,21],[356,0],[514,20],[81,4],[292,0],[180,1],[152,0],[41,0],[481,21],[182,1],[190,15],[545,23],[20,0],[264,1],[5,7],[208,3],[533,24],[265,0],[498,22],[211,0],[234,1],[548,26],[64,0],[122,0],[518,27],[40,0],[240,0],[380,19],[162,17],[241,0],[317,3],[3,6],[450,21],[513,21],[141,4],[271,1],[479,25],[144,8],[482,23],[42,0],[242,0],[4,5],[342,1],[354,3],[293,2],[304,31],[110,3],[21,0],[298,0],[142,5],[538,24],[209,6],[358,0],[496,25],[93,0],[257,14],[339,2],[383,6],[22,0],[321,2],[297,2],[318,1],[435,26],[396,3],[341,2],[494,26],[344,1],[384,6],[537,26],[535,29],[552,27],[204,10],[395,5],[343,1],[361,2],[512,26],[357,1],[299,1],[212,0],[324,3],[340,4],[269,6],[312,11],[438,2],[360,3],[527,26],[478,29],[464,25],[322,3],[408,7],[210,7],[376,2],[272,1],[423,3],[407,7],[296,3],[323,2],[550,32],[334,12],[466,25],[319,5],[362,1],[143,13],[394,8],[506,31],[6,7],[278,15],[282,18],[270,7],[547,31],[237,11],[385,7],[409,3],[145,15],[345,0],[375,2],[521,29],[279,18],[422,5],[544,31],[393,10],[266,9],[295,8],[308,12],[549,37],[335,13],[113,11],[310,16],[267,5],[374,2],[307,9],[534,31],[382,11],[268,6],[381,15],[213,0],[285,13],[256,18],[526,31],[554,32],[294,6],[238,9],[439,4],[276,21],[359,5],[553,31],[468,5],[248,20],[369,11],[522,35],[275,29],[123,0],[183,0],[175,15],[424,6],[371,10],[153,0],[406,8],[243,0],[277,23],[508,33],[551,25],[327,37],[542,33],[493,27],[55,9],[273,0],[154,0],[368,12],[214,0],[254,19],[66,0],[421,8],[525,30],[159,26],[274,0],[541,37],[246,26],[495,31],[454,6],[311,15],[124,0],[94,0],[309,17],[181,15],[192,24],[301,0],[253,23],[364,29],[280,24],[453,8],[546,33],[531,35],[284,19],[244,0],[239,15],[392,27],[189,29],[536,32],[302,0],[372,8],[497,32],[161,29],[524,32],[252,25],[174,18],[184,0],[509,33],[346,0],[520,36],[523,35],[325,0],[469,5],[484,6],[543,36],[510,33],[281,23],[191,25],[326,2],[313,18],[373,5],[511,32],[434,31],[365,14],[370,15],[300,0],[532,36],[437,10],[250,26],[112,14],[320,13],[0,28]

