Experiment Name: Custom-SmallerMap-2
Method Used: FlowField
Run Number: 0
Preparation Time: 0.0003ms
Pathfinding Time: 43.5714ms
Finish Time: 165.2363ms
Finish Time 90%: 151.5186ms
Repaths: 0
Soft Repaths: 0

Gates Data:
8:[515,[5.570059,11.13514,0,[90.8223,73.00076]]],[528,[5.471642,10.93487,0,[91.99936,73.89103]]],[501,[6.248281,12.46763,0,[90.05353,73.00094]]],[516,[5.600851,11.14679,0,[91.93333,73.00078]]],[500,[6.322475,12.62845,0,[88.91927,73.00095]]],[486,[6.843932,13.57944,0,[89.8021,73.00096]]],[502,[6.267644,12.43554,0,[91.1358,73.00093]]],[485,[7.029642,13.80503,0,[88.68191,73.00098]]],[487,[6.975776,13.6228,0,[90.7919,73.00095]]],[503,[6.556016,12.8726,0,[91.90324,73.00092]]],[471,[7.442791,14.5931,0,[89.61295,73.00097]]],[472,[7.619185,14.61992,0,[90.54069,73.00097]]],[470,[7.846016,14.9078,0,[88.51077,73.00097]]],[539,[5.01373,9.996395,0,[93.47755,74.00082]]],[529,[5.803759,11.39294,0,[92.74838,74.00082]]],[473,[8.116343,15.20202,0,[90.87476,73.00094]]],[455,[8.688345,15.83667,0,[88.58411,73.00096]]],[517,[6.504445,12.69317,0,[92.15649,74.00092]]],[457,[8.614052,15.83342,0,[89.75175,73.00092]]],[488,[7.259697,14.05719,0,[91.60631,73.00096]]],[504,[7.388096,13.94802,0,[92.3375,74.00097]]],[474,[8.445361,15.16172,0,[91.65768,73.00095]]],[456,[8.046544,15.56313,0,[89.45805,73.001]]],[489,[7.767388,14.3112,0,[91.99954,73.11751]]],[444,[9.77029,17.61109,0,[90.46081,73.00096]]],[443,[9.444026,17.66915,0,[89.71249,73.00097]]],[428,[10.41033,18.1905,0,[90.59611,73.00098]]],[442,[9.309404,17.33726,0,[88.73311,73.00095]]],[458,[8.905897,16.25661,0,[90.5472,73.00093]]],[459,[9.233825,16.19559,0,[91.41116,73.001]]],[506,[8.554629,15.36084,0,[92.48305,74.00095]]],[426,[10.24679,17.62656,0,[89.6093,73.00099]]],[427,[10.88058,17.93131,0,[89.65868,73.00098]]],[445,[9.885581,17.87737,0,[91.45348,73.00095]]],[441,[10.04542,17.09092,0,[88.66724,73.00098]]],[414,[11.54079,19.77581,0,[89.5912,73.00097]]],[490,[9.18575,15.91213,0,[92.39684,74.00099]]],[440,[10.93863,16.9592,0,[88.57314,73.00097]]],[429,[11.07157,18.35958,0,[90.61561,73.00098]]],[411,[12.05186,19.45079,0,[88.5677,73.00099]]],[540,[5.276886,10.21346,0,[94.36115,74.00081]]],[460,[10.44394,16.95638,0,[91.69177,73.00098]]],[399,[12.33694,20.45944,0,[89.47578,73.00098]]],[475,[9.776359,16.64477,0,[92.46659,74.001]]],[518,[6.778776,12.89966,0,[92.92284,74.00092]]],[416,[11.645,20.075,0,[91.58633,73.00095]]],[430,[11.03952,18.64435,0,[91.6943,73.00098]]],[431,[11.79205,19.60587,0,[92.38866,74.00095]]],[415,[11.79281,20.18023,0,[90.46863,73.00094]]],[413,[12.76375,20.28741,0,[88.47694,73.00098]]],[417,[12.34498,21.0069,0,[91.49324,73.00096]]],[386,[14.05581,20.75913,0,[89.87542,73.00096]]],[400,[12.53049,20.12751,0,[90.43729,73.00097]]],[401,[13.31383,21.23449,0,[90.34009,73.001]]],[387,[14.02352,20.49984,0,[90.98129,73.00093]]],[351,[14.65739,21.54777,0,[89.8248,73.00088]]],[505,[7.87336,14.41136,0,[92.76824,74.00092]]],[388,[14.77603,20.92858,0,[90.76998,73.00085]]],[349,[13.0847,20.95852,0,[89.3246,73.001]]],[404,[14.14975,22.17776,0,[91.99661,73.00094]]],[352,[16.1962,22.39134,0,[89.74248,73.00097]]],[398,[13.59604,20.52805,0,[88.48771,73.001]]],[530,[6.110462,11.53145,0,[93.61569,74.00095]]],[378,[15.44801,21.91583,0,[90.77046,73.00095]]],[432,[12.45525,20.61669,0,[92.17725,74.00098]]],[331,[15.4425,22.34072,0,[89.68706,73.00095]]],[335,[16.79396,24.54219,0,[90.97475,73.00093]]],[389,[14.85531,21.25786,0,[91.76495,73.00085]]],[379,[16.11519,22.86819,0,[90.84952,73.00096]]],[363,[16.79357,23.60906,0,[89.90399,73.00091]]],[402,[12.98686,21.16203,0,[91.3185,73.00094]]],[333,[17.48452,23.30821,0,[89.70623,73.00092]]],[419,[14.8434,22.85718,0,[92.68048,74.00095]]],[405,[16.29027,23.65296,0,[92.52455,74.00099]]],[520,[8.536751,14.25839,0,[93.55507,74.00095]]],[380,[16.19227,22.93132,0,[91.88252,73.00096]]],[418,[13.09847,21.99759,0,[92.10133,74.00097]]],[397,[14.36577,20.09898,0,[88.7008,73.00094]]],[447,[11.20874,18.83582,0,[93.50294,74.00098]]],[353,[17.4495,22.72548,0,[90.81052,73.00092]]],[519,[7.764237,13.03814,0,[93.92278,74.00094]]],[308,[18.36286,23.58649,0,[89.27986,73.001]]],[334,[18.70809,24.46829,0,[90.40019,73.00097]]],[412,[16.09779,20.25249,0,[88.72038,73.00098]]],[403,[13.47264,21.79206,0,[91.99958,73.14103]]],[446,[11.04625,18.71099,0,[92.51436,74.00097]]],[390,[15.4556,21.8287,0,[91.84704,73.00095]]],[332,[16.7831,23.86633,0,[88.6142,73.00098]]],[531,[7.157791,12.49844,0,[93.48967,74.00097]]],[433,[13.43772,21.00877,0,[92.84429,74.00094]]],[364,[16.97946,23.98245,0,[91.861,73.00093]]],[476,[10.40148,17.12604,0,[92.43665,74.001]]],[348,[19.96292,21.25842,0,[88.40482,73.001]]],[309,[18.05033,23.72931,0,[90.23217,73.001]]],[410,[19.1788,19.86805,0,[89.38334,73.001]]],[391,[17.03941,23.26948,0,[92.43741,74.00099]]],[462,[11.92595,18.21262,0,[93.37697,74.00095]]],[313,[18.35663,25.27702,0,[91.4956,73.00095]]],[350,[15.23308,21.65051,0,[88.74892,73.00095]]],[463,[14.17663,19.68653,0,[92.64626,74.00094]]],[312,[19.70132,25.1276,0,[91.39632,73.00099]]],[310,[19.49257,24.36943,0,[90.36253,73.001]]],[392,[17.81148,23.6723,0,[92.38741,74.00095]]],[284,[21.59016,26.12937,0,[90.31049,73.001]]],[425,[18.83632,18.46549,0,[88.41467,73.001]]],[282,[20.23497,24.74413,0,[90.37986,73.00099]]],[255,[23.25833,26.9252,0,[89.50094,73.00098]]],[283,[20.89736,25.44157,0,[90.36786,73.00094]]],[478,[12.947,18.03923,0,[93.96291,74.00097]]],[287,[21.70068,27.17212,0,[91.99986,73.43989]]],[311,[18.98988,24.64989,0,[91.29581,73.00099]]],[381,[17.74014,24.19054,0,[91.5408,73.00089]]],[285,[21.96449,26.35671,0,[91.12083,73.00099]]],[280,[20.07626,24.45503,0,[89.42034,73.00099]]],[368,[19.92967,27.13519,0,[92.19216,74.00099]]],[336,[22.72244,28.15438,0,[92.02599,74.001]]],[477,[9.903411,17.05031,0,[93.56052,74.00095]]],[330,[22.87649,23.14915,0,[88.57319,73.00099]]],[253,[22.24023,26.12803,0,[89.64225,73.00097]]],[257,[24.10453,28.16064,0,[89.88686,73.00095]]],[224,[24.50371,28.00609,0,[88.80377,73.00096]]],[228,[24.62604,29.66721,0,[90.1862,73.00095]]],[288,[22.62943,28.72884,0,[90.75049,73.00089]]],[259,[24.55154,28.52243,0,[91.27283,73.00095]]],[254,[21.30572,26.55822,0,[89.3361,73.001]]],[367,[19.18345,26.09071,0,[92.09331,74.00098]]],[258,[23.99384,28.02374,0,[90.97806,73.00096]]],[307,[21.99902,24.41966,0,[88.54042,73.001]]],[541,[8.371549,10.90275,0,[94.64272,74.00092]]],[256,[23.33599,27.04116,0,[90.51182,73.00099]]],[281,[20.82579,25.23422,0,[88.47688,73.00095]]],[434,[15.8096,21.35765,0,[93.47548,74.00098]]],[532,[14.22439,12.70232,0,[94.6696,74.00095]]],[227,[25.16327,28.28024,0,[91.39946,73.00098]]],[291,[25.07261,30.7137,0,[92.05675,74.00097]]],[365,[20.41219,24.64688,0,[91.45205,73.00095]]],[226,[25.8803,28.47299,0,[90.45138,73.00096]]],[225,[25.22177,27.96799,0,[90.3022,73.00098]]],[420,[16.53612,22.78241,0,[93.49931,74.00099]]],[197,[27.2146,29.67867,0,[90.47736,73.00099]]],[196,[26.47969,28.93678,0,[90.47911,73.00099]]],[406,[20.61737,25.07103,0,[92.23698,74.00093]]],[194,[25.82977,28.32814,0,[89.43003,73.00098]]],[261,[27.4054,30.07395,0,[92.48634,74.00095]]],[355,[25.98919,29.75463,0,[91.99969,73.7898]]],[279,[25.66216,25.55314,0,[88.41077,73.001]]],[260,[26.04895,29.60494,0,[91.36819,73.00099]]],[314,[22.82998,27.87514,0,[91.61084,73.00093]]],[221,[25.11855,26.69881,0,[89.25665,73.00098]]],[289,[24.02798,28.49746,0,[91.99967,73.16193]]],[229,[26.74851,29.86785,0,[91.32726,73.00098]]],[165,[27.84633,29.24341,0,[90.50421,73.00095]]],[448,[12.61313,19.70244,0,[93.15625,74.00096]]],[136,[29.23117,30.90506,0,[90.52232,73.00092]]],[192,[28.08992,27.62066,0,[89.42441,73.001]]],[466,[25.72134,23.09018,0,[93.02021,74.00095]]],[164,[28.9538,29.45304,0,[89.63068,73.001]]],[449,[15.47056,21.35402,0,[92.63543,74.001]]],[286,[21.16304,26.53436,0,[91.2422,73.00098]]],[305,[27.20266,23.03116,0,[89.46941,73.00099]]],[231,[28.06549,30.61672,0,[91.41544,73.00098]]],[262,[28.10916,30.95759,0,[92.25323,74.00097]]],[198,[27.33999,29.38223,0,[91.51824,73.00096]]],[328,[27.74138,22.70422,0,[88.50658,73.00098]]],[382,[18.50367,24.84908,0,[92.20486,74.00097]]],[252,[31.48756,27.02132,0,[88.43935,73.001]]],[135,[30.14814,30.88625,0,[89.51374,73.00098]]],[451,[20.02384,22.63528,0,[93.54956,74.00089]]],[199,[28.66061,30.51497,0,[91.46622,73.00098]]],[377,[17.79699,23.13482,0,[88.52769,73.00088]]],[290,[26.88241,30.21325,0,[92.06757,74.00099]]],[167,[29.96513,30.79891,0,[90.5762,73.00088]]],[193,[26.51369,28.33297,0,[89.43726,73.00099]]],[233,[29.89936,32.38165,0,[92.23662,74.00092]]],[366,[21.32098,26.67591,0,[92.07763,74.00098]]],[195,[29.58043,29.23981,0,[89.18192,73.00098]]],[232,[28.68344,31.60443,0,[92.2509,74.00098]]],[202,[29.8835,32.31112,0,[91.66375,73.0009]]],[230,[29.24376,30.53936,0,[91.59898,73.00093]]],[435,[19.45172,22.79494,0,[93.09263,74.00097]]],[105,[30.95873,31.96622,0,[89.30252,73.00098]]],[316,[26.37584,29.97874,0,[92.78513,74.00097]]],[166,[28.50489,30.07506,0,[90.50362,73.00098]]],[104,[31.81789,31.91388,0,[89.43076,73.001]]],[263,[29.28657,31.82732,0,[92.36098,74.001]]],[79,[34.03097,33.56022,0,[90.01533,73.00098]]],[106,[30.62968,32.0757,0,[90.35858,73.00098]]],[491,[9.260118,15.86806,0,[93.48229,74.001]]],[168,[31.34344,31.71219,0,[90.31796,73.001]]],[170,[33.84815,33.028,0,[91.12323,73.00093]]],[422,[26.75005,25.54884,0,[93.40252,74.00089]]],[137,[32.60795,32.24881,0,[89.43484,73.00099]]],[203,[30.52921,33.15891,0,[91.51324,73.00095]]],[315,[23.34034,28.64581,0,[91.88454,73.00093]]],[200,[31.1629,31.64195,0,[91.35451,73.00099]]],[223,[26.84702,28.34003,0,[88.46651,73.001]]],[395,[30.57383,27.70695,0,[92.44283,74.00098]]],[83,[36.09304,37.03648,0,[90.04649,73.00093]]],[250,[34.72832,26.13932,0,[89.37083,73.00099]]],[84,[36.06031,36.97793,0,[91.16762,73.00093]]],[139,[33.19199,32.49963,0,[91.24498,73.00094]]],[162,[33.06566,29.3443,0,[88.66116,73.00099]]],[140,[34.83724,34.28128,0,[90.41087,73.00099]]],[292,[28.01321,30.67844,0,[93.37433,74.00097]]],[80,[37.71387,35.23657,0,[89.37801,73.00098]]],[109,[35.49798,34.37155,0,[90.67436,73.001]]],[385,[25.15651,27.53642,0,[93.0583,74.00098]]],[31,[36.70266,34.69247,0,[90.33922,73.00095]]],[110,[38.0976,35.33699,0,[90.30793,73.001]]],[338,[31.23628,30.41837,0,[92.22832,74.00098]]],[53,[37.3761,34.20724,0,[90.4147,73.00098]]],[142,[37.53688,34.51316,0,[91.35858,73.00093]]],[524,[25.2448,18.73907,0,[94.14832,74.00099]]],[58,[38.90598,38.87802,0,[90.51714,73.001]]],[264,[31.89812,33.31722,0,[92.20059,74.00098]]],[548,[7.095345,9.766405,0,[94.59675,74.00097]]],[108,[35.50277,33.77003,0,[89.58108,73.00099]]],[169,[31.78861,31.67738,0,[91.51711,73.00095]]],[492,[11.47402,15.96064,0,[94.44562,74.00096]]],[36,[39.73298,41.14977,0,[90.38647,73.00098]]],[138,[32.12206,32.18167,0,[90.39594,73.001]]],[174,[36.50475,34.96505,0,[91.9996,73.55935]]],[133,[34.46131,30.93489,0,[88.40004,73.001]]],[76,[40.58421,32.85661,0,[90.28552,73.001]]],[81,[39.42284,36.5201,0,[89.48515,73.00098]]],[265,[33.95955,33.19354,0,[92.87654,74.00095]]],[107,[32.51239,32.16579,0,[91.24809,73.001]]],[77,[33.70633,32.90044,0,[89.23163,73.00095]]],[60,[41.44021,39.47297,0,[91.09576,73.00095]]],[111,[35.03074,34.97318,0,[91.47018,73.00098]]],[190,[41.05857,29.44132,0,[89.35542,73.001]]],[113,[38.32541,36.07819,0,[91.33788,73.001]]],[337,[24.32807,28.67454,0,[92.81347,74.00095]]],[220,[38.63403,27.29252,0,[89.48579,73.001]]],[112,[35.54749,35.11564,0,[91.99968,73.12531]]],[78,[33.04679,33.25196,0,[90.29987,73.00091]]],[172,[34.16261,33.78419,0,[91.99978,73.45118]]],[317,[31.44184,31.19834,0,[93.19575,74.00098]]],[329,[28.69003,23.07969,0,[88.58926,73.001]]],[52,[38.44202,35.00267,0,[88.45519,73.001]]],[191,[43.61433,28.29378,0,[89.41571,73.001]]],[306,[37.40561,24.74656,0,[88.41784,73.001]]],[57,[40.21499,39.26337,0,[89.34752,73.001]]],[115,[40.69568,37.06055,0,[91.4985,73.00091]]],[32,[42.14742,36.85793,0,[90.95891,73.00095]]],[59,[41.79696,40.07782,0,[90.0814,73.00094]]],[393,[18.06439,24.29111,0,[93.24313,74.00098]]],[143,[38.65648,35.44659,0,[92.25196,74.00099]]],[132,[36.79639,30.28717,0,[89.23749,73.00098]]],[201,[32.74303,32.59056,0,[92.06894,74.00099]]],[452,[27.32954,24.33487,0,[93.6067,74.00095]]],[82,[41.64024,37.05503,0,[91.99045,73.00095]]],[102,[42.88593,32.70307,0,[91.04991,73.00099]]],[163,[36.12024,30.27185,0,[88.73995,73.00093]]],[114,[40.04644,36.51254,0,[91.29251,73.001]]],[54,[41.62024,36.04051,0,[88.42992,73.001]]],[173,[37.38441,34.78767,0,[92.2256,74.00099]]],[86,[39.20042,38.04076,0,[91.44905,73.00098]]],[295,[39.43986,34.70322,0,[92.22748,74.00097]]],[35,[42.78484,40.43114,0,[90.01046,73.00098]]],[85,[36.79356,37.16849,0,[91.33912,73.00093]]],[205,[35.53564,34.63721,0,[92.6048,74.00093]]],[117,[44.32856,38.49189,0,[91.43848,73.00098]]],[236,[37.48458,34.28318,0,[93.31719,74.00099]]],[134,[32.2905,31.19121,0,[88.42612,73.001]]],[207,[36.16552,35.75248,0,[92.79478,74.00093]]],[116,[41.60237,37.71628,0,[92.21804,74.00099]]],[87,[43.581,38.75904,0,[91.4881,73.001]]],[178,[40.89195,37.96325,0,[92.35347,74.00095]]],[88,[46.01806,39.88316,0,[92.22775,74.00099]]],[160,[43.541,30.64754,0,[90.44228,73.001]]],[18,[45.02971,42.41036,0,[91.29945,73.001]]],[341,[41.13768,33.57449,0,[93.26202,74.00098]]],[396,[29.99385,27.97852,0,[93.23075,74.00089]]],[147,[44.33445,37.88343,0,[92.40334,74.00098]]],[50,[46.36923,36.81194,0,[89.44957,73.00099]]],[493,[14.34054,17.68933,0,[93.57644,74.00095]]],[37,[45.83723,40.67913,0,[91.47098,73.00098]]],[373,[46.27441,33.50543,0,[93.28664,74.001]]],[277,[46.5344,27.05029,0,[88.43039,73.001]]],[510,[22.26577,20.39492,0,[92.83459,74.00099]]],[159,[44.27612,28.9294,0,[90.40209,73.00098]]],[33,[45.7105,40.26257,0,[90.45351,73.00099]]],[74,[47.19486,34.78008,0,[89.33704,73.001]]],[175,[40.18804,36.20797,0,[92.17457,74.00098]]],[131,[49.57755,32.97149,0,[88.43226,73.00099]]],[161,[43.65336,30.08275,0,[88.40336,73.001]]],[89,[46.75809,41.10686,0,[92.32174,74.00099]]],[75,[45.44878,35.20332,0,[89.37641,73.001]]],[188,[51.56029,29.49757,0,[89.4063,73.00099]]],[521,[12.25506,14.9336,0,[94.314,74.00098]]],[55,[44.91639,38.60936,0,[90.32995,73.00092]]],[49,[48.10187,36.60091,0,[90.44362,73.00099]]],[294,[38.89414,33.01598,0,[93.26698,74.00082]]],[177,[43.06653,36.60308,0,[92.82413,74.00098]]],[251,[30.27023,26.85604,0,[88.4597,73.001]]],[6,[47.28236,41.86885,0,[90.36875,73.001]]],[30,[42.39708,36.71191,0,[91.89701,73.00098]]],[73,[50.45077,34.94635,0,[89.31435,73.00099]]],[327,[48.31709,24.69483,0,[89.38796,73.001]]],[237,[39.67142,35.42138,0,[93.20275,74.00098]]],[72,[52.8132,35.52114,0,[89.4478,73.001]]],[179,[45.27406,38.54102,0,[93.18387,74.00098]]],[218,[51.28621,29.20397,0,[88.42636,73.001]]],[48,[49.97297,36.92681,0,[90.23727,73.00098]]],[141,[34.44134,33.92688,0,[91.20009,73.00099]]],[47,[50.84671,37.34215,0,[90.37651,73.00098]]],[71,[53.8862,37.34523,0,[90.24336,73.00095]]],[13,[48.88121,39.71426,0,[90.33891,73.00097]]],[5,[49.25867,42.22547,0,[91.21838,73.00099]]],[51,[42.64647,34.83897,0,[88.99344,73.00093]]],[144,[37.99575,35.67278,0,[92.06113,74.00094]]],[208,[44.38754,36.89719,0,[93.45018,74.00098]]],[103,[45.04227,32.68691,0,[88.40053,73.001]]],[14,[46.49757,39.3048,0,[90.4651,73.00098]]],[4,[53.3677,44.70824,0,[91.35275,73.00095]]],[101,[49.45509,33.12319,0,[89.41447,73.00098]]],[100,[51.9907,33.81422,0,[90.31517,73.00098]]],[461,[10.55176,17.28623,0,[93.47921,74.001]]],[276,[52.42346,26.68237,0,[88.42767,73.001]]],[38,[48.25364,41.57083,0,[91.44533,73.00096]]],[372,[39.90031,29.56558,0,[94.54052,74.00092]]],[217,[54.44463,30.50146,0,[89.28487,73.001]]],[3,[54.39953,43.31439,0,[91.10916,73.001]]],[424,[44.49865,30.83759,0,[94.48913,74.001]]],[2,[55.00523,44.0338,0,[90.16552,73.00098]]],[28,[51.25098,39.00113,0,[91.27674,73.00099]]],[267,[43.64564,34.95731,0,[93.25493,74.00095]]],[39,[52.7128,42.93764,0,[92.22369,74.00099]]],[189,[44.49874,28.45425,0,[89.36497,73.001]]],[507,[10.03782,14.79074,0,[94.58543,74.00098]]],[187,[59.18068,33.98425,0,[90.39543,73.00096]]],[34,[51.64228,43.31224,0,[92.05676,74.00099]]],[12,[50.28008,39.83594,0,[91.3651,73.00098]]],[11,[53.04609,42.8909,0,[90.47714,73.00098]]],[61,[46.57455,40.30322,0,[91.49256,73.00098]]],[296,[48.65718,35.83712,0,[93.25826,74.00098]]],[56,[53.71618,43.53001,0,[92.13237,74.00095]]],[298,[52.09647,37.4678,0,[93.01102,74.00098]]],[209,[50.61366,38.59982,0,[93.19793,74.00099]]],[150,[49.10589,40.34928,0,[92.22906,74.00098]]],[20,[55.0277,44.18399,0,[91.99978,73.04291]]],[29,[52.40182,39.59391,0,[91.31386,73.001]]],[41,[57.74563,46.31721,0,[90.28494,73.00099]]],[27,[61.77721,43.04305,0,[90.11726,73.001]]],[16,[42.49966,41.36354,0,[92.5779,74.00098]]],[149,[50.28299,40.2431,0,[92.17281,74.00098]]],[248,[55.84259,29.86281,0,[89.18834,73.00099]]],[239,[54.25552,37.77321,0,[92.95528,74.001]]],[180,[54.87054,40.55449,0,[92.00221,74.001]]],[151,[59.77377,43.27743,0,[91.19447,73.001]]],[171,[35.10501,33.95649,0,[92.09374,74.00098]]],[374,[46.74379,33.74845,0,[94.25475,74.00099]]],[216,[59.9981,29.83521,0,[89.33871,73.001]]],[269,[53.07836,37.46731,0,[93.22639,74.00097]]],[266,[36.84584,33.58437,0,[93.03463,74.0009]]],[22,[60.5681,47.67616,0,[90.20689,73.00098]]],[210,[55.5501,39.16547,0,[92.83832,74.00096]]],[496,[32.59189,21.07956,0,[94.68795,74.00085]]],[99,[56.51024,34.66044,0,[90.042,73.001]]],[343,[53.64683,36.01912,0,[94.1665,74.00099]]],[543,[36.08664,15.91708,0,[94.18891,74.00099]]],[46,[57.44265,39.17485,0,[89.2866,73.001]]],[271,[54.76706,38.69886,0,[93.86687,74.001]]],[339,[30.65287,29.93189,0,[93.48057,74.00099]]],[384,[21.63592,26.47577,0,[92.95523,74.001]]],[275,[61.24435,30.80347,0,[89.21526,73.001]]],[145,[41.84637,36.33062,0,[93.1994,74.001]]],[15,[55.70932,42.65903,0,[90.97019,73.00099]]],[240,[57.06078,38.45387,0,[93.42122,74.00092]]],[64,[61.23199,45.92424,0,[90.99081,73.001]]],[450,[17.295,21.30083,0,[93.36205,74.00097]]],[120,[57.6401,42.45864,0,[92.27602,74.00092]]],[181,[56.65462,41.48264,0,[92.54928,74.00097]]],[467,[31.03819,23.60453,0,[94.25223,74.00099]]],[153,[60.52195,45.07402,0,[91.93941,73.00098]]],[119,[56.28218,41.35658,0,[91.76125,73.00096]]],[63,[58.32975,44.09332,0,[91.21685,73.001]]],[370,[33.24341,29.33733,0,[92.56191,74.00095]]],[509,[15.37464,17.34287,0,[94.43796,74.00098]]],[183,[62.65058,44.65977,0,[92.3806,74.00099]]],[383,[18.79399,25.60467,0,[93.11643,74.00096]]],[299,[55.54936,37.59266,0,[94.59042,74.001]]],[247,[60.60921,29.04273,0,[88.40438,73.001]]],[319,[47.141,34.57499,0,[93.26377,74.00098]]],[436,[26.02173,23.86621,0,[93.8313,74.00099]]],[244,[64.24251,45.2751,0,[92.01337,74.001]]],[128,[57.10186,36.80809,0,[90.94146,73.00095]]],[146,[43.66368,37.14355,0,[92.07913,74.00099]]],[184,[63.19287,48.09093,0,[90.17854,73.001]]],[324,[64.96738,47.57846,0,[92.92632,74.001]]],[494,[26.38573,18.75704,0,[94.66602,74.00086]]],[211,[58.16046,40.58824,0,[93.04859,74.00099]]],[176,[38.13897,35.63236,0,[93.06515,74.001]]],[26,[58.04978,41.35398,0,[88.40605,73.00099]]],[118,[45.11466,39.91875,0,[92.18374,74.00098]]],[465,[18.20364,20.4574,0,[94.24957,74.00099]]],[246,[58.67386,34.65558,0,[89.73031,73.00083]]],[212,[58.82119,41.20978,0,[93.65563,74.001]]],[550,[30.058,13.15738,0,[94.26374,74.00095]]],[17,[58.71748,45.24611,0,[92.09639,74.001]]],[318,[33.4707,30.87809,0,[93.83665,74.00095]]],[234,[32.23314,33.05838,0,[93.00838,74.00098]]],[249,[56.9089,28.38451,0,[88.40293,73.001]]],[513,[49.04257,24.83344,0,[94.16953,74.00098]]],[65,[59.04143,45.21632,0,[91.90814,73.00098]]],[42,[62.61777,48.8762,0,[89.32132,73.00099]]],[480,[17.489,19.31802,0,[94.34612,74.00098]]],[243,[59.3498,40.42298,0,[94.46378,74.001]]],[321,[50.85769,35.58043,0,[94.23245,74.00099]]],[182,[61.12713,43.1654,0,[92.7476,74.001]]],[499,[64.76397,43.80217,0,[91.99986,73.28366]]],[407,[24.55322,24.88409,0,[93.64719,74.00095]]],[40,[59.39553,44.91608,0,[92.87066,74.001]]],[19,[47.35234,43.6777,0,[91.4194,73.001]]],[90,[63.83368,44.35292,0,[89.29414,73.001]]],[273,[61.89385,42.03289,0,[93.47889,74.00094]]],[511,[28.67085,21.29519,0,[93.35844,74.00098]]],[527,[63.53275,38.6143,0,[93.04638,74.00095]]],[549,[10.70656,11.51313,0,[94.53593,74.001]]],[92,[64.46112,47.29046,0,[90.19012,73.00099]]],[214,[62.09392,46.94753,0,[91.43704,73.00099]]],[274,[63.1111,43.99073,0,[94.1937,74.00093]]],[538,[48.08961,22.78825,0,[94.23185,74.00099]]],[304,[59.34955,29.20781,0,[88.40302,73.001]]],[213,[60.02758,41.96902,0,[93.61946,74.00099]]],[354,[23.77787,27.76315,0,[92.63846,74.00094]]],[129,[55.0494,32.77447,0,[88.40033,73.001]]],[340,[35.59769,30.78019,0,[93.72061,74.00095]]],[342,[49.86587,34.80028,0,[94.10024,74.001]]],[347,[63.30137,28.92462,0,[88.401,73.001]]],[362,[67.20272,50.86229,0,[92.42815,74.00097]]],[121,[65.13855,45.19011,0,[91.04552,73.001]]],[376,[63.51649,50.71445,0,[91.16782,73.00098]]],[481,[18.92996,20.88005,0,[94.14651,74.00093]]],[345,[66.55206,51.43883,0,[93.59776,74.00097]]],[154,[68.09248,51.01506,0,[91.40659,73.00099]]],[439,[65.90887,47.12828,0,[92.92888,74.001]]],[122,[68.4146,50.45193,0,[92.26968,74.00099]]],[533,[20.51461,14.89186,0,[94.16483,74.00098]]],[93,[65.48296,48.10839,0,[89.27396,73.00099]]],[554,[64.21523,35.36398,0,[93.92169,74.001]]],[484,[67.73403,39.61044,0,[93.39146,74.00091]]],[124,[67.51897,50.11791,0,[90.44218,73.00098]]],[464,[16.01715,19.08891,0,[94.48072,74.00098]]],[469,[69.59624,44.86546,0,[92.32633,74.00098]]],[535,[28.36953,17.06665,0,[94.42836,74.00098]]],[66,[65.99826,49.35005,0,[90.31598,73.00098]]],[91,[66.42658,45.29566,0,[91.34004,73.001]]],[547,[71.0264,37.83099,0,[92.28941,74.001]]],[369,[23.17611,26.93956,0,[92.69707,74.001]]],[512,[29.15079,21.14871,0,[94.46944,74.001]]],[553,[69.14516,34.99995,0,[91.53069,73.00097]]],[479,[14.97909,18.8803,0,[93.70599,74.00092]]],[272,[73.79965,52.79718,0,[91.81881,73.00098]]],[361,[72.74071,49.0038,0,[91.99932,73.5071]]],[423,[42.97295,28.8739,0,[94.29018,74.0009]]],[542,[16.71924,12.87442,0,[94.55985,74.00097]]],[325,[71.47641,54.26416,0,[90.51696,73.001]]],[300,[61.26305,39.61303,0,[94.59309,74.00098]]],[546,[72.57273,37.77254,0,[89.69189,73.00099]]],[278,[39.86537,26.4553,0,[88.42258,73.00098]]],[495,[23.62284,20.21639,0,[93.81429,74.00096]]],[483,[73.22629,36.51026,0,[90.86464,73.00096]]],[10,[66.54967,46.57932,0,[88.52322,73.001]]],[326,[65.41711,45.73568,0,[93.92607,74.00099]]],[394,[20.85684,25.11671,0,[93.12547,74.00098]]],[303,[69.24226,29.93214,0,[89.49966,73.001]]],[497,[29.33113,23.05745,0,[93.42202,74.001]]],[21,[66.88306,50.58252,0,[89.50901,73.00099]]],[123,[70.80275,51.61523,0,[89.5603,73.00098]]],[320,[47.8563,35.14395,0,[93.25882,74.00097]]],[522,[24.2376,16.77664,0,[94.63752,74.00098]]],[297,[51.92013,35.82783,0,[94.04768,74.00099]]],[98,[64.57129,44.24763,0,[88.40414,73.001]]],[235,[34.58994,34.09526,0,[92.87992,74.00098]]],[158,[67.91762,36.98524,0,[88.50721,73.00098]]],[508,[13.62446,16.32841,0,[93.84607,74.00096]]],[219,[53.87702,29.75235,0,[88.42484,73.00095]]],[360,[69.87759,51.11685,0,[90.50637,73.001]]],[346,[70.47784,50.70244,0,[91.55326,73.00091]]],[302,[75.1358,46.58906,0,[93.8214,74.00063]]],[371,[67.45987,34.20992,0,[94.62044,74.00092]]],[94,[71.86538,51.07759,0,[88.62312,73.001]]],[536,[22.06657,18.41257,0,[93.89327,74.001]]],[344,[70.15462,43.69736,0,[93.7084,74.00075]]],[245,[70.2936,38.27729,0,[88.62537,73.00099]]],[421,[22.71847,24.28196,0,[93.64028,74.00097]]],[552,[74.37615,31.67892,0,[89.96385,73.00094]]],[62,[47.45937,41.30931,0,[92.38889,74.001]]],[222,[23.83464,27.55597,0,[88.40564,73.001]]],[268,[48.33685,37.18687,0,[92.36446,74.00099]]],[186,[62.063,34.017,0,[88.40273,73.001]]],[551,[77.2711,29.5019,0,[90.46558,73.00093]]],[454,[40.65576,27.96004,0,[94.30344,74.00095]]],[301,[71.68999,48.78263,0,[94.22192,74.00095]]],[468,[75.09948,40.79576,0,[91.30834,73.00087]]],[523,[21.28395,18.34307,0,[93.87344,74.001]]],[293,[34.16105,31.88878,0,[93.83244,74.001]]],[130,[48.06769,31.7267,0,[88.40061,73.001]]],[409,[40.35296,30.32282,0,[93.38985,74.00095]]],[482,[27.62624,22.18095,0,[94.43205,74.00097]]],[242,[56.67321,39.48408,0,[94.46947,74.00099]]],[356,[38.31358,29.37514,0,[94.53121,74.00086]]],[453,[32.72738,25.55447,0,[93.63512,74.00089]]],[537,[45.42679,20.9704,0,[94.24809,74.00099]]],[323,[73.854,47.23425,0,[92.75951,74.00098]]],[152,[66.35271,46.88757,0,[92.13224,74.00098]]],[437,[31.81806,25.03832,0,[94.03708,74.00098]]],[375,[68.97951,43.3711,0,[93.42364,74.001]]],[148,[41.67606,37.20861,0,[94.28864,74.00099]]],[359,[79.5422,43.95604,0,[91.12466,73.001]]],[438,[39.23884,27.71675,0,[94.2188,74.00098]]],[241,[58.04618,39.1189,0,[94.23846,74.00095]]],[206,[34.96453,34.5217,0,[93.53925,74.00092]]],[525,[75.99138,36.45596,0,[89.99628,73.00094]]],[526,[73.92999,46.10122,0,[88.79987,73.00099]]],[544,[77.1576,33.76464,0,[89.08247,73.00098]]],[357,[36.87635,30.19784,0,[94.1031,74.00092]]],[358,[42.44457,32.91599,0,[93.65892,74.00098]]],[408,[77.99664,35.28582,0,[93.00396,74.00094]]],[204,[33.66749,34.30988,0,[91.99967,73.67899]]],[270,[56.18346,37.46816,0,[93.65298,74.00096]]],[545,[80.4144,38.0128,0,[89.85843,73.00088]]],[322,[72.01728,44.53808,0,[93.05581,74.00099]]],[498,[43.6743,24.60428,0,[94.43464,74.00098]]],[514,[76.71877,37.80319,0,[91.99918,73.27482]]],[238,[49.56295,37.01712,0,[93.10751,74.00099]]],[534,[34.97948,16.19266,0,[94.59689,74.00079]]]
6:[515,[18.1418,35.94497,0,[70.99906,79.51386]]],[528,[19.0924,37.99249,0,[70.38895,79.99966]]],[501,[19.42821,37.84169,0,[70.99904,79.63307]]],[516,[20.28822,39.63173,0,[69.99905,80.45865]]],[500,[19.19977,36.26528,0,[70.99905,78.66377]]],[486,[20.16039,38.78885,0,[70.99906,79.55099]]],[502,[20.84167,40.4353,0,[70.43175,79.99963]]],[485,[20.0843,37.49589,0,[70.99906,78.50372]]],[487,[21.02403,40.34332,0,[70.99902,79.1169]]],[503,[21.30519,41.35508,0,[70.99903,79.97588]]],[471,[20.82221,39.57567,0,[70.99905,78.21178]]],[472,[21.89905,40.71996,0,[70.99905,79.20773]]],[470,[21.68986,38.46466,0,[70.99904,78.27695]]],[539,[22.3204,40.12379,0,[69.99908,80.60555]]],[529,[22.32478,41.43439,0,[70.81354,79.99944]]],[473,[22.96429,42.12528,0,[70.99908,79.89165]]],[455,[22.48356,39.51189,0,[70.99905,78.26047]]],[517,[23.76052,42.57612,0,[69.99944,80.24312]]],[457,[23.59348,41.19798,0,[70.99905,79.24557]]],[488,[22.82849,42.43612,0,[70.99916,78.91016]]],[504,[24.52544,43.52973,0,[69.9991,80.54375]]],[474,[24.05733,43.4878,0,[70.99908,79.79093]]],[456,[23.531,41.19355,0,[70.99905,78.17844]]],[489,[25.28366,43.91004,0,[69.99905,80.4395]]],[444,[24.73456,44.0894,0,[70.99907,79.68921]]],[443,[24.15159,42.60757,0,[70.99905,78.27245]]],[428,[25.3027,44.5895,0,[70.99903,79.76148]]],[442,[25.24911,41.10544,0,[70.99902,78.30902]]],[458,[24.6026,42.95221,0,[70.99908,78.72063]]],[459,[25.90893,44.56672,0,[70.99909,79.94474]]],[506,[26.27446,45.408,0,[69.99907,80.70175]]],[426,[25.754,42.55757,0,[70.99902,78.8235]]],[427,[26.48995,43.02283,0,[70.99906,79.04448]]],[445,[26.69423,46.68916,0,[70.8184,79.99968]]],[441,[26.35578,40.83107,0,[70.99905,78.04674]]],[414,[27.21777,45.07567,0,[70.99902,79.07037]]],[490,[27.40044,45.82655,0,[70.9922,79.99967]]],[440,[27.12493,40.76874,0,[70.99902,78.0317]]],[429,[28.03162,45.48266,0,[70.99902,79.08675]]],[411,[27.85143,43.196,0,[70.99906,78.13725]]],[540,[28.45678,43.49409,0,[69.99907,80.50255]]],[460,[28.33924,45.79687,0,[70.99911,79.8981]]],[399,[28.62907,46.25926,0,[70.99905,78.17325]]],[475,[29.06767,46.63497,0,[70.99913,79.88499]]],[518,[29.39742,44.52211,0,[69.99919,80.4647]]],[416,[29.01963,48.4571,0,[70.99914,78.78201]]],[430,[29.70422,48.3478,0,[70.99906,79.0461]]],[431,[29.9147,48.70229,0,[70.92282,79.99967]]],[415,[30.35335,47.82677,0,[70.99902,78.89081]]],[413,[29.80417,44.06739,0,[71.26614,77.99957]]],[417,[30.54253,49.3881,0,[70.99904,79.864]]],[386,[31.08722,45.9593,0,[70.99902,78.95406]]],[400,[30.85917,47.16464,0,[71.16963,77.99966]]],[401,[31.26679,48.0317,0,[70.82095,79.99972]]],[387,[31.91836,47.99114,0,[70.99916,79.81324]]],[351,[31.71576,47.03806,0,[70.99915,78.80696]]],[505,[32.22954,46.45571,0,[69.99912,80.53059]]],[388,[32.61755,48.21567,0,[70.9991,78.94308]]],[349,[32.40214,45.91769,0,[70.99905,78.05289]]],[404,[32.64953,51.23374,0,[70.97565,79.99957]]],[352,[33.29863,47.44372,0,[70.99902,79.29566]]],[398,[33.25523,44.12855,0,[70.99902,78.18394]]],[530,[33.432,45.70939,0,[69.99918,80.55467]]],[378,[34.0504,49.14708,0,[70.999,79.06284]]],[432,[34.43842,51.1674,0,[69.999,80.06561]]],[331,[33.92433,47.7557,0,[70.99903,78.0268]]],[335,[34.69088,51.54614,0,[70.99907,79.03348]]],[389,[34.79803,50.12415,0,[70.93485,79.9995]]],[379,[35.40168,51.33324,0,[70.99903,79.22337]]],[363,[34.63504,49.56322,0,[71.13967,77.99963]]],[402,[35.76206,50.86374,0,[70.88431,79.99954]]],[333,[35.60179,48.93177,0,[70.99904,78.12815]]],[419,[36.5879,53.21455,0,[70.99905,79.86915]]],[405,[37.04619,54.26012,0,[70.99902,78.79758]]],[520,[37.19437,47.70857,0,[69.99904,80.6428]]],[380,[36.19082,51.56685,0,[70.99905,79.02453]]],[418,[37.47771,53.40768,0,[70.99904,79.34657]]],[397,[36.66519,43.79445,0,[71.20393,77.99957]]],[447,[37.90028,52.23933,0,[69.99904,80.17284]]],[353,[38.08224,50.17473,0,[70.99903,79.23729]]],[519,[38.70259,49.61127,0,[70.22762,79.99969]]],[308,[37.69551,49.4481,0,[70.99905,78.17656]]],[334,[38.72483,51.47357,0,[70.99904,79.1676]]],[412,[38.39507,44.72666,0,[70.99902,78.16939]]],[403,[39.10295,53.24846,0,[70.99908,79.87356]]],[446,[39.31994,50.61643,0,[69.99908,80.62737]]],[390,[39.85528,53.18224,0,[70.99909,79.84772]]],[332,[39.2254,47.91721,0,[70.99902,78.28486]]],[531,[40.10737,47.92384,0,[69.99908,80.5566]]],[433,[40.59966,53.7285,0,[70.99911,79.96975]]],[364,[39.68536,53.96196,0,[70.99911,78.87462]]],[476,[41.36305,49.67095,0,[69.99921,80.48999]]],[348,[41.21818,47.40873,0,[70.99902,79.1247]]],[309,[40.46412,51.96058,0,[70.99908,78.9847]]],[410,[40.28256,45.25273,0,[70.99905,78.05958]]],[391,[41.73786,53.96054,0,[70.99916,79.41122]]],[462,[42.35052,52.23006,0,[69.99902,80.17901]]],[313,[42.39588,55.01543,0,[70.99912,79.73544]]],[350,[41.86782,46.31243,0,[70.99907,78.15674]]],[463,[43.15204,52.92771,0,[69.99902,80.2296]]],[312,[43.06155,54.57899,0,[70.99902,79.19956]]],[310,[41.07677,51.7219,0,[70.99902,78.08251]]],[392,[43.66346,55.66019,0,[70.33331,79.99979]]],[284,[43.78482,53.26521,0,[70.99903,79.26398]]],[425,[43.05589,43.57637,0,[70.99902,78.10651]]],[282,[44.44498,52.91419,0,[70.31119,79.99982]]],[255,[44.48883,53.71952,0,[70.99902,79.16171]]],[283,[43.68779,51.41348,0,[70.99904,78.23199]]],[478,[45.27424,53.84221,0,[69.99908,80.60938]]],[287,[44.85162,56.71275,0,[70.99909,79.8896]]],[311,[42.40069,53.78086,0,[70.99911,78.63201]]],[381,[45.59335,55.34907,0,[70.80947,79.99966]]],[285,[45.48049,55.09491,0,[70.9991,78.87203]]],[280,[44.49697,48.88235,0,[70.99905,78.07673]]],[368,[46.27271,58.09829,0,[70.85667,79.99958]]],[336,[46.05278,58.49843,0,[70.99911,79.09496]]],[477,[47.00962,52.38476,0,[69.99902,80.57925]]],[330,[46.79253,48.76881,0,[70.99908,78.94073]]],[253,[45.17009,52.47028,0,[70.99908,78.14264]]],[257,[46.93344,55.32479,0,[70.99908,79.92966]]],[224,[47.52233,52.8146,0,[70.99905,79.13542]]],[228,[46.58639,55.46864,0,[71.09095,77.99955]]],[288,[47.75752,58.13422,0,[70.9566,79.99951]]],[259,[48.2743,56.26902,0,[70.99903,79.0012]]],[254,[47.4242,52.57845,0,[70.99905,78.10377]]],[367,[48.48222,58.41658,0,[70.94746,79.9996]]],[258,[48.95528,57.32939,0,[70.99911,78.84141]]],[307,[48.15495,48.86231,0,[71.01551,77.99976]]],[541,[49.35446,49.69196,0,[69.99911,80.58875]]],[256,[49.33975,56.83908,0,[70.99905,79.70812]]],[281,[49.52525,50.15676,0,[70.99904,78.13155]]],[434,[50.46288,56.14546,0,[69.99911,80.5587]]],[532,[50.00981,49.87664,0,[70.99909,79.8607]]],[227,[49.91129,57.86509,0,[70.99907,78.77702]]],[291,[50.63786,61.38063,0,[70.99906,79.04636]]],[365,[50.83724,56.31035,0,[70.80708,79.99969]]],[226,[51.27975,56.97869,0,[70.99902,79.17455]]],[225,[50.55069,56.09098,0,[70.99908,78.03825]]],[420,[52.03336,57.41027,0,[69.99905,80.39866]]],[197,[51.73304,56.56153,0,[70.99911,79.66866]]],[196,[51.28444,57.14828,0,[70.99902,78.08475]]],[406,[52.30553,57.68261,0,[70.99906,79.89708]]],[194,[51.90255,55.2228,0,[70.99902,78.20782]]],[261,[52.90467,61.79392,0,[70.99904,79.14346]]],[355,[52.96626,60.08261,0,[69.99911,80.55925]]],[279,[52.37718,49.79984,0,[70.9991,78.66105]]],[260,[53.48963,60.17234,0,[70.99905,79.25628]]],[314,[53.45687,60.31883,0,[70.20155,79.99976]]],[221,[53.14023,51.73743,0,[70.99902,78.02552]]],[289,[53.88049,60.4271,0,[70.99907,79.91469]]],[229,[53.92281,59.761,0,[70.99905,78.13061]]],[165,[54.6212,57.87412,0,[70.90272,79.99959]]],[448,[54.07332,56.68494,0,[69.99907,80.58444]]],[136,[55.03704,57.85632,0,[70.99906,78.98247]]],[192,[54.31922,54.52044,0,[70.99905,78.85755]]],[466,[55.2678,55.54129,0,[70.99908,79.9849]]],[164,[55.88823,57.62556,0,[70.99908,78.95197]]],[449,[56.06223,57.49294,0,[69.99901,80.5955]]],[286,[56.07228,59.54428,0,[70.9129,79.99977]]],[305,[54.82393,49.17027,0,[71.16282,77.99965]]],[231,[56.71857,62.25663,0,[70.99911,79.78267]]],[262,[56.49096,63.11831,0,[70.9991,78.91534]]],[198,[57.42162,59.97694,0,[70.99902,79.96168]]],[328,[55.69045,48.1128,0,[71.10423,77.99961]]],[382,[57.0941,59.12798,0,[69.99911,80.49522]]],[252,[57.98652,52.54382,0,[70.99902,79.18152]]],[135,[57.35018,57.54435,0,[70.99903,78.88762]]],[451,[58.76433,59.33261,0,[70.03054,79.99981]]],[199,[58.73412,62.19439,0,[70.99905,79.0608]]],[377,[57.01149,48.43436,0,[71.11542,77.99982]]],[290,[59.07551,62.90676,0,[70.76182,79.99982]]],[167,[59.39674,59.66607,0,[70.99904,79.11547]]],[193,[58.11074,55.38209,0,[70.99902,78.04895]]],[233,[59.70035,64.89532,0,[70.9991,79.8992]]],[366,[60.24455,60.29951,0,[69.99905,80.59494]]],[195,[59.15755,54.53191,0,[70.99902,78.02187]]],[232,[60.42783,64.74502,0,[70.99905,79.83324]]],[202,[61.11388,65.00089,0,[70.99903,79.1166]]],[230,[60.21667,61.35847,0,[70.99902,78.89026]]],[435,[61.20879,58.52456,0,[69.99905,80.5474]]],[105,[60.79281,60.01726,0,[70.99903,78.13909]]],[316,[61.41815,64.78098,0,[70.74039,79.99968]]],[166,[59.8559,60.30413,0,[70.99904,78.10213]]],[104,[61.73676,60.8639,0,[70.99908,79.03605]]],[263,[61.95768,65.65802,0,[70.99908,79.90668]]],[79,[61.55775,60.38433,0,[70.99906,78.08222]]],[106,[62.71423,61.5293,0,[70.9809,79.99966]]],[491,[62.45424,54.52902,0,[69.99908,80.60863]]],[168,[63.29365,63.19199,0,[70.99908,79.01957]]],[170,[62.54977,62.64727,0,[70.99906,79.02161]]],[422,[63.73445,61.91628,0,[70.53778,79.99971]]],[137,[62.27958,59.79292,0,[70.99903,78.18408]]],[203,[63.93311,65.20671,0,[70.99907,79.11637]]],[315,[64.77865,64.76957,0,[70.11702,79.99964]]],[200,[64.61286,65.07153,0,[70.99908,79.22866]]],[223,[63.10309,53.65087,0,[70.99905,78.07834]]],[395,[65.29951,61.8894,0,[70.54568,79.99976]]],[83,[64.54705,64.9812,0,[70.99907,78.18225]]],[250,[63.90516,54.39829,0,[71.05664,77.99958]]],[84,[65.41457,66.38019,0,[70.99903,79.06099]]],[139,[65.80552,64.54367,0,[70.99914,79.89693]]],[162,[65.34963,54.97692,0,[71.04284,77.99958]]],[140,[66.38534,65.17828,0,[70.99904,79.01166]]],[292,[66.54974,66.98665,0,[70.9991,79.94527]]],[80,[66.20169,62.51499,0,[70.99907,78.10194]]],[109,[67.26662,65.58611,0,[70.99905,79.97039]]],[385,[68.14879,62.19201,0,[69.99905,80.56755]]],[31,[67.14457,64.65979,0,[70.99902,78.94745]]],[110,[67.91352,64.28859,0,[70.99903,79.12727]]],[338,[68.33037,63.84108,0,[70.68302,79.99963]]],[53,[66.86928,63.03367,0,[71.31632,77.99962]]],[142,[68.56354,65.61322,0,[70.99907,78.95226]]],[524,[69.18095,57.67865,0,[69.9991,80.5577]]],[58,[68.26491,66.91885,0,[70.99902,78.03393]]],[264,[68.94694,68.21784,0,[70.99913,79.58017]]],[548,[69.8343,53.76534,0,[69.99903,80.37766]]],[108,[69.12647,60.80989,0,[70.99902,78.11794]]],[169,[69.6569,67.24007,0,[70.99905,79.67146]]],[492,[70.45242,56.62046,0,[69.99915,80.53141]]],[36,[70.26225,70.82749,0,[70.99906,79.16425]]],[138,[69.63731,66.76082,0,[70.99908,78.5128]]],[174,[70.53463,66.97374,0,[70.85958,79.99954]]],[133,[70.9595,56.49167,0,[70.99909,78.85797]]],[76,[71.18098,60.37163,0,[70.98373,79.99965]]],[81,[70.56577,63.83131,0,[70.99907,78.04492]]],[265,[71.83756,70.63659,0,[70.99911,79.91318]]],[107,[72.2207,68.89771,0,[69.99914,80.5333]]],[77,[71.58286,59.35868,0,[71.00465,77.99962]]],[60,[72.45503,69.70246,0,[70.99904,79.15369]]],[111,[72.87937,68.73395,0,[70.59464,79.99971]]],[190,[71.74734,55.99937,0,[70.9991,78.91197]]],[113,[73.15737,67.60692,0,[70.99904,79.19728]]],[337,[74.14427,67.73296,0,[69.99904,80.59123]]],[220,[72.70148,53.57601,0,[70.99907,78.05534]]],[112,[73.48716,68.81121,0,[70.99908,79.91589]]],[78,[73.56716,59.08687,0,[70.99903,78.13648]]],[172,[74.1731,71.09844,0,[70.99906,79.94406]]],[317,[75.00437,68.19851,0,[69.99903,80.42884]]],[329,[74.74773,50.4021,0,[70.99907,79.05178]]],[52,[74.03954,62.14603,0,[70.99905,78.84585]]],[191,[74.98205,54.76571,0,[70.99908,79.91095]]],[306,[75.52444,50.4981,0,[70.99906,79.02624]]],[57,[74.66481,65.65937,0,[70.99907,78.0208]]],[115,[75.70191,68.06741,0,[70.99911,79.93352]]],[32,[76.33218,67.204,0,[70.99902,79.21034]]],[59,[75.34254,69.72437,0,[70.99906,78.10134]]],[393,[76.67191,63.51623,0,[69.99931,80.41631]]],[143,[76.8019,67.27757,0,[70.99911,79.72065]]],[132,[76.10802,58.13225,0,[70.99902,78.26099]]],[201,[77.68913,71.08164,0,[69.99915,80.50849]]],[452,[77.37813,62.90551,0,[70.99915,79.86388]]],[82,[77.28493,69.56333,0,[70.99905,78.65722]]],[102,[78.07147,65.71543,0,[70.99902,79.03289]]],[163,[76.7776,55.70148,0,[70.99902,78.14139]]],[114,[78.75409,70.39788,0,[70.99905,79.0733]]],[54,[77.90723,64.99893,0,[70.99905,78.03026]]],[173,[78.47231,69.29931,0,[70.42388,79.99986]]],[86,[79.19173,71.2342,0,[69.99905,80.55915]]],[295,[79.05301,68.86157,0,[70.99904,79.86673]]],[35,[78.63898,71.94138,0,[70.99906,78.06715]]],[85,[79.81077,74.14113,0,[70.99911,79.92146]]],[205,[80.30122,70.52525,0,[69.99912,80.61359]]],[117,[79.69057,70.4429,0,[70.99908,78.92165]]],[236,[80.66326,72.67439,0,[70.99906,79.93944]]],[134,[79.34372,56.51685,0,[70.99902,78.23257]]],[207,[81.45921,72.11464,0,[69.99915,80.49464]]],[116,[81.31301,71.78624,0,[70.99903,79.23047]]],[87,[80.61053,72.7494,0,[70.99915,78.89887]]],[178,[81.66776,72.63032,0,[70.86015,79.99954]]],[88,[82.26184,70.33619,0,[70.99903,79.27509]]],[160,[80.34454,61.00351,0,[70.99903,78.08501]]],[18,[81.91268,72.23777,0,[70.99902,78.47361]]],[341,[83.0128,69.74605,0,[70.99902,78.87766]]],[396,[82.67279,68.22421,0,[70.80581,79.99951]]],[147,[83.29012,72.41642,0,[70.99909,79.88664]]],[50,[81.39011,64.51054,0,[70.99903,78.09261]]],[493,[83.4535,60.29527,0,[69.99911,80.64537]]],[37,[83.9503,72.17458,0,[70.99914,79.91586]]],[373,[83.57076,66.96349,0,[70.99905,78.08625]]],[277,[83.88627,54.48687,0,[70.99909,78.83736]]],[510,[84.55804,61.33701,0,[69.99912,80.58695]]],[159,[82.65424,57.90033,0,[70.99905,78.16162]]],[33,[84.57611,70.09948,0,[70.99907,79.07492]]],[74,[84.54134,61.90749,0,[70.99908,78.02812]]],[175,[84.77249,73.30389,0,[70.92069,79.9996]]],[131,[85.46499,61.1257,0,[70.9991,79.07976]]],[161,[86.20161,56.65998,0,[70.99904,79.17417]]],[89,[86.42806,74.05319,0,[70.78376,79.9994]]],[75,[85.18574,61.56828,0,[70.99902,78.20153]]],[188,[86.93079,56.89688,0,[70.99906,78.72558]]],[521,[87.24557,58.03142,0,[69.99908,80.57285]]],[55,[86.48034,66.96844,0,[70.99905,78.09647]]],[49,[87.24406,66.40892,0,[70.99905,79.58483]]],[294,[88.1952,69.82461,0,[69.99902,80.21692]]],[177,[87.896,74.91471,0,[70.99905,78.84595]]],[251,[87.5662,54.34113,0,[70.99905,78.09597]]],[6,[88.15475,73.56819,0,[70.99906,79.71384]]],[30,[88.8418,73.27995,0,[70.84901,79.99963]]],[73,[89.2756,63.78397,0,[70.99901,79.27354]]],[327,[88.48155,54.68531,0,[70.99906,78.09886]]],[237,[89.93234,75.75463,0,[69.99942,80.39545]]],[72,[88.78726,62.24302,0,[70.99909,78.83568]]],[179,[89.79671,73.96673,0,[70.99906,79.62345]]],[218,[89.69403,55.22552,0,[70.99902,78.27049]]],[48,[90.39059,67.74229,0,[70.99906,79.78513]]],[141,[91.11068,72.18568,0,[69.99903,80.40628]]],[47,[90.99963,69.23758,0,[70.99902,79.23164]]],[71,[90.35561,65.77795,0,[70.99908,78.6442]]],[13,[91.71719,73.17036,0,[70.02996,79.99976]]],[5,[91.66724,76.77983,0,[70.99904,79.33528]]],[51,[91.02412,60.13252,0,[70.99902,78.11212]]],[144,[92.40619,74.99438,0,[69.99915,80.58763]]],[208,[92.14591,74.73781,0,[70.92889,79.99945]]],[103,[91.58702,58.92632,0,[70.99904,78.25367]]],[14,[92.95043,73.60131,0,[70.61675,79.99968]]],[4,[92.58752,75.30663,0,[70.99918,78.79339]]],[101,[92.16016,63.9775,0,[70.99902,78.31703]]],[100,[93.22877,65.6966,0,[70.99902,79.25219]]],[461,[93.92325,61.71369,0,[69.99902,80.14673]]],[276,[93.28246,52.73218,0,[70.99902,78.13022]]],[38,[93.82099,76.84286,0,[70.99902,79.43872]]],[372,[94.7421,72.87153,0,[69.99904,80.00768]]],[217,[93.91348,57.79319,0,[70.99903,78.31493]]],[3,[94.60041,73.50719,0,[70.99903,79.30614]]],[424,[95.64023,71.77679,0,[70.56779,79.99946]]],[2,[94.62309,73.16323,0,[70.99903,78.21359]]],[28,[95.37358,72.25159,0,[70.99911,79.17371]]],[267,[96.41718,74.096,0,[69.99922,80.50505]]],[39,[96.16707,77.31299,0,[70.99906,79.50986]]],[189,[95.38818,55.3744,0,[70.99911,78.09274]]],[507,[96.74961,61.47676,0,[70.99908,79.93364]]],[187,[96.05588,62.74141,0,[70.99902,78.43449]]],[34,[97.07542,78.11691,0,[70.99902,78.7922]]],[12,[97.57096,73.63759,0,[69.99931,80.40273]]],[11,[96.66482,75.75125,0,[70.99905,78.18161]]],[61,[97.50778,76.92743,0,[70.99907,79.38773]]],[296,[97.99586,72.20533,0,[70.99907,79.89494]]],[56,[97.61603,77.50594,0,[70.99904,78.08302]]],[298,[98.59665,74.53657,0,[70.99905,78.86311]]],[209,[98.69425,75.63893,0,[70.99908,79.86742]]],[150,[98.14212,76.83907,0,[70.99905,78.38944]]],[20,[99.29605,75.88126,0,[70.99904,79.02785]]],[29,[99.47852,74.78366,0,[70.99911,79.92178]]],[41,[99.14594,74.57359,0,[70.99903,78.03513]]],[27,[100.1183,70.67506,0,[70.99902,78.96143]]],[16,[100.9089,82.14049,0,[69.99902,80.59776]]],[149,[100.2962,77.75946,0,[70.95641,79.99953]]],[248,[99.911,60.16841,0,[70.99906,78.0244]]],[239,[101.2822,74.2205,0,[70.52596,79.99974]]],[180,[101.4753,73.80847,0,[70.99906,79.07338]]],[151,[100.8901,73.09908,0,[70.99912,78.85953]]],[171,[102.0479,74.37861,0,[69.99907,80.56979]]],[374,[101.7639,74.46162,0,[70.99908,79.84882]]],[216,[100.6301,57.6789,0,[71.16726,77.99962]]],[269,[102.459,75.57048,0,[70.99905,79.17126]]],[266,[102.914,76.21342,0,[69.99904,80.00487]]],[22,[101.6714,78.01285,0,[71.11561,77.99963]]],[210,[103.1249,74.49802,0,[70.99905,79.1468]]],[496,[103.5277,75.26253,0,[70.25865,79.99968]]],[99,[102.5787,66.27665,0,[70.99906,78.05692]]],[343,[103.7859,74.69293,0,[70.99905,78.91106]]],[543,[103.8765,59.50357,0,[70.99908,79.90888]]],[46,[103.5735,66.19203,0,[70.99908,78.02403]]],[271,[104.4489,80.73949,0,[70.99904,79.16809]]],[339,[105.1207,72.14314,0,[69.99908,80.55812]]],[384,[104.8076,70.39516,0,[70.99911,79.85725]]],[275,[104.365,58.66681,0,[70.99903,78.12338]]],[145,[105.4162,79.12429,0,[70.99906,79.99742]]],[15,[105.4046,75.89483,0,[70.9991,78.7644]]],[240,[106.3499,74.99112,0,[70.77948,79.99953]]],[64,[105.0492,76.05813,0,[70.99901,78.05695]]],[450,[106.2366,66.06489,0,[69.99906,80.60295]]],[120,[106.8414,75.72028,0,[70.99911,79.00323]]],[181,[106.0507,75.65103,0,[70.99902,79.13605]]],[467,[106.9986,67.72534,0,[70.87667,79.99957]]],[153,[107.4847,77.8418,0,[70.99905,79.19988]]],[119,[107.9448,78.40211,0,[70.56507,79.99957]]],[63,[106.7115,76.79134,0,[70.99908,78.04449]]],[370,[108.2267,74.25391,0,[70.99903,79.16929]]],[509,[109.2099,63.86522,0,[69.99906,80.60143]]],[183,[107.4174,75.44126,0,[70.99904,78.14651]]],[383,[108.5138,69.82415,0,[70.91537,79.99953]]],[299,[108.7638,78.22822,0,[70.99906,78.13415]]],[247,[106.1186,55.64255,0,[70.99902,78.00226]]],[319,[109.0752,74.83534,0,[70.99903,78.922]]],[436,[109.2457,70.09442,0,[70.99902,79.92522]]],[244,[108.1048,75.55266,0,[70.99903,78.1372]]],[128,[109.9112,72.80745,0,[70.99905,78.99078]]],[146,[110.0372,79.73764,0,[70.99904,79.99335]]],[184,[110.7113,75.82196,0,[70.99908,78.99274]]],[324,[109.7186,79.59022,0,[71.06121,77.99961]]],[494,[110.8815,65.78289,0,[70.99911,79.94815]]],[211,[111.5272,80.37106,0,[70.99907,79.02785]]],[176,[111.7505,82.41997,0,[70.99915,79.9369]]],[26,[110.5606,68.63435,0,[70.99908,78.017]]],[118,[112.2386,81.98941,0,[69.99905,80.58717]]],[465,[112.6707,66.67332,0,[70.64402,79.99951]]],[246,[111.3276,62.79758,0,[70.99903,78.11604]]],[212,[113.1856,81.57236,0,[70.99906,79.39041]]],[550,[113.5126,58.33352,0,[69.9991,80.47182]]],[17,[112.3443,81.86674,0,[70.99903,79.03806]]],[318,[113.6583,89.12411,0,[70.99905,79.97822]]],[234,[114.4249,80.92049,0,[69.9991,80.66028]]],[249,[112.9661,54.76531,0,[70.99902,78.38089]]],[513,[114.2653,68.9464,0,[70.99911,79.97147]]],[65,[113.9679,82.54573,0,[70.99905,78.86713]]],[42,[112.1529,76.19112,0,[70.99902,78.07026]]],[480,[115.2892,65.67606,0,[69.99913,80.58266]]],[243,[114.938,79.93343,0,[70.99907,79.86906]]],[321,[114.8287,78.95086,0,[70.99911,78.84222]]],[182,[113.7019,77.29655,0,[70.99904,78.02357]]],[499,[115.7622,76.75879,0,[70.99904,79.2906]]],[407,[116.1873,73.32323,0,[69.999,80.26779]]],[40,[115.511,84.30322,0,[70.99903,78.24081]]],[19,[116.4736,87.72115,0,[70.66267,79.99966]]],[90,[114.5202,72.87634,0,[70.99905,78.09321]]],[273,[116.9711,78.61588,0,[70.99903,79.54776]]],[511,[117.2835,72.02072,0,[69.99911,80.55255]]],[527,[116.5017,73.26307,0,[70.99906,78.94862]]],[549,[117.5864,64.19393,0,[70.99904,79.74396]]],[92,[117.6746,77.67487,0,[70.99906,78.49085]]],[214,[116.2399,77.9321,0,[70.99902,78.08565]]],[274,[118.2342,85.78561,0,[70.99905,79.23344]]],[538,[118.2808,67.08704,0,[69.99903,80.56954]]],[304,[117.1388,55.46927,0,[70.99903,78.23351]]],[213,[118.9566,81.8588,0,[70.99908,79.37328]]],[354,[119.5631,73.90617,0,[70.72396,79.9994]]],[129,[118.3599,60.34624,0,[70.99905,78.06941]]],[340,[118.724,87.38779,0,[70.36126,79.9996]]],[342,[119.8962,79.88349,0,[70.9992,78.86687]]],[347,[119.6581,54.92504,0,[70.99909,78.05457]]],[362,[120.2007,83.25153,0,[70.99902,79.9117]]],[121,[120.7345,77.86629,0,[70.99904,79.07217]]],[376,[118.9341,82.95907,0,[70.99907,78.27899]]],[481,[120.9937,72.14851,0,[70.99408,79.99905]]],[345,[121.547,85.76216,0,[70.99906,79.06589]]],[154,[120.5245,82.59795,0,[70.99904,78.1228]]],[439,[121.7585,88.35611,0,[70.99922,79.99739]]],[122,[122.4005,84.52702,0,[70.99904,79.01005]]],[533,[122.212,64.02586,0,[69.99904,80.6012]]],[93,[121.2922,75.54319,0,[70.99902,78.19025]]],[554,[122.6386,72.14444,0,[70.67574,79.99969]]],[484,[123.0139,75.88664,0,[70.99902,79.17072]]],[124,[122.2359,79.84278,0,[70.99902,78.01621]]],[464,[123.6726,73.92181,0,[70.13625,79.99981]]],[469,[123.6995,84.61252,0,[70.99906,79.04594]]],[535,[123.9085,68.83634,0,[70.99905,79.97747]]],[66,[123.0073,78.03071,0,[70.99902,78.06857]]],[91,[124.5847,80.41183,0,[70.99909,79.91254]]],[547,[124.4357,70.63499,0,[70.99908,78.94959]]],[369,[125.1617,77.34124,0,[69.99903,80.6031]]],[512,[125.5068,78.94076,0,[70.51188,79.99969]]],[553,[124.1883,66.70794,0,[70.99905,78.005]]],[479,[126.2521,69.11091,0,[69.99907,80.45097]]],[272,[125.7682,85.27361,0,[70.99906,79.21394]]],[361,[125.1827,79.22498,0,[70.99902,79.01261]]],[423,[126.1749,85.13789,0,[70.99908,79.87783]]],[542,[126.9854,65.45557,0,[69.99913,80.46845]]],[325,[126.0759,83.24666,0,[70.99902,78.06288]]],[300,[127.6802,83.79456,0,[69.99902,80.15423]]],[546,[126.9637,67.93922,0,[70.99902,79.2591]]],[278,[124.9991,54.7701,0,[71.32001,77.9996]]],[495,[128.293,73.96295,0,[69.99906,80.40165]]],[483,[127.5638,71.09818,0,[70.99902,79.39947]]],[10,[127.1087,73.96529,0,[70.99902,78.11634]]],[326,[128.1627,83.7981,0,[70.99902,79.31087]]],[394,[128.9956,79.49992,0,[69.99902,80.13695]]],[303,[128.8112,60.13034,0,[70.99905,79.31883]]],[497,[129.4442,82.15897,0,[70.49693,79.99978]]],[21,[127.7939,80.17187,0,[70.99902,78.28671]]],[123,[129.5534,83.62022,0,[70.99904,79.09203]]],[320,[126.4684,86.37583,0,[70.99908,78.70541]]],[522,[130.2492,74.06006,0,[69.99911,80.55568]]],[297,[129.8829,82.65551,0,[70.99908,79.84655]]],[98,[129.2968,73.05703,0,[70.99909,78.20869]]],[235,[130.7951,99.61908,0,[70.99906,79.81842]]],[158,[130.1488,65.55835,0,[70.99902,78.20055]]],[508,[131.1097,73.08553,0,[69.99908,80.56443]]],[219,[131.4971,59.52313,0,[70.99908,79.02939]]],[360,[128.5365,81.02872,0,[70.99904,78.17908]]],[346,[131.6427,87.9024,0,[70.95964,79.99964]]],[302,[132.2201,80.38371,0,[70.99904,79.12969]]],[371,[132.5875,73.64072,0,[70.65284,79.99959]]],[94,[130.6809,82.63046,0,[70.99911,78.79071]]],[536,[133.2646,76.09467,0,[69.99907,80.67137]]],[344,[133.037,82.69946,0,[70.99904,79.18381]]],[245,[131.403,68.76212,0,[71.10489,77.99961]]],[421,[133.4642,83.66644,0,[70.64329,79.9996]]],[552,[133.6842,65.75758,0,[70.99904,78.87977]]],[62,[134.0229,90.4525,0,[70.99902,79.64906]]],[222,[132.4725,61.46274,0,[70.99901,78.09312]]],[268,[134.2335,97.55927,0,[69.99907,80.61726]]],[186,[134.6594,63.75434,0,[70.99905,78.82484]]],[551,[133.3746,58.59099,0,[70.99904,78.02651]]],[454,[134.7763,92.51037,0,[70.99905,79.8203]]],[301,[135.3619,85.78595,0,[70.99905,79.06416]]],[468,[134.2801,75.55512,0,[70.99904,78.13706]]],[523,[135.1727,74.08601,0,[69.99902,80.62359]]],[293,[135.599,91.9269,0,[70.71235,79.99963]]],[130,[135.25,59.67956,0,[70.99905,78.0561]]],[409,[136.2807,92.53895,0,[70.99913,79.93307]]],[482,[136.3868,85.73299,0,[69.99912,80.60243]]],[242,[136.0203,93.48645,0,[70.99901,79.0656]]],[356,[137.0769,90.24461,0,[70.99908,79.8836]]],[453,[137.5327,89.62671,0,[69.9991,80.60125]]],[537,[136.6111,82.04714,0,[70.99905,78.20387]]],[323,[137.7411,85.7202,0,[70.99907,79.03105]]],[152,[137.9648,91.3731,0,[70.67514,79.99966]]],[437,[137.0143,87.86325,0,[70.99906,78.78906]]],[375,[138.4101,90.15096,0,[70.99904,79.43752]]],[148,[139.1427,94.53143,0,[70.99903,79.10261]]],[359,[135.9496,75.24157,0,[70.99907,78.00512]]],[438,[139.5213,99.379,0,[69.99902,80.06274]]],[241,[139.5957,89.71864,0,[70.99904,79.71956]]],[206,[140.3607,95.56269,0,[69.99912,80.6]]],[525,[137.6436,67.72217,0,[70.99906,78.01782]]],[526,[138.5223,75.89536,0,[70.99905,78.29488]]],[544,[140.0032,64.2317,0,[70.99901,78.57607]]],[357,[140.3212,88.67879,0,[70.93456,79.9995]]],[358,[139.3161,99.55532,0,[71.15461,77.99973]]],[408,[141.2072,71.01107,0,[70.99907,79.43896]]],[204,[141.957,98.62639,0,[69.9991,80.25049]]],[270,[140.7349,94.80423,0,[70.99927,78.48328]]],[545,[141.6584,71.31008,0,[70.99907,78.29958]]],[322,[141.8785,86.60775,0,[70.99905,79.59683]]],[498,[142.8751,90.18493,0,[70.99908,78.95296]]],[514,[142.3261,73.86166,0,[70.99906,78.50608]]],[238,[142.872,92.52848,0,[70.2917,79.99953]]],[534,[143.4027,78.0331,0,[70.99909,79.68629]]]
5:[125,[15.57664,31.09359,0,[58.99903,48.95254]]],[155,[16.19775,31.37312,0,[58.99906,48.41613]]],[95,[15.50318,30.98172,0,[58.99902,47.58584]]],[96,[16.81846,33.15139,0,[58.99902,48.32501]]],[43,[16.53014,33.03983,0,[57.99905,45.7545]]],[68,[16.37819,32.68957,0,[58.93777,47.00026]]],[185,[17.49527,32.67405,0,[58.99902,49.20654]]],[23,[17.09276,34.1348,0,[57.99905,45.17445]]],[126,[17.31931,34.0708,0,[58.99903,47.71293]]],[67,[16.04284,32.05342,0,[57.99905,46.42416]]],[97,[18.04104,35.44326,0,[58.99906,48.26218]]],[69,[18.09873,35.71005,0,[58.34427,47.00036]]],[215,[18.76308,33.42527,0,[58.99905,48.80084]]],[44,[17.61402,35.16783,0,[57.99904,46.4644]]],[45,[18.64016,37.00104,0,[58.99904,47.25323]]],[7,[18.15935,36.22795,0,[57.99905,45.25149]]],[156,[19.60402,34.71456,0,[58.99902,48.67073]]],[24,[18.77149,37.32029,0,[57.99905,46.25009]]],[8,[19.95231,39.19049,0,[58.99901,47.47203]]],[70,[20.4436,37.63096,0,[58.99904,48.82417]]],[127,[19.24072,35.5598,0,[58.999,47.08741]]],[9,[20.71548,40.77374,0,[58.99903,47.44876]]],[0,[20.3311,40.37823,0,[57.99906,46.21567]]],[157,[21.85625,35.96496,0,[58.99902,48.35719]]],[25,[22.22676,40.68723,0,[58.18039,47.00034]]],[1,[24.13356,43.02909,0,[58.99902,48.10921]]]
3:[125,[34.3607,68.52092,0,[48.80448,80.00098]]],[155,[35.00373,68.84983,0,[48.08458,80.00096]]],[95,[36.54639,72.90429,0,[48.00068,82.21615]]],[96,[34.75851,68.73344,0,[49.00027,78.39449]]],[68,[36.91276,73.54822,0,[48.00038,81.56856]]],[185,[36.24426,69.31445,0,[48.89372,80.00095]]],[126,[37.43224,74.14213,0,[48.00053,81.09748]]],[67,[38.61467,75.77711,0,[48.00062,82.87405]]],[97,[36.68704,72.18951,0,[49.00009,79.45261]]],[69,[37.54057,74.25588,0,[48.12625,80.00098]]],[215,[36.60516,67.71703,0,[49.00036,77.72633]]],[44,[39.53043,78.34041,0,[48.00059,82.99258]]],[45,[38.81606,77.10545,0,[48.00048,81.15372]]],[7,[40.46833,80.65632,0,[48.00049,82.82706]]],[156,[37.94559,70.868,0,[49.00031,78.96428]]],[24,[38.84981,76.61964,0,[48.22716,80.00095]]],[8,[39.6786,78.4003,0,[48.00031,80.34678]]],[70,[38.19393,72.21385,0,[49.00025,77.80595]]],[127,[41.37799,79.45419,0,[48.00056,82.78029]]],[9,[39.62944,78.13808,0,[49.00028,79.13047]]],[0,[40.50011,80.53585,0,[48.00044,80.44215]]],[157,[40.62804,73.24201,0,[49.00035,79.60687]]],[25,[41.58935,79.00017,0,[48.70091,80.00098]]],[1,[43.3194,81.07691,0,[48.72203,80.00098]]]
2:[43,[46.00133,91.80289,0,[30.8648,95.001]]],[23,[46.78021,93.35802,0,[30.92575,95.001]]]
7:[511,[54.83314,48.25835,0,[80.91989,94.00072]]],[340,[58.93742,57.45858,0,[82.33682,95.00085]]],[481,[39.1423,48.07846,0,[77.99929,93.24628]]],[464,[34.99009,46.30299,0,[77.99912,93.75801]]],[535,[48.94718,43.18059,0,[81.99911,94.02692]]],[369,[47.37954,53.00005,0,[78.65918,94.00082]]],[512,[51.71012,48.2038,0,[81.99928,94.96748]]],[423,[75.9333,57.22094,0,[82.77174,95.00093]]],[542,[66.23754,46.17654,0,[76.55602,93.001]]],[495,[42.97593,45.61925,0,[80.47443,94.00091]]],[394,[40.95609,50.86728,0,[78.58688,94.00031]]],[497,[46.3324,47.49768,0,[81.55618,94.00081]]],[522,[48.18623,43.79825,0,[81.18935,94.00076]]],[235,[72.34323,69.52493,0,[82.6986,95.00092]]],[508,[33.61412,44.26043,0,[77.92982,93.00052]]],[536,[36.99483,43.08355,0,[80.84203,94.00072]]],[421,[39.60282,49.22505,0,[80.58671,94.00071]]],[523,[37.03581,44.3437,0,[79.27333,94.00065]]],[293,[63.07949,58.49907,0,[82.55112,95.00077]]],[409,[69.82406,59.57703,0,[82.68382,95.001]]],[482,[43.53177,47.08482,0,[81.86561,94.00085]]],[356,[65.92142,57.06332,0,[82.72147,95.00088]]],[453,[85.64584,64.62804,0,[82.66504,95.00099]]],[437,[53.61917,51.50443,0,[81.99906,94.81612]]],[206,[55.37027,59.32084,0,[81.99902,94.2508]]],[357,[80.86137,60.86982,0,[82.99056,95.00098]]],[204,[77.46896,65.93266,0,[82.92793,95.00099]]],[498,[79.48975,55.10641,0,[82.85262,95.00086]]],[534,[61.08925,42.99895,0,[81.99908,94.39938]]]

Travel Distances:
[515,75.35241],[528,75.57923],[501,76.68954],[516,76.353],[500,74.96038],[486,78.09003],[502,77.90239],[485,76.66785],[487,77.92408],[503,79.74023],[471,79.01665],[472,78.68112],[470,78.46355],[539,77.51956],[529,80.27054],[473,79.74054],[455,80.19674],[517,80.00095],[457,79.55022],[488,81.19187],[504,79.53476],[474,82.73315],[456,80.9991],[489,80.69439],[444,81.98147],[443,82.63239],[428,82.95644],[442,79.77184],[458,82.28647],[459,84.02647],[506,82.81064],[426,82.04163],[427,81.29894],[445,85.63596],[441,80.92152],[125,93.13836],[414,84.08408],[490,83.62477],[155,92.43121],[440,81.47057],[429,85.10265],[95,94.65771],[411,82.60894],[96,94.72839],[540,80.59487],[460,86.16226],[43,97.7737],[68,96.15823],[185,94.35224],[399,86.06178],[475,85.99937],[518,82.21687],[23,99.72785],[126,99.06881],[67,97.66422],[416,89.02676],[430,88.13515],[97,98.16537],[431,87.68503],[69,98.33268],[415,88.33231],[413,85.21812],[215,96.09372],[44,99.60113],[417,88.9669],[386,85.07851],[45,100.851],[400,86.72717],[7,102.3898],[401,88.1694],[156,98.72298],[24,101.6624],[387,87.64639],[351,86.98094],[8,104.1308],[70,101.4826],[127,101.6811],[505,86.07613],[388,88.1376],[9,104.2417],[349,85.79537],[0,104.1006],[404,90.57392],[352,86.1069],[398,84.38327],[157,99.00212],[530,84.4748],[378,88.3392],[432,88.23591],[331,86.60004],[335,91.5556],[25,103.9467],[389,88.88654],[379,89.7666],[363,88.82552],[402,90.0216],[333,88.85332],[1,105.2062],[419,91.55319],[405,93.82504],[520,85.68948],[380,91.42754],[418,91.7892],[397,84.48479],[447,90.5034],[353,89.4543],[519,86.61021],[308,88.46529],[334,89.57567],[412,84.77731],[403,92.21395],[446,87.70157],[390,92.48217],[332,88.07732],[531,85.19831],[433,91.89094],[364,92.82237],[476,87.34377],[348,86.45516],[309,91.69991],[410,84.46343],[391,93.6293],[462,90.14739],[313,93.41997],[350,85.25991],[463,89.27087],[312,93.58269],[310,91.72141],[392,92.91712],[284,90.94821],[425,83.61425],[282,90.49252],[255,92.04362],[283,90.14018],[478,91.59962],[287,95.8289],[311,93.70183],[381,92.43259],[285,92.98923],[280,88.91545],[368,96.56263],[336,97.52216],[477,88.80941],[330,87.84684],[253,92.56624],[257,93.48385],[224,90.83743],[228,95.90659],[288,96.82727],[259,94.97687],[254,91.51357],[367,95.70084],[258,96.70864],[307,88.63394],[541,86.37654],[256,95.12914],[281,90.4333],[434,93.38206],[532,88.7166],[227,96.64951],[291,99.31136],[365,94.92934],[226,95.62747],[225,95.61607],[420,94.04922],[197,96.14536],[196,97.24783],[406,96.30838],[194,94.06413],[261,101.4402],[355,97.97812],[279,89.49731],[260,98.67021],[314,96.89143],[221,92.2126],[289,99.57603],[229,98.64652],[165,95.23495],[448,94.20876],[136,96.59087],[192,93.77111],[466,93.1161],[164,97.16505],[449,94.63672],[286,97.89583],[305,88.65072],[231,101.5259],[262,102.4009],[198,98.06639],[328,87.84272],[382,97.34379],[252,91.5741],[135,97.17924],[451,96.31033],[199,99.80627],[377,88.89288],[290,101.143],[167,98.08817],[193,94.30647],[233,104.4008],[366,97.12131],[195,94.03212],[232,102.9616],[202,103.8547],[230,101.1003],[435,95.86381],[105,98.44867],[316,103.8826],[166,100.7901],[104,99.5292],[263,103.6068],[79,101.1968],[106,100.8005],[491,91.77578],[168,101.6004],[170,101.8311],[422,100.4391],[137,99.95051],[203,104.3316],[315,101.2775],[200,102.5486],[223,93.69608],[395,99.58366],[83,103.6175],[250,95.44575],[84,105.749],[139,103.0441],[162,94.19738],[140,103.337],[292,104.3112],[80,102.6426],[109,104.0266],[385,98.73041],[31,102.8292],[110,103.8528],[338,102.1494],[53,102.9288],[142,104.0853],[524,95.83471],[58,107.1282],[264,107.3582],[548,90.4406],[108,101.2158],[169,106.82],[492,93.93858],[36,109.4811],[138,105.9922],[174,104.6558],[133,95.48801],[76,98.61877],[81,103.1333],[265,110.4177],[107,106.7364],[77,99.35516],[60,107.9438],[111,107.5277],[190,96.58344],[113,106.7683],[337,104.4328],[220,92.74615],[112,106.9011],[78,98.89318],[172,109.7294],[317,105.2073],[329,89.90408],[52,102.5125],[191,93.3173],[306,88.66955],[57,104.5431],[115,107.1142],[32,105.7796],[59,109.1587],[393,100.0232],[143,106.7151],[132,97.63151],[201,108.0861],[452,101.1206],[82,109.4716],[102,104.4845],[163,95.94666],[114,108.0017],[54,105.4309],[173,107.7106],[86,107.9007],[295,107.2909],[35,110.9889],[85,113.1244],[205,107.7691],[117,109.872],[236,112.0597],[134,97.07993],[207,109.6914],[116,109.6185],[87,110.9467],[178,111.1933],[88,108.73],[160,101.0756],[18,111.1659],[341,109.0881],[396,106.814],[147,110.6502],[50,104.2721],[493,96.33285],[37,110.7118],[373,106.0331],[277,92.67104],[510,99.20808],[159,98.58491],[33,108.1128],[74,101.1411],[175,110.3427],[131,100.3407],[161,95.31125],[89,111.5817],[75,102.2706],[188,96.48397],[521,95.38893],[55,106.1466],[49,104.4613],[294,107.7665],[177,114.0014],[251,94.1405],[6,111.8186],[30,111.981],[73,102.7782],[327,94.76556],[237,112.0629],[72,101.1238],[179,111.9996],[218,94.7438],[48,106.2048],[141,108.8746],[47,108.6149],[71,105.8384],[13,110.3533],[5,114.8802],[51,98.78984],[144,112.7975],[208,113.8674],[103,98.24689],[14,110.4546],[4,115.3264],[101,104.1554],[100,103.9761],[461,97.96],[276,92.91731],[38,115.9636],[372,109.4826],[217,96.70699],[3,111.213],[424,109.5175],[2,112.563],[28,110.8195],[267,111.9655],[39,116.327],[189,95.34113],[507,99.06794],[187,103.1899],[34,117.6308],[12,110.5914],[11,115.0431],[61,115.0591],[296,111.1196],[56,117.0435],[298,112.721],[209,114.6493],[150,117.026],[20,114.5904],[29,112.3134],[41,113.2268],[27,110.0823],[16,118.625],[149,115.7397],[248,99.30991],[239,112.5601],[180,112.3998],[151,112.1714],[171,110.7989],[374,113.8982],[216,97.71361],[269,113.7034],[266,112.7563],[22,118.4577],[210,113.4911],[496,112.3812],[99,105.1505],[343,112.2716],[543,97.75543],[46,105.7349],[271,119.205],[339,110.2262],[384,109.7447],[275,98.60645],[145,116.7355],[15,113.8464],[240,113.3256],[64,115.4337],[450,102.3163],[120,114.8287],[181,115.034],[467,105.2967],[153,115.6935],[119,116.8152],[63,117.0602],[370,112.2817],[509,100.4891],[183,115.8347],[383,108.5641],[299,117.0079],[247,95.10165],[319,114.2635],[436,108.7674],[244,115.5273],[128,111.5537],[146,117.425],[184,114.9463],[324,119.6986],[494,103.8414],[211,118.5443],[176,121.8608],[26,109.2404],[118,119.1982],[465,104.2685],[246,101.9179],[212,120.5685],[550,95.57027],[17,121.3639],[318,128.4132],[234,118.683],[249,94.67294],[513,106.8476],[65,120.8223],[42,116.8361],[480,102.8265],[243,118.3588],[321,117.683],[182,118.2395],[499,115.9005],[407,110.703],[40,123.3961],[19,125.1339],[90,112.2413],[273,117.4839],[511,109.72],[527,112.2942],[549,101.5943],[92,117.4856],[214,118.1654],[274,124.0328],[538,103.5323],[304,96.3034],[213,120.9471],[354,111.6742],[129,99.12052],[340,123.9177],[342,118.5469],[347,94.41974],[362,120.78],[121,116.9929],[376,123.1283],[481,110.2554],[345,123.8633],[154,123.1246],[439,127.5772],[122,123.0699],[533,100.3504],[93,114.7658],[554,109.3501],[484,114.6326],[124,119.2594],[464,111.0334],[469,124.0754],[535,107.4654],[66,118.0568],[91,118.1218],[547,108.8165],[369,114.7682],[512,117.2018],[553,106.2887],[479,105.2315],[272,124.7988],[361,119.2127],[423,123.1366],[542,101.7784],[325,123.3693],[300,121.3225],[546,107.0237],[278,94.35603],[495,111.8401],[483,110.5441],[10,113.4279],[326,122.2885],[394,116.2508],[303,98.93962],[497,119.5492],[21,119.8611],[123,121.0501],[320,127.0916],[522,110.9646],[297,121.1044],[98,111.8441],[235,138.916],[158,104.8095],[508,109.8495],[219,97.44604],[360,122.3227],[346,126.3321],[302,119.3711],[371,111.1392],[94,121.9633],[536,113.4884],[344,121.678],[245,108.3022],[421,121.1135],[552,105.2323],[62,129.0944],[222,101.4927],[268,134.2104],[186,101.741],[551,99.33204],[454,131.3018],[301,124.3944],[468,114.8564],[523,111.8574],[293,130.766],[130,99.41874],[409,130.6812],[482,122.1647],[242,133.728],[356,129.0051],[453,126.2699],[537,120.662],[323,124.8849],[152,129.0221],[437,127.3361],[375,128.1768],[148,133.3529],[359,115.3766],[438,136.4268],[241,129.0261],[206,133.2659],[525,107.851],[526,115.2434],[544,102.3566],[357,127.8033],[358,139.3258],[408,109.5487],[204,135.2127],[270,135.1009],[545,110.7122],[322,125.2895],[498,127.718],[514,114.1401],[238,129.7704],[534,117.2128]

Finish Times:
[515,39.12051],[528,39.48052],[501,40.16054],[516,40.40054],[500,40.80055],[486,41.08056],[502,41.40057],[485,41.60057],[487,41.88058],[503,42.24059],[471,42.40059],[472,42.6806],[470,43.20061],[539,43.24061],[529,43.36061],[473,43.92062],[455,43.96062],[517,44.36063],[457,44.48064],[488,44.72064],[504,44.92065],[474,45.16065],[456,45.40066],[489,45.64066],[444,45.88067],[443,46.16068],[428,46.36068],[442,46.60069],[458,46.88069],[459,47.0407],[506,47.4007],[426,47.52071],[427,47.60071],[445,47.96072],[441,48.24072],[125,48.28072],[414,48.40073],[490,48.88074],[155,48.92074],[440,49.00074],[429,49.20074],[95,49.64075],[411,49.80076],[96,49.84076],[540,49.92076],[460,49.96076],[43,50.20077],[68,50.44077],[185,50.48077],[399,50.64078],[475,50.64078],[518,50.76078],[23,51.00079],[126,51.08079],[67,51.12079],[416,51.32079],[430,51.36079],[97,51.6408],[431,51.6808],[69,51.7208],[415,52.00081],[413,52.08081],[215,52.24081],[44,52.40082],[417,52.44082],[386,52.72083],[45,52.76083],[400,52.76083],[7,53.16084],[401,53.20084],[156,53.28084],[24,53.36084],[387,53.64085],[351,53.76085],[8,53.96085],[70,53.96085],[127,54.00085],[505,54.16086],[388,54.48087],[9,54.56087],[349,54.64087],[0,54.72087],[404,54.76087],[352,54.92088],[398,55.20088],[157,55.28088],[530,55.32088],[378,55.36089],[432,55.8009],[331,55.8809],[335,55.9609],[25,56.0409],[389,56.36091],[379,56.56091],[363,56.68092],[402,56.96092],[333,57.24093],[1,57.56094],[419,57.60094],[405,58.12095],[520,58.16095],[380,58.28095],[418,58.60096],[397,59.00097],[447,59.00097],[353,59.08097],[519,59.60098],[308,59.72099],[334,59.76099],[412,60.361],[403,60.401],[446,60.481],[390,60.96101],[332,61.12102],[531,61.28102],[433,61.60103],[364,61.64103],[476,62.16104],[348,62.24104],[309,62.28104],[410,62.88106],[391,62.96106],[462,63.04106],[313,63.56107],[350,63.68108],[463,63.72108],[312,64.20109],[310,64.36109],[392,64.5611],[284,64.8411],[425,65.12111],[282,65.24111],[255,65.52112],[283,65.84113],[478,66.04113],[287,66.24113],[311,66.56114],[381,66.80115],[285,66.88115],[280,67.32116],[368,67.40116],[336,67.64117],[477,67.80117],[330,68.24118],[253,68.28118],[257,68.52119],[224,68.68119],[228,69.0412],[288,69.0812],[259,69.40121],[254,69.76122],[367,69.84122],[258,70.08122],[307,70.44123],[541,70.72124],[256,70.76124],[281,71.12125],[434,71.32125],[532,71.32125],[227,71.80126],[291,71.88126],[365,72.20127],[226,72.40128],[225,72.56128],[420,72.68128],[197,73.12129],[196,73.24129],[406,73.3613],[194,73.80131],[261,74.00131],[355,74.16132],[279,74.48132],[260,74.56133],[314,74.80133],[221,75.08134],[289,75.32134],[229,75.80135],[165,75.88136],[448,76.20136],[136,76.52137],[192,76.60137],[466,76.88138],[164,77.24139],[449,77.52139],[286,77.56139],[305,77.9214],[231,78.0414],[262,78.48141],[198,78.68142],[328,78.68142],[382,79.04143],[252,79.20143],[135,79.40144],[451,79.48144],[199,79.92145],[377,80.12145],[290,80.28146],[167,80.68147],[193,80.84147],[233,81.04147],[366,81.48148],[195,81.60149],[232,81.68149],[202,82.2815],[230,82.2815],[435,82.3615],[105,82.76151],[316,83.00152],[166,83.16152],[104,83.44153],[263,83.52153],[79,83.96154],[106,84.12154],[491,84.40155],[168,84.68156],[170,84.68156],[422,85.04156],[137,85.36157],[203,85.36157],[315,85.84158],[200,85.88158],[223,86.16159],[395,86.32159],[83,86.5216],[250,86.96161],[84,87.04161],[139,87.24162],[162,87.64162],[140,87.68163],[292,87.88163],[80,88.32164],[109,88.36164],[385,88.64165],[31,88.88165],[110,89.12166],[338,89.52167],[53,89.56167],[142,89.64167],[524,89.96168],[58,90.20168],[264,90.32169],[548,90.8017],[108,90.9617],[169,90.9617],[492,91.40171],[36,91.52171],[138,91.80172],[174,91.80172],[133,92.32173],[76,92.48174],[81,92.52174],[265,93.00175],[107,93.08175],[77,93.32175],[60,93.64176],[111,93.96177],[190,94.00177],[113,94.16177],[337,94.64178],[220,94.68179],[112,94.80179],[78,95.3218],[172,95.4818],[317,95.5218],[329,96.04182],[52,96.12182],[191,96.20182],[306,96.68183],[57,96.80183],[115,97.04184],[32,97.40185],[59,97.64185],[393,97.72186],[143,98.12186],[132,98.48187],[201,98.56187],[452,98.64188],[82,99.00188],[102,99.32189],[163,99.32189],[114,99.8819],[54,100.0019],[173,100.0419],[86,100.6019],[295,100.6019],[35,100.8019],[85,101.2819],[205,101.3619],[117,101.4419],[236,101.962],[134,102.202],[207,102.202],[116,102.722],[87,102.842],[178,103.162],[88,103.522],[160,103.522],[18,103.562],[341,104.122],[396,104.162],[147,104.522],[50,104.802],[493,104.922],[37,105.282],[373,105.402],[277,105.922],[510,106.042],[159,106.082],[33,106.6021],[74,106.8021],[175,106.9221],[131,107.2821],[161,107.4421],[89,107.8021],[75,108.0021],[188,108.0421],[521,108.3221],[55,108.7221],[49,108.7621],[294,109.1221],[177,109.4021],[251,109.5221],[6,109.6021],[30,110.0821],[73,110.1221],[327,110.1621],[237,110.8022],[72,110.8822],[179,110.8822],[218,111.4822],[48,111.5222],[141,111.6822],[47,112.0022],[71,112.2422],[13,112.2822],[5,112.6422],[51,112.8422],[144,113.0822],[208,113.2822],[103,113.5622],[14,113.8822],[4,113.9622],[101,114.2822],[100,114.5222],[461,114.7622],[276,115.0423],[38,115.2023],[372,115.6823],[217,115.7223],[3,115.8023],[424,116.4023],[2,116.4823],[28,116.5223],[267,117.0423],[39,117.2823],[189,117.2823],[507,117.7623],[187,117.9623],[34,118.0423],[12,118.4823],[11,118.7223],[61,118.7223],[296,119.1623],[56,119.3624],[298,119.6424],[209,120.0024],[150,120.0824],[20,120.3624],[29,120.7224],[41,120.8824],[27,121.1224],[16,121.6424],[149,121.7624],[248,121.7624],[239,122.2024],[180,122.6024],[151,122.6424],[171,122.8424],[374,123.0024],[216,123.3224],[269,123.6824],[266,123.7225],[22,124.0425],[210,124.2425],[496,124.4825],[99,124.8025],[343,124.9225],[543,125.3625],[46,125.5225],[271,125.6025],[339,126.0825],[384,126.2825],[275,126.3225],[145,126.7625],[15,126.9225],[240,127.3625],[64,127.6425],[450,127.7625],[120,128.1225],[181,128.4025],[467,128.6024],[153,128.9224],[119,129.2023],[63,129.2423],[370,129.7223],[509,129.7223],[183,129.9622],[383,130.2022],[299,130.5221],[247,130.7621],[319,130.9621],[436,131.242],[244,131.402],[128,131.522],[146,131.8019],[184,132.1618],[324,132.2018],[494,132.4018],[211,132.9217],[176,133.0017],[26,133.0817],[118,133.4416],[465,133.6416],[246,133.7216],[212,134.3615],[550,134.3615],[17,134.4415],[318,134.9614],[234,135.0014],[249,135.2413],[513,135.6413],[65,135.6813],[42,136.0812],[480,136.4811],[243,136.5211],[321,136.5211],[182,137.081],[499,137.121],[407,137.241],[40,137.521],[19,137.8409],[90,137.8809],[273,138.2808],[511,138.3208],[527,138.4408],[549,138.8407],[92,138.9607],[214,139.2007],[274,139.6006],[538,139.6406],[304,140.0005],[213,140.1205],[354,140.7604],[129,140.8004],[340,140.8804],[342,141.4403],[347,141.4403],[362,141.7202],[121,142.1202],[376,142.2402],[481,142.4401],[345,142.8801],[154,143.04],[439,143.08],[122,143.6399],[533,143.8399],[93,143.8799],[554,143.8799],[484,144.4398],[124,144.5598],[464,144.5998],[469,145.0797],[535,145.0797],[66,145.3196],[91,145.6796],[547,145.8795],[369,146.1995],[512,146.3195],[553,146.5594],[479,146.8794],[272,147.0394],[361,147.3593],[423,147.6393],[542,147.7592],[325,147.9992],[300,148.2791],[546,148.2791],[278,148.7591],[495,148.959],[483,148.999],[10,149.5589],[326,149.7589],[394,149.8389],[303,150.2388],[497,150.3988],[21,150.4388],[123,150.8787],[320,151.0387],[522,151.4386],[297,151.5186],[98,151.8785],[235,151.9585],[158,152.3585],[508,152.5984],[219,152.7584],[360,152.9584],[346,153.3183],[302,153.3983],[371,153.7582],[94,153.7982],[536,154.3181],[344,154.3581],[245,154.5981],[421,154.7181],[552,155.238],[62,155.358],[222,155.3979],[268,155.7179],[186,155.8779],[551,156.0378],[454,156.1978],[301,156.4778],[468,156.6377],[523,156.9977],[293,157.1177],[130,157.3576],[409,157.7576],[482,157.7975],[242,158.0775],[356,158.4374],[453,158.6374],[537,158.8774],[323,159.0773],[152,159.4773],[437,159.5972],[375,159.7572],[148,160.3571],[359,160.3971],[438,160.3971],[241,160.997],[206,161.077],[525,161.157],[526,161.6769],[544,161.6769],[357,162.0368],[358,162.3568],[408,162.4768],[204,162.6767],[270,163.1167],[545,163.2366],[322,163.3566],[498,163.9165],[514,163.9565],[238,164.5564],[534,165.2363]

Stuck Times:
[515,0],[528,0],[501,0],[516,0],[500,0],[486,0],[502,0],[485,0],[487,0],[503,0],[471,0],[472,0],[470,0],[539,2],[529,0],[473,0],[455,0],[517,1],[457,0],[488,0],[504,1],[474,0],[456,0],[489,1],[444,0],[443,0],[428,0],[442,1],[458,0],[459,0],[506,1],[426,1],[427,1],[445,0],[441,0],[125,0],[414,0],[490,3],[155,0],[440,2],[429,1],[95,0],[411,1],[96,0],[540,8],[460,2],[43,0],[68,0],[185,0],[399,0],[475,4],[518,9],[23,0],[126,0],[67,1],[416,2],[430,3],[97,0],[431,1],[69,0],[415,3],[413,3],[215,2],[44,0],[417,2],[386,2],[45,0],[400,2],[7,0],[401,2],[156,3],[24,0],[387,2],[351,1],[8,0],[70,0],[127,1],[505,10],[388,2],[9,0],[349,4],[0,0],[404,2],[352,2],[398,9],[157,5],[530,12],[378,4],[432,5],[331,5],[335,3],[25,2],[389,4],[379,3],[363,1],[402,7],[333,6],[1,2],[419,8],[405,5],[520,15],[380,6],[418,8],[397,12],[447,9],[353,11],[519,15],[308,8],[334,7],[412,17],[403,10],[446,14],[390,10],[332,11],[531,18],[433,12],[364,7],[476,18],[348,15],[309,13],[410,15],[391,15],[462,17],[313,11],[350,18],[463,17],[312,15],[310,13],[392,15],[284,16],[425,24],[282,18],[255,15],[283,15],[478,19],[287,13],[311,15],[381,16],[285,13],[280,20],[368,14],[336,14],[477,24],[330,20],[253,18],[257,20],[224,22],[228,20],[288,18],[259,20],[254,22],[367,17],[258,20],[307,27],[541,29],[256,20],[281,23],[434,26],[532,26],[227,21],[291,19],[365,21],[226,25],[225,24],[420,26],[197,26],[196,26],[406,26],[194,26],[261,25],[355,22],[279,32],[260,25],[314,25],[221,30],[289,25],[229,27],[165,26],[448,29],[136,29],[192,29],[466,32],[164,29],[449,32],[286,26],[305,37],[231,31],[262,30],[198,32],[328,38],[382,30],[252,38],[135,30],[451,34],[199,32],[377,30],[290,30],[167,32],[193,36],[233,32],[366,32],[195,37],[232,33],[202,33],[230,35],[435,39],[105,33],[316,32],[166,31],[104,37],[263,34],[79,35],[106,38],[491,40],[168,36],[170,35],[422,37],[137,38],[203,39],[315,37],[200,35],[223,40],[395,41],[83,36],[250,43],[84,37],[139,37],[162,49],[140,36],[292,39],[80,38],[109,37],[385,43],[31,39],[110,38],[338,43],[53,43],[142,39],[524,48],[58,37],[264,42],[548,50],[108,45],[169,37],[492,46],[36,39],[138,39],[174,42],[133,54],[76,50],[81,44],[265,43],[107,43],[77,49],[60,43],[111,45],[190,52],[113,43],[337,47],[220,52],[112,44],[78,50],[172,48],[317,51],[329,56],[52,55],[191,58],[306,61],[57,47],[115,48],[32,55],[59,48],[393,49],[143,49],[132,53],[201,49],[452,53],[82,50],[102,52],[163,60],[114,51],[54,56],[173,52],[86,51],[295,51],[35,52],[85,51],[205,54],[117,53],[236,51],[134,58],[207,52],[116,52],[87,52],[178,56],[88,58],[160,63],[18,55],[341,59],[396,55],[147,52],[50,62],[493,59],[37,55],[373,58],[277,72],[510,63],[159,67],[33,60],[74,67],[175,57],[131,67],[161,73],[89,58],[75,66],[188,73],[521,64],[55,61],[49,64],[294,64],[177,60],[251,70],[6,62],[30,63],[73,73],[327,72],[237,62],[72,77],[179,60],[218,78],[48,67],[141,64],[47,68],[71,69],[13,64],[5,63],[51,74],[144,63],[208,64],[103,81],[14,68],[4,68],[101,78],[100,70],[461,67],[276,82],[38,62],[372,74],[217,78],[3,69],[424,68],[2,71],[28,67],[267,75],[39,66],[189,78],[507,71],[187,82],[34,67],[12,73],[11,71],[61,69],[296,72],[56,73],[298,74],[209,72],[150,68],[20,75],[29,74],[41,74],[27,84],[16,69],[149,73],[248,86],[239,83],[180,80],[151,76],[171,77],[374,79],[216,90],[269,79],[266,74],[22,78],[210,79],[496,77],[99,86],[343,84],[543,81],[46,85],[271,77],[339,83],[384,78],[275,93],[145,78],[15,85],[240,86],[64,83],[450,83],[120,85],[181,84],[467,84],[153,87],[119,88],[63,82],[370,79],[509,85],[183,90],[383,81],[299,86],[247,96],[319,87],[436,84],[244,91],[128,91],[146,81],[184,92],[324,89],[494,87],[211,86],[176,81],[26,93],[118,79],[465,90],[246,95],[212,87],[550,94],[17,90],[318,84],[234,87],[249,105],[513,95],[65,86],[42,93],[480,92],[243,95],[321,91],[182,97],[499,100],[407,88],[40,92],[19,84],[90,102],[273,95],[511,91],[527,100],[549,95],[92,100],[214,96],[274,93],[538,97],[304,108],[213,97],[354,93],[129,107],[340,90],[342,97],[347,108],[362,101],[121,102],[376,99],[481,94],[345,101],[154,95],[439,94],[122,100],[533,99],[93,103],[554,106],[484,102],[124,103],[464,94],[469,103],[535,103],[66,104],[91,102],[547,111],[369,98],[512,101],[553,103],[479,98],[272,102],[361,106],[423,101],[542,106],[325,102],[300,106],[546,108],[278,115],[495,105],[483,111],[10,110],[326,110],[394,100],[303,116],[497,103],[21,112],[123,108],[320,104],[522,107],[297,109],[98,116],[235,96],[158,116],[508,107],[219,118],[360,108],[346,112],[302,116],[371,113],[94,112],[536,107],[344,111],[245,119],[421,107],[552,119],[62,101],[222,107],[268,98],[186,122],[551,117],[454,108],[301,119],[468,120],[523,112],[293,103],[130,118],[409,107],[482,110],[242,111],[356,110],[453,114],[537,115],[323,117],[152,111],[437,109],[375,115],[148,111],[359,121],[438,107],[241,117],[206,110],[525,123],[526,119],[544,118],[357,112],[358,107],[408,128],[204,109],[270,117],[545,126],[322,121],[498,114],[514,126],[238,113],[534,124]

