Experiment Name: Custom-SmallerMap-2
Method Used: RegionalFlowGraph
Run Number: 3
Preparation Time: 179.2036ms
Pathfinding Time: 3.4139ms
Finish Time: 84.40155ms
Finish Time 90%: 78.84142ms
Repaths: 0
Soft Repaths: 0

Gates Data:
8:[515,[5.482952,10.95717,0,[91.1076,73.00084]]],[528,[5.473536,10.93746,0,[92.14268,74.00086]]],[500,[6.198848,12.37709,0,[89.30789,73.00094]]],[501,[6.126107,12.21379,0,[90.46461,73.00093]]],[516,[5.791425,11.49304,0,[91.9995,73.44917]]],[486,[6.754641,13.35395,0,[90.16776,73.00094]]],[485,[6.81422,13.54376,0,[88.98503,73.00095]]],[487,[6.78905,13.44097,0,[91.25739,73.00094]]],[502,[6.169274,12.19532,0,[91.54675,73.00093]]],[471,[7.334423,14.58183,0,[89.68246,73.00099]]],[472,[7.39759,14.55338,0,[90.75346,73.00099]]],[539,[4.817743,9.601495,0,[94.01694,74.0008]]],[470,[7.556905,14.82545,0,[88.63106,73.00099]]],[503,[6.963282,13.55053,0,[92.03371,74.00095]]],[473,[7.996286,15.33661,0,[90.55096,73.00089]]],[456,[7.909731,15.51797,0,[89.53795,73.00092]]],[457,[8.4889,16.03224,0,[89.67285,73.00098]]],[488,[7.232208,13.9221,0,[91.82578,73.00099]]],[458,[8.582644,16.22602,0,[90.71307,73.00096]]],[455,[8.318491,15.74757,0,[88.59492,73.00099]]],[474,[7.831767,15.15734,0,[91.75499,73.00089]]],[459,[9.243029,17.00414,0,[90.51516,73.001]]],[442,[9.094629,17.02441,0,[89.49924,73.001]]],[518,[6.734733,12.79419,0,[93.20369,74.00095]]],[460,[9.088778,17.19047,0,[91.55666,73.00099]]],[443,[9.745829,17.72851,0,[89.68806,73.00098]]],[517,[6.299982,12.37455,0,[92.64391,74.00095]]],[475,[8.390355,16.17005,0,[91.83205,73.00096]]],[490,[9.227544,16.06486,0,[92.36304,74.00098]]],[444,[9.907997,17.45582,0,[90.70985,73.00096]]],[445,[9.829298,17.73633,0,[91.79669,73.00098]]],[529,[5.50722,10.97313,0,[93.32638,74.00092]]],[441,[8.944224,16.99423,0,[88.50044,73.00094]]],[476,[9.821419,17.35811,0,[92.40771,74.001]]],[540,[5.360894,9.989633,0,[94.68835,74.00092]]],[427,[10.41854,18.55269,0,[88.65147,73.00098]]],[428,[10.41693,18.58658,0,[89.73188,73.00097]]],[414,[11.91574,19.50594,0,[90.13274,73.00095]]],[440,[9.663342,16.81426,0,[88.62911,73.00098]]],[429,[10.63041,18.46099,0,[90.7113,73.00095]]],[461,[10.43067,17.56437,0,[91.83442,73.00095]]],[430,[11.27376,19.18778,0,[90.86864,73.00095]]],[446,[11.03258,18.02133,0,[91.99843,73.00095]]],[399,[12.52013,20.09173,0,[90.52018,73.00099]]],[519,[8.815758,13.3418,0,[93.58015,74.00088]]],[447,[11.71001,19.47187,0,[92.61565,74.00095]]],[411,[12.25813,18.92226,0,[89.09629,73.001]]],[415,[11.82502,19.76889,0,[91.23706,73.00095]]],[412,[11.01738,19.27818,0,[88.85519,73.00098]]],[504,[7.463147,13.86666,0,[92.73071,74.001]]],[398,[13.05966,20.10555,0,[89.65119,73.00098]]],[386,[13.32649,20.9815,0,[90.58311,73.00098]]],[413,[11.27366,19.43711,0,[89.7733,73.00095]]],[387,[12.94279,20.69757,0,[91.54749,73.001]]],[400,[12.3547,19.77619,0,[91.60136,73.00099]]],[350,[14.02716,20.946,0,[90.60551,73.00098]]],[388,[14.68812,21.08679,0,[90.5777,73.00097]]],[349,[13.84161,20.80017,0,[89.65585,73.00097]]],[530,[6.161375,11.36256,0,[93.85557,74.00098]]],[401,[13.57299,20.5964,0,[91.53485,73.00098]]],[425,[13.06696,18.15495,0,[88.41426,73.001]]],[329,[14.49136,21.67243,0,[89.64639,73.00098]]],[389,[14.21906,21.4398,0,[91.56717,73.00098]]],[330,[15.14545,21.97904,0,[89.58411,73.00099]]],[378,[14.86932,21.61566,0,[91.51451,73.00097]]],[462,[10.97253,18.79608,0,[92.55926,74.00094]]],[332,[15.92843,22.89451,0,[89.60141,73.00099]]],[351,[15.36671,21.37674,0,[90.57049,73.001]]],[426,[11.69301,18.28827,0,[88.45216,73.001]]],[352,[16.05455,22.24144,0,[90.62986,73.001]]],[418,[15.60739,22.1821,0,[91.5449,73.001]]],[327,[16.6046,22.55084,0,[89.63911,73.00099]]],[477,[10.37837,17.90017,0,[92.66917,74.00098]]],[431,[12.30445,19.91501,0,[92.06393,74.00098]]],[433,[14.99176,21.35679,0,[92.38004,74.00098]]],[333,[16.74141,23.33035,0,[90.70684,73.00099]]],[403,[16.3669,22.30216,0,[91.5528,73.001]]],[505,[7.794945,13.91742,0,[93.79093,74.00092]]],[307,[17.35432,24.01775,0,[89.71976,73.001]]],[417,[16.98943,21.27097,0,[91.75985,73.00092]]],[390,[18.38864,23.28835,0,[90.65219,73.00099]]],[347,[16.7709,21.57804,0,[88.61992,73.00099]]],[377,[17.50804,22.05611,0,[90.77932,73.001]]],[506,[8.570715,15.26519,0,[92.76704,74.00092]]],[491,[9.467337,15.96054,0,[93.33961,74.001]]],[466,[17.14872,23.01859,0,[92.60407,74.001]]],[304,[18.70191,23.8812,0,[89.60461,73.001]]],[489,[8.067906,14.80378,0,[92.52735,74.00099]]],[353,[18.05854,23.47416,0,[89.79613,73.00099]]],[397,[14.86143,20.58355,0,[88.60442,73.00098]]],[449,[15.81564,21.56096,0,[92.45628,74.001]]],[328,[17.87292,23.15507,0,[88.70016,73.001]]],[432,[13.03294,20.83277,0,[92.4685,74.00095]]],[331,[19.27809,23.65,0,[90.09287,73.00098]]],[434,[18.91061,22.87501,0,[91.16886,73.00096]]],[532,[10.51702,12.88424,0,[94.28976,74.00094]]],[305,[18.70159,23.76024,0,[88.5331,73.001]]],[531,[7.187624,12.4571,0,[93.73437,74.001]]],[419,[20.5204,23.98996,0,[90.83998,73.00096]]],[391,[19.83974,24.72137,0,[90.68329,73.001]]],[463,[12.48663,19.29148,0,[93.05199,74.00099]]],[416,[13.72913,20.512,0,[92.35802,74.00098]]],[435,[21.19081,24.21406,0,[91.06644,73.00096]]],[379,[17.60797,22.56136,0,[91.81414,73.001]]],[363,[20.06725,24.4101,0,[89.64105,73.00099]]],[402,[14.35908,21.36341,0,[92.3727,74.001]]],[410,[13.83431,19.63706,0,[88.59396,73.00094]]],[451,[19.41408,23.71511,0,[91.61137,73.00099]]],[483,[21.7898,25.56587,0,[91.20448,73.00095]]],[405,[21.42776,25.84872,0,[89.95397,73.00097]]],[497,[20.57101,23.58463,0,[91.91643,73.00095]]],[507,[10.106,15.68605,0,[93.72461,74.00098]]],[464,[14.59013,20.13495,0,[93.34706,74.001]]],[498,[22.52939,26.37889,0,[91.39305,73.00093]]],[392,[18.22873,23.57283,0,[91.72545,73.00099]]],[526,[21.48987,23.56794,0,[91.9997,73.56255]]],[448,[13.29872,19.72259,0,[93.33234,74.00097]]],[543,[22.43621,17.73331,0,[93.2909,74.00094]]],[482,[19.98026,23.68313,0,[91.72953,73.00089]]],[303,[19.69264,24.484,0,[88.72454,73.00095]]],[545,[23.11444,22.14285,0,[92.1669,74.00092]]],[380,[20.76664,24.85403,0,[89.72343,73.00097]]],[478,[11.88333,17.81031,0,[93.54353,74.00094]]],[404,[17.82226,22.92024,0,[92.72484,74.001]]],[512,[20.41891,22.60471,0,[92.72632,74.001]]],[450,[16.53811,22.71772,0,[92.43208,74.001]]],[495,[18.51467,21.15262,0,[92.62427,74.00099]]],[527,[22.3054,25.90424,0,[91.99973,73.67026]]],[436,[22.16152,27.04047,0,[90.09683,73.00098]]],[538,[23.15276,26.07032,0,[91.51424,73.0009]]],[550,[21.87172,18.36175,0,[92.89461,74.00097]]],[452,[23.09797,26.49655,0,[90.27175,73.00092]]],[552,[21.38142,16.73305,0,[93.81148,74.00099]]],[480,[15.3549,20.10003,0,[93.28456,74.001]]],[348,[15.81834,21.02279,0,[88.56984,73.00097]]],[554,[21.01837,20.88466,0,[92.75637,74.001]]],[551,[23.29328,18.41102,0,[93.26904,74.00096]]],[535,[22.0653,17.11845,0,[94.53273,74.00094]]],[494,[14.35285,18.00208,0,[94.34367,74.00099]]],[533,[24.59399,19.1392,0,[92.85211,74.00099]]],[542,[20.54509,12.76214,0,[94.65001,74.00089]]],[537,[20.31232,20.25213,0,[93.79238,74.001]]],[549,[16.65648,12.23733,0,[94.01881,74.00098]]],[544,[24.09518,18.4724,0,[93.94163,74.00095]]],[306,[20.78293,25.11102,0,[88.62726,73.00097]]],[465,[16.21402,21.25261,0,[93.32005,74.001]]],[536,[23.0723,18.30417,0,[94.53847,74.00095]]],[420,[23.16379,27.49016,0,[89.05154,73.00095]]],[496,[19.82152,22.48017,0,[92.647,74.001]]],[364,[21.88766,26.0821,0,[88.8726,73.00098]]],[492,[11.19005,16.65272,0,[93.46877,74.00098]]],[513,[23.88894,27.40122,0,[90.70282,73.00097]]],[548,[8.449785,9.737836,0,[94.62848,74.00095]]],[525,[19.63886,20.24601,0,[93.71031,74.001]]],[479,[13.86438,19.02151,0,[93.6791,74.001]]],[553,[24.01587,22.46795,0,[92.00812,74.00095]]],[481,[19.29949,23.28455,0,[92.13284,74.001]]],[546,[25.60008,25.47393,0,[92.18385,74.001]]],[467,[24.69132,28.16734,0,[89.38467,73.00099]]],[511,[18.98676,20.765,0,[93.14496,74.00097]]],[520,[9.460721,13.73745,0,[94.42105,74.001]]],[524,[19.0789,18.48979,0,[94.2075,74.001]]],[514,[24.95489,29.79526,0,[90.75514,73.001]]],[523,[15.75816,17.55151,0,[94.30065,74.001]]],[541,[18.17073,11.7718,0,[94.61208,74.00098]]],[547,[24.24462,26.60016,0,[91.70139,73.00097]]],[509,[13.2967,16.81351,0,[94.46555,74.00099]]],[508,[12.03041,15.72955,0,[94.50571,74.00098]]],[521,[11.28796,14.41846,0,[94.4881,74.00099]]],[534,[18.16192,15.81054,0,[93.56925,74.00099]]],[510,[17.4128,19.47947,0,[93.68172,74.00099]]],[522,[15.05588,16.00927,0,[94.27323,74.00099]]],[493,[12.61824,17.2192,0,[94.09296,74.001]]]
6:[515,[18.49993,36.83521,0,[70.55902,79.99963]]],[528,[19.54543,38.70977,0,[69.99907,80.32485]]],[500,[18.68558,36.22483,0,[70.9991,78.69812]]],[501,[19.19314,37.87904,0,[70.99907,79.5156]]],[516,[20.48691,39.74437,0,[69.99902,80.43057]]],[486,[19.81358,39.02992,0,[70.99907,79.58346]]],[485,[19.61187,37.45066,0,[70.9991,78.29247]]],[487,[20.57931,40.37577,0,[70.99906,79.37801]]],[502,[21.2095,41.17439,0,[69.999,80.1944]]],[471,[20.31237,39.38466,0,[70.99907,78.46882]]],[472,[21.24187,41.0699,0,[70.99902,79.46761]]],[539,[22.00636,40.62373,0,[69.99901,80.32373]]],[470,[21.08904,38.59804,0,[70.99901,78.26426]]],[503,[21.8606,41.52111,0,[70.99909,79.59991]]],[473,[22.86712,42.80587,0,[69.99905,80.17675]]],[456,[21.89714,40.61413,0,[70.99908,78.27658]]],[457,[22.55504,41.09702,0,[70.99904,79.19138]]],[488,[23.63307,43.75257,0,[69.99905,80.1694]]],[458,[23.32323,43.16134,0,[70.99905,79.21545]]],[455,[22.99716,39.18147,0,[70.99905,78.13808]]],[474,[24.46189,45.02929,0,[69.99904,80.25467]]],[459,[24.08771,43.05843,0,[70.99904,79.38675]]],[442,[23.97985,42.21721,0,[70.99902,78.1864]]],[518,[25.44232,44.66042,0,[69.999,80.26112]]],[460,[24.78619,45.29966,0,[70.99905,79.30269]]],[443,[24.83028,42.97433,0,[70.99906,78.10937]]],[517,[26.15873,42.48665,0,[69.99902,80.63844]]],[475,[25.57023,45.48059,0,[70.99906,79.51736]]],[490,[26.66464,45.39756,0,[70.20798,79.99968]]],[444,[25.51844,44.35771,0,[70.99909,78.36417]]],[445,[26.42054,45.75645,0,[70.99906,79.122]]],[529,[27.27489,42.43595,0,[69.99908,80.47241]]],[441,[26.25627,40.71888,0,[70.99906,78.1934]]],[476,[26.94992,46.05163,0,[70.99914,79.57017]]],[540,[28.14677,43.99691,0,[69.99903,80.46657]]],[427,[27.13465,42.90686,0,[70.99907,78.35439]]],[428,[27.47452,44.28551,0,[70.99912,79.88126]]],[414,[28.21364,46.20166,0,[70.99905,79.91872]]],[440,[27.81688,40.53485,0,[70.99903,78.08579]]],[429,[28.12576,45.31,0,[70.99908,78.88863]]],[461,[28.96859,46.92962,0,[69.99908,80.53259]]],[430,[28.72333,44.90616,0,[71.14486,77.9995]]],[446,[28.8765,47.90238,0,[70.99911,78.96626]]],[399,[29.61361,47.05137,0,[70.99908,79.19891]]],[519,[28.97513,44.58638,0,[70.99911,79.97845]]],[447,[29.92117,49.78457,0,[70.99914,79.92538]]],[411,[29.54829,44.52953,0,[70.99909,78.14431]]],[415,[30.65361,48.2868,0,[70.98177,79.99945]]],[412,[30.25973,43.19204,0,[70.99905,78.19749]]],[504,[31.21712,45.54242,0,[69.99907,80.58502]]],[398,[30.61044,45.33761,0,[70.99912,78.89038]]],[386,[31.29516,47.75731,0,[70.99904,79.1626]]],[413,[31.70093,43.95256,0,[70.99906,78.04829]]],[387,[31.96405,49.47041,0,[70.99907,79.03717]]],[400,[31.78573,49.18409,0,[70.45255,79.99963]]],[350,[32.21018,48.1391,0,[70.99902,79.96152]]],[388,[32.74215,48.23638,0,[70.99905,78.94741]]],[349,[32.4871,46.07792,0,[70.99905,78.09664]]],[530,[33.1554,46.42475,0,[69.99901,80.63964]]],[401,[32.94455,49.90364,0,[70.99905,79.87888]]],[425,[33.63804,41.98326,0,[70.99903,79.17478]]],[329,[33.37858,47.51608,0,[70.99904,78.28612]]],[389,[34.05971,51.75422,0,[69.999,80.2131]]],[330,[34.07645,47.66648,0,[70.99903,79.76298]]],[378,[34.1531,51.42936,0,[70.99901,78.27834]]],[462,[34.95754,50.86538,0,[69.99908,80.30881]]],[332,[34.66895,48.2776,0,[70.99902,79.08043]]],[426,[34.91644,42.28774,0,[71.05248,77.99975]]],[352,[35.54517,49.62617,0,[70.99905,79.14478]]],[418,[36.30014,52.2471,0,[70.99903,78.95628]]],[327,[35.84031,47.84746,0,[70.99905,78.01907]]],[477,[35.95295,49.90509,0,[69.99926,80.59621]]],[431,[35.8863,50.84821,0,[70.99904,79.94185]]],[433,[36.73994,51.62649,0,[70.7347,79.99951]]],[333,[36.77989,51.03722,0,[70.99905,78.00435]]],[403,[37.01085,51.64881,0,[70.999,78.94084]]],[505,[37.58095,49.14899,0,[69.99915,80.6341]]],[307,[37.53218,49.53363,0,[70.99905,78.09999]]],[417,[37.30093,50.90361,0,[70.99913,79.93771]]],[390,[38.59972,52.67558,0,[69.99903,80.05758]]],[347,[38.39807,46.60246,0,[70.99905,79.24583]]],[377,[37.91314,50.0989,0,[70.99914,78.72734]]],[506,[39.14833,48.13354,0,[69.99902,80.61201]]],[491,[38.91677,50.2466,0,[70.99911,79.87231]]],[466,[39.06683,54.86623,0,[70.99901,78.74226]]],[304,[39.67109,51.1683,0,[70.99905,79.2459]]],[489,[40.04296,48.79242,0,[69.99903,80.52561]]],[353,[38.65358,49.70476,0,[71.17786,77.99956]]],[397,[39.70625,44.57006,0,[70.99906,78.02766]]],[449,[40.7107,52.99382,0,[69.99901,80.06195]]],[328,[40.33982,47.3868,0,[70.99905,78.1346]]],[432,[40.49465,52.89171,0,[70.99905,79.11359]]],[331,[41.13534,50.76104,0,[70.99904,78.27617]]],[434,[41.40685,52.15124,0,[70.99905,79.19003]]],[532,[40.7681,47.6974,0,[70.9991,79.94315]]],[305,[42.35691,48.21469,0,[70.99906,79.21786]]],[531,[43.13123,49.005,0,[69.99904,80.57803]]],[419,[41.92012,52.2456,0,[70.99905,78.16761]]],[391,[41.68632,53.10815,0,[70.87433,79.99932]]],[463,[42.66447,53.09488,0,[70.83029,79.9992]]],[416,[44.01182,53.21281,0,[69.999,80.43988]]],[435,[43.13823,51.20484,0,[70.99907,78.68307]]],[379,[43.42983,53.75239,0,[70.99909,79.57611]]],[363,[42.74458,50.41512,0,[70.99907,78.06119]]],[402,[43.98227,52.9414,0,[70.99909,79.91312]]],[410,[43.77752,44.03075,0,[71.15311,77.99963]]],[451,[44.1968,55.01583,0,[70.99901,78.81163]]],[483,[44.62741,53.01251,0,[70.99907,79.67119]]],[405,[44.81543,52.07935,0,[70.99907,78.23132]]],[497,[45.31159,53.6959,0,[70.99907,79.2071]]],[507,[44.99002,51.6446,0,[69.99908,80.47893]]],[464,[45.84331,54.80731,0,[70.40555,79.99966]]],[498,[45.4737,54.29993,0,[70.99906,78.06055]]],[392,[46.07925,55.53649,0,[70.99902,79.27103]]],[526,[46.12221,52.44042,0,[70.99901,78.15522]]],[448,[46.45555,55.07644,0,[70.99906,79.99677]]],[543,[47.26238,46.90304,0,[70.99907,79.34647]]],[482,[46.84374,55.02173,0,[70.9991,78.7667]]],[303,[48.50152,49.04393,0,[70.99905,78.12995]]],[545,[47.9234,50.32244,0,[70.99906,78.80026]]],[380,[47.57623,50.15518,0,[70.99908,78.07706]]],[478,[47.67904,53.3812,0,[70.6237,79.99935]]],[404,[48.2518,56.53415,0,[70.99904,79.68213]]],[512,[48.87021,55.41643,0,[70.99908,78.7832]]],[450,[48.38807,55.45303,0,[69.9991,80.62848]]],[495,[48.86082,54.23009,0,[70.98014,79.99969]]],[527,[49.45259,55.36455,0,[70.9991,79.08048]]],[436,[49.5158,52.56499,0,[71.12731,77.99953]]],[538,[50.25227,53.97678,0,[70.99902,79.20083]]],[550,[49.60384,48.49622,0,[70.97903,79.99948]]],[452,[50.26842,53.55282,0,[70.99902,78.09101]]],[552,[50.53746,49.0943,0,[70.99919,79.9818]]],[480,[50.563,55.51751,0,[69.99914,80.55305]]],[348,[50.87594,45.33763,0,[71.10302,77.99964]]],[554,[51.32121,54.61555,0,[70.99911,79.9416]]],[551,[51.23151,48.93346,0,[70.99908,78.78876]]],[535,[52.00593,49.75132,0,[70.99901,78.96169]]],[494,[51.93784,55.70931,0,[69.99913,80.53512]]],[533,[51.74539,49.02691,0,[71.27228,77.9996]]],[542,[52.68441,48.77238,0,[70.99903,79.11836]]],[537,[52.43561,56.8792,0,[70.54973,79.99986]]],[549,[53.01694,50.37692,0,[70.99908,79.92411]]],[544,[52.75295,52.08725,0,[70.99905,78.01517]]],[306,[53.37386,50.23367,0,[70.99903,78.15617]]],[465,[53.28084,57.72729,0,[69.99905,80.62782]]],[536,[54.3509,55.10604,0,[70.99904,79.1388]]],[420,[53.68104,54.01961,0,[70.99908,78.95154]]],[496,[53.76765,57.66571,0,[70.93777,79.99966]]],[364,[54.29678,51.70214,0,[70.99902,78.03537]]],[492,[54.64496,55.10452,0,[70.99918,79.93031]]],[513,[54.95183,56.69403,0,[70.99908,78.08226]]],[548,[55.06873,49.6466,0,[69.99903,80.58508]]],[525,[55.33393,59.93147,0,[70.99904,78.86752]]],[479,[55.55822,57.42561,0,[70.99906,79.83067]]],[553,[55.84483,54.60451,0,[71.15404,77.99961]]],[481,[55.90283,58.17804,0,[69.99907,80.59559]]],[546,[56.19024,54.18119,0,[70.99903,78.89854]]],[467,[56.78684,54.52701,0,[70.99905,78.05688]]],[511,[56.40909,58.49212,0,[70.99908,79.86558]]],[520,[56.68526,54.42817,0,[69.9991,80.63228]]],[524,[57.09042,57.7571,0,[70.99903,78.87906]]],[514,[57.73895,58.0268,0,[70.99909,78.11535]]],[523,[57.17431,57.6307,0,[70.99904,79.95373]]],[541,[57.86398,53.41938,0,[70.99905,79.32383]]],[547,[58.52272,58.2056,0,[70.99908,78.28846]]],[509,[58.67255,59.15599,0,[70.99909,79.33362]]],[508,[58.11679,56.66309,0,[69.99908,80.56489]]],[521,[59.17469,57.65766,0,[69.999,80.20744]]],[534,[59.37802,58.15728,0,[70.99909,78.4735]]],[510,[60.24092,62.79333,0,[70.99908,78.72485]]],[522,[59.3389,60.2514,0,[70.9991,79.79569]]],[493,[60.25492,61.06969,0,[70.75475,79.99946]]]
5:[245,[15.25631,30.47829,1,[58.99903,48.88412]]],[215,[15.18161,30.35601,1,[58.99901,47.49399]]],[246,[15.83782,31.53375,1,[58.999,48.17527]]],[216,[16.19956,32.36122,1,[58.10889,47.00039]]],[275,[16.01806,31.56696,1,[58.99906,49.56126]]],[185,[15.65331,31.29826,1,[57.999,46.15742]]],[217,[16.35345,32.63659,1,[58.99903,47.64041]]],[187,[16.82498,33.61274,1,[57.99901,46.47432]]],[186,[16.24907,32.4751,1,[57.99903,45.71696]]],[247,[16.54385,32.82952,1,[58.99906,49.01621]]],[97,[16.81627,33.61184,2,[57.999,42.92208]]],[155,[15.64384,31.27405,1,[57.999,44.78559]]],[156,[16.24625,32.40792,1,[57.99901,44.54199]]],[157,[16.79264,33.5123,1,[57.999,45.17858]]],[96,[16.23425,32.45427,2,[57.999,42.30072]]],[71,[17.93729,35.77216,2,[57.99901,42.96462]]],[127,[16.83841,33.49939,1,[57.999,44.04825]]],[126,[16.22508,32.4086,1,[57.999,43.42062]]],[158,[17.37128,34.59976,1,[57.99903,45.37683]]],[70,[17.37866,34.69193,2,[57.99902,42.12077]]],[188,[17.3915,34.71824,1,[57.99904,46.5146]]],[95,[15.66584,31.32738,2,[57.999,41.95129]]],[129,[17.92595,35.71609,1,[57.99901,45.15262]]],[72,[18.50161,36.85824,2,[57.99906,42.59047]]],[69,[16.79984,33.5783,2,[57.99901,41.74305]]],[125,[15.64395,31.28484,1,[57.999,43.42812]]],[159,[17.93418,35.70432,1,[57.99902,46.30021]]],[218,[16.89352,33.66314,1,[58.999,47.38938]]],[46,[17.928,35.8189,2,[57.99902,41.85497]]],[99,[17.99577,35.87513,1,[57.99901,44.07747]]],[68,[16.2517,32.4881,2,[57.999,41.06454]]],[45,[17.36003,34.68621,2,[57.99902,41.02028]]],[160,[18.54024,36.78774,1,[57.99908,45.92944]]],[128,[17.43059,34.60413,1,[57.99903,44.30806]]],[47,[18.4794,36.90693,2,[57.99906,41.46795]]],[131,[19.19309,37.90884,1,[57.9991,45.57759]]],[25,[18.34385,36.60932,2,[57.19753,41.00034]]],[44,[17.32512,34.61469,2,[56.99902,40.70805]]],[190,[18.39311,36.67395,1,[58.27612,47.00044]]],[67,[16.22954,32.44815,2,[56.999,40.47133]]],[98,[17.41121,34.75368,1,[57.99902,43.21953]]],[130,[18.59256,36.86033,1,[57.99907,44.86603]]],[100,[18.52958,36.98439,1,[57.99907,43.71819]]],[49,[19.73855,39.09413,2,[57.99905,41.998]]],[48,[19.06528,37.95038,2,[57.99906,42.12642]]],[24,[17.86761,35.67644,2,[56.99902,40.1033]]],[161,[19.16286,37.96834,1,[57.99911,46.67492]]],[101,[19.12111,38.07129,1,[57.99909,44.42748]]],[43,[16.77848,33.53724,2,[56.99901,39.69339]]],[162,[19.8033,39.0781,1,[57.99907,46.37804]]],[132,[19.75075,39.09048,1,[57.99907,45.25768]]],[26,[19.19602,38.05876,2,[56.99908,40.90531]]],[27,[19.23014,37.96295,2,[57.99906,41.08638]]],[191,[18.63354,36.95507,1,[58.99904,47.48889]]],[23,[17.36,34.65464,2,[56.99903,39.32953]]],[102,[19.70972,39.21074,1,[57.99905,44.14066]]],[163,[20.38696,39.99157,1,[57.99907,46.05207]]],[133,[20.28813,40.00983,1,[57.99906,44.91499]]],[50,[20.46828,40.07669,2,[57.99903,41.78693]]],[192,[19.17283,38.02025,1,[58.99908,47.05673]]],[73,[19.07884,37.92708,1,[57.99908,43.29753]]],[8,[18.56795,36.88668,2,[56.99908,40.05498]]],[9,[19.3223,38.26593,2,[56.99906,39.88876]]],[164,[20.90889,41.0299,1,[57.99902,45.52179]]],[76,[21.07941,41.04932,2,[57.99909,42.46922]]],[103,[20.24757,40.22314,1,[57.99904,43.79969]]],[28,[19.91073,39.2258,2,[57.99906,41.01343]]],[74,[19.61663,38.97195,1,[57.99905,43.00542]]],[193,[20.165,39.63322,1,[58.41698,47.00044]]],[7,[17.98481,35.83827,1,[56.99904,38.9924]]],[194,[21.06229,41.10229,1,[57.99905,46.61341]]],[165,[21.39372,42.20276,1,[57.99902,45.0211]]],[77,[22.20349,42.30611,2,[57.999,42.31243]]],[134,[20.82165,41.08002,1,[57.99902,44.42991]]],[29,[20.97553,40.37362,1,[57.9992,41.3297]]],[51,[21.58949,41.44548,2,[57.99904,42.02806]]],[195,[21.57574,42.26644,1,[57.99903,46.13072]]],[224,[21.0769,40.18412,1,[58.99904,47.02308]]],[75,[20.29965,39.93065,1,[57.99903,42.74787]]],[196,[21.97894,43.35371,1,[57.99901,45.12725]]],[10,[19.95009,39.1624,2,[56.99908,40.45528]]],[106,[22.76281,43.71636,2,[57.99901,42.29961]]],[135,[21.44451,42.22875,1,[57.99902,43.96216]]],[223,[20.44178,39.11317,1,[58.99902,47.48903]]],[225,[22.20658,42.29002,1,[57.99902,46.18682]]],[12,[21.61556,41.72344,2,[56.99909,40.74235]]],[30,[21.67889,41.53992,2,[57.99907,41.02488]]],[104,[20.85992,41.30968,1,[57.99901,43.37397]]],[11,[20.94958,40.72585,1,[56.99918,40.82956]]],[256,[22.79603,43.30206,1,[57.999,46.25638]]],[226,[22.55097,43.49222,1,[57.999,45.25305]]],[255,[21.80449,41.12861,1,[58.99901,47.08894]]],[52,[22.39065,42.51242,2,[57.999,41.31923]]],[78,[23.1807,43.47057,2,[57.99903,41.76462]]],[1,[20.23056,39.12052,2,[56.99914,39.62088]]],[166,[22.14704,43.33275,1,[57.99902,44.17388]]],[227,[23.11114,44.76962,1,[57.99906,45.20774]]],[197,[22.75759,44.52733,1,[57.999,44.21324]]],[284,[22.38455,41.43958,1,[58.999,47.54617]]],[13,[22.08466,42.70019,2,[56.999,40.17883]]],[170,[24.82777,48.57986,2,[57.999,42.4607]]],[2,[21.22539,39.8915,2,[56.99907,39.61439]]],[138,[24.28911,45.62156,2,[57.99901,41.99714]]],[198,[23.3968,45.72813,1,[57.99905,44.44459]]],[136,[22.45523,43.34887,1,[57.999,43.27175]]],[257,[23.66453,44.57884,1,[57.999,45.77899]]],[285,[23.35498,43.76407,1,[57.999,46.71746]]],[107,[23.71426,44.96258,2,[57.99905,41.62988]]],[253,[20.90296,39.14783,1,[58.99902,48.44147]]],[139,[24.72581,47.06982,2,[57.99901,41.35427]]],[228,[24.00613,46.03148,1,[57.99903,44.89176]]],[286,[23.98985,45.1716,1,[57.999,46.78503]]],[108,[24.45236,46.7891,2,[57.41391,41.00013]]],[105,[21.80992,42.53318,1,[57.99903,43.1349]]],[53,[23.45272,44.6813,2,[56.99903,40.94074]]],[258,[24.30982,45.74024,1,[57.99903,45.98167]]],[311,[23.11354,41.78537,1,[58.999,47.65448]]],[79,[24.03728,45.51755,2,[56.99901,40.82961]]],[141,[25.2996,49.64286,2,[57.999,41.84292]]],[229,[24.61018,47.42494,1,[57.99901,45.17262]]],[312,[23.75344,43.27135,1,[58.99901,47.64051]]],[259,[24.7926,47.07821,1,[57.99901,46.84782]]],[54,[25.21055,46.10553,2,[56.99903,40.45644]]],[168,[23.77792,46.04629,1,[57.99903,43.79189]]],[254,[21.56044,40.15359,1,[58.99902,48.04049]]],[31,[22.77552,43.59811,2,[56.999,40.31641]]],[14,[23.50323,44.07841,2,[56.99904,39.86875]]],[142,[26.47087,50.91143,2,[57.99902,42.0344]]],[230,[25.04414,48.58906,1,[57.99904,44.59008]]],[308,[24.10729,38.92862,1,[58.99901,48.61608]]],[260,[25.16888,48.64349,1,[57.99901,45.85727]]],[310,[23.18056,41.01506,1,[58.999,48.68799]]],[32,[24.48238,44.92001,2,[56.99901,39.9472]]],[140,[25.80661,48.69123,2,[57.99903,41.40604]]],[0,[19.2296,37.04083,2,[56.99911,38.71949]]],[167,[23.11143,44.64434,1,[57.99905,43.30495]]],[143,[27.20051,51.97031,2,[57.99902,42.41972]]],[199,[24.3733,46.99586,1,[57.99901,44.12052]]],[288,[25.56807,48.73409,1,[57.999,46.8675]]],[231,[25.60888,49.56808,1,[57.999,45.00817]]],[248,[17.10227,33.73269,1,[58.99909,48.52609]]],[109,[25.79973,48.72403,2,[56.999,40.85917]]],[112,[26.91723,51.05008,2,[57.99906,41.33186]]],[3,[23.16826,41.37217,2,[56.99905,38.81337]]],[137,[23.62366,44.5648,1,[57.99903,42.68795]]],[261,[25.94969,49.64254,1,[57.999,45.92368]]],[201,[25.48351,49.62041,1,[57.999,43.95894]]],[111,[26.44131,50.18814,2,[57.76313,41.00018]]],[276,[17.33732,33.09116,1,[58.99908,49.86299]]],[114,[28.29558,53.09235,2,[57.99903,42.03498]]],[290,[26.57997,50.70762,1,[57.999,45.88579]]],[15,[25.10568,45.64432,2,[56.99903,39.3369]]],[287,[24.46964,45.33284,1,[58.99901,47.70362]]],[200,[24.83516,48.55132,1,[57.999,43.53218]]],[113,[27.53724,52.1333,2,[57.99901,41.61859]]],[110,[26.32835,50.09404,2,[56.99901,40.49387]]],[262,[26.19141,50.89169,1,[57.99902,44.90672]]],[283,[22.31728,40.44236,1,[58.999,48.56493]]],[291,[27.77548,51.79372,1,[57.99901,46.88269]]],[202,[26.00147,50.89619,1,[57.99904,43.59634]]],[115,[28.67902,54.21042,2,[57.99907,41.38578]]],[83,[27.38239,52.08864,2,[56.99902,40.44129]]],[289,[26.35077,49.61776,1,[57.999,46.87437]]],[80,[25.76546,46.79468,2,[56.99901,39.74255]]],[263,[27.32683,51.99845,1,[57.99902,45.93697]]],[169,[24.2214,47.27648,1,[57.99901,43.04093]]],[233,[26.89619,51.76759,1,[57.999,44.9952]]],[85,[28.13139,53.32296,2,[57.80683,41.00024]]],[84,[27.97446,53.25771,1,[56.99901,40.69777]]],[87,[29.43535,55.37099,2,[57.99903,41.6477]]],[232,[26.55137,50.69823,1,[57.999,44.05495]]],[336,[26.8446,49.86108,1,[58.999,47.70545]]],[55,[26.76475,47.82047,2,[56.99909,39.95995]]],[234,[27.56886,52.78806,1,[57.99902,45.0291]]],[315,[27.05524,50.92806,1,[57.99905,46.78722]]],[86,[29.07524,55.26108,2,[56.99903,40.61625]]],[252,[20.4812,38.12349,1,[58.99934,49.13577]]],[203,[27.16322,52.06411,1,[57.99902,44.08232]]],[173,[26.76046,51.82957,1,[57.99901,43.085]]],[264,[28.01708,53.04353,1,[57.99906,45.91434]]],[219,[17.6793,34.84219,1,[58.99903,48.59172]]],[57,[28.40365,53.71054,2,[56.99901,40.00633]]],[4,[24.39744,41.79033,2,[56.99901,38.70167]]],[118,[30.68415,57.3183,2,[57.99903,41.92535]]],[171,[25.4145,49.5988,1,[57.999,42.90155]]],[204,[27.95691,53.13252,1,[57.99901,44.28252]]],[205,[28.64988,54.24485,1,[57.99903,44.45034]]],[89,[30.09075,57.57779,2,[57.99903,41.75324]]],[175,[28.26509,53.97083,1,[57.99903,43.4896]]],[366,[25.28263,46.81721,1,[58.999,47.77697]]],[60,[29.66815,56.43496,2,[56.99903,40.86547]]],[235,[28.37998,53.88551,1,[57.99904,45.26584]]],[82,[27.7918,51.18848,2,[56.99902,39.61668]]],[172,[25.97066,50.75135,1,[57.99903,42.51881]]],[265,[28.9353,54.15644,1,[57.999,45.89885]]],[236,[29.22884,54.96632,1,[57.99902,45.02848]]],[120,[31.85941,59.6762,2,[57.99905,41.88739]]],[176,[29.10944,55.09165,1,[57.99902,43.96749]]],[90,[31.17613,58.83632,2,[57.99902,41.55492]]],[33,[28.72304,47.81128,2,[56.99934,39.35816]]],[316,[27.60237,50.88029,1,[58.999,47.73948]]],[293,[29.32528,53.96311,1,[57.99903,46.89916]]],[266,[29.59599,55.30978,1,[57.99902,46.00569]]],[292,[28.53698,52.81246,1,[57.99901,46.81797]]],[174,[27.53972,52.83687,1,[57.99902,43.40157]]],[206,[29.762,55.34724,1,[57.99902,44.56699]]],[62,[30.64044,58.22952,2,[57.50077,41.00023]]],[121,[32.59075,61.02973,2,[57.99903,42.22548]]],[146,[29.5057,55.3401,1,[57.99904,43.39801]]],[337,[28.10676,50.88019,1,[58.999,48.66774]]],[63,[31.92093,59.71538,2,[57.31611,41.00034]]],[88,[30.28008,57.44005,2,[56.99903,40.98022]]],[314,[26.08307,48.75443,1,[58.999,47.75511]]],[294,[30.14929,55.09264,1,[57.99907,46.7494]]],[313,[27.3119,44.85369,1,[58.999,48.71571]]],[237,[30.15231,56.09893,1,[57.99907,45.64495]]],[59,[30.20886,55.37838,2,[56.99902,39.87914]]],[92,[33.00888,61.27963,2,[57.99904,41.64006]]],[144,[27.86364,52.99498,1,[57.99901,42.583]]],[207,[30.4114,56.41652,1,[57.99903,44.77805]]],[91,[32.2261,59.88409,2,[57.99903,41.21001]]],[267,[30.81607,56.42451,1,[57.99902,46.74945]]],[367,[26.53194,47.68866,1,[58.999,48.70196]]],[318,[29.14977,53.16122,1,[58.999,47.62326]]],[317,[28.3628,51.99873,1,[58.999,47.69216]]],[58,[29.54694,54.2391,2,[56.99902,39.77141]]],[238,[30.83717,57.31057,1,[57.99902,45.72069]]],[61,[31.45183,57.80566,2,[56.99902,40.71703]]],[39,[33.1968,59.22622,2,[56.99903,40.90875]]],[177,[30.11715,56.07532,1,[57.99903,43.70958]]],[145,[28.70739,54.21881,1,[57.99904,43.00353]]],[36,[32.47689,56.48296,2,[56.99902,40.37416]]],[319,[29.93724,54.26133,1,[58.999,47.49745]]],[189,[17.45822,34.85244,1,[58.99902,47.32589]]],[295,[30.69588,55.18521,1,[58.99901,47.42003]]],[384,[29.6807,50.77497,1,[58.999,48.50507]]],[37,[30.92282,56.81382,2,[56.99903,40.04254]]],[35,[31.80687,54.83446,2,[56.99908,39.93818]]],[208,[31.06882,57.63307,1,[57.99903,44.85012]]],[65,[34.08089,61.88918,2,[57.99907,41.58998]]],[179,[31.32192,58.37435,1,[57.99903,43.99255]]],[296,[31.40465,56.3634,1,[58.99901,47.26152]]],[338,[28.93635,52.02744,1,[58.999,48.62395]]],[64,[33.49311,60.50831,2,[57.87079,41.00033]]],[268,[31.47683,57.62813,1,[57.99904,46.55126]]],[222,[19.66372,38.04765,1,[58.999,47.9488]]],[239,[31.61683,58.34089,1,[57.99902,45.54483]]],[5,[27.39426,43.66139,2,[56.99902,38.74364]]],[178,[30.70298,57.23658,1,[57.99903,43.85738]]],[182,[35.15379,63.30144,2,[57.99902,41.90556]]],[297,[32.15553,58.57618,1,[57.99903,46.35971]]],[149,[31.84826,58.88444,1,[57.99902,43.58962]]],[269,[32.41227,58.8255,1,[57.99902,45.45743]]],[18,[34.50384,58.3268,2,[56.99906,40.82267]]],[209,[31.88571,58.69882,1,[57.99902,44.67124]]],[40,[34.64016,59.89383,2,[57.91851,41.00035]]],[180,[32.44759,59.62909,1,[57.99903,44.04287]]],[320,[32.97385,56.39957,1,[57.999,46.2271]]],[240,[32.89439,59.74405,1,[57.99902,44.92721]]],[339,[30.49669,53.23212,1,[58.99902,48.46102]]],[116,[29.10347,55.27611,1,[57.99904,42.40101]]],[38,[33.5899,58.23769,2,[56.99905,40.17486]]],[270,[33.28724,60.34124,1,[57.99905,44.28157]]],[93,[35.43839,63.12667,2,[57.97092,41.00023]]],[324,[36.13855,63.3641,2,[57.99905,41.02137]]],[56,[32.82741,53.35342,2,[56.99934,39.74337]]],[241,[33.68868,61.13235,1,[57.99903,43.63713]]],[321,[33.50986,57.84431,1,[57.99901,45.58408]]],[322,[33.93002,59.11843,1,[57.999,44.76552]]],[298,[34.34019,59.96738,1,[57.99902,44.06845]]],[357,[32.10992,54.78792,1,[58.999,47.24766]]],[211,[36.68541,62.38284,2,[57.99903,41.93909]]],[41,[35.64528,61.75874,2,[56.99904,40.21893]]],[81,[34.1277,50.68776,2,[56.99905,39.7615]]],[148,[31.00394,57.5097,1,[57.99903,42.95494]]],[181,[34.11982,61.0091,1,[57.99902,42.98683]]],[22,[37.16946,63.23329,2,[56.99907,40.62]]],[409,[33.54409,54.86372,1,[58.999,47.6626]]],[342,[34.23745,58.32087,1,[57.99905,45.88091]]],[372,[32.7836,55.52398,1,[58.999,47.55455]]],[343,[34.59069,59.6648,1,[57.99902,45.12257]]],[20,[34.91363,60.09724,2,[56.99907,40.1557]]],[42,[37.18062,63.4291,2,[57.99903,41.08875]]],[17,[36.45021,58.09288,2,[56.99905,40.18769]]],[210,[32.82155,60.16903,1,[57.99903,43.33877]]],[278,[30.03073,36.00452,1,[58.99903,49.47641]]],[341,[33.81818,56.71988,1,[57.999,46.63612]]],[358,[34.78196,57.35374,1,[57.999,46.72878]]],[117,[29.83017,56.42377,1,[57.99903,42.61718]]],[344,[35.10704,61.17223,1,[57.999,44.67563]]],[6,[31.38842,45.21698,2,[56.999,38.68607]]],[19,[37.71389,60.2174,2,[56.99902,39.75131]]],[16,[36.72477,55.75959,2,[56.9991,39.17512]]],[151,[33.21879,61.10474,1,[57.99905,42.75903]]],[340,[31.35351,54.61752,1,[58.99903,48.3116]]],[396,[34.04224,52.86609,1,[58.999,48.60209]]],[356,[32.29052,53.43663,1,[58.999,48.3176]]],[360,[35.15165,60.0108,1,[57.999,45.72493]]],[375,[36.22627,61.13907,1,[57.99902,44.28944]]],[147,[30.41528,56.28504,1,[57.99903,42.79824]]],[34,[35.53445,54.46629,2,[56.99904,39.18643]]],[359,[35.89077,59.22308,1,[57.999,45.1917]]],[299,[34.8302,61.21103,1,[57.99904,43.58119]]],[249,[17.97483,34.94645,1,[58.99902,49.77217]]],[453,[36.70446,58.77557,1,[57.999,45.19292]]],[361,[35.55974,62.13873,1,[57.99902,44.09569]]],[119,[31.49117,58.69509,1,[57.99903,42.57829]]],[424,[35.78934,58.10881,1,[57.99901,46.42473]]],[323,[35.32246,61.12533,1,[57.99902,43.00927]]],[373,[36.80396,58.59742,1,[57.999,46.32272]]],[438,[37.40019,58.95736,1,[57.99903,44.75489]]],[345,[35.93885,62.77706,1,[57.99903,43.21477]]],[371,[33.14595,53.93306,1,[58.99902,48.55677]]],[368,[32.35482,48.8213,1,[58.99904,49.35509]]],[422,[37.49,56.61655,1,[57.99904,45.89313]]],[454,[37.15142,62.12693,1,[57.99903,43.20618]]],[150,[32.23189,59.91291,1,[57.99903,42.92892]]],[439,[36.80131,61.24136,1,[57.99902,44.01164]]],[469,[37.71172,63.03354,1,[57.99901,43.87146]]],[374,[38.11225,65.27833,1,[57.999,43.07807]]],[421,[38.11036,56.96679,1,[57.99908,45.03955]]],[468,[38.49538,61.07957,1,[57.999,44.04519]]],[376,[36.48917,64.64925,1,[57.99902,42.95023]]],[423,[34.51405,55.13387,1,[58.999,47.60526]]],[437,[39.22237,60.2173,1,[57.99902,43.84142]]],[484,[38.83609,63.12317,1,[57.999,42.55825]]],[393,[38.26882,52.72133,1,[57.99904,46.36026]]],[407,[36.66213,53.44863,1,[58.99901,47.20751]]],[406,[38.84205,55.24948,1,[57.99903,45.08361]]],[381,[39.57516,49.39274,1,[57.999,45.05161]]],[152,[33.6106,62.65699,1,[57.99905,42.12812]]],[335,[35.58279,44.83269,1,[58.999,47.37239]]],[385,[37.76011,52.03453,1,[58.999,48.03678]]],[272,[38.14737,65.38886,1,[57.999,41.92915]]],[277,[23.78244,34.1166,1,[58.999,49.60976]]],[394,[40.03511,53.51032,1,[57.99901,43.98906]]],[362,[37.42489,65.8189,1,[57.99903,42.25769]]],[365,[24.94301,45.44525,1,[58.99901,48.70444]]],[499,[38.73455,63.93598,1,[57.999,41.09644]]],[382,[40.16665,50.54739,1,[57.99904,45.62058]]],[370,[39.1264,53.40583,1,[58.99901,47.34201]]],[122,[34.64618,63.13555,1,[57.99904,42.44124]]],[280,[39.19083,40.40258,1,[57.99918,46.30566]]],[395,[39.60193,55.02526,1,[57.999,42.55875]]],[408,[35.23372,53.21053,1,[58.999,48.4267]]],[309,[34.36502,41.17073,1,[58.999,50.58904]]],[242,[38.37717,68.42723,1,[56.999,40.90024]]],[212,[39.91989,72.91779,1,[57.99916,41.22409]]],[282,[27.04713,39.27665,1,[58.999,49.66765]]],[279,[25.48464,37.44285,1,[58.999,50.59818]]],[250,[18.47358,35.91228,1,[58.99907,49.19395]]],[271,[35.83102,61.96403,1,[57.99903,42.06813]]],[354,[36.23672,51.34871,1,[58.99911,49.72805]]],[251,[19.6763,36.98307,1,[58.999,49.55348]]],[334,[25.75354,42.48925,1,[58.999,48.72118]]],[355,[40.99034,56.44625,1,[57.99916,45.84687]]],[369,[34.86689,50.16928,1,[58.99902,49.50308]]],[220,[18.11148,35.91646,1,[58.9991,47.89189]]],[221,[18.92247,37.01752,1,[58.99905,48.66026]]],[21,[38.86621,62.1155,1,[56.99901,39.93655]]],[383,[36.45623,49.27678,1,[58.99903,48.45187]]],[281,[22.52353,38.43277,1,[58.99901,49.61868]]]
3:[245,[31.77812,63.34344,1,[49.00067,75.96283]]],[215,[34.98679,69.86124,1,[48.3299,80.00081]]],[246,[34.20412,67.57412,1,[49.00051,78.43072]]],[216,[35.19848,70.06223,1,[49.00053,78.89684]]],[275,[32.35033,62.73991,1,[49.00075,75.46716]]],[185,[36.59134,72.94997,1,[48.00064,80.86997]]],[217,[33.555,66.35103,1,[49.00063,76.12208]]],[187,[34.6466,68.68392,1,[49.00061,76.78909]]],[186,[36.61166,72.68771,1,[49.00056,79.89293]]],[247,[33.29597,63.1235,1,[49.00062,74.64933]]],[155,[37.87057,75.45336,1,[48.00066,81.42912]]],[156,[37.34408,74.25674,1,[48.55961,80.00082]]],[157,[35.79647,71.17647,1,[49.00059,77.73956]]],[127,[37.042,73.56306,1,[49.00061,78.54124]]],[126,[38.10677,75.81274,1,[48.4059,80.00089]]],[158,[35.71906,70.32359,1,[49.00063,76.45485]]],[188,[34.16239,67.21527,1,[49.00063,74.93756]]],[129,[37.81002,74.58607,1,[49.00068,78.49496]]],[125,[39.25105,77.9311,1,[48.00038,81.66763]]],[159,[36.37944,70.38994,1,[49.00063,76.53816]]],[218,[34.71383,65.16582,1,[49.00035,74.42899]]],[99,[38.62346,76.46946,1,[49.00076,78.63189]]],[160,[37.40945,73.04538,1,[49.44204,77.00078]]],[128,[39.02326,77.3197,1,[48.59894,80.00095]]],[131,[39.32956,76.48919,1,[49.00056,78.69656]]],[190,[35.62257,68.75609,1,[49.00052,74.59576]]],[98,[40.59632,80.07557,1,[48.00035,81.75013]]],[130,[37.87815,73.98885,1,[49.00061,76.81792]]],[100,[40.16625,79.38969,1,[48.51254,80.00089]]],[161,[36.36358,70.35558,1,[49.00067,74.69016]]],[101,[41.1539,80.9142,1,[48.00046,80.8942]]],[162,[38.66284,74.14211,1,[49.00066,76.57758]]],[132,[40.13309,78.27589,1,[49.00056,78.71422]]],[191,[37.33303,69.7597,1,[49.00064,75.02603]]],[102,[41.45965,81.6912,1,[48.32207,80.00072]]],[163,[39.48439,75.65457,1,[49.00064,76.78544]]],[133,[40.84849,79.6674,1,[49.00063,78.80282]]],[192,[37.92358,70.79564,1,[49.00036,74.79295]]],[73,[42.66066,84.05817,1,[48.00055,81.60271]]],[164,[41.50476,80.81908,1,[49.00069,78.7775]]],[103,[42.34177,83.60519,1,[48.48827,80.00082]]],[74,[43.57643,86.21364,1,[48.00084,81.80676]]],[193,[38.62049,71.92516,1,[49.00052,74.82428]]],[194,[40.14575,76.61267,1,[49.00062,76.70576]]],[165,[42.05451,81.84932,1,[49.00068,78.56584]]],[134,[42.96661,83.66363,1,[48.00061,80.11764]]],[195,[40.7973,78.02301,1,[49.00062,76.70299]]],[224,[39.25431,73.14775,1,[49.00069,74.78015]]],[75,[44.64504,87.31526,1,[48.00072,82.48266]]],[196,[43.00102,84.25897,1,[49.00071,79.31109]]],[135,[43.85578,86.0481,1,[48.00067,80.30054]]],[223,[39.90884,71.86081,1,[49.00035,74.87377]]],[225,[41.78725,78.78345,1,[49.00061,76.96684]]],[104,[44.896,88.33797,1,[48.0008,81.44064]]],[256,[42.94727,81.19411,1,[49.00061,77.97865]]],[226,[44.12447,85.19539,1,[49.00067,79.64964]]],[255,[40.53521,74.73752,1,[49.0004,74.97342]]],[166,[46.37659,89.99496,1,[48.00055,82.7505]]],[227,[43.71281,84.07455,1,[49.00065,78.02937]]],[197,[44.77454,87.74453,1,[48.40796,80.00072]]],[284,[42.01619,76.4542,1,[49.00063,76.02949]]],[198,[45.47643,88.46116,1,[48.40025,80.00061]]],[136,[45.98821,89.65049,1,[48.00073,81.14257]]],[257,[44.70706,84.22906,1,[49.00068,78.81721]]],[285,[42.76035,79.11841,1,[49.00066,76.16528]]],[253,[41.0439,71.07381,1,[49.00074,74.81946]]],[228,[46.11078,88.66378,1,[48.00079,80.12873]]],[286,[43.68254,80.75391,1,[49.00064,76.7992]]],[105,[46.90805,91.18918,1,[48.00085,81.82777]]],[258,[45.73964,85.66853,1,[49.00081,79.1215]]],[311,[41.64838,74.35525,1,[49.00042,74.33666]]],[229,[46.79889,89.57978,1,[48.00065,80.16455]]],[312,[44.85587,80.6278,1,[49.00061,77.85577]]],[259,[46.42419,86.535,1,[49.0008,79.18446]]],[168,[47.51659,92.03913,1,[48.0008,81.54171]]],[254,[42.58167,72.05765,1,[49.00055,74.60979]]],[230,[47.5973,92.05769,1,[48.00079,80.35017]]],[308,[44.90774,74.28008,1,[49.00063,76.83077]]],[260,[47.27053,89.64912,1,[49.00086,79.62828]]],[310,[43.73386,74.40128,1,[49.00067,75.76244]]],[167,[48.66694,93.38102,1,[48.00057,82.93483]]],[199,[48.49882,93.39639,1,[48.00074,81.62254]]],[288,[46.01711,85.86625,1,[49.00076,77.76849]]],[231,[48.05545,92.21658,1,[49.00058,79.82525]]],[248,[43.69791,64.53367,1,[49.00061,74.6198]]],[137,[49.87771,94.94737,1,[48.0006,83.0108]]],[261,[47.07938,88.71179,1,[49.00083,78.41082]]],[201,[48.40339,94.48741,1,[48.00077,80.30871]]],[276,[45.02918,65.95481,1,[49.00067,75.90927]]],[290,[48.43551,90.91229,1,[49.0007,79.27012]]],[287,[46.029,80.74736,1,[49.00074,76.55958]]],[200,[49.33024,95.7731,1,[48.00064,81.34783]]],[262,[49.16857,93.70324,1,[48.71453,80.00068]]],[283,[44.58309,71.68831,1,[49.0005,74.31449]]],[291,[47.83222,88.86734,1,[49.00073,77.70574]]],[202,[50.10142,97.37233,1,[48.00072,81.38808]]],[289,[46.95663,85.84644,1,[49.00068,77.20621]]],[263,[48.86432,92.04754,1,[49.00079,78.71141]]],[169,[50.87206,98.10731,1,[48.0007,82.98463]]],[233,[49.48904,94.88653,1,[48.0009,80.19453]]],[232,[50.89175,97.6549,1,[48.00091,81.61565]]],[336,[47.96606,85.27184,1,[49.00058,76.80962]]],[234,[49.76623,94.44891,1,[49.00085,79.44267]]],[315,[46.92139,85.25965,1,[49.00067,76.06848]]],[252,[45.68299,70.05733,1,[49.00075,75.10329]]],[203,[50.29768,96.30262,1,[48.00087,80.35561]]],[173,[51.37823,99.25081,1,[48.00071,81.20181]]],[264,[48.87337,90.869,1,[49.00078,77.61726]]],[219,[46.07281,65.66503,1,[49.0007,74.54545]]],[171,[52.01772,99.98759,1,[48.00035,82.85206]]],[204,[50.61025,96.68127,1,[49.00085,79.71992]]],[205,[51.14381,97.18359,1,[48.38306,80.00072]]],[175,[51.95399,100.1231,1,[48.00087,81.00722]]],[366,[46.82951,79.85361,1,[49.00062,74.77503]]],[235,[49.89074,93.88061,1,[49.00082,78.45956]]],[172,[52.87169,101.6304,1,[48.00059,82.81001]]],[265,[50.92746,94.05956,1,[49.00077,79.05251]]],[236,[51.87783,97.45735,1,[48.45345,80.0005]]],[176,[52.67052,100.8449,1,[48.00088,81.23012]]],[316,[48.1642,85.5797,1,[49.00076,75.99283]]],[293,[50.17479,90.44556,1,[49.00077,77.72606]]],[266,[51.56024,95.01145,1,[49.0008,79.15264]]],[292,[49.22899,89.01248,1,[49.00086,76.9797]]],[174,[53.77098,101.7905,1,[48.00065,82.86296]]],[206,[52.45341,98.37677,1,[48.16383,80.00048]]],[146,[53.35777,101.6422,1,[48.00077,81.28602]]],[337,[50.74416,86.49287,1,[49.00074,77.4494]]],[314,[47.37928,80.93542,1,[49.00065,74.47258]]],[294,[52.26254,94.86279,1,[49.00079,79.3231]]],[313,[49.70295,78.16293,1,[49.00061,76.18541]]],[237,[52.85723,96.44913,1,[49.0008,79.17633]]],[144,[54.78455,104.6643,1,[48.00072,83.17905]]],[207,[53.06466,99.20272,1,[48.10303,80.00067]]],[267,[52.06759,93.17587,1,[49.00072,77.72363]]],[367,[50.16671,80.11595,1,[49.00075,75.86237]]],[318,[51.56614,90.72727,1,[49.00075,77.98886]]],[317,[48.73178,85.69048,1,[49.00061,75.55766]]],[238,[53.53313,98.34868,1,[49.00088,79.32336]]],[177,[54.09892,102.0908,1,[48.00078,80.48225]]],[145,[54.2937,103.0825,1,[48.00071,81.72617]]],[319,[51.47152,88.55042,1,[49.00075,76.24805]]],[189,[48.49798,66.89176,1,[49.00061,74.21734]]],[295,[52.75695,92.42252,1,[49.00078,77.91338]]],[384,[50.91455,84.7852,1,[49.00068,76.41414]]],[208,[54.28684,101.7559,1,[49.00079,79.88038]]],[179,[54.76527,102.9503,1,[48.00094,80.3318]]],[296,[52.1023,90.8203,1,[49.00069,76.20901]]],[338,[50.56175,82.81934,1,[49.00043,74.37926]]],[268,[53.68067,96.47146,1,[49.00084,78.39945]]],[222,[50.05587,71.22533,1,[49.00071,74.64843]]],[239,[54.93755,100.3996,1,[49.00092,79.62844]]],[178,[55.13271,104.4894,1,[48.00063,81.59844]]],[297,[53.03517,94.99624,1,[49.00081,77.13209]]],[149,[55.52773,104.4558,1,[48.0009,80.57569]]],[269,[54.34688,98.41815,1,[49.00088,78.50606]]],[209,[55.68355,101.7406,1,[49.00087,79.93456]]],[180,[56.38313,105.2612,1,[48.0008,81.08419]]],[320,[53.71751,93.0369,1,[49.00078,77.27016]]],[240,[55.07373,100.1021,1,[49.00083,78.66171]]],[339,[51.38149,84.2657,1,[49.00063,74.45357]]],[116,[55.8251,106.0334,1,[48.00056,83.29247]]],[270,[56.12045,103.5295,1,[48.42332,80.00063]]],[241,[56.57947,104.764,1,[48.00087,80.12062]]],[321,[54.45829,95.24228,1,[49.00082,77.36056]]],[322,[55.92451,100.0416,1,[49.00087,79.08121]]],[298,[56.66583,101.8682,1,[49.00085,79.38648]]],[357,[52.56248,89.22371,1,[49.0008,75.74136]]],[148,[56.00494,105.8588,1,[48.0006,81.74283]]],[181,[57.22662,105.6208,1,[48.00088,80.12318]]],[409,[56.06442,92.75671,1,[49.00081,78.01384]]],[342,[55.29352,95.97933,1,[49.00082,77.80157]]],[372,[53.38462,89.85249,1,[49.00073,75.92505]]],[343,[57.29751,100.7087,1,[49.00084,79.4082]]],[210,[57.9122,106.5761,1,[48.00095,81.11047]]],[278,[55.19527,70.16545,1,[49.00078,76.60373]]],[341,[54.19502,90.89931,1,[49.00074,76.07368]]],[358,[56.74671,94.45527,1,[49.00072,77.9173]]],[117,[57.48934,107.4693,1,[48.00058,83.05099]]],[344,[58.01919,104.2725,1,[48.27439,80.00079]]],[151,[58.92778,108.8979,1,[48.00091,81.74255]]],[340,[52.38045,85.72954,1,[49.00072,74.51146]]],[396,[55.67132,86.79759,1,[49.00072,76.09824]]],[356,[53.21354,84.77523,1,[49.00072,74.60845]]],[360,[57.87813,100.2596,1,[49.00077,79.19432]]],[375,[58.45548,102.5207,1,[49.0008,79.05076]]],[147,[57.28555,107.3631,1,[48.00073,81.65214]]],[359,[57.4333,97.35477,1,[49.00075,77.73259]]],[299,[58.74226,107.257,1,[48.00094,80.56349]]],[249,[54.13793,67.2976,1,[49.00063,74.62895]]],[453,[58.08686,96.81768,1,[49.00078,77.67594]]],[361,[59.20259,105.5961,1,[49.00086,79.81518]]],[119,[58.79324,109.5103,1,[48.0007,82.9971]]],[424,[56.55906,93.10624,1,[49.00079,76.55961]]],[323,[59.71533,107.8159,1,[48.00097,81.2205]]],[373,[57.08836,93.09122,1,[49.00066,76.18028]]],[438,[58.88492,98.22325,1,[49.00072,78.24648]]],[345,[59.38688,107.1394,1,[48.00097,80.03256]]],[371,[54.80418,85.54845,1,[49.00042,74.4177]]],[368,[55.96198,80.32288,1,[49.00032,75.07596]]],[422,[57.76332,91.64655,1,[49.00074,76.21299]]],[454,[60.33852,105.7211,1,[48.00092,80.18112]]],[150,[59.99953,109.4523,1,[48.00098,82.43131]]],[439,[59.68774,103.237,1,[49.00098,79.0671]]],[469,[60.51117,105.1392,1,[49.00092,79.48831]]],[374,[61.38607,109.4375,1,[48.86635,80.0007]]],[421,[59.21517,94.90591,1,[49.00084,77.52705]]],[468,[60.17827,101.2668,1,[49.00091,78.28716]]],[376,[60.64524,110.7258,1,[48.00091,81.36478]]],[423,[56.35748,87.60829,1,[49.00068,74.52407]]],[437,[61.01041,101.0817,1,[49.00074,78.61399]]],[484,[61.61602,107.1081,1,[48.00084,80.01571]]],[393,[59.05196,87.76319,1,[49.0008,76.14962]]],[407,[58.33497,88.23534,1,[49.00068,76.09842]]],[406,[59.95634,92.43353,1,[49.00064,77.04938]]],[381,[60.79856,87.30732,1,[49.00081,77.33441]]],[152,[61.3419,113.095,1,[48.00035,82.93494]]],[335,[57.10609,77.20579,1,[49.00075,74.74694]]],[385,[57.79751,84.53337,1,[49.00037,74.42004]]],[272,[62.52305,112.9105,1,[48.00082,81.34193]]],[277,[59.78497,66.86943,1,[49.00062,75.7293]]],[394,[61.9514,95.59281,1,[49.00079,79.33194]]],[362,[61.34344,111.8897,1,[48.0008,80.93269]]],[365,[58.57583,77.53789,1,[49.00055,74.44193]]],[499,[62.51385,109.7484,1,[48.08589,80.00038]]],[382,[61.7692,89.9233,1,[49.0008,78.0548]]],[370,[61.81303,89.74169,1,[49.0007,77.00624]]],[122,[63.20839,113.6017,1,[48.00059,82.79176]]],[280,[60.77534,75.2785,1,[49.00072,76.20199]]],[395,[62.80419,99.15346,1,[49.00089,79.1607]]],[408,[60.88194,86.01514,1,[49.00054,75.13157]]],[309,[62.93489,84.15631,1,[49.00077,78.15606]]],[242,[63.26528,116.5266,1,[48.00096,80.73175]]],[212,[63.97749,118.5982,1,[49.00087,79.78008]]],[282,[59.47033,70.08389,1,[49.00059,74.27274]]],[279,[62.0453,71.89298,1,[49.00066,76.18198]]],[250,[63.17641,71.00941,1,[49.00085,77.17106]]],[271,[65.23252,111.8888,1,[48.00085,82.45005]]],[354,[63.87587,90.1114,1,[49.00091,78.43484]]],[251,[63.76339,73.74492,1,[49.00074,76.74411]]],[334,[62.46969,74.89859,1,[49.00063,75.06248]]],[355,[65.11404,98.26215,1,[48.72379,80.001]]],[369,[65.03239,93.48758,1,[49.00061,78.54914]]],[220,[61.46438,69.43806,1,[49.00074,74.68114]]],[221,[63.27868,70.15376,1,[49.0007,75.02259]]],[21,[66.38915,111.0332,1,[48.00079,80.94644]]],[383,[64.9062,87.60979,1,[49.00093,77.14135]]],[281,[64.86406,73.6246,1,[49.0008,75.73616]]]
2:[97,[47.36548,94.60701,2,[31.15194,95.001]]],[96,[47.15778,94.23118,2,[29.89885,94.001]]],[71,[48.12405,95.8968,2,[31.83334,95.001]]],[70,[48.46486,96.65714,2,[30.6611,95.001]]],[95,[47.50104,94.9062,2,[28.57527,94.00098]]],[72,[48.88099,97.07619,2,[32.08341,95.00089]]],[69,[47.99859,95.87937,2,[29.55816,94.00098]]],[46,[49.02081,97.64961,2,[30.90192,95.00099]]],[68,[48.34641,96.59735,2,[28.55833,94.00098]]],[45,[48.97489,97.67242,2,[29.99969,94.28446]]],[47,[49.74021,99.19543,2,[31.58039,95.001]]],[25,[50.09154,99.90898,2,[30.38455,95.00095]]],[44,[49.13932,97.95882,2,[29.07373,94.00099]]],[67,[48.92317,97.4491,2,[28.01464,94.00099]]],[49,[50.97281,101.2378,2,[31.7564,95.00098]]],[48,[50.73934,100.6676,2,[30.64928,95.001]]],[24,[49.99821,99.6837,2,[29.37598,94.00098]]],[43,[49.68359,98.86913,2,[28.27976,94.00098]]],[26,[50.78663,101.1497,2,[29.52404,94.00098]]],[27,[51.52654,102.1533,2,[30.92688,95.00095]]],[23,[50.45883,100.6553,2,[28.38105,94.00099]]],[50,[52.17579,103.2439,2,[30.61589,95.00099]]],[8,[51.2455,101.9362,2,[28.48189,94.001]]],[9,[51.65493,102.7688,2,[29.49949,94.00098]]],[76,[52.27679,102.7772,2,[31.86645,95.001]]],[28,[52.84705,104.0735,2,[30.0042,95.001]]],[7,[52.06614,102.3896,2,[28.39077,94.001]]],[77,[53.49943,104.5942,2,[32.0635,95.001]]],[29,[52.96595,103.9655,2,[29.60136,94.00098]]],[51,[53.4377,104.6877,2,[30.82783,95.001]]],[10,[52.70076,104.1936,2,[28.4867,94.00098]]],[106,[54.4138,106.2003,2,[31.88987,95.001]]],[12,[53.68584,105.6291,2,[29.67188,94.00098]]],[30,[54.292,106.2154,2,[30.69594,95.001]]],[11,[53.45387,105.3879,2,[28.45522,94.00098]]],[52,[55.09807,107.4703,2,[30.45998,95.001]]],[78,[55.2981,106.9222,2,[31.70243,95.001]]],[1,[54.22289,105.9902,2,[28.84738,94.00099]]],[13,[54.85403,107.948,2,[29.44706,94.00098]]],[170,[56.06635,110.2869,2,[32.10505,95.001]]],[2,[54.89757,106.5645,2,[28.18178,94.00098]]],[138,[56.05731,108.8825,2,[30.82178,95.00099]]],[107,[55.65242,108.5126,2,[29.79958,94.00096]]],[139,[56.75145,110.5562,2,[31.67712,95.001]]],[108,[56.80059,111.2545,2,[30.4623,95.001]]],[53,[55.79256,109.0804,2,[28.59285,94.00097]]],[79,[56.40152,110.0045,2,[29.29607,94.00098]]],[141,[57.4681,113.154,2,[31.91919,95.00099]]],[54,[57.72191,110.859,2,[30.67478,95.00099]]],[31,[56.38216,109.694,2,[28.08726,94.00098]]],[14,[56.93346,110.3881,2,[29.79039,94.00099]]],[142,[58.25935,114.0283,2,[31.52449,95.00099]]],[32,[57.58378,110.4028,2,[29.24937,94.00098]]],[140,[58.39382,113.2422,2,[30.33527,95.00098]]],[0,[57.07425,105.2624,2,[28.39606,94.00099]]],[143,[58.76062,113.9357,2,[32.24839,95.00095]]],[109,[58.28228,113.1289,2,[29.2914,94.001]]],[112,[59.12228,114.9865,2,[31.04575,95.00099]]],[3,[58.00201,108.9941,2,[28.12073,94.001]]],[111,[58.87477,114.6575,2,[29.9997,94.28986]]],[114,[59.88834,115.8442,2,[31.87485,95.00095]]],[15,[58.70839,112.3633,2,[28.16202,94.00098]]],[113,[59.87157,116.2899,2,[30.69108,95.00097]]],[110,[59.14925,115.299,2,[29.02764,94.001]]],[115,[60.66113,117.5218,2,[31.84257,95.001]]],[83,[59.69531,116.3331,2,[29.78052,94.00096]]],[80,[59.63293,114.1187,2,[28.09211,94.001]]],[85,[60.75013,118.0692,2,[30.65732,95.001]]],[84,[60.52023,117.918,2,[29.59704,94.00098]]],[87,[61.49548,119.0553,2,[31.82092,95.00099]]],[55,[60.19343,113.9256,2,[28.58434,94.00098]]],[86,[61.58977,119.9123,2,[30.58711,95.00099]]],[57,[61.27341,119.1549,2,[29.3923,94.001]]],[4,[60.94242,109.4934,2,[28.25294,94.00098]]],[118,[62.45142,120.358,2,[32.054,95.001]]],[89,[62.37738,121.8983,2,[30.84316,95.001]]],[60,[61.85838,120.6019,2,[29.75313,94.00097]]],[82,[61.74739,118.5494,2,[28.25607,94.00099]]],[120,[63.34184,122.4362,2,[31.72469,95.001]]],[90,[63.25802,122.8422,2,[30.53063,95.001]]],[33,[62.32169,114.3601,2,[28.67459,94.00095]]],[62,[62.7725,122.2944,2,[29.41603,94.00098]]],[121,[63.98624,122.89,2,[32.02768,95.0009]]],[63,[64.20983,124.1507,2,[30.35924,95.00099]]],[88,[62.97839,122.3289,2,[28.19872,94.00099]]],[59,[63.68004,121.747,2,[29.20182,94.00098]]],[92,[64.91505,123.9204,2,[32.09408,95.00091]]],[91,[64.68619,123.7368,2,[30.98553,95.00095]]],[58,[63.63577,121.5011,2,[28.07944,94.00098]]],[61,[64.28435,122.3493,2,[29.6308,94.00099]]],[39,[65.51994,122.8418,2,[31.60114,95.00098]]],[36,[65.41237,121.5425,2,[30.26872,95.00099]]],[37,[64.41394,123.4829,2,[28.29807,94.00098]]],[35,[64.93649,120.6264,2,[28.91339,94.00095]]],[65,[66.18047,125.0047,2,[31.07316,95.00098]]],[64,[65.55714,124.1413,2,[29.67908,94.00099]]],[5,[65.50078,112.0526,2,[28.22818,94.00099]]],[182,[66.76785,125.5575,2,[32.02456,95.00098]]],[18,[66.26061,121.6089,2,[29.81729,94.00098]]],[40,[67.0244,124.0577,2,[30.69177,95.00098]]],[38,[66.17728,123.0706,2,[28.53597,94.00098]]],[93,[67.65791,126.9054,2,[30.02805,95.001]]],[324,[67.84982,126.2023,2,[31.06838,95.001]]],[56,[66.86996,119.967,2,[29.05902,94.00098]]],[211,[68.03834,123.5582,2,[32.11724,95.00099]]],[41,[67.64384,125.5022,2,[29.21529,94.00098]]],[81,[67.27608,116.6235,2,[28.163,94.00099]]],[22,[68.62244,125.8511,2,[30.88579,95.00099]]],[20,[67.9228,124.8159,2,[28.08659,94.00098]]],[42,[68.87405,125.6098,2,[32.02861,95.00098]]],[17,[68.04734,121.0523,2,[29.87753,94.00097]]],[6,[68.59672,111.7442,2,[28.36179,94.00098]]],[19,[69.73381,123.7014,2,[31.41737,95.00099]]],[16,[69.53357,120.6408,2,[30.15366,95.00098]]],[34,[69.24957,119.6483,2,[28.98689,94.00097]]],[183,[72.4828,144.5404,3,[29.45582,94.00098]]],[213,[73.47848,145.6586,3,[30.21507,95.001]]],[184,[74.00445,146.7451,3,[30.99662,95.00094]]],[66,[73.16319,145.6615,3,[28.77448,94.001]]],[153,[73.77648,146.685,3,[29.48633,94.00098]]],[273,[74.91264,147.3962,3,[31.31031,95.00098]]],[154,[74.57825,148.7215,3,[29.99978,94.2449]]],[123,[74.54351,148.5559,3,[28.67176,94.00098]]],[301,[75.81503,148.535,3,[31.21825,95.001]]],[244,[75.15734,148.2247,3,[29.94234,94.001]]],[124,[75.33402,150.0184,3,[28.57241,94.00099]]],[243,[76.76162,149.7441,3,[32.07465,95.00099]]],[302,[75.8807,150.3548,3,[29.93593,94.001]]],[94,[76.16441,151.5648,3,[28.59615,94.001]]],[326,[76.82028,152.022,3,[30.82277,95.001]]],[214,[76.65501,151.8763,3,[29.63116,94.001]]],[274,[77.17948,152.9123,3,[28.579,94.001]]],[346,[78.31798,153.572,3,[30.96398,95.00095]]],[325,[77.55404,151.659,3,[29.66288,94.00098]]],[300,[79.57552,153.0309,3,[29.87043,94.001]]]
4:[183,[32.86426,65.51173,3,[58.99903,24.1587]]],[213,[33.66497,66.45308,3,[58.99909,24.75185]]],[184,[33.77305,67.17079,3,[58.99907,23.54824]]],[66,[32.47124,64.78033,3,[58.67224,23.00018]]],[153,[33.39407,66.4957,3,[58.46754,23.0003]]],[273,[34.91945,68.50053,3,[58.99912,24.79865]]],[154,[34.58641,68.87633,3,[57.99911,22.87282]]],[123,[33.5089,66.76855,3,[57.99904,21.62383]]],[301,[35.69635,69.43713,3,[58.99905,24.477]]],[244,[34.56365,68.35185,3,[58.99908,23.42303]]],[124,[34.34861,68.47462,3,[57.99911,21.58651]]],[243,[36.6839,70.67786,3,[58.99907,24.12958]]],[302,[35.20773,69.83421,3,[58.99903,23.11464]]],[94,[34.55017,68.79179,3,[56.99912,20.77335]]],[326,[36.09919,71.06683,3,[58.99903,23.02904]]],[214,[35.25439,70.009,3,[57.99903,22.01701]]],[274,[36.10598,71.36214,3,[57.99904,21.98582]]],[346,[38.25799,73.87659,3,[58.08463,23.00052]]],[325,[37.37555,71.71136,3,[58.99908,23.63073]]],[300,[39.46993,73.27788,3,[58.99902,23.20345]]]

Travel Distances:
[515,73.67739],[528,75.37247],[500,74.38506],[501,77.07987],[516,76.28132],[486,76.7852],[485,75.71918],[487,78.82726],[502,78.04474],[471,78.08836],[472,80.18855],[539,77.96678],[470,77.42762],[503,79.26078],[473,80.56044],[456,79.75537],[457,79.33716],[488,81.66927],[458,81.85134],[455,78.58643],[474,81.30341],[459,82.34186],[442,81.61201],[518,81.40005],[460,82.97129],[443,82.84088],[517,79.76609],[475,83.81619],[490,81.62022],[444,84.62882],[445,84.69474],[529,79.05058],[441,79.5104],[245,92.85002],[476,85.7808],[540,81.21021],[427,82.33469],[215,93.04618],[428,82.83137],[246,94.61246],[414,85.40749],[216,95.24385],[275,93.05809],[440,80.46642],[429,86.21071],[185,96.41504],[217,96.4116],[461,85.29117],[430,84.89745],[187,96.45653],[446,86.89912],[186,97.9165],[247,95.87101],[399,87.43221],[97,99.82697],[519,84.25847],[155,97.75327],[156,98.94115],[447,88.94786],[157,98.92435],[96,101.8551],[411,86.7071],[71,101.5385],[127,100.6199],[126,100.1193],[158,100.3761],[70,101.6924],[188,99.78264],[415,88.49541],[412,83.76866],[95,101.8327],[129,100.2131],[72,101.1266],[69,103.5157],[125,101.0554],[159,100.9287],[218,99.0954],[504,85.32719],[46,103.0811],[398,87.12062],[99,102.7093],[386,88.55773],[68,103.8495],[45,103.5437],[160,101.6519],[128,100.5382],[47,103.4548],[413,86.02444],[131,103.4737],[387,90.73101],[400,90.13346],[25,105.4422],[44,105.1535],[190,102.08],[350,88.82948],[67,105.4205],[98,102.2982],[130,103.3734],[100,103.5668],[388,88.18777],[349,86.5626],[49,107.0647],[48,106.8641],[24,107.4703],[161,104.2334],[530,86.79411],[101,104.6671],[43,107.3003],[162,104.1708],[401,90.84373],[132,104.6208],[26,107.3289],[27,106.743],[425,82.20476],[191,102.1579],[23,107.5756],[102,105.1684],[329,88.27629],[163,106.1298],[389,91.9371],[133,106.6035],[50,108.7956],[330,88.38914],[192,103.7682],[73,106.2769],[8,109.2498],[9,109.2532],[378,92.29523],[164,107.1479],[76,106.936],[103,107.4474],[462,89.51266],[332,90.05875],[28,110.0956],[74,108.7777],[193,106.2266],[7,110.1135],[194,106.9902],[165,108.9923],[77,109.2124],[134,108.1262],[351,89.94229],[426,83.5515],[29,111.8666],[51,110.9123],[195,109.2983],[224,107.8741],[75,109.579],[352,92.02678],[196,111.2462],[10,112.5426],[106,111.0416],[135,110.7843],[418,92.97433],[223,105.5525],[225,108.2666],[12,112.0546],[30,110.9324],[104,110.2664],[327,88.89293],[477,88.33035],[431,94.19809],[11,114.1945],[256,110.0235],[226,111.1882],[255,108.1917],[433,92.47794],[52,113.106],[78,112.0438],[333,92.8221],[1,113.2727],[166,110.7902],[403,92.48631],[227,111.6298],[197,111.9014],[505,88.35593],[284,107.1834],[13,115.6497],[170,115.8523],[307,91.79689],[417,92.63972],[2,114.4704],[138,114.2711],[198,113.7942],[136,112.7787],[257,111.4378],[285,110.5352],[107,114.8764],[253,105.3122],[139,114.7956],[390,92.64117],[347,86.99084],[228,114.7563],[286,112.3088],[108,117.2934],[105,113.9845],[53,117.3671],[258,112.9667],[311,109.7647],[377,92.73619],[79,117.0899],[141,117.8579],[506,88.51353],[229,114.4832],[491,91.14324],[312,109.7618],[259,112.7341],[54,115.3379],[168,115.7093],[254,107.9778],[466,97.1602],[31,118.6756],[14,118.1927],[142,119.268],[304,92.92821],[230,117.0461],[308,104.9993],[260,116.0173],[489,89.27784],[310,107.4393],[32,116.9891],[140,118.1035],[353,91.85863],[0,112.7127],[167,113.8187],[397,86.06464],[143,117.8733],[199,117.3959],[288,116.3179],[231,118.8732],[449,94.03286],[248,99.92886],[109,120.3794],[112,120.1954],[3,116.9134],[137,115.5362],[261,117.2447],[328,89.51196],[432,94.47003],[201,119.045],[111,120.4041],[276,98.23371],[114,119.8283],[290,118.9612],[331,93.43468],[15,120.8603],[287,113.1699],[434,94.71934],[200,118.9548],[532,90.21429],[113,121.9231],[110,122.6667],[262,119.2776],[283,107.5282],[291,118.5693],[202,120.4576],[115,121.9162],[305,89.10418],[83,122.4016],[289,119.0427],[80,122.8028],[263,120.7683],[531,89.74046],[169,119.5453],[233,121.3446],[85,123.9205],[419,95.6195],[391,96.45659],[463,94.73354],[84,124.56],[87,123.6299],[232,120.412],[336,116.174],[55,121.2514],[234,121.31],[315,118.3939],[86,126.1172],[252,107.802],[203,122.6569],[173,123.4012],[264,121.8236],[219,101.9839],[57,126.3026],[416,94.59785],[4,117.3843],[118,125.1704],[171,120.9817],[435,93.64838],[379,96.23978],[204,123.5469],[205,122.5516],[89,126.674],[175,123.3527],[363,93.22887],[366,114.6498],[60,128.197],[235,124.6656],[82,126.936],[172,123.1169],[265,122.4228],[236,123.728],[120,127.5791],[402,95.73794],[176,124.6205],[90,128.1353],[410,87.33882],[33,121.5514],[316,119.9369],[451,97.3156],[293,120.3193],[266,122.0282],[292,121.3544],[174,122],[206,125.3675],[62,130.0096],[121,128.5965],[483,96.9231],[146,125.4722],[337,117.5601],[63,129.5939],[88,130.1315],[314,118.4567],[405,95.23623],[294,122.4971],[313,112.112],[237,122.787],[497,96.3988],[59,128.2027],[92,127.9529],[144,124.667],[207,125.1518],[507,94.91714],[91,129.8042],[267,123.2698],[367,115.1134],[318,121.9637],[317,123.1736],[58,129.9155],[238,125.3067],[61,129.4644],[464,97.21681],[498,98.22361],[39,127.5139],[177,126.4157],[145,125.0972],[392,98.67206],[36,126.37],[319,120.2649],[189,103.8198],[295,120.973],[384,117.7836],[37,132.4191],[35,128.4472],[208,128.4133],[526,96.43436],[65,130.3826],[179,128.2181],[296,123.5111],[338,118.6695],[448,98.79667],[64,130.6563],[268,125.0748],[543,89.93264],[222,108.3924],[239,126.2906],[482,98.30027],[5,118.9515],[178,126.4576],[182,129.4908],[297,127.827],[149,129.9385],[269,128.1016],[303,91.74101],[545,93.74417],[18,128.9181],[209,128.3466],[40,129.5488],[380,93.04975],[478,96.86604],[404,98.90629],[180,128.9244],[320,124.7803],[240,128.5157],[339,120.3739],[116,126.1486],[38,130.4323],[270,128.8539],[93,133.4855],[324,132.1937],[512,98.55882],[56,128.0928],[450,98.6803],[241,130.284],[321,127.446],[495,97.1845],[322,128.4538],[527,97.83688],[298,128.4091],[357,124.843],[211,128.0525],[41,132.0972],[436,95.06258],[81,123.9187],[148,127.6883],[181,130.1876],[22,130.3258],[409,121.1812],[342,127.7408],[372,125.5225],[538,96.8679],[343,128.0499],[20,132.687],[550,91.20062],[42,130.6718],[17,127.8005],[210,130.1446],[452,96.35849],[278,102.2784],[341,124.961],[358,123.4954],[117,127.9872],[344,129.1618],[552,91.08278],[6,120.0594],[19,129.4324],[16,126.8584],[151,132.9575],[340,124.6001],[396,119.9286],[480,97.61615],[356,122.0216],[360,128.0152],[348,89.07435],[375,129.4273],[147,129.766],[34,126.1063],[554,97.33037],[359,127.1556],[299,131.5211],[551,91.24512],[249,102.861],[453,127.3899],[361,132.501],[535,92.94114],[119,130.593],[424,126.7946],[323,131.358],[373,125.7098],[494,98.14472],[438,127.2039],[533,92.05575],[345,132.5489],[542,90.61645],[371,124.0974],[537,100.4067],[368,117.271],[422,125.1989],[454,131.6801],[150,131.7553],[439,131.5273],[469,132.0517],[549,93.33543],[544,95.37515],[374,134.0433],[421,125.2426],[306,92.17283],[465,99.24797],[468,129.7875],[376,134.9289],[423,124.8511],[437,129.4324],[484,132.7487],[536,97.62032],[393,120.4417],[420,97.25618],[183,151.5263],[407,121.7576],[406,123.1431],[381,116.1042],[496,100.4892],[213,150.5953],[152,133.7782],[335,113.4077],[364,94.32246],[385,120.7009],[272,137.0305],[277,100.0285],[184,152.24],[492,98.34963],[513,99.13286],[66,153.1595],[394,122.283],[548,92.21127],[525,101.8493],[362,135.0582],[365,112.3281],[153,152.9726],[499,134.6774],[479,98.67467],[553,96.12186],[382,117.9434],[273,153.28],[481,100.875],[370,120.0526],[546,96.51506],[122,135.322],[280,108.1999],[154,155.2489],[395,125.3399],[408,118.9691],[467,96.22565],[511,100.1183],[309,111.7241],[123,155.341],[520,95.15138],[242,139.8742],[212,142.6285],[301,152.6577],[244,155.5302],[524,100.1168],[282,107.0163],[279,103.7211],[514,99.83421],[250,100.5768],[271,133.5],[523,99.55642],[124,157.0928],[354,116.3233],[243,153.931],[302,156.1416],[541,94.45002],[547,98.16225],[251,104.3],[509,100.2431],[334,108.4897],[508,98.02515],[355,122.4953],[369,120.2217],[94,158.948],[521,96.60529],[220,103.9527],[221,101.436],[326,156.862],[214,158.0462],[534,98.63713],[510,101.6311],[21,136.3683],[274,160.4932],[383,116.5585],[522,101.0839],[493,100.0258],[346,158.3929],[325,158.1144],[281,102.4722],[300,159.6337]

Finish Times:
[515,38.80051],[528,39.48052],[500,39.92053],[501,40.12054],[516,40.60055],[486,40.72055],[485,40.92056],[487,41.40057],[502,41.40057],[471,41.84058],[472,42.20058],[539,42.32059],[470,42.7206],[503,42.8406],[473,43.0406],[456,43.52061],[457,43.56062],[488,44.00063],[458,44.28063],[455,44.32063],[474,44.72064],[459,44.96065],[442,45.40066],[518,45.40066],[460,45.80067],[443,46.20068],[517,46.24068],[475,46.52068],[490,46.92069],[444,47.0407],[445,47.2807],[529,47.76071],[441,47.88071],[245,48.00072],[476,48.04072],[540,48.60073],[427,48.68073],[215,48.80074],[428,48.80074],[246,49.20074],[414,49.36075],[216,49.64075],[275,49.76076],[440,49.80076],[429,50.16077],[185,50.28077],[217,50.28077],[461,50.52077],[430,50.76078],[187,50.80078],[446,50.88078],[186,51.00079],[247,51.12079],[399,51.12079],[97,51.36079],[519,51.5208],[155,51.5608],[156,51.6008],[447,51.6808],[157,51.8008],[96,51.96081],[411,52.00081],[71,52.04081],[127,52.16081],[126,52.28082],[158,52.40082],[70,52.56082],[188,52.56082],[415,52.64082],[412,52.68082],[95,52.76083],[129,52.80083],[72,52.84083],[69,53.04083],[125,53.04083],[159,53.04083],[218,53.24084],[504,53.28084],[46,53.32084],[398,53.40084],[99,53.48084],[386,53.48084],[68,53.64085],[45,53.72085],[160,53.72085],[128,53.76085],[47,53.80085],[413,54.00085],[131,54.12086],[387,54.12086],[400,54.24086],[25,54.32086],[44,54.32086],[190,54.36086],[350,54.36086],[67,54.40086],[98,54.44086],[130,54.56087],[100,54.76087],[388,54.84087],[349,54.92088],[49,54.96088],[48,55.00088],[24,55.04088],[161,55.08088],[530,55.12088],[101,55.16088],[43,55.24088],[162,55.24088],[401,55.28088],[132,55.44089],[26,55.72089],[27,55.72089],[425,55.72089],[191,55.76089],[23,55.8009],[102,55.8409],[329,55.8409],[163,56.0409],[389,56.0409],[133,56.1209],[50,56.28091],[330,56.32091],[192,56.52091],[73,56.56091],[8,56.64091],[9,56.64091],[378,56.68092],[164,56.72092],[76,56.84092],[103,56.84092],[462,56.92092],[332,57.08092],[28,57.20093],[74,57.28093],[193,57.28093],[7,57.32093],[194,57.36093],[165,57.44093],[77,57.56094],[134,57.60094],[351,57.72094],[426,57.80094],[29,57.96095],[51,57.96095],[195,58.00095],[224,58.00095],[75,58.04095],[352,58.08095],[196,58.12095],[10,58.24095],[106,58.44096],[135,58.44096],[418,58.56096],[223,58.60096],[225,58.60096],[12,58.68096],[30,58.72096],[104,58.80096],[327,58.84097],[477,58.92097],[431,58.96097],[11,59.00097],[256,59.08097],[226,59.12097],[255,59.24097],[433,59.32098],[52,59.36098],[78,59.36098],[333,59.36098],[1,59.52098],[166,59.68098],[403,59.68098],[227,59.76099],[197,59.80099],[505,59.84099],[284,59.88099],[13,60.00099],[170,60.04099],[307,60.201],[417,60.321],[2,60.361],[138,60.361],[198,60.401],[136,60.441],[257,60.481],[285,60.481],[107,60.72101],[253,60.72101],[139,60.76101],[390,60.80101],[347,60.84101],[228,61.00101],[286,61.04102],[108,61.08102],[105,61.16102],[53,61.20102],[258,61.28102],[311,61.28102],[377,61.36102],[79,61.40102],[141,61.52103],[506,61.52103],[229,61.60103],[491,61.60103],[312,61.72103],[259,61.84103],[54,61.88103],[168,61.96104],[254,61.96104],[466,61.96104],[31,62.00104],[14,62.08104],[142,62.28104],[304,62.28104],[230,62.32104],[308,62.36105],[260,62.48105],[489,62.52105],[310,62.60105],[32,62.72105],[140,62.72105],[353,62.72105],[0,62.76105],[167,62.76105],[397,62.88106],[143,62.92106],[199,63.04106],[288,63.04106],[231,63.08106],[449,63.24107],[248,63.28107],[109,63.32107],[112,63.40107],[3,63.44107],[137,63.56107],[261,63.56107],[328,63.56107],[432,63.60107],[201,63.72108],[111,63.76108],[276,63.76108],[114,63.88108],[290,63.96108],[331,64.08109],[15,64.16109],[287,64.20109],[434,64.20109],[200,64.24109],[532,64.24109],[113,64.28109],[110,64.32109],[262,64.48109],[283,64.5211],[291,64.5611],[202,64.6411],[115,64.6811],[305,64.6811],[83,64.8411],[289,65.00111],[80,65.04111],[263,65.08111],[531,65.08111],[169,65.12111],[233,65.12111],[85,65.16111],[419,65.16111],[391,65.28111],[463,65.52112],[84,65.56112],[87,65.56112],[232,65.60112],[336,65.60112],[55,65.68112],[234,65.68112],[315,65.76112],[86,65.96113],[252,65.96113],[203,66.04113],[173,66.16113],[264,66.24113],[219,66.28114],[57,66.32114],[416,66.36114],[4,66.44114],[118,66.44114],[171,66.44114],[435,66.52114],[379,66.56114],[204,66.60114],[205,66.64114],[89,66.68114],[175,66.76115],[363,66.84115],[366,66.92115],[60,67.04115],[235,67.08115],[82,67.20116],[172,67.20116],[265,67.20116],[236,67.24116],[120,67.28116],[402,67.32116],[176,67.44116],[90,67.48116],[410,67.52116],[33,67.64117],[316,67.64117],[451,67.64117],[293,67.76117],[266,67.80117],[292,67.80117],[174,67.92117],[206,67.96117],[62,68.00117],[121,68.04118],[483,68.16118],[146,68.36118],[337,68.36118],[63,68.40118],[88,68.40118],[314,68.40118],[405,68.40118],[294,68.44118],[313,68.48119],[237,68.52119],[497,68.56119],[59,68.72119],[92,68.84119],[144,68.9212],[207,69.0012],[507,69.0012],[91,69.0412],[267,69.0812],[367,69.0812],[318,69.1212],[317,69.1612],[58,69.2012],[238,69.32121],[61,69.36121],[464,69.36121],[498,69.44121],[39,69.52121],[177,69.64121],[145,69.68121],[392,69.68121],[36,69.72121],[319,69.72121],[189,69.84122],[295,69.84122],[384,69.84122],[37,69.96122],[35,70.08122],[208,70.08122],[526,70.08122],[65,70.24123],[179,70.24123],[296,70.36123],[338,70.48123],[448,70.48123],[64,70.56123],[268,70.56123],[543,70.56123],[222,70.60123],[239,70.68124],[482,70.68124],[5,70.80124],[178,70.92124],[182,70.92124],[297,71.04124],[149,71.12125],[269,71.16125],[303,71.16125],[545,71.24125],[18,71.28125],[209,71.28125],[40,71.32125],[380,71.32125],[478,71.32125],[404,71.56126],[180,71.64126],[320,71.68126],[240,71.72126],[339,71.76126],[116,71.80126],[38,71.84126],[270,71.88126],[93,71.96127],[324,72.00127],[512,72.00127],[56,72.08127],[450,72.08127],[241,72.20127],[321,72.28127],[495,72.28127],[322,72.32127],[527,72.36127],[298,72.44128],[357,72.48128],[211,72.60128],[41,72.64128],[436,72.64128],[81,72.80128],[148,72.80128],[181,72.84129],[22,72.88129],[409,72.92129],[342,73.04129],[372,73.08129],[538,73.12129],[343,73.16129],[20,73.3213],[550,73.3213],[42,73.4013],[17,73.4413],[210,73.4413],[452,73.5213],[278,73.6013],[341,73.6413],[358,73.6413],[117,73.76131],[344,73.80131],[552,73.84131],[6,74.04131],[19,74.04131],[16,74.12132],[151,74.12132],[340,74.16132],[396,74.20132],[480,74.20132],[356,74.24132],[360,74.24132],[348,74.48132],[375,74.48132],[147,74.60133],[34,74.76133],[554,74.76133],[359,74.80133],[299,74.84133],[551,74.88133],[249,74.92133],[453,74.96133],[361,75.12134],[535,75.28134],[119,75.40134],[424,75.40134],[323,75.48135],[373,75.48135],[494,75.56135],[438,75.60135],[533,75.60135],[345,75.76135],[542,75.92136],[371,75.96136],[537,76.04136],[368,76.12136],[422,76.12136],[454,76.12136],[150,76.16136],[439,76.20136],[469,76.36137],[549,76.56137],[544,76.64137],[374,76.68137],[421,76.68137],[306,76.80138],[465,76.80138],[468,76.80138],[376,76.96138],[423,76.96138],[437,77.00138],[484,77.28139],[536,77.32139],[393,77.36139],[420,77.40139],[183,77.48139],[407,77.48139],[406,77.60139],[381,77.6414],[496,77.6414],[213,77.6814],[152,77.7614],[335,77.8414],[364,77.8814],[385,77.9614],[272,78.12141],[277,78.16141],[184,78.20141],[492,78.24141],[513,78.24141],[66,78.32141],[394,78.32141],[548,78.40141],[525,78.52142],[362,78.56142],[365,78.60142],[153,78.64142],[499,78.72142],[479,78.84142],[553,78.84142],[382,78.88142],[273,79.00143],[481,79.00143],[370,79.04143],[546,79.12143],[122,79.20143],[280,79.28143],[154,79.36143],[395,79.36143],[408,79.60144],[467,79.60144],[511,79.60144],[309,79.68144],[123,79.76144],[520,79.76144],[242,79.88145],[212,79.92145],[301,79.92145],[244,80.12145],[524,80.16145],[282,80.20145],[279,80.28146],[514,80.28146],[250,80.32146],[271,80.52146],[523,80.52146],[124,80.64146],[354,80.64146],[243,80.84147],[302,80.88147],[541,80.88147],[547,80.88147],[251,80.96147],[509,80.96147],[334,81.08147],[508,81.08147],[355,81.36148],[369,81.36148],[94,81.44148],[521,81.64149],[220,81.68149],[221,81.68149],[326,81.68149],[214,81.72149],[534,81.72149],[510,81.88149],[21,82.0415],[274,82.3615],[383,82.3615],[522,82.3615],[493,82.48151],[346,82.56151],[325,82.60151],[281,82.72151],[300,84.40155]

Stuck Times:
[515,0],[528,0],[500,0],[501,0],[516,0],[486,0],[485,0],[487,0],[502,0],[471,0],[472,0],[539,1],[470,0],[503,0],[473,0],[456,0],[457,0],[488,0],[458,0],[455,1],[474,0],[459,0],[442,0],[518,2],[460,0],[443,0],[517,4],[475,2],[490,1],[444,0],[445,2],[529,7],[441,4],[245,0],[476,1],[540,7],[427,1],[215,0],[428,1],[246,0],[414,0],[216,0],[275,0],[440,5],[429,1],[185,0],[217,0],[461,2],[430,2],[187,0],[446,2],[186,0],[247,1],[399,1],[97,0],[519,5],[155,0],[156,0],[447,1],[157,0],[96,0],[411,4],[71,0],[127,0],[126,0],[158,0],[70,0],[188,0],[415,4],[412,7],[95,0],[129,0],[72,0],[69,0],[125,0],[159,0],[218,2],[504,9],[46,0],[398,3],[99,0],[386,3],[68,0],[45,0],[160,0],[128,0],[47,0],[413,6],[131,0],[387,3],[400,3],[25,0],[44,0],[190,1],[350,3],[67,0],[98,0],[130,0],[100,0],[388,4],[349,6],[49,0],[48,0],[24,0],[161,0],[530,11],[101,0],[43,0],[162,0],[401,4],[132,0],[26,0],[27,0],[425,11],[191,0],[23,0],[102,0],[329,5],[163,0],[389,3],[133,0],[50,0],[330,4],[192,0],[73,0],[8,0],[9,0],[378,2],[164,0],[76,0],[103,0],[462,8],[332,4],[28,0],[74,0],[193,0],[7,1],[194,0],[165,0],[77,1],[134,0],[351,2],[426,13],[29,0],[51,0],[195,0],[224,0],[75,0],[352,3],[196,0],[10,0],[106,1],[135,0],[418,6],[223,1],[225,0],[12,0],[30,0],[104,0],[327,6],[477,13],[431,9],[11,0],[256,0],[226,0],[255,0],[433,7],[52,0],[78,0],[333,2],[1,0],[166,0],[403,6],[227,0],[197,0],[505,15],[284,0],[13,0],[170,0],[307,7],[417,7],[2,0],[138,1],[198,0],[136,1],[257,0],[285,0],[107,0],[253,2],[139,0],[390,6],[347,9],[228,0],[286,0],[108,0],[105,0],[53,0],[258,0],[311,0],[377,9],[79,0],[141,0],[506,16],[229,0],[491,12],[312,0],[259,0],[54,1],[168,0],[254,2],[466,7],[31,0],[14,1],[142,0],[304,10],[230,0],[308,1],[260,0],[489,16],[310,1],[32,1],[140,0],[353,10],[0,4],[167,1],[397,17],[143,0],[199,0],[288,0],[231,0],[449,11],[248,11],[109,0],[112,0],[3,3],[137,1],[261,0],[328,16],[432,11],[201,0],[111,0],[276,12],[114,0],[290,0],[331,9],[15,1],[287,0],[434,11],[200,0],[532,18],[113,0],[110,0],[262,0],[283,4],[291,0],[202,0],[115,0],[305,14],[83,0],[289,0],[80,1],[263,0],[531,20],[169,0],[233,0],[85,0],[419,10],[391,10],[463,16],[84,0],[87,0],[232,0],[336,0],[55,2],[234,0],[315,0],[86,0],[252,9],[203,0],[173,0],[264,0],[219,13],[57,0],[416,17],[4,7],[118,0],[171,1],[435,17],[379,14],[204,0],[205,0],[89,0],[175,0],[363,16],[366,2],[60,0],[235,0],[82,1],[172,1],[265,0],[236,0],[120,0],[402,16],[176,0],[90,0],[410,21],[33,5],[316,0],[451,16],[293,0],[266,0],[292,0],[174,0],[206,0],[62,0],[121,0],[483,17],[146,0],[337,2],[63,0],[88,0],[314,4],[405,16],[294,0],[313,4],[237,0],[497,21],[59,2],[92,1],[144,0],[207,0],[507,21],[91,1],[267,0],[367,7],[318,0],[317,0],[58,2],[238,0],[61,1],[464,18],[498,20],[39,2],[177,0],[145,0],[392,14],[36,4],[319,0],[189,16],[295,0],[384,1],[37,1],[35,5],[208,0],[526,21],[65,3],[179,0],[296,0],[338,3],[448,20],[64,2],[268,0],[543,25],[222,14],[239,0],[482,20],[5,11],[178,1],[182,1],[297,0],[149,0],[269,0],[303,27],[545,23],[18,4],[209,0],[40,4],[380,23],[478,23],[404,21],[180,0],[320,0],[240,0],[339,2],[116,3],[38,5],[270,0],[93,0],[324,0],[512,22],[56,6],[450,17],[241,0],[321,0],[495,22],[322,0],[527,21],[298,0],[357,0],[211,2],[41,4],[436,22],[81,10],[148,2],[181,0],[22,4],[409,1],[342,0],[372,0],[538,24],[343,0],[20,5],[550,24],[42,3],[17,8],[210,0],[452,23],[278,20],[341,0],[358,0],[117,3],[344,0],[552,28],[6,14],[19,8],[16,11],[151,0],[340,2],[396,7],[480,26],[356,3],[360,0],[348,25],[375,0],[147,1],[34,10],[554,27],[359,0],[299,0],[551,28],[249,22],[453,2],[361,0],[535,31],[119,3],[424,0],[323,2],[373,0],[494,26],[438,3],[533,31],[345,2],[542,32],[371,4],[537,27],[368,13],[422,5],[454,2],[150,2],[439,3],[469,2],[549,30],[544,27],[374,1],[421,4],[306,30],[465,29],[468,4],[376,0],[423,4],[437,7],[484,2],[536,33],[393,10],[420,25],[183,0],[407,8],[406,7],[381,14],[496,28],[213,0],[152,2],[335,16],[364,30],[385,11],[272,3],[277,26],[184,0],[492,29],[513,26],[66,0],[394,11],[548,36],[525,28],[362,4],[365,16],[153,0],[499,3],[479,26],[553,29],[382,14],[273,0],[481,32],[370,13],[546,32],[122,6],[280,18],[154,0],[395,9],[408,13],[467,31],[511,31],[309,17],[123,0],[520,31],[242,1],[212,4],[301,0],[244,0],[524,33],[282,26],[279,25],[514,28],[250,26],[271,7],[523,31],[124,0],[354,17],[243,0],[302,0],[541,34],[547,32],[251,28],[509,30],[334,20],[508,30],[355,13],[369,17],[94,0],[521,31],[220,27],[221,27],[326,0],[214,0],[534,37],[510,32],[21,10],[274,0],[383,21],[522,32],[493,30],[346,0],[325,0],[281,29],[300,1]

